CC	CT  kmer_occurrence    short_read_kmer_count  raw_input_kmer_count  adjusted_input_kmer_count
CC	FR  fpr_lower_bound    fpr_upper_bound
CC	ER  total_input_kmers  adjusted_error_kmers
CC	CV  coverage
CC	QV  raw_quality_value  adjusted_quality_value
CC
SQ	CP126114.1	5668946	5668916	5668916	99.00
CT	1023	4809	57805	57805.000
CT	1022	0	0	0.000
CT	1021	0	0	0.000
CT	1020	1	8	8.000
CT	1019	2	19	19.000
CT	1018	1	0	0.000
CT	1017	0	0	0.000
CT	1016	2	8	8.000
CT	1015	1	6	6.000
CT	1014	1	13	13.000
CT	1013	2	26	26.000
CT	1012	1	13	13.000
CT	1011	1	13	13.000
CT	1010	2	0	0.000
CT	1009	3	8	8.000
CT	1008	0	0	0.000
CT	1007	1	0	0.000
CT	1006	1	0	0.000
CT	1005	2	12	12.000
CT	1004	1	8	8.000
CT	1003	2	23	23.000
CT	1002	0	0	0.000
CT	1001	2	23	23.000
CT	1000	1	0	0.000
CT	999	1	13	13.000
CT	998	2	8	8.000
CT	997	0	0	0.000
CT	996	2	0	0.000
CT	995	1	10	10.000
CT	994	2	16	16.000
CT	993	2	26	26.000
CT	992	2	21	21.000
CT	991	1	8	8.000
CT	990	0	0	0.000
CT	989	1	6	6.000
CT	988	4	34	34.000
CT	987	4	34	34.000
CT	986	1	8	8.000
CT	985	1	13	13.000
CT	984	1	0	0.000
CT	983	3	16	16.000
CT	982	1	13	13.000
CT	981	3	29	29.000
CT	980	0	0	0.000
CT	979	2	8	8.000
CT	978	3	20	20.000
CT	977	2	16	16.000
CT	976	1	8	8.000
CT	975	1	13	13.000
CT	974	3	19	19.000
CT	973	3	14	14.000
CT	972	1	13	13.000
CT	971	3	32	32.000
CT	970	1	13	13.000
CT	969	0	0	0.000
CT	968	1	0	0.000
CT	967	0	0	0.000
CT	966	0	0	0.000
CT	965	2	18	18.000
CT	964	1	13	13.000
CT	963	4	40	40.000
CT	962	3	31	31.000
CT	961	4	22	22.000
CT	960	2	26	26.000
CT	959	1	13	13.000
CT	958	3	31	31.000
CT	957	2	26	26.000
CT	956	1	13	13.000
CT	955	2	18	18.000
CT	954	5	48	48.000
CT	953	1	0	0.000
CT	952	3	39	39.000
CT	951	2	26	26.000
CT	950	3	23	23.000
CT	949	1	13	13.000
CT	948	2	0	0.000
CT	947	4	26	26.000
CT	946	4	29	29.000
CT	945	3	26	26.000
CT	944	2	18	18.000
CT	943	1	13	13.000
CT	942	1	0	0.000
CT	941	1	8	8.000
CT	940	2	26	26.000
CT	939	5	39	39.000
CT	938	6	70	70.000
CT	937	1	7	7.000
CT	936	2	20	20.000
CT	935	4	47	47.000
CT	934	5	40	40.000
CT	933	5	37	37.000
CT	932	3	26	26.000
CT	931	8	66	66.000
CT	930	5	27	27.000
CT	929	2	26	26.000
CT	928	2	21	21.000
CT	927	1	8	8.000
CT	926	5	28	28.000
CT	925	3	28	28.000
CT	924	6	37	37.000
CT	923	2	14	14.000
CT	922	6	31	31.000
CT	921	1	0	0.000
CT	920	4	25	25.000
CT	919	1	5	5.000
CT	918	4	21	21.000
CT	917	0	0	0.000
CT	916	7	49	49.000
CT	915	4	32	32.000
CT	914	2	8	8.000
CT	913	3	14	14.000
CT	912	5	36	36.000
CT	911	7	54	54.000
CT	910	0	0	0.000
CT	909	6	50	50.000
CT	908	5	27	27.000
CT	907	1	0	0.000
CT	906	3	15	15.000
CT	905	1	13	13.000
CT	904	4	31	31.000
CT	903	2	15	15.000
CT	902	4	42	42.000
CT	901	3	21	21.000
CT	900	1	13	13.000
CT	899	2	18	18.000
CT	898	1	13	13.000
CT	897	2	26	26.000
CT	896	2	13	13.000
CT	895	3	7	7.000
CT	894	4	35	35.000
CT	893	5	34	34.000
CT	892	2	22	22.000
CT	891	6	78	78.000
CT	890	1	7	7.000
CT	889	3	39	39.000
CT	888	2	13	13.000
CT	887	3	18	18.000
CT	886	1	5	5.000
CT	885	2	21	21.000
CT	884	1	13	13.000
CT	883	0	0	0.000
CT	882	4	38	38.000
CT	881	1	0	0.000
CT	880	1	7	7.000
CT	879	1	8	8.000
CT	878	0	0	0.000
CT	877	2	0	0.000
CT	876	0	0	0.000
CT	875	1	0	0.000
CT	874	1	4	4.000
CT	873	1	5	5.000
CT	872	2	17	17.000
CT	871	1	5	5.000
CT	870	0	0	0.000
CT	869	1	0	0.000
CT	868	1	0	0.000
CT	867	2	5	5.000
CT	866	0	0	0.000
CT	865	0	0	0.000
CT	864	1	0	0.000
CT	863	1	8	8.000
CT	862	0	0	0.000
CT	861	1	4	4.000
CT	860	2	13	13.000
CT	859	0	0	0.000
CT	858	0	0	0.000
CT	857	1	6	6.000
CT	856	2	9	9.000
CT	855	1	6	6.000
CT	854	1	13	13.000
CT	853	0	0	0.000
CT	852	0	0	0.000
CT	851	2	5	5.000
CT	850	2	6	6.000
CT	849	1	6	6.000
CT	848	0	0	0.000
CT	847	1	8	8.000
CT	846	0	0	0.000
CT	845	1	5	5.000
CT	844	1	0	0.000
CT	843	0	0	0.000
CT	842	2	5	5.000
CT	841	0	0	0.000
CT	840	3	18	18.000
CT	839	2	6	6.000
CT	838	0	0	0.000
CT	837	1	6	6.000
CT	836	3	6	6.000
CT	835	0	0	0.000
CT	834	4	17	17.000
CT	833	0	0	0.000
CT	832	2	6	6.000
CT	831	0	0	0.000
CT	830	1	0	0.000
CT	829	2	9	9.000
CT	828	3	9	9.000
CT	827	5	21	21.000
CT	826	3	15	15.000
CT	825	2	12	12.000
CT	824	1	0	0.000
CT	823	3	12	12.000
CT	822	4	18	18.000
CT	821	3	12	12.000
CT	820	2	6	6.000
CT	819	1	0	0.000
CT	818	0	0	0.000
CT	817	1	4	4.000
CT	816	4	22	22.000
CT	815	2	6	6.000
CT	814	1	6	6.000
CT	813	2	10	10.000
CT	812	0	0	0.000
CT	811	3	8	8.000
CT	810	3	8	8.000
CT	809	3	18	18.000
CT	808	0	0	0.000
CT	807	1	6	6.000
CT	806	2	6	6.000
CT	805	3	17	17.000
CT	804	3	11	11.000
CT	803	5	23	23.000
CT	802	4	18	18.000
CT	801	3	17	17.000
CT	800	3	16	16.000
CT	799	2	6	6.000
CT	798	3	17	17.000
CT	797	6	33	33.000
CT	796	3	10	10.000
CT	795	7	31	31.000
CT	794	5	20	20.000
CT	793	5	27	27.000
CT	792	2	13	13.000
CT	791	3	12	12.000
CT	790	4	9	9.000
CT	789	4	20	20.000
CT	788	3	9	9.000
CT	787	3	15	15.000
CT	786	1	8	8.000
CT	785	2	10	10.000
CT	784	3	20	20.000
CT	783	2	11	11.000
CT	782	6	34	34.000
CT	781	2	9	9.000
CT	780	6	38	38.000
CT	779	4	21	21.000
CT	778	8	41	41.000
CT	777	3	16	16.000
CT	776	2	6	6.000
CT	775	5	30	30.000
CT	774	6	30	30.000
CT	773	1	9	9.000
CT	772	4	24	24.000
CT	771	2	6	6.000
CT	770	9	44	44.000
CT	769	4	20	20.000
CT	768	3	12	12.000
CT	767	7	42	42.000
CT	766	7	38	38.000
CT	765	4	22	22.000
CT	764	2	14	14.000
CT	763	3	14	14.000
CT	762	3	18	18.000
CT	761	6	28	28.000
CT	760	4	24	24.000
CT	759	10	54	54.000
CT	758	4	20	20.000
CT	757	2	11	11.000
CT	756	1	4	4.000
CT	755	3	20	20.000
CT	754	2	12	12.000
CT	753	3	15	15.000
CT	752	2	6	6.000
CT	751	4	24	24.000
CT	750	5	31	31.000
CT	749	3	15	15.000
CT	748	2	0	0.000
CT	747	1	5	5.000
CT	746	2	14	14.000
CT	745	3	17	17.000
CT	744	3	16	16.000
CT	743	7	28	28.000
CT	742	4	12	12.000
CT	741	4	7	7.000
CT	740	3	16	16.000
CT	739	2	12	12.000
CT	738	2	6	6.000
CT	737	8	41	41.000
CT	736	4	23	23.000
CT	735	4	18	18.000
CT	734	6	27	27.000
CT	733	3	12	12.000
CT	732	3	10	10.000
CT	731	6	18	18.000
CT	730	7	27	27.000
CT	729	0	0	0.000
CT	728	3	13	13.000
CT	727	2	7	7.000
CT	726	3	9	9.000
CT	725	2	0	0.000
CT	724	6	26	26.000
CT	723	6	26	26.000
CT	722	3	15	15.000
CT	721	8	37	37.000
CT	720	9	26	26.000
CT	719	7	27	27.000
CT	718	4	17	17.000
CT	717	7	25	25.000
CT	716	5	16	16.000
CT	715	6	9	9.000
CT	714	5	15	15.000
CT	713	3	12	12.000
CT	712	4	10	10.000
CT	711	3	10	10.000
CT	710	4	16	16.000
CT	709	7	20	20.000
CT	708	6	25	25.000
CT	707	7	26	26.000
CT	706	6	28	28.000
CT	705	5	9	9.000
CT	704	4	11	11.000
CT	703	5	21	21.000
CT	702	6	21	21.000
CT	701	8	24	24.000
CT	700	4	19	19.000
CT	699	4	19	19.000
CT	698	3	15	15.000
CT	697	5	20	20.000
CT	696	4	9	9.000
CT	695	5	22	22.000
CT	694	8	30	30.000
CT	693	9	24	24.000
CT	692	7	35	35.000
CT	691	8	28	28.000
CT	690	7	22	22.000
CT	689	2	6	6.000
CT	688	5	22	22.000
CT	687	8	42	42.000
CT	686	7	23	23.000
CT	685	6	16	16.000
CT	684	5	23	23.000
CT	683	5	18	18.000
CT	682	9	29	29.000
CT	681	5	18	18.000
CT	680	8	25	25.000
CT	679	4	9	9.000
CT	678	7	31	31.000
CT	677	4	15	15.000
CT	676	3	11	11.000
CT	675	7	19	19.000
CT	674	5	8	8.000
CT	673	8	27	27.000
CT	672	8	26	26.000
CT	671	4	20	20.000
CT	670	8	38	38.000
CT	669	9	24	24.000
CT	668	5	18	18.000
CT	667	9	21	21.000
CT	666	13	42	42.000
CT	665	8	27	27.000
CT	664	4	13	13.000
CT	663	7	28	28.000
CT	662	3	10	10.000
CT	661	5	14	14.000
CT	660	4	12	12.000
CT	659	7	14	14.000
CT	658	7	29	29.000
CT	657	4	6	6.000
CT	656	6	22	22.000
CT	655	8	32	32.000
CT	654	2	9	9.000
CT	653	8	37	37.000
CT	652	5	14	14.000
CT	651	7	33	33.000
CT	650	8	26	26.000
CT	649	10	41	41.000
CT	648	6	21	21.000
CT	647	9	27	27.000
CT	646	5	20	20.000
CT	645	9	32	32.000
CT	644	18	59	59.000
CT	643	10	30	30.000
CT	642	7	29	29.000
CT	641	14	51	51.000
CT	640	13	48	48.000
CT	639	12	39	39.000
CT	638	9	27	27.000
CT	637	7	32	32.000
CT	636	7	23	23.000
CT	635	8	28	28.000
CT	634	11	49	49.000
CT	633	8	36	36.000
CT	632	7	23	23.000
CT	631	3	9	9.000
CT	630	12	47	47.000
CT	629	3	8	8.000
CT	628	9	20	20.000
CT	627	5	18	18.000
CT	626	9	33	33.000
CT	625	7	21	21.000
CT	624	6	15	15.000
CT	623	10	41	41.000
CT	622	5	17	17.000
CT	621	16	46	46.000
CT	620	12	36	36.000
CT	619	7	18	18.000
CT	618	9	30	30.000
CT	617	8	25	25.000
CT	616	10	45	45.000
CT	615	9	29	29.000
CT	614	10	35	35.000
CT	613	5	20	20.000
CT	612	10	30	30.000
CT	611	6	21	21.000
CT	610	7	24	24.000
CT	609	12	28	28.000
CT	608	5	15	15.000
CT	607	5	11	11.000
CT	606	12	49	49.000
CT	605	10	34	34.000
CT	604	15	40	40.000
CT	603	10	37	37.000
CT	602	7	29	29.000
CT	601	9	24	24.000
CT	600	10	25	25.000
CT	599	11	35	35.000
CT	598	17	44	44.000
CT	597	14	56	56.000
CT	596	10	33	33.000
CT	595	12	41	41.000
CT	594	21	69	69.000
CT	593	19	64	64.000
CT	592	12	37	37.000
CT	591	20	54	54.000
CT	590	10	39	39.000
CT	589	12	48	48.000
CT	588	13	49	49.000
CT	587	18	62	62.000
CT	586	9	32	32.000
CT	585	17	56	56.000
CT	584	21	80	80.000
CT	583	23	72	72.000
CT	582	4	14	14.000
CT	581	13	45	45.000
CT	580	14	49	49.000
CT	579	15	45	45.000
CT	578	11	36	36.000
CT	577	12	40	40.000
CT	576	22	70	70.000
CT	575	17	54	54.000
CT	574	17	58	58.000
CT	573	19	61	61.000
CT	572	16	52	52.000
CT	571	13	38	38.000
CT	570	13	45	45.000
CT	569	12	37	37.000
CT	568	11	18	18.000
CT	567	16	47	47.000
CT	566	9	25	25.000
CT	565	14	50	50.000
CT	564	10	36	36.000
CT	563	12	36	36.000
CT	562	5	10	10.000
CT	561	14	51	51.000
CT	560	12	45	45.000
CT	559	14	42	42.000
CT	558	18	61	61.000
CT	557	15	57	57.000
CT	556	15	47	47.000
CT	555	12	44	44.000
CT	554	13	30	30.000
CT	553	22	66	66.000
CT	552	10	32	32.000
CT	551	11	34	34.000
CT	550	14	47	47.000
CT	549	8	26	26.000
CT	548	15	42	42.000
CT	547	17	49	49.000
CT	546	6	18	18.000
CT	545	18	55	55.000
CT	544	13	32	32.000
CT	543	19	60	60.000
CT	542	16	45	45.000
CT	541	14	36	36.000
CT	540	14	44	44.000
CT	539	21	73	73.000
CT	538	21	63	63.000
CT	537	16	47	47.000
CT	536	16	55	55.000
CT	535	16	42	42.000
CT	534	17	58	58.000
CT	533	19	66	66.000
CT	532	19	58	58.000
CT	531	15	47	47.000
CT	530	20	66	66.000
CT	529	18	50	50.000
CT	528	13	44	44.000
CT	527	12	44	44.000
CT	526	17	57	57.000
CT	525	16	40	40.000
CT	524	23	73	73.000
CT	523	11	31	31.000
CT	522	14	38	38.000
CT	521	19	52	52.000
CT	520	14	41	41.000
CT	519	19	56	56.000
CT	518	15	46	46.000
CT	517	17	47	47.000
CT	516	18	48	48.000
CT	515	18	52	52.000
CT	514	20	61	61.000
CT	513	14	50	50.000
CT	512	16	46	46.000
CT	511	12	24	24.000
CT	510	28	94	94.000
CT	509	18	68	68.000
CT	508	21	63	63.000
CT	507	20	58	58.000
CT	506	16	46	46.000
CT	505	12	34	34.000
CT	504	20	52	52.000
CT	503	15	57	57.000
CT	502	8	23	23.000
CT	501	15	59	59.000
CT	500	18	56	56.000
CT	499	12	38	38.000
CT	498	9	26	26.000
CT	497	12	35	35.000
CT	496	19	47	47.000
CT	495	18	46	46.000
CT	494	16	49	49.000
CT	493	18	55	55.000
CT	492	24	64	64.000
CT	491	17	44	44.000
CT	490	25	61	61.000
CT	489	16	43	43.000
CT	488	19	49	49.000
CT	487	30	94	94.000
CT	486	24	83	83.000
CT	485	20	47	47.000
CT	484	22	78	78.000
CT	483	17	53	53.000
CT	482	12	39	39.000
CT	481	23	64	64.000
CT	480	18	52	52.000
CT	479	21	53	53.000
CT	478	23	62	62.000
CT	477	23	69	69.000
CT	476	18	54	54.000
CT	475	10	35	35.000
CT	474	18	41	41.000
CT	473	13	42	42.000
CT	472	13	39	39.000
CT	471	19	56	56.000
CT	470	19	60	60.000
CT	469	17	33	33.000
CT	468	31	76	76.000
CT	467	16	41	41.000
CT	466	21	46	46.000
CT	465	27	72	72.000
CT	464	24	60	60.000
CT	463	25	81	81.000
CT	462	19	36	36.000
CT	461	20	46	46.000
CT	460	22	59	59.000
CT	459	25	64	64.000
CT	458	17	57	57.000
CT	457	18	41	41.000
CT	456	20	63	63.000
CT	455	22	66	66.000
CT	454	32	87	87.000
CT	453	16	46	46.000
CT	452	27	62	62.000
CT	451	17	52	52.000
CT	450	24	61	61.000
CT	449	22	51	51.000
CT	448	19	52	52.000
CT	447	20	59	59.000
CT	446	24	65	65.000
CT	445	25	55	55.000
CT	444	21	53	53.000
CT	443	24	56	56.000
CT	442	29	68	68.000
CT	441	24	56	56.000
CT	440	25	58	58.000
CT	439	25	54	54.000
CT	438	26	54	54.000
CT	437	24	57	57.000
CT	436	38	94	94.000
CT	435	26	50	50.000
CT	434	20	39	39.000
CT	433	20	46	46.000
CT	432	15	30	30.000
CT	431	21	46	46.000
CT	430	17	34	34.000
CT	429	19	41	41.000
CT	428	23	60	60.000
CT	427	34	66	66.000
CT	426	31	69	69.000
CT	425	28	59	59.000
CT	424	33	71	71.000
CT	423	40	90	90.000
CT	422	40	96	96.000
CT	421	42	98	98.000
CT	420	32	71	71.000
CT	419	27	59	59.000
CT	418	35	70	70.000
CT	417	30	59	59.000
CT	416	40	90	90.000
CT	415	31	59	59.000
CT	414	35	70	70.000
CT	413	30	62	62.000
CT	412	38	84	84.000
CT	411	27	55	55.000
CT	410	35	75	75.000
CT	409	49	111	111.000
CT	408	34	89	89.000
CT	407	41	92	92.000
CT	406	38	92	92.000
CT	405	61	132	132.000
CT	404	49	107	107.000
CT	403	36	77	77.000
CT	402	46	105	105.000
CT	401	54	110	110.000
CT	400	47	94	94.000
CT	399	49	95	95.000
CT	398	57	112	112.000
CT	397	42	80	80.000
CT	396	41	77	77.000
CT	395	44	86	86.000
CT	394	46	88	88.000
CT	393	42	71	71.000
CT	392	45	96	96.000
CT	391	50	102	102.000
CT	390	49	98	98.000
CT	389	47	95	95.000
CT	388	55	114	114.000
CT	387	52	107	107.000
CT	386	50	110	110.000
CT	385	73	158	158.000
CT	384	71	135	135.000
CT	383	61	121	121.000
CT	382	73	141	141.000
CT	381	75	151	151.000
CT	380	73	132	132.000
CT	379	56	103	103.000
CT	378	59	103	103.000
CT	377	96	170	170.000
CT	376	74	122	122.000
CT	375	62	109	109.000
CT	374	86	148	148.000
CT	373	83	148	148.000
CT	372	81	134	134.000
CT	371	56	93	93.000
CT	370	83	144	144.000
CT	369	80	147	147.000
CT	368	77	142	142.000
CT	367	74	139	139.000
CT	366	98	186	186.000
CT	365	99	177	177.000
CT	364	79	137	137.000
CT	363	99	182	182.000
CT	362	99	167	167.000
CT	361	86	162	162.000
CT	360	86	141	141.000
CT	359	106	192	192.000
CT	358	101	183	183.000
CT	357	109	195	195.000
CT	356	101	170	170.000
CT	355	109	185	185.000
CT	354	115	185	185.000
CT	353	100	146	146.000
CT	352	121	182	182.000
CT	351	125	206	206.000
CT	350	122	186	186.000
CT	349	122	205	205.000
CT	348	144	223	223.000
CT	347	113	189	189.000
CT	346	133	186	186.000
CT	345	120	188	188.000
CT	344	143	210	210.000
CT	343	148	224	224.000
CT	342	183	273	273.000
CT	341	185	261	261.000
CT	340	185	256	256.000
CT	339	198	273	273.000
CT	338	220	310	310.000
CT	337	221	312	312.000
CT	336	225	288	288.000
CT	335	187	263	263.000
CT	334	251	360	360.000
CT	333	277	368	368.000
CT	332	276	365	365.000
CT	331	296	396	396.000
CT	330	300	390	390.000
CT	329	280	372	372.000
CT	328	284	364	364.000
CT	327	289	379	379.000
CT	326	285	371	371.000
CT	325	317	407	407.000
CT	324	319	406	406.000
CT	323	340	427	427.000
CT	322	354	443	443.000
CT	321	372	464	464.000
CT	320	362	451	451.000
CT	319	324	423	423.000
CT	318	423	516	516.000
CT	317	392	497	497.000
CT	316	421	550	550.000
CT	315	442	544	544.000
CT	314	478	585	585.000
CT	313	493	626	626.000
CT	312	495	599	599.000
CT	311	531	646	646.000
CT	310	563	692	692.000
CT	309	601	716	716.000
CT	308	616	724	724.000
CT	307	661	764	764.000
CT	306	687	806	806.000
CT	305	745	851	851.000
CT	304	716	809	809.000
CT	303	821	937	937.000
CT	302	777	873	873.000
CT	301	874	974	974.000
CT	300	879	974	974.000
CT	299	876	952	952.000
CT	298	892	991	991.000
CT	297	970	1034	1034.000
CT	296	1022	1099	1099.000
CT	295	982	1069	1069.000
CT	294	1073	1161	1161.000
CT	293	1104	1206	1206.000
CT	292	1154	1256	1256.000
CT	291	1200	1303	1303.000
CT	290	1177	1282	1282.000
CT	289	1214	1320	1320.000
CT	288	1272	1391	1391.000
CT	287	1299	1389	1389.000
CT	286	1305	1428	1428.000
CT	285	1420	1542	1542.000
CT	284	1490	1597	1597.000
CT	283	1512	1632	1632.000
CT	282	1551	1639	1639.000
CT	281	1682	1812	1812.000
CT	280	1777	1881	1881.000
CT	279	1713	1806	1806.000
CT	278	1875	1956	1956.000
CT	277	1955	2051	2051.000
CT	276	2060	2142	2142.000
CT	275	2134	2239	2239.000
CT	274	2136	2223	2223.000
CT	273	2271	2351	2351.000
CT	272	2279	2368	2368.000
CT	271	2517	2614	2614.000
CT	270	2619	2710	2710.000
CT	269	2614	2680	2680.000
CT	268	2758	2856	2856.000
CT	267	2833	2908	2908.000
CT	266	2859	2951	2951.000
CT	265	3064	3151	3151.000
CT	264	3317	3447	3447.000
CT	263	3415	3503	3503.000
CT	262	3501	3611	3611.000
CT	261	3628	3712	3712.000
CT	260	3846	3937	3937.000
CT	259	3997	4093	4093.000
CT	258	4114	4216	4216.000
CT	257	4119	4207	4207.000
CT	256	4295	4392	4392.000
CT	255	4551	4644	4644.000
CT	254	4750	4855	4855.000
CT	253	4818	4935	4935.000
CT	252	5006	5111	5111.000
CT	251	5373	5467	5467.000
CT	250	5427	5527	5527.000
CT	249	5786	5907	5907.000
CT	248	6010	6121	6121.000
CT	247	6116	6219	6219.000
CT	246	6358	6444	6444.000
CT	245	6613	6695	6695.000
CT	244	6660	6736	6736.000
CT	243	6980	7047	7047.000
CT	242	7168	7251	7251.000
CT	241	7345	7429	7429.000
CT	240	7626	7704	7704.000
CT	239	7941	8038	8038.000
CT	238	8246	8336	8336.000
CT	237	8456	8555	8555.000
CT	236	8638	8736	8736.000
CT	235	9082	9187	9187.000
CT	234	9403	9509	9509.000
CT	233	9574	9673	9673.000
CT	232	9625	9692	9692.000
CT	231	10004	10103	10103.000
CT	230	10259	10348	10348.000
CT	229	10849	10948	10948.000
CT	228	11033	11129	11129.000
CT	227	11495	11584	11584.000
CT	226	11799	11894	11894.000
CT	225	12282	12357	12357.000
CT	224	12662	12730	12730.000
CT	223	13054	13146	13146.000
CT	222	13446	13531	13531.000
CT	221	13841	13920	13920.000
CT	220	14071	14154	14154.000
CT	219	14647	14715	14715.000
CT	218	15150	15218	15218.000
CT	217	15281	15354	15354.000
CT	216	16180	16262	16262.000
CT	215	16570	16630	16630.000
CT	214	17317	17371	17371.000
CT	213	17644	17703	17703.000
CT	212	18024	18075	18075.000
CT	211	18594	18647	18647.000
CT	210	19390	19451	19451.000
CT	209	19772	19821	19821.000
CT	208	20286	20351	20351.000
CT	207	20937	20987	20987.000
CT	206	21189	21246	21246.000
CT	205	22055	22121	22121.000
CT	204	22675	22730	22730.000
CT	203	23613	23692	23692.000
CT	202	24523	24575	24575.000
CT	201	24929	24983	24983.000
CT	200	25287	25346	25346.000
CT	199	26407	26472	26472.000
CT	198	26757	26815	26815.000
CT	197	27396	27431	27431.000
CT	196	27867	27915	27915.000
CT	195	28996	29036	29036.000
CT	194	29752	29791	29791.000
CT	193	30180	30208	30208.000
CT	192	31489	31524	31524.000
CT	191	31987	32012	32012.000
CT	190	32538	32578	32578.000
CT	189	33105	33138	33138.000
CT	188	33697	33752	33752.000
CT	187	34812	34865	34865.000
CT	186	35159	35200	35200.000
CT	185	36278	36325	36325.000
CT	184	37255	37302	37302.000
CT	183	37352	37389	37389.000
CT	182	38247	38287	38287.000
CT	181	39189	39238	39238.000
CT	180	39258	39288	39288.000
CT	179	39948	39981	39981.000
CT	178	40651	40676	40676.000
CT	177	40954	40981	40981.000
CT	176	41720	41731	41731.000
CT	175	42186	42207	42207.000
CT	174	42963	42978	42978.000
CT	173	43724	43732	43732.000
CT	172	44345	44354	44354.000
CT	171	45268	45276	45276.000
CT	170	45945	45954	45954.000
CT	169	46273	46280	46280.000
CT	168	47238	47252	47252.000
CT	167	48298	48321	48321.000
CT	166	48600	48625	48625.000
CT	165	48873	48887	48887.000
CT	164	49970	49987	49987.000
CT	163	50579	50593	50593.000
CT	162	51685	51702	51702.000
CT	161	51509	51526	51526.000
CT	160	52549	52562	52562.000
CT	159	53280	53283	53283.000
CT	158	53211	53218	53218.000
CT	157	53446	53438	53438.000
CT	156	54570	54573	54573.000
CT	155	55060	55062	55062.000
CT	154	55179	55175	55175.000
CT	153	55680	55682	55682.000
CT	152	56167	56167	56167.000
CT	151	56070	56071	56071.000
CT	150	55370	55363	55363.000
CT	149	56251	56249	56249.000
CT	148	56087	56080	56080.000
CT	147	56980	56970	56970.000
CT	146	56670	56661	56661.000
CT	145	56556	56559	56559.000
CT	144	56362	56364	56364.000
CT	143	56837	56846	56846.000
CT	142	56104	56098	56098.000
CT	141	56349	56345	56345.000
CT	140	56077	56072	56072.000
CT	139	56536	56538	56538.000
CT	138	55975	55979	55979.000
CT	137	55598	55597	55597.000
CT	136	55107	55118	55118.000
CT	135	54775	54774	54774.000
CT	134	53922	53928	53928.000
CT	133	53379	53383	53383.000
CT	132	52801	52807	52807.000
CT	131	52830	52831	52831.000
CT	130	51749	51737	51737.000
CT	129	51103	51106	51106.000
CT	128	50542	50539	50539.000
CT	127	49801	49804	49804.000
CT	126	49522	49509	49509.000
CT	125	48619	48613	48613.000
CT	124	47697	47680	47680.000
CT	123	47444	47434	47434.000
CT	122	46451	46441	46441.000
CT	121	45771	45767	45767.000
CT	120	45004	44997	44997.000
CT	119	44157	44156	44156.000
CT	118	43153	43144	43144.000
CT	117	41933	41929	41929.000
CT	116	40673	40674	40674.000
CT	115	39890	39894	39894.000
CT	114	38965	38962	38962.000
CT	113	38165	38160	38160.000
CT	112	37003	36994	36994.000
CT	111	35800	35787	35787.000
CT	110	34549	34539	34539.000
CT	109	33922	33915	33915.000
CT	108	32494	32499	32499.000
CT	107	31361	31345	31345.000
CT	106	30006	29992	29992.000
CT	105	28941	28930	28930.000
CT	104	27470	27467	27467.000
CT	103	26581	26570	26570.000
CT	102	25533	25514	25514.000
CT	101	24362	24341	24341.000
CT	100	23464	23440	23440.000
CT	99	22284	22265	22265.000
CT	98	21323	21298	21298.000
CT	97	20396	20371	20371.000
CT	96	18943	18914	18914.000
CT	95	17914	17877	17877.000
CT	94	17236	17192	17192.000
CT	93	16391	16351	16351.000
CT	92	15761	15726	15726.000
CT	91	14733	14707	14707.000
CT	90	13927	13897	13897.000
CT	89	13065	13045	13045.000
CT	88	12269	12245	12245.000
CT	87	11598	11584	11584.000
CT	86	11057	11034	11034.000
CT	85	10332	10306	10306.000
CT	84	9404	9387	9387.000
CT	83	8961	8935	8935.000
CT	82	8223	8199	8199.000
CT	81	7586	7558	7558.000
CT	80	7037	7012	7012.000
CT	79	6708	6689	6689.000
CT	78	6056	6016	6016.000
CT	77	5714	5669	5669.000
CT	76	5115	5077	5077.000
CT	75	4641	4598	4598.000
CT	74	4298	4265	4265.000
CT	73	4163	4133	4133.000
CT	72	3650	3626	3626.000
CT	71	3399	3375	3375.000
CT	70	3014	2982	2982.000
CT	69	2899	2873	2873.000
CT	68	2518	2483	2483.000
CT	67	2374	2343	2343.000
CT	66	2201	2175	2175.000
CT	65	1941	1919	1919.000
CT	64	1741	1707	1707.000
CT	63	1627	1586	1586.000
CT	62	1449	1409	1409.000
CT	61	1347	1308	1308.000
CT	60	1249	1197	1197.000
CT	59	1147	1087	1087.000
CT	58	1071	1015	1015.000
CT	57	995	938	938.000
CT	56	899	842	842.000
CT	55	793	740	740.000
CT	54	782	726	726.000
CT	53	750	683	683.000
CT	52	702	649	649.000
CT	51	637	573	573.000
CT	50	522	456	456.000
CT	49	477	398	398.000
CT	48	438	350	350.000
CT	47	403	318	318.000
CT	46	295	218	218.000
CT	45	280	202	202.000
CT	44	267	180	180.000
CT	43	275	173	173.000
CT	42	312	190	190.000
CT	41	269	158	158.000
CT	40	246	147	147.000
CT	39	269	141	141.000
CT	38	241	123	123.000
CT	37	208	89	89.000
CT	36	244	98	98.000
CT	35	258	107	107.000
CT	34	280	86	86.000
CT	33	293	78	78.000
CT	32	304	72	72.000
CT	31	337	57	57.000
CT	30	329	74	74.000
CT	29	366	39	39.000
CT	28	370	41	41.000
CT	27	372	33	33.000
CT	26	424	40	40.000
CT	25	557	41	41.000
CT	24	571	44	44.000
CT	23	572	25	25.000
CT	22	681	24	24.000
CT	21	797	24	24.000
CT	20	1015	22	22.000
CT	19	1088	5	5.000
CT	18	1364	11	11.000
CT	17	1739	15	15.000
CT	16	2027	9	9.000
CT	15	2536	1	1.000
CT	14	3096	0	0.000
CT	13	3871	0	0.000
CT	12	5237	0	0.000
CT	11	7599	0	0.000
CT	10	10300	0	0.000
CT	9	14877	0	0.000
CT	8	23812	0	0.000
CT	7	41334	0	0.000
CT	6	78013	0	0.000
CT	5	166094	0	0.000
CT	4	421514	0	0.000
CT	3	1344871	0	0.000
CT	2	8211008	0	0.000
CT	1	0	0	-nan
CT	0	0	0	-nan
FR	0	0
ER	5668916	0.000
CV	1.000
QV	inf	inf
