HS	1023	0	4809	4809
HS	1022	0	0	4809
HS	1021	0	0	4809
HS	1020	0	1	4810
HS	1019	0	2	4812
HS	1018	0	1	4813
HS	1017	0	0	4813
HS	1016	0	2	4815
HS	1015	0	1	4816
HS	1014	0	1	4817
HS	1013	0	2	4819
HS	1012	0	1	4820
HS	1011	0	1	4821
HS	1010	0	2	4823
HS	1009	0	3	4826
HS	1008	0	0	4826
HS	1007	0	1	4827
HS	1006	0	1	4828
HS	1005	0	2	4830
HS	1004	0	1	4831
HS	1003	0	2	4833
HS	1002	0	0	4833
HS	1001	0	2	4835
HS	1000	0	1	4836
HS	999	0	1	4837
HS	998	0	2	4839
HS	997	0	0	4839
HS	996	0	2	4841
HS	995	0	1	4842
HS	994	0	2	4844
HS	993	0	2	4846
HS	992	0	2	4848
HS	991	0	1	4849
HS	990	0	0	4849
HS	989	0	1	4850
HS	988	0	4	4854
HS	987	0	4	4858
HS	986	0	1	4859
HS	985	0	1	4860
HS	984	0	1	4861
HS	983	0	3	4864
HS	982	0	1	4865
HS	981	0	3	4868
HS	980	0	0	4868
HS	979	0	2	4870
HS	978	0	3	4873
HS	977	0	2	4875
HS	976	0	1	4876
HS	975	0	1	4877
HS	974	0	3	4880
HS	973	0	3	4883
HS	972	0	1	4884
HS	971	0	3	4887
HS	970	0	1	4888
HS	969	0	0	4888
HS	968	0	1	4889
HS	967	0	0	4889
HS	966	0	0	4889
HS	965	0	2	4891
HS	964	0	1	4892
HS	963	0	4	4896
HS	962	0	3	4899
HS	961	0	4	4903
HS	960	0	2	4905
HS	959	0	1	4906
HS	958	0	3	4909
HS	957	0	2	4911
HS	956	0	1	4912
HS	955	0	2	4914
HS	954	0	5	4919
HS	953	0	1	4920
HS	952	0	3	4923
HS	951	0	2	4925
HS	950	0	3	4928
HS	949	0	1	4929
HS	948	0	2	4931
HS	947	0	4	4935
HS	946	0	4	4939
HS	945	0	3	4942
HS	944	0	2	4944
HS	943	0	1	4945
HS	942	0	1	4946
HS	941	0	1	4947
HS	940	0	2	4949
HS	939	0	5	4954
HS	938	0	6	4960
HS	937	0	1	4961
HS	936	0	2	4963
HS	935	0	4	4967
HS	934	0	5	4972
HS	933	0	5	4977
HS	932	0	3	4980
HS	931	0	8	4988
HS	930	0	5	4993
HS	929	0	2	4995
HS	928	0	2	4997
HS	927	0	1	4998
HS	926	0	5	5003
HS	925	0	3	5006
HS	924	0	6	5012
HS	923	0	2	5014
HS	922	0	6	5020
HS	921	0	1	5021
HS	920	0	4	5025
HS	919	0	1	5026
HS	918	0	4	5030
HS	917	0	0	5030
HS	916	0	7	5037
HS	915	0	4	5041
HS	914	0	2	5043
HS	913	0	3	5046
HS	912	0	5	5051
HS	911	0	7	5058
HS	910	0	0	5058
HS	909	0	6	5064
HS	908	0	5	5069
HS	907	0	1	5070
HS	906	0	3	5073
HS	905	0	1	5074
HS	904	0	4	5078
HS	903	0	2	5080
HS	902	0	4	5084
HS	901	0	3	5087
HS	900	0	1	5088
HS	899	0	2	5090
HS	898	0	1	5091
HS	897	0	2	5093
HS	896	0	2	5095
HS	895	0	3	5098
HS	894	0	4	5102
HS	893	0	5	5107
HS	892	0	2	5109
HS	891	0	6	5115
HS	890	0	1	5116
HS	889	0	3	5119
HS	888	0	2	5121
HS	887	0	3	5124
HS	886	0	1	5125
HS	885	0	2	5127
HS	884	0	1	5128
HS	883	0	0	5128
HS	882	0	4	5132
HS	881	0	1	5133
HS	880	0	1	5134
HS	879	0	1	5135
HS	878	0	0	5135
HS	877	0	2	5137
HS	876	0	0	5137
HS	875	0	1	5138
HS	874	0	1	5139
HS	873	0	1	5140
HS	872	0	2	5142
HS	871	0	1	5143
HS	870	0	0	5143
HS	869	0	1	5144
HS	868	0	1	5145
HS	867	0	2	5147
HS	866	0	0	5147
HS	865	0	0	5147
HS	864	0	1	5148
HS	863	0	1	5149
HS	862	0	0	5149
HS	861	0	1	5150
HS	860	0	2	5152
HS	859	0	0	5152
HS	858	0	0	5152
HS	857	0	1	5153
HS	856	0	2	5155
HS	855	0	1	5156
HS	854	0	1	5157
HS	853	0	0	5157
HS	852	0	0	5157
HS	851	0	2	5159
HS	850	0	2	5161
HS	849	0	1	5162
HS	848	0	0	5162
HS	847	0	1	5163
HS	846	0	0	5163
HS	845	0	1	5164
HS	844	0	1	5165
HS	843	0	0	5165
HS	842	0	2	5167
HS	841	0	0	5167
HS	840	0	3	5170
HS	839	0	2	5172
HS	838	0	0	5172
HS	837	0	1	5173
HS	836	0	3	5176
HS	835	0	0	5176
HS	834	0	4	5180
HS	833	0	0	5180
HS	832	0	2	5182
HS	831	0	0	5182
HS	830	0	1	5183
HS	829	0	2	5185
HS	828	0	3	5188
HS	827	0	5	5193
HS	826	0	3	5196
HS	825	0	2	5198
HS	824	0	1	5199
HS	823	0	3	5202
HS	822	0	4	5206
HS	821	0	3	5209
HS	820	0	2	5211
HS	819	0	1	5212
HS	818	0	0	5212
HS	817	0	1	5213
HS	816	0	4	5217
HS	815	0	2	5219
HS	814	0	1	5220
HS	813	0	2	5222
HS	812	0	0	5222
HS	811	0	3	5225
HS	810	0	3	5228
HS	809	0	3	5231
HS	808	0	0	5231
HS	807	0	1	5232
HS	806	0	2	5234
HS	805	0	3	5237
HS	804	0	3	5240
HS	803	0	5	5245
HS	802	0	4	5249
HS	801	0	3	5252
HS	800	0	3	5255
HS	799	0	2	5257
HS	798	0	3	5260
HS	797	0	6	5266
HS	796	0	3	5269
HS	795	0	7	5276
HS	794	0	5	5281
HS	793	0	5	5286
HS	792	0	2	5288
HS	791	0	3	5291
HS	790	0	4	5295
HS	789	0	4	5299
HS	788	0	3	5302
HS	787	0	3	5305
HS	786	0	1	5306
HS	785	0	2	5308
HS	784	0	3	5311
HS	783	0	2	5313
HS	782	0	6	5319
HS	781	0	2	5321
HS	780	0	6	5327
HS	779	0	4	5331
HS	778	0	8	5339
HS	777	0	3	5342
HS	776	0	2	5344
HS	775	0	5	5349
HS	774	0	6	5355
HS	773	0	1	5356
HS	772	0	4	5360
HS	771	0	2	5362
HS	770	0	9	5371
HS	769	0	4	5375
HS	768	0	3	5378
HS	767	0	7	5385
HS	766	0	7	5392
HS	765	0	4	5396
HS	764	0	2	5398
HS	763	0	3	5401
HS	762	0	3	5404
HS	761	0	6	5410
HS	760	0	4	5414
HS	759	0	10	5424
HS	758	0	4	5428
HS	757	0	2	5430
HS	756	0	1	5431
HS	755	0	3	5434
HS	754	0	2	5436
HS	753	0	3	5439
HS	752	0	2	5441
HS	751	0	4	5445
HS	750	0	5	5450
HS	749	0	3	5453
HS	748	0	2	5455
HS	747	0	1	5456
HS	746	0	2	5458
HS	745	0	3	5461
HS	744	0	3	5464
HS	743	0	7	5471
HS	742	0	4	5475
HS	741	0	4	5479
HS	740	0	3	5482
HS	739	0	2	5484
HS	738	0	2	5486
HS	737	0	8	5494
HS	736	0	4	5498
HS	735	0	4	5502
HS	734	0	6	5508
HS	733	0	3	5511
HS	732	0	3	5514
HS	731	0	6	5520
HS	730	0	7	5527
HS	729	0	0	5527
HS	728	0	3	5530
HS	727	0	2	5532
HS	726	0	3	5535
HS	725	0	2	5537
HS	724	0	6	5543
HS	723	0	6	5549
HS	722	0	3	5552
HS	721	0	8	5560
HS	720	0	9	5569
HS	719	0	7	5576
HS	718	0	4	5580
HS	717	0	7	5587
HS	716	0	5	5592
HS	715	0	6	5598
HS	714	0	5	5603
HS	713	0	3	5606
HS	712	0	4	5610
HS	711	0	3	5613
HS	710	0	4	5617
HS	709	0	7	5624
HS	708	0	6	5630
HS	707	0	7	5637
HS	706	0	6	5643
HS	705	0	5	5648
HS	704	0	4	5652
HS	703	0	5	5657
HS	702	0	6	5663
HS	701	0	8	5671
HS	700	0	4	5675
HS	699	0	4	5679
HS	698	0	3	5682
HS	697	0	5	5687
HS	696	0	4	5691
HS	695	0	5	5696
HS	694	0	8	5704
HS	693	0	9	5713
HS	692	0	7	5720
HS	691	0	8	5728
HS	690	0	7	5735
HS	689	0	2	5737
HS	688	0	5	5742
HS	687	0	8	5750
HS	686	0	7	5757
HS	685	0	6	5763
HS	684	0	5	5768
HS	683	0	5	5773
HS	682	0	9	5782
HS	681	0	5	5787
HS	680	0	8	5795
HS	679	0	4	5799
HS	678	0	7	5806
HS	677	0	4	5810
HS	676	0	3	5813
HS	675	0	7	5820
HS	674	0	5	5825
HS	673	0	8	5833
HS	672	0	8	5841
HS	671	0	4	5845
HS	670	0	8	5853
HS	669	0	9	5862
HS	668	0	5	5867
HS	667	0	9	5876
HS	666	0	13	5889
HS	665	0	8	5897
HS	664	0	4	5901
HS	663	0	7	5908
HS	662	0	3	5911
HS	661	0	5	5916
HS	660	0	4	5920
HS	659	0	7	5927
HS	658	0	7	5934
HS	657	0	4	5938
HS	656	0	6	5944
HS	655	0	8	5952
HS	654	0	2	5954
HS	653	0	8	5962
HS	652	0	5	5967
HS	651	0	7	5974
HS	650	0	8	5982
HS	649	0	10	5992
HS	648	0	6	5998
HS	647	0	9	6007
HS	646	0	5	6012
HS	645	0	9	6021
HS	644	0	18	6039
HS	643	0	10	6049
HS	642	0	7	6056
HS	641	0	14	6070
HS	640	0	13	6083
HS	639	0	12	6095
HS	638	0	9	6104
HS	637	0	7	6111
HS	636	0	7	6118
HS	635	0	8	6126
HS	634	0	11	6137
HS	633	0	8	6145
HS	632	0	7	6152
HS	631	0	3	6155
HS	630	0	12	6167
HS	629	0	3	6170
HS	628	0	9	6179
HS	627	0	5	6184
HS	626	0	9	6193
HS	625	0	7	6200
HS	624	0	6	6206
HS	623	0	10	6216
HS	622	0	5	6221
HS	621	0	16	6237
HS	620	0	12	6249
HS	619	0	7	6256
HS	618	0	9	6265
HS	617	0	8	6273
HS	616	0	10	6283
HS	615	0	9	6292
HS	614	0	10	6302
HS	613	0	5	6307
HS	612	0	10	6317
HS	611	0	6	6323
HS	610	0	7	6330
HS	609	0	12	6342
HS	608	0	5	6347
HS	607	0	5	6352
HS	606	0	12	6364
HS	605	0	10	6374
HS	604	0	15	6389
HS	603	0	10	6399
HS	602	0	7	6406
HS	601	0	9	6415
HS	600	0	10	6425
HS	599	0	11	6436
HS	598	0	17	6453
HS	597	0	14	6467
HS	596	0	10	6477
HS	595	0	12	6489
HS	594	0	21	6510
HS	593	0	19	6529
HS	592	0	12	6541
HS	591	0	20	6561
HS	590	0	10	6571
HS	589	0	12	6583
HS	588	0	13	6596
HS	587	0	18	6614
HS	586	0	9	6623
HS	585	0	17	6640
HS	584	0	21	6661
HS	583	0	23	6684
HS	582	0	4	6688
HS	581	0	13	6701
HS	580	0	14	6715
HS	579	0	15	6730
HS	578	0	11	6741
HS	577	0	12	6753
HS	576	0	22	6775
HS	575	0	17	6792
HS	574	0	17	6809
HS	573	0	19	6828
HS	572	0	16	6844
HS	571	0	13	6857
HS	570	0	13	6870
HS	569	0	12	6882
HS	568	0	11	6893
HS	567	0	16	6909
HS	566	0	9	6918
HS	565	0	14	6932
HS	564	0	10	6942
HS	563	0	12	6954
HS	562	0	5	6959
HS	561	0	14	6973
HS	560	0	12	6985
HS	559	0	14	6999
HS	558	0	18	7017
HS	557	0	15	7032
HS	556	0	15	7047
HS	555	0	12	7059
HS	554	0	13	7072
HS	553	0	22	7094
HS	552	0	10	7104
HS	551	0	11	7115
HS	550	0	14	7129
HS	549	0	8	7137
HS	548	0	15	7152
HS	547	0	17	7169
HS	546	0	6	7175
HS	545	0	18	7193
HS	544	0	13	7206
HS	543	0	19	7225
HS	542	0	16	7241
HS	541	0	14	7255
HS	540	0	14	7269
HS	539	0	21	7290
HS	538	0	21	7311
HS	537	0	16	7327
HS	536	0	16	7343
HS	535	0	16	7359
HS	534	0	17	7376
HS	533	0	19	7395
HS	532	0	19	7414
HS	531	0	15	7429
HS	530	0	20	7449
HS	529	0	18	7467
HS	528	0	13	7480
HS	527	0	12	7492
HS	526	0	17	7509
HS	525	0	16	7525
HS	524	0	23	7548
HS	523	0	11	7559
HS	522	0	14	7573
HS	521	0	19	7592
HS	520	0	14	7606
HS	519	0	19	7625
HS	518	0	15	7640
HS	517	0	17	7657
HS	516	0	18	7675
HS	515	0	18	7693
HS	514	0	20	7713
HS	513	0	14	7727
HS	512	0	16	7743
HS	511	0	12	7755
HS	510	0	28	7783
HS	509	0	18	7801
HS	508	0	21	7822
HS	507	0	20	7842
HS	506	0	16	7858
HS	505	0	12	7870
HS	504	0	20	7890
HS	503	0	15	7905
HS	502	0	8	7913
HS	501	0	15	7928
HS	500	0	18	7946
HS	499	0	12	7958
HS	498	0	9	7967
HS	497	0	12	7979
HS	496	0	19	7998
HS	495	0	18	8016
HS	494	0	16	8032
HS	493	0	18	8050
HS	492	0	24	8074
HS	491	0	17	8091
HS	490	0	25	8116
HS	489	0	16	8132
HS	488	0	19	8151
HS	487	0	30	8181
HS	486	0	24	8205
HS	485	0	20	8225
HS	484	0	22	8247
HS	483	0	17	8264
HS	482	0	12	8276
HS	481	0	23	8299
HS	480	0	18	8317
HS	479	0	21	8338
HS	478	0	23	8361
HS	477	0	23	8384
HS	476	0	18	8402
HS	475	0	10	8412
HS	474	0	18	8430
HS	473	0	13	8443
HS	472	0	13	8456
HS	471	0	19	8475
HS	470	0	19	8494
HS	469	0	17	8511
HS	468	0	31	8542
HS	467	0	16	8558
HS	466	0	21	8579
HS	465	0	27	8606
HS	464	0	24	8630
HS	463	0	25	8655
HS	462	0	19	8674
HS	461	0	20	8694
HS	460	0	22	8716
HS	459	0	25	8741
HS	458	0	17	8758
HS	457	0	18	8776
HS	456	0	20	8796
HS	455	0	22	8818
HS	454	0	32	8850
HS	453	0	16	8866
HS	452	0	27	8893
HS	451	0	17	8910
HS	450	0	24	8934
HS	449	0	22	8956
HS	448	0	19	8975
HS	447	0	20	8995
HS	446	0	24	9019
HS	445	0	25	9044
HS	444	0	21	9065
HS	443	0	24	9089
HS	442	0	29	9118
HS	441	0	24	9142
HS	440	0	25	9167
HS	439	0	25	9192
HS	438	0	26	9218
HS	437	0	24	9242
HS	436	0	38	9280
HS	435	0	26	9306
HS	434	0	20	9326
HS	433	0	20	9346
HS	432	0	15	9361
HS	431	0	21	9382
HS	430	0	17	9399
HS	429	0	19	9418
HS	428	0	23	9441
HS	427	0	34	9475
HS	426	0	31	9506
HS	425	0	28	9534
HS	424	0	33	9567
HS	423	0	40	9607
HS	422	0	40	9647
HS	421	0	42	9689
HS	420	0	32	9721
HS	419	0	27	9748
HS	418	0	35	9783
HS	417	0	30	9813
HS	416	0	40	9853
HS	415	0	31	9884
HS	414	0	35	9919
HS	413	0	30	9949
HS	412	0	38	9987
HS	411	0	27	10014
HS	410	0	35	10049
HS	409	0	49	10098
HS	408	0	34	10132
HS	407	0	41	10173
HS	406	0	38	10211
HS	405	0	61	10272
HS	404	0	49	10321
HS	403	0	36	10357
HS	402	0	46	10403
HS	401	0	54	10457
HS	400	0	47	10504
HS	399	0	49	10553
HS	398	0	57	10610
HS	397	0	42	10652
HS	396	0	41	10693
HS	395	0	44	10737
HS	394	0	46	10783
HS	393	0	42	10825
HS	392	0	45	10870
HS	391	0	50	10920
HS	390	0	49	10969
HS	389	0	47	11016
HS	388	0	55	11071
HS	387	0	52	11123
HS	386	0	50	11173
HS	385	0	73	11246
HS	384	0	71	11317
HS	383	0	61	11378
HS	382	0	73	11451
HS	381	0	75	11526
HS	380	0	73	11599
HS	379	0	56	11655
HS	378	0	59	11714
HS	377	0	96	11810
HS	376	0	74	11884
HS	375	0	62	11946
HS	374	0	86	12032
HS	373	0	83	12115
HS	372	0	81	12196
HS	371	0	56	12252
HS	370	0	83	12335
HS	369	0	80	12415
HS	368	0	77	12492
HS	367	0	74	12566
HS	366	0	98	12664
HS	365	0	99	12763
HS	364	0	79	12842
HS	363	0	99	12941
HS	362	0	99	13040
HS	361	0	86	13126
HS	360	0	86	13212
HS	359	0	106	13318
HS	358	0	101	13419
HS	357	0	109	13528
HS	356	0	101	13629
HS	355	0	109	13738
HS	354	0	115	13853
HS	353	0	100	13953
HS	352	0	121	14074
HS	351	0	125	14199
HS	350	0	122	14321
HS	349	0	122	14443
HS	348	0	144	14587
HS	347	0	113	14700
HS	346	0	133	14833
HS	345	0	120	14953
HS	344	0	143	15096
HS	343	0	148	15244
HS	342	0	183	15427
HS	341	0	185	15612
HS	340	0	185	15797
HS	339	0	198	15995
HS	338	0	220	16215
HS	337	0	221	16436
HS	336	0	225	16661
HS	335	0	187	16848
HS	334	0	251	17099
HS	333	0	277	17376
HS	332	0	276	17652
HS	331	0	296	17948
HS	330	0	300	18248
HS	329	0	280	18528
HS	328	0	284	18812
HS	327	0	289	19101
HS	326	0	285	19386
HS	325	0	317	19703
HS	324	0	319	20022
HS	323	0	340	20362
HS	322	0	354	20716
HS	321	0	372	21088
HS	320	0	362	21450
HS	319	0	324	21774
HS	318	0	423	22197
HS	317	0	392	22589
HS	316	0	421	23010
HS	315	0	442	23452
HS	314	0	478	23930
HS	313	0	493	24423
HS	312	0	495	24918
HS	311	0	531	25449
HS	310	0	563	26012
HS	309	0	601	26613
HS	308	0	616	27229
HS	307	0	661	27890
HS	306	0	687	28577
HS	305	0	745	29322
HS	304	0	716	30038
HS	303	0	821	30859
HS	302	0	777	31636
HS	301	0	874	32510
HS	300	0	879	33389
HS	299	0	876	34265
HS	298	0	892	35157
HS	297	0	970	36127
HS	296	0	1022	37149
HS	295	0	982	38131
HS	294	0	1073	39204
HS	293	0	1104	40308
HS	292	0	1154	41462
HS	291	0	1200	42662
HS	290	0	1177	43839
HS	289	0	1214	45053
HS	288	0	1272	46325
HS	287	0	1299	47624
HS	286	0	1305	48929
HS	285	0	1420	50349
HS	284	0	1490	51839
HS	283	0	1512	53351
HS	282	0	1551	54902
HS	281	0	1682	56584
HS	280	0	1777	58361
HS	279	0	1713	60074
HS	278	0	1875	61949
HS	277	0	1955	63904
HS	276	0	2060	65964
HS	275	0	2134	68098
HS	274	0	2136	70234
HS	273	0	2271	72505
HS	272	0	2279	74784
HS	271	0	2517	77301
HS	270	0	2619	79920
HS	269	0	2614	82534
HS	268	0	2758	85292
HS	267	0	2833	88125
HS	266	0	2859	90984
HS	265	0	3064	94048
HS	264	0	3317	97365
HS	263	0	3415	100780
HS	262	0	3501	104281
HS	261	0	3628	107909
HS	260	0	3846	111755
HS	259	0	3997	115752
HS	258	0	4114	119866
HS	257	0	4119	123985
HS	256	0	4295	128280
HS	255	0	4551	132831
HS	254	0	4750	137581
HS	253	0	4818	142399
HS	252	0	5006	147405
HS	251	0	5373	152778
HS	250	0	5427	158205
HS	249	0	5786	163991
HS	248	0	6010	170001
HS	247	0	6116	176117
HS	246	0	6358	182475
HS	245	0	6613	189088
HS	244	0	6660	195748
HS	243	0	6980	202728
HS	242	0	7168	209896
HS	241	0	7345	217241
HS	240	0	7626	224867
HS	239	0	7941	232808
HS	238	0	8246	241054
HS	237	0	8456	249510
HS	236	0	8638	258148
HS	235	0	9082	267230
HS	234	0	9403	276633
HS	233	0	9574	286207
HS	232	0	9625	295832
HS	231	0	10004	305836
HS	230	0	10259	316095
HS	229	0	10849	326944
HS	228	0	11033	337977
HS	227	0	11495	349472
HS	226	0	11799	361271
HS	225	0	12282	373553
HS	224	0	12662	386215
HS	223	0	13054	399269
HS	222	0	13446	412715
HS	221	0	13841	426556
HS	220	0	14071	440627
HS	219	0	14647	455274
HS	218	0	15150	470424
HS	217	0	15281	485705
HS	216	0	16180	501885
HS	215	0	16570	518455
HS	214	0	17317	535772
HS	213	0	17644	553416
HS	212	0	18024	571440
HS	211	0	18594	590034
HS	210	0	19390	609424
HS	209	0	19772	629196
HS	208	0	20286	649482
HS	207	0	20937	670419
HS	206	0	21189	691608
HS	205	0	22055	713663
HS	204	0	22675	736338
HS	203	0	23613	759951
HS	202	0	24523	784474
HS	201	0	24929	809403
HS	200	0	25287	834690
HS	199	0	26407	861097
HS	198	0	26757	887854
HS	197	0	27396	915250
HS	196	0	27867	943117
HS	195	0	28996	972113
HS	194	0	29752	1001865
HS	193	0	30180	1032045
HS	192	0	31489	1063534
HS	191	0	31987	1095521
HS	190	0	32538	1128059
HS	189	0	33105	1161164
HS	188	0	33697	1194861
HS	187	0	34812	1229673
HS	186	0	35159	1264832
HS	185	0	36278	1301110
HS	184	0	37255	1338365
HS	183	0	37352	1375717
HS	182	0	38247	1413964
HS	181	0	39189	1453153
HS	180	0	39258	1492411
HS	179	0	39948	1532359
HS	178	0	40651	1573010
HS	177	0	40954	1613964
HS	176	0	41720	1655684
HS	175	0	42186	1697870
HS	174	0	42963	1740833
HS	173	0	43724	1784557
HS	172	0	44345	1828902
HS	171	0	45268	1874170
HS	170	0	45945	1920115
HS	169	0	46273	1966388
HS	168	0	47238	2013626
HS	167	0	48298	2061924
HS	166	0	48600	2110524
HS	165	0	48873	2159397
HS	164	0	49970	2209367
HS	163	0	50579	2259946
HS	162	0	51685	2311631
HS	161	0	51509	2363140
HS	160	0	52549	2415689
HS	159	0	53280	2468969
HS	158	0	53211	2522180
HS	157	0	53446	2575626
HS	156	0	54570	2630196
HS	155	0	55060	2685256
HS	154	0	55179	2740435
HS	153	0	55680	2796115
HS	152	0	56167	2852282
HS	151	0	56070	2908352
HS	150	0	55370	2963722
HS	149	0	56251	3019973
HS	148	0	56087	3076060
HS	147	0	56980	3133040
HS	146	0	56670	3189710
HS	145	0	56556	3246266
HS	144	0	56362	3302628
HS	143	0	56837	3359465
HS	142	0	56104	3415569
HS	141	0	56349	3471918
HS	140	0	56077	3527995
HS	139	0	56536	3584531
HS	138	0	55975	3640506
HS	137	0	55598	3696104
HS	136	0	55107	3751211
HS	135	0	54775	3805986
HS	134	0	53922	3859908
HS	133	0	53379	3913287
HS	132	0	52801	3966088
HS	131	0	52830	4018918
HS	130	0	51749	4070667
HS	129	0	51103	4121770
HS	128	0	50542	4172312
HS	127	0	49801	4222113
HS	126	0	49522	4271635
HS	125	0	48619	4320254
HS	124	0	47697	4367951
HS	123	0	47444	4415395
HS	122	0	46451	4461846
HS	121	0	45771	4507617
HS	120	0	45004	4552621
HS	119	0	44157	4596778
HS	118	0	43153	4639931
HS	117	0	41933	4681864
HS	116	0	40673	4722537
HS	115	0	39890	4762427
HS	114	0	38965	4801392
HS	113	0	38165	4839557
HS	112	0	37003	4876560
HS	111	0	35800	4912360
HS	110	0	34549	4946909
HS	109	0	33922	4980831
HS	108	0	32494	5013325
HS	107	0	31361	5044686
HS	106	0	30006	5074692
HS	105	0	28941	5103633
HS	104	0	27470	5131103
HS	103	0	26581	5157684
HS	102	0	25533	5183217
HS	101	0	24362	5207579
HS	100	0	23464	5231043
HS	99	0	22284	5253327
HS	98	0	21323	5274650
HS	97	0	20396	5295046
HS	96	0	18943	5313989
HS	95	0	17914	5331903
HS	94	0	17236	5349139
HS	93	0	16391	5365530
HS	92	0	15761	5381291
HS	91	0	14733	5396024
HS	90	0	13927	5409951
HS	89	0	13065	5423016
HS	88	0	12269	5435285
HS	87	0	11598	5446883
HS	86	0	11057	5457940
HS	85	0	10332	5468272
HS	84	0	9404	5477676
HS	83	0	8961	5486637
HS	82	0	8223	5494860
HS	81	0	7586	5502446
HS	80	0	7037	5509483
HS	79	0	6708	5516191
HS	78	0	6056	5522247
HS	77	0	5714	5527961
HS	76	0	5115	5533076
HS	75	0	4641	5537717
HS	74	0	4298	5542015
HS	73	0	4163	5546178
HS	72	0	3650	5549828
HS	71	0	3399	5553227
HS	70	0	3014	5556241
HS	69	0	2899	5559140
HS	68	0	2518	5561658
HS	67	0	2374	5564032
HS	66	0	2201	5566233
HS	65	0	1941	5568174
HS	64	0	1741	5569915
HS	63	0	1627	5571542
HS	62	0	1449	5572991
HS	61	0	1347	5574338
HS	60	0	1249	5575587
HS	59	0	1147	5576734
HS	58	0	1071	5577805
HS	57	0	995	5578800
HS	56	0	899	5579699
HS	55	0	793	5580492
HS	54	0	782	5581274
HS	53	0	750	5582024
HS	52	0	702	5582726
HS	51	0	637	5583363
HS	50	0	522	5583885
HS	49	0	477	5584362
HS	48	0	438	5584800
HS	47	0	403	5585203
HS	46	0	295	5585498
HS	45	0	280	5585778
HS	44	0	267	5586045
HS	43	0	275	5586320
HS	42	0	312	5586632
HS	41	0	269	5586901
HS	40	0	246	5587147
HS	39	0	269	5587416
HS	38	0	241	5587657
HS	37	0	208	5587865
HS	36	0	244	5588109
HS	35	0	258	5588367
HS	34	0	280	5588647
HS	33	0	293	5588940
HS	32	0	304	5589244
HS	31	0	337	5589581
HS	30	0	329	5589910
HS	29	0	366	5590276
HS	28	0	370	5590646
HS	27	0	372	5591018
HS	26	0	424	5591442
HS	25	0	557	5591999
HS	24	0	571	5592570
HS	23	0	572	5593142
HS	22	0	681	5593823
HS	21	0	797	5594620
HS	20	0	1015	5595635
HS	19	0	1088	5596723
HS	18	0	1364	5598087
HS	17	0	1739	5599826
HS	16	0	2027	5601853
HS	15	0	2536	5604389
HS	14	0	3096	5607485
HS	13	0	3871	5611356
HS	12	0	5237	5616593
HS	11	0	7599	5624192
HS	10	0	10300	5634492
HS	9	0	14877	5649369
HS	8	0	23812	5673181
HS	7	0	41334	5714515
HS	6	0	78013	5792528
HS	5	0	166094	5958622
HS	4	0	421514	6380136
HS	3	0	1344871	7725007
HS	2	0	8211008	15936015
HS	1	0	0	15936015
HS	0	0	0	15936015
