CC	CT  kmer_occurrence    short_read_kmer_count  raw_input_kmer_count  adjusted_input_kmer_count
CC	FR  fpr_lower_bound    fpr_upper_bound
CC	ER  total_input_kmers  adjusted_error_kmers
CC	CV  coverage
CC	QV  raw_quality_value  adjusted_quality_value
CC
SQ	JAVIVM010000011.1	110370	110340	110340	99.00
SQ	JAVIVM010000010.1	124908	124878	124878	99.00
SQ	JAVIVM010000001.1	1308655	1308625	1308625	99.00
SQ	JAVIVM010000004.1	831255	831225	831225	99.00
SQ	JAVIVM010000002.1	1197562	1197532	1197507	61.72
SQ	JAVIVM010000003.1	1011998	1011968	1011968	99.00
SQ	JAVIVM010000005.1	392894	392864	392864	99.00
SQ	JAVIVM010000007.1	273914	273884	273855	54.67
SQ	JAVIVM010000006.1	283024	282994	282994	99.00
SQ	JAVIVM010000008.1	252886	252856	252856	99.00
SQ	JAVIVM010000009.1	248727	248697	248697	99.00
CT	1023	5866	47376	47376.000
CT	1022	4	12	12.000
CT	1021	2	3	3.000
CT	1020	1	4	4.000
CT	1019	3	12	12.000
CT	1018	3	13	13.000
CT	1017	5	16	16.000
CT	1016	2	5	5.000
CT	1015	2	8	8.000
CT	1014	2	7	7.000
CT	1013	5	12	12.000
CT	1012	1	5	5.000
CT	1011	4	17	17.000
CT	1010	3	11	11.000
CT	1009	2	8	8.000
CT	1008	1	5	5.000
CT	1007	2	10	10.000
CT	1006	1	3	3.000
CT	1005	1	3	3.000
CT	1004	2	8	8.000
CT	1003	1	3	3.000
CT	1002	2	8	8.000
CT	1001	0	0	0.000
CT	1000	2	4	4.000
CT	999	1	5	5.000
CT	998	1	5	5.000
CT	997	4	13	13.000
CT	996	4	10	10.000
CT	995	5	21	21.000
CT	994	4	14	14.000
CT	993	1	5	5.000
CT	992	10	35	35.000
CT	991	1	4	4.000
CT	990	5	13	13.000
CT	989	2	9	9.000
CT	988	2	7	7.000
CT	987	3	10	10.000
CT	986	0	0	0.000
CT	985	2	7	7.000
CT	984	0	0	0.000
CT	983	2	4	4.000
CT	982	5	18	18.000
CT	981	6	18	18.000
CT	980	5	18	18.000
CT	979	5	19	19.000
CT	978	4	15	15.000
CT	977	4	13	13.000
CT	976	5	19	19.000
CT	975	3	11	11.000
CT	974	3	12	12.000
CT	973	6	18	18.000
CT	972	3	10	10.000
CT	971	8	30	30.000
CT	970	7	24	24.000
CT	969	4	13	13.000
CT	968	6	28	28.000
CT	967	2	7	7.000
CT	966	2	6	6.000
CT	965	4	16	16.000
CT	964	1	3	3.000
CT	963	3	11	11.000
CT	962	4	17	17.000
CT	961	3	8	8.000
CT	960	1	3	3.000
CT	959	4	18	18.000
CT	958	5	14	14.000
CT	957	3	12	12.000
CT	956	4	15	15.000
CT	955	1	3	3.000
CT	954	2	7	7.000
CT	953	1	0	0.000
CT	952	2	7	7.000
CT	951	1	0	0.000
CT	950	1	3	3.000
CT	949	2	7	7.000
CT	948	5	7	7.000
CT	947	1	3	3.000
CT	946	2	6	6.000
CT	945	2	7	7.000
CT	944	1	4	4.000
CT	943	2	6	6.000
CT	942	7	18	18.000
CT	941	2	7	7.000
CT	940	3	9	9.000
CT	939	3	9	9.000
CT	938	9	32	32.000
CT	937	4	17	17.000
CT	936	4	14	14.000
CT	935	4	13	13.000
CT	934	5	15	15.000
CT	933	2	9	9.000
CT	932	5	17	17.000
CT	931	7	25	25.000
CT	930	2	9	9.000
CT	929	6	25	25.000
CT	928	2	8	8.000
CT	927	6	21	21.000
CT	926	3	5	5.000
CT	925	5	19	19.000
CT	924	3	10	10.000
CT	923	2	6	6.000
CT	922	6	24	24.000
CT	921	9	39	39.000
CT	920	5	17	17.000
CT	919	10	35	35.000
CT	918	5	10	10.000
CT	917	3	9	9.000
CT	916	3	10	10.000
CT	915	1	5	5.000
CT	914	7	23	23.000
CT	913	5	18	18.000
CT	912	0	0	0.000
CT	911	7	20	20.000
CT	910	4	18	18.000
CT	909	5	21	21.000
CT	908	6	25	25.000
CT	907	2	7	7.000
CT	906	10	36	36.000
CT	905	3	12	12.000
CT	904	7	20	20.000
CT	903	3	10	10.000
CT	902	4	14	14.000
CT	901	3	12	12.000
CT	900	3	13	13.000
CT	899	5	21	21.000
CT	898	2	8	8.000
CT	897	6	27	27.000
CT	896	5	18	18.000
CT	895	1	4	4.000
CT	894	4	16	16.000
CT	893	1	5	5.000
CT	892	0	0	0.000
CT	891	4	15	15.000
CT	890	1	5	5.000
CT	889	0	0	0.000
CT	888	2	9	9.000
CT	887	3	6	6.000
CT	886	0	0	0.000
CT	885	0	0	0.000
CT	884	3	12	12.000
CT	883	1	3	3.000
CT	882	5	18	18.000
CT	881	4	12	12.000
CT	880	2	6	6.000
CT	879	3	6	6.000
CT	878	4	13	13.000
CT	877	4	11	11.000
CT	876	6	22	22.000
CT	875	4	10	10.000
CT	874	6	17	17.000
CT	873	4	7	7.000
CT	872	1	3	3.000
CT	871	3	8	8.000
CT	870	0	0	0.000
CT	869	0	0	0.000
CT	868	3	9	9.000
CT	867	1	3	3.000
CT	866	3	7	7.000
CT	865	3	6	6.000
CT	864	3	11	11.000
CT	863	5	12	12.000
CT	862	4	12	12.000
CT	861	3	10	10.000
CT	860	6	18	18.000
CT	859	3	6	6.000
CT	858	6	17	17.000
CT	857	3	10	10.000
CT	856	3	10	10.000
CT	855	3	11	11.000
CT	854	7	22	22.000
CT	853	8	23	23.000
CT	852	6	17	17.000
CT	851	5	16	16.000
CT	850	7	22	22.000
CT	849	4	10	10.000
CT	848	5	13	13.000
CT	847	3	10	10.000
CT	846	1	3	3.000
CT	845	4	14	14.000
CT	844	4	9	9.000
CT	843	6	22	22.000
CT	842	4	13	13.000
CT	841	1	1	1.000
CT	840	4	14	14.000
CT	839	4	10	10.000
CT	838	5	17	17.000
CT	837	4	12	12.000
CT	836	1	4	4.000
CT	835	1	2	2.000
CT	834	2	7	7.000
CT	833	6	23	23.000
CT	832	3	10	10.000
CT	831	5	14	14.000
CT	830	5	18	18.000
CT	829	2	9	9.000
CT	828	5	11	11.000
CT	827	5	10	10.000
CT	826	5	15	15.000
CT	825	4	8	8.000
CT	824	3	5	5.000
CT	823	1	1	1.000
CT	822	1	3	3.000
CT	821	2	6	6.000
CT	820	4	8	8.000
CT	819	3	9	9.000
CT	818	1	4	4.000
CT	817	3	6	6.000
CT	816	2	7	7.000
CT	815	2	4	4.000
CT	814	1	1	1.000
CT	813	1	1	1.000
CT	812	0	0	0.000
CT	811	1	1	1.000
CT	810	3	6	6.000
CT	809	0	0	0.000
CT	808	4	7	7.000
CT	807	3	9	9.000
CT	806	2	3	3.000
CT	805	4	6	6.000
CT	804	2	6	6.000
CT	803	3	8	8.000
CT	802	6	15	15.000
CT	801	5	16	16.000
CT	800	4	9	9.000
CT	799	2	5	5.000
CT	798	3	10	10.000
CT	797	6	15	15.000
CT	796	3	11	11.000
CT	795	4	10	10.000
CT	794	8	26	26.000
CT	793	5	20	20.000
CT	792	5	12	12.000
CT	791	2	5	5.000
CT	790	3	6	6.000
CT	789	9	24	24.000
CT	788	4	13	13.000
CT	787	17	49	49.000
CT	786	3	11	11.000
CT	785	3	10	10.000
CT	784	1	3	3.000
CT	783	4	12	12.000
CT	782	4	11	11.000
CT	781	4	13	13.000
CT	780	6	19	19.000
CT	779	3	9	9.000
CT	778	3	10	10.000
CT	777	4	12	12.000
CT	776	3	9	9.000
CT	775	1	2	2.000
CT	774	4	14	14.000
CT	773	5	17	17.000
CT	772	6	20	20.000
CT	771	2	8	8.000
CT	770	2	6	6.000
CT	769	4	14	14.000
CT	768	4	14	14.000
CT	767	6	20	20.000
CT	766	7	23	23.000
CT	765	5	13	13.000
CT	764	5	15	15.000
CT	763	3	12	12.000
CT	762	9	30	30.000
CT	761	5	15	15.000
CT	760	7	24	24.000
CT	759	2	8	8.000
CT	758	2	8	8.000
CT	757	3	9	9.000
CT	756	2	5	5.000
CT	755	6	17	17.000
CT	754	4	15	15.000
CT	753	1	4	4.000
CT	752	8	23	23.000
CT	751	8	26	26.000
CT	750	7	20	20.000
CT	749	5	18	18.000
CT	748	7	19	19.000
CT	747	11	31	31.000
CT	746	2	6	6.000
CT	745	7	20	20.000
CT	744	8	19	19.000
CT	743	6	21	21.000
CT	742	5	16	16.000
CT	741	8	17	17.000
CT	740	11	36	36.000
CT	739	9	26	26.000
CT	738	6	16	16.000
CT	737	9	28	28.000
CT	736	7	20	20.000
CT	735	8	21	21.000
CT	734	10	28	28.000
CT	733	10	30	30.000
CT	732	4	8	8.000
CT	731	5	16	16.000
CT	730	8	23	23.000
CT	729	6	18	18.000
CT	728	8	23	23.000
CT	727	6	16	16.000
CT	726	20	64	64.000
CT	725	10	29	29.000
CT	724	8	23	23.000
CT	723	14	43	43.000
CT	722	12	38	38.000
CT	721	6	16	16.000
CT	720	7	21	21.000
CT	719	5	15	15.000
CT	718	8	20	20.000
CT	717	4	13	13.000
CT	716	10	27	27.000
CT	715	9	26	26.000
CT	714	9	22	22.000
CT	713	8	22	22.000
CT	712	5	18	18.000
CT	711	7	17	17.000
CT	710	7	19	19.000
CT	709	6	14	14.000
CT	708	5	12	12.000
CT	707	9	21	21.000
CT	706	9	25	25.000
CT	705	10	24	24.000
CT	704	14	47	47.000
CT	703	15	43	43.000
CT	702	10	28	28.000
CT	701	11	32	32.000
CT	700	12	38	38.000
CT	699	13	35	35.000
CT	698	11	28	28.000
CT	697	15	41	41.000
CT	696	12	35	35.000
CT	695	8	16	16.000
CT	694	7	20	20.000
CT	693	8	25	25.000
CT	692	5	16	16.000
CT	691	10	23	23.000
CT	690	9	29	29.000
CT	689	13	24	24.000
CT	688	9	22	22.000
CT	687	20	52	52.000
CT	686	17	39	39.000
CT	685	12	25	25.000
CT	684	13	28	28.000
CT	683	12	26	26.000
CT	682	10	27	27.000
CT	681	19	37	37.000
CT	680	12	26	26.000
CT	679	13	34	34.000
CT	678	9	24	24.000
CT	677	4	11	11.000
CT	676	11	28	28.000
CT	675	14	40	40.000
CT	674	17	43	43.000
CT	673	13	31	31.000
CT	672	9	20	20.000
CT	671	5	14	14.000
CT	670	15	40	40.000
CT	669	11	21	21.000
CT	668	13	33	33.000
CT	667	8	15	15.000
CT	666	9	25	25.000
CT	665	12	28	28.000
CT	664	10	22	22.000
CT	663	18	51	51.000
CT	662	10	24	24.000
CT	661	8	18	18.000
CT	660	4	11	11.000
CT	659	12	27	27.000
CT	658	16	37	37.000
CT	657	7	17	17.000
CT	656	8	23	23.000
CT	655	6	16	16.000
CT	654	11	26	26.000
CT	653	13	30	30.000
CT	652	15	40	40.000
CT	651	7	21	21.000
CT	650	6	15	15.000
CT	649	12	29	29.000
CT	648	7	18	18.000
CT	647	12	30	30.000
CT	646	9	24	24.000
CT	645	11	28	28.000
CT	644	11	25	25.000
CT	643	13	35	35.000
CT	642	8	21	21.000
CT	641	13	30	30.000
CT	640	11	29	29.000
CT	639	7	19	19.000
CT	638	15	31	31.000
CT	637	12	24	24.000
CT	636	9	21	21.000
CT	635	17	45	45.000
CT	634	10	27	27.000
CT	633	8	19	19.000
CT	632	15	36	36.000
CT	631	5	12	12.000
CT	630	11	30	30.000
CT	629	5	13	13.000
CT	628	13	31	31.000
CT	627	11	26	26.000
CT	626	7	19	19.000
CT	625	9	27	27.000
CT	624	11	28	28.000
CT	623	11	29	29.000
CT	622	6	17	17.000
CT	621	9	22	22.000
CT	620	5	16	16.000
CT	619	3	7	7.000
CT	618	4	11	11.000
CT	617	4	9	9.000
CT	616	3	8	8.000
CT	615	4	12	12.000
CT	614	5	15	15.000
CT	613	4	12	12.000
CT	612	6	15	15.000
CT	611	6	18	18.000
CT	610	8	22	22.000
CT	609	2	6	6.000
CT	608	7	19	19.000
CT	607	7	19	19.000
CT	606	10	27	27.000
CT	605	11	33	33.000
CT	604	9	27	27.000
CT	603	4	11	11.000
CT	602	7	16	16.000
CT	601	7	16	16.000
CT	600	9	24	24.000
CT	599	10	28	28.000
CT	598	9	25	25.000
CT	597	3	8	8.000
CT	596	8	23	23.000
CT	595	7	22	22.000
CT	594	12	33	33.000
CT	593	17	43	43.000
CT	592	12	33	33.000
CT	591	6	17	17.000
CT	590	11	30	30.000
CT	589	10	25	25.000
CT	588	9	24	24.000
CT	587	9	25	25.000
CT	586	11	25	25.000
CT	585	8	17	17.000
CT	584	12	34	34.000
CT	583	9	20	20.000
CT	582	11	28	28.000
CT	581	25	55	55.000
CT	580	14	29	29.000
CT	579	12	27	27.000
CT	578	12	24	24.000
CT	577	12	22	22.000
CT	576	20	51	51.000
CT	575	8	19	19.000
CT	574	11	24	24.000
CT	573	17	36	36.000
CT	572	16	36	36.000
CT	571	17	36	36.000
CT	570	17	38	38.000
CT	569	15	35	35.000
CT	568	14	31	31.000
CT	567	15	30	30.000
CT	566	17	33	33.000
CT	565	13	27	27.000
CT	564	14	29	29.000
CT	563	15	31	31.000
CT	562	11	23	23.000
CT	561	15	30	30.000
CT	560	22	48	48.000
CT	559	13	24	24.000
CT	558	26	52	52.000
CT	557	7	18	18.000
CT	556	18	38	38.000
CT	555	17	37	37.000
CT	554	9	18	18.000
CT	553	14	27	27.000
CT	552	13	20	20.000
CT	551	7	15	15.000
CT	550	12	24	24.000
CT	549	19	33	33.000
CT	548	16	27	27.000
CT	547	12	21	21.000
CT	546	11	26	26.000
CT	545	11	26	26.000
CT	544	7	17	17.000
CT	543	12	33	33.000
CT	542	14	26	26.000
CT	541	15	27	27.000
CT	540	17	41	41.000
CT	539	11	25	25.000
CT	538	13	28	28.000
CT	537	13	27	27.000
CT	536	11	23	23.000
CT	535	14	24	24.000
CT	534	9	20	20.000
CT	533	21	40	40.000
CT	532	10	19	19.000
CT	531	17	29	29.000
CT	530	17	36	36.000
CT	529	16	30	30.000
CT	528	18	33	33.000
CT	527	20	34	34.000
CT	526	15	29	29.000
CT	525	24	46	46.000
CT	524	22	48	48.000
CT	523	11	27	27.000
CT	522	18	35	35.000
CT	521	12	23	23.000
CT	520	15	24	24.000
CT	519	20	34	34.000
CT	518	17	25	25.000
CT	517	9	18	18.000
CT	516	13	24	24.000
CT	515	12	20	20.000
CT	514	19	35	35.000
CT	513	16	29	29.000
CT	512	22	42	42.000
CT	511	20	40	40.000
CT	510	19	32	32.000
CT	509	21	34	34.000
CT	508	17	27	27.000
CT	507	15	25	25.000
CT	506	23	41	41.000
CT	505	24	51	51.000
CT	504	18	34	34.000
CT	503	12	21	21.000
CT	502	20	40	40.000
CT	501	18	30	30.000
CT	500	27	51	51.000
CT	499	17	36	36.000
CT	498	13	22	22.000
CT	497	23	48	48.000
CT	496	23	44	44.000
CT	495	27	54	54.000
CT	494	24	46	46.000
CT	493	8	15	15.000
CT	492	15	30	30.000
CT	491	15	28	28.000
CT	490	19	36	36.000
CT	489	17	31	31.000
CT	488	18	28	28.000
CT	487	24	33	33.000
CT	486	21	29	29.000
CT	485	23	41	41.000
CT	484	21	32	32.000
CT	483	16	23	23.000
CT	482	24	35	35.000
CT	481	26	36	36.000
CT	480	36	53	53.000
CT	479	29	48	48.000
CT	478	29	46	46.000
CT	477	39	58	58.000
CT	476	25	36	36.000
CT	475	40	58	58.000
CT	474	41	55	55.000
CT	473	42	51	51.000
CT	472	39	56	56.000
CT	471	44	53	53.000
CT	470	43	60	60.000
CT	469	46	61	61.000
CT	468	32	44	44.000
CT	467	43	56	56.000
CT	466	56	80	80.000
CT	465	46	62	62.000
CT	464	38	47	47.000
CT	463	39	56	56.000
CT	462	43	57	57.000
CT	461	54	71	71.000
CT	460	44	53	53.000
CT	459	40	59	59.000
CT	458	48	66	66.000
CT	457	51	66	66.000
CT	456	62	67	67.000
CT	455	50	62	62.000
CT	454	47	51	51.000
CT	453	73	94	94.000
CT	452	60	69	69.000
CT	451	68	88	88.000
CT	450	46	60	60.000
CT	449	65	84	84.000
CT	448	57	60	60.000
CT	447	65	75	75.000
CT	446	58	72	72.000
CT	445	75	90	90.000
CT	444	83	98	98.000
CT	443	70	82	82.000
CT	442	69	92	92.000
CT	441	77	94	94.000
CT	440	100	123	123.000
CT	439	99	112	112.000
CT	438	80	96	96.000
CT	437	80	97	97.000
CT	436	89	116	116.000
CT	435	92	110	110.000
CT	434	109	133	133.000
CT	433	111	136	136.000
CT	432	88	102	102.000
CT	431	102	128	128.000
CT	430	98	121	121.000
CT	429	99	123	123.000
CT	428	109	123	123.000
CT	427	106	114	114.000
CT	426	99	111	111.000
CT	425	105	125	125.000
CT	424	103	117	117.000
CT	423	112	136	136.000
CT	422	127	153	153.000
CT	421	124	150	150.000
CT	420	132	155	155.000
CT	419	151	187	187.000
CT	418	112	126	126.000
CT	417	125	149	149.000
CT	416	147	174	174.000
CT	415	129	150	150.000
CT	414	128	150	150.000
CT	413	135	145	145.000
CT	412	154	168	168.000
CT	411	165	185	185.000
CT	410	171	193	193.000
CT	409	161	178	178.000
CT	408	177	194	194.000
CT	407	173	196	196.000
CT	406	197	220	220.000
CT	405	192	224	224.000
CT	404	215	227	227.000
CT	403	200	223	223.000
CT	402	224	250	250.000
CT	401	230	253	253.000
CT	400	246	276	276.000
CT	399	251	278	278.000
CT	398	256	275	275.000
CT	397	278	288	288.000
CT	396	315	338	338.000
CT	395	301	317	317.000
CT	394	316	334	334.000
CT	393	340	356	356.000
CT	392	340	355	355.000
CT	391	356	374	374.000
CT	390	344	354	354.000
CT	389	358	373	373.000
CT	388	377	395	395.000
CT	387	366	381	381.000
CT	386	412	430	430.000
CT	385	382	405	405.000
CT	384	384	401	401.000
CT	383	390	411	411.000
CT	382	434	459	459.000
CT	381	447	467	467.000
CT	380	470	488	488.000
CT	379	447	462	462.000
CT	378	467	484	484.000
CT	377	465	484	484.000
CT	376	465	493	493.000
CT	375	476	499	499.000
CT	374	485	498	498.000
CT	373	467	487	487.000
CT	372	531	533	533.000
CT	371	535	544	544.000
CT	370	549	560	560.000
CT	369	607	622	622.000
CT	368	532	550	550.000
CT	367	562	573	573.000
CT	366	549	572	572.000
CT	365	602	612	612.000
CT	364	652	664	664.000
CT	363	681	686	686.000
CT	362	641	648	648.000
CT	361	674	696	696.000
CT	360	676	690	690.000
CT	359	724	734	734.000
CT	358	749	754	754.000
CT	357	748	771	771.000
CT	356	826	844	844.000
CT	355	812	818	818.000
CT	354	792	797	797.000
CT	353	876	881	881.000
CT	352	904	915	915.000
CT	351	935	939	939.000
CT	350	980	987	987.000
CT	349	1007	1017	1017.000
CT	348	1048	1052	1052.000
CT	347	1089	1106	1106.000
CT	346	1142	1147	1147.000
CT	345	1108	1116	1116.000
CT	344	1201	1218	1218.000
CT	343	1287	1298	1298.000
CT	342	1231	1235	1235.000
CT	341	1266	1268	1268.000
CT	340	1417	1420	1420.000
CT	339	1423	1438	1438.000
CT	338	1543	1552	1552.000
CT	337	1589	1599	1599.000
CT	336	1568	1574	1574.000
CT	335	1689	1695	1695.000
CT	334	1746	1746	1746.000
CT	333	1780	1785	1785.000
CT	332	1925	1934	1934.000
CT	331	1963	1971	1971.000
CT	330	2132	2146	2146.000
CT	329	2108	2105	2105.000
CT	328	2173	2179	2179.000
CT	327	2296	2288	2288.000
CT	326	2351	2347	2347.000
CT	325	2560	2553	2553.000
CT	324	2466	2476	2476.000
CT	323	2516	2531	2531.000
CT	322	2618	2625	2625.000
CT	321	2702	2712	2712.000
CT	320	2707	2728	2728.000
CT	319	2763	2768	2768.000
CT	318	2900	2907	2907.000
CT	317	2962	2983	2983.000
CT	316	3092	3101	3101.000
CT	315	3142	3141	3141.000
CT	314	3271	3261	3261.000
CT	313	3412	3410	3410.000
CT	312	3512	3498	3498.000
CT	311	3646	3628	3628.000
CT	310	3717	3719	3719.000
CT	309	3859	3851	3851.000
CT	308	4085	4073	4073.000
CT	307	4168	4155	4155.000
CT	306	4201	4180	4180.000
CT	305	4336	4323	4323.000
CT	304	4469	4448	4448.000
CT	303	4652	4624	4624.000
CT	302	4796	4756	4756.000
CT	301	4776	4756	4756.000
CT	300	5013	5000	5000.000
CT	299	5118	5097	5097.000
CT	298	5337	5308	5308.000
CT	297	5385	5354	5354.000
CT	296	5551	5524	5524.000
CT	295	5543	5514	5514.000
CT	294	5984	5948	5948.000
CT	293	6063	6038	6038.000
CT	292	6274	6252	6252.000
CT	291	6438	6411	6411.000
CT	290	6625	6584	6584.000
CT	289	6638	6616	6616.000
CT	288	6815	6783	6783.000
CT	287	7167	7145	7145.000
CT	286	7456	7427	7427.000
CT	285	7524	7491	7491.000
CT	284	7767	7737	7737.000
CT	283	7874	7832	7832.000
CT	282	8187	8165	8165.000
CT	281	8351	8312	8312.000
CT	280	8502	8438	8438.000
CT	279	8822	8784	8784.000
CT	278	9081	9031	9031.000
CT	277	9289	9227	9227.000
CT	276	9425	9380	9380.000
CT	275	9758	9701	9701.000
CT	274	9957	9900	9900.000
CT	273	10254	10200	10200.000
CT	272	10469	10387	10387.000
CT	271	11022	10949	10949.000
CT	270	11104	11041	11041.000
CT	269	11314	11226	11226.000
CT	268	11789	11716	11716.000
CT	267	12232	12157	12157.000
CT	266	12464	12378	12378.000
CT	265	12982	12914	12914.000
CT	264	13458	13371	13371.000
CT	263	13500	13425	13425.000
CT	262	13838	13759	13759.000
CT	261	14258	14171	14171.000
CT	260	14514	14403	14403.000
CT	259	14852	14740	14740.000
CT	258	15176	15061	15061.000
CT	257	15242	15147	15147.000
CT	256	15812	15696	15696.000
CT	255	15774	15650	15650.000
CT	254	16185	16076	16076.000
CT	253	16753	16637	16637.000
CT	252	16799	16664	16664.000
CT	251	17083	16959	16959.000
CT	250	17771	17633	17633.000
CT	249	17976	17860	17860.000
CT	248	18284	18157	18157.000
CT	247	18719	18606	18606.000
CT	246	19324	19182	19182.000
CT	245	19343	19225	19225.000
CT	244	19653	19505	19505.000
CT	243	20283	20109	20109.000
CT	242	20500	20351	20351.000
CT	241	21227	21088	21088.000
CT	240	21630	21466	21466.000
CT	239	21989	21848	21848.000
CT	238	22077	21918	21918.000
CT	237	22912	22743	22743.000
CT	236	23189	23034	23034.000
CT	235	23680	23514	23514.000
CT	234	24033	23901	23901.000
CT	233	24782	24633	24633.000
CT	232	24705	24572	24572.000
CT	231	24983	24850	24850.000
CT	230	25617	25483	25483.000
CT	229	26118	25981	25981.000
CT	228	26352	26216	26216.000
CT	227	26608	26477	26477.000
CT	226	27530	27411	27411.000
CT	225	27522	27387	27387.000
CT	224	27735	27586	27586.000
CT	223	28269	28121	28121.000
CT	222	28704	28569	28569.000
CT	221	29103	28998	28998.000
CT	220	29331	29197	29197.000
CT	219	29562	29416	29416.000
CT	218	29997	29838	29838.000
CT	217	30313	30160	30160.000
CT	216	30527	30386	30386.000
CT	215	30914	30752	30752.000
CT	214	31094	30908	30908.000
CT	213	31441	31308	31308.000
CT	212	32102	31954	31954.000
CT	211	32238	32113	32113.000
CT	210	32697	32539	32539.000
CT	209	33365	33242	33242.000
CT	208	33863	33712	33712.000
CT	207	33991	33858	33858.000
CT	206	34492	34366	34366.000
CT	205	34793	34668	34668.000
CT	204	35534	35388	35388.000
CT	203	35861	35737	35737.000
CT	202	35869	35715	35715.000
CT	201	36405	36271	36271.000
CT	200	36435	36292	36292.000
CT	199	36999	36876	36876.000
CT	198	37368	37253	37253.000
CT	197	37509	37370	37370.000
CT	196	37588	37438	37438.000
CT	195	38104	37939	37939.000
CT	194	38121	37959	37959.000
CT	193	38611	38413	38413.000
CT	192	38849	38680	38680.000
CT	191	39164	39001	39001.000
CT	190	39483	39320	39320.000
CT	189	39543	39398	39398.000
CT	188	39491	39295	39295.000
CT	187	40258	40079	40079.000
CT	186	40143	39967	39967.000
CT	185	40678	40514	40514.000
CT	184	41176	40988	40988.000
CT	183	41130	40918	40918.000
CT	182	40951	40729	40729.000
CT	181	41852	41628	41628.000
CT	180	42024	41821	41821.000
CT	179	42051	41855	41855.000
CT	178	42363	42166	42166.000
CT	177	41846	41648	41648.000
CT	176	42472	42255	42255.000
CT	175	42568	42375	42375.000
CT	174	41886	41699	41699.000
CT	173	42345	42135	42135.000
CT	172	42638	42448	42448.000
CT	171	42739	42523	42523.000
CT	170	43072	42829	42829.000
CT	169	42541	42331	42331.000
CT	168	42836	42650	42650.000
CT	167	43127	42894	42894.000
CT	166	43477	43225	43225.000
CT	165	43370	43145	43145.000
CT	164	43678	43441	43441.000
CT	163	43136	42901	42901.000
CT	162	43548	43298	43298.000
CT	161	42975	42745	42745.000
CT	160	43275	43057	43057.000
CT	159	43375	43115	43115.000
CT	158	43427	43169	43169.000
CT	157	42994	42764	42764.000
CT	156	42743	42479	42479.000
CT	155	42772	42532	42532.000
CT	154	42771	42482	42482.000
CT	153	42468	42180	42180.000
CT	152	41951	41687	41687.000
CT	151	41484	41213	41213.000
CT	150	41318	41033	41033.000
CT	149	40571	40313	40313.000
CT	148	40447	40217	40217.000
CT	147	40546	40328	40328.000
CT	146	40526	40273	40273.000
CT	145	40285	40017	40017.000
CT	144	40131	39875	39875.000
CT	143	39685	39437	39437.000
CT	142	39161	38883	38883.000
CT	141	39174	38908	38908.000
CT	140	38533	38254	38254.000
CT	139	38183	37910	37910.000
CT	138	37976	37727	37727.000
CT	137	37992	37722	37722.000
CT	136	37653	37377	37377.000
CT	135	37660	37391	37391.000
CT	134	36743	36514	36514.000
CT	133	36578	36345	36345.000
CT	132	36266	36047	36047.000
CT	131	35851	35628	35628.000
CT	130	35240	34969	34969.000
CT	129	34523	34278	34278.000
CT	128	34327	34128	34128.000
CT	127	33963	33767	33767.000
CT	126	33181	32962	32962.000
CT	125	33006	32797	32797.000
CT	124	32349	32160	32160.000
CT	123	31959	31754	31754.000
CT	122	31374	31218	31218.000
CT	121	30952	30777	30777.000
CT	120	30604	30426	30426.000
CT	119	29991	29817	29817.000
CT	118	29620	29463	29463.000
CT	117	29178	29006	29006.000
CT	116	28659	28450	28450.000
CT	115	27701	27504	27504.000
CT	114	26977	26747	26747.000
CT	113	26344	26128	26128.000
CT	112	25952	25734	25734.000
CT	111	25162	24944	24944.000
CT	110	25057	24834	24834.000
CT	109	24437	24208	24208.000
CT	108	23625	23400	23400.000
CT	107	23124	22869	22869.000
CT	106	22412	22167	22167.000
CT	105	21210	20983	20983.000
CT	104	20705	20509	20509.000
CT	103	20208	19998	19998.000
CT	102	19352	19141	19141.000
CT	101	18765	18504	18504.000
CT	100	18119	17902	17902.000
CT	99	17486	17274	17274.000
CT	98	17026	16758	16758.000
CT	97	16427	16211	16211.000
CT	96	15771	15522	15522.000
CT	95	15106	14839	14839.000
CT	94	14629	14302	14302.000
CT	93	13696	13401	13401.000
CT	92	13092	12848	12848.000
CT	91	12350	12088	12088.000
CT	90	11875	11630	11630.000
CT	89	11143	10914	10914.000
CT	88	10603	10346	10346.000
CT	87	9965	9736	9736.000
CT	86	9404	9204	9204.000
CT	85	8764	8553	8553.000
CT	84	8217	8003	8003.000
CT	83	7705	7529	7529.000
CT	82	7181	6967	6967.000
CT	81	6982	6790	6790.000
CT	80	6705	6521	6521.000
CT	79	6002	5797	5797.000
CT	78	5570	5369	5369.000
CT	77	5249	5050	5050.000
CT	76	4904	4736	4736.000
CT	75	4393	4230	4230.000
CT	74	4010	3840	3840.000
CT	73	3608	3473	3473.000
CT	72	3309	3179	3179.000
CT	71	2934	2799	2799.000
CT	70	2602	2457	2457.000
CT	69	2322	2217	2217.000
CT	68	2173	2066	2066.000
CT	67	2001	1926	1926.000
CT	66	1838	1772	1772.000
CT	65	1607	1516	1516.000
CT	64	1396	1324	1324.000
CT	63	1222	1133	1133.000
CT	62	1083	997	997.000
CT	61	1043	958	958.000
CT	60	839	751	751.000
CT	59	696	600	600.000
CT	58	639	554	554.000
CT	57	540	451	451.000
CT	56	573	466	466.000
CT	55	562	434	434.000
CT	54	464	348	348.000
CT	53	449	328	328.000
CT	52	433	282	282.000
CT	51	433	264	264.000
CT	50	432	260	260.000
CT	49	403	205	205.000
CT	48	457	199	199.000
CT	47	502	206	206.000
CT	46	477	166	166.000
CT	45	486	132	132.000
CT	44	564	136	136.000
CT	43	540	86	86.000
CT	42	571	103	103.000
CT	41	622	99	99.000
CT	40	696	90	90.000
CT	39	749	78	78.000
CT	38	905	58	58.000
CT	37	903	48	48.000
CT	36	1062	43	43.000
CT	35	1172	41	41.000
CT	34	1252	46	46.000
CT	33	1620	52	52.000
CT	32	1860	46	46.000
CT	31	2207	28	28.000
CT	30	2692	38	38.000
CT	29	3107	42	42.000
CT	28	3434	22	22.000
CT	27	3767	32	32.000
CT	26	4318	58	58.000
CT	25	5258	64	64.000
CT	24	6253	47	47.000
CT	23	7422	42	42.000
CT	22	9168	56	56.000
CT	21	10833	37	37.000
CT	20	12905	50	50.000
CT	19	15281	29	29.000
CT	18	18925	36	36.000
CT	17	22303	36	36.000
CT	16	28052	19	19.000
CT	15	34587	14	14.000
CT	14	43786	23	23.000
CT	13	55120	18	18.000
CT	12	69121	34	34.000
CT	11	91494	49	49.000
CT	10	119943	12	12.000
CT	9	167152	9	9.000
CT	8	240622	20	20.000
CT	7	364772	13	13.000
CT	6	588687	16	16.000
CT	5	1043864	38	38.000
CT	4	2091444	10	10.000
CT	3	5010403	0	0.000
CT	2	16239954	0	0.000
CT	1	0	0	-nan
CT	0	0	54	-nan
FR	0	0
ER	6035863	0.000
CV	0.995
QV	65.397	65.397
