HS	1023	0	5866	5866
HS	1022	0	4	5870
HS	1021	0	2	5872
HS	1020	0	1	5873
HS	1019	0	3	5876
HS	1018	0	3	5879
HS	1017	0	5	5884
HS	1016	0	2	5886
HS	1015	0	2	5888
HS	1014	0	2	5890
HS	1013	0	5	5895
HS	1012	0	1	5896
HS	1011	0	4	5900
HS	1010	0	3	5903
HS	1009	0	2	5905
HS	1008	0	1	5906
HS	1007	0	2	5908
HS	1006	0	1	5909
HS	1005	0	1	5910
HS	1004	0	2	5912
HS	1003	0	1	5913
HS	1002	0	2	5915
HS	1001	0	0	5915
HS	1000	0	2	5917
HS	999	0	1	5918
HS	998	0	1	5919
HS	997	0	4	5923
HS	996	0	4	5927
HS	995	0	5	5932
HS	994	0	4	5936
HS	993	0	1	5937
HS	992	0	10	5947
HS	991	0	1	5948
HS	990	0	5	5953
HS	989	0	2	5955
HS	988	0	2	5957
HS	987	0	3	5960
HS	986	0	0	5960
HS	985	0	2	5962
HS	984	0	0	5962
HS	983	0	2	5964
HS	982	0	5	5969
HS	981	0	6	5975
HS	980	0	5	5980
HS	979	0	5	5985
HS	978	0	4	5989
HS	977	0	4	5993
HS	976	0	5	5998
HS	975	0	3	6001
HS	974	0	3	6004
HS	973	0	6	6010
HS	972	0	3	6013
HS	971	0	8	6021
HS	970	0	7	6028
HS	969	0	4	6032
HS	968	0	6	6038
HS	967	0	2	6040
HS	966	0	2	6042
HS	965	0	4	6046
HS	964	0	1	6047
HS	963	0	3	6050
HS	962	0	4	6054
HS	961	0	3	6057
HS	960	0	1	6058
HS	959	0	4	6062
HS	958	0	5	6067
HS	957	0	3	6070
HS	956	0	4	6074
HS	955	0	1	6075
HS	954	0	2	6077
HS	953	0	1	6078
HS	952	0	2	6080
HS	951	0	1	6081
HS	950	0	1	6082
HS	949	0	2	6084
HS	948	0	5	6089
HS	947	0	1	6090
HS	946	0	2	6092
HS	945	0	2	6094
HS	944	0	1	6095
HS	943	0	2	6097
HS	942	0	7	6104
HS	941	0	2	6106
HS	940	0	3	6109
HS	939	0	3	6112
HS	938	0	9	6121
HS	937	0	4	6125
HS	936	0	4	6129
HS	935	0	4	6133
HS	934	0	5	6138
HS	933	0	2	6140
HS	932	0	5	6145
HS	931	0	7	6152
HS	930	0	2	6154
HS	929	0	6	6160
HS	928	0	2	6162
HS	927	0	6	6168
HS	926	0	3	6171
HS	925	0	5	6176
HS	924	0	3	6179
HS	923	0	2	6181
HS	922	0	6	6187
HS	921	0	9	6196
HS	920	0	5	6201
HS	919	0	10	6211
HS	918	0	5	6216
HS	917	0	3	6219
HS	916	0	3	6222
HS	915	0	1	6223
HS	914	0	7	6230
HS	913	0	5	6235
HS	912	0	0	6235
HS	911	0	7	6242
HS	910	0	4	6246
HS	909	0	5	6251
HS	908	0	6	6257
HS	907	0	2	6259
HS	906	0	10	6269
HS	905	0	3	6272
HS	904	0	7	6279
HS	903	0	3	6282
HS	902	0	4	6286
HS	901	0	3	6289
HS	900	0	3	6292
HS	899	0	5	6297
HS	898	0	2	6299
HS	897	0	6	6305
HS	896	0	5	6310
HS	895	0	1	6311
HS	894	0	4	6315
HS	893	0	1	6316
HS	892	0	0	6316
HS	891	0	4	6320
HS	890	0	1	6321
HS	889	0	0	6321
HS	888	0	2	6323
HS	887	0	3	6326
HS	886	0	0	6326
HS	885	0	0	6326
HS	884	0	3	6329
HS	883	0	1	6330
HS	882	0	5	6335
HS	881	0	4	6339
HS	880	0	2	6341
HS	879	0	3	6344
HS	878	0	4	6348
HS	877	0	4	6352
HS	876	0	6	6358
HS	875	0	4	6362
HS	874	0	6	6368
HS	873	0	4	6372
HS	872	0	1	6373
HS	871	0	3	6376
HS	870	0	0	6376
HS	869	0	0	6376
HS	868	0	3	6379
HS	867	0	1	6380
HS	866	0	3	6383
HS	865	0	3	6386
HS	864	0	3	6389
HS	863	0	5	6394
HS	862	0	4	6398
HS	861	0	3	6401
HS	860	0	6	6407
HS	859	0	3	6410
HS	858	0	6	6416
HS	857	0	3	6419
HS	856	0	3	6422
HS	855	0	3	6425
HS	854	0	7	6432
HS	853	0	8	6440
HS	852	0	6	6446
HS	851	0	5	6451
HS	850	0	7	6458
HS	849	0	4	6462
HS	848	0	5	6467
HS	847	0	3	6470
HS	846	0	1	6471
HS	845	0	4	6475
HS	844	0	4	6479
HS	843	0	6	6485
HS	842	0	4	6489
HS	841	0	1	6490
HS	840	0	4	6494
HS	839	0	4	6498
HS	838	0	5	6503
HS	837	0	4	6507
HS	836	0	1	6508
HS	835	0	1	6509
HS	834	0	2	6511
HS	833	0	6	6517
HS	832	0	3	6520
HS	831	0	5	6525
HS	830	0	5	6530
HS	829	0	2	6532
HS	828	0	5	6537
HS	827	0	5	6542
HS	826	0	5	6547
HS	825	0	4	6551
HS	824	0	3	6554
HS	823	0	1	6555
HS	822	0	1	6556
HS	821	0	2	6558
HS	820	0	4	6562
HS	819	0	3	6565
HS	818	0	1	6566
HS	817	0	3	6569
HS	816	0	2	6571
HS	815	0	2	6573
HS	814	0	1	6574
HS	813	0	1	6575
HS	812	0	0	6575
HS	811	0	1	6576
HS	810	0	3	6579
HS	809	0	0	6579
HS	808	0	4	6583
HS	807	0	3	6586
HS	806	0	2	6588
HS	805	0	4	6592
HS	804	0	2	6594
HS	803	0	3	6597
HS	802	0	6	6603
HS	801	0	5	6608
HS	800	0	4	6612
HS	799	0	2	6614
HS	798	0	3	6617
HS	797	0	6	6623
HS	796	0	3	6626
HS	795	0	4	6630
HS	794	0	8	6638
HS	793	0	5	6643
HS	792	0	5	6648
HS	791	0	2	6650
HS	790	0	3	6653
HS	789	0	9	6662
HS	788	0	4	6666
HS	787	0	17	6683
HS	786	0	3	6686
HS	785	0	3	6689
HS	784	0	1	6690
HS	783	0	4	6694
HS	782	0	4	6698
HS	781	0	4	6702
HS	780	0	6	6708
HS	779	0	3	6711
HS	778	0	3	6714
HS	777	0	4	6718
HS	776	0	3	6721
HS	775	0	1	6722
HS	774	0	4	6726
HS	773	0	5	6731
HS	772	0	6	6737
HS	771	0	2	6739
HS	770	0	2	6741
HS	769	0	4	6745
HS	768	0	4	6749
HS	767	0	6	6755
HS	766	0	7	6762
HS	765	0	5	6767
HS	764	0	5	6772
HS	763	0	3	6775
HS	762	0	9	6784
HS	761	0	5	6789
HS	760	0	7	6796
HS	759	0	2	6798
HS	758	0	2	6800
HS	757	0	3	6803
HS	756	0	2	6805
HS	755	0	6	6811
HS	754	0	4	6815
HS	753	0	1	6816
HS	752	0	8	6824
HS	751	0	8	6832
HS	750	0	7	6839
HS	749	0	5	6844
HS	748	0	7	6851
HS	747	0	11	6862
HS	746	0	2	6864
HS	745	0	7	6871
HS	744	0	8	6879
HS	743	0	6	6885
HS	742	0	5	6890
HS	741	0	8	6898
HS	740	0	11	6909
HS	739	0	9	6918
HS	738	0	6	6924
HS	737	0	9	6933
HS	736	0	7	6940
HS	735	0	8	6948
HS	734	0	10	6958
HS	733	0	10	6968
HS	732	0	4	6972
HS	731	0	5	6977
HS	730	0	8	6985
HS	729	0	6	6991
HS	728	0	8	6999
HS	727	0	6	7005
HS	726	0	20	7025
HS	725	0	10	7035
HS	724	0	8	7043
HS	723	0	14	7057
HS	722	0	12	7069
HS	721	0	6	7075
HS	720	0	7	7082
HS	719	0	5	7087
HS	718	0	8	7095
HS	717	0	4	7099
HS	716	0	10	7109
HS	715	0	9	7118
HS	714	0	9	7127
HS	713	0	8	7135
HS	712	0	5	7140
HS	711	0	7	7147
HS	710	0	7	7154
HS	709	0	6	7160
HS	708	0	5	7165
HS	707	0	9	7174
HS	706	0	9	7183
HS	705	0	10	7193
HS	704	0	14	7207
HS	703	0	15	7222
HS	702	0	10	7232
HS	701	0	11	7243
HS	700	0	12	7255
HS	699	0	13	7268
HS	698	0	11	7279
HS	697	0	15	7294
HS	696	0	12	7306
HS	695	0	8	7314
HS	694	0	7	7321
HS	693	0	8	7329
HS	692	0	5	7334
HS	691	0	10	7344
HS	690	0	9	7353
HS	689	0	13	7366
HS	688	0	9	7375
HS	687	0	20	7395
HS	686	0	17	7412
HS	685	0	12	7424
HS	684	0	13	7437
HS	683	0	12	7449
HS	682	0	10	7459
HS	681	0	19	7478
HS	680	0	12	7490
HS	679	0	13	7503
HS	678	0	9	7512
HS	677	0	4	7516
HS	676	0	11	7527
HS	675	0	14	7541
HS	674	0	17	7558
HS	673	0	13	7571
HS	672	0	9	7580
HS	671	0	5	7585
HS	670	0	15	7600
HS	669	0	11	7611
HS	668	0	13	7624
HS	667	0	8	7632
HS	666	0	9	7641
HS	665	0	12	7653
HS	664	0	10	7663
HS	663	0	18	7681
HS	662	0	10	7691
HS	661	0	8	7699
HS	660	0	4	7703
HS	659	0	12	7715
HS	658	0	16	7731
HS	657	0	7	7738
HS	656	0	8	7746
HS	655	0	6	7752
HS	654	0	11	7763
HS	653	0	13	7776
HS	652	0	15	7791
HS	651	0	7	7798
HS	650	0	6	7804
HS	649	0	12	7816
HS	648	0	7	7823
HS	647	0	12	7835
HS	646	0	9	7844
HS	645	0	11	7855
HS	644	0	11	7866
HS	643	0	13	7879
HS	642	0	8	7887
HS	641	0	13	7900
HS	640	0	11	7911
HS	639	0	7	7918
HS	638	0	15	7933
HS	637	0	12	7945
HS	636	0	9	7954
HS	635	0	17	7971
HS	634	0	10	7981
HS	633	0	8	7989
HS	632	0	15	8004
HS	631	0	5	8009
HS	630	0	11	8020
HS	629	0	5	8025
HS	628	0	13	8038
HS	627	0	11	8049
HS	626	0	7	8056
HS	625	0	9	8065
HS	624	0	11	8076
HS	623	0	11	8087
HS	622	0	6	8093
HS	621	0	9	8102
HS	620	0	5	8107
HS	619	0	3	8110
HS	618	0	4	8114
HS	617	0	4	8118
HS	616	0	3	8121
HS	615	0	4	8125
HS	614	0	5	8130
HS	613	0	4	8134
HS	612	0	6	8140
HS	611	0	6	8146
HS	610	0	8	8154
HS	609	0	2	8156
HS	608	0	7	8163
HS	607	0	7	8170
HS	606	0	10	8180
HS	605	0	11	8191
HS	604	0	9	8200
HS	603	0	4	8204
HS	602	0	7	8211
HS	601	0	7	8218
HS	600	0	9	8227
HS	599	0	10	8237
HS	598	0	9	8246
HS	597	0	3	8249
HS	596	0	8	8257
HS	595	0	7	8264
HS	594	0	12	8276
HS	593	0	17	8293
HS	592	0	12	8305
HS	591	0	6	8311
HS	590	0	11	8322
HS	589	0	10	8332
HS	588	0	9	8341
HS	587	0	9	8350
HS	586	0	11	8361
HS	585	0	8	8369
HS	584	0	12	8381
HS	583	0	9	8390
HS	582	0	11	8401
HS	581	0	25	8426
HS	580	0	14	8440
HS	579	0	12	8452
HS	578	0	12	8464
HS	577	0	12	8476
HS	576	0	20	8496
HS	575	0	8	8504
HS	574	0	11	8515
HS	573	0	17	8532
HS	572	0	16	8548
HS	571	0	17	8565
HS	570	0	17	8582
HS	569	0	15	8597
HS	568	0	14	8611
HS	567	0	15	8626
HS	566	0	17	8643
HS	565	0	13	8656
HS	564	0	14	8670
HS	563	0	15	8685
HS	562	0	11	8696
HS	561	0	15	8711
HS	560	0	22	8733
HS	559	0	13	8746
HS	558	0	26	8772
HS	557	0	7	8779
HS	556	0	18	8797
HS	555	0	17	8814
HS	554	0	9	8823
HS	553	0	14	8837
HS	552	0	13	8850
HS	551	0	7	8857
HS	550	0	12	8869
HS	549	0	19	8888
HS	548	0	16	8904
HS	547	0	12	8916
HS	546	0	11	8927
HS	545	0	11	8938
HS	544	0	7	8945
HS	543	0	12	8957
HS	542	0	14	8971
HS	541	0	15	8986
HS	540	0	17	9003
HS	539	0	11	9014
HS	538	0	13	9027
HS	537	0	13	9040
HS	536	0	11	9051
HS	535	0	14	9065
HS	534	0	9	9074
HS	533	0	21	9095
HS	532	0	10	9105
HS	531	0	17	9122
HS	530	0	17	9139
HS	529	0	16	9155
HS	528	0	18	9173
HS	527	0	20	9193
HS	526	0	15	9208
HS	525	0	24	9232
HS	524	0	22	9254
HS	523	0	11	9265
HS	522	0	18	9283
HS	521	0	12	9295
HS	520	0	15	9310
HS	519	0	20	9330
HS	518	0	17	9347
HS	517	0	9	9356
HS	516	0	13	9369
HS	515	0	12	9381
HS	514	0	19	9400
HS	513	0	16	9416
HS	512	0	22	9438
HS	511	0	20	9458
HS	510	0	19	9477
HS	509	0	21	9498
HS	508	0	17	9515
HS	507	0	15	9530
HS	506	0	23	9553
HS	505	0	24	9577
HS	504	0	18	9595
HS	503	0	12	9607
HS	502	0	20	9627
HS	501	0	18	9645
HS	500	0	27	9672
HS	499	0	17	9689
HS	498	0	13	9702
HS	497	0	23	9725
HS	496	0	23	9748
HS	495	0	27	9775
HS	494	0	24	9799
HS	493	0	8	9807
HS	492	0	15	9822
HS	491	0	15	9837
HS	490	0	19	9856
HS	489	0	17	9873
HS	488	0	18	9891
HS	487	0	24	9915
HS	486	0	21	9936
HS	485	0	23	9959
HS	484	0	21	9980
HS	483	0	16	9996
HS	482	0	24	10020
HS	481	0	26	10046
HS	480	0	36	10082
HS	479	0	29	10111
HS	478	0	29	10140
HS	477	0	39	10179
HS	476	0	25	10204
HS	475	0	40	10244
HS	474	0	41	10285
HS	473	0	42	10327
HS	472	0	39	10366
HS	471	0	44	10410
HS	470	0	43	10453
HS	469	0	46	10499
HS	468	0	32	10531
HS	467	0	43	10574
HS	466	0	56	10630
HS	465	0	46	10676
HS	464	0	38	10714
HS	463	0	39	10753
HS	462	0	43	10796
HS	461	0	54	10850
HS	460	0	44	10894
HS	459	0	40	10934
HS	458	0	48	10982
HS	457	0	51	11033
HS	456	0	62	11095
HS	455	0	50	11145
HS	454	0	47	11192
HS	453	0	73	11265
HS	452	0	60	11325
HS	451	0	68	11393
HS	450	0	46	11439
HS	449	0	65	11504
HS	448	0	57	11561
HS	447	0	65	11626
HS	446	0	58	11684
HS	445	0	75	11759
HS	444	0	83	11842
HS	443	0	70	11912
HS	442	0	69	11981
HS	441	0	77	12058
HS	440	0	100	12158
HS	439	0	99	12257
HS	438	0	80	12337
HS	437	0	80	12417
HS	436	0	89	12506
HS	435	0	92	12598
HS	434	0	109	12707
HS	433	0	111	12818
HS	432	0	88	12906
HS	431	0	102	13008
HS	430	0	98	13106
HS	429	0	99	13205
HS	428	0	109	13314
HS	427	0	106	13420
HS	426	0	99	13519
HS	425	0	105	13624
HS	424	0	103	13727
HS	423	0	112	13839
HS	422	0	127	13966
HS	421	0	124	14090
HS	420	0	132	14222
HS	419	0	151	14373
HS	418	0	112	14485
HS	417	0	125	14610
HS	416	0	147	14757
HS	415	0	129	14886
HS	414	0	128	15014
HS	413	0	135	15149
HS	412	0	154	15303
HS	411	0	165	15468
HS	410	0	171	15639
HS	409	0	161	15800
HS	408	0	177	15977
HS	407	0	173	16150
HS	406	0	197	16347
HS	405	0	192	16539
HS	404	0	215	16754
HS	403	0	200	16954
HS	402	0	224	17178
HS	401	0	230	17408
HS	400	0	246	17654
HS	399	0	251	17905
HS	398	0	256	18161
HS	397	0	278	18439
HS	396	0	315	18754
HS	395	0	301	19055
HS	394	0	316	19371
HS	393	0	340	19711
HS	392	0	340	20051
HS	391	0	356	20407
HS	390	0	344	20751
HS	389	0	358	21109
HS	388	0	377	21486
HS	387	0	366	21852
HS	386	0	412	22264
HS	385	0	382	22646
HS	384	0	384	23030
HS	383	0	390	23420
HS	382	0	434	23854
HS	381	0	447	24301
HS	380	0	470	24771
HS	379	0	447	25218
HS	378	0	467	25685
HS	377	0	465	26150
HS	376	0	465	26615
HS	375	0	476	27091
HS	374	0	485	27576
HS	373	0	467	28043
HS	372	0	531	28574
HS	371	0	535	29109
HS	370	0	549	29658
HS	369	0	607	30265
HS	368	0	532	30797
HS	367	0	562	31359
HS	366	0	549	31908
HS	365	0	602	32510
HS	364	0	652	33162
HS	363	0	681	33843
HS	362	0	641	34484
HS	361	0	674	35158
HS	360	0	676	35834
HS	359	0	724	36558
HS	358	0	749	37307
HS	357	0	748	38055
HS	356	0	826	38881
HS	355	0	812	39693
HS	354	0	792	40485
HS	353	0	876	41361
HS	352	0	904	42265
HS	351	0	935	43200
HS	350	0	980	44180
HS	349	0	1007	45187
HS	348	0	1048	46235
HS	347	0	1089	47324
HS	346	0	1142	48466
HS	345	0	1108	49574
HS	344	0	1201	50775
HS	343	0	1287	52062
HS	342	0	1231	53293
HS	341	0	1266	54559
HS	340	0	1417	55976
HS	339	0	1423	57399
HS	338	0	1543	58942
HS	337	0	1589	60531
HS	336	0	1568	62099
HS	335	0	1689	63788
HS	334	0	1746	65534
HS	333	0	1780	67314
HS	332	0	1925	69239
HS	331	0	1963	71202
HS	330	0	2132	73334
HS	329	0	2108	75442
HS	328	0	2173	77615
HS	327	0	2296	79911
HS	326	0	2351	82262
HS	325	0	2560	84822
HS	324	0	2466	87288
HS	323	0	2516	89804
HS	322	0	2618	92422
HS	321	0	2702	95124
HS	320	0	2707	97831
HS	319	0	2763	100594
HS	318	0	2900	103494
HS	317	0	2962	106456
HS	316	0	3092	109548
HS	315	0	3142	112690
HS	314	0	3271	115961
HS	313	0	3412	119373
HS	312	0	3512	122885
HS	311	0	3646	126531
HS	310	0	3717	130248
HS	309	0	3859	134107
HS	308	0	4085	138192
HS	307	0	4168	142360
HS	306	0	4201	146561
HS	305	0	4336	150897
HS	304	0	4469	155366
HS	303	0	4652	160018
HS	302	0	4796	164814
HS	301	0	4776	169590
HS	300	0	5013	174603
HS	299	0	5118	179721
HS	298	0	5337	185058
HS	297	0	5385	190443
HS	296	0	5551	195994
HS	295	0	5543	201537
HS	294	0	5984	207521
HS	293	0	6063	213584
HS	292	0	6274	219858
HS	291	0	6438	226296
HS	290	0	6625	232921
HS	289	0	6638	239559
HS	288	0	6815	246374
HS	287	0	7167	253541
HS	286	0	7456	260997
HS	285	0	7524	268521
HS	284	0	7767	276288
HS	283	0	7874	284162
HS	282	0	8187	292349
HS	281	0	8351	300700
HS	280	0	8502	309202
HS	279	0	8822	318024
HS	278	0	9081	327105
HS	277	0	9289	336394
HS	276	0	9425	345819
HS	275	0	9758	355577
HS	274	0	9957	365534
HS	273	0	10254	375788
HS	272	0	10469	386257
HS	271	0	11022	397279
HS	270	0	11104	408383
HS	269	0	11314	419697
HS	268	0	11789	431486
HS	267	0	12232	443718
HS	266	0	12464	456182
HS	265	0	12982	469164
HS	264	0	13458	482622
HS	263	0	13500	496122
HS	262	0	13838	509960
HS	261	0	14258	524218
HS	260	0	14514	538732
HS	259	0	14852	553584
HS	258	0	15176	568760
HS	257	0	15242	584002
HS	256	0	15812	599814
HS	255	0	15774	615588
HS	254	0	16185	631773
HS	253	0	16753	648526
HS	252	0	16799	665325
HS	251	0	17083	682408
HS	250	0	17771	700179
HS	249	0	17976	718155
HS	248	0	18284	736439
HS	247	0	18719	755158
HS	246	0	19324	774482
HS	245	0	19343	793825
HS	244	0	19653	813478
HS	243	0	20283	833761
HS	242	0	20500	854261
HS	241	0	21227	875488
HS	240	0	21630	897118
HS	239	0	21989	919107
HS	238	0	22077	941184
HS	237	0	22912	964096
HS	236	0	23189	987285
HS	235	0	23680	1010965
HS	234	0	24033	1034998
HS	233	0	24782	1059780
HS	232	0	24705	1084485
HS	231	0	24983	1109468
HS	230	0	25617	1135085
HS	229	0	26118	1161203
HS	228	0	26352	1187555
HS	227	0	26608	1214163
HS	226	0	27530	1241693
HS	225	0	27522	1269215
HS	224	0	27735	1296950
HS	223	0	28269	1325219
HS	222	0	28704	1353923
HS	221	0	29103	1383026
HS	220	0	29331	1412357
HS	219	0	29562	1441919
HS	218	0	29997	1471916
HS	217	0	30313	1502229
HS	216	0	30527	1532756
HS	215	0	30914	1563670
HS	214	0	31094	1594764
HS	213	0	31441	1626205
HS	212	0	32102	1658307
HS	211	0	32238	1690545
HS	210	0	32697	1723242
HS	209	0	33365	1756607
HS	208	0	33863	1790470
HS	207	0	33991	1824461
HS	206	0	34492	1858953
HS	205	0	34793	1893746
HS	204	0	35534	1929280
HS	203	0	35861	1965141
HS	202	0	35869	2001010
HS	201	0	36405	2037415
HS	200	0	36435	2073850
HS	199	0	36999	2110849
HS	198	0	37368	2148217
HS	197	0	37509	2185726
HS	196	0	37588	2223314
HS	195	0	38104	2261418
HS	194	0	38121	2299539
HS	193	0	38611	2338150
HS	192	0	38849	2376999
HS	191	0	39164	2416163
HS	190	0	39483	2455646
HS	189	0	39543	2495189
HS	188	0	39491	2534680
HS	187	0	40258	2574938
HS	186	0	40143	2615081
HS	185	0	40678	2655759
HS	184	0	41176	2696935
HS	183	0	41130	2738065
HS	182	0	40951	2779016
HS	181	0	41852	2820868
HS	180	0	42024	2862892
HS	179	0	42051	2904943
HS	178	0	42363	2947306
HS	177	0	41846	2989152
HS	176	0	42472	3031624
HS	175	0	42568	3074192
HS	174	0	41886	3116078
HS	173	0	42345	3158423
HS	172	0	42638	3201061
HS	171	0	42739	3243800
HS	170	0	43072	3286872
HS	169	0	42541	3329413
HS	168	0	42836	3372249
HS	167	0	43127	3415376
HS	166	0	43477	3458853
HS	165	0	43370	3502223
HS	164	0	43678	3545901
HS	163	0	43136	3589037
HS	162	0	43548	3632585
HS	161	0	42975	3675560
HS	160	0	43275	3718835
HS	159	0	43375	3762210
HS	158	0	43427	3805637
HS	157	0	42994	3848631
HS	156	0	42743	3891374
HS	155	0	42772	3934146
HS	154	0	42771	3976917
HS	153	0	42468	4019385
HS	152	0	41951	4061336
HS	151	0	41484	4102820
HS	150	0	41318	4144138
HS	149	0	40571	4184709
HS	148	0	40447	4225156
HS	147	0	40546	4265702
HS	146	0	40526	4306228
HS	145	0	40285	4346513
HS	144	0	40131	4386644
HS	143	0	39685	4426329
HS	142	0	39161	4465490
HS	141	0	39174	4504664
HS	140	0	38533	4543197
HS	139	0	38183	4581380
HS	138	0	37976	4619356
HS	137	0	37992	4657348
HS	136	0	37653	4695001
HS	135	0	37660	4732661
HS	134	0	36743	4769404
HS	133	0	36578	4805982
HS	132	0	36266	4842248
HS	131	0	35851	4878099
HS	130	0	35240	4913339
HS	129	0	34523	4947862
HS	128	0	34327	4982189
HS	127	0	33963	5016152
HS	126	0	33181	5049333
HS	125	0	33006	5082339
HS	124	0	32349	5114688
HS	123	0	31959	5146647
HS	122	0	31374	5178021
HS	121	0	30952	5208973
HS	120	0	30604	5239577
HS	119	0	29991	5269568
HS	118	0	29620	5299188
HS	117	0	29178	5328366
HS	116	0	28659	5357025
HS	115	0	27701	5384726
HS	114	0	26977	5411703
HS	113	0	26344	5438047
HS	112	0	25952	5463999
HS	111	0	25162	5489161
HS	110	0	25057	5514218
HS	109	0	24437	5538655
HS	108	0	23625	5562280
HS	107	0	23124	5585404
HS	106	0	22412	5607816
HS	105	0	21210	5629026
HS	104	0	20705	5649731
HS	103	0	20208	5669939
HS	102	0	19352	5689291
HS	101	0	18765	5708056
HS	100	0	18119	5726175
HS	99	0	17486	5743661
HS	98	0	17026	5760687
HS	97	0	16427	5777114
HS	96	0	15771	5792885
HS	95	0	15106	5807991
HS	94	0	14629	5822620
HS	93	0	13696	5836316
HS	92	0	13092	5849408
HS	91	0	12350	5861758
HS	90	0	11875	5873633
HS	89	0	11143	5884776
HS	88	0	10603	5895379
HS	87	0	9965	5905344
HS	86	0	9404	5914748
HS	85	0	8764	5923512
HS	84	0	8217	5931729
HS	83	0	7705	5939434
HS	82	0	7181	5946615
HS	81	0	6982	5953597
HS	80	0	6705	5960302
HS	79	0	6002	5966304
HS	78	0	5570	5971874
HS	77	0	5249	5977123
HS	76	0	4904	5982027
HS	75	0	4393	5986420
HS	74	0	4010	5990430
HS	73	0	3608	5994038
HS	72	0	3309	5997347
HS	71	0	2934	6000281
HS	70	0	2602	6002883
HS	69	0	2322	6005205
HS	68	0	2173	6007378
HS	67	0	2001	6009379
HS	66	0	1838	6011217
HS	65	0	1607	6012824
HS	64	0	1396	6014220
HS	63	0	1222	6015442
HS	62	0	1083	6016525
HS	61	0	1043	6017568
HS	60	0	839	6018407
HS	59	0	696	6019103
HS	58	0	639	6019742
HS	57	0	540	6020282
HS	56	0	573	6020855
HS	55	0	562	6021417
HS	54	0	464	6021881
HS	53	0	449	6022330
HS	52	0	433	6022763
HS	51	0	433	6023196
HS	50	0	432	6023628
HS	49	0	403	6024031
HS	48	0	457	6024488
HS	47	0	502	6024990
HS	46	0	477	6025467
HS	45	0	486	6025953
HS	44	0	564	6026517
HS	43	0	540	6027057
HS	42	0	571	6027628
HS	41	0	622	6028250
HS	40	0	696	6028946
HS	39	0	749	6029695
HS	38	0	905	6030600
HS	37	0	903	6031503
HS	36	0	1062	6032565
HS	35	0	1172	6033737
HS	34	0	1252	6034989
HS	33	0	1620	6036609
HS	32	0	1860	6038469
HS	31	0	2207	6040676
HS	30	0	2692	6043368
HS	29	0	3107	6046475
HS	28	0	3434	6049909
HS	27	0	3767	6053676
HS	26	0	4318	6057994
HS	25	0	5258	6063252
HS	24	0	6253	6069505
HS	23	0	7422	6076927
HS	22	0	9168	6086095
HS	21	0	10833	6096928
HS	20	0	12905	6109833
HS	19	0	15281	6125114
HS	18	0	18925	6144039
HS	17	0	22303	6166342
HS	16	0	28052	6194394
HS	15	0	34587	6228981
HS	14	0	43786	6272767
HS	13	0	55120	6327887
HS	12	0	69121	6397008
HS	11	0	91494	6488502
HS	10	0	119943	6608445
HS	9	0	167152	6775597
HS	8	0	240622	7016219
HS	7	0	364772	7380991
HS	6	0	588687	7969678
HS	5	0	1043864	9013542
HS	4	0	2091444	11104986
HS	3	0	5010403	16115389
HS	2	0	16239954	32355343
HS	1	0	0	32355343
HS	0	0	0	32355343
