HS	1023	0	5856	5856
HS	1022	0	4	5860
HS	1021	0	5	5865
HS	1020	0	4	5869
HS	1019	0	0	5869
HS	1018	0	3	5872
HS	1017	0	3	5875
HS	1016	0	3	5878
HS	1015	0	1	5879
HS	1014	0	5	5884
HS	1013	0	6	5890
HS	1012	0	4	5894
HS	1011	0	4	5898
HS	1010	0	2	5900
HS	1009	0	7	5907
HS	1008	0	4	5911
HS	1007	0	1	5912
HS	1006	0	2	5914
HS	1005	0	2	5916
HS	1004	0	3	5919
HS	1003	0	3	5922
HS	1002	0	11	5933
HS	1001	0	5	5938
HS	1000	0	3	5941
HS	999	0	4	5945
HS	998	0	2	5947
HS	997	0	4	5951
HS	996	0	3	5954
HS	995	0	4	5958
HS	994	0	1	5959
HS	993	0	1	5960
HS	992	0	2	5962
HS	991	0	4	5966
HS	990	0	4	5970
HS	989	0	5	5975
HS	988	0	0	5975
HS	987	0	4	5979
HS	986	0	1	5980
HS	985	0	3	5983
HS	984	0	3	5986
HS	983	0	3	5989
HS	982	0	3	5992
HS	981	0	3	5995
HS	980	0	2	5997
HS	979	0	7	6004
HS	978	0	4	6008
HS	977	0	6	6014
HS	976	0	4	6018
HS	975	0	7	6025
HS	974	0	4	6029
HS	973	0	1	6030
HS	972	0	3	6033
HS	971	0	3	6036
HS	970	0	2	6038
HS	969	0	6	6044
HS	968	0	5	6049
HS	967	0	5	6054
HS	966	0	5	6059
HS	965	0	2	6061
HS	964	0	8	6069
HS	963	0	4	6073
HS	962	0	2	6075
HS	961	0	4	6079
HS	960	0	4	6083
HS	959	0	6	6089
HS	958	0	3	6092
HS	957	0	4	6096
HS	956	0	6	6102
HS	955	0	2	6104
HS	954	0	8	6112
HS	953	0	3	6115
HS	952	0	1	6116
HS	951	0	4	6120
HS	950	0	6	6126
HS	949	0	1	6127
HS	948	0	3	6130
HS	947	0	4	6134
HS	946	0	3	6137
HS	945	0	2	6139
HS	944	0	10	6149
HS	943	0	4	6153
HS	942	0	4	6157
HS	941	0	6	6163
HS	940	0	3	6166
HS	939	0	1	6167
HS	938	0	3	6170
HS	937	0	5	6175
HS	936	0	7	6182
HS	935	0	2	6184
HS	934	0	3	6187
HS	933	0	2	6189
HS	932	0	3	6192
HS	931	0	9	6201
HS	930	0	2	6203
HS	929	0	7	6210
HS	928	0	8	6218
HS	927	0	8	6226
HS	926	0	2	6228
HS	925	0	10	6238
HS	924	0	10	6248
HS	923	0	4	6252
HS	922	0	6	6258
HS	921	0	2	6260
HS	920	0	8	6268
HS	919	0	3	6271
HS	918	0	3	6274
HS	917	0	2	6276
HS	916	0	6	6282
HS	915	0	2	6284
HS	914	0	4	6288
HS	913	0	2	6290
HS	912	0	3	6293
HS	911	0	5	6298
HS	910	0	4	6302
HS	909	0	4	6306
HS	908	0	3	6309
HS	907	0	8	6317
HS	906	0	4	6321
HS	905	0	6	6327
HS	904	0	6	6333
HS	903	0	4	6337
HS	902	0	3	6340
HS	901	0	6	6346
HS	900	0	4	6350
HS	899	0	4	6354
HS	898	0	5	6359
HS	897	0	9	6368
HS	896	0	9	6377
HS	895	0	4	6381
HS	894	0	5	6386
HS	893	0	6	6392
HS	892	0	6	6398
HS	891	0	4	6402
HS	890	0	7	6409
HS	889	0	4	6413
HS	888	0	7	6420
HS	887	0	5	6425
HS	886	0	3	6428
HS	885	0	5	6433
HS	884	0	4	6437
HS	883	0	0	6437
HS	882	0	2	6439
HS	881	0	4	6443
HS	880	0	2	6445
HS	879	0	2	6447
HS	878	0	9	6456
HS	877	0	8	6464
HS	876	0	8	6472
HS	875	0	3	6475
HS	874	0	4	6479
HS	873	0	9	6488
HS	872	0	7	6495
HS	871	0	4	6499
HS	870	0	6	6505
HS	869	0	5	6510
HS	868	0	5	6515
HS	867	0	4	6519
HS	866	0	5	6524
HS	865	0	7	6531
HS	864	0	4	6535
HS	863	0	4	6539
HS	862	0	6	6545
HS	861	0	3	6548
HS	860	0	0	6548
HS	859	0	2	6550
HS	858	0	4	6554
HS	857	0	4	6558
HS	856	0	6	6564
HS	855	0	3	6567
HS	854	0	5	6572
HS	853	0	9	6581
HS	852	0	4	6585
HS	851	0	7	6592
HS	850	0	4	6596
HS	849	0	10	6606
HS	848	0	9	6615
HS	847	0	3	6618
HS	846	0	4	6622
HS	845	0	9	6631
HS	844	0	11	6642
HS	843	0	11	6653
HS	842	0	8	6661
HS	841	0	12	6673
HS	840	0	6	6679
HS	839	0	10	6689
HS	838	0	8	6697
HS	837	0	7	6704
HS	836	0	6	6710
HS	835	0	10	6720
HS	834	0	5	6725
HS	833	0	13	6738
HS	832	0	4	6742
HS	831	0	7	6749
HS	830	0	9	6758
HS	829	0	6	6764
HS	828	0	9	6773
HS	827	0	16	6789
HS	826	0	6	6795
HS	825	0	9	6804
HS	824	0	17	6821
HS	823	0	11	6832
HS	822	0	7	6839
HS	821	0	6	6845
HS	820	0	13	6858
HS	819	0	10	6868
HS	818	0	21	6889
HS	817	0	9	6898
HS	816	0	9	6907
HS	815	0	12	6919
HS	814	0	9	6928
HS	813	0	12	6940
HS	812	0	7	6947
HS	811	0	11	6958
HS	810	0	7	6965
HS	809	0	8	6973
HS	808	0	4	6977
HS	807	0	7	6984
HS	806	0	3	6987
HS	805	0	12	6999
HS	804	0	9	7008
HS	803	0	17	7025
HS	802	0	17	7042
HS	801	0	12	7054
HS	800	0	14	7068
HS	799	0	16	7084
HS	798	0	15	7099
HS	797	0	14	7113
HS	796	0	22	7135
HS	795	0	22	7157
HS	794	0	14	7171
HS	793	0	16	7187
HS	792	0	20	7207
HS	791	0	11	7218
HS	790	0	16	7234
HS	789	0	18	7252
HS	788	0	14	7266
HS	787	0	15	7281
HS	786	0	16	7297
HS	785	0	13	7310
HS	784	0	14	7324
HS	783	0	9	7333
HS	782	0	18	7351
HS	781	0	9	7360
HS	780	0	19	7379
HS	779	0	13	7392
HS	778	0	16	7408
HS	777	0	19	7427
HS	776	0	27	7454
HS	775	0	10	7464
HS	774	0	15	7479
HS	773	0	26	7505
HS	772	0	22	7527
HS	771	0	13	7540
HS	770	0	17	7557
HS	769	0	17	7574
HS	768	0	23	7597
HS	767	0	10	7607
HS	766	0	15	7622
HS	765	0	14	7636
HS	764	0	10	7646
HS	763	0	13	7659
HS	762	0	13	7672
HS	761	0	8	7680
HS	760	0	18	7698
HS	759	0	12	7710
HS	758	0	11	7721
HS	757	0	12	7733
HS	756	0	7	7740
HS	755	0	15	7755
HS	754	0	16	7771
HS	753	0	9	7780
HS	752	0	11	7791
HS	751	0	16	7807
HS	750	0	16	7823
HS	749	0	9	7832
HS	748	0	18	7850
HS	747	0	14	7864
HS	746	0	6	7870
HS	745	0	11	7881
HS	744	0	12	7893
HS	743	0	10	7903
HS	742	0	11	7914
HS	741	0	12	7926
HS	740	0	10	7936
HS	739	0	9	7945
HS	738	0	15	7960
HS	737	0	13	7973
HS	736	0	10	7983
HS	735	0	13	7996
HS	734	0	19	8015
HS	733	0	9	8024
HS	732	0	8	8032
HS	731	0	8	8040
HS	730	0	10	8050
HS	729	0	18	8068
HS	728	0	14	8082
HS	727	0	14	8096
HS	726	0	15	8111
HS	725	0	18	8129
HS	724	0	7	8136
HS	723	0	19	8155
HS	722	0	13	8168
HS	721	0	12	8180
HS	720	0	15	8195
HS	719	0	16	8211
HS	718	0	11	8222
HS	717	0	17	8239
HS	716	0	9	8248
HS	715	0	19	8267
HS	714	0	14	8281
HS	713	0	24	8305
HS	712	0	16	8321
HS	711	0	16	8337
HS	710	0	13	8350
HS	709	0	17	8367
HS	708	0	14	8381
HS	707	0	18	8399
HS	706	0	14	8413
HS	705	0	14	8427
HS	704	0	16	8443
HS	703	0	16	8459
HS	702	0	16	8475
HS	701	0	23	8498
HS	700	0	10	8508
HS	699	0	18	8526
HS	698	0	18	8544
HS	697	0	21	8565
HS	696	0	24	8589
HS	695	0	17	8606
HS	694	0	22	8628
HS	693	0	11	8639
HS	692	0	20	8659
HS	691	0	13	8672
HS	690	0	15	8687
HS	689	0	21	8708
HS	688	0	18	8726
HS	687	0	15	8741
HS	686	0	27	8768
HS	685	0	17	8785
HS	684	0	12	8797
HS	683	0	14	8811
HS	682	0	10	8821
HS	681	0	18	8839
HS	680	0	14	8853
HS	679	0	14	8867
HS	678	0	21	8888
HS	677	0	18	8906
HS	676	0	18	8924
HS	675	0	22	8946
HS	674	0	18	8964
HS	673	0	18	8982
HS	672	0	26	9008
HS	671	0	19	9027
HS	670	0	21	9048
HS	669	0	15	9063
HS	668	0	20	9083
HS	667	0	24	9107
HS	666	0	21	9128
HS	665	0	17	9145
HS	664	0	19	9164
HS	663	0	15	9179
HS	662	0	11	9190
HS	661	0	16	9206
HS	660	0	13	9219
HS	659	0	17	9236
HS	658	0	24	9260
HS	657	0	11	9271
HS	656	0	11	9282
HS	655	0	12	9294
HS	654	0	12	9306
HS	653	0	10	9316
HS	652	0	18	9334
HS	651	0	14	9348
HS	650	0	6	9354
HS	649	0	17	9371
HS	648	0	15	9386
HS	647	0	20	9406
HS	646	0	18	9424
HS	645	0	17	9441
HS	644	0	15	9456
HS	643	0	16	9472
HS	642	0	22	9494
HS	641	0	16	9510
HS	640	0	24	9534
HS	639	0	16	9550
HS	638	0	19	9569
HS	637	0	26	9595
HS	636	0	19	9614
HS	635	0	12	9626
HS	634	0	19	9645
HS	633	0	20	9665
HS	632	0	15	9680
HS	631	0	19	9699
HS	630	0	21	9720
HS	629	0	20	9740
HS	628	0	19	9759
HS	627	0	16	9775
HS	626	0	20	9795
HS	625	0	20	9815
HS	624	0	23	9838
HS	623	0	23	9861
HS	622	0	18	9879
HS	621	0	14	9893
HS	620	0	17	9910
HS	619	0	22	9932
HS	618	0	21	9953
HS	617	0	13	9966
HS	616	0	14	9980
HS	615	0	10	9990
HS	614	0	19	10009
HS	613	0	17	10026
HS	612	0	15	10041
HS	611	0	23	10064
HS	610	0	21	10085
HS	609	0	21	10106
HS	608	0	16	10122
HS	607	0	24	10146
HS	606	0	24	10170
HS	605	0	23	10193
HS	604	0	21	10214
HS	603	0	26	10240
HS	602	0	14	10254
HS	601	0	20	10274
HS	600	0	22	10296
HS	599	0	14	10310
HS	598	0	23	10333
HS	597	0	23	10356
HS	596	0	20	10376
HS	595	0	21	10397
HS	594	0	12	10409
HS	593	0	14	10423
HS	592	0	15	10438
HS	591	0	20	10458
HS	590	0	18	10476
HS	589	0	21	10497
HS	588	0	14	10511
HS	587	0	28	10539
HS	586	0	31	10570
HS	585	0	21	10591
HS	584	0	30	10621
HS	583	0	20	10641
HS	582	0	30	10671
HS	581	0	25	10696
HS	580	0	31	10727
HS	579	0	26	10753
HS	578	0	30	10783
HS	577	0	35	10818
HS	576	0	25	10843
HS	575	0	16	10859
HS	574	0	28	10887
HS	573	0	33	10920
HS	572	0	26	10946
HS	571	0	33	10979
HS	570	0	25	11004
HS	569	0	30	11034
HS	568	0	15	11049
HS	567	0	12	11061
HS	566	0	23	11084
HS	565	0	20	11104
HS	564	0	21	11125
HS	563	0	17	11142
HS	562	0	32	11174
HS	561	0	24	11198
HS	560	0	30	11228
HS	559	0	26	11254
HS	558	0	29	11283
HS	557	0	26	11309
HS	556	0	35	11344
HS	555	0	33	11377
HS	554	0	29	11406
HS	553	0	29	11435
HS	552	0	36	11471
HS	551	0	39	11510
HS	550	0	38	11548
HS	549	0	36	11584
HS	548	0	33	11617
HS	547	0	31	11648
HS	546	0	42	11690
HS	545	0	40	11730
HS	544	0	31	11761
HS	543	0	34	11795
HS	542	0	32	11827
HS	541	0	32	11859
HS	540	0	40	11899
HS	539	0	38	11937
HS	538	0	30	11967
HS	537	0	21	11988
HS	536	0	28	12016
HS	535	0	27	12043
HS	534	0	37	12080
HS	533	0	36	12116
HS	532	0	27	12143
HS	531	0	31	12174
HS	530	0	34	12208
HS	529	0	35	12243
HS	528	0	32	12275
HS	527	0	30	12305
HS	526	0	36	12341
HS	525	0	27	12368
HS	524	0	35	12403
HS	523	0	34	12437
HS	522	0	27	12464
HS	521	0	33	12497
HS	520	0	30	12527
HS	519	0	22	12549
HS	518	0	42	12591
HS	517	0	39	12630
HS	516	0	34	12664
HS	515	0	33	12697
HS	514	0	31	12728
HS	513	0	29	12757
HS	512	0	36	12793
HS	511	0	29	12822
HS	510	0	28	12850
HS	509	0	27	12877
HS	508	0	34	12911
HS	507	0	45	12956
HS	506	0	42	12998
HS	505	0	34	13032
HS	504	0	32	13064
HS	503	0	36	13100
HS	502	0	39	13139
HS	501	0	40	13179
HS	500	0	47	13226
HS	499	0	50	13276
HS	498	0	46	13322
HS	497	0	42	13364
HS	496	0	39	13403
HS	495	0	38	13441
HS	494	0	31	13472
HS	493	0	36	13508
HS	492	0	47	13555
HS	491	0	40	13595
HS	490	0	50	13645
HS	489	0	56	13701
HS	488	0	45	13746
HS	487	0	63	13809
HS	486	0	50	13859
HS	485	0	62	13921
HS	484	0	61	13982
HS	483	0	69	14051
HS	482	0	57	14108
HS	481	0	54	14162
HS	480	0	70	14232
HS	479	0	72	14304
HS	478	0	57	14361
HS	477	0	51	14412
HS	476	0	67	14479
HS	475	0	61	14540
HS	474	0	69	14609
HS	473	0	80	14689
HS	472	0	62	14751
HS	471	0	83	14834
HS	470	0	77	14911
HS	469	0	79	14990
HS	468	0	89	15079
HS	467	0	93	15172
HS	466	0	79	15251
HS	465	0	91	15342
HS	464	0	82	15424
HS	463	0	75	15499
HS	462	0	86	15585
HS	461	0	82	15667
HS	460	0	87	15754
HS	459	0	76	15830
HS	458	0	89	15919
HS	457	0	95	16014
HS	456	0	58	16072
HS	455	0	79	16151
HS	454	0	91	16242
HS	453	0	91	16333
HS	452	0	89	16422
HS	451	0	78	16500
HS	450	0	81	16581
HS	449	0	81	16662
HS	448	0	90	16752
HS	447	0	105	16857
HS	446	0	98	16955
HS	445	0	96	17051
HS	444	0	90	17141
HS	443	0	79	17220
HS	442	0	97	17317
HS	441	0	100	17417
HS	440	0	81	17498
HS	439	0	103	17601
HS	438	0	82	17683
HS	437	0	87	17770
HS	436	0	83	17853
HS	435	0	108	17961
HS	434	0	96	18057
HS	433	0	94	18151
HS	432	0	109	18260
HS	431	0	115	18375
HS	430	0	102	18477
HS	429	0	116	18593
HS	428	0	102	18695
HS	427	0	119	18814
HS	426	0	110	18924
HS	425	0	119	19043
HS	424	0	91	19134
HS	423	0	117	19251
HS	422	0	118	19369
HS	421	0	108	19477
HS	420	0	114	19591
HS	419	0	128	19719
HS	418	0	117	19836
HS	417	0	116	19952
HS	416	0	116	20068
HS	415	0	130	20198
HS	414	0	119	20317
HS	413	0	123	20440
HS	412	0	152	20592
HS	411	0	146	20738
HS	410	0	131	20869
HS	409	0	148	21017
HS	408	0	166	21183
HS	407	0	175	21358
HS	406	0	169	21527
HS	405	0	173	21700
HS	404	0	239	21939
HS	403	0	215	22154
HS	402	0	211	22365
HS	401	0	230	22595
HS	400	0	223	22818
HS	399	0	241	23059
HS	398	0	258	23317
HS	397	0	276	23593
HS	396	0	298	23891
HS	395	0	310	24201
HS	394	0	304	24505
HS	393	0	308	24813
HS	392	0	317	25130
HS	391	0	336	25466
HS	390	0	329	25795
HS	389	0	335	26130
HS	388	0	369	26499
HS	387	0	380	26879
HS	386	0	368	27247
HS	385	0	432	27679
HS	384	0	396	28075
HS	383	0	453	28528
HS	382	0	502	29030
HS	381	0	486	29516
HS	380	0	501	30017
HS	379	0	548	30565
HS	378	0	553	31118
HS	377	0	581	31699
HS	376	0	622	32321
HS	375	0	603	32924
HS	374	0	637	33561
HS	373	0	658	34219
HS	372	0	694	34913
HS	371	0	727	35640
HS	370	0	752	36392
HS	369	0	806	37198
HS	368	0	789	37987
HS	367	0	900	38887
HS	366	0	961	39848
HS	365	0	899	40747
HS	364	0	993	41740
HS	363	0	1045	42785
HS	362	0	1101	43886
HS	361	0	1092	44978
HS	360	0	1226	46204
HS	359	0	1155	47359
HS	358	0	1316	48675
HS	357	0	1315	49990
HS	356	0	1321	51311
HS	355	0	1487	52798
HS	354	0	1515	54313
HS	353	0	1635	55948
HS	352	0	1556	57504
HS	351	0	1769	59273
HS	350	0	1685	60958
HS	349	0	1767	62725
HS	348	0	1871	64596
HS	347	0	1943	66539
HS	346	0	1956	68495
HS	345	0	2052	70547
HS	344	0	2229	72776
HS	343	0	2295	75071
HS	342	0	2404	77475
HS	341	0	2482	79957
HS	340	0	2567	82524
HS	339	0	2828	85352
HS	338	0	2804	88156
HS	337	0	2981	91137
HS	336	0	3104	94241
HS	335	0	3193	97434
HS	334	0	3374	100808
HS	333	0	3514	104322
HS	332	0	3591	107913
HS	331	0	3615	111528
HS	330	0	3881	115409
HS	329	0	3982	119391
HS	328	0	3996	123387
HS	327	0	4200	127587
HS	326	0	4213	131800
HS	325	0	4483	136283
HS	324	0	4710	140993
HS	323	0	4926	145919
HS	322	0	4972	150891
HS	321	0	5355	156246
HS	320	0	5542	161788
HS	319	0	5617	167405
HS	318	0	6008	173413
HS	317	0	6213	179626
HS	316	0	6393	186019
HS	315	0	6563	192582
HS	314	0	6775	199357
HS	313	0	7171	206528
HS	312	0	7370	213898
HS	311	0	7492	221390
HS	310	0	7901	229291
HS	309	0	7937	237228
HS	308	0	8130	245358
HS	307	0	8372	253730
HS	306	0	8605	262335
HS	305	0	8881	271216
HS	304	0	9340	280556
HS	303	0	9515	290071
HS	302	0	9907	299978
HS	301	0	10161	310139
HS	300	0	10558	320697
HS	299	0	10762	331459
HS	298	0	11311	342770
HS	297	0	11802	354572
HS	296	0	11888	366460
HS	295	0	12475	378935
HS	294	0	12836	391771
HS	293	0	13036	404807
HS	292	0	13316	418123
HS	291	0	13762	431885
HS	290	0	14138	446023
HS	289	0	14502	460525
HS	288	0	14985	475510
HS	287	0	15274	490784
HS	286	0	15886	506670
HS	285	0	16489	523159
HS	284	0	16743	539902
HS	283	0	17292	557194
HS	282	0	17822	575016
HS	281	0	18110	593126
HS	280	0	18594	611720
HS	279	0	19207	630927
HS	278	0	19524	650451
HS	277	0	20319	670770
HS	276	0	20706	691476
HS	275	0	21174	712650
HS	274	0	21969	734619
HS	273	0	22258	756877
HS	272	0	22843	779720
HS	271	0	23414	803134
HS	270	0	23904	827038
HS	269	0	24499	851537
HS	268	0	25198	876735
HS	267	0	25941	902676
HS	266	0	26367	929043
HS	265	0	26999	956042
HS	264	0	27757	983799
HS	263	0	28009	1011808
HS	262	0	28312	1040120
HS	261	0	29128	1069248
HS	260	0	29229	1098477
HS	259	0	29841	1128318
HS	258	0	30868	1159186
HS	257	0	31105	1190291
HS	256	0	31570	1221861
HS	255	0	31825	1253686
HS	254	0	32766	1286452
HS	253	0	33492	1319944
HS	252	0	33919	1353863
HS	251	0	34626	1388489
HS	250	0	35097	1423586
HS	249	0	36233	1459819
HS	248	0	36651	1496470
HS	247	0	37179	1533649
HS	246	0	37715	1571364
HS	245	0	38202	1609566
HS	244	0	38752	1648318
HS	243	0	39450	1687768
HS	242	0	40012	1727780
HS	241	0	40400	1768180
HS	240	0	40938	1809118
HS	239	0	41419	1850537
HS	238	0	41612	1892149
HS	237	0	41724	1933873
HS	236	0	42389	1976262
HS	235	0	43042	2019304
HS	234	0	43214	2062518
HS	233	0	43981	2106499
HS	232	0	44525	2151024
HS	231	0	44456	2195480
HS	230	0	44904	2240384
HS	229	0	45409	2285793
HS	228	0	45520	2331313
HS	227	0	45675	2376988
HS	226	0	46144	2423132
HS	225	0	46366	2469498
HS	224	0	46767	2516265
HS	223	0	46023	2562288
HS	222	0	46253	2608541
HS	221	0	46748	2655289
HS	220	0	47038	2702327
HS	219	0	47403	2749730
HS	218	0	47069	2796799
HS	217	0	46735	2843534
HS	216	0	47254	2890788
HS	215	0	46934	2937722
HS	214	0	46859	2984581
HS	213	0	46865	3031446
HS	212	0	47207	3078653
HS	211	0	47185	3125838
HS	210	0	47514	3173352
HS	209	0	47459	3220811
HS	208	0	46968	3267779
HS	207	0	46891	3314670
HS	206	0	46704	3361374
HS	205	0	46726	3408100
HS	204	0	46170	3454270
HS	203	0	45937	3500207
HS	202	0	45507	3545714
HS	201	0	45084	3590798
HS	200	0	44991	3635789
HS	199	0	44815	3680604
HS	198	0	44782	3725386
HS	197	0	44117	3769503
HS	196	0	44343	3813846
HS	195	0	43682	3857528
HS	194	0	43357	3900885
HS	193	0	42783	3943668
HS	192	0	42580	3986248
HS	191	0	41709	4027957
HS	190	0	41710	4069667
HS	189	0	41231	4110898
HS	188	0	40883	4151781
HS	187	0	40575	4192356
HS	186	0	40281	4232637
HS	185	0	39499	4272136
HS	184	0	39401	4311537
HS	183	0	38669	4350206
HS	182	0	37598	4387804
HS	181	0	37414	4425218
HS	180	0	36622	4461840
HS	179	0	36027	4497867
HS	178	0	35496	4533363
HS	177	0	35188	4568551
HS	176	0	34409	4602960
HS	175	0	33662	4636622
HS	174	0	33492	4670114
HS	173	0	32753	4702867
HS	172	0	31835	4734702
HS	171	0	31675	4766377
HS	170	0	31066	4797443
HS	169	0	30377	4827820
HS	168	0	29574	4857394
HS	167	0	28823	4886217
HS	166	0	28773	4914990
HS	165	0	27921	4942911
HS	164	0	27195	4970106
HS	163	0	26955	4997061
HS	162	0	26225	5023286
HS	161	0	25318	5048604
HS	160	0	24611	5073215
HS	159	0	24005	5097220
HS	158	0	23455	5120675
HS	157	0	22813	5143488
HS	156	0	22198	5165686
HS	155	0	21491	5187177
HS	154	0	20742	5207919
HS	153	0	20144	5228063
HS	152	0	19622	5247685
HS	151	0	19300	5266985
HS	150	0	18695	5285680
HS	149	0	17994	5303674
HS	148	0	17571	5321245
HS	147	0	17028	5338273
HS	146	0	16209	5354482
HS	145	0	15820	5370302
HS	144	0	15088	5385390
HS	143	0	14864	5400254
HS	142	0	14021	5414275
HS	141	0	13682	5427957
HS	140	0	13176	5441133
HS	139	0	12511	5453644
HS	138	0	12194	5465838
HS	137	0	11592	5477430
HS	136	0	11452	5488882
HS	135	0	11105	5499987
HS	134	0	10617	5510604
HS	133	0	10679	5521283
HS	132	0	10089	5531372
HS	131	0	9861	5541233
HS	130	0	9282	5550515
HS	129	0	8992	5559507
HS	128	0	8581	5568088
HS	127	0	8504	5576592
HS	126	0	8182	5584774
HS	125	0	7619	5592393
HS	124	0	7582	5599975
HS	123	0	7171	5607146
HS	122	0	6911	5614057
HS	121	0	6584	5620641
HS	120	0	6184	5626825
HS	119	0	6044	5632869
HS	118	0	5942	5638811
HS	117	0	5778	5644589
HS	116	0	5554	5650143
HS	115	0	5143	5655286
HS	114	0	5058	5660344
HS	113	0	4868	5665212
HS	112	0	4584	5669796
HS	111	0	4403	5674199
HS	110	0	4156	5678355
HS	109	0	3913	5682268
HS	108	0	3678	5685946
HS	107	0	3576	5689522
HS	106	0	3295	5692817
HS	105	0	3081	5695898
HS	104	0	2997	5698895
HS	103	0	2944	5701839
HS	102	0	2768	5704607
HS	101	0	2543	5707150
HS	100	0	2491	5709641
HS	99	0	2383	5712024
HS	98	0	2303	5714327
HS	97	0	2222	5716549
HS	96	0	2117	5718666
HS	95	0	2115	5720781
HS	94	0	2008	5722789
HS	93	0	1951	5724740
HS	92	0	1877	5726617
HS	91	0	1731	5728348
HS	90	0	1761	5730109
HS	89	0	1662	5731771
HS	88	0	1531	5733302
HS	87	0	1405	5734707
HS	86	0	1266	5735973
HS	85	0	1330	5737303
HS	84	0	1349	5738652
HS	83	0	1262	5739914
HS	82	0	1334	5741248
HS	81	0	1277	5742525
HS	80	0	1313	5743838
HS	79	0	1262	5745100
HS	78	0	1315	5746415
HS	77	0	1261	5747676
HS	76	0	1311	5748987
HS	75	0	1308	5750295
HS	74	0	1301	5751596
HS	73	0	1455	5753051
HS	72	0	1492	5754543
HS	71	0	1527	5756070
HS	70	0	1568	5757638
HS	69	0	1619	5759257
HS	68	0	1582	5760839
HS	67	0	1683	5762522
HS	66	0	1785	5764307
HS	65	0	1877	5766184
HS	64	0	1979	5768163
HS	63	0	2003	5770166
HS	62	0	1964	5772130
HS	61	0	1933	5774063
HS	60	0	2053	5776116
HS	59	0	1984	5778100
HS	58	0	1927	5780027
HS	57	0	2095	5782122
HS	56	0	2073	5784195
HS	55	0	2088	5786283
HS	54	0	1874	5788157
HS	53	0	1798	5789955
HS	52	0	1887	5791842
HS	51	0	1777	5793619
HS	50	0	1713	5795332
HS	49	0	1774	5797106
HS	48	0	1733	5798839
HS	47	0	1583	5800422
HS	46	0	1444	5801866
HS	45	0	1470	5803336
HS	44	0	1536	5804872
HS	43	0	1417	5806289
HS	42	0	1276	5807565
HS	41	0	1190	5808755
HS	40	0	1296	5810051
HS	39	0	1284	5811335
HS	38	0	1246	5812581
HS	37	0	1257	5813838
HS	36	0	1385	5815223
HS	35	0	1361	5816584
HS	34	0	1363	5817947
HS	33	0	1488	5819435
HS	32	0	1506	5820941
HS	31	0	1476	5822417
HS	30	0	1614	5824031
HS	29	0	1792	5825823
HS	28	0	1997	5827820
HS	27	0	2254	5830074
HS	26	0	2723	5832797
HS	25	0	3232	5836029
HS	24	0	3655	5839684
HS	23	0	4429	5844113
HS	22	0	5474	5849587
HS	21	0	6547	5856134
HS	20	0	7490	5863624
HS	19	0	9087	5872711
HS	18	0	10632	5883343
HS	17	0	13024	5896367
HS	16	0	15601	5911968
HS	15	0	19526	5931494
HS	14	0	23883	5955377
HS	13	0	29995	5985372
HS	12	0	37545	6022917
HS	11	0	48439	6071356
HS	10	0	64591	6135947
HS	9	0	86961	6222908
HS	8	0	119635	6342543
HS	7	0	170897	6513440
HS	6	0	264720	6778160
HS	5	0	458322	7236482
HS	4	0	937749	8174231
HS	3	0	2560949	10735180
HS	2	0	10513035	21248215
HS	1	0	0	21248215
HS	0	0	0	21248215
