CC	CT  kmer_occurrence    short_read_kmer_count  raw_input_kmer_count  adjusted_input_kmer_count
CC	FR  fpr_lower_bound    fpr_upper_bound
CC	ER  total_input_kmers  adjusted_error_kmers
CC	CV  coverage
CC	QV  raw_quality_value  adjusted_quality_value
CC
SQ	CP126094.1	4085814	4085784	4085784	99.00
CT	1023	4638	44387	44387.000
CT	1022	2	19	19.000
CT	1021	3	29	29.000
CT	1020	8	64	64.000
CT	1019	3	26	26.000
CT	1018	8	76	76.000
CT	1017	1	10	10.000
CT	1016	2	20	20.000
CT	1015	1	10	10.000
CT	1014	2	20	20.000
CT	1013	6	60	60.000
CT	1012	3	26	26.000
CT	1011	1	10	10.000
CT	1010	1	10	10.000
CT	1009	1	6	6.000
CT	1008	2	12	12.000
CT	1007	3	30	30.000
CT	1006	0	0	0.000
CT	1005	1	10	10.000
CT	1004	1	10	10.000
CT	1003	3	26	26.000
CT	1002	1	10	10.000
CT	1001	1	10	10.000
CT	1000	1	10	10.000
CT	999	3	22	22.000
CT	998	3	22	22.000
CT	997	2	20	20.000
CT	996	0	0	0.000
CT	995	0	0	0.000
CT	994	3	22	22.000
CT	993	3	26	26.000
CT	992	0	0	0.000
CT	991	0	0	0.000
CT	990	1	10	10.000
CT	989	2	16	16.000
CT	988	2	16	16.000
CT	987	3	26	26.000
CT	986	0	0	0.000
CT	985	2	20	20.000
CT	984	3	22	22.000
CT	983	2	12	12.000
CT	982	2	16	16.000
CT	981	1	6	6.000
CT	980	3	30	30.000
CT	979	1	6	6.000
CT	978	4	32	32.000
CT	977	3	26	26.000
CT	976	2	20	20.000
CT	975	3	26	26.000
CT	974	4	40	40.000
CT	973	2	20	20.000
CT	972	0	0	0.000
CT	971	2	16	16.000
CT	970	3	22	22.000
CT	969	1	10	10.000
CT	968	2	20	20.000
CT	967	3	30	30.000
CT	966	1	10	10.000
CT	965	1	10	10.000
CT	964	0	0	0.000
CT	963	1	10	10.000
CT	962	3	30	30.000
CT	961	2	20	20.000
CT	960	0	0	0.000
CT	959	0	0	0.000
CT	958	3	30	30.000
CT	957	2	20	20.000
CT	956	0	0	0.000
CT	955	0	0	0.000
CT	954	3	30	30.000
CT	953	1	10	10.000
CT	952	0	0	0.000
CT	951	1	10	10.000
CT	950	0	0	0.000
CT	949	2	20	20.000
CT	948	2	20	20.000
CT	947	0	0	0.000
CT	946	1	10	10.000
CT	945	1	10	10.000
CT	944	2	20	20.000
CT	943	1	10	10.000
CT	942	3	30	30.000
CT	941	2	20	20.000
CT	940	4	40	40.000
CT	939	1	10	10.000
CT	938	1	10	10.000
CT	937	3	30	30.000
CT	936	2	20	20.000
CT	935	2	20	20.000
CT	934	3	30	30.000
CT	933	2	20	20.000
CT	932	3	30	30.000
CT	931	0	0	0.000
CT	930	1	10	10.000
CT	929	2	20	20.000
CT	928	2	20	20.000
CT	927	1	10	10.000
CT	926	0	0	0.000
CT	925	1	10	10.000
CT	924	2	20	20.000
CT	923	0	0	0.000
CT	922	3	30	30.000
CT	921	1	10	10.000
CT	920	1	10	10.000
CT	919	3	30	30.000
CT	918	4	40	40.000
CT	917	3	30	30.000
CT	916	3	30	30.000
CT	915	2	20	20.000
CT	914	1	10	10.000
CT	913	2	20	20.000
CT	912	1	10	10.000
CT	911	5	50	50.000
CT	910	2	20	20.000
CT	909	1	0	0.000
CT	908	2	20	20.000
CT	907	3	22	22.000
CT	906	2	20	20.000
CT	905	0	0	0.000
CT	904	0	0	0.000
CT	903	0	0	0.000
CT	902	0	0	0.000
CT	901	2	12	12.000
CT	900	2	20	20.000
CT	899	3	24	24.000
CT	898	3	24	24.000
CT	897	2	12	12.000
CT	896	3	30	30.000
CT	895	2	20	20.000
CT	894	5	44	44.000
CT	893	3	30	30.000
CT	892	1	10	10.000
CT	891	3	30	30.000
CT	890	3	20	20.000
CT	889	2	20	20.000
CT	888	1	0	0.000
CT	887	2	10	10.000
CT	886	0	0	0.000
CT	885	3	30	30.000
CT	884	5	50	50.000
CT	883	2	15	15.000
CT	882	2	20	20.000
CT	881	0	0	0.000
CT	880	2	20	20.000
CT	879	2	20	20.000
CT	878	1	10	10.000
CT	877	0	0	0.000
CT	876	1	10	10.000
CT	875	2	15	15.000
CT	874	2	15	15.000
CT	873	0	0	0.000
CT	872	2	10	10.000
CT	871	0	0	0.000
CT	870	1	10	10.000
CT	869	2	15	15.000
CT	868	2	20	20.000
CT	867	0	0	0.000
CT	866	0	0	0.000
CT	865	0	0	0.000
CT	864	2	20	20.000
CT	863	0	0	0.000
CT	862	3	30	30.000
CT	861	3	17	17.000
CT	860	2	2	2.000
CT	859	2	20	20.000
CT	858	1	10	10.000
CT	857	0	0	0.000
CT	856	2	12	12.000
CT	855	3	15	15.000
CT	854	1	10	10.000
CT	853	0	0	0.000
CT	852	1	2	2.000
CT	851	0	0	0.000
CT	850	0	0	0.000
CT	849	2	20	20.000
CT	848	2	11	11.000
CT	847	0	0	0.000
CT	846	2	10	10.000
CT	845	3	26	26.000
CT	844	0	0	0.000
CT	843	0	0	0.000
CT	842	1	10	10.000
CT	841	2	15	15.000
CT	840	1	5	5.000
CT	839	2	15	15.000
CT	838	3	15	15.000
CT	837	0	0	0.000
CT	836	1	10	10.000
CT	835	5	28	28.000
CT	834	2	11	11.000
CT	833	0	0	0.000
CT	832	4	20	20.000
CT	831	1	5	5.000
CT	830	3	20	20.000
CT	829	0	0	0.000
CT	828	1	6	6.000
CT	827	0	0	0.000
CT	826	0	0	0.000
CT	825	1	6	6.000
CT	824	1	0	0.000
CT	823	3	26	26.000
CT	822	1	5	5.000
CT	821	1	0	0.000
CT	820	1	5	5.000
CT	819	3	25	25.000
CT	818	1	10	10.000
CT	817	1	5	5.000
CT	816	0	0	0.000
CT	815	4	25	25.000
CT	814	3	14	14.000
CT	813	2	15	15.000
CT	812	2	10	10.000
CT	811	0	0	0.000
CT	810	2	10	10.000
CT	809	4	24	24.000
CT	808	5	34	34.000
CT	807	3	25	25.000
CT	806	2	20	20.000
CT	805	1	5	5.000
CT	804	2	4	4.000
CT	803	1	10	10.000
CT	802	0	0	0.000
CT	801	1	10	10.000
CT	800	0	0	0.000
CT	799	1	4	4.000
CT	798	0	0	0.000
CT	797	0	0	0.000
CT	796	0	0	0.000
CT	795	2	4	4.000
CT	794	2	6	6.000
CT	793	1	4	4.000
CT	792	3	8	8.000
CT	791	1	5	5.000
CT	790	0	0	0.000
CT	789	1	10	10.000
CT	788	1	4	4.000
CT	787	2	8	8.000
CT	786	2	6	6.000
CT	785	0	0	0.000
CT	784	2	9	9.000
CT	783	1	4	4.000
CT	782	2	12	12.000
CT	781	1	4	4.000
CT	780	3	9	9.000
CT	779	0	0	0.000
CT	778	0	0	0.000
CT	777	1	4	4.000
CT	776	3	14	14.000
CT	775	2	20	20.000
CT	774	0	0	0.000
CT	773	2	6	6.000
CT	772	3	20	20.000
CT	771	1	4	4.000
CT	770	3	12	12.000
CT	769	4	21	21.000
CT	768	3	9	9.000
CT	767	2	2	2.000
CT	766	0	0	0.000
CT	765	2	5	5.000
CT	764	1	10	10.000
CT	763	2	5	5.000
CT	762	5	14	14.000
CT	761	3	6	6.000
CT	760	1	4	4.000
CT	759	3	18	18.000
CT	758	4	17	17.000
CT	757	7	26	26.000
CT	756	3	24	24.000
CT	755	4	13	13.000
CT	754	4	5	5.000
CT	753	5	12	12.000
CT	752	5	17	17.000
CT	751	6	14	14.000
CT	750	4	7	7.000
CT	749	2	15	15.000
CT	748	2	6	6.000
CT	747	3	19	19.000
CT	746	1	10	10.000
CT	745	7	13	13.000
CT	744	6	17	17.000
CT	743	4	9	9.000
CT	742	6	19	19.000
CT	741	3	7	7.000
CT	740	1	5	5.000
CT	739	0	0	0.000
CT	738	3	7	7.000
CT	737	4	3	3.000
CT	736	3	8	8.000
CT	735	2	5	5.000
CT	734	3	3	3.000
CT	733	5	19	19.000
CT	732	3	3	3.000
CT	731	4	17	17.000
CT	730	2	5	5.000
CT	729	6	23	23.000
CT	728	9	19	19.000
CT	727	4	17	17.000
CT	726	4	22	22.000
CT	725	6	19	19.000
CT	724	4	5	5.000
CT	723	7	19	19.000
CT	722	3	3	3.000
CT	721	6	8	8.000
CT	720	1	10	10.000
CT	719	2	3	3.000
CT	718	0	0	0.000
CT	717	3	5	5.000
CT	716	5	15	15.000
CT	715	2	2	2.000
CT	714	3	7	7.000
CT	713	3	7	7.000
CT	712	2	2	2.000
CT	711	3	5	5.000
CT	710	1	5	5.000
CT	709	4	14	14.000
CT	708	2	12	12.000
CT	707	4	26	26.000
CT	706	3	5	5.000
CT	705	1	0	0.000
CT	704	2	15	15.000
CT	703	1	10	10.000
CT	702	0	0	0.000
CT	701	4	11	11.000
CT	700	2	6	6.000
CT	699	2	6	6.000
CT	698	4	22	22.000
CT	697	1	10	10.000
CT	696	1	2	2.000
CT	695	3	11	11.000
CT	694	2	4	4.000
CT	693	0	0	0.000
CT	692	2	6	6.000
CT	691	2	4	4.000
CT	690	4	9	9.000
CT	689	3	9	9.000
CT	688	2	3	3.000
CT	687	1	5	5.000
CT	686	1	1	1.000
CT	685	3	9	9.000
CT	684	1	3	3.000
CT	683	1	5	5.000
CT	682	1	5	5.000
CT	681	4	14	14.000
CT	680	2	7	7.000
CT	679	2	7	7.000
CT	678	2	5	5.000
CT	677	0	0	0.000
CT	676	3	7	7.000
CT	675	1	1	1.000
CT	674	4	8	8.000
CT	673	2	2	2.000
CT	672	2	6	6.000
CT	671	1	5	5.000
CT	670	5	13	13.000
CT	669	5	13	13.000
CT	668	1	3	3.000
CT	667	1	1	1.000
CT	666	1	1	1.000
CT	665	5	13	13.000
CT	664	4	10	10.000
CT	663	4	8	8.000
CT	662	5	6	6.000
CT	661	2	4	4.000
CT	660	1	1	1.000
CT	659	0	0	0.000
CT	658	0	0	0.000
CT	657	5	7	7.000
CT	656	2	6	6.000
CT	655	2	10	10.000
CT	654	0	0	0.000
CT	653	4	6	6.000
CT	652	3	6	6.000
CT	651	4	12	12.000
CT	650	1	3	3.000
CT	649	2	2	2.000
CT	648	2	2	2.000
CT	647	5	10	10.000
CT	646	1	3	3.000
CT	645	5	7	7.000
CT	644	1	1	1.000
CT	643	3	3	3.000
CT	642	3	6	6.000
CT	641	7	9	9.000
CT	640	4	4	4.000
CT	639	9	13	13.000
CT	638	5	9	9.000
CT	637	4	6	6.000
CT	636	4	8	8.000
CT	635	5	5	5.000
CT	634	6	10	10.000
CT	633	3	5	5.000
CT	632	4	6	6.000
CT	631	4	6	6.000
CT	630	5	6	6.000
CT	629	2	4	4.000
CT	628	3	6	6.000
CT	627	3	2	2.000
CT	626	3	2	2.000
CT	625	3	5	5.000
CT	624	3	5	5.000
CT	623	6	9	9.000
CT	622	3	5	5.000
CT	621	7	10	10.000
CT	620	4	6	6.000
CT	619	5	7	7.000
CT	618	1	2	2.000
CT	617	6	9	9.000
CT	616	6	13	13.000
CT	615	10	9	9.000
CT	614	5	6	6.000
CT	613	5	8	8.000
CT	612	7	10	10.000
CT	611	8	11	11.000
CT	610	7	13	13.000
CT	609	12	16	16.000
CT	608	6	10	10.000
CT	607	10	13	13.000
CT	606	4	3	3.000
CT	605	8	10	10.000
CT	604	8	10	10.000
CT	603	7	13	13.000
CT	602	11	14	14.000
CT	601	16	20	20.000
CT	600	12	19	19.000
CT	599	16	23	23.000
CT	598	18	26	26.000
CT	597	17	26	26.000
CT	596	12	18	18.000
CT	595	21	19	19.000
CT	594	19	26	26.000
CT	593	12	12	12.000
CT	592	5	8	8.000
CT	591	17	26	26.000
CT	590	23	29	29.000
CT	589	22	28	28.000
CT	588	16	29	29.000
CT	587	16	17	17.000
CT	586	28	35	35.000
CT	585	22	27	27.000
CT	584	27	34	34.000
CT	583	21	32	32.000
CT	582	35	38	38.000
CT	581	14	20	20.000
CT	580	33	35	35.000
CT	579	30	34	34.000
CT	578	24	27	27.000
CT	577	27	33	33.000
CT	576	25	28	28.000
CT	575	33	36	36.000
CT	574	27	27	27.000
CT	573	42	44	44.000
CT	572	34	42	42.000
CT	571	34	36	36.000
CT	570	43	54	54.000
CT	569	26	36	36.000
CT	568	39	48	48.000
CT	567	32	34	34.000
CT	566	29	34	34.000
CT	565	26	27	27.000
CT	564	27	31	31.000
CT	563	22	25	25.000
CT	562	19	18	18.000
CT	561	18	22	22.000
CT	560	25	28	28.000
CT	559	33	36	36.000
CT	558	29	34	34.000
CT	557	41	50	50.000
CT	556	24	26	26.000
CT	555	30	32	32.000
CT	554	29	32	32.000
CT	553	30	32	32.000
CT	552	24	29	29.000
CT	551	25	27	27.000
CT	550	36	42	42.000
CT	549	31	34	34.000
CT	548	32	40	40.000
CT	547	34	43	43.000
CT	546	36	57	57.000
CT	545	43	54	54.000
CT	544	40	58	58.000
CT	543	33	38	38.000
CT	542	33	38	38.000
CT	541	33	33	33.000
CT	540	37	40	40.000
CT	539	43	43	43.000
CT	538	52	59	59.000
CT	537	41	40	40.000
CT	536	40	44	44.000
CT	535	50	56	56.000
CT	534	56	62	62.000
CT	533	47	55	55.000
CT	532	57	63	63.000
CT	531	66	86	86.000
CT	530	66	71	71.000
CT	529	59	63	63.000
CT	528	81	89	89.000
CT	527	75	83	83.000
CT	526	77	107	107.000
CT	525	89	102	102.000
CT	524	91	109	109.000
CT	523	86	111	111.000
CT	522	103	115	115.000
CT	521	106	111	111.000
CT	520	103	112	112.000
CT	519	121	143	143.000
CT	518	88	103	103.000
CT	517	109	136	136.000
CT	516	104	131	131.000
CT	515	120	138	138.000
CT	514	106	121	121.000
CT	513	121	127	127.000
CT	512	99	115	115.000
CT	511	113	124	124.000
CT	510	117	122	122.000
CT	509	121	138	138.000
CT	508	130	140	140.000
CT	507	142	160	160.000
CT	506	154	168	168.000
CT	505	143	159	159.000
CT	504	146	161	161.000
CT	503	140	146	146.000
CT	502	150	167	167.000
CT	501	150	166	166.000
CT	500	162	181	181.000
CT	499	160	190	190.000
CT	498	208	253	253.000
CT	497	156	179	179.000
CT	496	175	192	192.000
CT	495	174	185	185.000
CT	494	185	214	214.000
CT	493	198	211	211.000
CT	492	203	229	229.000
CT	491	207	214	214.000
CT	490	217	232	232.000
CT	489	204	208	208.000
CT	488	215	228	228.000
CT	487	230	237	237.000
CT	486	220	223	223.000
CT	485	204	214	214.000
CT	484	233	241	241.000
CT	483	237	251	251.000
CT	482	231	247	247.000
CT	481	248	253	253.000
CT	480	235	245	245.000
CT	479	234	247	247.000
CT	478	234	244	244.000
CT	477	257	268	268.000
CT	476	247	257	257.000
CT	475	248	261	261.000
CT	474	243	257	257.000
CT	473	307	326	326.000
CT	472	268	291	291.000
CT	471	301	321	321.000
CT	470	307	317	317.000
CT	469	293	311	311.000
CT	468	281	294	294.000
CT	467	310	325	325.000
CT	466	343	354	354.000
CT	465	324	331	331.000
CT	464	327	341	341.000
CT	463	327	332	332.000
CT	462	337	345	345.000
CT	461	354	369	369.000
CT	460	360	365	365.000
CT	459	365	370	370.000
CT	458	403	416	416.000
CT	457	417	422	422.000
CT	456	367	378	378.000
CT	455	433	442	442.000
CT	454	396	402	402.000
CT	453	478	491	491.000
CT	452	460	462	462.000
CT	451	441	451	451.000
CT	450	445	452	452.000
CT	449	504	506	506.000
CT	448	445	446	446.000
CT	447	473	477	477.000
CT	446	476	483	483.000
CT	445	506	515	515.000
CT	444	518	522	522.000
CT	443	532	537	537.000
CT	442	534	538	538.000
CT	441	576	579	579.000
CT	440	539	546	546.000
CT	439	605	610	610.000
CT	438	650	651	651.000
CT	437	651	662	662.000
CT	436	660	669	669.000
CT	435	659	661	661.000
CT	434	726	735	735.000
CT	433	753	759	759.000
CT	432	726	735	735.000
CT	431	753	761	761.000
CT	430	732	736	736.000
CT	429	785	787	787.000
CT	428	730	743	743.000
CT	427	769	773	773.000
CT	426	816	838	838.000
CT	425	772	781	781.000
CT	424	848	858	858.000
CT	423	880	894	894.000
CT	422	857	882	882.000
CT	421	932	952	952.000
CT	420	922	931	931.000
CT	419	972	996	996.000
CT	418	1022	1037	1037.000
CT	417	1024	1043	1043.000
CT	416	995	1014	1014.000
CT	415	1060	1069	1069.000
CT	414	1151	1154	1154.000
CT	413	1053	1059	1059.000
CT	412	1173	1179	1179.000
CT	411	1203	1223	1223.000
CT	410	1173	1192	1192.000
CT	409	1226	1247	1247.000
CT	408	1284	1294	1294.000
CT	407	1278	1297	1297.000
CT	406	1307	1316	1316.000
CT	405	1204	1224	1224.000
CT	404	1297	1307	1307.000
CT	403	1362	1375	1375.000
CT	402	1320	1344	1344.000
CT	401	1436	1461	1461.000
CT	400	1416	1443	1443.000
CT	399	1580	1607	1607.000
CT	398	1535	1561	1561.000
CT	397	1570	1583	1583.000
CT	396	1562	1579	1579.000
CT	395	1593	1622	1622.000
CT	394	1589	1608	1608.000
CT	393	1599	1610	1610.000
CT	392	1713	1721	1721.000
CT	391	1642	1649	1649.000
CT	390	1774	1792	1792.000
CT	389	1737	1757	1757.000
CT	388	1782	1805	1805.000
CT	387	1873	1888	1888.000
CT	386	1909	1922	1922.000
CT	385	1974	1988	1988.000
CT	384	1968	1988	1988.000
CT	383	2094	2112	2112.000
CT	382	2159	2175	2175.000
CT	381	2187	2202	2202.000
CT	380	2252	2258	2258.000
CT	379	2318	2332	2332.000
CT	378	2402	2414	2414.000
CT	377	2330	2345	2345.000
CT	376	2361	2386	2386.000
CT	375	2442	2462	2462.000
CT	374	2540	2554	2554.000
CT	373	2662	2693	2693.000
CT	372	2692	2715	2715.000
CT	371	2679	2702	2702.000
CT	370	2787	2808	2808.000
CT	369	2778	2807	2807.000
CT	368	2889	2913	2913.000
CT	367	3001	3031	3031.000
CT	366	2941	2962	2962.000
CT	365	3119	3139	3139.000
CT	364	3195	3220	3220.000
CT	363	3145	3184	3184.000
CT	362	3171	3204	3204.000
CT	361	3273	3298	3298.000
CT	360	3310	3341	3341.000
CT	359	3400	3450	3450.000
CT	358	3496	3535	3535.000
CT	357	3494	3531	3531.000
CT	356	3769	3793	3793.000
CT	355	3681	3716	3716.000
CT	354	3813	3846	3846.000
CT	353	3825	3860	3860.000
CT	352	3960	4000	4000.000
CT	351	4028	4056	4056.000
CT	350	4248	4289	4289.000
CT	349	4199	4239	4239.000
CT	348	4313	4345	4345.000
CT	347	4548	4578	4578.000
CT	346	4630	4670	4670.000
CT	345	4545	4597	4597.000
CT	344	4785	4813	4813.000
CT	343	4819	4849	4849.000
CT	342	4923	4958	4958.000
CT	341	5119	5154	5154.000
CT	340	5186	5227	5227.000
CT	339	5421	5455	5455.000
CT	338	5310	5341	5341.000
CT	337	5429	5455	5455.000
CT	336	5489	5518	5518.000
CT	335	5643	5666	5666.000
CT	334	5825	5840	5840.000
CT	333	5948	5968	5968.000
CT	332	5884	5903	5903.000
CT	331	6134	6165	6165.000
CT	330	6286	6315	6315.000
CT	329	6328	6348	6348.000
CT	328	6520	6535	6535.000
CT	327	6485	6510	6510.000
CT	326	6693	6716	6716.000
CT	325	6912	6923	6923.000
CT	324	6883	6903	6903.000
CT	323	6963	6984	6984.000
CT	322	7447	7473	7473.000
CT	321	7249	7266	7266.000
CT	320	7445	7454	7454.000
CT	319	7709	7725	7725.000
CT	318	7833	7850	7850.000
CT	317	7718	7742	7742.000
CT	316	8118	8135	8135.000
CT	315	8130	8146	8146.000
CT	314	8505	8517	8517.000
CT	313	8518	8531	8531.000
CT	312	8707	8720	8720.000
CT	311	8781	8787	8787.000
CT	310	9008	9021	9021.000
CT	309	8935	8946	8946.000
CT	308	9303	9313	9313.000
CT	307	9541	9555	9555.000
CT	306	9933	9940	9940.000
CT	305	9787	9801	9801.000
CT	304	9893	9914	9914.000
CT	303	10022	10034	10034.000
CT	302	10367	10394	10394.000
CT	301	10460	10482	10482.000
CT	300	10686	10708	10708.000
CT	299	10758	10778	10778.000
CT	298	11063	11080	11080.000
CT	297	11099	11119	11119.000
CT	296	11230	11255	11255.000
CT	295	11585	11595	11595.000
CT	294	11660	11672	11672.000
CT	293	12089	12106	12106.000
CT	292	12106	12116	12116.000
CT	291	12335	12344	12344.000
CT	290	12440	12456	12456.000
CT	289	12700	12729	12729.000
CT	288	12837	12851	12851.000
CT	287	13034	13057	13057.000
CT	286	13409	13437	13437.000
CT	285	13440	13466	13466.000
CT	284	13680	13697	13697.000
CT	283	13669	13696	13696.000
CT	282	14303	14338	14338.000
CT	281	14449	14472	14472.000
CT	280	14665	14707	14707.000
CT	279	14995	15029	15029.000
CT	278	15031	15063	15063.000
CT	277	15462	15502	15502.000
CT	276	15794	15828	15828.000
CT	275	15783	15816	15816.000
CT	274	16030	16058	16058.000
CT	273	16010	16025	16025.000
CT	272	16460	16498	16498.000
CT	271	16832	16857	16857.000
CT	270	16802	16830	16830.000
CT	269	17224	17255	17255.000
CT	268	17320	17352	17352.000
CT	267	17699	17731	17731.000
CT	266	17772	17795	17795.000
CT	265	17971	17999	17999.000
CT	264	18306	18337	18337.000
CT	263	18305	18324	18324.000
CT	262	18873	18892	18892.000
CT	261	18792	18806	18806.000
CT	260	19197	19217	19217.000
CT	259	19409	19430	19430.000
CT	258	19598	19612	19612.000
CT	257	20020	20037	20037.000
CT	256	20391	20415	20415.000
CT	255	20585	20605	20605.000
CT	254	20860	20882	20882.000
CT	253	20654	20694	20694.000
CT	252	21030	21074	21074.000
CT	251	21485	21521	21521.000
CT	250	21615	21652	21652.000
CT	249	21566	21609	21609.000
CT	248	21816	21851	21851.000
CT	247	22273	22297	22297.000
CT	246	22279	22301	22301.000
CT	245	22203	22230	22230.000
CT	244	22520	22543	22543.000
CT	243	23040	23069	23069.000
CT	242	23120	23139	23139.000
CT	241	23508	23532	23532.000
CT	240	23786	23813	23813.000
CT	239	24016	24042	24042.000
CT	238	23896	23921	23921.000
CT	237	24148	24163	24163.000
CT	236	24103	24116	24116.000
CT	235	24454	24471	24471.000
CT	234	24758	24774	24774.000
CT	233	24659	24674	24674.000
CT	232	24902	24917	24917.000
CT	231	25417	25441	25441.000
CT	230	25692	25713	25713.000
CT	229	25459	25474	25474.000
CT	228	25790	25807	25807.000
CT	227	25963	25975	25975.000
CT	226	26024	26039	26039.000
CT	225	26258	26279	26279.000
CT	224	26403	26416	26416.000
CT	223	26793	26810	26810.000
CT	222	26753	26764	26764.000
CT	221	26774	26793	26793.000
CT	220	26874	26894	26894.000
CT	219	26834	26859	26859.000
CT	218	27169	27192	27192.000
CT	217	27051	27075	27075.000
CT	216	27040	27058	27058.000
CT	215	27351	27365	27365.000
CT	214	27369	27400	27400.000
CT	213	27303	27327	27327.000
CT	212	27014	27032	27032.000
CT	211	27486	27506	27506.000
CT	210	27170	27193	27193.000
CT	209	27291	27311	27311.000
CT	208	27528	27533	27533.000
CT	207	27210	27227	27227.000
CT	206	27654	27670	27670.000
CT	205	27414	27426	27426.000
CT	204	27080	27100	27100.000
CT	203	26812	26827	26827.000
CT	202	26854	26875	26875.000
CT	201	26835	26850	26850.000
CT	200	26719	26742	26742.000
CT	199	26652	26672	26672.000
CT	198	26741	26756	26756.000
CT	197	26195	26211	26211.000
CT	196	26415	26427	26427.000
CT	195	26396	26419	26419.000
CT	194	26117	26138	26138.000
CT	193	25863	25877	25877.000
CT	192	25850	25874	25874.000
CT	191	25401	25421	25421.000
CT	190	25378	25404	25404.000
CT	189	24886	24904	24904.000
CT	188	24879	24894	24894.000
CT	187	24809	24819	24819.000
CT	186	24628	24641	24641.000
CT	185	24302	24312	24312.000
CT	184	23877	23895	23895.000
CT	183	24156	24157	24157.000
CT	182	24186	24188	24188.000
CT	181	24011	24017	24017.000
CT	180	23766	23772	23772.000
CT	179	23444	23449	23449.000
CT	178	23059	23062	23062.000
CT	177	23200	23204	23204.000
CT	176	22617	22614	22614.000
CT	175	22263	22261	22261.000
CT	174	22102	22090	22090.000
CT	173	21888	21881	21881.000
CT	172	21625	21612	21612.000
CT	171	21490	21479	21479.000
CT	170	20933	20932	20932.000
CT	169	20500	20502	20502.000
CT	168	20680	20673	20673.000
CT	167	20089	20092	20092.000
CT	166	19603	19599	19599.000
CT	165	19443	19439	19439.000
CT	164	19064	19064	19064.000
CT	163	18514	18514	18514.000
CT	162	18202	18200	18200.000
CT	161	17678	17686	17686.000
CT	160	17354	17359	17359.000
CT	159	16925	16914	16914.000
CT	158	16775	16770	16770.000
CT	157	16472	16470	16470.000
CT	156	16281	16278	16278.000
CT	155	15704	15716	15716.000
CT	154	14964	14965	14965.000
CT	153	15053	15048	15048.000
CT	152	14454	14453	14453.000
CT	151	14172	14173	14173.000
CT	150	13864	13863	13863.000
CT	149	13520	13517	13517.000
CT	148	13034	13038	13038.000
CT	147	12703	12693	12693.000
CT	146	12453	12454	12454.000
CT	145	12003	12010	12010.000
CT	144	11782	11779	11779.000
CT	143	11440	11441	11441.000
CT	142	11128	11130	11130.000
CT	141	10841	10843	10843.000
CT	140	10680	10674	10674.000
CT	139	10445	10437	10437.000
CT	138	10036	10025	10025.000
CT	137	9827	9820	9820.000
CT	136	9113	9096	9096.000
CT	135	8996	8990	8990.000
CT	134	8372	8361	8361.000
CT	133	8134	8119	8119.000
CT	132	7844	7837	7837.000
CT	131	7530	7513	7513.000
CT	130	7123	7112	7112.000
CT	129	6794	6789	6789.000
CT	128	6442	6444	6444.000
CT	127	6347	6344	6344.000
CT	126	6055	6048	6048.000
CT	125	5702	5702	5702.000
CT	124	5374	5377	5377.000
CT	123	4958	4958	4958.000
CT	122	4744	4742	4742.000
CT	121	4635	4634	4634.000
CT	120	4340	4342	4342.000
CT	119	4117	4114	4114.000
CT	118	3953	3954	3954.000
CT	117	3756	3754	3754.000
CT	116	3564	3549	3549.000
CT	115	3323	3320	3320.000
CT	114	3106	3102	3102.000
CT	113	2912	2917	2917.000
CT	112	2887	2896	2896.000
CT	111	2712	2710	2710.000
CT	110	2504	2502	2502.000
CT	109	2397	2366	2366.000
CT	108	2162	2146	2146.000
CT	107	2022	2010	2010.000
CT	106	1886	1890	1890.000
CT	105	1814	1805	1805.000
CT	104	1710	1695	1695.000
CT	103	1543	1535	1535.000
CT	102	1478	1477	1477.000
CT	101	1416	1394	1394.000
CT	100	1358	1341	1341.000
CT	99	1322	1300	1300.000
CT	98	1134	1120	1120.000
CT	97	1107	1093	1093.000
CT	96	1037	1018	1018.000
CT	95	987	973	973.000
CT	94	932	920	920.000
CT	93	828	811	811.000
CT	92	715	701	701.000
CT	91	724	702	702.000
CT	90	638	632	632.000
CT	89	621	613	613.000
CT	88	545	529	529.000
CT	87	477	466	466.000
CT	86	500	474	474.000
CT	85	468	459	459.000
CT	84	470	460	460.000
CT	83	421	399	399.000
CT	82	381	356	356.000
CT	81	381	355	355.000
CT	80	347	326	326.000
CT	79	359	331	331.000
CT	78	327	307	307.000
CT	77	280	261	261.000
CT	76	238	232	232.000
CT	75	246	222	222.000
CT	74	249	228	228.000
CT	73	212	199	199.000
CT	72	215	189	189.000
CT	71	210	180	180.000
CT	70	155	138	138.000
CT	69	164	137	137.000
CT	68	163	132	132.000
CT	67	142	112	112.000
CT	66	137	108	108.000
CT	65	136	99	99.000
CT	64	129	93	93.000
CT	63	123	85	85.000
CT	62	140	89	89.000
CT	61	135	85	85.000
CT	60	132	75	75.000
CT	59	116	62	62.000
CT	58	104	60	60.000
CT	57	143	63	63.000
CT	56	110	33	33.000
CT	55	128	43	43.000
CT	54	137	29	29.000
CT	53	114	25	25.000
CT	52	134	29	29.000
CT	51	129	16	16.000
CT	50	133	7	7.000
CT	49	148	11	11.000
CT	48	137	4	4.000
CT	47	164	6	6.000
CT	46	198	9	9.000
CT	45	256	9	9.000
CT	44	294	6	6.000
CT	43	301	7	7.000
CT	42	418	11	11.000
CT	41	409	8	8.000
CT	40	427	13	13.000
CT	39	499	6	6.000
CT	38	576	5	5.000
CT	37	624	3	3.000
CT	36	687	6	6.000
CT	35	786	8	8.000
CT	34	936	15	15.000
CT	33	1033	3	3.000
CT	32	1267	3	3.000
CT	31	1371	7	7.000
CT	30	1639	8	8.000
CT	29	1999	3	3.000
CT	28	2354	6	6.000
CT	27	2524	3	3.000
CT	26	2926	5	5.000
CT	25	3337	2	2.000
CT	24	4095	1	1.000
CT	23	4912	3	3.000
CT	22	6090	0	0.000
CT	21	6999	1	1.000
CT	20	8236	3	3.000
CT	19	9669	3	3.000
CT	18	11514	0	0.000
CT	17	13860	0	0.000
CT	16	16021	0	0.000
CT	15	19192	0	0.000
CT	14	23463	0	0.000
CT	13	29956	0	0.000
CT	12	36927	0	0.000
CT	11	46896	0	0.000
CT	10	60540	0	0.000
CT	9	78925	0	0.000
CT	8	107443	0	0.000
CT	7	157342	0	0.000
CT	6	243929	0	0.000
CT	5	422658	0	0.000
CT	4	851115	0	0.000
CT	3	2181064	0	0.000
CT	2	8646036	0	0.000
CT	1	0	0	-nan
CT	0	0	0	-nan
FR	0	0
ER	4085784	0.000
CV	1.001
QV	inf	inf
