HS	1023	0	4638	4638
HS	1022	0	2	4640
HS	1021	0	3	4643
HS	1020	0	8	4651
HS	1019	0	3	4654
HS	1018	0	8	4662
HS	1017	0	1	4663
HS	1016	0	2	4665
HS	1015	0	1	4666
HS	1014	0	2	4668
HS	1013	0	6	4674
HS	1012	0	3	4677
HS	1011	0	1	4678
HS	1010	0	1	4679
HS	1009	0	1	4680
HS	1008	0	2	4682
HS	1007	0	3	4685
HS	1006	0	0	4685
HS	1005	0	1	4686
HS	1004	0	1	4687
HS	1003	0	3	4690
HS	1002	0	1	4691
HS	1001	0	1	4692
HS	1000	0	1	4693
HS	999	0	3	4696
HS	998	0	3	4699
HS	997	0	2	4701
HS	996	0	0	4701
HS	995	0	0	4701
HS	994	0	3	4704
HS	993	0	3	4707
HS	992	0	0	4707
HS	991	0	0	4707
HS	990	0	1	4708
HS	989	0	2	4710
HS	988	0	2	4712
HS	987	0	3	4715
HS	986	0	0	4715
HS	985	0	2	4717
HS	984	0	3	4720
HS	983	0	2	4722
HS	982	0	2	4724
HS	981	0	1	4725
HS	980	0	3	4728
HS	979	0	1	4729
HS	978	0	4	4733
HS	977	0	3	4736
HS	976	0	2	4738
HS	975	0	3	4741
HS	974	0	4	4745
HS	973	0	2	4747
HS	972	0	0	4747
HS	971	0	2	4749
HS	970	0	3	4752
HS	969	0	1	4753
HS	968	0	2	4755
HS	967	0	3	4758
HS	966	0	1	4759
HS	965	0	1	4760
HS	964	0	0	4760
HS	963	0	1	4761
HS	962	0	3	4764
HS	961	0	2	4766
HS	960	0	0	4766
HS	959	0	0	4766
HS	958	0	3	4769
HS	957	0	2	4771
HS	956	0	0	4771
HS	955	0	0	4771
HS	954	0	3	4774
HS	953	0	1	4775
HS	952	0	0	4775
HS	951	0	1	4776
HS	950	0	0	4776
HS	949	0	2	4778
HS	948	0	2	4780
HS	947	0	0	4780
HS	946	0	1	4781
HS	945	0	1	4782
HS	944	0	2	4784
HS	943	0	1	4785
HS	942	0	3	4788
HS	941	0	2	4790
HS	940	0	4	4794
HS	939	0	1	4795
HS	938	0	1	4796
HS	937	0	3	4799
HS	936	0	2	4801
HS	935	0	2	4803
HS	934	0	3	4806
HS	933	0	2	4808
HS	932	0	3	4811
HS	931	0	0	4811
HS	930	0	1	4812
HS	929	0	2	4814
HS	928	0	2	4816
HS	927	0	1	4817
HS	926	0	0	4817
HS	925	0	1	4818
HS	924	0	2	4820
HS	923	0	0	4820
HS	922	0	3	4823
HS	921	0	1	4824
HS	920	0	1	4825
HS	919	0	3	4828
HS	918	0	4	4832
HS	917	0	3	4835
HS	916	0	3	4838
HS	915	0	2	4840
HS	914	0	1	4841
HS	913	0	2	4843
HS	912	0	1	4844
HS	911	0	5	4849
HS	910	0	2	4851
HS	909	0	1	4852
HS	908	0	2	4854
HS	907	0	3	4857
HS	906	0	2	4859
HS	905	0	0	4859
HS	904	0	0	4859
HS	903	0	0	4859
HS	902	0	0	4859
HS	901	0	2	4861
HS	900	0	2	4863
HS	899	0	3	4866
HS	898	0	3	4869
HS	897	0	2	4871
HS	896	0	3	4874
HS	895	0	2	4876
HS	894	0	5	4881
HS	893	0	3	4884
HS	892	0	1	4885
HS	891	0	3	4888
HS	890	0	3	4891
HS	889	0	2	4893
HS	888	0	1	4894
HS	887	0	2	4896
HS	886	0	0	4896
HS	885	0	3	4899
HS	884	0	5	4904
HS	883	0	2	4906
HS	882	0	2	4908
HS	881	0	0	4908
HS	880	0	2	4910
HS	879	0	2	4912
HS	878	0	1	4913
HS	877	0	0	4913
HS	876	0	1	4914
HS	875	0	2	4916
HS	874	0	2	4918
HS	873	0	0	4918
HS	872	0	2	4920
HS	871	0	0	4920
HS	870	0	1	4921
HS	869	0	2	4923
HS	868	0	2	4925
HS	867	0	0	4925
HS	866	0	0	4925
HS	865	0	0	4925
HS	864	0	2	4927
HS	863	0	0	4927
HS	862	0	3	4930
HS	861	0	3	4933
HS	860	0	2	4935
HS	859	0	2	4937
HS	858	0	1	4938
HS	857	0	0	4938
HS	856	0	2	4940
HS	855	0	3	4943
HS	854	0	1	4944
HS	853	0	0	4944
HS	852	0	1	4945
HS	851	0	0	4945
HS	850	0	0	4945
HS	849	0	2	4947
HS	848	0	2	4949
HS	847	0	0	4949
HS	846	0	2	4951
HS	845	0	3	4954
HS	844	0	0	4954
HS	843	0	0	4954
HS	842	0	1	4955
HS	841	0	2	4957
HS	840	0	1	4958
HS	839	0	2	4960
HS	838	0	3	4963
HS	837	0	0	4963
HS	836	0	1	4964
HS	835	0	5	4969
HS	834	0	2	4971
HS	833	0	0	4971
HS	832	0	4	4975
HS	831	0	1	4976
HS	830	0	3	4979
HS	829	0	0	4979
HS	828	0	1	4980
HS	827	0	0	4980
HS	826	0	0	4980
HS	825	0	1	4981
HS	824	0	1	4982
HS	823	0	3	4985
HS	822	0	1	4986
HS	821	0	1	4987
HS	820	0	1	4988
HS	819	0	3	4991
HS	818	0	1	4992
HS	817	0	1	4993
HS	816	0	0	4993
HS	815	0	4	4997
HS	814	0	3	5000
HS	813	0	2	5002
HS	812	0	2	5004
HS	811	0	0	5004
HS	810	0	2	5006
HS	809	0	4	5010
HS	808	0	5	5015
HS	807	0	3	5018
HS	806	0	2	5020
HS	805	0	1	5021
HS	804	0	2	5023
HS	803	0	1	5024
HS	802	0	0	5024
HS	801	0	1	5025
HS	800	0	0	5025
HS	799	0	1	5026
HS	798	0	0	5026
HS	797	0	0	5026
HS	796	0	0	5026
HS	795	0	2	5028
HS	794	0	2	5030
HS	793	0	1	5031
HS	792	0	3	5034
HS	791	0	1	5035
HS	790	0	0	5035
HS	789	0	1	5036
HS	788	0	1	5037
HS	787	0	2	5039
HS	786	0	2	5041
HS	785	0	0	5041
HS	784	0	2	5043
HS	783	0	1	5044
HS	782	0	2	5046
HS	781	0	1	5047
HS	780	0	3	5050
HS	779	0	0	5050
HS	778	0	0	5050
HS	777	0	1	5051
HS	776	0	3	5054
HS	775	0	2	5056
HS	774	0	0	5056
HS	773	0	2	5058
HS	772	0	3	5061
HS	771	0	1	5062
HS	770	0	3	5065
HS	769	0	4	5069
HS	768	0	3	5072
HS	767	0	2	5074
HS	766	0	0	5074
HS	765	0	2	5076
HS	764	0	1	5077
HS	763	0	2	5079
HS	762	0	5	5084
HS	761	0	3	5087
HS	760	0	1	5088
HS	759	0	3	5091
HS	758	0	4	5095
HS	757	0	7	5102
HS	756	0	3	5105
HS	755	0	4	5109
HS	754	0	4	5113
HS	753	0	5	5118
HS	752	0	5	5123
HS	751	0	6	5129
HS	750	0	4	5133
HS	749	0	2	5135
HS	748	0	2	5137
HS	747	0	3	5140
HS	746	0	1	5141
HS	745	0	7	5148
HS	744	0	6	5154
HS	743	0	4	5158
HS	742	0	6	5164
HS	741	0	3	5167
HS	740	0	1	5168
HS	739	0	0	5168
HS	738	0	3	5171
HS	737	0	4	5175
HS	736	0	3	5178
HS	735	0	2	5180
HS	734	0	3	5183
HS	733	0	5	5188
HS	732	0	3	5191
HS	731	0	4	5195
HS	730	0	2	5197
HS	729	0	6	5203
HS	728	0	9	5212
HS	727	0	4	5216
HS	726	0	4	5220
HS	725	0	6	5226
HS	724	0	4	5230
HS	723	0	7	5237
HS	722	0	3	5240
HS	721	0	6	5246
HS	720	0	1	5247
HS	719	0	2	5249
HS	718	0	0	5249
HS	717	0	3	5252
HS	716	0	5	5257
HS	715	0	2	5259
HS	714	0	3	5262
HS	713	0	3	5265
HS	712	0	2	5267
HS	711	0	3	5270
HS	710	0	1	5271
HS	709	0	4	5275
HS	708	0	2	5277
HS	707	0	4	5281
HS	706	0	3	5284
HS	705	0	1	5285
HS	704	0	2	5287
HS	703	0	1	5288
HS	702	0	0	5288
HS	701	0	4	5292
HS	700	0	2	5294
HS	699	0	2	5296
HS	698	0	4	5300
HS	697	0	1	5301
HS	696	0	1	5302
HS	695	0	3	5305
HS	694	0	2	5307
HS	693	0	0	5307
HS	692	0	2	5309
HS	691	0	2	5311
HS	690	0	4	5315
HS	689	0	3	5318
HS	688	0	2	5320
HS	687	0	1	5321
HS	686	0	1	5322
HS	685	0	3	5325
HS	684	0	1	5326
HS	683	0	1	5327
HS	682	0	1	5328
HS	681	0	4	5332
HS	680	0	2	5334
HS	679	0	2	5336
HS	678	0	2	5338
HS	677	0	0	5338
HS	676	0	3	5341
HS	675	0	1	5342
HS	674	0	4	5346
HS	673	0	2	5348
HS	672	0	2	5350
HS	671	0	1	5351
HS	670	0	5	5356
HS	669	0	5	5361
HS	668	0	1	5362
HS	667	0	1	5363
HS	666	0	1	5364
HS	665	0	5	5369
HS	664	0	4	5373
HS	663	0	4	5377
HS	662	0	5	5382
HS	661	0	2	5384
HS	660	0	1	5385
HS	659	0	0	5385
HS	658	0	0	5385
HS	657	0	5	5390
HS	656	0	2	5392
HS	655	0	2	5394
HS	654	0	0	5394
HS	653	0	4	5398
HS	652	0	3	5401
HS	651	0	4	5405
HS	650	0	1	5406
HS	649	0	2	5408
HS	648	0	2	5410
HS	647	0	5	5415
HS	646	0	1	5416
HS	645	0	5	5421
HS	644	0	1	5422
HS	643	0	3	5425
HS	642	0	3	5428
HS	641	0	7	5435
HS	640	0	4	5439
HS	639	0	9	5448
HS	638	0	5	5453
HS	637	0	4	5457
HS	636	0	4	5461
HS	635	0	5	5466
HS	634	0	6	5472
HS	633	0	3	5475
HS	632	0	4	5479
HS	631	0	4	5483
HS	630	0	5	5488
HS	629	0	2	5490
HS	628	0	3	5493
HS	627	0	3	5496
HS	626	0	3	5499
HS	625	0	3	5502
HS	624	0	3	5505
HS	623	0	6	5511
HS	622	0	3	5514
HS	621	0	7	5521
HS	620	0	4	5525
HS	619	0	5	5530
HS	618	0	1	5531
HS	617	0	6	5537
HS	616	0	6	5543
HS	615	0	10	5553
HS	614	0	5	5558
HS	613	0	5	5563
HS	612	0	7	5570
HS	611	0	8	5578
HS	610	0	7	5585
HS	609	0	12	5597
HS	608	0	6	5603
HS	607	0	10	5613
HS	606	0	4	5617
HS	605	0	8	5625
HS	604	0	8	5633
HS	603	0	7	5640
HS	602	0	11	5651
HS	601	0	16	5667
HS	600	0	12	5679
HS	599	0	16	5695
HS	598	0	18	5713
HS	597	0	17	5730
HS	596	0	12	5742
HS	595	0	21	5763
HS	594	0	19	5782
HS	593	0	12	5794
HS	592	0	5	5799
HS	591	0	17	5816
HS	590	0	23	5839
HS	589	0	22	5861
HS	588	0	16	5877
HS	587	0	16	5893
HS	586	0	28	5921
HS	585	0	22	5943
HS	584	0	27	5970
HS	583	0	21	5991
HS	582	0	35	6026
HS	581	0	14	6040
HS	580	0	33	6073
HS	579	0	30	6103
HS	578	0	24	6127
HS	577	0	27	6154
HS	576	0	25	6179
HS	575	0	33	6212
HS	574	0	27	6239
HS	573	0	42	6281
HS	572	0	34	6315
HS	571	0	34	6349
HS	570	0	43	6392
HS	569	0	26	6418
HS	568	0	39	6457
HS	567	0	32	6489
HS	566	0	29	6518
HS	565	0	26	6544
HS	564	0	27	6571
HS	563	0	22	6593
HS	562	0	19	6612
HS	561	0	18	6630
HS	560	0	25	6655
HS	559	0	33	6688
HS	558	0	29	6717
HS	557	0	41	6758
HS	556	0	24	6782
HS	555	0	30	6812
HS	554	0	29	6841
HS	553	0	30	6871
HS	552	0	24	6895
HS	551	0	25	6920
HS	550	0	36	6956
HS	549	0	31	6987
HS	548	0	32	7019
HS	547	0	34	7053
HS	546	0	36	7089
HS	545	0	43	7132
HS	544	0	40	7172
HS	543	0	33	7205
HS	542	0	33	7238
HS	541	0	33	7271
HS	540	0	37	7308
HS	539	0	43	7351
HS	538	0	52	7403
HS	537	0	41	7444
HS	536	0	40	7484
HS	535	0	50	7534
HS	534	0	56	7590
HS	533	0	47	7637
HS	532	0	57	7694
HS	531	0	66	7760
HS	530	0	66	7826
HS	529	0	59	7885
HS	528	0	81	7966
HS	527	0	75	8041
HS	526	0	77	8118
HS	525	0	89	8207
HS	524	0	91	8298
HS	523	0	86	8384
HS	522	0	103	8487
HS	521	0	106	8593
HS	520	0	103	8696
HS	519	0	121	8817
HS	518	0	88	8905
HS	517	0	109	9014
HS	516	0	104	9118
HS	515	0	120	9238
HS	514	0	106	9344
HS	513	0	121	9465
HS	512	0	99	9564
HS	511	0	113	9677
HS	510	0	117	9794
HS	509	0	121	9915
HS	508	0	130	10045
HS	507	0	142	10187
HS	506	0	154	10341
HS	505	0	143	10484
HS	504	0	146	10630
HS	503	0	140	10770
HS	502	0	150	10920
HS	501	0	150	11070
HS	500	0	162	11232
HS	499	0	160	11392
HS	498	0	208	11600
HS	497	0	156	11756
HS	496	0	175	11931
HS	495	0	174	12105
HS	494	0	185	12290
HS	493	0	198	12488
HS	492	0	203	12691
HS	491	0	207	12898
HS	490	0	217	13115
HS	489	0	204	13319
HS	488	0	215	13534
HS	487	0	230	13764
HS	486	0	220	13984
HS	485	0	204	14188
HS	484	0	233	14421
HS	483	0	237	14658
HS	482	0	231	14889
HS	481	0	248	15137
HS	480	0	235	15372
HS	479	0	234	15606
HS	478	0	234	15840
HS	477	0	257	16097
HS	476	0	247	16344
HS	475	0	248	16592
HS	474	0	243	16835
HS	473	0	307	17142
HS	472	0	268	17410
HS	471	0	301	17711
HS	470	0	307	18018
HS	469	0	293	18311
HS	468	0	281	18592
HS	467	0	310	18902
HS	466	0	343	19245
HS	465	0	324	19569
HS	464	0	327	19896
HS	463	0	327	20223
HS	462	0	337	20560
HS	461	0	354	20914
HS	460	0	360	21274
HS	459	0	365	21639
HS	458	0	403	22042
HS	457	0	417	22459
HS	456	0	367	22826
HS	455	0	433	23259
HS	454	0	396	23655
HS	453	0	478	24133
HS	452	0	460	24593
HS	451	0	441	25034
HS	450	0	445	25479
HS	449	0	504	25983
HS	448	0	445	26428
HS	447	0	473	26901
HS	446	0	476	27377
HS	445	0	506	27883
HS	444	0	518	28401
HS	443	0	532	28933
HS	442	0	534	29467
HS	441	0	576	30043
HS	440	0	539	30582
HS	439	0	605	31187
HS	438	0	650	31837
HS	437	0	651	32488
HS	436	0	660	33148
HS	435	0	659	33807
HS	434	0	726	34533
HS	433	0	753	35286
HS	432	0	726	36012
HS	431	0	753	36765
HS	430	0	732	37497
HS	429	0	785	38282
HS	428	0	730	39012
HS	427	0	769	39781
HS	426	0	816	40597
HS	425	0	772	41369
HS	424	0	848	42217
HS	423	0	880	43097
HS	422	0	857	43954
HS	421	0	932	44886
HS	420	0	922	45808
HS	419	0	972	46780
HS	418	0	1022	47802
HS	417	0	1024	48826
HS	416	0	995	49821
HS	415	0	1060	50881
HS	414	0	1151	52032
HS	413	0	1053	53085
HS	412	0	1173	54258
HS	411	0	1203	55461
HS	410	0	1173	56634
HS	409	0	1226	57860
HS	408	0	1284	59144
HS	407	0	1278	60422
HS	406	0	1307	61729
HS	405	0	1204	62933
HS	404	0	1297	64230
HS	403	0	1362	65592
HS	402	0	1320	66912
HS	401	0	1436	68348
HS	400	0	1416	69764
HS	399	0	1580	71344
HS	398	0	1535	72879
HS	397	0	1570	74449
HS	396	0	1562	76011
HS	395	0	1593	77604
HS	394	0	1589	79193
HS	393	0	1599	80792
HS	392	0	1713	82505
HS	391	0	1642	84147
HS	390	0	1774	85921
HS	389	0	1737	87658
HS	388	0	1782	89440
HS	387	0	1873	91313
HS	386	0	1909	93222
HS	385	0	1974	95196
HS	384	0	1968	97164
HS	383	0	2094	99258
HS	382	0	2159	101417
HS	381	0	2187	103604
HS	380	0	2252	105856
HS	379	0	2318	108174
HS	378	0	2402	110576
HS	377	0	2330	112906
HS	376	0	2361	115267
HS	375	0	2442	117709
HS	374	0	2540	120249
HS	373	0	2662	122911
HS	372	0	2692	125603
HS	371	0	2679	128282
HS	370	0	2787	131069
HS	369	0	2778	133847
HS	368	0	2889	136736
HS	367	0	3001	139737
HS	366	0	2941	142678
HS	365	0	3119	145797
HS	364	0	3195	148992
HS	363	0	3145	152137
HS	362	0	3171	155308
HS	361	0	3273	158581
HS	360	0	3310	161891
HS	359	0	3400	165291
HS	358	0	3496	168787
HS	357	0	3494	172281
HS	356	0	3769	176050
HS	355	0	3681	179731
HS	354	0	3813	183544
HS	353	0	3825	187369
HS	352	0	3960	191329
HS	351	0	4028	195357
HS	350	0	4248	199605
HS	349	0	4199	203804
HS	348	0	4313	208117
HS	347	0	4548	212665
HS	346	0	4630	217295
HS	345	0	4545	221840
HS	344	0	4785	226625
HS	343	0	4819	231444
HS	342	0	4923	236367
HS	341	0	5119	241486
HS	340	0	5186	246672
HS	339	0	5421	252093
HS	338	0	5310	257403
HS	337	0	5429	262832
HS	336	0	5489	268321
HS	335	0	5643	273964
HS	334	0	5825	279789
HS	333	0	5948	285737
HS	332	0	5884	291621
HS	331	0	6134	297755
HS	330	0	6286	304041
HS	329	0	6328	310369
HS	328	0	6520	316889
HS	327	0	6485	323374
HS	326	0	6693	330067
HS	325	0	6912	336979
HS	324	0	6883	343862
HS	323	0	6963	350825
HS	322	0	7447	358272
HS	321	0	7249	365521
HS	320	0	7445	372966
HS	319	0	7709	380675
HS	318	0	7833	388508
HS	317	0	7718	396226
HS	316	0	8118	404344
HS	315	0	8130	412474
HS	314	0	8505	420979
HS	313	0	8518	429497
HS	312	0	8707	438204
HS	311	0	8781	446985
HS	310	0	9008	455993
HS	309	0	8935	464928
HS	308	0	9303	474231
HS	307	0	9541	483772
HS	306	0	9933	493705
HS	305	0	9787	503492
HS	304	0	9893	513385
HS	303	0	10022	523407
HS	302	0	10367	533774
HS	301	0	10460	544234
HS	300	0	10686	554920
HS	299	0	10758	565678
HS	298	0	11063	576741
HS	297	0	11099	587840
HS	296	0	11230	599070
HS	295	0	11585	610655
HS	294	0	11660	622315
HS	293	0	12089	634404
HS	292	0	12106	646510
HS	291	0	12335	658845
HS	290	0	12440	671285
HS	289	0	12700	683985
HS	288	0	12837	696822
HS	287	0	13034	709856
HS	286	0	13409	723265
HS	285	0	13440	736705
HS	284	0	13680	750385
HS	283	0	13669	764054
HS	282	0	14303	778357
HS	281	0	14449	792806
HS	280	0	14665	807471
HS	279	0	14995	822466
HS	278	0	15031	837497
HS	277	0	15462	852959
HS	276	0	15794	868753
HS	275	0	15783	884536
HS	274	0	16030	900566
HS	273	0	16010	916576
HS	272	0	16460	933036
HS	271	0	16832	949868
HS	270	0	16802	966670
HS	269	0	17224	983894
HS	268	0	17320	1001214
HS	267	0	17699	1018913
HS	266	0	17772	1036685
HS	265	0	17971	1054656
HS	264	0	18306	1072962
HS	263	0	18305	1091267
HS	262	0	18873	1110140
HS	261	0	18792	1128932
HS	260	0	19197	1148129
HS	259	0	19409	1167538
HS	258	0	19598	1187136
HS	257	0	20020	1207156
HS	256	0	20391	1227547
HS	255	0	20585	1248132
HS	254	0	20860	1268992
HS	253	0	20654	1289646
HS	252	0	21030	1310676
HS	251	0	21485	1332161
HS	250	0	21615	1353776
HS	249	0	21566	1375342
HS	248	0	21816	1397158
HS	247	0	22273	1419431
HS	246	0	22279	1441710
HS	245	0	22203	1463913
HS	244	0	22520	1486433
HS	243	0	23040	1509473
HS	242	0	23120	1532593
HS	241	0	23508	1556101
HS	240	0	23786	1579887
HS	239	0	24016	1603903
HS	238	0	23896	1627799
HS	237	0	24148	1651947
HS	236	0	24103	1676050
HS	235	0	24454	1700504
HS	234	0	24758	1725262
HS	233	0	24659	1749921
HS	232	0	24902	1774823
HS	231	0	25417	1800240
HS	230	0	25692	1825932
HS	229	0	25459	1851391
HS	228	0	25790	1877181
HS	227	0	25963	1903144
HS	226	0	26024	1929168
HS	225	0	26258	1955426
HS	224	0	26403	1981829
HS	223	0	26793	2008622
HS	222	0	26753	2035375
HS	221	0	26774	2062149
HS	220	0	26874	2089023
HS	219	0	26834	2115857
HS	218	0	27169	2143026
HS	217	0	27051	2170077
HS	216	0	27040	2197117
HS	215	0	27351	2224468
HS	214	0	27369	2251837
HS	213	0	27303	2279140
HS	212	0	27014	2306154
HS	211	0	27486	2333640
HS	210	0	27170	2360810
HS	209	0	27291	2388101
HS	208	0	27528	2415629
HS	207	0	27210	2442839
HS	206	0	27654	2470493
HS	205	0	27414	2497907
HS	204	0	27080	2524987
HS	203	0	26812	2551799
HS	202	0	26854	2578653
HS	201	0	26835	2605488
HS	200	0	26719	2632207
HS	199	0	26652	2658859
HS	198	0	26741	2685600
HS	197	0	26195	2711795
HS	196	0	26415	2738210
HS	195	0	26396	2764606
HS	194	0	26117	2790723
HS	193	0	25863	2816586
HS	192	0	25850	2842436
HS	191	0	25401	2867837
HS	190	0	25378	2893215
HS	189	0	24886	2918101
HS	188	0	24879	2942980
HS	187	0	24809	2967789
HS	186	0	24628	2992417
HS	185	0	24302	3016719
HS	184	0	23877	3040596
HS	183	0	24156	3064752
HS	182	0	24186	3088938
HS	181	0	24011	3112949
HS	180	0	23766	3136715
HS	179	0	23444	3160159
HS	178	0	23059	3183218
HS	177	0	23200	3206418
HS	176	0	22617	3229035
HS	175	0	22263	3251298
HS	174	0	22102	3273400
HS	173	0	21888	3295288
HS	172	0	21625	3316913
HS	171	0	21490	3338403
HS	170	0	20933	3359336
HS	169	0	20500	3379836
HS	168	0	20680	3400516
HS	167	0	20089	3420605
HS	166	0	19603	3440208
HS	165	0	19443	3459651
HS	164	0	19064	3478715
HS	163	0	18514	3497229
HS	162	0	18202	3515431
HS	161	0	17678	3533109
HS	160	0	17354	3550463
HS	159	0	16925	3567388
HS	158	0	16775	3584163
HS	157	0	16472	3600635
HS	156	0	16281	3616916
HS	155	0	15704	3632620
HS	154	0	14964	3647584
HS	153	0	15053	3662637
HS	152	0	14454	3677091
HS	151	0	14172	3691263
HS	150	0	13864	3705127
HS	149	0	13520	3718647
HS	148	0	13034	3731681
HS	147	0	12703	3744384
HS	146	0	12453	3756837
HS	145	0	12003	3768840
HS	144	0	11782	3780622
HS	143	0	11440	3792062
HS	142	0	11128	3803190
HS	141	0	10841	3814031
HS	140	0	10680	3824711
HS	139	0	10445	3835156
HS	138	0	10036	3845192
HS	137	0	9827	3855019
HS	136	0	9113	3864132
HS	135	0	8996	3873128
HS	134	0	8372	3881500
HS	133	0	8134	3889634
HS	132	0	7844	3897478
HS	131	0	7530	3905008
HS	130	0	7123	3912131
HS	129	0	6794	3918925
HS	128	0	6442	3925367
HS	127	0	6347	3931714
HS	126	0	6055	3937769
HS	125	0	5702	3943471
HS	124	0	5374	3948845
HS	123	0	4958	3953803
HS	122	0	4744	3958547
HS	121	0	4635	3963182
HS	120	0	4340	3967522
HS	119	0	4117	3971639
HS	118	0	3953	3975592
HS	117	0	3756	3979348
HS	116	0	3564	3982912
HS	115	0	3323	3986235
HS	114	0	3106	3989341
HS	113	0	2912	3992253
HS	112	0	2887	3995140
HS	111	0	2712	3997852
HS	110	0	2504	4000356
HS	109	0	2397	4002753
HS	108	0	2162	4004915
HS	107	0	2022	4006937
HS	106	0	1886	4008823
HS	105	0	1814	4010637
HS	104	0	1710	4012347
HS	103	0	1543	4013890
HS	102	0	1478	4015368
HS	101	0	1416	4016784
HS	100	0	1358	4018142
HS	99	0	1322	4019464
HS	98	0	1134	4020598
HS	97	0	1107	4021705
HS	96	0	1037	4022742
HS	95	0	987	4023729
HS	94	0	932	4024661
HS	93	0	828	4025489
HS	92	0	715	4026204
HS	91	0	724	4026928
HS	90	0	638	4027566
HS	89	0	621	4028187
HS	88	0	545	4028732
HS	87	0	477	4029209
HS	86	0	500	4029709
HS	85	0	468	4030177
HS	84	0	470	4030647
HS	83	0	421	4031068
HS	82	0	381	4031449
HS	81	0	381	4031830
HS	80	0	347	4032177
HS	79	0	359	4032536
HS	78	0	327	4032863
HS	77	0	280	4033143
HS	76	0	238	4033381
HS	75	0	246	4033627
HS	74	0	249	4033876
HS	73	0	212	4034088
HS	72	0	215	4034303
HS	71	0	210	4034513
HS	70	0	155	4034668
HS	69	0	164	4034832
HS	68	0	163	4034995
HS	67	0	142	4035137
HS	66	0	137	4035274
HS	65	0	136	4035410
HS	64	0	129	4035539
HS	63	0	123	4035662
HS	62	0	140	4035802
HS	61	0	135	4035937
HS	60	0	132	4036069
HS	59	0	116	4036185
HS	58	0	104	4036289
HS	57	0	143	4036432
HS	56	0	110	4036542
HS	55	0	128	4036670
HS	54	0	137	4036807
HS	53	0	114	4036921
HS	52	0	134	4037055
HS	51	0	129	4037184
HS	50	0	133	4037317
HS	49	0	148	4037465
HS	48	0	137	4037602
HS	47	0	164	4037766
HS	46	0	198	4037964
HS	45	0	256	4038220
HS	44	0	294	4038514
HS	43	0	301	4038815
HS	42	0	418	4039233
HS	41	0	409	4039642
HS	40	0	427	4040069
HS	39	0	499	4040568
HS	38	0	576	4041144
HS	37	0	624	4041768
HS	36	0	687	4042455
HS	35	0	786	4043241
HS	34	0	936	4044177
HS	33	0	1033	4045210
HS	32	0	1267	4046477
HS	31	0	1371	4047848
HS	30	0	1639	4049487
HS	29	0	1999	4051486
HS	28	0	2354	4053840
HS	27	0	2524	4056364
HS	26	0	2926	4059290
HS	25	0	3337	4062627
HS	24	0	4095	4066722
HS	23	0	4912	4071634
HS	22	0	6090	4077724
HS	21	0	6999	4084723
HS	20	0	8236	4092959
HS	19	0	9669	4102628
HS	18	0	11514	4114142
HS	17	0	13860	4128002
HS	16	0	16021	4144023
HS	15	0	19192	4163215
HS	14	0	23463	4186678
HS	13	0	29956	4216634
HS	12	0	36927	4253561
HS	11	0	46896	4300457
HS	10	0	60540	4360997
HS	9	0	78925	4439922
HS	8	0	107443	4547365
HS	7	0	157342	4704707
HS	6	0	243929	4948636
HS	5	0	422658	5371294
HS	4	0	851115	6222409
HS	3	0	2181064	8403473
HS	2	0	8646036	17049509
HS	1	0	0	17049509
HS	0	0	0	17049509
