CC	CT  kmer_occurrence    short_read_kmer_count  raw_input_kmer_count  adjusted_input_kmer_count
CC	FR  fpr_lower_bound    fpr_upper_bound
CC	ER  total_input_kmers  adjusted_error_kmers
CC	CV  coverage
CC	QV  raw_quality_value  adjusted_quality_value
CC
SQ	JAUCEP010000002.1	4408636	4408606	4408578	66.89
CT	1023	347779	459661	459661.000
CT	1022	3763	3712	3712.000
CT	1021	3899	3842	3842.000
CT	1020	3973	3921	3921.000
CT	1019	3919	3883	3883.000
CT	1018	4012	3948	3948.000
CT	1017	4050	4005	4005.000
CT	1016	4080	4028	4028.000
CT	1015	4098	4050	4050.000
CT	1014	4235	4194	4194.000
CT	1013	4246	4186	4186.000
CT	1012	4219	4173	4173.000
CT	1011	4311	4257	4257.000
CT	1010	4331	4283	4283.000
CT	1009	4287	4228	4228.000
CT	1008	4404	4346	4346.000
CT	1007	4354	4307	4307.000
CT	1006	4459	4394	4394.000
CT	1005	4577	4538	4538.000
CT	1004	4509	4440	4440.000
CT	1003	4686	4628	4628.000
CT	1002	4726	4660	4660.000
CT	1001	4562	4504	4504.000
CT	1000	4733	4674	4674.000
CT	999	4665	4626	4626.000
CT	998	4686	4623	4623.000
CT	997	4781	4732	4732.000
CT	996	4862	4804	4804.000
CT	995	4979	4930	4930.000
CT	994	4960	4912	4912.000
CT	993	4940	4882	4882.000
CT	992	5123	5068	5068.000
CT	991	5118	5070	5070.000
CT	990	5120	5051	5051.000
CT	989	5327	5268	5268.000
CT	988	5140	5082	5082.000
CT	987	5342	5289	5289.000
CT	986	5342	5279	5279.000
CT	985	5507	5441	5441.000
CT	984	5517	5450	5450.000
CT	983	5386	5328	5328.000
CT	982	5723	5652	5652.000
CT	981	5529	5449	5449.000
CT	980	5646	5579	5579.000
CT	979	5640	5573	5573.000
CT	978	5719	5665	5665.000
CT	977	5805	5731	5731.000
CT	976	5808	5746	5746.000
CT	975	5819	5741	5741.000
CT	974	5873	5807	5807.000
CT	973	5980	5914	5914.000
CT	972	6104	6039	6039.000
CT	971	6100	6038	6038.000
CT	970	6247	6181	6181.000
CT	969	6126	6072	6072.000
CT	968	6210	6136	6136.000
CT	967	6145	6102	6102.000
CT	966	6195	6141	6141.000
CT	965	6428	6360	6360.000
CT	964	6420	6359	6359.000
CT	963	6483	6413	6413.000
CT	962	6546	6487	6487.000
CT	961	6625	6566	6566.000
CT	960	6690	6621	6621.000
CT	959	6622	6557	6557.000
CT	958	6548	6485	6485.000
CT	957	6569	6519	6519.000
CT	956	6674	6599	6599.000
CT	955	6796	6731	6731.000
CT	954	6932	6887	6887.000
CT	953	6859	6802	6802.000
CT	952	6951	6903	6903.000
CT	951	7120	7058	7058.000
CT	950	7102	7050	7050.000
CT	949	7210	7151	7151.000
CT	948	7288	7216	7216.000
CT	947	7332	7273	7273.000
CT	946	7379	7319	7319.000
CT	945	7369	7304	7304.000
CT	944	7416	7348	7348.000
CT	943	7340	7286	7286.000
CT	942	7552	7479	7479.000
CT	941	7608	7550	7550.000
CT	940	7638	7580	7580.000
CT	939	7673	7616	7616.000
CT	938	7584	7513	7513.000
CT	937	7875	7817	7817.000
CT	936	8006	7939	7939.000
CT	935	7956	7896	7896.000
CT	934	8139	8086	8086.000
CT	933	8069	7984	7984.000
CT	932	8110	8046	8046.000
CT	931	8136	8078	8078.000
CT	930	8269	8194	8194.000
CT	929	8209	8151	8151.000
CT	928	8243	8171	8171.000
CT	927	8403	8339	8339.000
CT	926	8399	8341	8341.000
CT	925	8382	8309	8309.000
CT	924	8565	8524	8524.000
CT	923	8704	8634	8634.000
CT	922	8630	8565	8565.000
CT	921	8761	8710	8710.000
CT	920	8680	8617	8617.000
CT	919	8816	8760	8760.000
CT	918	8931	8885	8885.000
CT	917	8831	8784	8784.000
CT	916	8972	8916	8916.000
CT	915	9052	9003	9003.000
CT	914	9084	9013	9013.000
CT	913	9172	9103	9103.000
CT	912	9207	9155	9155.000
CT	911	9166	9121	9121.000
CT	910	9223	9160	9160.000
CT	909	9292	9243	9243.000
CT	908	9450	9399	9399.000
CT	907	9352	9295	9295.000
CT	906	9593	9552	9552.000
CT	905	9599	9550	9550.000
CT	904	9657	9612	9612.000
CT	903	9697	9641	9641.000
CT	902	9599	9559	9559.000
CT	901	9880	9825	9825.000
CT	900	10031	9974	9974.000
CT	899	10057	10012	10012.000
CT	898	10047	10000	10000.000
CT	897	9902	9854	9854.000
CT	896	10083	10030	10030.000
CT	895	10121	10069	10069.000
CT	894	10311	10262	10262.000
CT	893	10235	10183	10183.000
CT	892	10440	10387	10387.000
CT	891	10410	10358	10358.000
CT	890	10389	10333	10333.000
CT	889	10420	10376	10376.000
CT	888	10528	10476	10476.000
CT	887	10584	10533	10533.000
CT	886	10458	10401	10401.000
CT	885	10742	10689	10689.000
CT	884	10697	10630	10630.000
CT	883	10750	10699	10699.000
CT	882	10873	10831	10831.000
CT	881	10846	10798	10798.000
CT	880	11087	11018	11018.000
CT	879	10728	10682	10682.000
CT	878	11150	11101	11101.000
CT	877	10952	10909	10909.000
CT	876	11148	11100	11100.000
CT	875	11151	11087	11087.000
CT	874	11071	11018	11018.000
CT	873	10982	10950	10950.000
CT	872	11507	11454	11454.000
CT	871	11377	11331	11331.000
CT	870	11480	11429	11429.000
CT	869	11366	11312	11312.000
CT	868	11459	11407	11407.000
CT	867	11683	11629	11629.000
CT	866	11740	11698	11698.000
CT	865	11500	11457	11457.000
CT	864	11672	11628	11628.000
CT	863	11551	11516	11516.000
CT	862	11865	11817	11817.000
CT	861	11742	11695	11695.000
CT	860	11735	11683	11683.000
CT	859	11794	11750	11750.000
CT	858	11898	11854	11854.000
CT	857	11933	11879	11879.000
CT	856	12082	12044	12044.000
CT	855	12076	12025	12025.000
CT	854	12261	12212	12212.000
CT	853	12065	12020	12020.000
CT	852	12006	11971	11971.000
CT	851	12249	12208	12208.000
CT	850	12398	12354	12354.000
CT	849	12192	12144	12144.000
CT	848	12152	12112	12112.000
CT	847	12310	12258	12258.000
CT	846	12341	12304	12304.000
CT	845	12543	12501	12501.000
CT	844	12325	12273	12273.000
CT	843	12469	12418	12418.000
CT	842	12487	12456	12456.000
CT	841	12493	12439	12439.000
CT	840	12583	12535	12535.000
CT	839	12498	12462	12462.000
CT	838	12510	12471	12471.000
CT	837	12605	12558	12558.000
CT	836	12847	12806	12806.000
CT	835	12809	12769	12769.000
CT	834	12511	12476	12476.000
CT	833	12573	12532	12532.000
CT	832	12608	12571	12571.000
CT	831	12812	12764	12764.000
CT	830	12830	12788	12788.000
CT	829	12717	12682	12682.000
CT	828	12817	12778	12778.000
CT	827	12599	12569	12569.000
CT	826	12786	12736	12736.000
CT	825	12842	12809	12809.000
CT	824	12904	12862	12862.000
CT	823	12814	12778	12778.000
CT	822	12802	12763	12763.000
CT	821	12778	12726	12726.000
CT	820	13041	13002	13002.000
CT	819	12697	12666	12666.000
CT	818	12759	12730	12730.000
CT	817	12943	12912	12912.000
CT	816	13016	12976	12976.000
CT	815	12820	12796	12796.000
CT	814	13157	13103	13103.000
CT	813	12995	12969	12969.000
CT	812	12959	12921	12921.000
CT	811	13007	12971	12971.000
CT	810	13006	12987	12987.000
CT	809	12875	12846	12846.000
CT	808	12854	12822	12822.000
CT	807	12974	12940	12940.000
CT	806	12798	12777	12777.000
CT	805	13025	12989	12989.000
CT	804	12901	12865	12865.000
CT	803	12962	12915	12915.000
CT	802	13025	12996	12996.000
CT	801	12969	12940	12940.000
CT	800	13134	13097	13097.000
CT	799	13061	13032	13032.000
CT	798	12931	12897	12897.000
CT	797	12697	12674	12674.000
CT	796	12791	12753	12753.000
CT	795	12875	12844	12844.000
CT	794	12992	12962	12962.000
CT	793	12936	12908	12908.000
CT	792	13199	13181	13181.000
CT	791	12911	12885	12885.000
CT	790	13073	13047	13047.000
CT	789	13021	13000	13000.000
CT	788	13031	13010	13010.000
CT	787	12983	12964	12964.000
CT	786	13039	13022	13022.000
CT	785	12979	12954	12954.000
CT	784	13236	13215	13215.000
CT	783	12889	12877	12877.000
CT	782	13092	13076	13076.000
CT	781	12936	12911	12911.000
CT	780	13087	13068	13068.000
CT	779	12856	12832	12832.000
CT	778	13069	13042	13042.000
CT	777	13118	13104	13104.000
CT	776	12848	12827	12827.000
CT	775	13174	13158	13158.000
CT	774	12896	12884	12884.000
CT	773	12951	12935	12935.000
CT	772	12931	12908	12908.000
CT	771	12796	12777	12777.000
CT	770	12998	12981	12981.000
CT	769	12955	12937	12937.000
CT	768	12665	12645	12645.000
CT	767	12848	12821	12821.000
CT	766	12832	12802	12802.000
CT	765	12745	12722	12722.000
CT	764	12799	12774	12774.000
CT	763	12896	12871	12871.000
CT	762	12704	12682	12682.000
CT	761	12743	12712	12712.000
CT	760	12755	12731	12731.000
CT	759	12524	12504	12504.000
CT	758	12664	12636	12636.000
CT	757	12688	12659	12659.000
CT	756	12463	12440	12440.000
CT	755	12522	12504	12504.000
CT	754	12653	12617	12617.000
CT	753	12306	12281	12281.000
CT	752	12467	12446	12446.000
CT	751	12391	12361	12361.000
CT	750	12507	12474	12474.000
CT	749	12512	12484	12484.000
CT	748	12182	12145	12145.000
CT	747	12371	12348	12348.000
CT	746	12225	12206	12206.000
CT	745	12284	12262	12262.000
CT	744	12153	12141	12141.000
CT	743	12347	12319	12319.000
CT	742	12402	12384	12384.000
CT	741	12028	12010	12010.000
CT	740	11991	11963	11963.000
CT	739	12060	12045	12045.000
CT	738	11947	11930	11930.000
CT	737	11794	11767	11767.000
CT	736	11760	11737	11737.000
CT	735	11662	11648	11648.000
CT	734	11626	11615	11615.000
CT	733	11647	11624	11624.000
CT	732	11345	11336	11336.000
CT	731	11400	11389	11389.000
CT	730	11404	11386	11386.000
CT	729	11393	11380	11380.000
CT	728	11563	11554	11554.000
CT	727	11461	11447	11447.000
CT	726	11171	11162	11162.000
CT	725	11174	11166	11166.000
CT	724	11067	11052	11052.000
CT	723	11013	10998	10998.000
CT	722	11099	11090	11090.000
CT	721	11036	11025	11025.000
CT	720	10915	10907	10907.000
CT	719	10877	10870	10870.000
CT	718	10941	10928	10928.000
CT	717	10787	10781	10781.000
CT	716	10625	10617	10617.000
CT	715	10554	10542	10542.000
CT	714	10492	10479	10479.000
CT	713	10499	10488	10488.000
CT	712	10709	10698	10698.000
CT	711	10401	10384	10384.000
CT	710	10333	10321	10321.000
CT	709	10350	10342	10342.000
CT	708	10360	10347	10347.000
CT	707	10291	10282	10282.000
CT	706	10247	10234	10234.000
CT	705	10138	10121	10121.000
CT	704	10095	10071	10071.000
CT	703	9993	9981	9981.000
CT	702	9855	9845	9845.000
CT	701	10024	10010	10010.000
CT	700	9602	9587	9587.000
CT	699	9484	9471	9471.000
CT	698	9476	9458	9458.000
CT	697	9253	9242	9242.000
CT	696	9287	9273	9273.000
CT	695	9264	9254	9254.000
CT	694	9270	9249	9249.000
CT	693	9089	9072	9072.000
CT	692	8946	8929	8929.000
CT	691	9079	9057	9057.000
CT	690	8947	8936	8936.000
CT	689	8846	8824	8824.000
CT	688	8875	8858	8858.000
CT	687	8610	8586	8586.000
CT	686	8681	8661	8661.000
CT	685	8526	8506	8506.000
CT	684	8454	8434	8434.000
CT	683	8288	8265	8265.000
CT	682	8329	8307	8307.000
CT	681	8199	8185	8185.000
CT	680	8340	8317	8317.000
CT	679	8131	8104	8104.000
CT	678	8007	7984	7984.000
CT	677	7915	7900	7900.000
CT	676	7873	7858	7858.000
CT	675	7716	7692	7692.000
CT	674	7656	7634	7634.000
CT	673	7682	7659	7659.000
CT	672	7695	7676	7676.000
CT	671	7586	7566	7566.000
CT	670	7438	7419	7419.000
CT	669	7410	7388	7388.000
CT	668	7289	7270	7270.000
CT	667	7272	7259	7259.000
CT	666	7161	7147	7147.000
CT	665	7225	7207	7207.000
CT	664	7021	7006	7006.000
CT	663	6944	6923	6923.000
CT	662	6939	6917	6917.000
CT	661	6827	6815	6815.000
CT	660	6778	6769	6769.000
CT	659	6810	6794	6794.000
CT	658	6683	6663	6663.000
CT	657	6511	6501	6501.000
CT	656	6491	6479	6479.000
CT	655	6407	6395	6395.000
CT	654	6087	6069	6069.000
CT	653	6289	6277	6277.000
CT	652	6228	6220	6220.000
CT	651	6123	6107	6107.000
CT	650	6058	6049	6049.000
CT	649	5912	5902	5902.000
CT	648	5828	5813	5813.000
CT	647	5838	5826	5826.000
CT	646	5711	5696	5696.000
CT	645	5748	5735	5735.000
CT	644	5589	5580	5580.000
CT	643	5689	5675	5675.000
CT	642	5376	5364	5364.000
CT	641	5385	5368	5368.000
CT	640	5157	5154	5154.000
CT	639	5269	5257	5257.000
CT	638	5327	5313	5313.000
CT	637	5110	5093	5093.000
CT	636	5086	5079	5079.000
CT	635	4948	4943	4943.000
CT	634	4947	4936	4936.000
CT	633	4799	4789	4789.000
CT	632	4783	4771	4771.000
CT	631	4636	4629	4629.000
CT	630	4533	4522	4522.000
CT	629	4465	4456	4456.000
CT	628	4477	4469	4469.000
CT	627	4318	4309	4309.000
CT	626	4336	4323	4323.000
CT	625	4244	4236	4236.000
CT	624	4129	4119	4119.000
CT	623	4113	4106	4106.000
CT	622	4055	4045	4045.000
CT	621	3997	3995	3995.000
CT	620	3955	3945	3945.000
CT	619	3876	3867	3867.000
CT	618	3697	3686	3686.000
CT	617	3746	3737	3737.000
CT	616	3803	3799	3799.000
CT	615	3667	3656	3656.000
CT	614	3585	3575	3575.000
CT	613	3513	3507	3507.000
CT	612	3537	3525	3525.000
CT	611	3379	3373	3373.000
CT	610	3371	3366	3366.000
CT	609	3174	3165	3165.000
CT	608	3179	3169	3169.000
CT	607	3191	3181	3181.000
CT	606	3098	3089	3089.000
CT	605	3061	3051	3051.000
CT	604	3003	2992	2992.000
CT	603	3083	3079	3079.000
CT	602	2909	2905	2905.000
CT	601	2936	2928	2928.000
CT	600	2950	2945	2945.000
CT	599	2901	2894	2894.000
CT	598	2885	2882	2882.000
CT	597	2810	2802	2802.000
CT	596	2584	2578	2578.000
CT	595	2680	2674	2674.000
CT	594	2613	2605	2605.000
CT	593	2552	2545	2545.000
CT	592	2492	2489	2489.000
CT	591	2406	2401	2401.000
CT	590	2450	2448	2448.000
CT	589	2344	2342	2342.000
CT	588	2345	2343	2343.000
CT	587	2289	2286	2286.000
CT	586	2219	2213	2213.000
CT	585	2231	2225	2225.000
CT	584	2140	2138	2138.000
CT	583	2135	2126	2126.000
CT	582	2084	2075	2075.000
CT	581	1992	1988	1988.000
CT	580	2051	2049	2049.000
CT	579	2044	2035	2035.000
CT	578	1922	1918	1918.000
CT	577	1931	1927	1927.000
CT	576	1896	1894	1894.000
CT	575	1863	1863	1863.000
CT	574	1805	1802	1802.000
CT	573	1684	1685	1685.000
CT	572	1731	1729	1729.000
CT	571	1665	1661	1661.000
CT	570	1659	1656	1656.000
CT	569	1685	1684	1684.000
CT	568	1620	1623	1623.000
CT	567	1669	1663	1663.000
CT	566	1499	1497	1497.000
CT	565	1573	1569	1569.000
CT	564	1531	1528	1528.000
CT	563	1513	1507	1507.000
CT	562	1456	1453	1453.000
CT	561	1396	1395	1395.000
CT	560	1468	1465	1465.000
CT	559	1364	1356	1356.000
CT	558	1349	1348	1348.000
CT	557	1362	1355	1355.000
CT	556	1324	1323	1323.000
CT	555	1291	1284	1284.000
CT	554	1195	1194	1194.000
CT	553	1164	1160	1160.000
CT	552	1189	1187	1187.000
CT	551	1175	1167	1167.000
CT	550	1084	1078	1078.000
CT	549	1093	1082	1082.000
CT	548	1091	1083	1083.000
CT	547	1109	1096	1096.000
CT	546	1082	1075	1075.000
CT	545	1100	1093	1093.000
CT	544	1037	1031	1031.000
CT	543	955	952	952.000
CT	542	1013	1002	1002.000
CT	541	947	938	938.000
CT	540	925	919	919.000
CT	539	900	889	889.000
CT	538	850	847	847.000
CT	537	892	887	887.000
CT	536	844	837	837.000
CT	535	810	803	803.000
CT	534	805	797	797.000
CT	533	840	836	836.000
CT	532	793	788	788.000
CT	531	766	761	761.000
CT	530	749	738	738.000
CT	529	703	697	697.000
CT	528	679	672	672.000
CT	527	665	662	662.000
CT	526	657	650	650.000
CT	525	714	708	708.000
CT	524	644	639	639.000
CT	523	697	693	693.000
CT	522	629	622	622.000
CT	521	641	636	636.000
CT	520	637	629	629.000
CT	519	588	584	584.000
CT	518	617	612	612.000
CT	517	605	604	604.000
CT	516	578	573	573.000
CT	515	554	551	551.000
CT	514	538	537	537.000
CT	513	554	552	552.000
CT	512	496	496	496.000
CT	511	526	522	522.000
CT	510	477	474	474.000
CT	509	475	472	472.000
CT	508	464	462	462.000
CT	507	477	473	473.000
CT	506	447	443	443.000
CT	505	411	410	410.000
CT	504	402	402	402.000
CT	503	402	401	401.000
CT	502	375	372	372.000
CT	501	353	345	345.000
CT	500	371	365	365.000
CT	499	321	318	318.000
CT	498	324	322	322.000
CT	497	287	284	284.000
CT	496	316	311	311.000
CT	495	316	311	311.000
CT	494	317	316	316.000
CT	493	293	293	293.000
CT	492	305	299	299.000
CT	491	264	263	263.000
CT	490	266	262	262.000
CT	489	292	291	291.000
CT	488	291	283	283.000
CT	487	261	256	256.000
CT	486	264	260	260.000
CT	485	233	226	226.000
CT	484	254	248	248.000
CT	483	254	249	249.000
CT	482	220	208	208.000
CT	481	213	202	202.000
CT	480	195	187	187.000
CT	479	191	186	186.000
CT	478	192	190	190.000
CT	477	199	190	190.000
CT	476	197	190	190.000
CT	475	183	176	176.000
CT	474	187	182	182.000
CT	473	188	181	181.000
CT	472	181	175	175.000
CT	471	167	163	163.000
CT	470	178	172	172.000
CT	469	162	156	156.000
CT	468	176	172	172.000
CT	467	155	150	150.000
CT	466	126	126	126.000
CT	465	145	139	139.000
CT	464	144	143	143.000
CT	463	125	123	123.000
CT	462	146	142	142.000
CT	461	134	129	129.000
CT	460	125	122	122.000
CT	459	119	115	115.000
CT	458	110	110	110.000
CT	457	111	107	107.000
CT	456	112	104	104.000
CT	455	116	115	115.000
CT	454	113	110	110.000
CT	453	107	105	105.000
CT	452	88	86	86.000
CT	451	106	99	99.000
CT	450	103	98	98.000
CT	449	99	97	97.000
CT	448	98	94	94.000
CT	447	110	105	105.000
CT	446	107	105	105.000
CT	445	103	94	94.000
CT	444	115	112	112.000
CT	443	108	101	101.000
CT	442	90	85	85.000
CT	441	100	88	88.000
CT	440	92	86	86.000
CT	439	110	106	106.000
CT	438	105	99	99.000
CT	437	86	79	79.000
CT	436	85	79	79.000
CT	435	105	100	100.000
CT	434	86	82	82.000
CT	433	78	71	71.000
CT	432	88	85	85.000
CT	431	93	86	86.000
CT	430	80	72	72.000
CT	429	102	95	95.000
CT	428	89	82	82.000
CT	427	88	79	79.000
CT	426	72	69	69.000
CT	425	82	76	76.000
CT	424	68	60	60.000
CT	423	83	78	78.000
CT	422	67	62	62.000
CT	421	73	65	65.000
CT	420	83	77	77.000
CT	419	75	71	71.000
CT	418	91	86	86.000
CT	417	84	83	83.000
CT	416	102	101	101.000
CT	415	78	77	77.000
CT	414	77	74	74.000
CT	413	91	92	92.000
CT	412	72	68	68.000
CT	411	59	59	59.000
CT	410	58	55	55.000
CT	409	68	67	67.000
CT	408	61	60	60.000
CT	407	72	72	72.000
CT	406	73	71	71.000
CT	405	77	76	76.000
CT	404	66	66	66.000
CT	403	65	64	64.000
CT	402	75	75	75.000
CT	401	60	57	57.000
CT	400	52	48	48.000
CT	399	74	70	70.000
CT	398	67	63	63.000
CT	397	83	81	81.000
CT	396	70	62	62.000
CT	395	61	63	63.000
CT	394	56	54	54.000
CT	393	43	46	46.000
CT	392	49	48	48.000
CT	391	51	51	51.000
CT	390	57	56	56.000
CT	389	57	54	54.000
CT	388	50	50	50.000
CT	387	48	44	44.000
CT	386	49	48	48.000
CT	385	45	45	45.000
CT	384	63	61	61.000
CT	383	64	62	62.000
CT	382	43	42	42.000
CT	381	50	49	49.000
CT	380	49	48	48.000
CT	379	40	40	40.000
CT	378	58	54	54.000
CT	377	40	37	37.000
CT	376	38	37	37.000
CT	375	41	41	41.000
CT	374	32	31	31.000
CT	373	34	34	34.000
CT	372	35	33	33.000
CT	371	34	32	32.000
CT	370	26	25	25.000
CT	369	21	19	19.000
CT	368	27	27	27.000
CT	367	32	29	29.000
CT	366	37	33	33.000
CT	365	22	22	22.000
CT	364	25	22	22.000
CT	363	31	28	28.000
CT	362	25	25	25.000
CT	361	24	23	23.000
CT	360	27	26	26.000
CT	359	38	37	37.000
CT	358	27	25	25.000
CT	357	37	35	35.000
CT	356	32	33	33.000
CT	355	24	23	23.000
CT	354	22	20	20.000
CT	353	18	15	15.000
CT	352	11	11	11.000
CT	351	16	14	14.000
CT	350	17	18	18.000
CT	349	22	22	22.000
CT	348	9	8	8.000
CT	347	12	13	13.000
CT	346	16	17	17.000
CT	345	10	11	11.000
CT	344	16	17	17.000
CT	343	10	9	9.000
CT	342	11	11	11.000
CT	341	10	10	10.000
CT	340	6	6	6.000
CT	339	9	9	9.000
CT	338	6	6	6.000
CT	337	14	12	12.000
CT	336	16	15	15.000
CT	335	5	5	5.000
CT	334	7	7	7.000
CT	333	9	10	10.000
CT	332	9	9	9.000
CT	331	9	9	9.000
CT	330	12	12	12.000
CT	329	8	8	8.000
CT	328	6	6	6.000
CT	327	4	4	4.000
CT	326	9	9	9.000
CT	325	6	7	7.000
CT	324	9	10	10.000
CT	323	3	3	3.000
CT	322	2	2	2.000
CT	321	5	5	5.000
CT	320	5	5	5.000
CT	319	6	8	8.000
CT	318	8	8	8.000
CT	317	6	6	6.000
CT	316	4	4	4.000
CT	315	5	5	5.000
CT	314	9	7	7.000
CT	313	7	7	7.000
CT	312	7	7	7.000
CT	311	8	10	10.000
CT	310	4	4	4.000
CT	309	4	4	4.000
CT	308	1	1	1.000
CT	307	4	5	5.000
CT	306	2	2	2.000
CT	305	4	4	4.000
CT	304	3	2	2.000
CT	303	4	4	4.000
CT	302	4	4	4.000
CT	301	3	1	1.000
CT	300	0	0	0.000
CT	299	6	6	6.000
CT	298	4	3	3.000
CT	297	3	3	3.000
CT	296	2	2	2.000
CT	295	7	7	7.000
CT	294	6	5	5.000
CT	293	3	3	3.000
CT	292	1	2	2.000
CT	291	8	7	7.000
CT	290	6	8	8.000
CT	289	4	6	6.000
CT	288	3	3	3.000
CT	287	5	6	6.000
CT	286	3	2	2.000
CT	285	8	8	8.000
CT	284	4	3	3.000
CT	283	3	3	3.000
CT	282	3	1	1.000
CT	281	4	4	4.000
CT	280	4	3	3.000
CT	279	4	4	4.000
CT	278	1	2	2.000
CT	277	2	2	2.000
CT	276	1	1	1.000
CT	275	3	4	4.000
CT	274	1	1	1.000
CT	273	4	4	4.000
CT	272	4	4	4.000
CT	271	2	3	3.000
CT	270	1	0	0.000
CT	269	4	7	7.000
CT	268	3	4	4.000
CT	267	2	2	2.000
CT	266	5	3	3.000
CT	265	6	5	5.000
CT	264	2	3	3.000
CT	263	1	0	0.000
CT	262	3	0	0.000
CT	261	2	1	1.000
CT	260	4	4	4.000
CT	259	8	3	3.000
CT	258	7	9	9.000
CT	257	4	4	4.000
CT	256	4	0	0.000
CT	255	1	0	0.000
CT	254	5	2	2.000
CT	253	6	2	2.000
CT	252	3	1	1.000
CT	251	3	1	1.000
CT	250	3	1	1.000
CT	249	6	5	5.000
CT	248	3	3	3.000
CT	247	1	1	1.000
CT	246	2	1	1.000
CT	245	1	0	0.000
CT	244	5	3	3.000
CT	243	3	1	1.000
CT	242	3	1	1.000
CT	241	1	0	0.000
CT	240	2	0	0.000
CT	239	1	1	1.000
CT	238	3	2	2.000
CT	237	2	2	2.000
CT	236	1	0	0.000
CT	235	0	0	0.000
CT	234	5	3	3.000
CT	233	2	1	1.000
CT	232	1	0	0.000
CT	231	2	1	1.000
CT	230	0	0	0.000
CT	229	5	5	5.000
CT	228	5	5	5.000
CT	227	3	3	3.000
CT	226	3	2	2.000
CT	225	4	2	2.000
CT	224	2	0	0.000
CT	223	5	4	4.000
CT	222	6	4	4.000
CT	221	6	5	5.000
CT	220	6	3	3.000
CT	219	0	0	0.000
CT	218	5	2	2.000
CT	217	2	1	1.000
CT	216	2	1	1.000
CT	215	1	1	1.000
CT	214	1	1	1.000
CT	213	2	1	1.000
CT	212	7	2	2.000
CT	211	1	1	1.000
CT	210	3	1	1.000
CT	209	9	0	0.000
CT	208	6	0	0.000
CT	207	5	2	2.000
CT	206	4	1	1.000
CT	205	3	0	0.000
CT	204	2	1	1.000
CT	203	4	1	1.000
CT	202	8	2	2.000
CT	201	5	0	0.000
CT	200	5	0	0.000
CT	199	10	3	3.000
CT	198	5	0	0.000
CT	197	5	1	1.000
CT	196	7	0	0.000
CT	195	5	0	0.000
CT	194	5	0	0.000
CT	193	6	0	0.000
CT	192	7	1	1.000
CT	191	10	0	0.000
CT	190	3	1	1.000
CT	189	5	0	0.000
CT	188	10	1	1.000
CT	187	7	0	0.000
CT	186	5	0	0.000
CT	185	5	2	2.000
CT	184	2	0	0.000
CT	183	4	2	2.000
CT	182	5	0	0.000
CT	181	5	1	1.000
CT	180	5	0	0.000
CT	179	9	0	0.000
CT	178	5	1	1.000
CT	177	7	0	0.000
CT	176	7	0	0.000
CT	175	9	0	0.000
CT	174	12	0	0.000
CT	173	15	0	0.000
CT	172	18	0	0.000
CT	171	12	0	0.000
CT	170	11	2	2.000
CT	169	15	3	3.000
CT	168	10	1	1.000
CT	167	11	1	1.000
CT	166	16	2	2.000
CT	165	12	1	1.000
CT	164	8	0	0.000
CT	163	16	4	4.000
CT	162	17	2	2.000
CT	161	12	0	0.000
CT	160	19	2	2.000
CT	159	21	3	3.000
CT	158	15	1	1.000
CT	157	12	1	1.000
CT	156	15	2	2.000
CT	155	11	0	0.000
CT	154	13	1	1.000
CT	153	18	2	2.000
CT	152	10	2	2.000
CT	151	23	0	0.000
CT	150	20	3	3.000
CT	149	29	0	0.000
CT	148	27	0	0.000
CT	147	20	1	1.000
CT	146	24	0	0.000
CT	145	33	1	1.000
CT	144	24	1	1.000
CT	143	18	2	2.000
CT	142	22	2	2.000
CT	141	31	5	5.000
CT	140	18	4	4.000
CT	139	30	2	2.000
CT	138	16	0	0.000
CT	137	14	3	3.000
CT	136	15	4	4.000
CT	135	25	5	5.000
CT	134	21	4	4.000
CT	133	18	3	3.000
CT	132	37	11	11.000
CT	131	29	7	7.000
CT	130	32	5	5.000
CT	129	39	7	7.000
CT	128	30	6	6.000
CT	127	32	2	2.000
CT	126	29	3	3.000
CT	125	41	3	3.000
CT	124	44	3	3.000
CT	123	42	1	1.000
CT	122	31	1	1.000
CT	121	39	0	0.000
CT	120	42	0	0.000
CT	119	50	0	0.000
CT	118	39	0	0.000
CT	117	34	0	0.000
CT	116	46	0	0.000
CT	115	51	0	0.000
CT	114	60	0	0.000
CT	113	61	0	0.000
CT	112	69	0	0.000
CT	111	71	0	0.000
CT	110	73	0	0.000
CT	109	74	0	0.000
CT	108	78	0	0.000
CT	107	68	0	0.000
CT	106	77	0	0.000
CT	105	68	0	0.000
CT	104	101	0	0.000
CT	103	118	0	0.000
CT	102	91	0	0.000
CT	101	91	0	0.000
CT	100	105	0	0.000
CT	99	107	0	0.000
CT	98	84	0	0.000
CT	97	113	0	0.000
CT	96	107	0	0.000
CT	95	119	0	0.000
CT	94	124	0	0.000
CT	93	132	0	0.000
CT	92	125	0	0.000
CT	91	126	0	0.000
CT	90	118	0	0.000
CT	89	145	0	0.000
CT	88	145	0	0.000
CT	87	174	0	0.000
CT	86	161	0	0.000
CT	85	184	0	0.000
CT	84	200	0	0.000
CT	83	207	0	0.000
CT	82	183	0	0.000
CT	81	241	0	0.000
CT	80	251	0	0.000
CT	79	259	0	0.000
CT	78	267	0	0.000
CT	77	264	0	0.000
CT	76	291	0	0.000
CT	75	298	0	0.000
CT	74	306	0	0.000
CT	73	298	0	0.000
CT	72	309	0	0.000
CT	71	321	0	0.000
CT	70	343	0	0.000
CT	69	412	0	0.000
CT	68	385	0	0.000
CT	67	419	0	0.000
CT	66	474	0	0.000
CT	65	449	0	0.000
CT	64	545	0	0.000
CT	63	552	0	0.000
CT	62	641	0	0.000
CT	61	675	0	0.000
CT	60	712	0	0.000
CT	59	704	0	0.000
CT	58	722	0	0.000
CT	57	729	0	0.000
CT	56	835	0	0.000
CT	55	896	0	0.000
CT	54	1009	0	0.000
CT	53	1003	0	0.000
CT	52	999	0	0.000
CT	51	1170	0	0.000
CT	50	1182	0	0.000
CT	49	1360	0	0.000
CT	48	1451	0	0.000
CT	47	1595	0	0.000
CT	46	1637	0	0.000
CT	45	1889	0	0.000
CT	44	1981	0	0.000
CT	43	2206	0	0.000
CT	42	2298	0	0.000
CT	41	2504	0	0.000
CT	40	2889	0	0.000
CT	39	3034	0	0.000
CT	38	3400	0	0.000
CT	37	3619	0	0.000
CT	36	3983	0	0.000
CT	35	4249	0	0.000
CT	34	4805	0	0.000
CT	33	5321	0	0.000
CT	32	5933	0	0.000
CT	31	6450	0	0.000
CT	30	7042	0	0.000
CT	29	7728	0	0.000
CT	28	8746	0	0.000
CT	27	9914	0	0.000
CT	26	11595	0	0.000
CT	25	12894	0	0.000
CT	24	14766	0	0.000
CT	23	16458	0	0.000
CT	22	19597	0	0.000
CT	21	22389	0	0.000
CT	20	26326	0	0.000
CT	19	31170	0	0.000
CT	18	37955	0	0.000
CT	17	44911	0	0.000
CT	16	54497	0	0.000
CT	15	65660	0	0.000
CT	14	82981	0	0.000
CT	13	106085	0	0.000
CT	12	136121	0	0.000
CT	11	180719	0	0.000
CT	10	243821	0	0.000
CT	9	336959	0	0.000
CT	8	494465	0	0.000
CT	7	760695	0	0.000
CT	6	1251008	0	0.000
CT	5	2262855	0	0.000
CT	4	4632405	1	1.000
CT	3	11140024	0	0.000
CT	2	32183262	0	0.000
CT	1	0	0	-nan
CT	0	0	28	-nan
FR	0	0
ER	4408606	0.000
CV	0.998
QV	66.885	66.885
