HS	1023	0	347779	347779
HS	1022	0	3763	351542
HS	1021	0	3899	355441
HS	1020	0	3973	359414
HS	1019	0	3919	363333
HS	1018	0	4012	367345
HS	1017	0	4050	371395
HS	1016	0	4080	375475
HS	1015	0	4098	379573
HS	1014	0	4235	383808
HS	1013	0	4246	388054
HS	1012	0	4219	392273
HS	1011	0	4311	396584
HS	1010	0	4331	400915
HS	1009	0	4287	405202
HS	1008	0	4404	409606
HS	1007	0	4354	413960
HS	1006	0	4459	418419
HS	1005	0	4577	422996
HS	1004	0	4509	427505
HS	1003	0	4686	432191
HS	1002	0	4726	436917
HS	1001	0	4562	441479
HS	1000	0	4733	446212
HS	999	0	4665	450877
HS	998	0	4686	455563
HS	997	0	4781	460344
HS	996	0	4862	465206
HS	995	0	4979	470185
HS	994	0	4960	475145
HS	993	0	4940	480085
HS	992	0	5123	485208
HS	991	0	5118	490326
HS	990	0	5120	495446
HS	989	0	5327	500773
HS	988	0	5140	505913
HS	987	0	5342	511255
HS	986	0	5342	516597
HS	985	0	5507	522104
HS	984	0	5517	527621
HS	983	0	5386	533007
HS	982	0	5723	538730
HS	981	0	5529	544259
HS	980	0	5646	549905
HS	979	0	5640	555545
HS	978	0	5719	561264
HS	977	0	5805	567069
HS	976	0	5808	572877
HS	975	0	5819	578696
HS	974	0	5873	584569
HS	973	0	5980	590549
HS	972	0	6104	596653
HS	971	0	6100	602753
HS	970	0	6247	609000
HS	969	0	6126	615126
HS	968	0	6210	621336
HS	967	0	6145	627481
HS	966	0	6195	633676
HS	965	0	6428	640104
HS	964	0	6420	646524
HS	963	0	6483	653007
HS	962	0	6546	659553
HS	961	0	6625	666178
HS	960	0	6690	672868
HS	959	0	6622	679490
HS	958	0	6548	686038
HS	957	0	6569	692607
HS	956	0	6674	699281
HS	955	0	6796	706077
HS	954	0	6932	713009
HS	953	0	6859	719868
HS	952	0	6951	726819
HS	951	0	7120	733939
HS	950	0	7102	741041
HS	949	0	7210	748251
HS	948	0	7288	755539
HS	947	0	7332	762871
HS	946	0	7379	770250
HS	945	0	7369	777619
HS	944	0	7416	785035
HS	943	0	7340	792375
HS	942	0	7552	799927
HS	941	0	7608	807535
HS	940	0	7638	815173
HS	939	0	7673	822846
HS	938	0	7584	830430
HS	937	0	7875	838305
HS	936	0	8006	846311
HS	935	0	7956	854267
HS	934	0	8139	862406
HS	933	0	8069	870475
HS	932	0	8110	878585
HS	931	0	8136	886721
HS	930	0	8269	894990
HS	929	0	8209	903199
HS	928	0	8243	911442
HS	927	0	8403	919845
HS	926	0	8399	928244
HS	925	0	8382	936626
HS	924	0	8565	945191
HS	923	0	8704	953895
HS	922	0	8630	962525
HS	921	0	8761	971286
HS	920	0	8680	979966
HS	919	0	8816	988782
HS	918	0	8931	997713
HS	917	0	8831	1006544
HS	916	0	8972	1015516
HS	915	0	9052	1024568
HS	914	0	9084	1033652
HS	913	0	9172	1042824
HS	912	0	9207	1052031
HS	911	0	9166	1061197
HS	910	0	9223	1070420
HS	909	0	9292	1079712
HS	908	0	9450	1089162
HS	907	0	9352	1098514
HS	906	0	9593	1108107
HS	905	0	9599	1117706
HS	904	0	9657	1127363
HS	903	0	9697	1137060
HS	902	0	9599	1146659
HS	901	0	9880	1156539
HS	900	0	10031	1166570
HS	899	0	10057	1176627
HS	898	0	10047	1186674
HS	897	0	9902	1196576
HS	896	0	10083	1206659
HS	895	0	10121	1216780
HS	894	0	10311	1227091
HS	893	0	10235	1237326
HS	892	0	10440	1247766
HS	891	0	10410	1258176
HS	890	0	10389	1268565
HS	889	0	10420	1278985
HS	888	0	10528	1289513
HS	887	0	10584	1300097
HS	886	0	10458	1310555
HS	885	0	10742	1321297
HS	884	0	10697	1331994
HS	883	0	10750	1342744
HS	882	0	10873	1353617
HS	881	0	10846	1364463
HS	880	0	11087	1375550
HS	879	0	10728	1386278
HS	878	0	11150	1397428
HS	877	0	10952	1408380
HS	876	0	11148	1419528
HS	875	0	11151	1430679
HS	874	0	11071	1441750
HS	873	0	10982	1452732
HS	872	0	11507	1464239
HS	871	0	11377	1475616
HS	870	0	11480	1487096
HS	869	0	11366	1498462
HS	868	0	11459	1509921
HS	867	0	11683	1521604
HS	866	0	11740	1533344
HS	865	0	11500	1544844
HS	864	0	11672	1556516
HS	863	0	11551	1568067
HS	862	0	11865	1579932
HS	861	0	11742	1591674
HS	860	0	11735	1603409
HS	859	0	11794	1615203
HS	858	0	11898	1627101
HS	857	0	11933	1639034
HS	856	0	12082	1651116
HS	855	0	12076	1663192
HS	854	0	12261	1675453
HS	853	0	12065	1687518
HS	852	0	12006	1699524
HS	851	0	12249	1711773
HS	850	0	12398	1724171
HS	849	0	12192	1736363
HS	848	0	12152	1748515
HS	847	0	12310	1760825
HS	846	0	12341	1773166
HS	845	0	12543	1785709
HS	844	0	12325	1798034
HS	843	0	12469	1810503
HS	842	0	12487	1822990
HS	841	0	12493	1835483
HS	840	0	12583	1848066
HS	839	0	12498	1860564
HS	838	0	12510	1873074
HS	837	0	12605	1885679
HS	836	0	12847	1898526
HS	835	0	12809	1911335
HS	834	0	12511	1923846
HS	833	0	12573	1936419
HS	832	0	12608	1949027
HS	831	0	12812	1961839
HS	830	0	12830	1974669
HS	829	0	12717	1987386
HS	828	0	12817	2000203
HS	827	0	12599	2012802
HS	826	0	12786	2025588
HS	825	0	12842	2038430
HS	824	0	12904	2051334
HS	823	0	12814	2064148
HS	822	0	12802	2076950
HS	821	0	12778	2089728
HS	820	0	13041	2102769
HS	819	0	12697	2115466
HS	818	0	12759	2128225
HS	817	0	12943	2141168
HS	816	0	13016	2154184
HS	815	0	12820	2167004
HS	814	0	13157	2180161
HS	813	0	12995	2193156
HS	812	0	12959	2206115
HS	811	0	13007	2219122
HS	810	0	13006	2232128
HS	809	0	12875	2245003
HS	808	0	12854	2257857
HS	807	0	12974	2270831
HS	806	0	12798	2283629
HS	805	0	13025	2296654
HS	804	0	12901	2309555
HS	803	0	12962	2322517
HS	802	0	13025	2335542
HS	801	0	12969	2348511
HS	800	0	13134	2361645
HS	799	0	13061	2374706
HS	798	0	12931	2387637
HS	797	0	12697	2400334
HS	796	0	12791	2413125
HS	795	0	12875	2426000
HS	794	0	12992	2438992
HS	793	0	12936	2451928
HS	792	0	13199	2465127
HS	791	0	12911	2478038
HS	790	0	13073	2491111
HS	789	0	13021	2504132
HS	788	0	13031	2517163
HS	787	0	12983	2530146
HS	786	0	13039	2543185
HS	785	0	12979	2556164
HS	784	0	13236	2569400
HS	783	0	12889	2582289
HS	782	0	13092	2595381
HS	781	0	12936	2608317
HS	780	0	13087	2621404
HS	779	0	12856	2634260
HS	778	0	13069	2647329
HS	777	0	13118	2660447
HS	776	0	12848	2673295
HS	775	0	13174	2686469
HS	774	0	12896	2699365
HS	773	0	12951	2712316
HS	772	0	12931	2725247
HS	771	0	12796	2738043
HS	770	0	12998	2751041
HS	769	0	12955	2763996
HS	768	0	12665	2776661
HS	767	0	12848	2789509
HS	766	0	12832	2802341
HS	765	0	12745	2815086
HS	764	0	12799	2827885
HS	763	0	12896	2840781
HS	762	0	12704	2853485
HS	761	0	12743	2866228
HS	760	0	12755	2878983
HS	759	0	12524	2891507
HS	758	0	12664	2904171
HS	757	0	12688	2916859
HS	756	0	12463	2929322
HS	755	0	12522	2941844
HS	754	0	12653	2954497
HS	753	0	12306	2966803
HS	752	0	12467	2979270
HS	751	0	12391	2991661
HS	750	0	12507	3004168
HS	749	0	12512	3016680
HS	748	0	12182	3028862
HS	747	0	12371	3041233
HS	746	0	12225	3053458
HS	745	0	12284	3065742
HS	744	0	12153	3077895
HS	743	0	12347	3090242
HS	742	0	12402	3102644
HS	741	0	12028	3114672
HS	740	0	11991	3126663
HS	739	0	12060	3138723
HS	738	0	11947	3150670
HS	737	0	11794	3162464
HS	736	0	11760	3174224
HS	735	0	11662	3185886
HS	734	0	11626	3197512
HS	733	0	11647	3209159
HS	732	0	11345	3220504
HS	731	0	11400	3231904
HS	730	0	11404	3243308
HS	729	0	11393	3254701
HS	728	0	11563	3266264
HS	727	0	11461	3277725
HS	726	0	11171	3288896
HS	725	0	11174	3300070
HS	724	0	11067	3311137
HS	723	0	11013	3322150
HS	722	0	11099	3333249
HS	721	0	11036	3344285
HS	720	0	10915	3355200
HS	719	0	10877	3366077
HS	718	0	10941	3377018
HS	717	0	10787	3387805
HS	716	0	10625	3398430
HS	715	0	10554	3408984
HS	714	0	10492	3419476
HS	713	0	10499	3429975
HS	712	0	10709	3440684
HS	711	0	10401	3451085
HS	710	0	10333	3461418
HS	709	0	10350	3471768
HS	708	0	10360	3482128
HS	707	0	10291	3492419
HS	706	0	10247	3502666
HS	705	0	10138	3512804
HS	704	0	10095	3522899
HS	703	0	9993	3532892
HS	702	0	9855	3542747
HS	701	0	10024	3552771
HS	700	0	9602	3562373
HS	699	0	9484	3571857
HS	698	0	9476	3581333
HS	697	0	9253	3590586
HS	696	0	9287	3599873
HS	695	0	9264	3609137
HS	694	0	9270	3618407
HS	693	0	9089	3627496
HS	692	0	8946	3636442
HS	691	0	9079	3645521
HS	690	0	8947	3654468
HS	689	0	8846	3663314
HS	688	0	8875	3672189
HS	687	0	8610	3680799
HS	686	0	8681	3689480
HS	685	0	8526	3698006
HS	684	0	8454	3706460
HS	683	0	8288	3714748
HS	682	0	8329	3723077
HS	681	0	8199	3731276
HS	680	0	8340	3739616
HS	679	0	8131	3747747
HS	678	0	8007	3755754
HS	677	0	7915	3763669
HS	676	0	7873	3771542
HS	675	0	7716	3779258
HS	674	0	7656	3786914
HS	673	0	7682	3794596
HS	672	0	7695	3802291
HS	671	0	7586	3809877
HS	670	0	7438	3817315
HS	669	0	7410	3824725
HS	668	0	7289	3832014
HS	667	0	7272	3839286
HS	666	0	7161	3846447
HS	665	0	7225	3853672
HS	664	0	7021	3860693
HS	663	0	6944	3867637
HS	662	0	6939	3874576
HS	661	0	6827	3881403
HS	660	0	6778	3888181
HS	659	0	6810	3894991
HS	658	0	6683	3901674
HS	657	0	6511	3908185
HS	656	0	6491	3914676
HS	655	0	6407	3921083
HS	654	0	6087	3927170
HS	653	0	6289	3933459
HS	652	0	6228	3939687
HS	651	0	6123	3945810
HS	650	0	6058	3951868
HS	649	0	5912	3957780
HS	648	0	5828	3963608
HS	647	0	5838	3969446
HS	646	0	5711	3975157
HS	645	0	5748	3980905
HS	644	0	5589	3986494
HS	643	0	5689	3992183
HS	642	0	5376	3997559
HS	641	0	5385	4002944
HS	640	0	5157	4008101
HS	639	0	5269	4013370
HS	638	0	5327	4018697
HS	637	0	5110	4023807
HS	636	0	5086	4028893
HS	635	0	4948	4033841
HS	634	0	4947	4038788
HS	633	0	4799	4043587
HS	632	0	4783	4048370
HS	631	0	4636	4053006
HS	630	0	4533	4057539
HS	629	0	4465	4062004
HS	628	0	4477	4066481
HS	627	0	4318	4070799
HS	626	0	4336	4075135
HS	625	0	4244	4079379
HS	624	0	4129	4083508
HS	623	0	4113	4087621
HS	622	0	4055	4091676
HS	621	0	3997	4095673
HS	620	0	3955	4099628
HS	619	0	3876	4103504
HS	618	0	3697	4107201
HS	617	0	3746	4110947
HS	616	0	3803	4114750
HS	615	0	3667	4118417
HS	614	0	3585	4122002
HS	613	0	3513	4125515
HS	612	0	3537	4129052
HS	611	0	3379	4132431
HS	610	0	3371	4135802
HS	609	0	3174	4138976
HS	608	0	3179	4142155
HS	607	0	3191	4145346
HS	606	0	3098	4148444
HS	605	0	3061	4151505
HS	604	0	3003	4154508
HS	603	0	3083	4157591
HS	602	0	2909	4160500
HS	601	0	2936	4163436
HS	600	0	2950	4166386
HS	599	0	2901	4169287
HS	598	0	2885	4172172
HS	597	0	2810	4174982
HS	596	0	2584	4177566
HS	595	0	2680	4180246
HS	594	0	2613	4182859
HS	593	0	2552	4185411
HS	592	0	2492	4187903
HS	591	0	2406	4190309
HS	590	0	2450	4192759
HS	589	0	2344	4195103
HS	588	0	2345	4197448
HS	587	0	2289	4199737
HS	586	0	2219	4201956
HS	585	0	2231	4204187
HS	584	0	2140	4206327
HS	583	0	2135	4208462
HS	582	0	2084	4210546
HS	581	0	1992	4212538
HS	580	0	2051	4214589
HS	579	0	2044	4216633
HS	578	0	1922	4218555
HS	577	0	1931	4220486
HS	576	0	1896	4222382
HS	575	0	1863	4224245
HS	574	0	1805	4226050
HS	573	0	1684	4227734
HS	572	0	1731	4229465
HS	571	0	1665	4231130
HS	570	0	1659	4232789
HS	569	0	1685	4234474
HS	568	0	1620	4236094
HS	567	0	1669	4237763
HS	566	0	1499	4239262
HS	565	0	1573	4240835
HS	564	0	1531	4242366
HS	563	0	1513	4243879
HS	562	0	1456	4245335
HS	561	0	1396	4246731
HS	560	0	1468	4248199
HS	559	0	1364	4249563
HS	558	0	1349	4250912
HS	557	0	1362	4252274
HS	556	0	1324	4253598
HS	555	0	1291	4254889
HS	554	0	1195	4256084
HS	553	0	1164	4257248
HS	552	0	1189	4258437
HS	551	0	1175	4259612
HS	550	0	1084	4260696
HS	549	0	1093	4261789
HS	548	0	1091	4262880
HS	547	0	1109	4263989
HS	546	0	1082	4265071
HS	545	0	1100	4266171
HS	544	0	1037	4267208
HS	543	0	955	4268163
HS	542	0	1013	4269176
HS	541	0	947	4270123
HS	540	0	925	4271048
HS	539	0	900	4271948
HS	538	0	850	4272798
HS	537	0	892	4273690
HS	536	0	844	4274534
HS	535	0	810	4275344
HS	534	0	805	4276149
HS	533	0	840	4276989
HS	532	0	793	4277782
HS	531	0	766	4278548
HS	530	0	749	4279297
HS	529	0	703	4280000
HS	528	0	679	4280679
HS	527	0	665	4281344
HS	526	0	657	4282001
HS	525	0	714	4282715
HS	524	0	644	4283359
HS	523	0	697	4284056
HS	522	0	629	4284685
HS	521	0	641	4285326
HS	520	0	637	4285963
HS	519	0	588	4286551
HS	518	0	617	4287168
HS	517	0	605	4287773
HS	516	0	578	4288351
HS	515	0	554	4288905
HS	514	0	538	4289443
HS	513	0	554	4289997
HS	512	0	496	4290493
HS	511	0	526	4291019
HS	510	0	477	4291496
HS	509	0	475	4291971
HS	508	0	464	4292435
HS	507	0	477	4292912
HS	506	0	447	4293359
HS	505	0	411	4293770
HS	504	0	402	4294172
HS	503	0	402	4294574
HS	502	0	375	4294949
HS	501	0	353	4295302
HS	500	0	371	4295673
HS	499	0	321	4295994
HS	498	0	324	4296318
HS	497	0	287	4296605
HS	496	0	316	4296921
HS	495	0	316	4297237
HS	494	0	317	4297554
HS	493	0	293	4297847
HS	492	0	305	4298152
HS	491	0	264	4298416
HS	490	0	266	4298682
HS	489	0	292	4298974
HS	488	0	291	4299265
HS	487	0	261	4299526
HS	486	0	264	4299790
HS	485	0	233	4300023
HS	484	0	254	4300277
HS	483	0	254	4300531
HS	482	0	220	4300751
HS	481	0	213	4300964
HS	480	0	195	4301159
HS	479	0	191	4301350
HS	478	0	192	4301542
HS	477	0	199	4301741
HS	476	0	197	4301938
HS	475	0	183	4302121
HS	474	0	187	4302308
HS	473	0	188	4302496
HS	472	0	181	4302677
HS	471	0	167	4302844
HS	470	0	178	4303022
HS	469	0	162	4303184
HS	468	0	176	4303360
HS	467	0	155	4303515
HS	466	0	126	4303641
HS	465	0	145	4303786
HS	464	0	144	4303930
HS	463	0	125	4304055
HS	462	0	146	4304201
HS	461	0	134	4304335
HS	460	0	125	4304460
HS	459	0	119	4304579
HS	458	0	110	4304689
HS	457	0	111	4304800
HS	456	0	112	4304912
HS	455	0	116	4305028
HS	454	0	113	4305141
HS	453	0	107	4305248
HS	452	0	88	4305336
HS	451	0	106	4305442
HS	450	0	103	4305545
HS	449	0	99	4305644
HS	448	0	98	4305742
HS	447	0	110	4305852
HS	446	0	107	4305959
HS	445	0	103	4306062
HS	444	0	115	4306177
HS	443	0	108	4306285
HS	442	0	90	4306375
HS	441	0	100	4306475
HS	440	0	92	4306567
HS	439	0	110	4306677
HS	438	0	105	4306782
HS	437	0	86	4306868
HS	436	0	85	4306953
HS	435	0	105	4307058
HS	434	0	86	4307144
HS	433	0	78	4307222
HS	432	0	88	4307310
HS	431	0	93	4307403
HS	430	0	80	4307483
HS	429	0	102	4307585
HS	428	0	89	4307674
HS	427	0	88	4307762
HS	426	0	72	4307834
HS	425	0	82	4307916
HS	424	0	68	4307984
HS	423	0	83	4308067
HS	422	0	67	4308134
HS	421	0	73	4308207
HS	420	0	83	4308290
HS	419	0	75	4308365
HS	418	0	91	4308456
HS	417	0	84	4308540
HS	416	0	102	4308642
HS	415	0	78	4308720
HS	414	0	77	4308797
HS	413	0	91	4308888
HS	412	0	72	4308960
HS	411	0	59	4309019
HS	410	0	58	4309077
HS	409	0	68	4309145
HS	408	0	61	4309206
HS	407	0	72	4309278
HS	406	0	73	4309351
HS	405	0	77	4309428
HS	404	0	66	4309494
HS	403	0	65	4309559
HS	402	0	75	4309634
HS	401	0	60	4309694
HS	400	0	52	4309746
HS	399	0	74	4309820
HS	398	0	67	4309887
HS	397	0	83	4309970
HS	396	0	70	4310040
HS	395	0	61	4310101
HS	394	0	56	4310157
HS	393	0	43	4310200
HS	392	0	49	4310249
HS	391	0	51	4310300
HS	390	0	57	4310357
HS	389	0	57	4310414
HS	388	0	50	4310464
HS	387	0	48	4310512
HS	386	0	49	4310561
HS	385	0	45	4310606
HS	384	0	63	4310669
HS	383	0	64	4310733
HS	382	0	43	4310776
HS	381	0	50	4310826
HS	380	0	49	4310875
HS	379	0	40	4310915
HS	378	0	58	4310973
HS	377	0	40	4311013
HS	376	0	38	4311051
HS	375	0	41	4311092
HS	374	0	32	4311124
HS	373	0	34	4311158
HS	372	0	35	4311193
HS	371	0	34	4311227
HS	370	0	26	4311253
HS	369	0	21	4311274
HS	368	0	27	4311301
HS	367	0	32	4311333
HS	366	0	37	4311370
HS	365	0	22	4311392
HS	364	0	25	4311417
HS	363	0	31	4311448
HS	362	0	25	4311473
HS	361	0	24	4311497
HS	360	0	27	4311524
HS	359	0	38	4311562
HS	358	0	27	4311589
HS	357	0	37	4311626
HS	356	0	32	4311658
HS	355	0	24	4311682
HS	354	0	22	4311704
HS	353	0	18	4311722
HS	352	0	11	4311733
HS	351	0	16	4311749
HS	350	0	17	4311766
HS	349	0	22	4311788
HS	348	0	9	4311797
HS	347	0	12	4311809
HS	346	0	16	4311825
HS	345	0	10	4311835
HS	344	0	16	4311851
HS	343	0	10	4311861
HS	342	0	11	4311872
HS	341	0	10	4311882
HS	340	0	6	4311888
HS	339	0	9	4311897
HS	338	0	6	4311903
HS	337	0	14	4311917
HS	336	0	16	4311933
HS	335	0	5	4311938
HS	334	0	7	4311945
HS	333	0	9	4311954
HS	332	0	9	4311963
HS	331	0	9	4311972
HS	330	0	12	4311984
HS	329	0	8	4311992
HS	328	0	6	4311998
HS	327	0	4	4312002
HS	326	0	9	4312011
HS	325	0	6	4312017
HS	324	0	9	4312026
HS	323	0	3	4312029
HS	322	0	2	4312031
HS	321	0	5	4312036
HS	320	0	5	4312041
HS	319	0	6	4312047
HS	318	0	8	4312055
HS	317	0	6	4312061
HS	316	0	4	4312065
HS	315	0	5	4312070
HS	314	0	9	4312079
HS	313	0	7	4312086
HS	312	0	7	4312093
HS	311	0	8	4312101
HS	310	0	4	4312105
HS	309	0	4	4312109
HS	308	0	1	4312110
HS	307	0	4	4312114
HS	306	0	2	4312116
HS	305	0	4	4312120
HS	304	0	3	4312123
HS	303	0	4	4312127
HS	302	0	4	4312131
HS	301	0	3	4312134
HS	300	0	0	4312134
HS	299	0	6	4312140
HS	298	0	4	4312144
HS	297	0	3	4312147
HS	296	0	2	4312149
HS	295	0	7	4312156
HS	294	0	6	4312162
HS	293	0	3	4312165
HS	292	0	1	4312166
HS	291	0	8	4312174
HS	290	0	6	4312180
HS	289	0	4	4312184
HS	288	0	3	4312187
HS	287	0	5	4312192
HS	286	0	3	4312195
HS	285	0	8	4312203
HS	284	0	4	4312207
HS	283	0	3	4312210
HS	282	0	3	4312213
HS	281	0	4	4312217
HS	280	0	4	4312221
HS	279	0	4	4312225
HS	278	0	1	4312226
HS	277	0	2	4312228
HS	276	0	1	4312229
HS	275	0	3	4312232
HS	274	0	1	4312233
HS	273	0	4	4312237
HS	272	0	4	4312241
HS	271	0	2	4312243
HS	270	0	1	4312244
HS	269	0	4	4312248
HS	268	0	3	4312251
HS	267	0	2	4312253
HS	266	0	5	4312258
HS	265	0	6	4312264
HS	264	0	2	4312266
HS	263	0	1	4312267
HS	262	0	3	4312270
HS	261	0	2	4312272
HS	260	0	4	4312276
HS	259	0	8	4312284
HS	258	0	7	4312291
HS	257	0	4	4312295
HS	256	0	4	4312299
HS	255	0	1	4312300
HS	254	0	5	4312305
HS	253	0	6	4312311
HS	252	0	3	4312314
HS	251	0	3	4312317
HS	250	0	3	4312320
HS	249	0	6	4312326
HS	248	0	3	4312329
HS	247	0	1	4312330
HS	246	0	2	4312332
HS	245	0	1	4312333
HS	244	0	5	4312338
HS	243	0	3	4312341
HS	242	0	3	4312344
HS	241	0	1	4312345
HS	240	0	2	4312347
HS	239	0	1	4312348
HS	238	0	3	4312351
HS	237	0	2	4312353
HS	236	0	1	4312354
HS	235	0	0	4312354
HS	234	0	5	4312359
HS	233	0	2	4312361
HS	232	0	1	4312362
HS	231	0	2	4312364
HS	230	0	0	4312364
HS	229	0	5	4312369
HS	228	0	5	4312374
HS	227	0	3	4312377
HS	226	0	3	4312380
HS	225	0	4	4312384
HS	224	0	2	4312386
HS	223	0	5	4312391
HS	222	0	6	4312397
HS	221	0	6	4312403
HS	220	0	6	4312409
HS	219	0	0	4312409
HS	218	0	5	4312414
HS	217	0	2	4312416
HS	216	0	2	4312418
HS	215	0	1	4312419
HS	214	0	1	4312420
HS	213	0	2	4312422
HS	212	0	7	4312429
HS	211	0	1	4312430
HS	210	0	3	4312433
HS	209	0	9	4312442
HS	208	0	6	4312448
HS	207	0	5	4312453
HS	206	0	4	4312457
HS	205	0	3	4312460
HS	204	0	2	4312462
HS	203	0	4	4312466
HS	202	0	8	4312474
HS	201	0	5	4312479
HS	200	0	5	4312484
HS	199	0	10	4312494
HS	198	0	5	4312499
HS	197	0	5	4312504
HS	196	0	7	4312511
HS	195	0	5	4312516
HS	194	0	5	4312521
HS	193	0	6	4312527
HS	192	0	7	4312534
HS	191	0	10	4312544
HS	190	0	3	4312547
HS	189	0	5	4312552
HS	188	0	10	4312562
HS	187	0	7	4312569
HS	186	0	5	4312574
HS	185	0	5	4312579
HS	184	0	2	4312581
HS	183	0	4	4312585
HS	182	0	5	4312590
HS	181	0	5	4312595
HS	180	0	5	4312600
HS	179	0	9	4312609
HS	178	0	5	4312614
HS	177	0	7	4312621
HS	176	0	7	4312628
HS	175	0	9	4312637
HS	174	0	12	4312649
HS	173	0	15	4312664
HS	172	0	18	4312682
HS	171	0	12	4312694
HS	170	0	11	4312705
HS	169	0	15	4312720
HS	168	0	10	4312730
HS	167	0	11	4312741
HS	166	0	16	4312757
HS	165	0	12	4312769
HS	164	0	8	4312777
HS	163	0	16	4312793
HS	162	0	17	4312810
HS	161	0	12	4312822
HS	160	0	19	4312841
HS	159	0	21	4312862
HS	158	0	15	4312877
HS	157	0	12	4312889
HS	156	0	15	4312904
HS	155	0	11	4312915
HS	154	0	13	4312928
HS	153	0	18	4312946
HS	152	0	10	4312956
HS	151	0	23	4312979
HS	150	0	20	4312999
HS	149	0	29	4313028
HS	148	0	27	4313055
HS	147	0	20	4313075
HS	146	0	24	4313099
HS	145	0	33	4313132
HS	144	0	24	4313156
HS	143	0	18	4313174
HS	142	0	22	4313196
HS	141	0	31	4313227
HS	140	0	18	4313245
HS	139	0	30	4313275
HS	138	0	16	4313291
HS	137	0	14	4313305
HS	136	0	15	4313320
HS	135	0	25	4313345
HS	134	0	21	4313366
HS	133	0	18	4313384
HS	132	0	37	4313421
HS	131	0	29	4313450
HS	130	0	32	4313482
HS	129	0	39	4313521
HS	128	0	30	4313551
HS	127	0	32	4313583
HS	126	0	29	4313612
HS	125	0	41	4313653
HS	124	0	44	4313697
HS	123	0	42	4313739
HS	122	0	31	4313770
HS	121	0	39	4313809
HS	120	0	42	4313851
HS	119	0	50	4313901
HS	118	0	39	4313940
HS	117	0	34	4313974
HS	116	0	46	4314020
HS	115	0	51	4314071
HS	114	0	60	4314131
HS	113	0	61	4314192
HS	112	0	69	4314261
HS	111	0	71	4314332
HS	110	0	73	4314405
HS	109	0	74	4314479
HS	108	0	78	4314557
HS	107	0	68	4314625
HS	106	0	77	4314702
HS	105	0	68	4314770
HS	104	0	101	4314871
HS	103	0	118	4314989
HS	102	0	91	4315080
HS	101	0	91	4315171
HS	100	0	105	4315276
HS	99	0	107	4315383
HS	98	0	84	4315467
HS	97	0	113	4315580
HS	96	0	107	4315687
HS	95	0	119	4315806
HS	94	0	124	4315930
HS	93	0	132	4316062
HS	92	0	125	4316187
HS	91	0	126	4316313
HS	90	0	118	4316431
HS	89	0	145	4316576
HS	88	0	145	4316721
HS	87	0	174	4316895
HS	86	0	161	4317056
HS	85	0	184	4317240
HS	84	0	200	4317440
HS	83	0	207	4317647
HS	82	0	183	4317830
HS	81	0	241	4318071
HS	80	0	251	4318322
HS	79	0	259	4318581
HS	78	0	267	4318848
HS	77	0	264	4319112
HS	76	0	291	4319403
HS	75	0	298	4319701
HS	74	0	306	4320007
HS	73	0	298	4320305
HS	72	0	309	4320614
HS	71	0	321	4320935
HS	70	0	343	4321278
HS	69	0	412	4321690
HS	68	0	385	4322075
HS	67	0	419	4322494
HS	66	0	474	4322968
HS	65	0	449	4323417
HS	64	0	545	4323962
HS	63	0	552	4324514
HS	62	0	641	4325155
HS	61	0	675	4325830
HS	60	0	712	4326542
HS	59	0	704	4327246
HS	58	0	722	4327968
HS	57	0	729	4328697
HS	56	0	835	4329532
HS	55	0	896	4330428
HS	54	0	1009	4331437
HS	53	0	1003	4332440
HS	52	0	999	4333439
HS	51	0	1170	4334609
HS	50	0	1182	4335791
HS	49	0	1360	4337151
HS	48	0	1451	4338602
HS	47	0	1595	4340197
HS	46	0	1637	4341834
HS	45	0	1889	4343723
HS	44	0	1981	4345704
HS	43	0	2206	4347910
HS	42	0	2298	4350208
HS	41	0	2504	4352712
HS	40	0	2889	4355601
HS	39	0	3034	4358635
HS	38	0	3400	4362035
HS	37	0	3619	4365654
HS	36	0	3983	4369637
HS	35	0	4249	4373886
HS	34	0	4805	4378691
HS	33	0	5321	4384012
HS	32	0	5933	4389945
HS	31	0	6450	4396395
HS	30	0	7042	4403437
HS	29	0	7728	4411165
HS	28	0	8746	4419911
HS	27	0	9914	4429825
HS	26	0	11595	4441420
HS	25	0	12894	4454314
HS	24	0	14766	4469080
HS	23	0	16458	4485538
HS	22	0	19597	4505135
HS	21	0	22389	4527524
HS	20	0	26326	4553850
HS	19	0	31170	4585020
HS	18	0	37955	4622975
HS	17	0	44911	4667886
HS	16	0	54497	4722383
HS	15	0	65660	4788043
HS	14	0	82981	4871024
HS	13	0	106085	4977109
HS	12	0	136121	5113230
HS	11	0	180719	5293949
HS	10	0	243821	5537770
HS	9	0	336959	5874729
HS	8	0	494465	6369194
HS	7	0	760695	7129889
HS	6	0	1251008	8380897
HS	5	0	2262855	10643752
HS	4	0	4632405	15276157
HS	3	0	11140024	26416181
HS	2	0	32183262	58599443
HS	1	0	0	58599443
HS	0	0	0	58599443
