CC	CT  kmer_occurrence    short_read_kmer_count  raw_input_kmer_count  adjusted_input_kmer_count
CC	FR  fpr_lower_bound    fpr_upper_bound
CC	ER  total_input_kmers  adjusted_error_kmers
CC	CV  coverage
CC	QV  raw_quality_value  adjusted_quality_value
CC
SQ	JAUCFO010000003.1	133616	133586	133586	99.00
SQ	JAUCFO010000002.1	245242	245212	245212	99.00
SQ	JAUCFO010000001.1	5477129	5477099	5477031	63.97
CT	1023	8094	77256	77256.000
CT	1022	19	30	30.000
CT	1021	11	20	20.000
CT	1020	24	58	58.000
CT	1019	16	26	26.000
CT	1018	19	39	39.000
CT	1017	20	28	28.000
CT	1016	9	19	19.000
CT	1015	19	23	23.000
CT	1014	15	21	21.000
CT	1013	14	23	23.000
CT	1012	20	38	38.000
CT	1011	21	31	31.000
CT	1010	20	33	33.000
CT	1009	18	27	27.000
CT	1008	21	33	33.000
CT	1007	17	26	26.000
CT	1006	10	13	13.000
CT	1005	14	27	27.000
CT	1004	13	19	19.000
CT	1003	17	34	34.000
CT	1002	20	25	25.000
CT	1001	12	15	15.000
CT	1000	20	24	24.000
CT	999	10	11	11.000
CT	998	26	45	45.000
CT	997	28	48	48.000
CT	996	27	44	44.000
CT	995	19	24	24.000
CT	994	21	38	38.000
CT	993	19	26	26.000
CT	992	12	17	17.000
CT	991	16	24	24.000
CT	990	19	23	23.000
CT	989	24	51	51.000
CT	988	22	37	37.000
CT	987	17	32	32.000
CT	986	21	27	27.000
CT	985	20	40	40.000
CT	984	16	24	24.000
CT	983	26	47	47.000
CT	982	25	53	53.000
CT	981	22	48	48.000
CT	980	20	33	33.000
CT	979	20	27	27.000
CT	978	15	55	55.000
CT	977	15	34	34.000
CT	976	24	38	38.000
CT	975	17	33	33.000
CT	974	27	45	45.000
CT	973	14	33	33.000
CT	972	17	27	27.000
CT	971	27	58	58.000
CT	970	20	40	40.000
CT	969	30	45	45.000
CT	968	21	30	30.000
CT	967	17	26	26.000
CT	966	20	38	38.000
CT	965	18	38	38.000
CT	964	14	19	19.000
CT	963	29	38	38.000
CT	962	25	43	43.000
CT	961	22	31	31.000
CT	960	30	42	42.000
CT	959	28	44	44.000
CT	958	25	31	31.000
CT	957	22	30	30.000
CT	956	32	43	43.000
CT	955	25	41	41.000
CT	954	34	52	52.000
CT	953	22	32	32.000
CT	952	35	43	43.000
CT	951	32	54	54.000
CT	950	30	42	42.000
CT	949	29	46	46.000
CT	948	20	26	26.000
CT	947	38	59	59.000
CT	946	31	47	47.000
CT	945	22	33	33.000
CT	944	24	45	45.000
CT	943	35	62	62.000
CT	942	23	34	34.000
CT	941	27	37	37.000
CT	940	41	68	68.000
CT	939	28	44	44.000
CT	938	21	30	30.000
CT	937	32	56	56.000
CT	936	29	46	46.000
CT	935	31	43	43.000
CT	934	32	41	41.000
CT	933	32	47	47.000
CT	932	29	46	46.000
CT	931	41	56	56.000
CT	930	38	64	64.000
CT	929	47	65	65.000
CT	928	35	54	54.000
CT	927	32	41	41.000
CT	926	41	54	54.000
CT	925	41	53	53.000
CT	924	36	53	53.000
CT	923	22	31	31.000
CT	922	32	44	44.000
CT	921	34	40	40.000
CT	920	32	47	47.000
CT	919	29	40	40.000
CT	918	35	39	39.000
CT	917	28	46	46.000
CT	916	41	62	62.000
CT	915	39	53	53.000
CT	914	41	62	62.000
CT	913	37	46	46.000
CT	912	32	48	48.000
CT	911	37	50	50.000
CT	910	31	45	45.000
CT	909	36	60	60.000
CT	908	29	41	41.000
CT	907	42	67	67.000
CT	906	40	52	52.000
CT	905	34	50	50.000
CT	904	41	53	53.000
CT	903	36	49	49.000
CT	902	39	51	51.000
CT	901	46	62	62.000
CT	900	50	67	67.000
CT	899	42	56	56.000
CT	898	25	35	35.000
CT	897	56	76	76.000
CT	896	49	68	68.000
CT	895	42	70	70.000
CT	894	41	57	57.000
CT	893	46	56	56.000
CT	892	48	71	71.000
CT	891	53	72	72.000
CT	890	55	72	72.000
CT	889	48	63	63.000
CT	888	51	77	77.000
CT	887	44	61	61.000
CT	886	55	76	76.000
CT	885	62	83	83.000
CT	884	50	81	81.000
CT	883	57	83	83.000
CT	882	55	70	70.000
CT	881	60	84	84.000
CT	880	56	77	77.000
CT	879	64	84	84.000
CT	878	68	94	94.000
CT	877	63	103	103.000
CT	876	68	81	81.000
CT	875	52	74	74.000
CT	874	86	121	121.000
CT	873	56	68	68.000
CT	872	70	93	93.000
CT	871	65	84	84.000
CT	870	50	56	56.000
CT	869	71	96	96.000
CT	868	67	77	77.000
CT	867	83	102	102.000
CT	866	78	97	97.000
CT	865	80	107	107.000
CT	864	72	92	92.000
CT	863	80	99	99.000
CT	862	80	103	103.000
CT	861	72	90	90.000
CT	860	73	89	89.000
CT	859	75	99	99.000
CT	858	85	113	113.000
CT	857	86	107	107.000
CT	856	69	88	88.000
CT	855	80	99	99.000
CT	854	71	85	85.000
CT	853	93	106	106.000
CT	852	91	115	115.000
CT	851	84	101	101.000
CT	850	102	129	129.000
CT	849	71	89	89.000
CT	848	84	103	103.000
CT	847	84	106	106.000
CT	846	81	96	96.000
CT	845	102	131	131.000
CT	844	83	98	98.000
CT	843	99	118	118.000
CT	842	68	89	89.000
CT	841	93	128	128.000
CT	840	78	90	90.000
CT	839	85	103	103.000
CT	838	98	119	119.000
CT	837	74	86	86.000
CT	836	99	118	118.000
CT	835	92	108	108.000
CT	834	93	112	112.000
CT	833	98	120	120.000
CT	832	96	112	112.000
CT	831	99	118	118.000
CT	830	102	110	110.000
CT	829	120	144	144.000
CT	828	101	121	121.000
CT	827	121	146	146.000
CT	826	108	128	128.000
CT	825	106	133	133.000
CT	824	119	150	150.000
CT	823	109	137	137.000
CT	822	107	129	129.000
CT	821	108	135	135.000
CT	820	110	132	132.000
CT	819	130	165	165.000
CT	818	121	137	137.000
CT	817	113	133	133.000
CT	816	134	157	157.000
CT	815	136	164	164.000
CT	814	116	136	136.000
CT	813	166	206	206.000
CT	812	154	187	187.000
CT	811	129	155	155.000
CT	810	153	178	178.000
CT	809	137	156	156.000
CT	808	136	159	159.000
CT	807	157	187	187.000
CT	806	140	156	156.000
CT	805	150	179	179.000
CT	804	137	157	157.000
CT	803	151	178	178.000
CT	802	133	156	156.000
CT	801	146	177	177.000
CT	800	149	178	178.000
CT	799	127	142	142.000
CT	798	158	182	182.000
CT	797	174	188	188.000
CT	796	166	188	188.000
CT	795	162	181	181.000
CT	794	159	173	173.000
CT	793	157	173	173.000
CT	792	165	204	204.000
CT	791	164	175	175.000
CT	790	159	188	188.000
CT	789	174	200	200.000
CT	788	175	196	196.000
CT	787	175	197	197.000
CT	786	148	181	181.000
CT	785	171	186	186.000
CT	784	162	182	182.000
CT	783	156	169	169.000
CT	782	206	224	224.000
CT	781	185	210	210.000
CT	780	194	216	216.000
CT	779	195	213	213.000
CT	778	185	204	204.000
CT	777	188	205	205.000
CT	776	161	173	173.000
CT	775	181	193	193.000
CT	774	178	198	198.000
CT	773	183	200	200.000
CT	772	202	221	221.000
CT	771	192	207	207.000
CT	770	182	200	200.000
CT	769	192	202	202.000
CT	768	212	219	219.000
CT	767	201	213	213.000
CT	766	212	220	220.000
CT	765	224	233	233.000
CT	764	215	231	231.000
CT	763	178	192	192.000
CT	762	191	202	202.000
CT	761	207	226	226.000
CT	760	216	228	228.000
CT	759	227	244	244.000
CT	758	214	238	238.000
CT	757	215	225	225.000
CT	756	253	279	279.000
CT	755	228	263	263.000
CT	754	227	244	244.000
CT	753	277	308	308.000
CT	752	242	260	260.000
CT	751	242	259	259.000
CT	750	253	266	266.000
CT	749	249	270	270.000
CT	748	255	277	277.000
CT	747	279	307	307.000
CT	746	245	259	259.000
CT	745	288	306	306.000
CT	744	288	307	307.000
CT	743	289	308	308.000
CT	742	284	299	299.000
CT	741	295	318	318.000
CT	740	296	320	320.000
CT	739	280	299	299.000
CT	738	302	338	338.000
CT	737	290	302	302.000
CT	736	322	344	344.000
CT	735	316	343	343.000
CT	734	279	296	296.000
CT	733	314	362	362.000
CT	732	302	331	331.000
CT	731	279	298	298.000
CT	730	317	350	350.000
CT	729	346	376	376.000
CT	728	308	325	325.000
CT	727	315	354	354.000
CT	726	339	366	366.000
CT	725	308	340	340.000
CT	724	314	340	340.000
CT	723	327	345	345.000
CT	722	312	342	342.000
CT	721	331	351	351.000
CT	720	309	346	346.000
CT	719	304	316	316.000
CT	718	347	371	371.000
CT	717	351	375	375.000
CT	716	392	415	415.000
CT	715	343	356	356.000
CT	714	381	406	406.000
CT	713	357	381	381.000
CT	712	361	386	386.000
CT	711	382	430	430.000
CT	710	361	371	371.000
CT	709	376	396	396.000
CT	708	375	391	391.000
CT	707	363	379	379.000
CT	706	407	427	427.000
CT	705	411	425	425.000
CT	704	395	404	404.000
CT	703	403	415	415.000
CT	702	381	396	396.000
CT	701	407	419	419.000
CT	700	399	424	424.000
CT	699	420	441	441.000
CT	698	411	431	431.000
CT	697	439	458	458.000
CT	696	443	457	457.000
CT	695	430	456	456.000
CT	694	443	480	480.000
CT	693	394	412	412.000
CT	692	477	504	504.000
CT	691	477	504	504.000
CT	690	454	468	468.000
CT	689	461	485	485.000
CT	688	460	486	486.000
CT	687	475	490	490.000
CT	686	460	505	505.000
CT	685	463	499	499.000
CT	684	474	502	502.000
CT	683	478	493	493.000
CT	682	473	520	520.000
CT	681	479	497	497.000
CT	680	472	489	489.000
CT	679	509	532	532.000
CT	678	524	552	552.000
CT	677	497	507	507.000
CT	676	512	540	540.000
CT	675	554	574	574.000
CT	674	561	596	596.000
CT	673	528	549	549.000
CT	672	540	562	562.000
CT	671	535	548	548.000
CT	670	545	568	568.000
CT	669	573	602	602.000
CT	668	539	562	562.000
CT	667	547	576	576.000
CT	666	557	581	581.000
CT	665	585	625	625.000
CT	664	623	650	650.000
CT	663	620	647	647.000
CT	662	621	644	644.000
CT	661	650	683	683.000
CT	660	598	624	624.000
CT	659	582	606	606.000
CT	658	600	637	637.000
CT	657	620	665	665.000
CT	656	607	632	632.000
CT	655	573	599	599.000
CT	654	586	624	624.000
CT	653	584	605	605.000
CT	652	642	701	701.000
CT	651	602	647	647.000
CT	650	598	637	637.000
CT	649	618	642	642.000
CT	648	638	675	675.000
CT	647	631	664	664.000
CT	646	626	650	650.000
CT	645	665	684	684.000
CT	644	701	720	720.000
CT	643	619	650	650.000
CT	642	606	619	619.000
CT	641	680	700	700.000
CT	640	673	685	685.000
CT	639	656	681	681.000
CT	638	643	657	657.000
CT	637	683	694	694.000
CT	636	681	699	699.000
CT	635	734	760	760.000
CT	634	680	706	706.000
CT	633	703	734	734.000
CT	632	730	751	751.000
CT	631	699	722	722.000
CT	630	670	685	685.000
CT	629	725	755	755.000
CT	628	694	706	706.000
CT	627	768	793	793.000
CT	626	715	740	740.000
CT	625	724	744	744.000
CT	624	767	779	779.000
CT	623	773	822	822.000
CT	622	802	829	829.000
CT	621	803	833	833.000
CT	620	764	798	798.000
CT	619	758	787	787.000
CT	618	755	783	783.000
CT	617	778	806	806.000
CT	616	842	875	875.000
CT	615	780	810	810.000
CT	614	743	763	763.000
CT	613	802	848	848.000
CT	612	761	796	796.000
CT	611	850	903	903.000
CT	610	820	852	852.000
CT	609	835	879	879.000
CT	608	796	831	831.000
CT	607	822	857	857.000
CT	606	836	892	892.000
CT	605	818	844	844.000
CT	604	885	920	920.000
CT	603	801	833	833.000
CT	602	832	860	860.000
CT	601	891	927	927.000
CT	600	846	865	865.000
CT	599	800	814	814.000
CT	598	807	828	828.000
CT	597	858	881	881.000
CT	596	842	865	865.000
CT	595	828	862	862.000
CT	594	883	911	911.000
CT	593	875	899	899.000
CT	592	882	911	911.000
CT	591	891	931	931.000
CT	590	916	941	941.000
CT	589	890	903	903.000
CT	588	856	879	879.000
CT	587	836	865	865.000
CT	586	928	958	958.000
CT	585	953	980	980.000
CT	584	950	977	977.000
CT	583	886	913	913.000
CT	582	928	960	960.000
CT	581	1033	1066	1066.000
CT	580	954	984	984.000
CT	579	906	926	926.000
CT	578	964	991	991.000
CT	577	990	1026	1026.000
CT	576	975	1010	1010.000
CT	575	999	1044	1044.000
CT	574	1057	1094	1094.000
CT	573	1038	1065	1065.000
CT	572	1008	1047	1047.000
CT	571	1102	1141	1141.000
CT	570	1023	1073	1073.000
CT	569	967	998	998.000
CT	568	981	999	999.000
CT	567	1077	1112	1112.000
CT	566	1055	1092	1092.000
CT	565	1029	1064	1064.000
CT	564	1005	1029	1029.000
CT	563	1063	1094	1094.000
CT	562	1064	1100	1100.000
CT	561	1059	1090	1090.000
CT	560	1049	1075	1075.000
CT	559	1125	1167	1167.000
CT	558	1104	1135	1135.000
CT	557	1066	1094	1094.000
CT	556	1060	1097	1097.000
CT	555	1053	1096	1096.000
CT	554	1081	1113	1113.000
CT	553	1134	1170	1170.000
CT	552	1090	1126	1126.000
CT	551	1107	1140	1140.000
CT	550	1080	1101	1101.000
CT	549	1110	1147	1147.000
CT	548	1108	1156	1156.000
CT	547	1101	1143	1143.000
CT	546	1110	1141	1141.000
CT	545	1121	1164	1164.000
CT	544	1177	1203	1203.000
CT	543	1121	1158	1158.000
CT	542	1093	1126	1126.000
CT	541	1131	1169	1169.000
CT	540	1067	1112	1112.000
CT	539	1137	1187	1187.000
CT	538	1128	1174	1174.000
CT	537	1175	1221	1221.000
CT	536	1097	1134	1134.000
CT	535	1166	1197	1197.000
CT	534	1168	1200	1200.000
CT	533	1190	1218	1218.000
CT	532	1122	1161	1161.000
CT	531	1187	1212	1212.000
CT	530	1189	1222	1222.000
CT	529	1099	1134	1134.000
CT	528	1185	1232	1232.000
CT	527	1164	1210	1210.000
CT	526	1217	1248	1248.000
CT	525	1211	1250	1250.000
CT	524	1199	1244	1244.000
CT	523	1213	1263	1263.000
CT	522	1237	1300	1300.000
CT	521	1215	1246	1246.000
CT	520	1245	1284	1284.000
CT	519	1228	1272	1272.000
CT	518	1263	1315	1315.000
CT	517	1286	1330	1330.000
CT	516	1315	1381	1381.000
CT	515	1252	1301	1301.000
CT	514	1233	1275	1275.000
CT	513	1250	1319	1319.000
CT	512	1264	1309	1309.000
CT	511	1193	1255	1255.000
CT	510	1185	1238	1238.000
CT	509	1200	1235	1235.000
CT	508	1249	1301	1301.000
CT	507	1229	1276	1276.000
CT	506	1267	1327	1327.000
CT	505	1163	1209	1209.000
CT	504	1181	1239	1239.000
CT	503	1254	1310	1310.000
CT	502	1277	1324	1324.000
CT	501	1182	1206	1206.000
CT	500	1216	1267	1267.000
CT	499	1213	1264	1264.000
CT	498	1180	1221	1221.000
CT	497	1280	1332	1332.000
CT	496	1183	1237	1237.000
CT	495	1184	1225	1225.000
CT	494	1222	1272	1272.000
CT	493	1245	1299	1299.000
CT	492	1252	1292	1292.000
CT	491	1283	1339	1339.000
CT	490	1202	1263	1263.000
CT	489	1283	1350	1350.000
CT	488	1229	1297	1297.000
CT	487	1259	1307	1307.000
CT	486	1254	1341	1341.000
CT	485	1252	1313	1313.000
CT	484	1258	1343	1343.000
CT	483	1253	1310	1310.000
CT	482	1229	1288	1288.000
CT	481	1192	1248	1248.000
CT	480	1225	1293	1293.000
CT	479	1182	1269	1269.000
CT	478	1244	1308	1308.000
CT	477	1209	1258	1258.000
CT	476	1206	1274	1274.000
CT	475	1197	1276	1276.000
CT	474	1206	1287	1287.000
CT	473	1177	1273	1273.000
CT	472	1167	1253	1253.000
CT	471	1135	1220	1220.000
CT	470	1135	1227	1227.000
CT	469	1215	1315	1315.000
CT	468	1178	1257	1257.000
CT	467	1107	1174	1174.000
CT	466	1159	1266	1266.000
CT	465	1152	1243	1243.000
CT	464	1152	1246	1246.000
CT	463	1101	1162	1162.000
CT	462	1135	1218	1218.000
CT	461	1110	1185	1185.000
CT	460	1091	1158	1158.000
CT	459	1115	1191	1191.000
CT	458	1094	1177	1177.000
CT	457	1131	1227	1227.000
CT	456	1116	1194	1194.000
CT	455	1108	1199	1199.000
CT	454	1060	1131	1131.000
CT	453	1066	1149	1149.000
CT	452	1102	1189	1189.000
CT	451	1088	1149	1149.000
CT	450	1073	1151	1151.000
CT	449	1064	1126	1126.000
CT	448	1075	1130	1130.000
CT	447	1073	1139	1139.000
CT	446	1194	1281	1281.000
CT	445	1110	1183	1183.000
CT	444	1093	1159	1159.000
CT	443	1183	1260	1260.000
CT	442	1158	1218	1218.000
CT	441	1187	1281	1281.000
CT	440	1119	1196	1196.000
CT	439	1148	1223	1223.000
CT	438	1232	1315	1315.000
CT	437	1084	1147	1147.000
CT	436	1090	1163	1163.000
CT	435	1105	1168	1168.000
CT	434	1110	1203	1203.000
CT	433	1068	1133	1133.000
CT	432	1196	1289	1289.000
CT	431	1176	1255	1255.000
CT	430	1146	1219	1219.000
CT	429	1137	1199	1199.000
CT	428	1190	1241	1241.000
CT	427	1179	1233	1233.000
CT	426	1172	1228	1228.000
CT	425	1175	1218	1218.000
CT	424	1222	1288	1288.000
CT	423	1145	1194	1194.000
CT	422	1139	1185	1185.000
CT	421	1281	1325	1325.000
CT	420	1237	1278	1278.000
CT	419	1221	1286	1286.000
CT	418	1157	1218	1218.000
CT	417	1196	1235	1235.000
CT	416	1134	1203	1203.000
CT	415	1248	1304	1304.000
CT	414	1189	1246	1246.000
CT	413	1199	1259	1259.000
CT	412	1201	1253	1253.000
CT	411	1203	1269	1269.000
CT	410	1201	1243	1243.000
CT	409	1256	1302	1302.000
CT	408	1319	1356	1356.000
CT	407	1217	1274	1274.000
CT	406	1232	1274	1274.000
CT	405	1301	1356	1356.000
CT	404	1323	1400	1400.000
CT	403	1251	1312	1312.000
CT	402	1389	1448	1448.000
CT	401	1399	1471	1471.000
CT	400	1307	1356	1356.000
CT	399	1418	1471	1471.000
CT	398	1348	1406	1406.000
CT	397	1385	1432	1432.000
CT	396	1394	1449	1449.000
CT	395	1399	1455	1455.000
CT	394	1461	1524	1524.000
CT	393	1475	1533	1533.000
CT	392	1552	1619	1619.000
CT	391	1472	1525	1525.000
CT	390	1576	1635	1635.000
CT	389	1631	1696	1696.000
CT	388	1613	1681	1681.000
CT	387	1613	1679	1679.000
CT	386	1659	1726	1726.000
CT	385	1764	1817	1817.000
CT	384	1769	1831	1831.000
CT	383	1701	1762	1762.000
CT	382	1691	1746	1746.000
CT	381	1775	1828	1828.000
CT	380	1833	1881	1881.000
CT	379	1832	1887	1887.000
CT	378	1866	1932	1932.000
CT	377	1908	1963	1963.000
CT	376	1893	1948	1948.000
CT	375	1902	1960	1960.000
CT	374	1959	2024	2024.000
CT	373	1989	2032	2032.000
CT	372	2062	2115	2115.000
CT	371	2148	2216	2216.000
CT	370	2131	2199	2199.000
CT	369	2112	2150	2150.000
CT	368	2155	2218	2218.000
CT	367	2208	2239	2239.000
CT	366	2288	2346	2346.000
CT	365	2315	2364	2364.000
CT	364	2389	2448	2448.000
CT	363	2460	2518	2518.000
CT	362	2460	2514	2514.000
CT	361	2550	2593	2593.000
CT	360	2564	2619	2619.000
CT	359	2716	2773	2773.000
CT	358	2780	2835	2835.000
CT	357	2888	2959	2959.000
CT	356	2866	2935	2935.000
CT	355	2868	2919	2919.000
CT	354	2887	2933	2933.000
CT	353	3081	3157	3157.000
CT	352	3172	3232	3232.000
CT	351	3328	3380	3380.000
CT	350	3273	3338	3338.000
CT	349	3415	3472	3472.000
CT	348	3424	3473	3473.000
CT	347	3553	3614	3614.000
CT	346	3734	3787	3787.000
CT	345	3940	4004	4004.000
CT	344	3914	3969	3969.000
CT	343	3975	4032	4032.000
CT	342	3947	4014	4014.000
CT	341	4149	4205	4205.000
CT	340	4176	4231	4231.000
CT	339	4269	4322	4322.000
CT	338	4419	4478	4478.000
CT	337	4555	4595	4595.000
CT	336	4811	4872	4872.000
CT	335	4811	4854	4854.000
CT	334	5101	5158	5158.000
CT	333	5116	5180	5180.000
CT	332	5157	5216	5216.000
CT	331	5438	5511	5511.000
CT	330	5565	5611	5611.000
CT	329	5624	5685	5685.000
CT	328	5828	5879	5879.000
CT	327	5918	5973	5973.000
CT	326	6158	6207	6207.000
CT	325	6211	6272	6272.000
CT	324	6349	6407	6407.000
CT	323	6648	6710	6710.000
CT	322	6810	6879	6879.000
CT	321	6893	6934	6934.000
CT	320	7114	7197	7197.000
CT	319	7364	7463	7463.000
CT	318	7568	7639	7639.000
CT	317	7702	7768	7768.000
CT	316	7849	7905	7905.000
CT	315	8090	8142	8142.000
CT	314	8319	8385	8385.000
CT	313	8566	8624	8624.000
CT	312	8822	8877	8877.000
CT	311	8935	8991	8991.000
CT	310	9044	9099	9099.000
CT	309	9364	9440	9440.000
CT	308	9713	9764	9764.000
CT	307	9753	9814	9814.000
CT	306	10198	10264	10264.000
CT	305	10411	10449	10449.000
CT	304	10668	10715	10715.000
CT	303	10880	10944	10944.000
CT	302	10902	10953	10953.000
CT	301	11678	11733	11733.000
CT	300	11698	11751	11751.000
CT	299	11599	11640	11640.000
CT	298	12176	12216	12216.000
CT	297	12448	12488	12488.000
CT	296	12520	12548	12548.000
CT	295	12882	12916	12916.000
CT	294	13122	13155	13155.000
CT	293	13453	13505	13505.000
CT	292	13939	13971	13971.000
CT	291	14047	14092	14092.000
CT	290	14260	14303	14303.000
CT	289	14569	14619	14619.000
CT	288	15016	15059	15059.000
CT	287	15357	15403	15403.000
CT	286	15770	15803	15803.000
CT	285	16059	16095	16095.000
CT	284	16281	16315	16315.000
CT	283	16865	16899	16899.000
CT	282	17155	17186	17186.000
CT	281	17452	17478	17478.000
CT	280	17629	17662	17662.000
CT	279	17819	17850	17850.000
CT	278	18437	18475	18475.000
CT	277	18769	18817	18817.000
CT	276	19056	19088	19088.000
CT	275	19363	19396	19396.000
CT	274	19339	19378	19378.000
CT	273	19973	20003	20003.000
CT	272	20387	20426	20426.000
CT	271	20687	20718	20718.000
CT	270	21049	21072	21072.000
CT	269	21398	21428	21428.000
CT	268	21981	22015	22015.000
CT	267	22219	22257	22257.000
CT	266	22366	22386	22386.000
CT	265	22968	22992	22992.000
CT	264	22932	22955	22955.000
CT	263	23530	23549	23549.000
CT	262	24134	24167	24167.000
CT	261	24300	24330	24330.000
CT	260	24818	24844	24844.000
CT	259	25011	25040	25040.000
CT	258	25436	25457	25457.000
CT	257	26023	26054	26054.000
CT	256	26480	26506	26506.000
CT	255	26708	26757	26757.000
CT	254	27245	27275	27275.000
CT	253	27674	27719	27719.000
CT	252	27918	27950	27950.000
CT	251	28320	28362	28362.000
CT	250	28976	29015	29015.000
CT	249	29083	29130	29130.000
CT	248	29744	29790	29790.000
CT	247	30110	30152	30152.000
CT	246	30653	30701	30701.000
CT	245	31309	31350	31350.000
CT	244	31553	31602	31602.000
CT	243	32128	32166	32166.000
CT	242	32505	32548	32548.000
CT	241	32742	32801	32801.000
CT	240	32711	32747	32747.000
CT	239	33386	33425	33425.000
CT	238	33817	33848	33848.000
CT	237	34643	34669	34669.000
CT	236	34595	34625	34625.000
CT	235	35128	35156	35156.000
CT	234	35266	35286	35286.000
CT	233	35803	35824	35824.000
CT	232	36374	36395	36395.000
CT	231	36185	36210	36210.000
CT	230	36761	36782	36782.000
CT	229	37250	37276	37276.000
CT	228	37217	37246	37246.000
CT	227	37911	37951	37951.000
CT	226	37849	37875	37875.000
CT	225	37970	38008	38008.000
CT	224	38286	38301	38301.000
CT	223	38754	38778	38778.000
CT	222	38946	38964	38964.000
CT	221	38721	38738	38738.000
CT	220	39018	39037	39037.000
CT	219	39317	39325	39325.000
CT	218	39697	39708	39708.000
CT	217	39912	39921	39921.000
CT	216	39817	39829	39829.000
CT	215	39872	39874	39874.000
CT	214	40115	40123	40123.000
CT	213	40373	40386	40386.000
CT	212	40419	40431	40431.000
CT	211	40361	40370	40370.000
CT	210	40384	40393	40393.000
CT	209	40776	40784	40784.000
CT	208	40877	40885	40885.000
CT	207	40830	40838	40838.000
CT	206	40944	40952	40952.000
CT	205	41014	41021	41021.000
CT	204	41237	41246	41246.000
CT	203	41346	41348	41348.000
CT	202	41609	41618	41618.000
CT	201	41264	41263	41263.000
CT	200	41115	41121	41121.000
CT	199	41289	41296	41296.000
CT	198	41071	41078	41078.000
CT	197	41167	41174	41174.000
CT	196	41174	41178	41178.000
CT	195	40763	40766	40766.000
CT	194	40458	40465	40465.000
CT	193	40824	40831	40831.000
CT	192	40415	40425	40425.000
CT	191	40292	40299	40299.000
CT	190	39966	39980	39980.000
CT	189	39630	39641	39641.000
CT	188	39846	39843	39843.000
CT	187	38796	38802	38802.000
CT	186	38951	38953	38953.000
CT	185	38555	38556	38556.000
CT	184	38199	38203	38203.000
CT	183	38173	38176	38176.000
CT	182	37340	37338	37338.000
CT	181	37101	37100	37100.000
CT	180	36473	36475	36475.000
CT	179	36228	36221	36221.000
CT	178	35742	35741	35741.000
CT	177	35861	35858	35858.000
CT	176	34655	34654	34654.000
CT	175	34245	34246	34246.000
CT	174	33844	33843	33843.000
CT	173	33183	33180	33180.000
CT	172	32674	32670	32670.000
CT	171	32073	32064	32064.000
CT	170	31800	31794	31794.000
CT	169	31441	31431	31431.000
CT	168	30581	30571	30571.000
CT	167	29894	29877	29877.000
CT	166	29383	29375	29375.000
CT	165	28713	28703	28703.000
CT	164	28957	28938	28938.000
CT	163	28020	28005	28005.000
CT	162	27617	27607	27607.000
CT	161	27424	27414	27414.000
CT	160	26417	26406	26406.000
CT	159	26294	26290	26290.000
CT	158	25490	25482	25482.000
CT	157	25017	25008	25008.000
CT	156	24585	24581	24581.000
CT	155	23965	23963	23963.000
CT	154	23360	23354	23354.000
CT	153	22556	22552	22552.000
CT	152	21966	21952	21952.000
CT	151	21398	21388	21388.000
CT	150	20688	20668	20668.000
CT	149	20262	20260	20260.000
CT	148	19403	19384	19384.000
CT	147	18841	18841	18841.000
CT	146	18239	18239	18239.000
CT	145	17413	17407	17407.000
CT	144	16744	16755	16755.000
CT	143	16114	16114	16114.000
CT	142	15440	15435	15435.000
CT	141	15008	14997	14997.000
CT	140	14735	14742	14742.000
CT	139	14218	14211	14211.000
CT	138	13573	13561	13561.000
CT	137	13151	13140	13140.000
CT	136	12567	12562	12562.000
CT	135	12109	12104	12104.000
CT	134	11623	11606	11606.000
CT	133	11236	11222	11222.000
CT	132	10734	10722	10722.000
CT	131	10162	10153	10153.000
CT	130	9893	9883	9883.000
CT	129	9473	9458	9458.000
CT	128	9135	9120	9120.000
CT	127	8702	8682	8682.000
CT	126	8396	8382	8382.000
CT	125	8096	8087	8087.000
CT	124	7877	7864	7864.000
CT	123	7374	7366	7366.000
CT	122	6903	6892	6892.000
CT	121	6714	6703	6703.000
CT	120	6365	6350	6350.000
CT	119	6152	6147	6147.000
CT	118	5781	5776	5776.000
CT	117	5607	5601	5601.000
CT	116	5215	5204	5204.000
CT	115	4990	4985	4985.000
CT	114	4743	4735	4735.000
CT	113	4515	4501	4501.000
CT	112	4165	4152	4152.000
CT	111	4063	4049	4049.000
CT	110	3903	3890	3890.000
CT	109	3732	3722	3722.000
CT	108	3423	3412	3412.000
CT	107	3231	3222	3222.000
CT	106	3066	3045	3045.000
CT	105	2910	2899	2899.000
CT	104	2709	2689	2689.000
CT	103	2587	2572	2572.000
CT	102	2486	2466	2466.000
CT	101	2283	2265	2265.000
CT	100	2066	2050	2050.000
CT	99	2032	2019	2019.000
CT	98	1845	1833	1833.000
CT	97	1824	1795	1795.000
CT	96	1669	1649	1649.000
CT	95	1601	1591	1591.000
CT	94	1463	1443	1443.000
CT	93	1350	1333	1333.000
CT	92	1292	1266	1266.000
CT	91	1190	1171	1171.000
CT	90	1195	1173	1173.000
CT	89	1084	1061	1061.000
CT	88	1067	1039	1039.000
CT	87	976	957	957.000
CT	86	925	896	896.000
CT	85	898	869	869.000
CT	84	881	838	838.000
CT	83	831	796	796.000
CT	82	761	731	731.000
CT	81	705	650	650.000
CT	80	741	694	694.000
CT	79	612	560	560.000
CT	78	576	516	516.000
CT	77	540	488	488.000
CT	76	478	440	440.000
CT	75	506	458	458.000
CT	74	495	435	435.000
CT	73	449	388	388.000
CT	72	411	352	352.000
CT	71	360	317	317.000
CT	70	349	297	297.000
CT	69	362	284	284.000
CT	68	353	278	278.000
CT	67	332	267	267.000
CT	66	332	237	237.000
CT	65	296	207	207.000
CT	64	358	245	245.000
CT	63	259	178	178.000
CT	62	306	197	197.000
CT	61	247	164	164.000
CT	60	255	143	143.000
CT	59	250	132	132.000
CT	58	267	129	129.000
CT	57	243	96	96.000
CT	56	270	110	110.000
CT	55	238	70	70.000
CT	54	262	79	79.000
CT	53	238	56	56.000
CT	52	231	29	29.000
CT	51	266	51	51.000
CT	50	258	48	48.000
CT	49	288	44	44.000
CT	48	270	46	46.000
CT	47	274	45	45.000
CT	46	318	23	23.000
CT	45	368	23	23.000
CT	44	391	20	20.000
CT	43	473	23	23.000
CT	42	542	16	16.000
CT	41	536	19	19.000
CT	40	589	26	26.000
CT	39	728	23	23.000
CT	38	858	29	29.000
CT	37	937	26	26.000
CT	36	1085	25	25.000
CT	35	1259	36	36.000
CT	34	1353	16	16.000
CT	33	1594	10	10.000
CT	32	1800	15	15.000
CT	31	1734	20	20.000
CT	30	2247	22	22.000
CT	29	2426	23	23.000
CT	28	2708	21	21.000
CT	27	3113	3	3.000
CT	26	3438	7	7.000
CT	25	4257	6	6.000
CT	24	4971	7	7.000
CT	23	5898	9	9.000
CT	22	6734	12	12.000
CT	21	7856	8	8.000
CT	20	9539	9	9.000
CT	19	11407	11	11.000
CT	18	13027	6	6.000
CT	17	15712	7	7.000
CT	16	18988	5	5.000
CT	15	23693	6	6.000
CT	14	29242	5	5.000
CT	13	36317	2	2.000
CT	12	44641	3	3.000
CT	11	57188	2	2.000
CT	10	76753	2	2.000
CT	9	105277	2	2.000
CT	8	148541	5	5.000
CT	7	219782	8	8.000
CT	6	349493	0	0.000
CT	5	620240	1	1.000
CT	4	1277593	0	0.000
CT	3	3312668	0	0.000
CT	2	12248147	0	0.000
CT	1	0	0	-nan
CT	0	0	68	-nan
FR	0	0
ER	5855897	0.000
CV	1.000
QV	64.264	64.264
