HS	1023	0	8094	8094
HS	1022	0	19	8113
HS	1021	0	11	8124
HS	1020	0	24	8148
HS	1019	0	16	8164
HS	1018	0	19	8183
HS	1017	0	20	8203
HS	1016	0	9	8212
HS	1015	0	19	8231
HS	1014	0	15	8246
HS	1013	0	14	8260
HS	1012	0	20	8280
HS	1011	0	21	8301
HS	1010	0	20	8321
HS	1009	0	18	8339
HS	1008	0	21	8360
HS	1007	0	17	8377
HS	1006	0	10	8387
HS	1005	0	14	8401
HS	1004	0	13	8414
HS	1003	0	17	8431
HS	1002	0	20	8451
HS	1001	0	12	8463
HS	1000	0	20	8483
HS	999	0	10	8493
HS	998	0	26	8519
HS	997	0	28	8547
HS	996	0	27	8574
HS	995	0	19	8593
HS	994	0	21	8614
HS	993	0	19	8633
HS	992	0	12	8645
HS	991	0	16	8661
HS	990	0	19	8680
HS	989	0	24	8704
HS	988	0	22	8726
HS	987	0	17	8743
HS	986	0	21	8764
HS	985	0	20	8784
HS	984	0	16	8800
HS	983	0	26	8826
HS	982	0	25	8851
HS	981	0	22	8873
HS	980	0	20	8893
HS	979	0	20	8913
HS	978	0	15	8928
HS	977	0	15	8943
HS	976	0	24	8967
HS	975	0	17	8984
HS	974	0	27	9011
HS	973	0	14	9025
HS	972	0	17	9042
HS	971	0	27	9069
HS	970	0	20	9089
HS	969	0	30	9119
HS	968	0	21	9140
HS	967	0	17	9157
HS	966	0	20	9177
HS	965	0	18	9195
HS	964	0	14	9209
HS	963	0	29	9238
HS	962	0	25	9263
HS	961	0	22	9285
HS	960	0	30	9315
HS	959	0	28	9343
HS	958	0	25	9368
HS	957	0	22	9390
HS	956	0	32	9422
HS	955	0	25	9447
HS	954	0	34	9481
HS	953	0	22	9503
HS	952	0	35	9538
HS	951	0	32	9570
HS	950	0	30	9600
HS	949	0	29	9629
HS	948	0	20	9649
HS	947	0	38	9687
HS	946	0	31	9718
HS	945	0	22	9740
HS	944	0	24	9764
HS	943	0	35	9799
HS	942	0	23	9822
HS	941	0	27	9849
HS	940	0	41	9890
HS	939	0	28	9918
HS	938	0	21	9939
HS	937	0	32	9971
HS	936	0	29	10000
HS	935	0	31	10031
HS	934	0	32	10063
HS	933	0	32	10095
HS	932	0	29	10124
HS	931	0	41	10165
HS	930	0	38	10203
HS	929	0	47	10250
HS	928	0	35	10285
HS	927	0	32	10317
HS	926	0	41	10358
HS	925	0	41	10399
HS	924	0	36	10435
HS	923	0	22	10457
HS	922	0	32	10489
HS	921	0	34	10523
HS	920	0	32	10555
HS	919	0	29	10584
HS	918	0	35	10619
HS	917	0	28	10647
HS	916	0	41	10688
HS	915	0	39	10727
HS	914	0	41	10768
HS	913	0	37	10805
HS	912	0	32	10837
HS	911	0	37	10874
HS	910	0	31	10905
HS	909	0	36	10941
HS	908	0	29	10970
HS	907	0	42	11012
HS	906	0	40	11052
HS	905	0	34	11086
HS	904	0	41	11127
HS	903	0	36	11163
HS	902	0	39	11202
HS	901	0	46	11248
HS	900	0	50	11298
HS	899	0	42	11340
HS	898	0	25	11365
HS	897	0	56	11421
HS	896	0	49	11470
HS	895	0	42	11512
HS	894	0	41	11553
HS	893	0	46	11599
HS	892	0	48	11647
HS	891	0	53	11700
HS	890	0	55	11755
HS	889	0	48	11803
HS	888	0	51	11854
HS	887	0	44	11898
HS	886	0	55	11953
HS	885	0	62	12015
HS	884	0	50	12065
HS	883	0	57	12122
HS	882	0	55	12177
HS	881	0	60	12237
HS	880	0	56	12293
HS	879	0	64	12357
HS	878	0	68	12425
HS	877	0	63	12488
HS	876	0	68	12556
HS	875	0	52	12608
HS	874	0	86	12694
HS	873	0	56	12750
HS	872	0	70	12820
HS	871	0	65	12885
HS	870	0	50	12935
HS	869	0	71	13006
HS	868	0	67	13073
HS	867	0	83	13156
HS	866	0	78	13234
HS	865	0	80	13314
HS	864	0	72	13386
HS	863	0	80	13466
HS	862	0	80	13546
HS	861	0	72	13618
HS	860	0	73	13691
HS	859	0	75	13766
HS	858	0	85	13851
HS	857	0	86	13937
HS	856	0	69	14006
HS	855	0	80	14086
HS	854	0	71	14157
HS	853	0	93	14250
HS	852	0	91	14341
HS	851	0	84	14425
HS	850	0	102	14527
HS	849	0	71	14598
HS	848	0	84	14682
HS	847	0	84	14766
HS	846	0	81	14847
HS	845	0	102	14949
HS	844	0	83	15032
HS	843	0	99	15131
HS	842	0	68	15199
HS	841	0	93	15292
HS	840	0	78	15370
HS	839	0	85	15455
HS	838	0	98	15553
HS	837	0	74	15627
HS	836	0	99	15726
HS	835	0	92	15818
HS	834	0	93	15911
HS	833	0	98	16009
HS	832	0	96	16105
HS	831	0	99	16204
HS	830	0	102	16306
HS	829	0	120	16426
HS	828	0	101	16527
HS	827	0	121	16648
HS	826	0	108	16756
HS	825	0	106	16862
HS	824	0	119	16981
HS	823	0	109	17090
HS	822	0	107	17197
HS	821	0	108	17305
HS	820	0	110	17415
HS	819	0	130	17545
HS	818	0	121	17666
HS	817	0	113	17779
HS	816	0	134	17913
HS	815	0	136	18049
HS	814	0	116	18165
HS	813	0	166	18331
HS	812	0	154	18485
HS	811	0	129	18614
HS	810	0	153	18767
HS	809	0	137	18904
HS	808	0	136	19040
HS	807	0	157	19197
HS	806	0	140	19337
HS	805	0	150	19487
HS	804	0	137	19624
HS	803	0	151	19775
HS	802	0	133	19908
HS	801	0	146	20054
HS	800	0	149	20203
HS	799	0	127	20330
HS	798	0	158	20488
HS	797	0	174	20662
HS	796	0	166	20828
HS	795	0	162	20990
HS	794	0	159	21149
HS	793	0	157	21306
HS	792	0	165	21471
HS	791	0	164	21635
HS	790	0	159	21794
HS	789	0	174	21968
HS	788	0	175	22143
HS	787	0	175	22318
HS	786	0	148	22466
HS	785	0	171	22637
HS	784	0	162	22799
HS	783	0	156	22955
HS	782	0	206	23161
HS	781	0	185	23346
HS	780	0	194	23540
HS	779	0	195	23735
HS	778	0	185	23920
HS	777	0	188	24108
HS	776	0	161	24269
HS	775	0	181	24450
HS	774	0	178	24628
HS	773	0	183	24811
HS	772	0	202	25013
HS	771	0	192	25205
HS	770	0	182	25387
HS	769	0	192	25579
HS	768	0	212	25791
HS	767	0	201	25992
HS	766	0	212	26204
HS	765	0	224	26428
HS	764	0	215	26643
HS	763	0	178	26821
HS	762	0	191	27012
HS	761	0	207	27219
HS	760	0	216	27435
HS	759	0	227	27662
HS	758	0	214	27876
HS	757	0	215	28091
HS	756	0	253	28344
HS	755	0	228	28572
HS	754	0	227	28799
HS	753	0	277	29076
HS	752	0	242	29318
HS	751	0	242	29560
HS	750	0	253	29813
HS	749	0	249	30062
HS	748	0	255	30317
HS	747	0	279	30596
HS	746	0	245	30841
HS	745	0	288	31129
HS	744	0	288	31417
HS	743	0	289	31706
HS	742	0	284	31990
HS	741	0	295	32285
HS	740	0	296	32581
HS	739	0	280	32861
HS	738	0	302	33163
HS	737	0	290	33453
HS	736	0	322	33775
HS	735	0	316	34091
HS	734	0	279	34370
HS	733	0	314	34684
HS	732	0	302	34986
HS	731	0	279	35265
HS	730	0	317	35582
HS	729	0	346	35928
HS	728	0	308	36236
HS	727	0	315	36551
HS	726	0	339	36890
HS	725	0	308	37198
HS	724	0	314	37512
HS	723	0	327	37839
HS	722	0	312	38151
HS	721	0	331	38482
HS	720	0	309	38791
HS	719	0	304	39095
HS	718	0	347	39442
HS	717	0	351	39793
HS	716	0	392	40185
HS	715	0	343	40528
HS	714	0	381	40909
HS	713	0	357	41266
HS	712	0	361	41627
HS	711	0	382	42009
HS	710	0	361	42370
HS	709	0	376	42746
HS	708	0	375	43121
HS	707	0	363	43484
HS	706	0	407	43891
HS	705	0	411	44302
HS	704	0	395	44697
HS	703	0	403	45100
HS	702	0	381	45481
HS	701	0	407	45888
HS	700	0	399	46287
HS	699	0	420	46707
HS	698	0	411	47118
HS	697	0	439	47557
HS	696	0	443	48000
HS	695	0	430	48430
HS	694	0	443	48873
HS	693	0	394	49267
HS	692	0	477	49744
HS	691	0	477	50221
HS	690	0	454	50675
HS	689	0	461	51136
HS	688	0	460	51596
HS	687	0	475	52071
HS	686	0	460	52531
HS	685	0	463	52994
HS	684	0	474	53468
HS	683	0	478	53946
HS	682	0	473	54419
HS	681	0	479	54898
HS	680	0	472	55370
HS	679	0	509	55879
HS	678	0	524	56403
HS	677	0	497	56900
HS	676	0	512	57412
HS	675	0	554	57966
HS	674	0	561	58527
HS	673	0	528	59055
HS	672	0	540	59595
HS	671	0	535	60130
HS	670	0	545	60675
HS	669	0	573	61248
HS	668	0	539	61787
HS	667	0	547	62334
HS	666	0	557	62891
HS	665	0	585	63476
HS	664	0	623	64099
HS	663	0	620	64719
HS	662	0	621	65340
HS	661	0	650	65990
HS	660	0	598	66588
HS	659	0	582	67170
HS	658	0	600	67770
HS	657	0	620	68390
HS	656	0	607	68997
HS	655	0	573	69570
HS	654	0	586	70156
HS	653	0	584	70740
HS	652	0	642	71382
HS	651	0	602	71984
HS	650	0	598	72582
HS	649	0	618	73200
HS	648	0	638	73838
HS	647	0	631	74469
HS	646	0	626	75095
HS	645	0	665	75760
HS	644	0	701	76461
HS	643	0	619	77080
HS	642	0	606	77686
HS	641	0	680	78366
HS	640	0	673	79039
HS	639	0	656	79695
HS	638	0	643	80338
HS	637	0	683	81021
HS	636	0	681	81702
HS	635	0	734	82436
HS	634	0	680	83116
HS	633	0	703	83819
HS	632	0	730	84549
HS	631	0	699	85248
HS	630	0	670	85918
HS	629	0	725	86643
HS	628	0	694	87337
HS	627	0	768	88105
HS	626	0	715	88820
HS	625	0	724	89544
HS	624	0	767	90311
HS	623	0	773	91084
HS	622	0	802	91886
HS	621	0	803	92689
HS	620	0	764	93453
HS	619	0	758	94211
HS	618	0	755	94966
HS	617	0	778	95744
HS	616	0	842	96586
HS	615	0	780	97366
HS	614	0	743	98109
HS	613	0	802	98911
HS	612	0	761	99672
HS	611	0	850	100522
HS	610	0	820	101342
HS	609	0	835	102177
HS	608	0	796	102973
HS	607	0	822	103795
HS	606	0	836	104631
HS	605	0	818	105449
HS	604	0	885	106334
HS	603	0	801	107135
HS	602	0	832	107967
HS	601	0	891	108858
HS	600	0	846	109704
HS	599	0	800	110504
HS	598	0	807	111311
HS	597	0	858	112169
HS	596	0	842	113011
HS	595	0	828	113839
HS	594	0	883	114722
HS	593	0	875	115597
HS	592	0	882	116479
HS	591	0	891	117370
HS	590	0	916	118286
HS	589	0	890	119176
HS	588	0	856	120032
HS	587	0	836	120868
HS	586	0	928	121796
HS	585	0	953	122749
HS	584	0	950	123699
HS	583	0	886	124585
HS	582	0	928	125513
HS	581	0	1033	126546
HS	580	0	954	127500
HS	579	0	906	128406
HS	578	0	964	129370
HS	577	0	990	130360
HS	576	0	975	131335
HS	575	0	999	132334
HS	574	0	1057	133391
HS	573	0	1038	134429
HS	572	0	1008	135437
HS	571	0	1102	136539
HS	570	0	1023	137562
HS	569	0	967	138529
HS	568	0	981	139510
HS	567	0	1077	140587
HS	566	0	1055	141642
HS	565	0	1029	142671
HS	564	0	1005	143676
HS	563	0	1063	144739
HS	562	0	1064	145803
HS	561	0	1059	146862
HS	560	0	1049	147911
HS	559	0	1125	149036
HS	558	0	1104	150140
HS	557	0	1066	151206
HS	556	0	1060	152266
HS	555	0	1053	153319
HS	554	0	1081	154400
HS	553	0	1134	155534
HS	552	0	1090	156624
HS	551	0	1107	157731
HS	550	0	1080	158811
HS	549	0	1110	159921
HS	548	0	1108	161029
HS	547	0	1101	162130
HS	546	0	1110	163240
HS	545	0	1121	164361
HS	544	0	1177	165538
HS	543	0	1121	166659
HS	542	0	1093	167752
HS	541	0	1131	168883
HS	540	0	1067	169950
HS	539	0	1137	171087
HS	538	0	1128	172215
HS	537	0	1175	173390
HS	536	0	1097	174487
HS	535	0	1166	175653
HS	534	0	1168	176821
HS	533	0	1190	178011
HS	532	0	1122	179133
HS	531	0	1187	180320
HS	530	0	1189	181509
HS	529	0	1099	182608
HS	528	0	1185	183793
HS	527	0	1164	184957
HS	526	0	1217	186174
HS	525	0	1211	187385
HS	524	0	1199	188584
HS	523	0	1213	189797
HS	522	0	1237	191034
HS	521	0	1215	192249
HS	520	0	1245	193494
HS	519	0	1228	194722
HS	518	0	1263	195985
HS	517	0	1286	197271
HS	516	0	1315	198586
HS	515	0	1252	199838
HS	514	0	1233	201071
HS	513	0	1250	202321
HS	512	0	1264	203585
HS	511	0	1193	204778
HS	510	0	1185	205963
HS	509	0	1200	207163
HS	508	0	1249	208412
HS	507	0	1229	209641
HS	506	0	1267	210908
HS	505	0	1163	212071
HS	504	0	1181	213252
HS	503	0	1254	214506
HS	502	0	1277	215783
HS	501	0	1182	216965
HS	500	0	1216	218181
HS	499	0	1213	219394
HS	498	0	1180	220574
HS	497	0	1280	221854
HS	496	0	1183	223037
HS	495	0	1184	224221
HS	494	0	1222	225443
HS	493	0	1245	226688
HS	492	0	1252	227940
HS	491	0	1283	229223
HS	490	0	1202	230425
HS	489	0	1283	231708
HS	488	0	1229	232937
HS	487	0	1259	234196
HS	486	0	1254	235450
HS	485	0	1252	236702
HS	484	0	1258	237960
HS	483	0	1253	239213
HS	482	0	1229	240442
HS	481	0	1192	241634
HS	480	0	1225	242859
HS	479	0	1182	244041
HS	478	0	1244	245285
HS	477	0	1209	246494
HS	476	0	1206	247700
HS	475	0	1197	248897
HS	474	0	1206	250103
HS	473	0	1177	251280
HS	472	0	1167	252447
HS	471	0	1135	253582
HS	470	0	1135	254717
HS	469	0	1215	255932
HS	468	0	1178	257110
HS	467	0	1107	258217
HS	466	0	1159	259376
HS	465	0	1152	260528
HS	464	0	1152	261680
HS	463	0	1101	262781
HS	462	0	1135	263916
HS	461	0	1110	265026
HS	460	0	1091	266117
HS	459	0	1115	267232
HS	458	0	1094	268326
HS	457	0	1131	269457
HS	456	0	1116	270573
HS	455	0	1108	271681
HS	454	0	1060	272741
HS	453	0	1066	273807
HS	452	0	1102	274909
HS	451	0	1088	275997
HS	450	0	1073	277070
HS	449	0	1064	278134
HS	448	0	1075	279209
HS	447	0	1073	280282
HS	446	0	1194	281476
HS	445	0	1110	282586
HS	444	0	1093	283679
HS	443	0	1183	284862
HS	442	0	1158	286020
HS	441	0	1187	287207
HS	440	0	1119	288326
HS	439	0	1148	289474
HS	438	0	1232	290706
HS	437	0	1084	291790
HS	436	0	1090	292880
HS	435	0	1105	293985
HS	434	0	1110	295095
HS	433	0	1068	296163
HS	432	0	1196	297359
HS	431	0	1176	298535
HS	430	0	1146	299681
HS	429	0	1137	300818
HS	428	0	1190	302008
HS	427	0	1179	303187
HS	426	0	1172	304359
HS	425	0	1175	305534
HS	424	0	1222	306756
HS	423	0	1145	307901
HS	422	0	1139	309040
HS	421	0	1281	310321
HS	420	0	1237	311558
HS	419	0	1221	312779
HS	418	0	1157	313936
HS	417	0	1196	315132
HS	416	0	1134	316266
HS	415	0	1248	317514
HS	414	0	1189	318703
HS	413	0	1199	319902
HS	412	0	1201	321103
HS	411	0	1203	322306
HS	410	0	1201	323507
HS	409	0	1256	324763
HS	408	0	1319	326082
HS	407	0	1217	327299
HS	406	0	1232	328531
HS	405	0	1301	329832
HS	404	0	1323	331155
HS	403	0	1251	332406
HS	402	0	1389	333795
HS	401	0	1399	335194
HS	400	0	1307	336501
HS	399	0	1418	337919
HS	398	0	1348	339267
HS	397	0	1385	340652
HS	396	0	1394	342046
HS	395	0	1399	343445
HS	394	0	1461	344906
HS	393	0	1475	346381
HS	392	0	1552	347933
HS	391	0	1472	349405
HS	390	0	1576	350981
HS	389	0	1631	352612
HS	388	0	1613	354225
HS	387	0	1613	355838
HS	386	0	1659	357497
HS	385	0	1764	359261
HS	384	0	1769	361030
HS	383	0	1701	362731
HS	382	0	1691	364422
HS	381	0	1775	366197
HS	380	0	1833	368030
HS	379	0	1832	369862
HS	378	0	1866	371728
HS	377	0	1908	373636
HS	376	0	1893	375529
HS	375	0	1902	377431
HS	374	0	1959	379390
HS	373	0	1989	381379
HS	372	0	2062	383441
HS	371	0	2148	385589
HS	370	0	2131	387720
HS	369	0	2112	389832
HS	368	0	2155	391987
HS	367	0	2208	394195
HS	366	0	2288	396483
HS	365	0	2315	398798
HS	364	0	2389	401187
HS	363	0	2460	403647
HS	362	0	2460	406107
HS	361	0	2550	408657
HS	360	0	2564	411221
HS	359	0	2716	413937
HS	358	0	2780	416717
HS	357	0	2888	419605
HS	356	0	2866	422471
HS	355	0	2868	425339
HS	354	0	2887	428226
HS	353	0	3081	431307
HS	352	0	3172	434479
HS	351	0	3328	437807
HS	350	0	3273	441080
HS	349	0	3415	444495
HS	348	0	3424	447919
HS	347	0	3553	451472
HS	346	0	3734	455206
HS	345	0	3940	459146
HS	344	0	3914	463060
HS	343	0	3975	467035
HS	342	0	3947	470982
HS	341	0	4149	475131
HS	340	0	4176	479307
HS	339	0	4269	483576
HS	338	0	4419	487995
HS	337	0	4555	492550
HS	336	0	4811	497361
HS	335	0	4811	502172
HS	334	0	5101	507273
HS	333	0	5116	512389
HS	332	0	5157	517546
HS	331	0	5438	522984
HS	330	0	5565	528549
HS	329	0	5624	534173
HS	328	0	5828	540001
HS	327	0	5918	545919
HS	326	0	6158	552077
HS	325	0	6211	558288
HS	324	0	6349	564637
HS	323	0	6648	571285
HS	322	0	6810	578095
HS	321	0	6893	584988
HS	320	0	7114	592102
HS	319	0	7364	599466
HS	318	0	7568	607034
HS	317	0	7702	614736
HS	316	0	7849	622585
HS	315	0	8090	630675
HS	314	0	8319	638994
HS	313	0	8566	647560
HS	312	0	8822	656382
HS	311	0	8935	665317
HS	310	0	9044	674361
HS	309	0	9364	683725
HS	308	0	9713	693438
HS	307	0	9753	703191
HS	306	0	10198	713389
HS	305	0	10411	723800
HS	304	0	10668	734468
HS	303	0	10880	745348
HS	302	0	10902	756250
HS	301	0	11678	767928
HS	300	0	11698	779626
HS	299	0	11599	791225
HS	298	0	12176	803401
HS	297	0	12448	815849
HS	296	0	12520	828369
HS	295	0	12882	841251
HS	294	0	13122	854373
HS	293	0	13453	867826
HS	292	0	13939	881765
HS	291	0	14047	895812
HS	290	0	14260	910072
HS	289	0	14569	924641
HS	288	0	15016	939657
HS	287	0	15357	955014
HS	286	0	15770	970784
HS	285	0	16059	986843
HS	284	0	16281	1003124
HS	283	0	16865	1019989
HS	282	0	17155	1037144
HS	281	0	17452	1054596
HS	280	0	17629	1072225
HS	279	0	17819	1090044
HS	278	0	18437	1108481
HS	277	0	18769	1127250
HS	276	0	19056	1146306
HS	275	0	19363	1165669
HS	274	0	19339	1185008
HS	273	0	19973	1204981
HS	272	0	20387	1225368
HS	271	0	20687	1246055
HS	270	0	21049	1267104
HS	269	0	21398	1288502
HS	268	0	21981	1310483
HS	267	0	22219	1332702
HS	266	0	22366	1355068
HS	265	0	22968	1378036
HS	264	0	22932	1400968
HS	263	0	23530	1424498
HS	262	0	24134	1448632
HS	261	0	24300	1472932
HS	260	0	24818	1497750
HS	259	0	25011	1522761
HS	258	0	25436	1548197
HS	257	0	26023	1574220
HS	256	0	26480	1600700
HS	255	0	26708	1627408
HS	254	0	27245	1654653
HS	253	0	27674	1682327
HS	252	0	27918	1710245
HS	251	0	28320	1738565
HS	250	0	28976	1767541
HS	249	0	29083	1796624
HS	248	0	29744	1826368
HS	247	0	30110	1856478
HS	246	0	30653	1887131
HS	245	0	31309	1918440
HS	244	0	31553	1949993
HS	243	0	32128	1982121
HS	242	0	32505	2014626
HS	241	0	32742	2047368
HS	240	0	32711	2080079
HS	239	0	33386	2113465
HS	238	0	33817	2147282
HS	237	0	34643	2181925
HS	236	0	34595	2216520
HS	235	0	35128	2251648
HS	234	0	35266	2286914
HS	233	0	35803	2322717
HS	232	0	36374	2359091
HS	231	0	36185	2395276
HS	230	0	36761	2432037
HS	229	0	37250	2469287
HS	228	0	37217	2506504
HS	227	0	37911	2544415
HS	226	0	37849	2582264
HS	225	0	37970	2620234
HS	224	0	38286	2658520
HS	223	0	38754	2697274
HS	222	0	38946	2736220
HS	221	0	38721	2774941
HS	220	0	39018	2813959
HS	219	0	39317	2853276
HS	218	0	39697	2892973
HS	217	0	39912	2932885
HS	216	0	39817	2972702
HS	215	0	39872	3012574
HS	214	0	40115	3052689
HS	213	0	40373	3093062
HS	212	0	40419	3133481
HS	211	0	40361	3173842
HS	210	0	40384	3214226
HS	209	0	40776	3255002
HS	208	0	40877	3295879
HS	207	0	40830	3336709
HS	206	0	40944	3377653
HS	205	0	41014	3418667
HS	204	0	41237	3459904
HS	203	0	41346	3501250
HS	202	0	41609	3542859
HS	201	0	41264	3584123
HS	200	0	41115	3625238
HS	199	0	41289	3666527
HS	198	0	41071	3707598
HS	197	0	41167	3748765
HS	196	0	41174	3789939
HS	195	0	40763	3830702
HS	194	0	40458	3871160
HS	193	0	40824	3911984
HS	192	0	40415	3952399
HS	191	0	40292	3992691
HS	190	0	39966	4032657
HS	189	0	39630	4072287
HS	188	0	39846	4112133
HS	187	0	38796	4150929
HS	186	0	38951	4189880
HS	185	0	38555	4228435
HS	184	0	38199	4266634
HS	183	0	38173	4304807
HS	182	0	37340	4342147
HS	181	0	37101	4379248
HS	180	0	36473	4415721
HS	179	0	36228	4451949
HS	178	0	35742	4487691
HS	177	0	35861	4523552
HS	176	0	34655	4558207
HS	175	0	34245	4592452
HS	174	0	33844	4626296
HS	173	0	33183	4659479
HS	172	0	32674	4692153
HS	171	0	32073	4724226
HS	170	0	31800	4756026
HS	169	0	31441	4787467
HS	168	0	30581	4818048
HS	167	0	29894	4847942
HS	166	0	29383	4877325
HS	165	0	28713	4906038
HS	164	0	28957	4934995
HS	163	0	28020	4963015
HS	162	0	27617	4990632
HS	161	0	27424	5018056
HS	160	0	26417	5044473
HS	159	0	26294	5070767
HS	158	0	25490	5096257
HS	157	0	25017	5121274
HS	156	0	24585	5145859
HS	155	0	23965	5169824
HS	154	0	23360	5193184
HS	153	0	22556	5215740
HS	152	0	21966	5237706
HS	151	0	21398	5259104
HS	150	0	20688	5279792
HS	149	0	20262	5300054
HS	148	0	19403	5319457
HS	147	0	18841	5338298
HS	146	0	18239	5356537
HS	145	0	17413	5373950
HS	144	0	16744	5390694
HS	143	0	16114	5406808
HS	142	0	15440	5422248
HS	141	0	15008	5437256
HS	140	0	14735	5451991
HS	139	0	14218	5466209
HS	138	0	13573	5479782
HS	137	0	13151	5492933
HS	136	0	12567	5505500
HS	135	0	12109	5517609
HS	134	0	11623	5529232
HS	133	0	11236	5540468
HS	132	0	10734	5551202
HS	131	0	10162	5561364
HS	130	0	9893	5571257
HS	129	0	9473	5580730
HS	128	0	9135	5589865
HS	127	0	8702	5598567
HS	126	0	8396	5606963
HS	125	0	8096	5615059
HS	124	0	7877	5622936
HS	123	0	7374	5630310
HS	122	0	6903	5637213
HS	121	0	6714	5643927
HS	120	0	6365	5650292
HS	119	0	6152	5656444
HS	118	0	5781	5662225
HS	117	0	5607	5667832
HS	116	0	5215	5673047
HS	115	0	4990	5678037
HS	114	0	4743	5682780
HS	113	0	4515	5687295
HS	112	0	4165	5691460
HS	111	0	4063	5695523
HS	110	0	3903	5699426
HS	109	0	3732	5703158
HS	108	0	3423	5706581
HS	107	0	3231	5709812
HS	106	0	3066	5712878
HS	105	0	2910	5715788
HS	104	0	2709	5718497
HS	103	0	2587	5721084
HS	102	0	2486	5723570
HS	101	0	2283	5725853
HS	100	0	2066	5727919
HS	99	0	2032	5729951
HS	98	0	1845	5731796
HS	97	0	1824	5733620
HS	96	0	1669	5735289
HS	95	0	1601	5736890
HS	94	0	1463	5738353
HS	93	0	1350	5739703
HS	92	0	1292	5740995
HS	91	0	1190	5742185
HS	90	0	1195	5743380
HS	89	0	1084	5744464
HS	88	0	1067	5745531
HS	87	0	976	5746507
HS	86	0	925	5747432
HS	85	0	898	5748330
HS	84	0	881	5749211
HS	83	0	831	5750042
HS	82	0	761	5750803
HS	81	0	705	5751508
HS	80	0	741	5752249
HS	79	0	612	5752861
HS	78	0	576	5753437
HS	77	0	540	5753977
HS	76	0	478	5754455
HS	75	0	506	5754961
HS	74	0	495	5755456
HS	73	0	449	5755905
HS	72	0	411	5756316
HS	71	0	360	5756676
HS	70	0	349	5757025
HS	69	0	362	5757387
HS	68	0	353	5757740
HS	67	0	332	5758072
HS	66	0	332	5758404
HS	65	0	296	5758700
HS	64	0	358	5759058
HS	63	0	259	5759317
HS	62	0	306	5759623
HS	61	0	247	5759870
HS	60	0	255	5760125
HS	59	0	250	5760375
HS	58	0	267	5760642
HS	57	0	243	5760885
HS	56	0	270	5761155
HS	55	0	238	5761393
HS	54	0	262	5761655
HS	53	0	238	5761893
HS	52	0	231	5762124
HS	51	0	266	5762390
HS	50	0	258	5762648
HS	49	0	288	5762936
HS	48	0	270	5763206
HS	47	0	274	5763480
HS	46	0	318	5763798
HS	45	0	368	5764166
HS	44	0	391	5764557
HS	43	0	473	5765030
HS	42	0	542	5765572
HS	41	0	536	5766108
HS	40	0	589	5766697
HS	39	0	728	5767425
HS	38	0	858	5768283
HS	37	0	937	5769220
HS	36	0	1085	5770305
HS	35	0	1259	5771564
HS	34	0	1353	5772917
HS	33	0	1594	5774511
HS	32	0	1800	5776311
HS	31	0	1734	5778045
HS	30	0	2247	5780292
HS	29	0	2426	5782718
HS	28	0	2708	5785426
HS	27	0	3113	5788539
HS	26	0	3438	5791977
HS	25	0	4257	5796234
HS	24	0	4971	5801205
HS	23	0	5898	5807103
HS	22	0	6734	5813837
HS	21	0	7856	5821693
HS	20	0	9539	5831232
HS	19	0	11407	5842639
HS	18	0	13027	5855666
HS	17	0	15712	5871378
HS	16	0	18988	5890366
HS	15	0	23693	5914059
HS	14	0	29242	5943301
HS	13	0	36317	5979618
HS	12	0	44641	6024259
HS	11	0	57188	6081447
HS	10	0	76753	6158200
HS	9	0	105277	6263477
HS	8	0	148541	6412018
HS	7	0	219782	6631800
HS	6	0	349493	6981293
HS	5	0	620240	7601533
HS	4	0	1277593	8879126
HS	3	0	3312668	12191794
HS	2	0	12248147	24439941
HS	1	0	0	24439941
HS	0	0	0	24439941
