CC	CT  kmer_occurrence    short_read_kmer_count  raw_input_kmer_count  adjusted_input_kmer_count
CC	FR  fpr_lower_bound    fpr_upper_bound
CC	ER  total_input_kmers  adjusted_error_kmers
CC	CV  coverage
CC	QV  raw_quality_value  adjusted_quality_value
CC
SQ	JAUCFR010000001.1	111075	111045	111045	99.00
SQ	JAUCFR010000004.1	4606522	4606492	4606018	54.79
CT	1023	13195	34950	34950.000
CT	1022	11	102	102.000
CT	1021	15	126	126.000
CT	1020	12	103	103.000
CT	1019	7	50	50.000
CT	1018	8	76	76.000
CT	1017	6	58	58.000
CT	1016	5	40	40.000
CT	1015	6	48	48.000
CT	1014	3	10	10.000
CT	1013	5	46	46.000
CT	1012	4	30	30.000
CT	1011	6	52	52.000
CT	1010	2	10	10.000
CT	1009	3	30	30.000
CT	1008	4	38	38.000
CT	1007	7	50	50.000
CT	1006	7	70	70.000
CT	1005	6	60	60.000
CT	1004	9	70	70.000
CT	1003	10	86	86.000
CT	1002	4	40	40.000
CT	1001	5	50	50.000
CT	1000	8	80	80.000
CT	999	7	48	48.000
CT	998	8	80	80.000
CT	997	3	30	30.000
CT	996	7	58	58.000
CT	995	7	50	50.000
CT	994	3	30	30.000
CT	993	5	40	40.000
CT	992	3	30	30.000
CT	991	5	30	30.000
CT	990	4	18	18.000
CT	989	1	10	10.000
CT	988	7	70	70.000
CT	987	4	36	36.000
CT	986	3	30	30.000
CT	985	6	60	60.000
CT	984	3	20	20.000
CT	983	7	50	50.000
CT	982	5	50	50.000
CT	981	1	10	10.000
CT	980	3	30	30.000
CT	979	5	50	50.000
CT	978	8	80	80.000
CT	977	13	110	110.000
CT	976	5	50	50.000
CT	975	8	66	66.000
CT	974	5	50	50.000
CT	973	2	20	20.000
CT	972	9	80	80.000
CT	971	7	50	50.000
CT	970	5	40	40.000
CT	969	6	50	50.000
CT	968	2	20	20.000
CT	967	8	76	76.000
CT	966	3	20	20.000
CT	965	5	40	40.000
CT	964	4	30	30.000
CT	963	2	20	20.000
CT	962	6	60	60.000
CT	961	5	46	46.000
CT	960	5	50	50.000
CT	959	4	40	40.000
CT	958	4	30	30.000
CT	957	2	10	10.000
CT	956	7	66	66.000
CT	955	3	20	20.000
CT	954	4	30	30.000
CT	953	6	56	56.000
CT	952	7	56	56.000
CT	951	5	40	40.000
CT	950	5	38	38.000
CT	949	3	20	20.000
CT	948	15	140	140.000
CT	947	6	50	50.000
CT	946	10	89	89.000
CT	945	7	67	67.000
CT	944	7	60	60.000
CT	943	3	30	30.000
CT	942	4	40	40.000
CT	941	5	40	40.000
CT	940	4	40	40.000
CT	939	6	32	32.000
CT	938	7	40	40.000
CT	937	8	68	68.000
CT	936	8	76	76.000
CT	935	8	76	76.000
CT	934	11	110	110.000
CT	933	3	30	30.000
CT	932	4	40	40.000
CT	931	7	54	54.000
CT	930	10	74	74.000
CT	929	8	70	70.000
CT	928	5	40	40.000
CT	927	3	20	20.000
CT	926	3	20	20.000
CT	925	3	30	30.000
CT	924	3	20	20.000
CT	923	2	20	20.000
CT	922	6	58	58.000
CT	921	2	20	20.000
CT	920	2	20	20.000
CT	919	7	58	58.000
CT	918	5	33	33.000
CT	917	6	50	50.000
CT	916	5	48	48.000
CT	915	3	26	26.000
CT	914	3	28	28.000
CT	913	5	46	46.000
CT	912	5	30	30.000
CT	911	5	45	45.000
CT	910	6	48	48.000
CT	909	5	46	46.000
CT	908	3	21	21.000
CT	907	4	32	32.000
CT	906	5	43	43.000
CT	905	5	48	48.000
CT	904	8	70	70.000
CT	903	7	64	64.000
CT	902	7	66	66.000
CT	901	7	56	56.000
CT	900	8	67	67.000
CT	899	5	48	48.000
CT	898	3	18	18.000
CT	897	5	38	38.000
CT	896	5	35	35.000
CT	895	5	50	50.000
CT	894	4	35	35.000
CT	893	7	68	68.000
CT	892	7	65	65.000
CT	891	6	50	50.000
CT	890	3	30	30.000
CT	889	3	25	25.000
CT	888	6	41	41.000
CT	887	6	50	50.000
CT	886	5	41	41.000
CT	885	4	25	25.000
CT	884	2	0	0.000
CT	883	9	66	66.000
CT	882	6	41	41.000
CT	881	2	20	20.000
CT	880	5	43	43.000
CT	879	6	52	52.000
CT	878	6	40	40.000
CT	877	5	30	30.000
CT	876	11	87	87.000
CT	875	5	41	41.000
CT	874	8	60	60.000
CT	873	10	89	89.000
CT	872	4	30	30.000
CT	871	8	59	59.000
CT	870	6	44	44.000
CT	869	10	74	74.000
CT	868	5	27	27.000
CT	867	8	69	69.000
CT	866	4	31	31.000
CT	865	6	46	46.000
CT	864	2	15	15.000
CT	863	4	32	32.000
CT	862	9	64	64.000
CT	861	5	32	32.000
CT	860	7	58	58.000
CT	859	13	74	74.000
CT	858	13	109	109.000
CT	857	7	47	47.000
CT	856	4	10	10.000
CT	855	12	115	115.000
CT	854	8	58	58.000
CT	853	11	55	55.000
CT	852	9	65	65.000
CT	851	7	52	52.000
CT	850	18	148	148.000
CT	849	5	40	40.000
CT	848	12	78	78.000
CT	847	10	84	84.000
CT	846	7	57	57.000
CT	845	5	42	42.000
CT	844	8	59	59.000
CT	843	9	61	61.000
CT	842	6	60	60.000
CT	841	8	61	61.000
CT	840	8	55	55.000
CT	839	15	123	123.000
CT	838	11	79	79.000
CT	837	13	95	95.000
CT	836	11	70	70.000
CT	835	19	131	131.000
CT	834	7	44	44.000
CT	833	12	87	87.000
CT	832	15	99	99.000
CT	831	13	84	84.000
CT	830	9	67	67.000
CT	829	10	59	59.000
CT	828	15	96	96.000
CT	827	22	157	157.000
CT	826	7	29	29.000
CT	825	11	71	71.000
CT	824	17	112	112.000
CT	823	8	61	61.000
CT	822	13	58	58.000
CT	821	13	81	81.000
CT	820	14	79	79.000
CT	819	10	70	70.000
CT	818	10	52	52.000
CT	817	9	41	41.000
CT	816	9	53	53.000
CT	815	12	43	43.000
CT	814	9	42	42.000
CT	813	7	37	37.000
CT	812	12	63	63.000
CT	811	10	69	69.000
CT	810	6	19	19.000
CT	809	8	45	45.000
CT	808	4	20	20.000
CT	807	6	29	29.000
CT	806	6	29	29.000
CT	805	11	58	58.000
CT	804	8	37	37.000
CT	803	9	42	42.000
CT	802	14	78	78.000
CT	801	14	62	62.000
CT	800	13	62	62.000
CT	799	14	75	75.000
CT	798	10	44	44.000
CT	797	15	69	69.000
CT	796	13	48	48.000
CT	795	10	33	33.000
CT	794	11	46	46.000
CT	793	21	98	98.000
CT	792	11	52	52.000
CT	791	12	73	73.000
CT	790	8	50	50.000
CT	789	10	57	57.000
CT	788	11	41	41.000
CT	787	15	70	70.000
CT	786	13	68	68.000
CT	785	14	88	88.000
CT	784	15	81	81.000
CT	783	13	65	65.000
CT	782	17	76	76.000
CT	781	12	59	59.000
CT	780	14	53	53.000
CT	779	12	65	65.000
CT	778	15	68	68.000
CT	777	21	107	107.000
CT	776	14	68	68.000
CT	775	13	71	71.000
CT	774	13	58	58.000
CT	773	16	84	84.000
CT	772	16	80	80.000
CT	771	21	112	112.000
CT	770	15	82	82.000
CT	769	14	75	75.000
CT	768	16	87	87.000
CT	767	14	93	93.000
CT	766	16	96	96.000
CT	765	20	112	112.000
CT	764	14	104	104.000
CT	763	11	62	62.000
CT	762	14	94	94.000
CT	761	18	120	120.000
CT	760	6	33	33.000
CT	759	15	94	94.000
CT	758	19	132	132.000
CT	757	15	72	72.000
CT	756	15	82	82.000
CT	755	16	92	92.000
CT	754	12	68	68.000
CT	753	12	70	70.000
CT	752	12	78	78.000
CT	751	21	106	106.000
CT	750	10	50	50.000
CT	749	18	88	88.000
CT	748	8	36	36.000
CT	747	15	76	76.000
CT	746	18	104	104.000
CT	745	15	98	98.000
CT	744	13	65	65.000
CT	743	16	74	74.000
CT	742	12	72	72.000
CT	741	4	22	22.000
CT	740	16	109	109.000
CT	739	15	85	85.000
CT	738	11	50	50.000
CT	737	10	68	68.000
CT	736	9	61	61.000
CT	735	13	72	72.000
CT	734	11	68	68.000
CT	733	14	78	78.000
CT	732	11	45	45.000
CT	731	13	85	85.000
CT	730	9	47	47.000
CT	729	10	62	62.000
CT	728	13	84	84.000
CT	727	17	100	100.000
CT	726	18	109	109.000
CT	725	10	65	65.000
CT	724	15	89	89.000
CT	723	12	79	79.000
CT	722	16	75	75.000
CT	721	11	70	70.000
CT	720	13	78	78.000
CT	719	13	67	67.000
CT	718	11	44	44.000
CT	717	16	78	78.000
CT	716	13	59	59.000
CT	715	9	33	33.000
CT	714	11	51	51.000
CT	713	8	46	46.000
CT	712	16	81	81.000
CT	711	16	72	72.000
CT	710	14	56	56.000
CT	709	11	42	42.000
CT	708	20	107	107.000
CT	707	17	95	95.000
CT	706	12	45	45.000
CT	705	16	77	77.000
CT	704	8	37	37.000
CT	703	9	46	46.000
CT	702	13	57	57.000
CT	701	9	37	37.000
CT	700	10	54	54.000
CT	699	11	46	46.000
CT	698	6	16	16.000
CT	697	10	49	49.000
CT	696	7	33	33.000
CT	695	9	44	44.000
CT	694	13	45	45.000
CT	693	16	79	79.000
CT	692	5	18	18.000
CT	691	5	28	28.000
CT	690	6	32	32.000
CT	689	11	48	48.000
CT	688	10	51	51.000
CT	687	9	50	50.000
CT	686	14	74	74.000
CT	685	19	70	70.000
CT	684	7	27	27.000
CT	683	7	31	31.000
CT	682	7	20	20.000
CT	681	12	50	50.000
CT	680	8	35	35.000
CT	679	8	21	21.000
CT	678	8	36	36.000
CT	677	12	68	68.000
CT	676	6	30	30.000
CT	675	7	29	29.000
CT	674	9	38	38.000
CT	673	12	61	61.000
CT	672	7	30	30.000
CT	671	8	35	35.000
CT	670	7	27	27.000
CT	669	11	46	46.000
CT	668	14	56	56.000
CT	667	16	66	66.000
CT	666	10	48	48.000
CT	665	11	33	33.000
CT	664	8	24	24.000
CT	663	9	35	35.000
CT	662	9	33	33.000
CT	661	1	5	5.000
CT	660	10	40	40.000
CT	659	10	38	38.000
CT	658	10	43	43.000
CT	657	12	37	37.000
CT	656	7	22	22.000
CT	655	11	46	46.000
CT	654	7	22	22.000
CT	653	5	10	10.000
CT	652	5	21	21.000
CT	651	9	38	38.000
CT	650	8	32	32.000
CT	649	7	34	34.000
CT	648	6	32	32.000
CT	647	13	63	63.000
CT	646	11	26	26.000
CT	645	8	39	39.000
CT	644	10	32	32.000
CT	643	6	23	23.000
CT	642	10	31	31.000
CT	641	3	9	9.000
CT	640	11	45	45.000
CT	639	11	40	40.000
CT	638	10	40	40.000
CT	637	6	26	26.000
CT	636	8	37	37.000
CT	635	6	19	19.000
CT	634	9	37	37.000
CT	633	10	49	49.000
CT	632	10	39	39.000
CT	631	12	56	56.000
CT	630	11	48	48.000
CT	629	15	98	98.000
CT	628	9	54	54.000
CT	627	11	74	74.000
CT	626	8	28	28.000
CT	625	10	52	52.000
CT	624	13	62	62.000
CT	623	8	30	30.000
CT	622	12	63	63.000
CT	621	6	36	36.000
CT	620	8	57	57.000
CT	619	19	110	110.000
CT	618	9	49	49.000
CT	617	16	107	107.000
CT	616	13	84	84.000
CT	615	19	91	91.000
CT	614	16	87	87.000
CT	613	4	25	25.000
CT	612	13	64	64.000
CT	611	18	88	88.000
CT	610	9	55	55.000
CT	609	10	51	51.000
CT	608	16	65	65.000
CT	607	11	52	52.000
CT	606	18	81	81.000
CT	605	16	66	66.000
CT	604	18	80	80.000
CT	603	9	27	27.000
CT	602	8	35	35.000
CT	601	16	60	60.000
CT	600	9	36	36.000
CT	599	14	61	61.000
CT	598	9	38	38.000
CT	597	4	9	9.000
CT	596	7	34	34.000
CT	595	7	28	28.000
CT	594	5	8	8.000
CT	593	8	24	24.000
CT	592	11	44	44.000
CT	591	8	26	26.000
CT	590	12	30	30.000
CT	589	13	54	54.000
CT	588	2	8	8.000
CT	587	12	44	44.000
CT	586	10	21	21.000
CT	585	2	9	9.000
CT	584	11	50	50.000
CT	583	5	22	22.000
CT	582	5	21	21.000
CT	581	14	53	53.000
CT	580	12	41	41.000
CT	579	4	16	16.000
CT	578	7	33	33.000
CT	577	12	54	54.000
CT	576	10	27	27.000
CT	575	13	47	47.000
CT	574	10	36	36.000
CT	573	8	39	39.000
CT	572	9	24	24.000
CT	571	10	29	29.000
CT	570	10	20	20.000
CT	569	10	35	35.000
CT	568	11	40	40.000
CT	567	15	71	71.000
CT	566	11	36	36.000
CT	565	8	34	34.000
CT	564	18	64	64.000
CT	563	9	28	28.000
CT	562	13	43	43.000
CT	561	11	36	36.000
CT	560	5	27	27.000
CT	559	6	26	26.000
CT	558	2	8	8.000
CT	557	14	52	52.000
CT	556	11	41	41.000
CT	555	18	67	67.000
CT	554	16	58	58.000
CT	553	12	35	35.000
CT	552	9	36	36.000
CT	551	8	32	32.000
CT	550	10	24	24.000
CT	549	14	46	46.000
CT	548	19	72	72.000
CT	547	12	49	49.000
CT	546	14	31	31.000
CT	545	12	43	43.000
CT	544	11	37	37.000
CT	543	13	45	45.000
CT	542	15	55	55.000
CT	541	21	73	73.000
CT	540	10	31	31.000
CT	539	18	33	33.000
CT	538	10	23	23.000
CT	537	11	38	38.000
CT	536	10	27	27.000
CT	535	11	27	27.000
CT	534	12	34	34.000
CT	533	13	43	43.000
CT	532	13	34	34.000
CT	531	23	85	85.000
CT	530	14	50	50.000
CT	529	19	57	57.000
CT	528	18	66	66.000
CT	527	10	51	51.000
CT	526	16	54	54.000
CT	525	20	95	95.000
CT	524	12	34	34.000
CT	523	16	48	48.000
CT	522	20	83	83.000
CT	521	22	70	70.000
CT	520	13	41	41.000
CT	519	15	43	43.000
CT	518	27	82	82.000
CT	517	21	62	62.000
CT	516	21	56	56.000
CT	515	28	91	91.000
CT	514	18	53	53.000
CT	513	19	50	50.000
CT	512	23	72	72.000
CT	511	25	86	86.000
CT	510	25	77	77.000
CT	509	22	70	70.000
CT	508	21	59	59.000
CT	507	21	67	67.000
CT	506	21	48	48.000
CT	505	24	66	66.000
CT	504	23	67	67.000
CT	503	21	74	74.000
CT	502	33	91	91.000
CT	501	22	69	69.000
CT	500	28	84	84.000
CT	499	32	81	81.000
CT	498	27	65	65.000
CT	497	29	57	57.000
CT	496	26	72	72.000
CT	495	24	52	52.000
CT	494	30	69	69.000
CT	493	31	79	79.000
CT	492	24	57	57.000
CT	491	33	73	73.000
CT	490	29	72	72.000
CT	489	28	64	64.000
CT	488	23	64	64.000
CT	487	24	61	61.000
CT	486	29	54	54.000
CT	485	35	83	83.000
CT	484	34	91	91.000
CT	483	35	80	80.000
CT	482	45	98	98.000
CT	481	32	67	67.000
CT	480	35	76	76.000
CT	479	40	76	76.000
CT	478	37	91	91.000
CT	477	47	97	97.000
CT	476	42	94	94.000
CT	475	56	111	111.000
CT	474	45	91	91.000
CT	473	51	124	124.000
CT	472	52	104	104.000
CT	471	57	114	114.000
CT	470	45	93	93.000
CT	469	35	83	83.000
CT	468	51	105	105.000
CT	467	54	108	108.000
CT	466	49	108	108.000
CT	465	61	135	135.000
CT	464	53	128	128.000
CT	463	73	152	152.000
CT	462	65	129	129.000
CT	461	53	109	109.000
CT	460	63	140	140.000
CT	459	58	119	119.000
CT	458	63	107	107.000
CT	457	63	106	106.000
CT	456	57	101	101.000
CT	455	68	122	122.000
CT	454	65	110	110.000
CT	453	59	105	105.000
CT	452	61	116	116.000
CT	451	65	113	113.000
CT	450	71	113	113.000
CT	449	63	104	104.000
CT	448	75	123	123.000
CT	447	64	101	101.000
CT	446	57	99	99.000
CT	445	86	146	146.000
CT	444	66	117	117.000
CT	443	63	113	113.000
CT	442	76	129	129.000
CT	441	79	141	141.000
CT	440	100	153	153.000
CT	439	78	138	138.000
CT	438	57	103	103.000
CT	437	80	139	139.000
CT	436	76	110	110.000
CT	435	79	114	114.000
CT	434	76	111	111.000
CT	433	95	142	142.000
CT	432	86	117	117.000
CT	431	60	76	76.000
CT	430	72	88	88.000
CT	429	67	86	86.000
CT	428	72	95	95.000
CT	427	87	124	124.000
CT	426	76	89	89.000
CT	425	70	93	93.000
CT	424	76	96	96.000
CT	423	93	114	114.000
CT	422	81	105	105.000
CT	421	83	90	90.000
CT	420	92	117	117.000
CT	419	89	116	116.000
CT	418	93	117	117.000
CT	417	111	132	132.000
CT	416	113	142	142.000
CT	415	108	145	145.000
CT	414	121	142	142.000
CT	413	91	99	99.000
CT	412	93	109	109.000
CT	411	128	157	157.000
CT	410	136	156	156.000
CT	409	135	177	177.000
CT	408	149	187	187.000
CT	407	144	172	172.000
CT	406	135	155	155.000
CT	405	152	183	183.000
CT	404	158	189	189.000
CT	403	166	192	192.000
CT	402	159	185	185.000
CT	401	169	198	198.000
CT	400	167	188	188.000
CT	399	198	229	229.000
CT	398	195	228	228.000
CT	397	221	255	255.000
CT	396	216	254	254.000
CT	395	177	202	202.000
CT	394	207	240	240.000
CT	393	220	253	253.000
CT	392	218	237	237.000
CT	391	235	271	271.000
CT	390	218	247	247.000
CT	389	257	303	303.000
CT	388	268	319	319.000
CT	387	264	297	297.000
CT	386	235	265	265.000
CT	385	262	295	295.000
CT	384	255	310	310.000
CT	383	267	305	305.000
CT	382	236	276	276.000
CT	381	262	294	294.000
CT	380	274	302	302.000
CT	379	271	302	302.000
CT	378	277	311	311.000
CT	377	288	305	305.000
CT	376	309	338	338.000
CT	375	303	336	336.000
CT	374	303	343	343.000
CT	373	345	389	389.000
CT	372	299	322	322.000
CT	371	314	346	346.000
CT	370	389	425	425.000
CT	369	304	326	326.000
CT	368	356	418	418.000
CT	367	380	424	424.000
CT	366	344	385	385.000
CT	365	375	427	427.000
CT	364	420	462	462.000
CT	363	400	421	421.000
CT	362	402	445	445.000
CT	361	462	521	521.000
CT	360	458	501	501.000
CT	359	444	476	476.000
CT	358	438	483	483.000
CT	357	442	476	476.000
CT	356	440	491	491.000
CT	355	437	488	488.000
CT	354	453	487	487.000
CT	353	454	503	503.000
CT	352	481	531	531.000
CT	351	506	559	559.000
CT	350	547	625	625.000
CT	349	624	692	692.000
CT	348	584	661	661.000
CT	347	600	658	658.000
CT	346	618	687	687.000
CT	345	626	688	688.000
CT	344	587	654	654.000
CT	343	657	729	729.000
CT	342	630	716	716.000
CT	341	641	699	699.000
CT	340	627	691	691.000
CT	339	632	696	696.000
CT	338	696	754	754.000
CT	337	686	717	717.000
CT	336	671	697	697.000
CT	335	644	673	673.000
CT	334	720	777	777.000
CT	333	690	733	733.000
CT	332	708	767	767.000
CT	331	699	769	769.000
CT	330	752	822	822.000
CT	329	715	769	769.000
CT	328	778	820	820.000
CT	327	802	851	851.000
CT	326	799	873	873.000
CT	325	898	961	961.000
CT	324	918	981	981.000
CT	323	892	960	960.000
CT	322	943	999	999.000
CT	321	992	1050	1050.000
CT	320	1009	1102	1102.000
CT	319	1024	1112	1112.000
CT	318	1096	1193	1193.000
CT	317	1036	1120	1120.000
CT	316	1116	1185	1185.000
CT	315	1130	1213	1213.000
CT	314	1111	1167	1167.000
CT	313	1194	1262	1262.000
CT	312	1129	1187	1187.000
CT	311	1267	1342	1342.000
CT	310	1186	1244	1244.000
CT	309	1297	1378	1378.000
CT	308	1297	1367	1367.000
CT	307	1291	1364	1364.000
CT	306	1337	1431	1431.000
CT	305	1401	1469	1469.000
CT	304	1358	1435	1435.000
CT	303	1422	1508	1508.000
CT	302	1499	1579	1579.000
CT	301	1446	1512	1512.000
CT	300	1493	1551	1551.000
CT	299	1569	1638	1638.000
CT	298	1506	1557	1557.000
CT	297	1670	1735	1735.000
CT	296	1675	1746	1746.000
CT	295	1695	1745	1745.000
CT	294	1786	1826	1826.000
CT	293	1788	1857	1857.000
CT	292	1856	1914	1914.000
CT	291	1861	1902	1902.000
CT	290	1973	2040	2040.000
CT	289	2051	2117	2117.000
CT	288	2264	2339	2339.000
CT	287	2218	2283	2283.000
CT	286	2340	2412	2412.000
CT	285	2429	2502	2502.000
CT	284	2468	2515	2515.000
CT	283	2603	2671	2671.000
CT	282	2507	2569	2569.000
CT	281	2559	2616	2616.000
CT	280	2702	2761	2761.000
CT	279	2821	2886	2886.000
CT	278	2746	2808	2808.000
CT	277	2901	2971	2971.000
CT	276	2987	3053	3053.000
CT	275	3143	3207	3207.000
CT	274	3265	3321	3321.000
CT	273	3297	3342	3342.000
CT	272	3534	3569	3569.000
CT	271	3621	3664	3664.000
CT	270	3766	3817	3817.000
CT	269	4038	4066	4066.000
CT	268	4126	4155	4155.000
CT	267	4227	4282	4282.000
CT	266	4502	4561	4561.000
CT	265	4636	4654	4654.000
CT	264	4745	4767	4767.000
CT	263	5035	5077	5077.000
CT	262	5257	5295	5295.000
CT	261	5389	5443	5443.000
CT	260	5639	5698	5698.000
CT	259	5755	5786	5786.000
CT	258	6169	6210	6210.000
CT	257	6294	6324	6324.000
CT	256	6333	6350	6350.000
CT	255	6692	6731	6731.000
CT	254	6840	6871	6871.000
CT	253	7266	7308	7308.000
CT	252	7427	7460	7460.000
CT	251	7609	7658	7658.000
CT	250	8150	8227	8227.000
CT	249	8256	8294	8294.000
CT	248	8589	8668	8668.000
CT	247	8774	8835	8835.000
CT	246	9060	9124	9124.000
CT	245	9326	9359	9359.000
CT	244	9871	9879	9879.000
CT	243	10022	10037	10037.000
CT	242	10333	10365	10365.000
CT	241	10852	10897	10897.000
CT	240	11230	11279	11279.000
CT	239	11625	11656	11656.000
CT	238	11966	12010	12010.000
CT	237	12226	12254	12254.000
CT	236	12539	12568	12568.000
CT	235	12907	12945	12945.000
CT	234	13276	13312	13312.000
CT	233	13718	13768	13768.000
CT	232	14141	14187	14187.000
CT	231	14494	14521	14521.000
CT	230	15271	15333	15333.000
CT	229	15292	15347	15347.000
CT	228	15954	16002	16002.000
CT	227	16705	16753	16753.000
CT	226	17071	17117	17117.000
CT	225	17642	17686	17686.000
CT	224	18179	18223	18223.000
CT	223	18535	18589	18589.000
CT	222	19206	19261	19261.000
CT	221	19790	19830	19830.000
CT	220	20590	20651	20651.000
CT	219	20851	20877	20877.000
CT	218	21509	21543	21543.000
CT	217	22057	22092	22092.000
CT	216	22645	22684	22684.000
CT	215	23706	23765	23765.000
CT	214	24167	24186	24186.000
CT	213	24628	24652	24652.000
CT	212	25697	25728	25728.000
CT	211	26173	26206	26206.000
CT	210	26799	26823	26823.000
CT	209	27699	27733	27733.000
CT	208	27962	27990	27990.000
CT	207	28943	28992	28992.000
CT	206	29282	29312	29312.000
CT	205	30465	30503	30503.000
CT	204	30973	31021	31021.000
CT	203	31310	31347	31347.000
CT	202	32268	32310	32310.000
CT	201	32714	32739	32739.000
CT	200	33216	33227	33227.000
CT	199	33764	33798	33798.000
CT	198	34313	34334	34334.000
CT	197	34929	34972	34972.000
CT	196	35767	35777	35777.000
CT	195	36711	36694	36694.000
CT	194	37389	37406	37406.000
CT	193	38559	38554	38554.000
CT	192	38905	38924	38924.000
CT	191	39490	39495	39495.000
CT	190	40324	40321	40321.000
CT	189	40675	40693	40693.000
CT	188	41202	41207	41207.000
CT	187	41562	41562	41562.000
CT	186	42712	42711	42711.000
CT	185	42849	42858	42858.000
CT	184	43524	43540	43540.000
CT	183	43343	43344	43344.000
CT	182	43916	43933	43933.000
CT	181	44032	44054	44054.000
CT	180	44716	44736	44736.000
CT	179	45042	45061	45061.000
CT	178	45441	45450	45450.000
CT	177	46022	46045	46045.000
CT	176	46204	46217	46217.000
CT	175	46556	46549	46549.000
CT	174	46319	46326	46326.000
CT	173	46594	46588	46588.000
CT	172	46708	46717	46717.000
CT	171	47367	47373	47373.000
CT	170	47474	47481	47481.000
CT	169	47877	47896	47896.000
CT	168	47437	47455	47455.000
CT	167	47768	47794	47794.000
CT	166	47566	47601	47601.000
CT	165	47985	47989	47989.000
CT	164	47830	47863	47863.000
CT	163	47588	47605	47605.000
CT	162	47887	47900	47900.000
CT	161	47339	47348	47348.000
CT	160	46850	46867	46867.000
CT	159	46191	46227	46227.000
CT	158	46016	46038	46038.000
CT	157	46114	46146	46146.000
CT	156	45325	45341	45341.000
CT	155	44973	44985	44985.000
CT	154	44244	44252	44252.000
CT	153	44488	44501	44501.000
CT	152	43091	43083	43083.000
CT	151	42842	42830	42830.000
CT	150	42394	42374	42374.000
CT	149	41333	41338	41338.000
CT	148	40872	40875	40875.000
CT	147	40248	40234	40234.000
CT	146	39723	39700	39700.000
CT	145	38633	38641	38641.000
CT	144	38023	38041	38041.000
CT	143	37462	37462	37462.000
CT	142	36482	36495	36495.000
CT	141	36175	36143	36143.000
CT	140	34944	34926	34926.000
CT	139	34405	34397	34397.000
CT	138	33838	33807	33807.000
CT	137	32702	32696	32696.000
CT	136	32293	32274	32274.000
CT	135	31645	31622	31622.000
CT	134	30461	30434	30434.000
CT	133	29352	29304	29304.000
CT	132	28136	28103	28103.000
CT	131	27715	27673	27673.000
CT	130	26344	26302	26302.000
CT	129	25326	25282	25282.000
CT	128	24589	24535	24535.000
CT	127	24114	24088	24088.000
CT	126	23167	23116	23116.000
CT	125	22708	22652	22652.000
CT	124	21806	21760	21760.000
CT	123	20925	20876	20876.000
CT	122	20255	20194	20194.000
CT	121	19169	19108	19108.000
CT	120	18593	18548	18548.000
CT	119	17864	17805	17805.000
CT	118	16652	16596	16596.000
CT	117	16591	16516	16516.000
CT	116	15388	15314	15314.000
CT	115	14722	14643	14643.000
CT	114	14237	14147	14147.000
CT	113	13730	13655	13655.000
CT	112	12634	12561	12561.000
CT	111	12363	12311	12311.000
CT	110	11680	11625	11625.000
CT	109	11030	10958	10958.000
CT	108	10826	10732	10732.000
CT	107	10248	10171	10171.000
CT	106	9636	9569	9569.000
CT	105	9266	9187	9187.000
CT	104	8670	8556	8556.000
CT	103	8129	8039	8039.000
CT	102	7724	7623	7623.000
CT	101	7245	7155	7155.000
CT	100	6880	6772	6772.000
CT	99	6382	6268	6268.000
CT	98	6162	6010	6010.000
CT	97	5634	5509	5509.000
CT	96	5360	5228	5228.000
CT	95	4967	4857	4857.000
CT	94	4803	4655	4655.000
CT	93	4430	4292	4292.000
CT	92	4125	3996	3996.000
CT	91	4032	3901	3901.000
CT	90	3782	3650	3650.000
CT	89	3535	3391	3391.000
CT	88	3453	3267	3267.000
CT	87	3172	2950	2950.000
CT	86	3019	2799	2799.000
CT	85	2797	2579	2579.000
CT	84	2607	2359	2359.000
CT	83	2390	2204	2204.000
CT	82	2276	2074	2074.000
CT	81	2124	1897	1897.000
CT	80	2082	1832	1832.000
CT	79	2096	1851	1851.000
CT	78	2001	1757	1757.000
CT	77	1933	1672	1672.000
CT	76	1709	1449	1449.000
CT	75	1649	1372	1372.000
CT	74	1540	1221	1221.000
CT	73	1409	1110	1110.000
CT	72	1369	1053	1053.000
CT	71	1347	1019	1019.000
CT	70	1252	902	902.000
CT	69	1208	861	861.000
CT	68	1205	830	830.000
CT	67	1165	804	804.000
CT	66	1072	729	729.000
CT	65	1065	673	673.000
CT	64	995	619	619.000
CT	63	991	560	560.000
CT	62	967	534	534.000
CT	61	961	506	506.000
CT	60	948	462	462.000
CT	59	1000	470	470.000
CT	58	866	370	370.000
CT	57	936	368	368.000
CT	56	959	342	342.000
CT	55	911	326	326.000
CT	54	995	320	320.000
CT	53	983	321	321.000
CT	52	1117	315	315.000
CT	51	1159	310	310.000
CT	50	1189	328	328.000
CT	49	1277	340	340.000
CT	48	1241	308	308.000
CT	47	1304	270	270.000
CT	46	1265	236	236.000
CT	45	1264	203	203.000
CT	44	1292	163	163.000
CT	43	1453	118	118.000
CT	42	1500	139	139.000
CT	41	1514	118	118.000
CT	40	1606	110	110.000
CT	39	1648	111	111.000
CT	38	1750	69	69.000
CT	37	1836	74	74.000
CT	36	2069	89	89.000
CT	35	2288	58	58.000
CT	34	2628	83	83.000
CT	33	2830	80	80.000
CT	32	3074	78	78.000
CT	31	3374	63	63.000
CT	30	3793	52	52.000
CT	29	4402	61	61.000
CT	28	4505	30	30.000
CT	27	4978	30	30.000
CT	26	5832	21	21.000
CT	25	6299	38	38.000
CT	24	7218	38	38.000
CT	23	8062	40	40.000
CT	22	9036	21	21.000
CT	21	10113	30	30.000
CT	20	11172	29	29.000
CT	19	13205	9	9.000
CT	18	14979	15	15.000
CT	17	16819	3	3.000
CT	16	19711	4	4.000
CT	15	22944	0	0.000
CT	14	25841	0	0.000
CT	13	29628	0	0.000
CT	12	33152	0	0.000
CT	11	39319	0	0.000
CT	10	44190	0	0.000
CT	9	52199	0	0.000
CT	8	62087	0	0.000
CT	7	78211	0	0.000
CT	6	107598	0	0.000
CT	5	169744	0	0.000
CT	4	346950	0	0.000
CT	3	1011502	0	0.000
CT	2	6873841	0	0.000
CT	1	0	0	-nan
CT	0	0	474	-nan
FR	0	0
ER	4717537	0.000
CV	1.000
QV	54.893	54.893
