HS	1023	0	13195	13195
HS	1022	0	11	13206
HS	1021	0	15	13221
HS	1020	0	12	13233
HS	1019	0	7	13240
HS	1018	0	8	13248
HS	1017	0	6	13254
HS	1016	0	5	13259
HS	1015	0	6	13265
HS	1014	0	3	13268
HS	1013	0	5	13273
HS	1012	0	4	13277
HS	1011	0	6	13283
HS	1010	0	2	13285
HS	1009	0	3	13288
HS	1008	0	4	13292
HS	1007	0	7	13299
HS	1006	0	7	13306
HS	1005	0	6	13312
HS	1004	0	9	13321
HS	1003	0	10	13331
HS	1002	0	4	13335
HS	1001	0	5	13340
HS	1000	0	8	13348
HS	999	0	7	13355
HS	998	0	8	13363
HS	997	0	3	13366
HS	996	0	7	13373
HS	995	0	7	13380
HS	994	0	3	13383
HS	993	0	5	13388
HS	992	0	3	13391
HS	991	0	5	13396
HS	990	0	4	13400
HS	989	0	1	13401
HS	988	0	7	13408
HS	987	0	4	13412
HS	986	0	3	13415
HS	985	0	6	13421
HS	984	0	3	13424
HS	983	0	7	13431
HS	982	0	5	13436
HS	981	0	1	13437
HS	980	0	3	13440
HS	979	0	5	13445
HS	978	0	8	13453
HS	977	0	13	13466
HS	976	0	5	13471
HS	975	0	8	13479
HS	974	0	5	13484
HS	973	0	2	13486
HS	972	0	9	13495
HS	971	0	7	13502
HS	970	0	5	13507
HS	969	0	6	13513
HS	968	0	2	13515
HS	967	0	8	13523
HS	966	0	3	13526
HS	965	0	5	13531
HS	964	0	4	13535
HS	963	0	2	13537
HS	962	0	6	13543
HS	961	0	5	13548
HS	960	0	5	13553
HS	959	0	4	13557
HS	958	0	4	13561
HS	957	0	2	13563
HS	956	0	7	13570
HS	955	0	3	13573
HS	954	0	4	13577
HS	953	0	6	13583
HS	952	0	7	13590
HS	951	0	5	13595
HS	950	0	5	13600
HS	949	0	3	13603
HS	948	0	15	13618
HS	947	0	6	13624
HS	946	0	10	13634
HS	945	0	7	13641
HS	944	0	7	13648
HS	943	0	3	13651
HS	942	0	4	13655
HS	941	0	5	13660
HS	940	0	4	13664
HS	939	0	6	13670
HS	938	0	7	13677
HS	937	0	8	13685
HS	936	0	8	13693
HS	935	0	8	13701
HS	934	0	11	13712
HS	933	0	3	13715
HS	932	0	4	13719
HS	931	0	7	13726
HS	930	0	10	13736
HS	929	0	8	13744
HS	928	0	5	13749
HS	927	0	3	13752
HS	926	0	3	13755
HS	925	0	3	13758
HS	924	0	3	13761
HS	923	0	2	13763
HS	922	0	6	13769
HS	921	0	2	13771
HS	920	0	2	13773
HS	919	0	7	13780
HS	918	0	5	13785
HS	917	0	6	13791
HS	916	0	5	13796
HS	915	0	3	13799
HS	914	0	3	13802
HS	913	0	5	13807
HS	912	0	5	13812
HS	911	0	5	13817
HS	910	0	6	13823
HS	909	0	5	13828
HS	908	0	3	13831
HS	907	0	4	13835
HS	906	0	5	13840
HS	905	0	5	13845
HS	904	0	8	13853
HS	903	0	7	13860
HS	902	0	7	13867
HS	901	0	7	13874
HS	900	0	8	13882
HS	899	0	5	13887
HS	898	0	3	13890
HS	897	0	5	13895
HS	896	0	5	13900
HS	895	0	5	13905
HS	894	0	4	13909
HS	893	0	7	13916
HS	892	0	7	13923
HS	891	0	6	13929
HS	890	0	3	13932
HS	889	0	3	13935
HS	888	0	6	13941
HS	887	0	6	13947
HS	886	0	5	13952
HS	885	0	4	13956
HS	884	0	2	13958
HS	883	0	9	13967
HS	882	0	6	13973
HS	881	0	2	13975
HS	880	0	5	13980
HS	879	0	6	13986
HS	878	0	6	13992
HS	877	0	5	13997
HS	876	0	11	14008
HS	875	0	5	14013
HS	874	0	8	14021
HS	873	0	10	14031
HS	872	0	4	14035
HS	871	0	8	14043
HS	870	0	6	14049
HS	869	0	10	14059
HS	868	0	5	14064
HS	867	0	8	14072
HS	866	0	4	14076
HS	865	0	6	14082
HS	864	0	2	14084
HS	863	0	4	14088
HS	862	0	9	14097
HS	861	0	5	14102
HS	860	0	7	14109
HS	859	0	13	14122
HS	858	0	13	14135
HS	857	0	7	14142
HS	856	0	4	14146
HS	855	0	12	14158
HS	854	0	8	14166
HS	853	0	11	14177
HS	852	0	9	14186
HS	851	0	7	14193
HS	850	0	18	14211
HS	849	0	5	14216
HS	848	0	12	14228
HS	847	0	10	14238
HS	846	0	7	14245
HS	845	0	5	14250
HS	844	0	8	14258
HS	843	0	9	14267
HS	842	0	6	14273
HS	841	0	8	14281
HS	840	0	8	14289
HS	839	0	15	14304
HS	838	0	11	14315
HS	837	0	13	14328
HS	836	0	11	14339
HS	835	0	19	14358
HS	834	0	7	14365
HS	833	0	12	14377
HS	832	0	15	14392
HS	831	0	13	14405
HS	830	0	9	14414
HS	829	0	10	14424
HS	828	0	15	14439
HS	827	0	22	14461
HS	826	0	7	14468
HS	825	0	11	14479
HS	824	0	17	14496
HS	823	0	8	14504
HS	822	0	13	14517
HS	821	0	13	14530
HS	820	0	14	14544
HS	819	0	10	14554
HS	818	0	10	14564
HS	817	0	9	14573
HS	816	0	9	14582
HS	815	0	12	14594
HS	814	0	9	14603
HS	813	0	7	14610
HS	812	0	12	14622
HS	811	0	10	14632
HS	810	0	6	14638
HS	809	0	8	14646
HS	808	0	4	14650
HS	807	0	6	14656
HS	806	0	6	14662
HS	805	0	11	14673
HS	804	0	8	14681
HS	803	0	9	14690
HS	802	0	14	14704
HS	801	0	14	14718
HS	800	0	13	14731
HS	799	0	14	14745
HS	798	0	10	14755
HS	797	0	15	14770
HS	796	0	13	14783
HS	795	0	10	14793
HS	794	0	11	14804
HS	793	0	21	14825
HS	792	0	11	14836
HS	791	0	12	14848
HS	790	0	8	14856
HS	789	0	10	14866
HS	788	0	11	14877
HS	787	0	15	14892
HS	786	0	13	14905
HS	785	0	14	14919
HS	784	0	15	14934
HS	783	0	13	14947
HS	782	0	17	14964
HS	781	0	12	14976
HS	780	0	14	14990
HS	779	0	12	15002
HS	778	0	15	15017
HS	777	0	21	15038
HS	776	0	14	15052
HS	775	0	13	15065
HS	774	0	13	15078
HS	773	0	16	15094
HS	772	0	16	15110
HS	771	0	21	15131
HS	770	0	15	15146
HS	769	0	14	15160
HS	768	0	16	15176
HS	767	0	14	15190
HS	766	0	16	15206
HS	765	0	20	15226
HS	764	0	14	15240
HS	763	0	11	15251
HS	762	0	14	15265
HS	761	0	18	15283
HS	760	0	6	15289
HS	759	0	15	15304
HS	758	0	19	15323
HS	757	0	15	15338
HS	756	0	15	15353
HS	755	0	16	15369
HS	754	0	12	15381
HS	753	0	12	15393
HS	752	0	12	15405
HS	751	0	21	15426
HS	750	0	10	15436
HS	749	0	18	15454
HS	748	0	8	15462
HS	747	0	15	15477
HS	746	0	18	15495
HS	745	0	15	15510
HS	744	0	13	15523
HS	743	0	16	15539
HS	742	0	12	15551
HS	741	0	4	15555
HS	740	0	16	15571
HS	739	0	15	15586
HS	738	0	11	15597
HS	737	0	10	15607
HS	736	0	9	15616
HS	735	0	13	15629
HS	734	0	11	15640
HS	733	0	14	15654
HS	732	0	11	15665
HS	731	0	13	15678
HS	730	0	9	15687
HS	729	0	10	15697
HS	728	0	13	15710
HS	727	0	17	15727
HS	726	0	18	15745
HS	725	0	10	15755
HS	724	0	15	15770
HS	723	0	12	15782
HS	722	0	16	15798
HS	721	0	11	15809
HS	720	0	13	15822
HS	719	0	13	15835
HS	718	0	11	15846
HS	717	0	16	15862
HS	716	0	13	15875
HS	715	0	9	15884
HS	714	0	11	15895
HS	713	0	8	15903
HS	712	0	16	15919
HS	711	0	16	15935
HS	710	0	14	15949
HS	709	0	11	15960
HS	708	0	20	15980
HS	707	0	17	15997
HS	706	0	12	16009
HS	705	0	16	16025
HS	704	0	8	16033
HS	703	0	9	16042
HS	702	0	13	16055
HS	701	0	9	16064
HS	700	0	10	16074
HS	699	0	11	16085
HS	698	0	6	16091
HS	697	0	10	16101
HS	696	0	7	16108
HS	695	0	9	16117
HS	694	0	13	16130
HS	693	0	16	16146
HS	692	0	5	16151
HS	691	0	5	16156
HS	690	0	6	16162
HS	689	0	11	16173
HS	688	0	10	16183
HS	687	0	9	16192
HS	686	0	14	16206
HS	685	0	19	16225
HS	684	0	7	16232
HS	683	0	7	16239
HS	682	0	7	16246
HS	681	0	12	16258
HS	680	0	8	16266
HS	679	0	8	16274
HS	678	0	8	16282
HS	677	0	12	16294
HS	676	0	6	16300
HS	675	0	7	16307
HS	674	0	9	16316
HS	673	0	12	16328
HS	672	0	7	16335
HS	671	0	8	16343
HS	670	0	7	16350
HS	669	0	11	16361
HS	668	0	14	16375
HS	667	0	16	16391
HS	666	0	10	16401
HS	665	0	11	16412
HS	664	0	8	16420
HS	663	0	9	16429
HS	662	0	9	16438
HS	661	0	1	16439
HS	660	0	10	16449
HS	659	0	10	16459
HS	658	0	10	16469
HS	657	0	12	16481
HS	656	0	7	16488
HS	655	0	11	16499
HS	654	0	7	16506
HS	653	0	5	16511
HS	652	0	5	16516
HS	651	0	9	16525
HS	650	0	8	16533
HS	649	0	7	16540
HS	648	0	6	16546
HS	647	0	13	16559
HS	646	0	11	16570
HS	645	0	8	16578
HS	644	0	10	16588
HS	643	0	6	16594
HS	642	0	10	16604
HS	641	0	3	16607
HS	640	0	11	16618
HS	639	0	11	16629
HS	638	0	10	16639
HS	637	0	6	16645
HS	636	0	8	16653
HS	635	0	6	16659
HS	634	0	9	16668
HS	633	0	10	16678
HS	632	0	10	16688
HS	631	0	12	16700
HS	630	0	11	16711
HS	629	0	15	16726
HS	628	0	9	16735
HS	627	0	11	16746
HS	626	0	8	16754
HS	625	0	10	16764
HS	624	0	13	16777
HS	623	0	8	16785
HS	622	0	12	16797
HS	621	0	6	16803
HS	620	0	8	16811
HS	619	0	19	16830
HS	618	0	9	16839
HS	617	0	16	16855
HS	616	0	13	16868
HS	615	0	19	16887
HS	614	0	16	16903
HS	613	0	4	16907
HS	612	0	13	16920
HS	611	0	18	16938
HS	610	0	9	16947
HS	609	0	10	16957
HS	608	0	16	16973
HS	607	0	11	16984
HS	606	0	18	17002
HS	605	0	16	17018
HS	604	0	18	17036
HS	603	0	9	17045
HS	602	0	8	17053
HS	601	0	16	17069
HS	600	0	9	17078
HS	599	0	14	17092
HS	598	0	9	17101
HS	597	0	4	17105
HS	596	0	7	17112
HS	595	0	7	17119
HS	594	0	5	17124
HS	593	0	8	17132
HS	592	0	11	17143
HS	591	0	8	17151
HS	590	0	12	17163
HS	589	0	13	17176
HS	588	0	2	17178
HS	587	0	12	17190
HS	586	0	10	17200
HS	585	0	2	17202
HS	584	0	11	17213
HS	583	0	5	17218
HS	582	0	5	17223
HS	581	0	14	17237
HS	580	0	12	17249
HS	579	0	4	17253
HS	578	0	7	17260
HS	577	0	12	17272
HS	576	0	10	17282
HS	575	0	13	17295
HS	574	0	10	17305
HS	573	0	8	17313
HS	572	0	9	17322
HS	571	0	10	17332
HS	570	0	10	17342
HS	569	0	10	17352
HS	568	0	11	17363
HS	567	0	15	17378
HS	566	0	11	17389
HS	565	0	8	17397
HS	564	0	18	17415
HS	563	0	9	17424
HS	562	0	13	17437
HS	561	0	11	17448
HS	560	0	5	17453
HS	559	0	6	17459
HS	558	0	2	17461
HS	557	0	14	17475
HS	556	0	11	17486
HS	555	0	18	17504
HS	554	0	16	17520
HS	553	0	12	17532
HS	552	0	9	17541
HS	551	0	8	17549
HS	550	0	10	17559
HS	549	0	14	17573
HS	548	0	19	17592
HS	547	0	12	17604
HS	546	0	14	17618
HS	545	0	12	17630
HS	544	0	11	17641
HS	543	0	13	17654
HS	542	0	15	17669
HS	541	0	21	17690
HS	540	0	10	17700
HS	539	0	18	17718
HS	538	0	10	17728
HS	537	0	11	17739
HS	536	0	10	17749
HS	535	0	11	17760
HS	534	0	12	17772
HS	533	0	13	17785
HS	532	0	13	17798
HS	531	0	23	17821
HS	530	0	14	17835
HS	529	0	19	17854
HS	528	0	18	17872
HS	527	0	10	17882
HS	526	0	16	17898
HS	525	0	20	17918
HS	524	0	12	17930
HS	523	0	16	17946
HS	522	0	20	17966
HS	521	0	22	17988
HS	520	0	13	18001
HS	519	0	15	18016
HS	518	0	27	18043
HS	517	0	21	18064
HS	516	0	21	18085
HS	515	0	28	18113
HS	514	0	18	18131
HS	513	0	19	18150
HS	512	0	23	18173
HS	511	0	25	18198
HS	510	0	25	18223
HS	509	0	22	18245
HS	508	0	21	18266
HS	507	0	21	18287
HS	506	0	21	18308
HS	505	0	24	18332
HS	504	0	23	18355
HS	503	0	21	18376
HS	502	0	33	18409
HS	501	0	22	18431
HS	500	0	28	18459
HS	499	0	32	18491
HS	498	0	27	18518
HS	497	0	29	18547
HS	496	0	26	18573
HS	495	0	24	18597
HS	494	0	30	18627
HS	493	0	31	18658
HS	492	0	24	18682
HS	491	0	33	18715
HS	490	0	29	18744
HS	489	0	28	18772
HS	488	0	23	18795
HS	487	0	24	18819
HS	486	0	29	18848
HS	485	0	35	18883
HS	484	0	34	18917
HS	483	0	35	18952
HS	482	0	45	18997
HS	481	0	32	19029
HS	480	0	35	19064
HS	479	0	40	19104
HS	478	0	37	19141
HS	477	0	47	19188
HS	476	0	42	19230
HS	475	0	56	19286
HS	474	0	45	19331
HS	473	0	51	19382
HS	472	0	52	19434
HS	471	0	57	19491
HS	470	0	45	19536
HS	469	0	35	19571
HS	468	0	51	19622
HS	467	0	54	19676
HS	466	0	49	19725
HS	465	0	61	19786
HS	464	0	53	19839
HS	463	0	73	19912
HS	462	0	65	19977
HS	461	0	53	20030
HS	460	0	63	20093
HS	459	0	58	20151
HS	458	0	63	20214
HS	457	0	63	20277
HS	456	0	57	20334
HS	455	0	68	20402
HS	454	0	65	20467
HS	453	0	59	20526
HS	452	0	61	20587
HS	451	0	65	20652
HS	450	0	71	20723
HS	449	0	63	20786
HS	448	0	75	20861
HS	447	0	64	20925
HS	446	0	57	20982
HS	445	0	86	21068
HS	444	0	66	21134
HS	443	0	63	21197
HS	442	0	76	21273
HS	441	0	79	21352
HS	440	0	100	21452
HS	439	0	78	21530
HS	438	0	57	21587
HS	437	0	80	21667
HS	436	0	76	21743
HS	435	0	79	21822
HS	434	0	76	21898
HS	433	0	95	21993
HS	432	0	86	22079
HS	431	0	60	22139
HS	430	0	72	22211
HS	429	0	67	22278
HS	428	0	72	22350
HS	427	0	87	22437
HS	426	0	76	22513
HS	425	0	70	22583
HS	424	0	76	22659
HS	423	0	93	22752
HS	422	0	81	22833
HS	421	0	83	22916
HS	420	0	92	23008
HS	419	0	89	23097
HS	418	0	93	23190
HS	417	0	111	23301
HS	416	0	113	23414
HS	415	0	108	23522
HS	414	0	121	23643
HS	413	0	91	23734
HS	412	0	93	23827
HS	411	0	128	23955
HS	410	0	136	24091
HS	409	0	135	24226
HS	408	0	149	24375
HS	407	0	144	24519
HS	406	0	135	24654
HS	405	0	152	24806
HS	404	0	158	24964
HS	403	0	166	25130
HS	402	0	159	25289
HS	401	0	169	25458
HS	400	0	167	25625
HS	399	0	198	25823
HS	398	0	195	26018
HS	397	0	221	26239
HS	396	0	216	26455
HS	395	0	177	26632
HS	394	0	207	26839
HS	393	0	220	27059
HS	392	0	218	27277
HS	391	0	235	27512
HS	390	0	218	27730
HS	389	0	257	27987
HS	388	0	268	28255
HS	387	0	264	28519
HS	386	0	235	28754
HS	385	0	262	29016
HS	384	0	255	29271
HS	383	0	267	29538
HS	382	0	236	29774
HS	381	0	262	30036
HS	380	0	274	30310
HS	379	0	271	30581
HS	378	0	277	30858
HS	377	0	288	31146
HS	376	0	309	31455
HS	375	0	303	31758
HS	374	0	303	32061
HS	373	0	345	32406
HS	372	0	299	32705
HS	371	0	314	33019
HS	370	0	389	33408
HS	369	0	304	33712
HS	368	0	356	34068
HS	367	0	380	34448
HS	366	0	344	34792
HS	365	0	375	35167
HS	364	0	420	35587
HS	363	0	400	35987
HS	362	0	402	36389
HS	361	0	462	36851
HS	360	0	458	37309
HS	359	0	444	37753
HS	358	0	438	38191
HS	357	0	442	38633
HS	356	0	440	39073
HS	355	0	437	39510
HS	354	0	453	39963
HS	353	0	454	40417
HS	352	0	481	40898
HS	351	0	506	41404
HS	350	0	547	41951
HS	349	0	624	42575
HS	348	0	584	43159
HS	347	0	600	43759
HS	346	0	618	44377
HS	345	0	626	45003
HS	344	0	587	45590
HS	343	0	657	46247
HS	342	0	630	46877
HS	341	0	641	47518
HS	340	0	627	48145
HS	339	0	632	48777
HS	338	0	696	49473
HS	337	0	686	50159
HS	336	0	671	50830
HS	335	0	644	51474
HS	334	0	720	52194
HS	333	0	690	52884
HS	332	0	708	53592
HS	331	0	699	54291
HS	330	0	752	55043
HS	329	0	715	55758
HS	328	0	778	56536
HS	327	0	802	57338
HS	326	0	799	58137
HS	325	0	898	59035
HS	324	0	918	59953
HS	323	0	892	60845
HS	322	0	943	61788
HS	321	0	992	62780
HS	320	0	1009	63789
HS	319	0	1024	64813
HS	318	0	1096	65909
HS	317	0	1036	66945
HS	316	0	1116	68061
HS	315	0	1130	69191
HS	314	0	1111	70302
HS	313	0	1194	71496
HS	312	0	1129	72625
HS	311	0	1267	73892
HS	310	0	1186	75078
HS	309	0	1297	76375
HS	308	0	1297	77672
HS	307	0	1291	78963
HS	306	0	1337	80300
HS	305	0	1401	81701
HS	304	0	1358	83059
HS	303	0	1422	84481
HS	302	0	1499	85980
HS	301	0	1446	87426
HS	300	0	1493	88919
HS	299	0	1569	90488
HS	298	0	1506	91994
HS	297	0	1670	93664
HS	296	0	1675	95339
HS	295	0	1695	97034
HS	294	0	1786	98820
HS	293	0	1788	100608
HS	292	0	1856	102464
HS	291	0	1861	104325
HS	290	0	1973	106298
HS	289	0	2051	108349
HS	288	0	2264	110613
HS	287	0	2218	112831
HS	286	0	2340	115171
HS	285	0	2429	117600
HS	284	0	2468	120068
HS	283	0	2603	122671
HS	282	0	2507	125178
HS	281	0	2559	127737
HS	280	0	2702	130439
HS	279	0	2821	133260
HS	278	0	2746	136006
HS	277	0	2901	138907
HS	276	0	2987	141894
HS	275	0	3143	145037
HS	274	0	3265	148302
HS	273	0	3297	151599
HS	272	0	3534	155133
HS	271	0	3621	158754
HS	270	0	3766	162520
HS	269	0	4038	166558
HS	268	0	4126	170684
HS	267	0	4227	174911
HS	266	0	4502	179413
HS	265	0	4636	184049
HS	264	0	4745	188794
HS	263	0	5035	193829
HS	262	0	5257	199086
HS	261	0	5389	204475
HS	260	0	5639	210114
HS	259	0	5755	215869
HS	258	0	6169	222038
HS	257	0	6294	228332
HS	256	0	6333	234665
HS	255	0	6692	241357
HS	254	0	6840	248197
HS	253	0	7266	255463
HS	252	0	7427	262890
HS	251	0	7609	270499
HS	250	0	8150	278649
HS	249	0	8256	286905
HS	248	0	8589	295494
HS	247	0	8774	304268
HS	246	0	9060	313328
HS	245	0	9326	322654
HS	244	0	9871	332525
HS	243	0	10022	342547
HS	242	0	10333	352880
HS	241	0	10852	363732
HS	240	0	11230	374962
HS	239	0	11625	386587
HS	238	0	11966	398553
HS	237	0	12226	410779
HS	236	0	12539	423318
HS	235	0	12907	436225
HS	234	0	13276	449501
HS	233	0	13718	463219
HS	232	0	14141	477360
HS	231	0	14494	491854
HS	230	0	15271	507125
HS	229	0	15292	522417
HS	228	0	15954	538371
HS	227	0	16705	555076
HS	226	0	17071	572147
HS	225	0	17642	589789
HS	224	0	18179	607968
HS	223	0	18535	626503
HS	222	0	19206	645709
HS	221	0	19790	665499
HS	220	0	20590	686089
HS	219	0	20851	706940
HS	218	0	21509	728449
HS	217	0	22057	750506
HS	216	0	22645	773151
HS	215	0	23706	796857
HS	214	0	24167	821024
HS	213	0	24628	845652
HS	212	0	25697	871349
HS	211	0	26173	897522
HS	210	0	26799	924321
HS	209	0	27699	952020
HS	208	0	27962	979982
HS	207	0	28943	1008925
HS	206	0	29282	1038207
HS	205	0	30465	1068672
HS	204	0	30973	1099645
HS	203	0	31310	1130955
HS	202	0	32268	1163223
HS	201	0	32714	1195937
HS	200	0	33216	1229153
HS	199	0	33764	1262917
HS	198	0	34313	1297230
HS	197	0	34929	1332159
HS	196	0	35767	1367926
HS	195	0	36711	1404637
HS	194	0	37389	1442026
HS	193	0	38559	1480585
HS	192	0	38905	1519490
HS	191	0	39490	1558980
HS	190	0	40324	1599304
HS	189	0	40675	1639979
HS	188	0	41202	1681181
HS	187	0	41562	1722743
HS	186	0	42712	1765455
HS	185	0	42849	1808304
HS	184	0	43524	1851828
HS	183	0	43343	1895171
HS	182	0	43916	1939087
HS	181	0	44032	1983119
HS	180	0	44716	2027835
HS	179	0	45042	2072877
HS	178	0	45441	2118318
HS	177	0	46022	2164340
HS	176	0	46204	2210544
HS	175	0	46556	2257100
HS	174	0	46319	2303419
HS	173	0	46594	2350013
HS	172	0	46708	2396721
HS	171	0	47367	2444088
HS	170	0	47474	2491562
HS	169	0	47877	2539439
HS	168	0	47437	2586876
HS	167	0	47768	2634644
HS	166	0	47566	2682210
HS	165	0	47985	2730195
HS	164	0	47830	2778025
HS	163	0	47588	2825613
HS	162	0	47887	2873500
HS	161	0	47339	2920839
HS	160	0	46850	2967689
HS	159	0	46191	3013880
HS	158	0	46016	3059896
HS	157	0	46114	3106010
HS	156	0	45325	3151335
HS	155	0	44973	3196308
HS	154	0	44244	3240552
HS	153	0	44488	3285040
HS	152	0	43091	3328131
HS	151	0	42842	3370973
HS	150	0	42394	3413367
HS	149	0	41333	3454700
HS	148	0	40872	3495572
HS	147	0	40248	3535820
HS	146	0	39723	3575543
HS	145	0	38633	3614176
HS	144	0	38023	3652199
HS	143	0	37462	3689661
HS	142	0	36482	3726143
HS	141	0	36175	3762318
HS	140	0	34944	3797262
HS	139	0	34405	3831667
HS	138	0	33838	3865505
HS	137	0	32702	3898207
HS	136	0	32293	3930500
HS	135	0	31645	3962145
HS	134	0	30461	3992606
HS	133	0	29352	4021958
HS	132	0	28136	4050094
HS	131	0	27715	4077809
HS	130	0	26344	4104153
HS	129	0	25326	4129479
HS	128	0	24589	4154068
HS	127	0	24114	4178182
HS	126	0	23167	4201349
HS	125	0	22708	4224057
HS	124	0	21806	4245863
HS	123	0	20925	4266788
HS	122	0	20255	4287043
HS	121	0	19169	4306212
HS	120	0	18593	4324805
HS	119	0	17864	4342669
HS	118	0	16652	4359321
HS	117	0	16591	4375912
HS	116	0	15388	4391300
HS	115	0	14722	4406022
HS	114	0	14237	4420259
HS	113	0	13730	4433989
HS	112	0	12634	4446623
HS	111	0	12363	4458986
HS	110	0	11680	4470666
HS	109	0	11030	4481696
HS	108	0	10826	4492522
HS	107	0	10248	4502770
HS	106	0	9636	4512406
HS	105	0	9266	4521672
HS	104	0	8670	4530342
HS	103	0	8129	4538471
HS	102	0	7724	4546195
HS	101	0	7245	4553440
HS	100	0	6880	4560320
HS	99	0	6382	4566702
HS	98	0	6162	4572864
HS	97	0	5634	4578498
HS	96	0	5360	4583858
HS	95	0	4967	4588825
HS	94	0	4803	4593628
HS	93	0	4430	4598058
HS	92	0	4125	4602183
HS	91	0	4032	4606215
HS	90	0	3782	4609997
HS	89	0	3535	4613532
HS	88	0	3453	4616985
HS	87	0	3172	4620157
HS	86	0	3019	4623176
HS	85	0	2797	4625973
HS	84	0	2607	4628580
HS	83	0	2390	4630970
HS	82	0	2276	4633246
HS	81	0	2124	4635370
HS	80	0	2082	4637452
HS	79	0	2096	4639548
HS	78	0	2001	4641549
HS	77	0	1933	4643482
HS	76	0	1709	4645191
HS	75	0	1649	4646840
HS	74	0	1540	4648380
HS	73	0	1409	4649789
HS	72	0	1369	4651158
HS	71	0	1347	4652505
HS	70	0	1252	4653757
HS	69	0	1208	4654965
HS	68	0	1205	4656170
HS	67	0	1165	4657335
HS	66	0	1072	4658407
HS	65	0	1065	4659472
HS	64	0	995	4660467
HS	63	0	991	4661458
HS	62	0	967	4662425
HS	61	0	961	4663386
HS	60	0	948	4664334
HS	59	0	1000	4665334
HS	58	0	866	4666200
HS	57	0	936	4667136
HS	56	0	959	4668095
HS	55	0	911	4669006
HS	54	0	995	4670001
HS	53	0	983	4670984
HS	52	0	1117	4672101
HS	51	0	1159	4673260
HS	50	0	1189	4674449
HS	49	0	1277	4675726
HS	48	0	1241	4676967
HS	47	0	1304	4678271
HS	46	0	1265	4679536
HS	45	0	1264	4680800
HS	44	0	1292	4682092
HS	43	0	1453	4683545
HS	42	0	1500	4685045
HS	41	0	1514	4686559
HS	40	0	1606	4688165
HS	39	0	1648	4689813
HS	38	0	1750	4691563
HS	37	0	1836	4693399
HS	36	0	2069	4695468
HS	35	0	2288	4697756
HS	34	0	2628	4700384
HS	33	0	2830	4703214
HS	32	0	3074	4706288
HS	31	0	3374	4709662
HS	30	0	3793	4713455
HS	29	0	4402	4717857
HS	28	0	4505	4722362
HS	27	0	4978	4727340
HS	26	0	5832	4733172
HS	25	0	6299	4739471
HS	24	0	7218	4746689
HS	23	0	8062	4754751
HS	22	0	9036	4763787
HS	21	0	10113	4773900
HS	20	0	11172	4785072
HS	19	0	13205	4798277
HS	18	0	14979	4813256
HS	17	0	16819	4830075
HS	16	0	19711	4849786
HS	15	0	22944	4872730
HS	14	0	25841	4898571
HS	13	0	29628	4928199
HS	12	0	33152	4961351
HS	11	0	39319	5000670
HS	10	0	44190	5044860
HS	9	0	52199	5097059
HS	8	0	62087	5159146
HS	7	0	78211	5237357
HS	6	0	107598	5344955
HS	5	0	169744	5514699
HS	4	0	346950	5861649
HS	3	0	1011502	6873151
HS	2	0	6873841	13746992
HS	1	0	0	13746992
HS	0	0	0	13746992
