CC	CT  kmer_occurrence    short_read_kmer_count  raw_input_kmer_count  adjusted_input_kmer_count
CC	FR  fpr_lower_bound    fpr_upper_bound
CC	ER  total_input_kmers  adjusted_error_kmers
CC	CV  coverage
CC	QV  raw_quality_value  adjusted_quality_value
CC
SQ	CP126081.1	3892007	3891977	3891977	99.00
CT	1023	8297	65973	65973.000
CT	1022	6	29	29.000
CT	1021	5	23	23.000
CT	1020	1	5	5.000
CT	1019	3	6	6.000
CT	1018	5	23	23.000
CT	1017	7	21	21.000
CT	1016	6	38	38.000
CT	1015	6	31	31.000
CT	1014	4	20	20.000
CT	1013	5	18	18.000
CT	1012	4	18	18.000
CT	1011	7	36	36.000
CT	1010	3	16	16.000
CT	1009	4	12	12.000
CT	1008	4	21	21.000
CT	1007	8	33	33.000
CT	1006	4	22	22.000
CT	1005	3	13	13.000
CT	1004	2	11	11.000
CT	1003	6	27	27.000
CT	1002	3	8	8.000
CT	1001	1	3	3.000
CT	1000	4	16	16.000
CT	999	6	23	23.000
CT	998	9	49	49.000
CT	997	5	26	26.000
CT	996	5	26	26.000
CT	995	8	34	34.000
CT	994	7	37	37.000
CT	993	1	6	6.000
CT	992	1	4	4.000
CT	991	2	11	11.000
CT	990	3	9	9.000
CT	989	7	37	37.000
CT	988	6	30	30.000
CT	987	7	28	28.000
CT	986	4	21	21.000
CT	985	8	30	30.000
CT	984	6	26	26.000
CT	983	5	28	28.000
CT	982	4	24	24.000
CT	981	6	26	26.000
CT	980	6	20	20.000
CT	979	9	35	35.000
CT	978	10	39	39.000
CT	977	6	16	16.000
CT	976	9	41	41.000
CT	975	3	15	15.000
CT	974	6	19	19.000
CT	973	6	22	22.000
CT	972	4	13	13.000
CT	971	5	18	18.000
CT	970	7	29	29.000
CT	969	3	19	19.000
CT	968	6	25	25.000
CT	967	11	54	54.000
CT	966	6	29	29.000
CT	965	1	3	3.000
CT	964	6	19	19.000
CT	963	3	9	9.000
CT	962	1	8	8.000
CT	961	7	27	27.000
CT	960	3	9	9.000
CT	959	10	39	39.000
CT	958	8	31	31.000
CT	957	4	15	15.000
CT	956	4	22	22.000
CT	955	4	13	13.000
CT	954	0	0	0.000
CT	953	2	7	7.000
CT	952	4	12	12.000
CT	951	1	5	5.000
CT	950	6	20	20.000
CT	949	7	24	24.000
CT	948	5	19	19.000
CT	947	6	16	16.000
CT	946	5	20	20.000
CT	945	6	22	22.000
CT	944	3	9	9.000
CT	943	5	16	16.000
CT	942	5	17	17.000
CT	941	4	11	11.000
CT	940	1	3	3.000
CT	939	7	23	23.000
CT	938	1	3	3.000
CT	937	4	11	11.000
CT	936	4	15	15.000
CT	935	4	12	12.000
CT	934	7	25	25.000
CT	933	3	8	8.000
CT	932	5	17	17.000
CT	931	3	7	7.000
CT	930	3	8	8.000
CT	929	5	17	17.000
CT	928	3	10	10.000
CT	927	2	4	4.000
CT	926	3	10	10.000
CT	925	1	5	5.000
CT	924	1	2	2.000
CT	923	1	8	8.000
CT	922	2	7	7.000
CT	921	9	38	38.000
CT	920	0	0	0.000
CT	919	6	29	29.000
CT	918	8	31	31.000
CT	917	5	19	19.000
CT	916	7	30	30.000
CT	915	3	14	14.000
CT	914	6	32	32.000
CT	913	5	16	16.000
CT	912	4	19	19.000
CT	911	2	5	5.000
CT	910	5	25	25.000
CT	909	5	10	10.000
CT	908	3	6	6.000
CT	907	8	26	26.000
CT	906	3	10	10.000
CT	905	8	36	36.000
CT	904	3	13	13.000
CT	903	4	18	18.000
CT	902	3	12	12.000
CT	901	7	29	29.000
CT	900	3	12	12.000
CT	899	5	25	25.000
CT	898	2	2	2.000
CT	897	4	20	20.000
CT	896	7	26	26.000
CT	895	4	16	16.000
CT	894	2	7	7.000
CT	893	6	30	30.000
CT	892	3	8	8.000
CT	891	7	29	29.000
CT	890	5	16	16.000
CT	889	0	0	0.000
CT	888	4	14	14.000
CT	887	7	24	24.000
CT	886	1	4	4.000
CT	885	5	16	16.000
CT	884	4	10	10.000
CT	883	7	18	18.000
CT	882	8	25	25.000
CT	881	8	40	40.000
CT	880	13	47	47.000
CT	879	7	21	21.000
CT	878	14	53	53.000
CT	877	5	20	20.000
CT	876	8	21	21.000
CT	875	3	12	12.000
CT	874	7	28	28.000
CT	873	5	19	19.000
CT	872	7	27	27.000
CT	871	3	8	8.000
CT	870	14	33	33.000
CT	869	8	23	23.000
CT	868	4	6	6.000
CT	867	3	2	2.000
CT	866	5	17	17.000
CT	865	13	31	31.000
CT	864	6	19	19.000
CT	863	12	26	26.000
CT	862	13	34	34.000
CT	861	10	28	28.000
CT	860	11	32	32.000
CT	859	7	29	29.000
CT	858	11	20	20.000
CT	857	17	42	42.000
CT	856	12	32	32.000
CT	855	9	27	27.000
CT	854	18	56	56.000
CT	853	12	41	41.000
CT	852	11	40	40.000
CT	851	18	47	47.000
CT	850	18	49	49.000
CT	849	9	19	19.000
CT	848	13	33	33.000
CT	847	7	17	17.000
CT	846	11	27	27.000
CT	845	9	9	9.000
CT	844	6	17	17.000
CT	843	7	15	15.000
CT	842	6	10	10.000
CT	841	11	45	45.000
CT	840	11	21	21.000
CT	839	7	21	21.000
CT	838	8	28	28.000
CT	837	8	13	13.000
CT	836	7	18	18.000
CT	835	12	38	38.000
CT	834	13	29	29.000
CT	833	4	8	8.000
CT	832	10	29	29.000
CT	831	8	10	10.000
CT	830	8	21	21.000
CT	829	4	7	7.000
CT	828	12	14	14.000
CT	827	10	18	18.000
CT	826	15	31	31.000
CT	825	6	8	8.000
CT	824	10	21	21.000
CT	823	18	37	37.000
CT	822	13	30	30.000
CT	821	10	21	21.000
CT	820	8	19	19.000
CT	819	10	16	16.000
CT	818	12	25	25.000
CT	817	8	13	13.000
CT	816	15	27	27.000
CT	815	21	43	43.000
CT	814	15	37	37.000
CT	813	10	18	18.000
CT	812	17	34	34.000
CT	811	14	25	25.000
CT	810	28	47	47.000
CT	809	16	21	21.000
CT	808	26	73	73.000
CT	807	10	24	24.000
CT	806	15	23	23.000
CT	805	10	17	17.000
CT	804	16	28	28.000
CT	803	16	30	30.000
CT	802	25	37	37.000
CT	801	18	37	37.000
CT	800	24	47	47.000
CT	799	20	23	23.000
CT	798	22	34	34.000
CT	797	17	32	32.000
CT	796	25	38	38.000
CT	795	23	41	41.000
CT	794	17	26	26.000
CT	793	20	30	30.000
CT	792	28	39	39.000
CT	791	25	38	38.000
CT	790	19	27	27.000
CT	789	28	40	40.000
CT	788	18	29	29.000
CT	787	26	46	46.000
CT	786	31	46	46.000
CT	785	30	43	43.000
CT	784	18	27	27.000
CT	783	19	26	26.000
CT	782	27	43	43.000
CT	781	25	33	33.000
CT	780	33	49	49.000
CT	779	31	40	40.000
CT	778	34	50	50.000
CT	777	31	40	40.000
CT	776	31	48	48.000
CT	775	29	38	38.000
CT	774	31	49	49.000
CT	773	38	71	71.000
CT	772	34	52	52.000
CT	771	42	60	60.000
CT	770	28	50	50.000
CT	769	28	35	35.000
CT	768	46	73	73.000
CT	767	37	62	62.000
CT	766	41	63	63.000
CT	765	36	57	57.000
CT	764	35	65	65.000
CT	763	65	86	86.000
CT	762	41	69	69.000
CT	761	51	70	70.000
CT	760	40	54	54.000
CT	759	49	73	73.000
CT	758	38	54	54.000
CT	757	43	65	65.000
CT	756	63	85	85.000
CT	755	40	60	60.000
CT	754	55	79	79.000
CT	753	50	63	63.000
CT	752	54	75	75.000
CT	751	38	52	52.000
CT	750	45	55	55.000
CT	749	50	72	72.000
CT	748	60	78	78.000
CT	747	48	65	65.000
CT	746	42	58	58.000
CT	745	45	63	63.000
CT	744	63	90	90.000
CT	743	52	75	75.000
CT	742	61	74	74.000
CT	741	52	65	65.000
CT	740	46	57	57.000
CT	739	54	77	77.000
CT	738	58	82	82.000
CT	737	51	69	69.000
CT	736	44	61	61.000
CT	735	60	77	77.000
CT	734	47	64	64.000
CT	733	65	84	84.000
CT	732	54	70	70.000
CT	731	50	67	67.000
CT	730	73	101	101.000
CT	729	53	79	79.000
CT	728	64	90	90.000
CT	727	54	73	73.000
CT	726	74	96	96.000
CT	725	89	118	118.000
CT	724	59	74	74.000
CT	723	64	76	76.000
CT	722	99	123	123.000
CT	721	87	104	104.000
CT	720	104	122	122.000
CT	719	80	96	96.000
CT	718	83	103	103.000
CT	717	101	126	126.000
CT	716	101	120	120.000
CT	715	116	130	130.000
CT	714	118	147	147.000
CT	713	98	124	124.000
CT	712	107	136	136.000
CT	711	120	145	145.000
CT	710	112	136	136.000
CT	709	115	136	136.000
CT	708	134	171	171.000
CT	707	125	144	144.000
CT	706	122	143	143.000
CT	705	107	127	127.000
CT	704	117	143	143.000
CT	703	116	141	141.000
CT	702	122	148	148.000
CT	701	122	140	140.000
CT	700	117	137	137.000
CT	699	134	156	156.000
CT	698	140	177	177.000
CT	697	104	123	123.000
CT	696	123	160	160.000
CT	695	109	130	130.000
CT	694	111	129	129.000
CT	693	136	159	159.000
CT	692	150	165	165.000
CT	691	137	152	152.000
CT	690	125	150	150.000
CT	689	157	177	177.000
CT	688	146	169	169.000
CT	687	146	170	170.000
CT	686	160	178	178.000
CT	685	171	200	200.000
CT	684	156	176	176.000
CT	683	173	196	196.000
CT	682	151	170	170.000
CT	681	164	181	181.000
CT	680	147	173	173.000
CT	679	194	223	223.000
CT	678	167	177	177.000
CT	677	187	213	213.000
CT	676	226	250	250.000
CT	675	212	241	241.000
CT	674	194	210	210.000
CT	673	181	194	194.000
CT	672	223	267	267.000
CT	671	184	203	203.000
CT	670	205	225	225.000
CT	669	199	220	220.000
CT	668	190	206	206.000
CT	667	233	264	264.000
CT	666	204	217	217.000
CT	665	247	271	271.000
CT	664	225	251	251.000
CT	663	207	234	234.000
CT	662	245	267	267.000
CT	661	213	230	230.000
CT	660	287	312	312.000
CT	659	254	277	277.000
CT	658	229	246	246.000
CT	657	289	324	324.000
CT	656	280	306	306.000
CT	655	276	310	310.000
CT	654	249	285	285.000
CT	653	295	344	344.000
CT	652	280	317	317.000
CT	651	298	327	327.000
CT	650	296	329	329.000
CT	649	293	324	324.000
CT	648	300	348	348.000
CT	647	316	351	351.000
CT	646	296	314	314.000
CT	645	315	354	354.000
CT	644	333	358	358.000
CT	643	308	336	336.000
CT	642	306	336	336.000
CT	641	322	343	343.000
CT	640	325	343	343.000
CT	639	344	368	368.000
CT	638	311	324	324.000
CT	637	341	356	356.000
CT	636	348	360	360.000
CT	635	355	387	387.000
CT	634	379	396	396.000
CT	633	394	404	404.000
CT	632	426	436	436.000
CT	631	403	417	417.000
CT	630	416	423	423.000
CT	629	386	404	404.000
CT	628	442	457	457.000
CT	627	365	379	379.000
CT	626	446	461	461.000
CT	625	445	462	462.000
CT	624	464	473	473.000
CT	623	468	490	490.000
CT	622	455	463	463.000
CT	621	517	527	527.000
CT	620	476	489	489.000
CT	619	503	511	511.000
CT	618	500	526	526.000
CT	617	525	541	541.000
CT	616	508	518	518.000
CT	615	539	556	556.000
CT	614	543	563	563.000
CT	613	555	570	570.000
CT	612	601	621	621.000
CT	611	554	577	577.000
CT	610	593	608	608.000
CT	609	588	601	601.000
CT	608	648	664	664.000
CT	607	656	686	686.000
CT	606	649	664	664.000
CT	605	621	640	640.000
CT	604	704	718	718.000
CT	603	669	695	695.000
CT	602	683	693	693.000
CT	601	763	784	784.000
CT	600	753	773	773.000
CT	599	722	736	736.000
CT	598	716	734	734.000
CT	597	809	830	830.000
CT	596	777	783	783.000
CT	595	780	804	804.000
CT	594	793	817	817.000
CT	593	811	827	827.000
CT	592	799	816	816.000
CT	591	885	928	928.000
CT	590	853	872	872.000
CT	589	879	892	892.000
CT	588	917	947	947.000
CT	587	936	958	958.000
CT	586	893	918	918.000
CT	585	954	984	984.000
CT	584	962	981	981.000
CT	583	999	1028	1028.000
CT	582	1011	1041	1041.000
CT	581	1017	1025	1025.000
CT	580	1007	1020	1020.000
CT	579	1109	1139	1139.000
CT	578	1101	1126	1126.000
CT	577	1035	1054	1054.000
CT	576	1081	1104	1104.000
CT	575	1100	1126	1126.000
CT	574	1166	1179	1179.000
CT	573	1188	1206	1206.000
CT	572	1141	1156	1156.000
CT	571	1238	1253	1253.000
CT	570	1196	1210	1210.000
CT	569	1292	1308	1308.000
CT	568	1318	1336	1336.000
CT	567	1233	1248	1248.000
CT	566	1322	1335	1335.000
CT	565	1380	1395	1395.000
CT	564	1319	1324	1324.000
CT	563	1443	1448	1448.000
CT	562	1441	1457	1457.000
CT	561	1473	1487	1487.000
CT	560	1579	1583	1583.000
CT	559	1538	1545	1545.000
CT	558	1606	1618	1618.000
CT	557	1539	1564	1564.000
CT	556	1573	1579	1579.000
CT	555	1559	1563	1563.000
CT	554	1605	1618	1618.000
CT	553	1652	1675	1675.000
CT	552	1689	1708	1708.000
CT	551	1680	1699	1699.000
CT	550	1698	1717	1717.000
CT	549	1760	1777	1777.000
CT	548	1854	1869	1869.000
CT	547	1851	1865	1865.000
CT	546	1881	1894	1894.000
CT	545	1883	1897	1897.000
CT	544	1878	1894	1894.000
CT	543	1951	1971	1971.000
CT	542	1984	2010	2010.000
CT	541	2007	2020	2020.000
CT	540	2158	2185	2185.000
CT	539	2018	2040	2040.000
CT	538	2017	2034	2034.000
CT	537	2149	2167	2167.000
CT	536	2188	2200	2200.000
CT	535	2231	2251	2251.000
CT	534	2333	2347	2347.000
CT	533	2329	2351	2351.000
CT	532	2474	2489	2489.000
CT	531	2416	2439	2439.000
CT	530	2477	2495	2495.000
CT	529	2514	2525	2525.000
CT	528	2619	2639	2639.000
CT	527	2686	2711	2711.000
CT	526	2711	2730	2730.000
CT	525	2673	2695	2695.000
CT	524	2735	2780	2780.000
CT	523	2760	2771	2771.000
CT	522	2842	2865	2865.000
CT	521	2940	2953	2953.000
CT	520	2916	2940	2940.000
CT	519	3026	3063	3063.000
CT	518	3090	3118	3118.000
CT	517	3142	3167	3167.000
CT	516	3135	3161	3161.000
CT	515	3176	3207	3207.000
CT	514	3304	3341	3341.000
CT	513	3261	3278	3278.000
CT	512	3238	3258	3258.000
CT	511	3377	3392	3392.000
CT	510	3267	3285	3285.000
CT	509	3430	3452	3452.000
CT	508	3518	3530	3530.000
CT	507	3583	3595	3595.000
CT	506	3769	3796	3796.000
CT	505	3767	3796	3796.000
CT	504	3756	3775	3775.000
CT	503	3829	3852	3852.000
CT	502	3926	3962	3962.000
CT	501	3968	3984	3984.000
CT	500	4041	4059	4059.000
CT	499	3957	3980	3980.000
CT	498	4185	4215	4215.000
CT	497	4202	4231	4231.000
CT	496	4385	4400	4400.000
CT	495	4368	4400	4400.000
CT	494	4546	4575	4575.000
CT	493	4555	4578	4578.000
CT	492	4650	4667	4667.000
CT	491	4726	4753	4753.000
CT	490	4801	4816	4816.000
CT	489	4874	4896	4896.000
CT	488	4856	4884	4884.000
CT	487	5068	5089	5089.000
CT	486	5247	5261	5261.000
CT	485	5243	5260	5260.000
CT	484	5338	5349	5349.000
CT	483	5525	5535	5535.000
CT	482	5452	5473	5473.000
CT	481	5542	5562	5562.000
CT	480	5570	5595	5595.000
CT	479	5825	5848	5848.000
CT	478	5815	5833	5833.000
CT	477	5872	5895	5895.000
CT	476	6044	6062	6062.000
CT	475	6066	6082	6082.000
CT	474	6164	6194	6194.000
CT	473	6297	6323	6323.000
CT	472	6441	6461	6461.000
CT	471	6429	6448	6448.000
CT	470	6488	6499	6499.000
CT	469	6698	6713	6713.000
CT	468	6886	6911	6911.000
CT	467	6796	6806	6806.000
CT	466	6900	6928	6928.000
CT	465	7022	7036	7036.000
CT	464	7056	7071	7071.000
CT	463	7245	7260	7260.000
CT	462	7330	7358	7358.000
CT	461	7467	7480	7480.000
CT	460	7452	7462	7462.000
CT	459	7512	7524	7524.000
CT	458	7689	7696	7696.000
CT	457	7834	7841	7841.000
CT	456	7969	7985	7985.000
CT	455	8020	8036	8036.000
CT	454	8104	8125	8125.000
CT	453	8139	8160	8160.000
CT	452	8500	8518	8518.000
CT	451	8448	8463	8463.000
CT	450	8553	8569	8569.000
CT	449	8570	8588	8588.000
CT	448	8605	8616	8616.000
CT	447	8884	8906	8906.000
CT	446	9032	9045	9045.000
CT	445	9059	9081	9081.000
CT	444	9097	9116	9116.000
CT	443	9529	9539	9539.000
CT	442	9528	9552	9552.000
CT	441	9712	9724	9724.000
CT	440	9743	9761	9761.000
CT	439	9755	9776	9776.000
CT	438	9892	9918	9918.000
CT	437	10184	10205	10205.000
CT	436	10099	10114	10114.000
CT	435	10342	10364	10364.000
CT	434	10393	10412	10412.000
CT	433	10528	10540	10540.000
CT	432	10603	10623	10623.000
CT	431	10549	10572	10572.000
CT	430	10841	10862	10862.000
CT	429	10882	10893	10893.000
CT	428	11002	11016	11016.000
CT	427	11114	11125	11125.000
CT	426	11275	11295	11295.000
CT	425	11325	11350	11350.000
CT	424	11608	11624	11624.000
CT	423	11642	11660	11660.000
CT	422	11825	11844	11844.000
CT	421	11898	11915	11915.000
CT	420	11847	11859	11859.000
CT	419	11887	11897	11897.000
CT	418	12499	12513	12513.000
CT	417	12393	12399	12399.000
CT	416	12442	12456	12456.000
CT	415	12323	12336	12336.000
CT	414	12683	12701	12701.000
CT	413	12954	12964	12964.000
CT	412	12877	12886	12886.000
CT	411	13049	13061	13061.000
CT	410	13385	13402	13402.000
CT	409	13384	13397	13397.000
CT	408	13318	13330	13330.000
CT	407	13241	13255	13255.000
CT	406	13674	13684	13684.000
CT	405	13864	13885	13885.000
CT	404	13843	13851	13851.000
CT	403	14274	14287	14287.000
CT	402	14144	14156	14156.000
CT	401	14278	14287	14287.000
CT	400	14401	14422	14422.000
CT	399	14378	14392	14392.000
CT	398	14877	14881	14881.000
CT	397	14580	14594	14594.000
CT	396	14841	14854	14854.000
CT	395	14839	14856	14856.000
CT	394	15038	15055	15055.000
CT	393	15185	15211	15211.000
CT	392	15365	15381	15381.000
CT	391	15263	15281	15281.000
CT	390	15455	15467	15467.000
CT	389	15765	15780	15780.000
CT	388	15497	15503	15503.000
CT	387	15684	15700	15700.000
CT	386	16014	16023	16023.000
CT	385	16137	16150	16150.000
CT	384	16107	16122	16122.000
CT	383	16370	16379	16379.000
CT	382	16389	16403	16403.000
CT	381	16365	16382	16382.000
CT	380	16320	16332	16332.000
CT	379	16376	16388	16388.000
CT	378	16540	16550	16550.000
CT	377	16751	16771	16771.000
CT	376	16851	16855	16855.000
CT	375	17049	17061	17061.000
CT	374	16984	16992	16992.000
CT	373	17059	17068	17068.000
CT	372	17358	17369	17369.000
CT	371	17341	17347	17347.000
CT	370	17433	17443	17443.000
CT	369	17570	17579	17579.000
CT	368	17451	17459	17459.000
CT	367	17533	17539	17539.000
CT	366	17917	17926	17926.000
CT	365	17917	17930	17930.000
CT	364	17748	17758	17758.000
CT	363	18001	18007	18007.000
CT	362	18080	18084	18084.000
CT	361	18070	18081	18081.000
CT	360	18163	18182	18182.000
CT	359	18443	18455	18455.000
CT	358	18627	18637	18637.000
CT	357	18596	18604	18604.000
CT	356	18481	18487	18487.000
CT	355	18360	18367	18367.000
CT	354	18699	18703	18703.000
CT	353	18611	18615	18615.000
CT	352	18473	18488	18488.000
CT	351	18356	18360	18360.000
CT	350	18702	18707	18707.000
CT	349	18670	18675	18675.000
CT	348	18665	18674	18674.000
CT	347	18686	18692	18692.000
CT	346	18584	18591	18591.000
CT	345	18534	18539	18539.000
CT	344	18368	18377	18377.000
CT	343	18412	18418	18418.000
CT	342	18385	18388	18388.000
CT	341	18739	18745	18745.000
CT	340	18816	18826	18826.000
CT	339	18594	18617	18617.000
CT	338	18655	18669	18669.000
CT	337	18586	18595	18595.000
CT	336	18554	18562	18562.000
CT	335	18410	18420	18420.000
CT	334	18428	18436	18436.000
CT	333	18717	18725	18725.000
CT	332	18646	18660	18660.000
CT	331	18260	18263	18263.000
CT	330	18453	18461	18461.000
CT	329	18603	18610	18610.000
CT	328	18393	18400	18400.000
CT	327	18197	18198	18198.000
CT	326	18506	18509	18509.000
CT	325	18145	18145	18145.000
CT	324	18210	18215	18215.000
CT	323	18438	18438	18438.000
CT	322	18219	18220	18220.000
CT	321	17944	17947	17947.000
CT	320	18144	18150	18150.000
CT	319	17999	18003	18003.000
CT	318	17917	17915	17915.000
CT	317	17893	17897	17897.000
CT	316	17910	17914	17914.000
CT	315	17867	17872	17872.000
CT	314	17880	17883	17883.000
CT	313	17617	17621	17621.000
CT	312	17684	17688	17688.000
CT	311	17177	17180	17180.000
CT	310	17113	17122	17122.000
CT	309	17110	17114	17114.000
CT	308	16826	16838	16838.000
CT	307	17057	17061	17061.000
CT	306	16913	16915	16915.000
CT	305	16359	16363	16363.000
CT	304	16512	16513	16513.000
CT	303	16518	16524	16524.000
CT	302	16172	16177	16177.000
CT	301	16446	16455	16455.000
CT	300	16077	16081	16081.000
CT	299	15933	15939	15939.000
CT	298	15936	15943	15943.000
CT	297	15702	15708	15708.000
CT	296	15640	15650	15650.000
CT	295	15398	15407	15407.000
CT	294	15258	15259	15259.000
CT	293	14973	14980	14980.000
CT	292	15217	15221	15221.000
CT	291	15153	15156	15156.000
CT	290	14854	14863	14863.000
CT	289	14945	14952	14952.000
CT	288	14554	14560	14560.000
CT	287	14569	14571	14571.000
CT	286	14264	14269	14269.000
CT	285	14362	14364	14364.000
CT	284	14086	14101	14101.000
CT	283	13933	13938	13938.000
CT	282	13689	13700	13700.000
CT	281	13522	13530	13530.000
CT	280	13696	13696	13696.000
CT	279	13440	13448	13448.000
CT	278	12985	12992	12992.000
CT	277	13131	13134	13134.000
CT	276	13011	13013	13013.000
CT	275	12784	12786	12786.000
CT	274	12592	12596	12596.000
CT	273	12357	12363	12363.000
CT	272	12101	12102	12102.000
CT	271	12034	12037	12037.000
CT	270	11769	11771	11771.000
CT	269	11779	11789	11789.000
CT	268	11652	11655	11655.000
CT	267	11508	11513	11513.000
CT	266	11334	11335	11335.000
CT	265	11140	11145	11145.000
CT	264	11009	11013	11013.000
CT	263	10811	10828	10828.000
CT	262	10684	10691	10691.000
CT	261	10363	10366	10366.000
CT	260	10342	10350	10350.000
CT	259	9861	9869	9869.000
CT	258	9889	9897	9897.000
CT	257	9902	9902	9902.000
CT	256	9632	9644	9644.000
CT	255	9395	9398	9398.000
CT	254	9003	9009	9009.000
CT	253	9094	9097	9097.000
CT	252	8940	8942	8942.000
CT	251	8740	8743	8743.000
CT	250	8524	8531	8531.000
CT	249	8524	8532	8532.000
CT	248	8266	8272	8272.000
CT	247	8191	8194	8194.000
CT	246	7994	7993	7993.000
CT	245	7815	7820	7820.000
CT	244	7672	7674	7674.000
CT	243	7630	7630	7630.000
CT	242	7386	7384	7384.000
CT	241	7233	7232	7232.000
CT	240	7181	7175	7175.000
CT	239	6877	6876	6876.000
CT	238	6773	6773	6773.000
CT	237	6795	6795	6795.000
CT	236	6626	6629	6629.000
CT	235	6316	6316	6316.000
CT	234	6216	6216	6216.000
CT	233	6128	6125	6125.000
CT	232	5984	5985	5985.000
CT	231	5867	5869	5869.000
CT	230	5721	5719	5719.000
CT	229	5559	5561	5561.000
CT	228	5402	5401	5401.000
CT	227	5222	5221	5221.000
CT	226	5295	5296	5296.000
CT	225	5213	5209	5209.000
CT	224	4842	4838	4838.000
CT	223	4886	4884	4884.000
CT	222	4611	4612	4612.000
CT	221	4584	4583	4583.000
CT	220	4351	4348	4348.000
CT	219	4324	4330	4330.000
CT	218	4242	4244	4244.000
CT	217	4143	4140	4140.000
CT	216	3940	3939	3939.000
CT	215	3869	3869	3869.000
CT	214	3829	3830	3830.000
CT	213	3614	3618	3618.000
CT	212	3570	3570	3570.000
CT	211	3402	3402	3402.000
CT	210	3245	3245	3245.000
CT	209	3247	3248	3248.000
CT	208	3109	3111	3111.000
CT	207	3056	3054	3054.000
CT	206	2950	2952	2952.000
CT	205	2839	2840	2840.000
CT	204	2837	2837	2837.000
CT	203	2700	2703	2703.000
CT	202	2640	2640	2640.000
CT	201	2610	2608	2608.000
CT	200	2502	2501	2501.000
CT	199	2488	2487	2487.000
CT	198	2374	2371	2371.000
CT	197	2226	2224	2224.000
CT	196	2236	2233	2233.000
CT	195	2078	2072	2072.000
CT	194	2023	2018	2018.000
CT	193	2007	2001	2001.000
CT	192	1883	1876	1876.000
CT	191	1894	1888	1888.000
CT	190	1778	1777	1777.000
CT	189	1744	1740	1740.000
CT	188	1691	1693	1693.000
CT	187	1661	1654	1654.000
CT	186	1624	1620	1620.000
CT	185	1418	1415	1415.000
CT	184	1425	1421	1421.000
CT	183	1465	1460	1460.000
CT	182	1356	1349	1349.000
CT	181	1265	1253	1253.000
CT	180	1228	1219	1219.000
CT	179	1167	1164	1164.000
CT	178	1195	1188	1188.000
CT	177	1026	1017	1017.000
CT	176	1079	1071	1071.000
CT	175	989	983	983.000
CT	174	990	986	986.000
CT	173	916	903	903.000
CT	172	910	901	901.000
CT	171	913	896	896.000
CT	170	825	815	815.000
CT	169	745	730	730.000
CT	168	757	741	741.000
CT	167	782	763	763.000
CT	166	736	713	713.000
CT	165	669	642	642.000
CT	164	733	709	709.000
CT	163	636	613	613.000
CT	162	631	609	609.000
CT	161	578	557	557.000
CT	160	591	564	564.000
CT	159	578	559	559.000
CT	158	512	496	496.000
CT	157	536	521	521.000
CT	156	532	508	508.000
CT	155	489	466	466.000
CT	154	479	444	444.000
CT	153	457	423	423.000
CT	152	433	407	407.000
CT	151	486	461	461.000
CT	150	403	380	380.000
CT	149	399	382	382.000
CT	148	396	373	373.000
CT	147	434	405	405.000
CT	146	418	397	397.000
CT	145	420	399	399.000
CT	144	431	391	391.000
CT	143	384	361	361.000
CT	142	344	318	318.000
CT	141	318	280	280.000
CT	140	303	273	273.000
CT	139	321	285	285.000
CT	138	289	257	257.000
CT	137	288	238	238.000
CT	136	288	243	243.000
CT	135	292	252	252.000
CT	134	289	235	235.000
CT	133	279	244	244.000
CT	132	248	213	213.000
CT	131	200	170	170.000
CT	130	216	173	173.000
CT	129	192	134	134.000
CT	128	201	155	155.000
CT	127	187	142	142.000
CT	126	190	152	152.000
CT	125	176	131	131.000
CT	124	187	137	137.000
CT	123	158	109	109.000
CT	122	156	107	107.000
CT	121	167	102	102.000
CT	120	157	100	100.000
CT	119	166	102	102.000
CT	118	197	116	116.000
CT	117	150	99	99.000
CT	116	181	119	119.000
CT	115	145	95	95.000
CT	114	144	95	95.000
CT	113	139	83	83.000
CT	112	129	67	67.000
CT	111	145	107	107.000
CT	110	157	111	111.000
CT	109	156	117	117.000
CT	108	142	101	101.000
CT	107	139	96	96.000
CT	106	136	95	95.000
CT	105	111	72	72.000
CT	104	123	80	80.000
CT	103	101	71	71.000
CT	102	90	55	55.000
CT	101	103	77	77.000
CT	100	115	77	77.000
CT	99	105	63	63.000
CT	98	101	63	63.000
CT	97	103	53	53.000
CT	96	107	62	62.000
CT	95	86	47	47.000
CT	94	106	55	55.000
CT	93	90	35	35.000
CT	92	63	22	22.000
CT	91	86	37	37.000
CT	90	67	25	25.000
CT	89	63	25	25.000
CT	88	70	25	25.000
CT	87	44	18	18.000
CT	86	51	15	15.000
CT	85	39	6	6.000
CT	84	52	13	13.000
CT	83	63	15	15.000
CT	82	82	19	19.000
CT	81	68	12	12.000
CT	80	61	15	15.000
CT	79	85	21	21.000
CT	78	80	27	27.000
CT	77	96	18	18.000
CT	76	95	25	25.000
CT	75	100	25	25.000
CT	74	98	28	28.000
CT	73	86	26	26.000
CT	72	107	23	23.000
CT	71	92	15	15.000
CT	70	100	8	8.000
CT	69	153	7	7.000
CT	68	142	6	6.000
CT	67	163	15	15.000
CT	66	158	9	9.000
CT	65	155	3	3.000
CT	64	183	1	1.000
CT	63	197	2	2.000
CT	62	236	3	3.000
CT	61	284	5	5.000
CT	60	295	2	2.000
CT	59	307	7	7.000
CT	58	374	2	2.000
CT	57	435	8	8.000
CT	56	489	2	2.000
CT	55	531	1	1.000
CT	54	606	1	1.000
CT	53	689	7	7.000
CT	52	749	5	5.000
CT	51	820	2	2.000
CT	50	901	3	3.000
CT	49	1021	2	2.000
CT	48	1239	0	0.000
CT	47	1278	2	2.000
CT	46	1333	7	7.000
CT	45	1406	8	8.000
CT	44	1600	0	0.000
CT	43	1676	3	3.000
CT	42	1914	3	3.000
CT	41	2092	3	3.000
CT	40	2150	0	0.000
CT	39	2518	0	0.000
CT	38	2746	0	0.000
CT	37	3200	0	0.000
CT	36	3303	0	0.000
CT	35	3543	0	0.000
CT	34	4112	0	0.000
CT	33	4506	0	0.000
CT	32	5096	0	0.000
CT	31	5460	0	0.000
CT	30	5955	0	0.000
CT	29	6699	0	0.000
CT	28	7537	0	0.000
CT	27	8499	0	0.000
CT	26	9600	0	0.000
CT	25	10658	0	0.000
CT	24	12704	0	0.000
CT	23	14390	0	0.000
CT	22	16555	0	0.000
CT	21	18675	0	0.000
CT	20	21774	0	0.000
CT	19	25713	0	0.000
CT	18	30043	0	0.000
CT	17	35652	0	0.000
CT	16	42047	0	0.000
CT	15	50831	0	0.000
CT	14	64051	0	0.000
CT	13	82138	0	0.000
CT	12	108511	0	0.000
CT	11	150032	0	0.000
CT	10	213405	0	0.000
CT	9	323930	0	0.000
CT	8	498869	0	0.000
CT	7	774727	0	0.000
CT	6	1225656	0	0.000
CT	5	1989323	0	0.000
CT	4	3494103	0	0.000
CT	3	7053565	0	0.000
CT	2	18892535	0	0.000
CT	1	0	0	-nan
CT	0	0	0	-nan
FR	0	0
ER	3891977	0.000
CV	1.001
QV	inf	inf
