HS	1023	0	8297	8297
HS	1022	0	6	8303
HS	1021	0	5	8308
HS	1020	0	1	8309
HS	1019	0	3	8312
HS	1018	0	5	8317
HS	1017	0	7	8324
HS	1016	0	6	8330
HS	1015	0	6	8336
HS	1014	0	4	8340
HS	1013	0	5	8345
HS	1012	0	4	8349
HS	1011	0	7	8356
HS	1010	0	3	8359
HS	1009	0	4	8363
HS	1008	0	4	8367
HS	1007	0	8	8375
HS	1006	0	4	8379
HS	1005	0	3	8382
HS	1004	0	2	8384
HS	1003	0	6	8390
HS	1002	0	3	8393
HS	1001	0	1	8394
HS	1000	0	4	8398
HS	999	0	6	8404
HS	998	0	9	8413
HS	997	0	5	8418
HS	996	0	5	8423
HS	995	0	8	8431
HS	994	0	7	8438
HS	993	0	1	8439
HS	992	0	1	8440
HS	991	0	2	8442
HS	990	0	3	8445
HS	989	0	7	8452
HS	988	0	6	8458
HS	987	0	7	8465
HS	986	0	4	8469
HS	985	0	8	8477
HS	984	0	6	8483
HS	983	0	5	8488
HS	982	0	4	8492
HS	981	0	6	8498
HS	980	0	6	8504
HS	979	0	9	8513
HS	978	0	10	8523
HS	977	0	6	8529
HS	976	0	9	8538
HS	975	0	3	8541
HS	974	0	6	8547
HS	973	0	6	8553
HS	972	0	4	8557
HS	971	0	5	8562
HS	970	0	7	8569
HS	969	0	3	8572
HS	968	0	6	8578
HS	967	0	11	8589
HS	966	0	6	8595
HS	965	0	1	8596
HS	964	0	6	8602
HS	963	0	3	8605
HS	962	0	1	8606
HS	961	0	7	8613
HS	960	0	3	8616
HS	959	0	10	8626
HS	958	0	8	8634
HS	957	0	4	8638
HS	956	0	4	8642
HS	955	0	4	8646
HS	954	0	0	8646
HS	953	0	2	8648
HS	952	0	4	8652
HS	951	0	1	8653
HS	950	0	6	8659
HS	949	0	7	8666
HS	948	0	5	8671
HS	947	0	6	8677
HS	946	0	5	8682
HS	945	0	6	8688
HS	944	0	3	8691
HS	943	0	5	8696
HS	942	0	5	8701
HS	941	0	4	8705
HS	940	0	1	8706
HS	939	0	7	8713
HS	938	0	1	8714
HS	937	0	4	8718
HS	936	0	4	8722
HS	935	0	4	8726
HS	934	0	7	8733
HS	933	0	3	8736
HS	932	0	5	8741
HS	931	0	3	8744
HS	930	0	3	8747
HS	929	0	5	8752
HS	928	0	3	8755
HS	927	0	2	8757
HS	926	0	3	8760
HS	925	0	1	8761
HS	924	0	1	8762
HS	923	0	1	8763
HS	922	0	2	8765
HS	921	0	9	8774
HS	920	0	0	8774
HS	919	0	6	8780
HS	918	0	8	8788
HS	917	0	5	8793
HS	916	0	7	8800
HS	915	0	3	8803
HS	914	0	6	8809
HS	913	0	5	8814
HS	912	0	4	8818
HS	911	0	2	8820
HS	910	0	5	8825
HS	909	0	5	8830
HS	908	0	3	8833
HS	907	0	8	8841
HS	906	0	3	8844
HS	905	0	8	8852
HS	904	0	3	8855
HS	903	0	4	8859
HS	902	0	3	8862
HS	901	0	7	8869
HS	900	0	3	8872
HS	899	0	5	8877
HS	898	0	2	8879
HS	897	0	4	8883
HS	896	0	7	8890
HS	895	0	4	8894
HS	894	0	2	8896
HS	893	0	6	8902
HS	892	0	3	8905
HS	891	0	7	8912
HS	890	0	5	8917
HS	889	0	0	8917
HS	888	0	4	8921
HS	887	0	7	8928
HS	886	0	1	8929
HS	885	0	5	8934
HS	884	0	4	8938
HS	883	0	7	8945
HS	882	0	8	8953
HS	881	0	8	8961
HS	880	0	13	8974
HS	879	0	7	8981
HS	878	0	14	8995
HS	877	0	5	9000
HS	876	0	8	9008
HS	875	0	3	9011
HS	874	0	7	9018
HS	873	0	5	9023
HS	872	0	7	9030
HS	871	0	3	9033
HS	870	0	14	9047
HS	869	0	8	9055
HS	868	0	4	9059
HS	867	0	3	9062
HS	866	0	5	9067
HS	865	0	13	9080
HS	864	0	6	9086
HS	863	0	12	9098
HS	862	0	13	9111
HS	861	0	10	9121
HS	860	0	11	9132
HS	859	0	7	9139
HS	858	0	11	9150
HS	857	0	17	9167
HS	856	0	12	9179
HS	855	0	9	9188
HS	854	0	18	9206
HS	853	0	12	9218
HS	852	0	11	9229
HS	851	0	18	9247
HS	850	0	18	9265
HS	849	0	9	9274
HS	848	0	13	9287
HS	847	0	7	9294
HS	846	0	11	9305
HS	845	0	9	9314
HS	844	0	6	9320
HS	843	0	7	9327
HS	842	0	6	9333
HS	841	0	11	9344
HS	840	0	11	9355
HS	839	0	7	9362
HS	838	0	8	9370
HS	837	0	8	9378
HS	836	0	7	9385
HS	835	0	12	9397
HS	834	0	13	9410
HS	833	0	4	9414
HS	832	0	10	9424
HS	831	0	8	9432
HS	830	0	8	9440
HS	829	0	4	9444
HS	828	0	12	9456
HS	827	0	10	9466
HS	826	0	15	9481
HS	825	0	6	9487
HS	824	0	10	9497
HS	823	0	18	9515
HS	822	0	13	9528
HS	821	0	10	9538
HS	820	0	8	9546
HS	819	0	10	9556
HS	818	0	12	9568
HS	817	0	8	9576
HS	816	0	15	9591
HS	815	0	21	9612
HS	814	0	15	9627
HS	813	0	10	9637
HS	812	0	17	9654
HS	811	0	14	9668
HS	810	0	28	9696
HS	809	0	16	9712
HS	808	0	26	9738
HS	807	0	10	9748
HS	806	0	15	9763
HS	805	0	10	9773
HS	804	0	16	9789
HS	803	0	16	9805
HS	802	0	25	9830
HS	801	0	18	9848
HS	800	0	24	9872
HS	799	0	20	9892
HS	798	0	22	9914
HS	797	0	17	9931
HS	796	0	25	9956
HS	795	0	23	9979
HS	794	0	17	9996
HS	793	0	20	10016
HS	792	0	28	10044
HS	791	0	25	10069
HS	790	0	19	10088
HS	789	0	28	10116
HS	788	0	18	10134
HS	787	0	26	10160
HS	786	0	31	10191
HS	785	0	30	10221
HS	784	0	18	10239
HS	783	0	19	10258
HS	782	0	27	10285
HS	781	0	25	10310
HS	780	0	33	10343
HS	779	0	31	10374
HS	778	0	34	10408
HS	777	0	31	10439
HS	776	0	31	10470
HS	775	0	29	10499
HS	774	0	31	10530
HS	773	0	38	10568
HS	772	0	34	10602
HS	771	0	42	10644
HS	770	0	28	10672
HS	769	0	28	10700
HS	768	0	46	10746
HS	767	0	37	10783
HS	766	0	41	10824
HS	765	0	36	10860
HS	764	0	35	10895
HS	763	0	65	10960
HS	762	0	41	11001
HS	761	0	51	11052
HS	760	0	40	11092
HS	759	0	49	11141
HS	758	0	38	11179
HS	757	0	43	11222
HS	756	0	63	11285
HS	755	0	40	11325
HS	754	0	55	11380
HS	753	0	50	11430
HS	752	0	54	11484
HS	751	0	38	11522
HS	750	0	45	11567
HS	749	0	50	11617
HS	748	0	60	11677
HS	747	0	48	11725
HS	746	0	42	11767
HS	745	0	45	11812
HS	744	0	63	11875
HS	743	0	52	11927
HS	742	0	61	11988
HS	741	0	52	12040
HS	740	0	46	12086
HS	739	0	54	12140
HS	738	0	58	12198
HS	737	0	51	12249
HS	736	0	44	12293
HS	735	0	60	12353
HS	734	0	47	12400
HS	733	0	65	12465
HS	732	0	54	12519
HS	731	0	50	12569
HS	730	0	73	12642
HS	729	0	53	12695
HS	728	0	64	12759
HS	727	0	54	12813
HS	726	0	74	12887
HS	725	0	89	12976
HS	724	0	59	13035
HS	723	0	64	13099
HS	722	0	99	13198
HS	721	0	87	13285
HS	720	0	104	13389
HS	719	0	80	13469
HS	718	0	83	13552
HS	717	0	101	13653
HS	716	0	101	13754
HS	715	0	116	13870
HS	714	0	118	13988
HS	713	0	98	14086
HS	712	0	107	14193
HS	711	0	120	14313
HS	710	0	112	14425
HS	709	0	115	14540
HS	708	0	134	14674
HS	707	0	125	14799
HS	706	0	122	14921
HS	705	0	107	15028
HS	704	0	117	15145
HS	703	0	116	15261
HS	702	0	122	15383
HS	701	0	122	15505
HS	700	0	117	15622
HS	699	0	134	15756
HS	698	0	140	15896
HS	697	0	104	16000
HS	696	0	123	16123
HS	695	0	109	16232
HS	694	0	111	16343
HS	693	0	136	16479
HS	692	0	150	16629
HS	691	0	137	16766
HS	690	0	125	16891
HS	689	0	157	17048
HS	688	0	146	17194
HS	687	0	146	17340
HS	686	0	160	17500
HS	685	0	171	17671
HS	684	0	156	17827
HS	683	0	173	18000
HS	682	0	151	18151
HS	681	0	164	18315
HS	680	0	147	18462
HS	679	0	194	18656
HS	678	0	167	18823
HS	677	0	187	19010
HS	676	0	226	19236
HS	675	0	212	19448
HS	674	0	194	19642
HS	673	0	181	19823
HS	672	0	223	20046
HS	671	0	184	20230
HS	670	0	205	20435
HS	669	0	199	20634
HS	668	0	190	20824
HS	667	0	233	21057
HS	666	0	204	21261
HS	665	0	247	21508
HS	664	0	225	21733
HS	663	0	207	21940
HS	662	0	245	22185
HS	661	0	213	22398
HS	660	0	287	22685
HS	659	0	254	22939
HS	658	0	229	23168
HS	657	0	289	23457
HS	656	0	280	23737
HS	655	0	276	24013
HS	654	0	249	24262
HS	653	0	295	24557
HS	652	0	280	24837
HS	651	0	298	25135
HS	650	0	296	25431
HS	649	0	293	25724
HS	648	0	300	26024
HS	647	0	316	26340
HS	646	0	296	26636
HS	645	0	315	26951
HS	644	0	333	27284
HS	643	0	308	27592
HS	642	0	306	27898
HS	641	0	322	28220
HS	640	0	325	28545
HS	639	0	344	28889
HS	638	0	311	29200
HS	637	0	341	29541
HS	636	0	348	29889
HS	635	0	355	30244
HS	634	0	379	30623
HS	633	0	394	31017
HS	632	0	426	31443
HS	631	0	403	31846
HS	630	0	416	32262
HS	629	0	386	32648
HS	628	0	442	33090
HS	627	0	365	33455
HS	626	0	446	33901
HS	625	0	445	34346
HS	624	0	464	34810
HS	623	0	468	35278
HS	622	0	455	35733
HS	621	0	517	36250
HS	620	0	476	36726
HS	619	0	503	37229
HS	618	0	500	37729
HS	617	0	525	38254
HS	616	0	508	38762
HS	615	0	539	39301
HS	614	0	543	39844
HS	613	0	555	40399
HS	612	0	601	41000
HS	611	0	554	41554
HS	610	0	593	42147
HS	609	0	588	42735
HS	608	0	648	43383
HS	607	0	656	44039
HS	606	0	649	44688
HS	605	0	621	45309
HS	604	0	704	46013
HS	603	0	669	46682
HS	602	0	683	47365
HS	601	0	763	48128
HS	600	0	753	48881
HS	599	0	722	49603
HS	598	0	716	50319
HS	597	0	809	51128
HS	596	0	777	51905
HS	595	0	780	52685
HS	594	0	793	53478
HS	593	0	811	54289
HS	592	0	799	55088
HS	591	0	885	55973
HS	590	0	853	56826
HS	589	0	879	57705
HS	588	0	917	58622
HS	587	0	936	59558
HS	586	0	893	60451
HS	585	0	954	61405
HS	584	0	962	62367
HS	583	0	999	63366
HS	582	0	1011	64377
HS	581	0	1017	65394
HS	580	0	1007	66401
HS	579	0	1109	67510
HS	578	0	1101	68611
HS	577	0	1035	69646
HS	576	0	1081	70727
HS	575	0	1100	71827
HS	574	0	1166	72993
HS	573	0	1188	74181
HS	572	0	1141	75322
HS	571	0	1238	76560
HS	570	0	1196	77756
HS	569	0	1292	79048
HS	568	0	1318	80366
HS	567	0	1233	81599
HS	566	0	1322	82921
HS	565	0	1380	84301
HS	564	0	1319	85620
HS	563	0	1443	87063
HS	562	0	1441	88504
HS	561	0	1473	89977
HS	560	0	1579	91556
HS	559	0	1538	93094
HS	558	0	1606	94700
HS	557	0	1539	96239
HS	556	0	1573	97812
HS	555	0	1559	99371
HS	554	0	1605	100976
HS	553	0	1652	102628
HS	552	0	1689	104317
HS	551	0	1680	105997
HS	550	0	1698	107695
HS	549	0	1760	109455
HS	548	0	1854	111309
HS	547	0	1851	113160
HS	546	0	1881	115041
HS	545	0	1883	116924
HS	544	0	1878	118802
HS	543	0	1951	120753
HS	542	0	1984	122737
HS	541	0	2007	124744
HS	540	0	2158	126902
HS	539	0	2018	128920
HS	538	0	2017	130937
HS	537	0	2149	133086
HS	536	0	2188	135274
HS	535	0	2231	137505
HS	534	0	2333	139838
HS	533	0	2329	142167
HS	532	0	2474	144641
HS	531	0	2416	147057
HS	530	0	2477	149534
HS	529	0	2514	152048
HS	528	0	2619	154667
HS	527	0	2686	157353
HS	526	0	2711	160064
HS	525	0	2673	162737
HS	524	0	2735	165472
HS	523	0	2760	168232
HS	522	0	2842	171074
HS	521	0	2940	174014
HS	520	0	2916	176930
HS	519	0	3026	179956
HS	518	0	3090	183046
HS	517	0	3142	186188
HS	516	0	3135	189323
HS	515	0	3176	192499
HS	514	0	3304	195803
HS	513	0	3261	199064
HS	512	0	3238	202302
HS	511	0	3377	205679
HS	510	0	3267	208946
HS	509	0	3430	212376
HS	508	0	3518	215894
HS	507	0	3583	219477
HS	506	0	3769	223246
HS	505	0	3767	227013
HS	504	0	3756	230769
HS	503	0	3829	234598
HS	502	0	3926	238524
HS	501	0	3968	242492
HS	500	0	4041	246533
HS	499	0	3957	250490
HS	498	0	4185	254675
HS	497	0	4202	258877
HS	496	0	4385	263262
HS	495	0	4368	267630
HS	494	0	4546	272176
HS	493	0	4555	276731
HS	492	0	4650	281381
HS	491	0	4726	286107
HS	490	0	4801	290908
HS	489	0	4874	295782
HS	488	0	4856	300638
HS	487	0	5068	305706
HS	486	0	5247	310953
HS	485	0	5243	316196
HS	484	0	5338	321534
HS	483	0	5525	327059
HS	482	0	5452	332511
HS	481	0	5542	338053
HS	480	0	5570	343623
HS	479	0	5825	349448
HS	478	0	5815	355263
HS	477	0	5872	361135
HS	476	0	6044	367179
HS	475	0	6066	373245
HS	474	0	6164	379409
HS	473	0	6297	385706
HS	472	0	6441	392147
HS	471	0	6429	398576
HS	470	0	6488	405064
HS	469	0	6698	411762
HS	468	0	6886	418648
HS	467	0	6796	425444
HS	466	0	6900	432344
HS	465	0	7022	439366
HS	464	0	7056	446422
HS	463	0	7245	453667
HS	462	0	7330	460997
HS	461	0	7467	468464
HS	460	0	7452	475916
HS	459	0	7512	483428
HS	458	0	7689	491117
HS	457	0	7834	498951
HS	456	0	7969	506920
HS	455	0	8020	514940
HS	454	0	8104	523044
HS	453	0	8139	531183
HS	452	0	8500	539683
HS	451	0	8448	548131
HS	450	0	8553	556684
HS	449	0	8570	565254
HS	448	0	8605	573859
HS	447	0	8884	582743
HS	446	0	9032	591775
HS	445	0	9059	600834
HS	444	0	9097	609931
HS	443	0	9529	619460
HS	442	0	9528	628988
HS	441	0	9712	638700
HS	440	0	9743	648443
HS	439	0	9755	658198
HS	438	0	9892	668090
HS	437	0	10184	678274
HS	436	0	10099	688373
HS	435	0	10342	698715
HS	434	0	10393	709108
HS	433	0	10528	719636
HS	432	0	10603	730239
HS	431	0	10549	740788
HS	430	0	10841	751629
HS	429	0	10882	762511
HS	428	0	11002	773513
HS	427	0	11114	784627
HS	426	0	11275	795902
HS	425	0	11325	807227
HS	424	0	11608	818835
HS	423	0	11642	830477
HS	422	0	11825	842302
HS	421	0	11898	854200
HS	420	0	11847	866047
HS	419	0	11887	877934
HS	418	0	12499	890433
HS	417	0	12393	902826
HS	416	0	12442	915268
HS	415	0	12323	927591
HS	414	0	12683	940274
HS	413	0	12954	953228
HS	412	0	12877	966105
HS	411	0	13049	979154
HS	410	0	13385	992539
HS	409	0	13384	1005923
HS	408	0	13318	1019241
HS	407	0	13241	1032482
HS	406	0	13674	1046156
HS	405	0	13864	1060020
HS	404	0	13843	1073863
HS	403	0	14274	1088137
HS	402	0	14144	1102281
HS	401	0	14278	1116559
HS	400	0	14401	1130960
HS	399	0	14378	1145338
HS	398	0	14877	1160215
HS	397	0	14580	1174795
HS	396	0	14841	1189636
HS	395	0	14839	1204475
HS	394	0	15038	1219513
HS	393	0	15185	1234698
HS	392	0	15365	1250063
HS	391	0	15263	1265326
HS	390	0	15455	1280781
HS	389	0	15765	1296546
HS	388	0	15497	1312043
HS	387	0	15684	1327727
HS	386	0	16014	1343741
HS	385	0	16137	1359878
HS	384	0	16107	1375985
HS	383	0	16370	1392355
HS	382	0	16389	1408744
HS	381	0	16365	1425109
HS	380	0	16320	1441429
HS	379	0	16376	1457805
HS	378	0	16540	1474345
HS	377	0	16751	1491096
HS	376	0	16851	1507947
HS	375	0	17049	1524996
HS	374	0	16984	1541980
HS	373	0	17059	1559039
HS	372	0	17358	1576397
HS	371	0	17341	1593738
HS	370	0	17433	1611171
HS	369	0	17570	1628741
HS	368	0	17451	1646192
HS	367	0	17533	1663725
HS	366	0	17917	1681642
HS	365	0	17917	1699559
HS	364	0	17748	1717307
HS	363	0	18001	1735308
HS	362	0	18080	1753388
HS	361	0	18070	1771458
HS	360	0	18163	1789621
HS	359	0	18443	1808064
HS	358	0	18627	1826691
HS	357	0	18596	1845287
HS	356	0	18481	1863768
HS	355	0	18360	1882128
HS	354	0	18699	1900827
HS	353	0	18611	1919438
HS	352	0	18473	1937911
HS	351	0	18356	1956267
HS	350	0	18702	1974969
HS	349	0	18670	1993639
HS	348	0	18665	2012304
HS	347	0	18686	2030990
HS	346	0	18584	2049574
HS	345	0	18534	2068108
HS	344	0	18368	2086476
HS	343	0	18412	2104888
HS	342	0	18385	2123273
HS	341	0	18739	2142012
HS	340	0	18816	2160828
HS	339	0	18594	2179422
HS	338	0	18655	2198077
HS	337	0	18586	2216663
HS	336	0	18554	2235217
HS	335	0	18410	2253627
HS	334	0	18428	2272055
HS	333	0	18717	2290772
HS	332	0	18646	2309418
HS	331	0	18260	2327678
HS	330	0	18453	2346131
HS	329	0	18603	2364734
HS	328	0	18393	2383127
HS	327	0	18197	2401324
HS	326	0	18506	2419830
HS	325	0	18145	2437975
HS	324	0	18210	2456185
HS	323	0	18438	2474623
HS	322	0	18219	2492842
HS	321	0	17944	2510786
HS	320	0	18144	2528930
HS	319	0	17999	2546929
HS	318	0	17917	2564846
HS	317	0	17893	2582739
HS	316	0	17910	2600649
HS	315	0	17867	2618516
HS	314	0	17880	2636396
HS	313	0	17617	2654013
HS	312	0	17684	2671697
HS	311	0	17177	2688874
HS	310	0	17113	2705987
HS	309	0	17110	2723097
HS	308	0	16826	2739923
HS	307	0	17057	2756980
HS	306	0	16913	2773893
HS	305	0	16359	2790252
HS	304	0	16512	2806764
HS	303	0	16518	2823282
HS	302	0	16172	2839454
HS	301	0	16446	2855900
HS	300	0	16077	2871977
HS	299	0	15933	2887910
HS	298	0	15936	2903846
HS	297	0	15702	2919548
HS	296	0	15640	2935188
HS	295	0	15398	2950586
HS	294	0	15258	2965844
HS	293	0	14973	2980817
HS	292	0	15217	2996034
HS	291	0	15153	3011187
HS	290	0	14854	3026041
HS	289	0	14945	3040986
HS	288	0	14554	3055540
HS	287	0	14569	3070109
HS	286	0	14264	3084373
HS	285	0	14362	3098735
HS	284	0	14086	3112821
HS	283	0	13933	3126754
HS	282	0	13689	3140443
HS	281	0	13522	3153965
HS	280	0	13696	3167661
HS	279	0	13440	3181101
HS	278	0	12985	3194086
HS	277	0	13131	3207217
HS	276	0	13011	3220228
HS	275	0	12784	3233012
HS	274	0	12592	3245604
HS	273	0	12357	3257961
HS	272	0	12101	3270062
HS	271	0	12034	3282096
HS	270	0	11769	3293865
HS	269	0	11779	3305644
HS	268	0	11652	3317296
HS	267	0	11508	3328804
HS	266	0	11334	3340138
HS	265	0	11140	3351278
HS	264	0	11009	3362287
HS	263	0	10811	3373098
HS	262	0	10684	3383782
HS	261	0	10363	3394145
HS	260	0	10342	3404487
HS	259	0	9861	3414348
HS	258	0	9889	3424237
HS	257	0	9902	3434139
HS	256	0	9632	3443771
HS	255	0	9395	3453166
HS	254	0	9003	3462169
HS	253	0	9094	3471263
HS	252	0	8940	3480203
HS	251	0	8740	3488943
HS	250	0	8524	3497467
HS	249	0	8524	3505991
HS	248	0	8266	3514257
HS	247	0	8191	3522448
HS	246	0	7994	3530442
HS	245	0	7815	3538257
HS	244	0	7672	3545929
HS	243	0	7630	3553559
HS	242	0	7386	3560945
HS	241	0	7233	3568178
HS	240	0	7181	3575359
HS	239	0	6877	3582236
HS	238	0	6773	3589009
HS	237	0	6795	3595804
HS	236	0	6626	3602430
HS	235	0	6316	3608746
HS	234	0	6216	3614962
HS	233	0	6128	3621090
HS	232	0	5984	3627074
HS	231	0	5867	3632941
HS	230	0	5721	3638662
HS	229	0	5559	3644221
HS	228	0	5402	3649623
HS	227	0	5222	3654845
HS	226	0	5295	3660140
HS	225	0	5213	3665353
HS	224	0	4842	3670195
HS	223	0	4886	3675081
HS	222	0	4611	3679692
HS	221	0	4584	3684276
HS	220	0	4351	3688627
HS	219	0	4324	3692951
HS	218	0	4242	3697193
HS	217	0	4143	3701336
HS	216	0	3940	3705276
HS	215	0	3869	3709145
HS	214	0	3829	3712974
HS	213	0	3614	3716588
HS	212	0	3570	3720158
HS	211	0	3402	3723560
HS	210	0	3245	3726805
HS	209	0	3247	3730052
HS	208	0	3109	3733161
HS	207	0	3056	3736217
HS	206	0	2950	3739167
HS	205	0	2839	3742006
HS	204	0	2837	3744843
HS	203	0	2700	3747543
HS	202	0	2640	3750183
HS	201	0	2610	3752793
HS	200	0	2502	3755295
HS	199	0	2488	3757783
HS	198	0	2374	3760157
HS	197	0	2226	3762383
HS	196	0	2236	3764619
HS	195	0	2078	3766697
HS	194	0	2023	3768720
HS	193	0	2007	3770727
HS	192	0	1883	3772610
HS	191	0	1894	3774504
HS	190	0	1778	3776282
HS	189	0	1744	3778026
HS	188	0	1691	3779717
HS	187	0	1661	3781378
HS	186	0	1624	3783002
HS	185	0	1418	3784420
HS	184	0	1425	3785845
HS	183	0	1465	3787310
HS	182	0	1356	3788666
HS	181	0	1265	3789931
HS	180	0	1228	3791159
HS	179	0	1167	3792326
HS	178	0	1195	3793521
HS	177	0	1026	3794547
HS	176	0	1079	3795626
HS	175	0	989	3796615
HS	174	0	990	3797605
HS	173	0	916	3798521
HS	172	0	910	3799431
HS	171	0	913	3800344
HS	170	0	825	3801169
HS	169	0	745	3801914
HS	168	0	757	3802671
HS	167	0	782	3803453
HS	166	0	736	3804189
HS	165	0	669	3804858
HS	164	0	733	3805591
HS	163	0	636	3806227
HS	162	0	631	3806858
HS	161	0	578	3807436
HS	160	0	591	3808027
HS	159	0	578	3808605
HS	158	0	512	3809117
HS	157	0	536	3809653
HS	156	0	532	3810185
HS	155	0	489	3810674
HS	154	0	479	3811153
HS	153	0	457	3811610
HS	152	0	433	3812043
HS	151	0	486	3812529
HS	150	0	403	3812932
HS	149	0	399	3813331
HS	148	0	396	3813727
HS	147	0	434	3814161
HS	146	0	418	3814579
HS	145	0	420	3814999
HS	144	0	431	3815430
HS	143	0	384	3815814
HS	142	0	344	3816158
HS	141	0	318	3816476
HS	140	0	303	3816779
HS	139	0	321	3817100
HS	138	0	289	3817389
HS	137	0	288	3817677
HS	136	0	288	3817965
HS	135	0	292	3818257
HS	134	0	289	3818546
HS	133	0	279	3818825
HS	132	0	248	3819073
HS	131	0	200	3819273
HS	130	0	216	3819489
HS	129	0	192	3819681
HS	128	0	201	3819882
HS	127	0	187	3820069
HS	126	0	190	3820259
HS	125	0	176	3820435
HS	124	0	187	3820622
HS	123	0	158	3820780
HS	122	0	156	3820936
HS	121	0	167	3821103
HS	120	0	157	3821260
HS	119	0	166	3821426
HS	118	0	197	3821623
HS	117	0	150	3821773
HS	116	0	181	3821954
HS	115	0	145	3822099
HS	114	0	144	3822243
HS	113	0	139	3822382
HS	112	0	129	3822511
HS	111	0	145	3822656
HS	110	0	157	3822813
HS	109	0	156	3822969
HS	108	0	142	3823111
HS	107	0	139	3823250
HS	106	0	136	3823386
HS	105	0	111	3823497
HS	104	0	123	3823620
HS	103	0	101	3823721
HS	102	0	90	3823811
HS	101	0	103	3823914
HS	100	0	115	3824029
HS	99	0	105	3824134
HS	98	0	101	3824235
HS	97	0	103	3824338
HS	96	0	107	3824445
HS	95	0	86	3824531
HS	94	0	106	3824637
HS	93	0	90	3824727
HS	92	0	63	3824790
HS	91	0	86	3824876
HS	90	0	67	3824943
HS	89	0	63	3825006
HS	88	0	70	3825076
HS	87	0	44	3825120
HS	86	0	51	3825171
HS	85	0	39	3825210
HS	84	0	52	3825262
HS	83	0	63	3825325
HS	82	0	82	3825407
HS	81	0	68	3825475
HS	80	0	61	3825536
HS	79	0	85	3825621
HS	78	0	80	3825701
HS	77	0	96	3825797
HS	76	0	95	3825892
HS	75	0	100	3825992
HS	74	0	98	3826090
HS	73	0	86	3826176
HS	72	0	107	3826283
HS	71	0	92	3826375
HS	70	0	100	3826475
HS	69	0	153	3826628
HS	68	0	142	3826770
HS	67	0	163	3826933
HS	66	0	158	3827091
HS	65	0	155	3827246
HS	64	0	183	3827429
HS	63	0	197	3827626
HS	62	0	236	3827862
HS	61	0	284	3828146
HS	60	0	295	3828441
HS	59	0	307	3828748
HS	58	0	374	3829122
HS	57	0	435	3829557
HS	56	0	489	3830046
HS	55	0	531	3830577
HS	54	0	606	3831183
HS	53	0	689	3831872
HS	52	0	749	3832621
HS	51	0	820	3833441
HS	50	0	901	3834342
HS	49	0	1021	3835363
HS	48	0	1239	3836602
HS	47	0	1278	3837880
HS	46	0	1333	3839213
HS	45	0	1406	3840619
HS	44	0	1600	3842219
HS	43	0	1676	3843895
HS	42	0	1914	3845809
HS	41	0	2092	3847901
HS	40	0	2150	3850051
HS	39	0	2518	3852569
HS	38	0	2746	3855315
HS	37	0	3200	3858515
HS	36	0	3303	3861818
HS	35	0	3543	3865361
HS	34	0	4112	3869473
HS	33	0	4506	3873979
HS	32	0	5096	3879075
HS	31	0	5460	3884535
HS	30	0	5955	3890490
HS	29	0	6699	3897189
HS	28	0	7537	3904726
HS	27	0	8499	3913225
HS	26	0	9600	3922825
HS	25	0	10658	3933483
HS	24	0	12704	3946187
HS	23	0	14390	3960577
HS	22	0	16555	3977132
HS	21	0	18675	3995807
HS	20	0	21774	4017581
HS	19	0	25713	4043294
HS	18	0	30043	4073337
HS	17	0	35652	4108989
HS	16	0	42047	4151036
HS	15	0	50831	4201867
HS	14	0	64051	4265918
HS	13	0	82138	4348056
HS	12	0	108511	4456567
HS	11	0	150032	4606599
HS	10	0	213405	4820004
HS	9	0	323930	5143934
HS	8	0	498869	5642803
HS	7	0	774727	6417530
HS	6	0	1225656	7643186
HS	5	0	1989323	9632509
HS	4	0	3494103	13126612
HS	3	0	7053565	20180177
HS	2	0	18892535	39072712
HS	1	0	0	39072712
HS	0	0	0	39072712
