CC	CT  kmer_occurrence    short_read_kmer_count  raw_input_kmer_count  adjusted_input_kmer_count
CC	FR  fpr_lower_bound    fpr_upper_bound
CC	ER  total_input_kmers  adjusted_error_kmers
CC	CV  coverage
CC	QV  raw_quality_value  adjusted_quality_value
CC
SQ	JAUCFM010000004.1	4165897	4165867	4165867	99.00
CT	1023	2176362	2218407	2218407.000
CT	1022	6303	6303	6303.000
CT	1021	6418	6423	6423.000
CT	1020	6525	6529	6529.000
CT	1019	6312	6317	6317.000
CT	1018	6531	6536	6536.000
CT	1017	6395	6398	6398.000
CT	1016	6475	6482	6482.000
CT	1015	6399	6402	6402.000
CT	1014	6384	6384	6384.000
CT	1013	6503	6507	6507.000
CT	1012	6369	6371	6371.000
CT	1011	6217	6217	6217.000
CT	1010	6362	6366	6366.000
CT	1009	6593	6597	6597.000
CT	1008	6381	6382	6382.000
CT	1007	6489	6493	6493.000
CT	1006	6508	6512	6512.000
CT	1005	6339	6341	6341.000
CT	1004	6498	6498	6498.000
CT	1003	6624	6626	6626.000
CT	1002	6527	6528	6528.000
CT	1001	6695	6696	6696.000
CT	1000	6468	6472	6472.000
CT	999	6537	6537	6537.000
CT	998	6601	6606	6606.000
CT	997	6443	6447	6447.000
CT	996	6568	6568	6568.000
CT	995	6637	6641	6641.000
CT	994	6738	6740	6740.000
CT	993	6642	6643	6643.000
CT	992	6768	6770	6770.000
CT	991	6667	6668	6668.000
CT	990	6732	6735	6735.000
CT	989	6597	6602	6602.000
CT	988	6619	6625	6625.000
CT	987	6544	6550	6550.000
CT	986	6579	6579	6579.000
CT	985	6711	6720	6720.000
CT	984	6668	6671	6671.000
CT	983	6559	6562	6562.000
CT	982	6639	6647	6647.000
CT	981	6637	6636	6636.000
CT	980	6668	6669	6669.000
CT	979	6636	6643	6643.000
CT	978	6600	6603	6603.000
CT	977	6790	6794	6794.000
CT	976	6625	6630	6630.000
CT	975	6549	6549	6549.000
CT	974	6657	6661	6661.000
CT	973	6699	6705	6705.000
CT	972	6718	6727	6727.000
CT	971	6716	6716	6716.000
CT	970	6599	6603	6603.000
CT	969	6547	6547	6547.000
CT	968	6624	6626	6626.000
CT	967	6738	6742	6742.000
CT	966	6658	6663	6663.000
CT	965	6716	6717	6717.000
CT	964	6728	6736	6736.000
CT	963	6532	6539	6539.000
CT	962	6751	6753	6753.000
CT	961	6596	6594	6594.000
CT	960	6716	6724	6724.000
CT	959	6760	6766	6766.000
CT	958	6774	6777	6777.000
CT	957	6670	6670	6670.000
CT	956	6937	6940	6940.000
CT	955	6803	6806	6806.000
CT	954	6597	6599	6599.000
CT	953	6660	6665	6665.000
CT	952	6784	6787	6787.000
CT	951	6646	6645	6645.000
CT	950	6639	6640	6640.000
CT	949	6735	6734	6734.000
CT	948	6727	6729	6729.000
CT	947	6671	6671	6671.000
CT	946	6726	6726	6726.000
CT	945	6657	6659	6659.000
CT	944	6577	6578	6578.000
CT	943	6638	6639	6639.000
CT	942	6618	6620	6620.000
CT	941	6600	6598	6598.000
CT	940	6590	6588	6588.000
CT	939	6572	6570	6570.000
CT	938	6815	6814	6814.000
CT	937	6766	6765	6765.000
CT	936	6607	6606	6606.000
CT	935	6661	6660	6660.000
CT	934	6705	6703	6703.000
CT	933	6707	6706	6706.000
CT	932	6781	6782	6782.000
CT	931	6631	6627	6627.000
CT	930	6779	6777	6777.000
CT	929	6585	6583	6583.000
CT	928	6701	6697	6697.000
CT	927	6620	6618	6618.000
CT	926	6523	6522	6522.000
CT	925	6494	6494	6494.000
CT	924	6600	6599	6599.000
CT	923	6527	6527	6527.000
CT	922	6513	6513	6513.000
CT	921	6483	6482	6482.000
CT	920	6691	6688	6688.000
CT	919	6521	6521	6521.000
CT	918	6630	6630	6630.000
CT	917	6757	6757	6757.000
CT	916	6568	6569	6569.000
CT	915	6576	6578	6578.000
CT	914	6427	6429	6429.000
CT	913	6572	6571	6571.000
CT	912	6624	6625	6625.000
CT	911	6478	6477	6477.000
CT	910	6436	6436	6436.000
CT	909	6556	6555	6555.000
CT	908	6486	6484	6484.000
CT	907	6483	6481	6481.000
CT	906	6361	6360	6360.000
CT	905	6516	6516	6516.000
CT	904	6554	6555	6555.000
CT	903	6632	6632	6632.000
CT	902	6229	6229	6229.000
CT	901	6516	6514	6514.000
CT	900	6338	6338	6338.000
CT	899	6427	6429	6429.000
CT	898	6409	6411	6411.000
CT	897	6415	6413	6413.000
CT	896	6341	6340	6340.000
CT	895	6479	6480	6480.000
CT	894	6364	6363	6363.000
CT	893	6492	6491	6491.000
CT	892	6280	6278	6278.000
CT	891	6444	6444	6444.000
CT	890	6271	6270	6270.000
CT	889	6426	6424	6424.000
CT	888	6454	6453	6453.000
CT	887	6343	6344	6344.000
CT	886	6299	6303	6303.000
CT	885	6473	6469	6469.000
CT	884	6423	6422	6422.000
CT	883	6354	6354	6354.000
CT	882	6318	6319	6319.000
CT	881	6346	6344	6344.000
CT	880	6162	6163	6163.000
CT	879	6250	6246	6246.000
CT	878	6356	6355	6355.000
CT	877	6252	6252	6252.000
CT	876	6251	6251	6251.000
CT	875	6208	6207	6207.000
CT	874	6185	6185	6185.000
CT	873	6268	6267	6267.000
CT	872	6040	6040	6040.000
CT	871	6156	6156	6156.000
CT	870	6165	6164	6164.000
CT	869	6226	6223	6223.000
CT	868	6220	6219	6219.000
CT	867	6154	6153	6153.000
CT	866	6198	6198	6198.000
CT	865	6194	6192	6192.000
CT	864	5931	5931	5931.000
CT	863	6088	6088	6088.000
CT	862	6082	6080	6080.000
CT	861	6131	6129	6129.000
CT	860	6211	6209	6209.000
CT	859	6254	6252	6252.000
CT	858	6121	6121	6121.000
CT	857	6116	6115	6115.000
CT	856	6032	6029	6029.000
CT	855	5933	5932	5932.000
CT	854	6015	6013	6013.000
CT	853	6040	6035	6035.000
CT	852	6045	6045	6045.000
CT	851	5928	5927	5927.000
CT	850	5984	5980	5980.000
CT	849	6015	6012	6012.000
CT	848	5675	5674	5674.000
CT	847	5925	5922	5922.000
CT	846	6010	6007	6007.000
CT	845	5891	5884	5884.000
CT	844	5841	5837	5837.000
CT	843	5837	5833	5833.000
CT	842	5849	5847	5847.000
CT	841	5676	5675	5675.000
CT	840	5959	5956	5956.000
CT	839	5638	5635	5635.000
CT	838	5771	5766	5766.000
CT	837	5843	5838	5838.000
CT	836	5800	5795	5795.000
CT	835	5753	5752	5752.000
CT	834	5726	5723	5723.000
CT	833	5688	5685	5685.000
CT	832	5812	5809	5809.000
CT	831	5655	5654	5654.000
CT	830	5626	5625	5625.000
CT	829	5699	5695	5695.000
CT	828	5705	5702	5702.000
CT	827	5554	5553	5553.000
CT	826	5626	5624	5624.000
CT	825	5600	5599	5599.000
CT	824	5570	5568	5568.000
CT	823	5540	5537	5537.000
CT	822	5438	5437	5437.000
CT	821	5426	5422	5422.000
CT	820	5416	5414	5414.000
CT	819	5491	5490	5490.000
CT	818	5488	5486	5486.000
CT	817	5397	5394	5394.000
CT	816	5377	5374	5374.000
CT	815	5390	5388	5388.000
CT	814	5210	5208	5208.000
CT	813	5402	5399	5399.000
CT	812	5395	5394	5394.000
CT	811	5323	5321	5321.000
CT	810	5306	5304	5304.000
CT	809	5226	5222	5222.000
CT	808	5267	5265	5265.000
CT	807	5186	5186	5186.000
CT	806	5423	5423	5423.000
CT	805	5086	5086	5086.000
CT	804	5236	5233	5233.000
CT	803	5079	5078	5078.000
CT	802	5110	5106	5106.000
CT	801	4955	4955	4955.000
CT	800	5023	5022	5022.000
CT	799	5005	5005	5005.000
CT	798	4945	4941	4941.000
CT	797	4832	4830	4830.000
CT	796	5033	5027	5027.000
CT	795	4799	4798	4798.000
CT	794	4961	4958	4958.000
CT	793	4821	4817	4817.000
CT	792	4831	4826	4826.000
CT	791	4829	4827	4827.000
CT	790	4883	4881	4881.000
CT	789	4806	4806	4806.000
CT	788	4808	4806	4806.000
CT	787	4680	4678	4678.000
CT	786	4760	4759	4759.000
CT	785	4747	4746	4746.000
CT	784	4837	4837	4837.000
CT	783	4602	4598	4598.000
CT	782	4699	4697	4697.000
CT	781	4670	4669	4669.000
CT	780	4702	4701	4701.000
CT	779	4770	4769	4769.000
CT	778	4521	4519	4519.000
CT	777	4537	4536	4536.000
CT	776	4561	4560	4560.000
CT	775	4436	4436	4436.000
CT	774	4593	4592	4592.000
CT	773	4443	4441	4441.000
CT	772	4442	4439	4439.000
CT	771	4429	4429	4429.000
CT	770	4386	4385	4385.000
CT	769	4224	4224	4224.000
CT	768	4216	4216	4216.000
CT	767	4304	4304	4304.000
CT	766	4284	4284	4284.000
CT	765	4087	4087	4087.000
CT	764	4186	4186	4186.000
CT	763	4172	4172	4172.000
CT	762	4011	4012	4012.000
CT	761	4014	4014	4014.000
CT	760	3968	3968	3968.000
CT	759	3994	3993	3993.000
CT	758	3979	3979	3979.000
CT	757	3938	3938	3938.000
CT	756	3996	3998	3998.000
CT	755	3945	3944	3944.000
CT	754	3801	3802	3802.000
CT	753	3921	3921	3921.000
CT	752	3889	3889	3889.000
CT	751	3915	3917	3917.000
CT	750	3963	3963	3963.000
CT	749	3743	3742	3742.000
CT	748	3703	3701	3701.000
CT	747	3587	3587	3587.000
CT	746	3713	3713	3713.000
CT	745	3645	3644	3644.000
CT	744	3744	3743	3743.000
CT	743	3570	3570	3570.000
CT	742	3567	3564	3564.000
CT	741	3516	3516	3516.000
CT	740	3632	3631	3631.000
CT	739	3579	3577	3577.000
CT	738	3462	3460	3460.000
CT	737	3404	3404	3404.000
CT	736	3433	3433	3433.000
CT	735	3255	3256	3256.000
CT	734	3431	3429	3429.000
CT	733	3243	3243	3243.000
CT	732	3288	3285	3285.000
CT	731	3182	3180	3180.000
CT	730	3217	3215	3215.000
CT	729	3221	3221	3221.000
CT	728	3118	3116	3116.000
CT	727	3156	3152	3152.000
CT	726	3177	3174	3174.000
CT	725	3236	3234	3234.000
CT	724	3021	3021	3021.000
CT	723	3011	3011	3011.000
CT	722	2967	2965	2965.000
CT	721	3017	3017	3017.000
CT	720	2866	2863	2863.000
CT	719	2996	2996	2996.000
CT	718	2975	2973	2973.000
CT	717	2844	2840	2840.000
CT	716	2896	2894	2894.000
CT	715	2706	2705	2705.000
CT	714	2750	2746	2746.000
CT	713	2744	2745	2745.000
CT	712	2767	2767	2767.000
CT	711	2734	2734	2734.000
CT	710	2700	2699	2699.000
CT	709	2617	2616	2616.000
CT	708	2633	2634	2634.000
CT	707	2575	2575	2575.000
CT	706	2526	2528	2528.000
CT	705	2547	2547	2547.000
CT	704	2508	2510	2510.000
CT	703	2422	2421	2421.000
CT	702	2474	2472	2472.000
CT	701	2486	2486	2486.000
CT	700	2416	2416	2416.000
CT	699	2418	2417	2417.000
CT	698	2470	2470	2470.000
CT	697	2350	2350	2350.000
CT	696	2324	2325	2325.000
CT	695	2252	2251	2251.000
CT	694	2238	2237	2237.000
CT	693	2287	2286	2286.000
CT	692	2288	2288	2288.000
CT	691	2181	2182	2182.000
CT	690	2332	2332	2332.000
CT	689	2210	2212	2212.000
CT	688	2222	2222	2222.000
CT	687	2148	2149	2149.000
CT	686	2181	2182	2182.000
CT	685	2148	2150	2150.000
CT	684	2081	2082	2082.000
CT	683	2054	2058	2058.000
CT	682	2085	2085	2085.000
CT	681	1981	1982	1982.000
CT	680	2003	2005	2005.000
CT	679	1931	1929	1929.000
CT	678	1983	1981	1981.000
CT	677	1926	1927	1927.000
CT	676	1899	1898	1898.000
CT	675	1906	1905	1905.000
CT	674	1881	1883	1883.000
CT	673	1846	1846	1846.000
CT	672	1834	1834	1834.000
CT	671	1822	1822	1822.000
CT	670	1726	1725	1725.000
CT	669	1741	1738	1738.000
CT	668	1705	1703	1703.000
CT	667	1714	1715	1715.000
CT	666	1691	1689	1689.000
CT	665	1680	1678	1678.000
CT	664	1701	1699	1699.000
CT	663	1644	1642	1642.000
CT	662	1645	1644	1644.000
CT	661	1649	1647	1647.000
CT	660	1528	1524	1524.000
CT	659	1578	1577	1577.000
CT	658	1605	1603	1603.000
CT	657	1548	1547	1547.000
CT	656	1566	1566	1566.000
CT	655	1484	1482	1482.000
CT	654	1562	1562	1562.000
CT	653	1478	1477	1477.000
CT	652	1472	1471	1471.000
CT	651	1463	1463	1463.000
CT	650	1360	1357	1357.000
CT	649	1345	1347	1347.000
CT	648	1351	1350	1350.000
CT	647	1351	1349	1349.000
CT	646	1354	1357	1357.000
CT	645	1378	1379	1379.000
CT	644	1324	1323	1323.000
CT	643	1260	1261	1261.000
CT	642	1287	1287	1287.000
CT	641	1257	1257	1257.000
CT	640	1229	1229	1229.000
CT	639	1209	1210	1210.000
CT	638	1183	1182	1182.000
CT	637	1249	1250	1250.000
CT	636	1181	1183	1183.000
CT	635	1099	1101	1101.000
CT	634	1093	1095	1095.000
CT	633	1084	1087	1087.000
CT	632	1127	1130	1130.000
CT	631	1081	1082	1082.000
CT	630	1027	1024	1024.000
CT	629	1032	1033	1033.000
CT	628	1071	1070	1070.000
CT	627	972	973	973.000
CT	626	951	950	950.000
CT	625	937	936	936.000
CT	624	983	983	983.000
CT	623	922	924	924.000
CT	622	897	894	894.000
CT	621	877	877	877.000
CT	620	854	853	853.000
CT	619	904	900	900.000
CT	618	829	826	826.000
CT	617	762	762	762.000
CT	616	819	817	817.000
CT	615	758	757	757.000
CT	614	715	715	715.000
CT	613	728	727	727.000
CT	612	730	729	729.000
CT	611	719	719	719.000
CT	610	689	690	690.000
CT	609	662	660	660.000
CT	608	659	659	659.000
CT	607	658	658	658.000
CT	606	687	686	686.000
CT	605	637	638	638.000
CT	604	645	646	646.000
CT	603	652	652	652.000
CT	602	643	643	643.000
CT	601	610	610	610.000
CT	600	609	611	611.000
CT	599	561	560	560.000
CT	598	613	613	613.000
CT	597	584	584	584.000
CT	596	556	555	555.000
CT	595	552	553	553.000
CT	594	500	500	500.000
CT	593	497	497	497.000
CT	592	546	545	545.000
CT	591	493	494	494.000
CT	590	460	461	461.000
CT	589	527	526	526.000
CT	588	466	465	465.000
CT	587	441	441	441.000
CT	586	441	439	439.000
CT	585	467	467	467.000
CT	584	434	435	435.000
CT	583	417	417	417.000
CT	582	410	409	409.000
CT	581	404	404	404.000
CT	580	401	401	401.000
CT	579	414	413	413.000
CT	578	378	378	378.000
CT	577	360	360	360.000
CT	576	362	362	362.000
CT	575	388	388	388.000
CT	574	381	381	381.000
CT	573	349	349	349.000
CT	572	342	342	342.000
CT	571	328	329	329.000
CT	570	333	333	333.000
CT	569	320	319	319.000
CT	568	292	292	292.000
CT	567	326	324	324.000
CT	566	315	313	313.000
CT	565	319	317	317.000
CT	564	295	296	296.000
CT	563	321	321	321.000
CT	562	286	286	286.000
CT	561	282	283	283.000
CT	560	259	260	260.000
CT	559	302	305	305.000
CT	558	277	278	278.000
CT	557	270	269	269.000
CT	556	255	253	253.000
CT	555	239	239	239.000
CT	554	255	256	256.000
CT	553	269	270	270.000
CT	552	238	237	237.000
CT	551	222	221	221.000
CT	550	236	236	236.000
CT	549	244	243	243.000
CT	548	220	221	221.000
CT	547	229	229	229.000
CT	546	217	217	217.000
CT	545	228	228	228.000
CT	544	214	213	213.000
CT	543	185	186	186.000
CT	542	217	217	217.000
CT	541	205	204	204.000
CT	540	205	204	204.000
CT	539	212	211	211.000
CT	538	194	195	195.000
CT	537	183	183	183.000
CT	536	185	185	185.000
CT	535	171	172	172.000
CT	534	172	172	172.000
CT	533	155	156	156.000
CT	532	153	154	154.000
CT	531	156	157	157.000
CT	530	144	143	143.000
CT	529	130	128	128.000
CT	528	127	127	127.000
CT	527	144	143	143.000
CT	526	139	139	139.000
CT	525	108	111	111.000
CT	524	129	130	130.000
CT	523	124	121	121.000
CT	522	103	103	103.000
CT	521	114	112	112.000
CT	520	114	114	114.000
CT	519	115	112	112.000
CT	518	109	107	107.000
CT	517	105	106	106.000
CT	516	105	103	103.000
CT	515	118	120	120.000
CT	514	83	84	84.000
CT	513	105	103	103.000
CT	512	108	107	107.000
CT	511	93	91	91.000
CT	510	99	98	98.000
CT	509	116	113	113.000
CT	508	95	94	94.000
CT	507	82	80	80.000
CT	506	81	79	79.000
CT	505	95	91	91.000
CT	504	75	72	72.000
CT	503	86	81	81.000
CT	502	77	78	78.000
CT	501	79	78	78.000
CT	500	66	63	63.000
CT	499	67	67	67.000
CT	498	60	61	61.000
CT	497	72	71	71.000
CT	496	60	59	59.000
CT	495	56	56	56.000
CT	494	52	51	51.000
CT	493	45	45	45.000
CT	492	37	36	36.000
CT	491	44	47	47.000
CT	490	50	52	52.000
CT	489	42	42	42.000
CT	488	48	47	47.000
CT	487	47	49	49.000
CT	486	46	47	47.000
CT	485	55	55	55.000
CT	484	58	57	57.000
CT	483	47	47	47.000
CT	482	36	35	35.000
CT	481	36	37	37.000
CT	480	52	53	53.000
CT	479	39	39	39.000
CT	478	43	43	43.000
CT	477	44	42	42.000
CT	476	28	29	29.000
CT	475	40	39	39.000
CT	474	41	44	44.000
CT	473	38	39	39.000
CT	472	44	47	47.000
CT	471	36	38	38.000
CT	470	32	33	33.000
CT	469	39	38	38.000
CT	468	31	32	32.000
CT	467	29	31	31.000
CT	466	38	38	38.000
CT	465	35	38	38.000
CT	464	26	29	29.000
CT	463	31	32	32.000
CT	462	36	40	40.000
CT	461	24	26	26.000
CT	460	33	34	34.000
CT	459	33	33	33.000
CT	458	19	21	21.000
CT	457	28	27	27.000
CT	456	22	24	24.000
CT	455	31	31	31.000
CT	454	28	29	29.000
CT	453	29	29	29.000
CT	452	27	28	28.000
CT	451	31	29	29.000
CT	450	33	31	31.000
CT	449	16	18	18.000
CT	448	32	30	30.000
CT	447	32	32	32.000
CT	446	23	21	21.000
CT	445	21	20	20.000
CT	444	27	26	26.000
CT	443	15	15	15.000
CT	442	16	16	16.000
CT	441	19	20	20.000
CT	440	18	17	17.000
CT	439	13	11	11.000
CT	438	15	12	12.000
CT	437	18	15	15.000
CT	436	9	8	8.000
CT	435	15	14	14.000
CT	434	16	12	12.000
CT	433	18	16	16.000
CT	432	17	15	15.000
CT	431	16	15	15.000
CT	430	17	14	14.000
CT	429	15	13	13.000
CT	428	19	17	17.000
CT	427	18	17	17.000
CT	426	11	10	10.000
CT	425	15	13	13.000
CT	424	14	12	12.000
CT	423	16	11	11.000
CT	422	16	16	16.000
CT	421	10	8	8.000
CT	420	8	5	5.000
CT	419	10	7	7.000
CT	418	12	11	11.000
CT	417	7	6	6.000
CT	416	9	6	6.000
CT	415	8	6	6.000
CT	414	9	8	8.000
CT	413	5	5	5.000
CT	412	7	4	4.000
CT	411	10	7	7.000
CT	410	9	5	5.000
CT	409	9	9	9.000
CT	408	10	6	6.000
CT	407	10	8	8.000
CT	406	8	5	5.000
CT	405	11	9	9.000
CT	404	3	3	3.000
CT	403	3	3	3.000
CT	402	6	3	3.000
CT	401	5	5	5.000
CT	400	6	4	4.000
CT	399	3	2	2.000
CT	398	8	7	7.000
CT	397	7	5	5.000
CT	396	10	9	9.000
CT	395	7	7	7.000
CT	394	8	5	5.000
CT	393	4	3	3.000
CT	392	8	7	7.000
CT	391	9	6	6.000
CT	390	3	2	2.000
CT	389	5	3	3.000
CT	388	7	4	4.000
CT	387	8	6	6.000
CT	386	6	4	4.000
CT	385	7	4	4.000
CT	384	3	2	2.000
CT	383	3	1	1.000
CT	382	6	3	3.000
CT	381	3	3	3.000
CT	380	3	2	2.000
CT	379	5	4	4.000
CT	378	5	3	3.000
CT	377	7	6	6.000
CT	376	1	1	1.000
CT	375	4	3	3.000
CT	374	3	2	2.000
CT	373	7	4	4.000
CT	372	2	2	2.000
CT	371	9	5	5.000
CT	370	9	5	5.000
CT	369	8	5	5.000
CT	368	6	4	4.000
CT	367	9	6	6.000
CT	366	9	7	7.000
CT	365	15	11	11.000
CT	364	7	5	5.000
CT	363	7	6	6.000
CT	362	10	8	8.000
CT	361	14	6	6.000
CT	360	4	3	3.000
CT	359	5	3	3.000
CT	358	6	5	5.000
CT	357	10	6	6.000
CT	356	5	2	2.000
CT	355	8	3	3.000
CT	354	7	5	5.000
CT	353	18	12	12.000
CT	352	7	6	6.000
CT	351	5	4	4.000
CT	350	7	2	2.000
CT	349	12	7	7.000
CT	348	8	6	6.000
CT	347	5	4	4.000
CT	346	9	7	7.000
CT	345	6	4	4.000
CT	344	3	3	3.000
CT	343	8	4	4.000
CT	342	7	5	5.000
CT	341	18	11	11.000
CT	340	7	3	3.000
CT	339	8	7	7.000
CT	338	9	8	8.000
CT	337	4	2	2.000
CT	336	8	5	5.000
CT	335	16	13	13.000
CT	334	12	10	10.000
CT	333	1	1	1.000
CT	332	6	4	4.000
CT	331	7	5	5.000
CT	330	10	9	9.000
CT	329	6	4	4.000
CT	328	7	2	2.000
CT	327	6	4	4.000
CT	326	11	10	10.000
CT	325	11	5	5.000
CT	324	9	6	6.000
CT	323	12	8	8.000
CT	322	7	4	4.000
CT	321	8	4	4.000
CT	320	6	5	5.000
CT	319	12	8	8.000
CT	318	11	7	7.000
CT	317	16	12	12.000
CT	316	6	6	6.000
CT	315	11	6	6.000
CT	314	11	5	5.000
CT	313	4	2	2.000
CT	312	7	5	5.000
CT	311	6	2	2.000
CT	310	13	7	7.000
CT	309	8	4	4.000
CT	308	7	4	4.000
CT	307	7	4	4.000
CT	306	10	9	9.000
CT	305	2	1	1.000
CT	304	6	3	3.000
CT	303	4	1	1.000
CT	302	3	3	3.000
CT	301	4	2	2.000
CT	300	2	1	1.000
CT	299	6	3	3.000
CT	298	2	0	0.000
CT	297	2	1	1.000
CT	296	3	0	0.000
CT	295	0	0	0.000
CT	294	2	0	0.000
CT	293	5	1	1.000
CT	292	3	0	0.000
CT	291	3	0	0.000
CT	290	1	1	1.000
CT	289	3	1	1.000
CT	288	5	0	0.000
CT	287	5	0	0.000
CT	286	4	0	0.000
CT	285	1	0	0.000
CT	284	3	0	0.000
CT	283	1	0	0.000
CT	282	1	0	0.000
CT	281	4	0	0.000
CT	280	6	0	0.000
CT	279	5	0	0.000
CT	278	1	0	0.000
CT	277	4	0	0.000
CT	276	0	0	0.000
CT	275	6	0	0.000
CT	274	5	0	0.000
CT	273	2	0	0.000
CT	272	3	0	0.000
CT	271	1	0	0.000
CT	270	3	0	0.000
CT	269	2	0	0.000
CT	268	2	0	0.000
CT	267	2	0	0.000
CT	266	3	0	0.000
CT	265	5	0	0.000
CT	264	6	0	0.000
CT	263	0	0	0.000
CT	262	7	0	0.000
CT	261	3	0	0.000
CT	260	4	0	0.000
CT	259	1	0	0.000
CT	258	6	0	0.000
CT	257	1	0	0.000
CT	256	2	0	0.000
CT	255	2	0	0.000
CT	254	4	0	0.000
CT	253	6	0	0.000
CT	252	3	0	0.000
CT	251	4	0	0.000
CT	250	5	0	0.000
CT	249	6	0	0.000
CT	248	3	0	0.000
CT	247	3	0	0.000
CT	246	0	0	0.000
CT	245	4	0	0.000
CT	244	2	0	0.000
CT	243	3	0	0.000
CT	242	3	0	0.000
CT	241	3	0	0.000
CT	240	10	0	0.000
CT	239	2	0	0.000
CT	238	8	0	0.000
CT	237	8	0	0.000
CT	236	3	0	0.000
CT	235	9	0	0.000
CT	234	8	0	0.000
CT	233	12	0	0.000
CT	232	12	0	0.000
CT	231	16	0	0.000
CT	230	1	0	0.000
CT	229	9	0	0.000
CT	228	11	0	0.000
CT	227	7	0	0.000
CT	226	11	0	0.000
CT	225	9	0	0.000
CT	224	9	0	0.000
CT	223	10	0	0.000
CT	222	8	0	0.000
CT	221	8	0	0.000
CT	220	10	0	0.000
CT	219	7	0	0.000
CT	218	10	0	0.000
CT	217	8	0	0.000
CT	216	9	0	0.000
CT	215	7	0	0.000
CT	214	10	0	0.000
CT	213	13	0	0.000
CT	212	11	0	0.000
CT	211	8	0	0.000
CT	210	9	0	0.000
CT	209	22	0	0.000
CT	208	23	0	0.000
CT	207	14	0	0.000
CT	206	14	0	0.000
CT	205	18	0	0.000
CT	204	11	0	0.000
CT	203	10	0	0.000
CT	202	21	0	0.000
CT	201	18	0	0.000
CT	200	16	0	0.000
CT	199	13	0	0.000
CT	198	8	0	0.000
CT	197	19	0	0.000
CT	196	18	0	0.000
CT	195	14	0	0.000
CT	194	14	0	0.000
CT	193	30	0	0.000
CT	192	25	0	0.000
CT	191	13	0	0.000
CT	190	21	0	0.000
CT	189	24	0	0.000
CT	188	19	0	0.000
CT	187	12	0	0.000
CT	186	18	0	0.000
CT	185	18	0	0.000
CT	184	20	0	0.000
CT	183	14	0	0.000
CT	182	20	0	0.000
CT	181	14	0	0.000
CT	180	23	0	0.000
CT	179	21	0	0.000
CT	178	14	0	0.000
CT	177	20	0	0.000
CT	176	33	0	0.000
CT	175	31	0	0.000
CT	174	19	0	0.000
CT	173	29	0	0.000
CT	172	21	0	0.000
CT	171	17	0	0.000
CT	170	24	0	0.000
CT	169	17	0	0.000
CT	168	21	0	0.000
CT	167	29	0	0.000
CT	166	22	0	0.000
CT	165	26	0	0.000
CT	164	26	0	0.000
CT	163	22	0	0.000
CT	162	23	0	0.000
CT	161	22	0	0.000
CT	160	25	0	0.000
CT	159	21	0	0.000
CT	158	29	0	0.000
CT	157	41	0	0.000
CT	156	36	0	0.000
CT	155	33	0	0.000
CT	154	46	0	0.000
CT	153	54	0	0.000
CT	152	39	0	0.000
CT	151	38	0	0.000
CT	150	44	0	0.000
CT	149	45	0	0.000
CT	148	39	0	0.000
CT	147	34	0	0.000
CT	146	34	0	0.000
CT	145	27	0	0.000
CT	144	32	0	0.000
CT	143	32	0	0.000
CT	142	45	0	0.000
CT	141	58	0	0.000
CT	140	66	0	0.000
CT	139	41	0	0.000
CT	138	66	0	0.000
CT	137	60	0	0.000
CT	136	69	0	0.000
CT	135	78	0	0.000
CT	134	78	0	0.000
CT	133	67	0	0.000
CT	132	84	0	0.000
CT	131	74	0	0.000
CT	130	82	0	0.000
CT	129	47	0	0.000
CT	128	52	0	0.000
CT	127	67	0	0.000
CT	126	97	0	0.000
CT	125	87	0	0.000
CT	124	100	0	0.000
CT	123	98	0	0.000
CT	122	88	0	0.000
CT	121	87	0	0.000
CT	120	91	0	0.000
CT	119	89	0	0.000
CT	118	119	0	0.000
CT	117	110	0	0.000
CT	116	137	0	0.000
CT	115	154	0	0.000
CT	114	136	0	0.000
CT	113	126	0	0.000
CT	112	124	0	0.000
CT	111	144	0	0.000
CT	110	140	0	0.000
CT	109	176	0	0.000
CT	108	193	0	0.000
CT	107	187	0	0.000
CT	106	173	0	0.000
CT	105	188	0	0.000
CT	104	190	0	0.000
CT	103	183	0	0.000
CT	102	213	0	0.000
CT	101	240	0	0.000
CT	100	243	0	0.000
CT	99	212	0	0.000
CT	98	237	0	0.000
CT	97	234	0	0.000
CT	96	243	0	0.000
CT	95	240	0	0.000
CT	94	268	0	0.000
CT	93	317	0	0.000
CT	92	313	0	0.000
CT	91	309	0	0.000
CT	90	318	0	0.000
CT	89	365	0	0.000
CT	88	367	0	0.000
CT	87	396	0	0.000
CT	86	386	0	0.000
CT	85	397	0	0.000
CT	84	443	0	0.000
CT	83	391	0	0.000
CT	82	458	0	0.000
CT	81	535	0	0.000
CT	80	580	0	0.000
CT	79	582	0	0.000
CT	78	626	0	0.000
CT	77	756	0	0.000
CT	76	765	0	0.000
CT	75	760	0	0.000
CT	74	694	0	0.000
CT	73	710	0	0.000
CT	72	740	0	0.000
CT	71	727	0	0.000
CT	70	799	0	0.000
CT	69	876	0	0.000
CT	68	900	0	0.000
CT	67	1039	0	0.000
CT	66	1051	0	0.000
CT	65	1028	0	0.000
CT	64	1104	0	0.000
CT	63	1175	0	0.000
CT	62	1239	0	0.000
CT	61	1341	0	0.000
CT	60	1407	0	0.000
CT	59	1538	0	0.000
CT	58	1612	0	0.000
CT	57	1685	0	0.000
CT	56	1916	0	0.000
CT	55	1942	0	0.000
CT	54	2274	0	0.000
CT	53	2310	0	0.000
CT	52	2377	0	0.000
CT	51	2630	0	0.000
CT	50	2684	0	0.000
CT	49	2767	0	0.000
CT	48	2938	0	0.000
CT	47	3207	0	0.000
CT	46	3498	0	0.000
CT	45	3821	0	0.000
CT	44	3820	0	0.000
CT	43	4125	0	0.000
CT	42	4435	0	0.000
CT	41	4763	0	0.000
CT	40	5116	0	0.000
CT	39	5563	0	0.000
CT	38	6153	0	0.000
CT	37	6565	0	0.000
CT	36	7326	0	0.000
CT	35	7919	0	0.000
CT	34	8575	0	0.000
CT	33	9649	0	0.000
CT	32	10551	0	0.000
CT	31	11604	0	0.000
CT	30	13040	0	0.000
CT	29	14588	0	0.000
CT	28	16229	0	0.000
CT	27	18443	0	0.000
CT	26	20667	0	0.000
CT	25	23999	0	0.000
CT	24	27936	0	0.000
CT	23	32193	0	0.000
CT	22	37411	0	0.000
CT	21	44867	0	0.000
CT	20	53763	0	0.000
CT	19	64373	0	0.000
CT	18	79331	0	0.000
CT	17	98824	0	0.000
CT	16	124692	0	0.000
CT	15	158179	0	0.000
CT	14	204247	0	0.000
CT	13	269257	0	0.000
CT	12	361932	0	0.000
CT	11	493478	0	0.000
CT	10	688445	0	0.000
CT	9	975642	0	0.000
CT	8	1425739	0	0.000
CT	7	2125732	0	0.000
CT	6	3274505	0	0.000
CT	5	5290811	0	0.000
CT	4	9238136	0	0.000
CT	3	18068249	0	0.000
CT	2	42715642	0	0.000
CT	1	0	0	-nan
CT	0	0	0	-nan
FR	0	0
ER	4165867	0.000
CV	1.000
QV	inf	inf
