CC	CT  kmer_occurrence    short_read_kmer_count  raw_input_kmer_count  adjusted_input_kmer_count
CC	FR  fpr_lower_bound    fpr_upper_bound
CC	ER  total_input_kmers  adjusted_error_kmers
CC	CV  coverage
CC	QV  raw_quality_value  adjusted_quality_value
CC
SQ	CP126098.1	5451292	5451262	5451123	60.85
CT	1023	6194	78467	78467.000
CT	1022	5	22	22.000
CT	1021	3	13	13.000
CT	1020	1	5	5.000
CT	1019	7	34	34.000
CT	1018	4	18	18.000
CT	1017	2	10	10.000
CT	1016	4	20	20.000
CT	1015	11	51	51.000
CT	1014	6	26	26.000
CT	1013	2	10	10.000
CT	1012	6	28	28.000
CT	1011	4	19	19.000
CT	1010	4	18	18.000
CT	1009	8	39	39.000
CT	1008	7	31	31.000
CT	1007	7	32	32.000
CT	1006	3	15	15.000
CT	1005	9	44	44.000
CT	1004	2	10	10.000
CT	1003	6	30	30.000
CT	1002	6	28	28.000
CT	1001	5	25	25.000
CT	1000	1	4	4.000
CT	999	3	14	14.000
CT	998	9	43	43.000
CT	997	8	41	41.000
CT	996	6	32	32.000
CT	995	1	4	4.000
CT	994	5	23	23.000
CT	993	9	51	51.000
CT	992	4	19	19.000
CT	991	7	34	34.000
CT	990	5	24	24.000
CT	989	5	24	24.000
CT	988	4	19	19.000
CT	987	6	27	27.000
CT	986	3	15	15.000
CT	985	7	36	36.000
CT	984	8	39	39.000
CT	983	4	21	21.000
CT	982	5	25	25.000
CT	981	4	17	17.000
CT	980	5	23	23.000
CT	979	3	13	13.000
CT	978	2	7	7.000
CT	977	5	29	29.000
CT	976	1	5	5.000
CT	975	8	39	39.000
CT	974	5	22	22.000
CT	973	3	14	14.000
CT	972	6	26	26.000
CT	971	4	20	20.000
CT	970	3	14	14.000
CT	969	2	10	10.000
CT	968	2	9	9.000
CT	967	2	11	11.000
CT	966	5	22	22.000
CT	965	4	16	16.000
CT	964	3	13	13.000
CT	963	3	10	10.000
CT	962	3	11	11.000
CT	961	1	5	5.000
CT	960	3	12	12.000
CT	959	3	13	13.000
CT	958	8	35	35.000
CT	957	7	36	36.000
CT	956	8	38	38.000
CT	955	3	13	13.000
CT	954	5	18	18.000
CT	953	9	35	35.000
CT	952	7	26	26.000
CT	951	3	14	14.000
CT	950	4	16	16.000
CT	949	5	20	20.000
CT	948	7	29	29.000
CT	947	8	34	34.000
CT	946	6	26	26.000
CT	945	2	9	9.000
CT	944	8	32	32.000
CT	943	3	13	13.000
CT	942	6	27	27.000
CT	941	3	13	13.000
CT	940	5	23	23.000
CT	939	3	13	13.000
CT	938	2	10	10.000
CT	937	7	32	32.000
CT	936	3	12	12.000
CT	935	4	14	14.000
CT	934	5	20	20.000
CT	933	2	8	8.000
CT	932	3	12	12.000
CT	931	5	23	23.000
CT	930	5	25	25.000
CT	929	3	16	16.000
CT	928	11	47	47.000
CT	927	13	58	58.000
CT	926	2	8	8.000
CT	925	8	34	34.000
CT	924	4	20	20.000
CT	923	4	17	17.000
CT	922	5	21	21.000
CT	921	4	17	17.000
CT	920	7	30	30.000
CT	919	12	52	52.000
CT	918	9	42	42.000
CT	917	11	47	47.000
CT	916	7	31	31.000
CT	915	6	29	29.000
CT	914	5	23	23.000
CT	913	8	36	36.000
CT	912	11	53	53.000
CT	911	7	32	32.000
CT	910	8	36	36.000
CT	909	5	23	23.000
CT	908	7	34	34.000
CT	907	5	28	28.000
CT	906	9	44	44.000
CT	905	7	36	36.000
CT	904	7	34	34.000
CT	903	4	19	19.000
CT	902	10	47	47.000
CT	901	5	23	23.000
CT	900	8	39	39.000
CT	899	8	40	40.000
CT	898	6	28	28.000
CT	897	8	38	38.000
CT	896	8	38	38.000
CT	895	7	32	32.000
CT	894	10	44	44.000
CT	893	6	25	25.000
CT	892	5	26	26.000
CT	891	7	33	33.000
CT	890	7	30	30.000
CT	889	7	31	31.000
CT	888	5	25	25.000
CT	887	6	26	26.000
CT	886	9	39	39.000
CT	885	3	17	17.000
CT	884	10	47	47.000
CT	883	4	17	17.000
CT	882	8	40	40.000
CT	881	7	35	35.000
CT	880	6	24	24.000
CT	879	8	34	34.000
CT	878	6	23	23.000
CT	877	6	25	25.000
CT	876	11	43	43.000
CT	875	4	25	25.000
CT	874	7	34	34.000
CT	873	10	44	44.000
CT	872	7	31	31.000
CT	871	6	26	26.000
CT	870	5	24	24.000
CT	869	8	35	35.000
CT	868	7	29	29.000
CT	867	9	38	38.000
CT	866	6	26	26.000
CT	865	10	44	44.000
CT	864	7	29	29.000
CT	863	9	38	38.000
CT	862	11	51	51.000
CT	861	12	56	56.000
CT	860	6	26	26.000
CT	859	2	10	10.000
CT	858	10	46	46.000
CT	857	9	36	36.000
CT	856	4	19	19.000
CT	855	9	40	40.000
CT	854	8	36	36.000
CT	853	6	27	27.000
CT	852	10	43	43.000
CT	851	9	35	35.000
CT	850	9	40	40.000
CT	849	5	19	19.000
CT	848	5	20	20.000
CT	847	4	16	16.000
CT	846	14	55	55.000
CT	845	3	12	12.000
CT	844	6	25	25.000
CT	843	5	25	25.000
CT	842	7	29	29.000
CT	841	13	50	50.000
CT	840	6	28	28.000
CT	839	5	19	19.000
CT	838	11	42	42.000
CT	837	10	40	40.000
CT	836	11	44	44.000
CT	835	12	47	47.000
CT	834	5	21	21.000
CT	833	9	36	36.000
CT	832	14	57	57.000
CT	831	19	76	76.000
CT	830	8	33	33.000
CT	829	15	64	64.000
CT	828	10	40	40.000
CT	827	11	47	47.000
CT	826	21	86	86.000
CT	825	13	55	55.000
CT	824	13	50	50.000
CT	823	13	50	50.000
CT	822	23	92	92.000
CT	821	12	48	48.000
CT	820	17	68	68.000
CT	819	16	65	65.000
CT	818	12	46	46.000
CT	817	16	65	65.000
CT	816	13	51	51.000
CT	815	5	19	19.000
CT	814	18	75	75.000
CT	813	10	39	39.000
CT	812	8	32	32.000
CT	811	12	47	47.000
CT	810	16	66	66.000
CT	809	11	46	46.000
CT	808	12	47	47.000
CT	807	14	56	56.000
CT	806	10	45	45.000
CT	805	9	37	37.000
CT	804	5	18	18.000
CT	803	11	45	45.000
CT	802	9	38	38.000
CT	801	11	44	44.000
CT	800	16	65	65.000
CT	799	14	57	57.000
CT	798	11	41	41.000
CT	797	9	38	38.000
CT	796	11	46	46.000
CT	795	9	36	36.000
CT	794	14	60	60.000
CT	793	18	77	77.000
CT	792	18	72	72.000
CT	791	11	42	42.000
CT	790	12	48	48.000
CT	789	14	55	55.000
CT	788	17	69	69.000
CT	787	17	67	67.000
CT	786	10	37	37.000
CT	785	10	41	41.000
CT	784	14	56	56.000
CT	783	12	50	50.000
CT	782	15	57	57.000
CT	781	12	47	47.000
CT	780	8	31	31.000
CT	779	12	43	43.000
CT	778	9	30	30.000
CT	777	10	41	41.000
CT	776	12	48	48.000
CT	775	10	37	37.000
CT	774	15	57	57.000
CT	773	15	58	58.000
CT	772	14	55	55.000
CT	771	8	31	31.000
CT	770	10	40	40.000
CT	769	9	38	38.000
CT	768	7	27	27.000
CT	767	14	51	51.000
CT	766	10	45	45.000
CT	765	10	39	39.000
CT	764	18	73	73.000
CT	763	12	46	46.000
CT	762	14	57	57.000
CT	761	12	44	44.000
CT	760	9	38	38.000
CT	759	11	45	45.000
CT	758	5	23	23.000
CT	757	15	57	57.000
CT	756	10	37	37.000
CT	755	14	53	53.000
CT	754	12	52	52.000
CT	753	8	29	29.000
CT	752	15	55	55.000
CT	751	11	48	48.000
CT	750	11	43	43.000
CT	749	9	31	31.000
CT	748	12	45	45.000
CT	747	6	27	27.000
CT	746	7	29	29.000
CT	745	12	45	45.000
CT	744	8	31	31.000
CT	743	13	51	51.000
CT	742	6	30	30.000
CT	741	9	34	34.000
CT	740	8	35	35.000
CT	739	7	36	36.000
CT	738	11	46	46.000
CT	737	7	28	28.000
CT	736	7	27	27.000
CT	735	5	25	25.000
CT	734	14	59	59.000
CT	733	4	15	15.000
CT	732	5	18	18.000
CT	731	9	35	35.000
CT	730	10	48	48.000
CT	729	11	41	41.000
CT	728	7	29	29.000
CT	727	10	40	40.000
CT	726	6	22	22.000
CT	725	5	17	17.000
CT	724	4	16	16.000
CT	723	8	29	29.000
CT	722	7	25	25.000
CT	721	7	25	25.000
CT	720	8	26	26.000
CT	719	11	42	42.000
CT	718	5	19	19.000
CT	717	9	32	32.000
CT	716	11	35	35.000
CT	715	7	25	25.000
CT	714	9	31	31.000
CT	713	10	37	37.000
CT	712	11	41	41.000
CT	711	9	37	37.000
CT	710	7	28	28.000
CT	709	5	19	19.000
CT	708	5	19	19.000
CT	707	9	34	34.000
CT	706	2	8	8.000
CT	705	7	25	25.000
CT	704	6	22	22.000
CT	703	8	27	27.000
CT	702	7	20	20.000
CT	701	4	12	12.000
CT	700	9	35	35.000
CT	699	11	40	40.000
CT	698	14	46	46.000
CT	697	11	38	38.000
CT	696	9	26	26.000
CT	695	10	31	31.000
CT	694	2	10	10.000
CT	693	6	19	19.000
CT	692	6	22	22.000
CT	691	6	19	19.000
CT	690	1	4	4.000
CT	689	4	13	13.000
CT	688	5	16	16.000
CT	687	3	10	10.000
CT	686	2	7	7.000
CT	685	5	15	15.000
CT	684	8	28	28.000
CT	683	6	18	18.000
CT	682	8	27	27.000
CT	681	4	13	13.000
CT	680	8	27	27.000
CT	679	15	52	52.000
CT	678	6	18	18.000
CT	677	12	40	40.000
CT	676	16	57	57.000
CT	675	9	32	32.000
CT	674	11	35	35.000
CT	673	9	33	33.000
CT	672	10	36	36.000
CT	671	9	31	31.000
CT	670	5	15	15.000
CT	669	9	27	27.000
CT	668	7	24	24.000
CT	667	13	43	43.000
CT	666	10	30	30.000
CT	665	13	46	46.000
CT	664	14	42	42.000
CT	663	15	47	47.000
CT	662	16	56	56.000
CT	661	12	43	43.000
CT	660	12	42	42.000
CT	659	12	35	35.000
CT	658	14	45	45.000
CT	657	7	22	22.000
CT	656	14	51	51.000
CT	655	15	50	50.000
CT	654	15	51	51.000
CT	653	23	82	82.000
CT	652	8	26	26.000
CT	651	11	35	35.000
CT	650	16	59	59.000
CT	649	13	42	42.000
CT	648	12	42	42.000
CT	647	14	50	50.000
CT	646	17	56	56.000
CT	645	12	41	41.000
CT	644	12	43	43.000
CT	643	11	37	37.000
CT	642	11	46	46.000
CT	641	8	29	29.000
CT	640	9	30	30.000
CT	639	11	35	35.000
CT	638	7	23	23.000
CT	637	7	23	23.000
CT	636	11	31	31.000
CT	635	9	28	28.000
CT	634	8	26	26.000
CT	633	13	45	45.000
CT	632	11	32	32.000
CT	631	12	36	36.000
CT	630	10	34	34.000
CT	629	14	45	45.000
CT	628	8	26	26.000
CT	627	14	47	47.000
CT	626	14	46	46.000
CT	625	4	14	14.000
CT	624	11	34	34.000
CT	623	12	40	40.000
CT	622	10	34	34.000
CT	621	10	31	31.000
CT	620	12	44	44.000
CT	619	11	34	34.000
CT	618	7	20	20.000
CT	617	4	13	13.000
CT	616	14	47	47.000
CT	615	7	24	24.000
CT	614	13	47	47.000
CT	613	11	35	35.000
CT	612	14	45	45.000
CT	611	11	38	38.000
CT	610	9	29	29.000
CT	609	14	42	42.000
CT	608	25	74	74.000
CT	607	13	37	37.000
CT	606	13	37	37.000
CT	605	12	36	36.000
CT	604	7	21	21.000
CT	603	8	23	23.000
CT	602	22	76	76.000
CT	601	13	40	40.000
CT	600	10	30	30.000
CT	599	19	54	54.000
CT	598	18	54	54.000
CT	597	11	35	35.000
CT	596	17	52	52.000
CT	595	9	30	30.000
CT	594	12	36	36.000
CT	593	15	41	41.000
CT	592	18	55	55.000
CT	591	16	42	42.000
CT	590	9	27	27.000
CT	589	23	69	69.000
CT	588	11	35	35.000
CT	587	17	51	51.000
CT	586	20	63	63.000
CT	585	21	61	61.000
CT	584	13	39	39.000
CT	583	23	71	71.000
CT	582	13	44	44.000
CT	581	15	44	44.000
CT	580	23	68	68.000
CT	579	21	63	63.000
CT	578	17	46	46.000
CT	577	17	51	51.000
CT	576	19	58	58.000
CT	575	11	29	29.000
CT	574	16	44	44.000
CT	573	16	47	47.000
CT	572	19	49	49.000
CT	571	17	43	43.000
CT	570	22	63	63.000
CT	569	18	52	52.000
CT	568	14	35	35.000
CT	567	15	43	43.000
CT	566	17	47	47.000
CT	565	23	65	65.000
CT	564	18	48	48.000
CT	563	15	43	43.000
CT	562	26	65	65.000
CT	561	14	41	41.000
CT	560	19	48	48.000
CT	559	12	30	30.000
CT	558	18	51	51.000
CT	557	13	34	34.000
CT	556	11	30	30.000
CT	555	25	60	60.000
CT	554	15	38	38.000
CT	553	18	50	50.000
CT	552	19	48	48.000
CT	551	24	64	64.000
CT	550	22	56	56.000
CT	549	23	51	51.000
CT	548	16	42	42.000
CT	547	41	112	112.000
CT	546	27	72	72.000
CT	545	28	76	76.000
CT	544	19	49	49.000
CT	543	22	56	56.000
CT	542	29	76	76.000
CT	541	32	84	84.000
CT	540	24	63	63.000
CT	539	30	77	77.000
CT	538	31	71	71.000
CT	537	40	98	98.000
CT	536	25	67	67.000
CT	535	40	98	98.000
CT	534	36	103	103.000
CT	533	36	90	90.000
CT	532	43	103	103.000
CT	531	26	65	65.000
CT	530	42	106	106.000
CT	529	31	73	73.000
CT	528	44	97	97.000
CT	527	28	63	63.000
CT	526	42	102	102.000
CT	525	25	52	52.000
CT	524	36	78	78.000
CT	523	39	84	84.000
CT	522	41	94	94.000
CT	521	47	101	101.000
CT	520	52	114	114.000
CT	519	48	106	106.000
CT	518	39	103	103.000
CT	517	35	86	86.000
CT	516	42	94	94.000
CT	515	40	94	94.000
CT	514	49	109	109.000
CT	513	42	96	96.000
CT	512	34	74	74.000
CT	511	46	99	99.000
CT	510	40	85	85.000
CT	509	36	84	84.000
CT	508	38	85	85.000
CT	507	41	90	90.000
CT	506	48	107	107.000
CT	505	51	107	107.000
CT	504	52	112	112.000
CT	503	40	81	81.000
CT	502	62	139	139.000
CT	501	48	106	106.000
CT	500	51	115	115.000
CT	499	51	109	109.000
CT	498	56	123	123.000
CT	497	57	119	119.000
CT	496	43	91	91.000
CT	495	57	119	119.000
CT	494	56	122	122.000
CT	493	52	108	108.000
CT	492	53	101	101.000
CT	491	40	77	77.000
CT	490	59	127	127.000
CT	489	54	111	111.000
CT	488	48	96	96.000
CT	487	51	106	106.000
CT	486	39	89	89.000
CT	485	53	109	109.000
CT	484	42	82	82.000
CT	483	50	107	107.000
CT	482	41	87	87.000
CT	481	36	71	71.000
CT	480	45	92	92.000
CT	479	36	76	76.000
CT	478	42	87	87.000
CT	477	41	87	87.000
CT	476	42	83	83.000
CT	475	49	95	95.000
CT	474	60	121	121.000
CT	473	32	58	58.000
CT	472	50	87	87.000
CT	471	44	80	80.000
CT	470	63	122	122.000
CT	469	55	93	93.000
CT	468	55	103	103.000
CT	467	66	108	108.000
CT	466	52	88	88.000
CT	465	53	90	90.000
CT	464	53	93	93.000
CT	463	62	105	105.000
CT	462	46	77	77.000
CT	461	69	123	123.000
CT	460	75	109	109.000
CT	459	65	107	107.000
CT	458	90	134	134.000
CT	457	92	167	167.000
CT	456	95	153	153.000
CT	455	95	146	146.000
CT	454	73	115	115.000
CT	453	87	125	125.000
CT	452	88	131	131.000
CT	451	79	123	123.000
CT	450	88	130	130.000
CT	449	103	151	151.000
CT	448	105	163	163.000
CT	447	116	179	179.000
CT	446	112	160	160.000
CT	445	113	156	156.000
CT	444	134	186	186.000
CT	443	134	194	194.000
CT	442	140	198	198.000
CT	441	161	233	233.000
CT	440	164	208	208.000
CT	439	156	208	208.000
CT	438	159	219	219.000
CT	437	189	255	255.000
CT	436	152	199	199.000
CT	435	158	206	206.000
CT	434	169	223	223.000
CT	433	186	243	243.000
CT	432	189	246	246.000
CT	431	199	229	229.000
CT	430	222	271	271.000
CT	429	247	302	302.000
CT	428	226	291	291.000
CT	427	208	234	234.000
CT	426	233	279	279.000
CT	425	241	281	281.000
CT	424	230	261	261.000
CT	423	257	301	301.000
CT	422	269	304	304.000
CT	421	273	325	325.000
CT	420	291	343	343.000
CT	419	299	341	341.000
CT	418	304	341	341.000
CT	417	303	348	348.000
CT	416	348	395	395.000
CT	415	322	377	377.000
CT	414	372	429	429.000
CT	413	325	371	371.000
CT	412	349	390	390.000
CT	411	416	471	471.000
CT	410	392	447	447.000
CT	409	354	401	401.000
CT	408	408	482	482.000
CT	407	461	515	515.000
CT	406	465	531	531.000
CT	405	499	559	559.000
CT	404	505	563	563.000
CT	403	485	551	551.000
CT	402	524	581	581.000
CT	401	535	593	593.000
CT	400	477	520	520.000
CT	399	566	631	631.000
CT	398	607	661	661.000
CT	397	571	615	615.000
CT	396	651	704	704.000
CT	395	639	682	682.000
CT	394	703	760	760.000
CT	393	724	789	789.000
CT	392	777	851	851.000
CT	391	737	797	797.000
CT	390	789	865	865.000
CT	389	809	862	862.000
CT	388	873	929	929.000
CT	387	844	923	923.000
CT	386	921	1005	1005.000
CT	385	966	1041	1041.000
CT	384	1022	1114	1114.000
CT	383	1047	1107	1107.000
CT	382	1086	1144	1144.000
CT	381	1197	1272	1272.000
CT	380	1235	1308	1308.000
CT	379	1248	1338	1338.000
CT	378	1240	1328	1328.000
CT	377	1287	1372	1372.000
CT	376	1232	1331	1331.000
CT	375	1346	1429	1429.000
CT	374	1404	1499	1499.000
CT	373	1410	1501	1501.000
CT	372	1503	1605	1605.000
CT	371	1570	1638	1638.000
CT	370	1593	1678	1678.000
CT	369	1778	1867	1867.000
CT	368	1744	1842	1842.000
CT	367	1803	1893	1893.000
CT	366	1829	1928	1928.000
CT	365	1896	1977	1977.000
CT	364	1982	2071	2071.000
CT	363	2090	2167	2167.000
CT	362	2085	2156	2156.000
CT	361	2216	2283	2283.000
CT	360	2371	2443	2443.000
CT	359	2378	2445	2445.000
CT	358	2452	2529	2529.000
CT	357	2543	2657	2657.000
CT	356	2681	2796	2796.000
CT	355	2660	2766	2766.000
CT	354	2856	2959	2959.000
CT	353	2799	2905	2905.000
CT	352	2975	3081	3081.000
CT	351	3052	3159	3159.000
CT	350	3196	3302	3302.000
CT	349	3215	3338	3338.000
CT	348	3331	3442	3442.000
CT	347	3444	3543	3543.000
CT	346	3603	3688	3688.000
CT	345	3775	3883	3883.000
CT	344	3817	3910	3910.000
CT	343	4063	4165	4165.000
CT	342	4114	4214	4214.000
CT	341	4233	4333	4333.000
CT	340	4420	4514	4514.000
CT	339	4781	4872	4872.000
CT	338	4704	4800	4800.000
CT	337	4805	4902	4902.000
CT	336	4902	5012	5012.000
CT	335	5061	5175	5175.000
CT	334	5225	5334	5334.000
CT	333	5214	5325	5325.000
CT	332	5238	5331	5331.000
CT	331	5560	5668	5668.000
CT	330	5751	5848	5848.000
CT	329	5770	5860	5860.000
CT	328	5819	5938	5938.000
CT	327	6113	6224	6224.000
CT	326	6316	6395	6395.000
CT	325	6428	6514	6514.000
CT	324	6669	6744	6744.000
CT	323	6788	6876	6876.000
CT	322	7106	7206	7206.000
CT	321	7362	7451	7451.000
CT	320	7449	7531	7531.000
CT	319	7710	7800	7800.000
CT	318	7850	7941	7941.000
CT	317	8332	8430	8430.000
CT	316	8382	8463	8463.000
CT	315	8811	8899	8899.000
CT	314	8885	8987	8987.000
CT	313	9260	9354	9354.000
CT	312	9342	9412	9412.000
CT	311	9698	9802	9802.000
CT	310	9760	9836	9836.000
CT	309	10113	10206	10206.000
CT	308	10329	10435	10435.000
CT	307	10461	10536	10536.000
CT	306	10880	10984	10984.000
CT	305	11064	11138	11138.000
CT	304	11518	11600	11600.000
CT	303	11577	11653	11653.000
CT	302	11832	11925	11925.000
CT	301	12139	12220	12220.000
CT	300	12410	12501	12501.000
CT	299	12545	12625	12625.000
CT	298	12899	12991	12991.000
CT	297	13170	13260	13260.000
CT	296	13254	13332	13332.000
CT	295	13582	13655	13655.000
CT	294	14072	14167	14167.000
CT	293	14465	14553	14553.000
CT	292	14610	14696	14696.000
CT	291	14958	15041	15041.000
CT	290	15526	15619	15619.000
CT	289	15781	15874	15874.000
CT	288	16219	16307	16307.000
CT	287	16201	16273	16273.000
CT	286	17232	17313	17313.000
CT	285	16979	17065	17065.000
CT	284	17361	17449	17449.000
CT	283	17822	17901	17901.000
CT	282	18315	18385	18385.000
CT	281	18675	18744	18744.000
CT	280	18722	18782	18782.000
CT	279	18946	19012	19012.000
CT	278	19195	19253	19253.000
CT	277	19771	19816	19816.000
CT	276	20135	20188	20188.000
CT	275	20389	20446	20446.000
CT	274	20737	20782	20782.000
CT	273	21216	21262	21262.000
CT	272	21591	21633	21633.000
CT	271	21575	21620	21620.000
CT	270	21854	21899	21899.000
CT	269	22776	22813	22813.000
CT	268	22821	22853	22853.000
CT	267	23315	23353	23353.000
CT	266	23938	23985	23985.000
CT	265	24267	24321	24321.000
CT	264	24633	24683	24683.000
CT	263	24901	24959	24959.000
CT	262	25249	25284	25284.000
CT	261	25766	25808	25808.000
CT	260	26340	26380	26380.000
CT	259	26560	26603	26603.000
CT	258	26951	26984	26984.000
CT	257	27433	27467	27467.000
CT	256	27862	27895	27895.000
CT	255	28323	28355	28355.000
CT	254	28448	28486	28486.000
CT	253	28613	28644	28644.000
CT	252	29236	29269	29269.000
CT	251	29563	29604	29604.000
CT	250	29735	29775	29775.000
CT	249	30276	30321	30321.000
CT	248	30636	30688	30688.000
CT	247	30862	30908	30908.000
CT	246	31531	31566	31566.000
CT	245	31726	31760	31760.000
CT	244	32292	32339	32339.000
CT	243	32590	32630	32630.000
CT	242	32683	32728	32728.000
CT	241	32989	33032	33032.000
CT	240	32979	33016	33016.000
CT	239	33599	33644	33644.000
CT	238	33940	33981	33981.000
CT	237	34163	34193	34193.000
CT	236	34320	34358	34358.000
CT	235	34140	34176	34176.000
CT	234	34649	34676	34676.000
CT	233	34673	34702	34702.000
CT	232	35288	35315	35315.000
CT	231	35364	35392	35392.000
CT	230	35401	35431	35431.000
CT	229	35499	35525	35525.000
CT	228	35748	35786	35786.000
CT	227	35628	35647	35647.000
CT	226	35702	35730	35730.000
CT	225	35870	35892	35892.000
CT	224	36122	36142	36142.000
CT	223	36407	36421	36421.000
CT	222	36519	36536	36536.000
CT	221	36565	36578	36578.000
CT	220	36543	36561	36561.000
CT	219	36431	36457	36457.000
CT	218	36451	36472	36472.000
CT	217	36705	36727	36727.000
CT	216	36418	36441	36441.000
CT	215	36565	36584	36584.000
CT	214	36865	36882	36882.000
CT	213	36517	36541	36541.000
CT	212	36438	36466	36466.000
CT	211	36567	36597	36597.000
CT	210	36434	36454	36454.000
CT	209	36516	36539	36539.000
CT	208	36442	36468	36468.000
CT	207	36123	36147	36147.000
CT	206	36339	36362	36362.000
CT	205	36276	36302	36302.000
CT	204	36145	36160	36160.000
CT	203	35820	35839	35839.000
CT	202	36027	36039	36039.000
CT	201	35498	35516	35516.000
CT	200	35627	35650	35650.000
CT	199	35208	35215	35215.000
CT	198	35005	35013	35013.000
CT	197	34715	34726	34726.000
CT	196	34667	34679	34679.000
CT	195	34299	34320	34320.000
CT	194	33940	33961	33961.000
CT	193	33760	33768	33768.000
CT	192	33581	33601	33601.000
CT	191	33609	33618	33618.000
CT	190	33195	33197	33197.000
CT	189	32681	32683	32683.000
CT	188	32551	32551	32551.000
CT	187	31889	31885	31885.000
CT	186	32036	32043	32043.000
CT	185	31705	31711	31711.000
CT	184	31311	31315	31315.000
CT	183	31020	31027	31027.000
CT	182	30986	30995	30995.000
CT	181	30314	30315	30315.000
CT	180	30312	30311	30311.000
CT	179	30172	30171	30171.000
CT	178	29698	29710	29710.000
CT	177	30054	30060	30060.000
CT	176	29141	29143	29143.000
CT	175	28970	28979	28979.000
CT	174	28448	28452	28452.000
CT	173	28461	28459	28459.000
CT	172	28002	27998	27998.000
CT	171	27738	27740	27740.000
CT	170	27141	27150	27150.000
CT	169	26328	26326	26326.000
CT	168	25994	25999	25999.000
CT	167	25408	25408	25408.000
CT	166	25098	25100	25100.000
CT	165	24734	24732	24732.000
CT	164	24299	24295	24295.000
CT	163	23622	23626	23626.000
CT	162	23227	23229	23229.000
CT	161	23093	23094	23094.000
CT	160	22661	22661	22661.000
CT	159	22104	22103	22103.000
CT	158	21803	21797	21797.000
CT	157	21738	21729	21729.000
CT	156	21293	21292	21292.000
CT	155	20935	20932	20932.000
CT	154	20367	20367	20367.000
CT	153	20456	20454	20454.000
CT	152	19688	19685	19685.000
CT	151	19343	19338	19338.000
CT	150	19259	19256	19256.000
CT	149	18545	18544	18544.000
CT	148	18278	18277	18277.000
CT	147	17899	17897	17897.000
CT	146	17417	17408	17408.000
CT	145	16985	16986	16986.000
CT	144	16850	16847	16847.000
CT	143	16446	16440	16440.000
CT	142	16090	16090	16090.000
CT	141	15611	15611	15611.000
CT	140	15201	15196	15196.000
CT	139	14640	14636	14636.000
CT	138	14586	14578	14578.000
CT	137	14327	14320	14320.000
CT	136	14131	14124	14124.000
CT	135	13627	13621	13621.000
CT	134	13384	13368	13368.000
CT	133	12924	12916	12916.000
CT	132	12440	12434	12434.000
CT	131	12360	12348	12348.000
CT	130	11928	11915	11915.000
CT	129	11745	11724	11724.000
CT	128	11291	11287	11287.000
CT	127	11051	11039	11039.000
CT	126	10895	10895	10895.000
CT	125	10350	10347	10347.000
CT	124	10307	10300	10300.000
CT	123	9872	9874	9874.000
CT	122	9775	9772	9772.000
CT	121	9557	9550	9550.000
CT	120	9351	9352	9352.000
CT	119	9038	9039	9039.000
CT	118	8951	8944	8944.000
CT	117	8644	8641	8641.000
CT	116	8537	8536	8536.000
CT	115	8284	8278	8278.000
CT	114	8423	8420	8420.000
CT	113	7982	7976	7976.000
CT	112	7855	7860	7860.000
CT	111	7368	7362	7362.000
CT	110	7171	7166	7166.000
CT	109	6919	6913	6913.000
CT	108	6480	6476	6476.000
CT	107	6411	6408	6408.000
CT	106	6263	6264	6264.000
CT	105	6156	6146	6146.000
CT	104	6009	6004	6004.000
CT	103	5826	5814	5814.000
CT	102	5843	5841	5841.000
CT	101	5472	5462	5462.000
CT	100	5445	5441	5441.000
CT	99	5103	5086	5086.000
CT	98	4982	4973	4973.000
CT	97	4828	4818	4818.000
CT	96	4713	4700	4700.000
CT	95	4529	4516	4516.000
CT	94	4268	4245	4245.000
CT	93	4160	4138	4138.000
CT	92	4086	4061	4061.000
CT	91	3999	3972	3972.000
CT	90	3825	3804	3804.000
CT	89	3572	3553	3553.000
CT	88	3589	3562	3562.000
CT	87	3492	3458	3458.000
CT	86	3292	3256	3256.000
CT	85	3068	3036	3036.000
CT	84	3142	3108	3108.000
CT	83	3083	3050	3050.000
CT	82	2942	2909	2909.000
CT	81	2825	2786	2786.000
CT	80	2840	2802	2802.000
CT	79	2569	2526	2526.000
CT	78	2436	2385	2385.000
CT	77	2499	2439	2439.000
CT	76	2352	2307	2307.000
CT	75	2330	2293	2293.000
CT	74	2162	2126	2126.000
CT	73	2119	2080	2080.000
CT	72	2215	2163	2163.000
CT	71	2083	2033	2033.000
CT	70	1939	1882	1882.000
CT	69	1969	1907	1907.000
CT	68	1879	1814	1814.000
CT	67	1759	1677	1677.000
CT	66	1853	1764	1764.000
CT	65	1803	1708	1708.000
CT	64	1719	1625	1625.000
CT	63	1627	1545	1545.000
CT	62	1590	1506	1506.000
CT	61	1494	1416	1416.000
CT	60	1551	1451	1451.000
CT	59	1470	1358	1358.000
CT	58	1406	1316	1316.000
CT	57	1339	1220	1220.000
CT	56	1254	1145	1145.000
CT	55	1307	1153	1153.000
CT	54	1186	1050	1050.000
CT	53	1195	1009	1009.000
CT	52	1220	1043	1043.000
CT	51	1210	997	997.000
CT	50	1333	1110	1110.000
CT	49	1263	1020	1020.000
CT	48	1205	958	958.000
CT	47	1162	910	910.000
CT	46	1142	845	845.000
CT	45	1153	837	837.000
CT	44	1164	788	788.000
CT	43	1316	855	855.000
CT	42	1297	796	796.000
CT	41	1283	691	691.000
CT	40	1335	672	672.000
CT	39	1311	610	610.000
CT	38	1421	608	608.000
CT	37	1414	506	506.000
CT	36	1457	456	456.000
CT	35	1649	450	450.000
CT	34	1827	439	439.000
CT	33	2176	410	410.000
CT	32	2392	395	395.000
CT	31	2856	422	422.000
CT	30	2883	378	378.000
CT	29	3405	361	361.000
CT	28	3786	307	307.000
CT	27	4184	253	253.000
CT	26	4911	228	228.000
CT	25	5521	197	197.000
CT	24	6324	205	205.000
CT	23	7719	149	149.000
CT	22	9430	147	147.000
CT	21	11005	104	104.000
CT	20	12635	102	102.000
CT	19	15204	77	77.000
CT	18	18019	73	73.000
CT	17	22207	49	49.000
CT	16	26571	33	33.000
CT	15	32095	20	20.000
CT	14	38753	18	18.000
CT	13	48763	9	9.000
CT	12	59888	1	1.000
CT	11	76504	1	1.000
CT	10	100542	1	1.000
CT	9	134440	0	0.000
CT	8	186995	1	1.000
CT	7	278653	0	0.000
CT	6	444082	0	0.000
CT	5	787877	0	0.000
CT	4	1621542	0	0.000
CT	3	4059510	0	0.000
CT	2	14088009	0	0.000
CT	1	0	0	-nan
CT	0	0	139	-nan
FR	0	0
ER	5451262	0.000
CV	1.000
QV	60.848	60.848
