HS	1023	0	6194	6194
HS	1022	0	5	6199
HS	1021	0	3	6202
HS	1020	0	1	6203
HS	1019	0	7	6210
HS	1018	0	4	6214
HS	1017	0	2	6216
HS	1016	0	4	6220
HS	1015	0	11	6231
HS	1014	0	6	6237
HS	1013	0	2	6239
HS	1012	0	6	6245
HS	1011	0	4	6249
HS	1010	0	4	6253
HS	1009	0	8	6261
HS	1008	0	7	6268
HS	1007	0	7	6275
HS	1006	0	3	6278
HS	1005	0	9	6287
HS	1004	0	2	6289
HS	1003	0	6	6295
HS	1002	0	6	6301
HS	1001	0	5	6306
HS	1000	0	1	6307
HS	999	0	3	6310
HS	998	0	9	6319
HS	997	0	8	6327
HS	996	0	6	6333
HS	995	0	1	6334
HS	994	0	5	6339
HS	993	0	9	6348
HS	992	0	4	6352
HS	991	0	7	6359
HS	990	0	5	6364
HS	989	0	5	6369
HS	988	0	4	6373
HS	987	0	6	6379
HS	986	0	3	6382
HS	985	0	7	6389
HS	984	0	8	6397
HS	983	0	4	6401
HS	982	0	5	6406
HS	981	0	4	6410
HS	980	0	5	6415
HS	979	0	3	6418
HS	978	0	2	6420
HS	977	0	5	6425
HS	976	0	1	6426
HS	975	0	8	6434
HS	974	0	5	6439
HS	973	0	3	6442
HS	972	0	6	6448
HS	971	0	4	6452
HS	970	0	3	6455
HS	969	0	2	6457
HS	968	0	2	6459
HS	967	0	2	6461
HS	966	0	5	6466
HS	965	0	4	6470
HS	964	0	3	6473
HS	963	0	3	6476
HS	962	0	3	6479
HS	961	0	1	6480
HS	960	0	3	6483
HS	959	0	3	6486
HS	958	0	8	6494
HS	957	0	7	6501
HS	956	0	8	6509
HS	955	0	3	6512
HS	954	0	5	6517
HS	953	0	9	6526
HS	952	0	7	6533
HS	951	0	3	6536
HS	950	0	4	6540
HS	949	0	5	6545
HS	948	0	7	6552
HS	947	0	8	6560
HS	946	0	6	6566
HS	945	0	2	6568
HS	944	0	8	6576
HS	943	0	3	6579
HS	942	0	6	6585
HS	941	0	3	6588
HS	940	0	5	6593
HS	939	0	3	6596
HS	938	0	2	6598
HS	937	0	7	6605
HS	936	0	3	6608
HS	935	0	4	6612
HS	934	0	5	6617
HS	933	0	2	6619
HS	932	0	3	6622
HS	931	0	5	6627
HS	930	0	5	6632
HS	929	0	3	6635
HS	928	0	11	6646
HS	927	0	13	6659
HS	926	0	2	6661
HS	925	0	8	6669
HS	924	0	4	6673
HS	923	0	4	6677
HS	922	0	5	6682
HS	921	0	4	6686
HS	920	0	7	6693
HS	919	0	12	6705
HS	918	0	9	6714
HS	917	0	11	6725
HS	916	0	7	6732
HS	915	0	6	6738
HS	914	0	5	6743
HS	913	0	8	6751
HS	912	0	11	6762
HS	911	0	7	6769
HS	910	0	8	6777
HS	909	0	5	6782
HS	908	0	7	6789
HS	907	0	5	6794
HS	906	0	9	6803
HS	905	0	7	6810
HS	904	0	7	6817
HS	903	0	4	6821
HS	902	0	10	6831
HS	901	0	5	6836
HS	900	0	8	6844
HS	899	0	8	6852
HS	898	0	6	6858
HS	897	0	8	6866
HS	896	0	8	6874
HS	895	0	7	6881
HS	894	0	10	6891
HS	893	0	6	6897
HS	892	0	5	6902
HS	891	0	7	6909
HS	890	0	7	6916
HS	889	0	7	6923
HS	888	0	5	6928
HS	887	0	6	6934
HS	886	0	9	6943
HS	885	0	3	6946
HS	884	0	10	6956
HS	883	0	4	6960
HS	882	0	8	6968
HS	881	0	7	6975
HS	880	0	6	6981
HS	879	0	8	6989
HS	878	0	6	6995
HS	877	0	6	7001
HS	876	0	11	7012
HS	875	0	4	7016
HS	874	0	7	7023
HS	873	0	10	7033
HS	872	0	7	7040
HS	871	0	6	7046
HS	870	0	5	7051
HS	869	0	8	7059
HS	868	0	7	7066
HS	867	0	9	7075
HS	866	0	6	7081
HS	865	0	10	7091
HS	864	0	7	7098
HS	863	0	9	7107
HS	862	0	11	7118
HS	861	0	12	7130
HS	860	0	6	7136
HS	859	0	2	7138
HS	858	0	10	7148
HS	857	0	9	7157
HS	856	0	4	7161
HS	855	0	9	7170
HS	854	0	8	7178
HS	853	0	6	7184
HS	852	0	10	7194
HS	851	0	9	7203
HS	850	0	9	7212
HS	849	0	5	7217
HS	848	0	5	7222
HS	847	0	4	7226
HS	846	0	14	7240
HS	845	0	3	7243
HS	844	0	6	7249
HS	843	0	5	7254
HS	842	0	7	7261
HS	841	0	13	7274
HS	840	0	6	7280
HS	839	0	5	7285
HS	838	0	11	7296
HS	837	0	10	7306
HS	836	0	11	7317
HS	835	0	12	7329
HS	834	0	5	7334
HS	833	0	9	7343
HS	832	0	14	7357
HS	831	0	19	7376
HS	830	0	8	7384
HS	829	0	15	7399
HS	828	0	10	7409
HS	827	0	11	7420
HS	826	0	21	7441
HS	825	0	13	7454
HS	824	0	13	7467
HS	823	0	13	7480
HS	822	0	23	7503
HS	821	0	12	7515
HS	820	0	17	7532
HS	819	0	16	7548
HS	818	0	12	7560
HS	817	0	16	7576
HS	816	0	13	7589
HS	815	0	5	7594
HS	814	0	18	7612
HS	813	0	10	7622
HS	812	0	8	7630
HS	811	0	12	7642
HS	810	0	16	7658
HS	809	0	11	7669
HS	808	0	12	7681
HS	807	0	14	7695
HS	806	0	10	7705
HS	805	0	9	7714
HS	804	0	5	7719
HS	803	0	11	7730
HS	802	0	9	7739
HS	801	0	11	7750
HS	800	0	16	7766
HS	799	0	14	7780
HS	798	0	11	7791
HS	797	0	9	7800
HS	796	0	11	7811
HS	795	0	9	7820
HS	794	0	14	7834
HS	793	0	18	7852
HS	792	0	18	7870
HS	791	0	11	7881
HS	790	0	12	7893
HS	789	0	14	7907
HS	788	0	17	7924
HS	787	0	17	7941
HS	786	0	10	7951
HS	785	0	10	7961
HS	784	0	14	7975
HS	783	0	12	7987
HS	782	0	15	8002
HS	781	0	12	8014
HS	780	0	8	8022
HS	779	0	12	8034
HS	778	0	9	8043
HS	777	0	10	8053
HS	776	0	12	8065
HS	775	0	10	8075
HS	774	0	15	8090
HS	773	0	15	8105
HS	772	0	14	8119
HS	771	0	8	8127
HS	770	0	10	8137
HS	769	0	9	8146
HS	768	0	7	8153
HS	767	0	14	8167
HS	766	0	10	8177
HS	765	0	10	8187
HS	764	0	18	8205
HS	763	0	12	8217
HS	762	0	14	8231
HS	761	0	12	8243
HS	760	0	9	8252
HS	759	0	11	8263
HS	758	0	5	8268
HS	757	0	15	8283
HS	756	0	10	8293
HS	755	0	14	8307
HS	754	0	12	8319
HS	753	0	8	8327
HS	752	0	15	8342
HS	751	0	11	8353
HS	750	0	11	8364
HS	749	0	9	8373
HS	748	0	12	8385
HS	747	0	6	8391
HS	746	0	7	8398
HS	745	0	12	8410
HS	744	0	8	8418
HS	743	0	13	8431
HS	742	0	6	8437
HS	741	0	9	8446
HS	740	0	8	8454
HS	739	0	7	8461
HS	738	0	11	8472
HS	737	0	7	8479
HS	736	0	7	8486
HS	735	0	5	8491
HS	734	0	14	8505
HS	733	0	4	8509
HS	732	0	5	8514
HS	731	0	9	8523
HS	730	0	10	8533
HS	729	0	11	8544
HS	728	0	7	8551
HS	727	0	10	8561
HS	726	0	6	8567
HS	725	0	5	8572
HS	724	0	4	8576
HS	723	0	8	8584
HS	722	0	7	8591
HS	721	0	7	8598
HS	720	0	8	8606
HS	719	0	11	8617
HS	718	0	5	8622
HS	717	0	9	8631
HS	716	0	11	8642
HS	715	0	7	8649
HS	714	0	9	8658
HS	713	0	10	8668
HS	712	0	11	8679
HS	711	0	9	8688
HS	710	0	7	8695
HS	709	0	5	8700
HS	708	0	5	8705
HS	707	0	9	8714
HS	706	0	2	8716
HS	705	0	7	8723
HS	704	0	6	8729
HS	703	0	8	8737
HS	702	0	7	8744
HS	701	0	4	8748
HS	700	0	9	8757
HS	699	0	11	8768
HS	698	0	14	8782
HS	697	0	11	8793
HS	696	0	9	8802
HS	695	0	10	8812
HS	694	0	2	8814
HS	693	0	6	8820
HS	692	0	6	8826
HS	691	0	6	8832
HS	690	0	1	8833
HS	689	0	4	8837
HS	688	0	5	8842
HS	687	0	3	8845
HS	686	0	2	8847
HS	685	0	5	8852
HS	684	0	8	8860
HS	683	0	6	8866
HS	682	0	8	8874
HS	681	0	4	8878
HS	680	0	8	8886
HS	679	0	15	8901
HS	678	0	6	8907
HS	677	0	12	8919
HS	676	0	16	8935
HS	675	0	9	8944
HS	674	0	11	8955
HS	673	0	9	8964
HS	672	0	10	8974
HS	671	0	9	8983
HS	670	0	5	8988
HS	669	0	9	8997
HS	668	0	7	9004
HS	667	0	13	9017
HS	666	0	10	9027
HS	665	0	13	9040
HS	664	0	14	9054
HS	663	0	15	9069
HS	662	0	16	9085
HS	661	0	12	9097
HS	660	0	12	9109
HS	659	0	12	9121
HS	658	0	14	9135
HS	657	0	7	9142
HS	656	0	14	9156
HS	655	0	15	9171
HS	654	0	15	9186
HS	653	0	23	9209
HS	652	0	8	9217
HS	651	0	11	9228
HS	650	0	16	9244
HS	649	0	13	9257
HS	648	0	12	9269
HS	647	0	14	9283
HS	646	0	17	9300
HS	645	0	12	9312
HS	644	0	12	9324
HS	643	0	11	9335
HS	642	0	11	9346
HS	641	0	8	9354
HS	640	0	9	9363
HS	639	0	11	9374
HS	638	0	7	9381
HS	637	0	7	9388
HS	636	0	11	9399
HS	635	0	9	9408
HS	634	0	8	9416
HS	633	0	13	9429
HS	632	0	11	9440
HS	631	0	12	9452
HS	630	0	10	9462
HS	629	0	14	9476
HS	628	0	8	9484
HS	627	0	14	9498
HS	626	0	14	9512
HS	625	0	4	9516
HS	624	0	11	9527
HS	623	0	12	9539
HS	622	0	10	9549
HS	621	0	10	9559
HS	620	0	12	9571
HS	619	0	11	9582
HS	618	0	7	9589
HS	617	0	4	9593
HS	616	0	14	9607
HS	615	0	7	9614
HS	614	0	13	9627
HS	613	0	11	9638
HS	612	0	14	9652
HS	611	0	11	9663
HS	610	0	9	9672
HS	609	0	14	9686
HS	608	0	25	9711
HS	607	0	13	9724
HS	606	0	13	9737
HS	605	0	12	9749
HS	604	0	7	9756
HS	603	0	8	9764
HS	602	0	22	9786
HS	601	0	13	9799
HS	600	0	10	9809
HS	599	0	19	9828
HS	598	0	18	9846
HS	597	0	11	9857
HS	596	0	17	9874
HS	595	0	9	9883
HS	594	0	12	9895
HS	593	0	15	9910
HS	592	0	18	9928
HS	591	0	16	9944
HS	590	0	9	9953
HS	589	0	23	9976
HS	588	0	11	9987
HS	587	0	17	10004
HS	586	0	20	10024
HS	585	0	21	10045
HS	584	0	13	10058
HS	583	0	23	10081
HS	582	0	13	10094
HS	581	0	15	10109
HS	580	0	23	10132
HS	579	0	21	10153
HS	578	0	17	10170
HS	577	0	17	10187
HS	576	0	19	10206
HS	575	0	11	10217
HS	574	0	16	10233
HS	573	0	16	10249
HS	572	0	19	10268
HS	571	0	17	10285
HS	570	0	22	10307
HS	569	0	18	10325
HS	568	0	14	10339
HS	567	0	15	10354
HS	566	0	17	10371
HS	565	0	23	10394
HS	564	0	18	10412
HS	563	0	15	10427
HS	562	0	26	10453
HS	561	0	14	10467
HS	560	0	19	10486
HS	559	0	12	10498
HS	558	0	18	10516
HS	557	0	13	10529
HS	556	0	11	10540
HS	555	0	25	10565
HS	554	0	15	10580
HS	553	0	18	10598
HS	552	0	19	10617
HS	551	0	24	10641
HS	550	0	22	10663
HS	549	0	23	10686
HS	548	0	16	10702
HS	547	0	41	10743
HS	546	0	27	10770
HS	545	0	28	10798
HS	544	0	19	10817
HS	543	0	22	10839
HS	542	0	29	10868
HS	541	0	32	10900
HS	540	0	24	10924
HS	539	0	30	10954
HS	538	0	31	10985
HS	537	0	40	11025
HS	536	0	25	11050
HS	535	0	40	11090
HS	534	0	36	11126
HS	533	0	36	11162
HS	532	0	43	11205
HS	531	0	26	11231
HS	530	0	42	11273
HS	529	0	31	11304
HS	528	0	44	11348
HS	527	0	28	11376
HS	526	0	42	11418
HS	525	0	25	11443
HS	524	0	36	11479
HS	523	0	39	11518
HS	522	0	41	11559
HS	521	0	47	11606
HS	520	0	52	11658
HS	519	0	48	11706
HS	518	0	39	11745
HS	517	0	35	11780
HS	516	0	42	11822
HS	515	0	40	11862
HS	514	0	49	11911
HS	513	0	42	11953
HS	512	0	34	11987
HS	511	0	46	12033
HS	510	0	40	12073
HS	509	0	36	12109
HS	508	0	38	12147
HS	507	0	41	12188
HS	506	0	48	12236
HS	505	0	51	12287
HS	504	0	52	12339
HS	503	0	40	12379
HS	502	0	62	12441
HS	501	0	48	12489
HS	500	0	51	12540
HS	499	0	51	12591
HS	498	0	56	12647
HS	497	0	57	12704
HS	496	0	43	12747
HS	495	0	57	12804
HS	494	0	56	12860
HS	493	0	52	12912
HS	492	0	53	12965
HS	491	0	40	13005
HS	490	0	59	13064
HS	489	0	54	13118
HS	488	0	48	13166
HS	487	0	51	13217
HS	486	0	39	13256
HS	485	0	53	13309
HS	484	0	42	13351
HS	483	0	50	13401
HS	482	0	41	13442
HS	481	0	36	13478
HS	480	0	45	13523
HS	479	0	36	13559
HS	478	0	42	13601
HS	477	0	41	13642
HS	476	0	42	13684
HS	475	0	49	13733
HS	474	0	60	13793
HS	473	0	32	13825
HS	472	0	50	13875
HS	471	0	44	13919
HS	470	0	63	13982
HS	469	0	55	14037
HS	468	0	55	14092
HS	467	0	66	14158
HS	466	0	52	14210
HS	465	0	53	14263
HS	464	0	53	14316
HS	463	0	62	14378
HS	462	0	46	14424
HS	461	0	69	14493
HS	460	0	75	14568
HS	459	0	65	14633
HS	458	0	90	14723
HS	457	0	92	14815
HS	456	0	95	14910
HS	455	0	95	15005
HS	454	0	73	15078
HS	453	0	87	15165
HS	452	0	88	15253
HS	451	0	79	15332
HS	450	0	88	15420
HS	449	0	103	15523
HS	448	0	105	15628
HS	447	0	116	15744
HS	446	0	112	15856
HS	445	0	113	15969
HS	444	0	134	16103
HS	443	0	134	16237
HS	442	0	140	16377
HS	441	0	161	16538
HS	440	0	164	16702
HS	439	0	156	16858
HS	438	0	159	17017
HS	437	0	189	17206
HS	436	0	152	17358
HS	435	0	158	17516
HS	434	0	169	17685
HS	433	0	186	17871
HS	432	0	189	18060
HS	431	0	199	18259
HS	430	0	222	18481
HS	429	0	247	18728
HS	428	0	226	18954
HS	427	0	208	19162
HS	426	0	233	19395
HS	425	0	241	19636
HS	424	0	230	19866
HS	423	0	257	20123
HS	422	0	269	20392
HS	421	0	273	20665
HS	420	0	291	20956
HS	419	0	299	21255
HS	418	0	304	21559
HS	417	0	303	21862
HS	416	0	348	22210
HS	415	0	322	22532
HS	414	0	372	22904
HS	413	0	325	23229
HS	412	0	349	23578
HS	411	0	416	23994
HS	410	0	392	24386
HS	409	0	354	24740
HS	408	0	408	25148
HS	407	0	461	25609
HS	406	0	465	26074
HS	405	0	499	26573
HS	404	0	505	27078
HS	403	0	485	27563
HS	402	0	524	28087
HS	401	0	535	28622
HS	400	0	477	29099
HS	399	0	566	29665
HS	398	0	607	30272
HS	397	0	571	30843
HS	396	0	651	31494
HS	395	0	639	32133
HS	394	0	703	32836
HS	393	0	724	33560
HS	392	0	777	34337
HS	391	0	737	35074
HS	390	0	789	35863
HS	389	0	809	36672
HS	388	0	873	37545
HS	387	0	844	38389
HS	386	0	921	39310
HS	385	0	966	40276
HS	384	0	1022	41298
HS	383	0	1047	42345
HS	382	0	1086	43431
HS	381	0	1197	44628
HS	380	0	1235	45863
HS	379	0	1248	47111
HS	378	0	1240	48351
HS	377	0	1287	49638
HS	376	0	1232	50870
HS	375	0	1346	52216
HS	374	0	1404	53620
HS	373	0	1410	55030
HS	372	0	1503	56533
HS	371	0	1570	58103
HS	370	0	1593	59696
HS	369	0	1778	61474
HS	368	0	1744	63218
HS	367	0	1803	65021
HS	366	0	1829	66850
HS	365	0	1896	68746
HS	364	0	1982	70728
HS	363	0	2090	72818
HS	362	0	2085	74903
HS	361	0	2216	77119
HS	360	0	2371	79490
HS	359	0	2378	81868
HS	358	0	2452	84320
HS	357	0	2543	86863
HS	356	0	2681	89544
HS	355	0	2660	92204
HS	354	0	2856	95060
HS	353	0	2799	97859
HS	352	0	2975	100834
HS	351	0	3052	103886
HS	350	0	3196	107082
HS	349	0	3215	110297
HS	348	0	3331	113628
HS	347	0	3444	117072
HS	346	0	3603	120675
HS	345	0	3775	124450
HS	344	0	3817	128267
HS	343	0	4063	132330
HS	342	0	4114	136444
HS	341	0	4233	140677
HS	340	0	4420	145097
HS	339	0	4781	149878
HS	338	0	4704	154582
HS	337	0	4805	159387
HS	336	0	4902	164289
HS	335	0	5061	169350
HS	334	0	5225	174575
HS	333	0	5214	179789
HS	332	0	5238	185027
HS	331	0	5560	190587
HS	330	0	5751	196338
HS	329	0	5770	202108
HS	328	0	5819	207927
HS	327	0	6113	214040
HS	326	0	6316	220356
HS	325	0	6428	226784
HS	324	0	6669	233453
HS	323	0	6788	240241
HS	322	0	7106	247347
HS	321	0	7362	254709
HS	320	0	7449	262158
HS	319	0	7710	269868
HS	318	0	7850	277718
HS	317	0	8332	286050
HS	316	0	8382	294432
HS	315	0	8811	303243
HS	314	0	8885	312128
HS	313	0	9260	321388
HS	312	0	9342	330730
HS	311	0	9698	340428
HS	310	0	9760	350188
HS	309	0	10113	360301
HS	308	0	10329	370630
HS	307	0	10461	381091
HS	306	0	10880	391971
HS	305	0	11064	403035
HS	304	0	11518	414553
HS	303	0	11577	426130
HS	302	0	11832	437962
HS	301	0	12139	450101
HS	300	0	12410	462511
HS	299	0	12545	475056
HS	298	0	12899	487955
HS	297	0	13170	501125
HS	296	0	13254	514379
HS	295	0	13582	527961
HS	294	0	14072	542033
HS	293	0	14465	556498
HS	292	0	14610	571108
HS	291	0	14958	586066
HS	290	0	15526	601592
HS	289	0	15781	617373
HS	288	0	16219	633592
HS	287	0	16201	649793
HS	286	0	17232	667025
HS	285	0	16979	684004
HS	284	0	17361	701365
HS	283	0	17822	719187
HS	282	0	18315	737502
HS	281	0	18675	756177
HS	280	0	18722	774899
HS	279	0	18946	793845
HS	278	0	19195	813040
HS	277	0	19771	832811
HS	276	0	20135	852946
HS	275	0	20389	873335
HS	274	0	20737	894072
HS	273	0	21216	915288
HS	272	0	21591	936879
HS	271	0	21575	958454
HS	270	0	21854	980308
HS	269	0	22776	1003084
HS	268	0	22821	1025905
HS	267	0	23315	1049220
HS	266	0	23938	1073158
HS	265	0	24267	1097425
HS	264	0	24633	1122058
HS	263	0	24901	1146959
HS	262	0	25249	1172208
HS	261	0	25766	1197974
HS	260	0	26340	1224314
HS	259	0	26560	1250874
HS	258	0	26951	1277825
HS	257	0	27433	1305258
HS	256	0	27862	1333120
HS	255	0	28323	1361443
HS	254	0	28448	1389891
HS	253	0	28613	1418504
HS	252	0	29236	1447740
HS	251	0	29563	1477303
HS	250	0	29735	1507038
HS	249	0	30276	1537314
HS	248	0	30636	1567950
HS	247	0	30862	1598812
HS	246	0	31531	1630343
HS	245	0	31726	1662069
HS	244	0	32292	1694361
HS	243	0	32590	1726951
HS	242	0	32683	1759634
HS	241	0	32989	1792623
HS	240	0	32979	1825602
HS	239	0	33599	1859201
HS	238	0	33940	1893141
HS	237	0	34163	1927304
HS	236	0	34320	1961624
HS	235	0	34140	1995764
HS	234	0	34649	2030413
HS	233	0	34673	2065086
HS	232	0	35288	2100374
HS	231	0	35364	2135738
HS	230	0	35401	2171139
HS	229	0	35499	2206638
HS	228	0	35748	2242386
HS	227	0	35628	2278014
HS	226	0	35702	2313716
HS	225	0	35870	2349586
HS	224	0	36122	2385708
HS	223	0	36407	2422115
HS	222	0	36519	2458634
HS	221	0	36565	2495199
HS	220	0	36543	2531742
HS	219	0	36431	2568173
HS	218	0	36451	2604624
HS	217	0	36705	2641329
HS	216	0	36418	2677747
HS	215	0	36565	2714312
HS	214	0	36865	2751177
HS	213	0	36517	2787694
HS	212	0	36438	2824132
HS	211	0	36567	2860699
HS	210	0	36434	2897133
HS	209	0	36516	2933649
HS	208	0	36442	2970091
HS	207	0	36123	3006214
HS	206	0	36339	3042553
HS	205	0	36276	3078829
HS	204	0	36145	3114974
HS	203	0	35820	3150794
HS	202	0	36027	3186821
HS	201	0	35498	3222319
HS	200	0	35627	3257946
HS	199	0	35208	3293154
HS	198	0	35005	3328159
HS	197	0	34715	3362874
HS	196	0	34667	3397541
HS	195	0	34299	3431840
HS	194	0	33940	3465780
HS	193	0	33760	3499540
HS	192	0	33581	3533121
HS	191	0	33609	3566730
HS	190	0	33195	3599925
HS	189	0	32681	3632606
HS	188	0	32551	3665157
HS	187	0	31889	3697046
HS	186	0	32036	3729082
HS	185	0	31705	3760787
HS	184	0	31311	3792098
HS	183	0	31020	3823118
HS	182	0	30986	3854104
HS	181	0	30314	3884418
HS	180	0	30312	3914730
HS	179	0	30172	3944902
HS	178	0	29698	3974600
HS	177	0	30054	4004654
HS	176	0	29141	4033795
HS	175	0	28970	4062765
HS	174	0	28448	4091213
HS	173	0	28461	4119674
HS	172	0	28002	4147676
HS	171	0	27738	4175414
HS	170	0	27141	4202555
HS	169	0	26328	4228883
HS	168	0	25994	4254877
HS	167	0	25408	4280285
HS	166	0	25098	4305383
HS	165	0	24734	4330117
HS	164	0	24299	4354416
HS	163	0	23622	4378038
HS	162	0	23227	4401265
HS	161	0	23093	4424358
HS	160	0	22661	4447019
HS	159	0	22104	4469123
HS	158	0	21803	4490926
HS	157	0	21738	4512664
HS	156	0	21293	4533957
HS	155	0	20935	4554892
HS	154	0	20367	4575259
HS	153	0	20456	4595715
HS	152	0	19688	4615403
HS	151	0	19343	4634746
HS	150	0	19259	4654005
HS	149	0	18545	4672550
HS	148	0	18278	4690828
HS	147	0	17899	4708727
HS	146	0	17417	4726144
HS	145	0	16985	4743129
HS	144	0	16850	4759979
HS	143	0	16446	4776425
HS	142	0	16090	4792515
HS	141	0	15611	4808126
HS	140	0	15201	4823327
HS	139	0	14640	4837967
HS	138	0	14586	4852553
HS	137	0	14327	4866880
HS	136	0	14131	4881011
HS	135	0	13627	4894638
HS	134	0	13384	4908022
HS	133	0	12924	4920946
HS	132	0	12440	4933386
HS	131	0	12360	4945746
HS	130	0	11928	4957674
HS	129	0	11745	4969419
HS	128	0	11291	4980710
HS	127	0	11051	4991761
HS	126	0	10895	5002656
HS	125	0	10350	5013006
HS	124	0	10307	5023313
HS	123	0	9872	5033185
HS	122	0	9775	5042960
HS	121	0	9557	5052517
HS	120	0	9351	5061868
HS	119	0	9038	5070906
HS	118	0	8951	5079857
HS	117	0	8644	5088501
HS	116	0	8537	5097038
HS	115	0	8284	5105322
HS	114	0	8423	5113745
HS	113	0	7982	5121727
HS	112	0	7855	5129582
HS	111	0	7368	5136950
HS	110	0	7171	5144121
HS	109	0	6919	5151040
HS	108	0	6480	5157520
HS	107	0	6411	5163931
HS	106	0	6263	5170194
HS	105	0	6156	5176350
HS	104	0	6009	5182359
HS	103	0	5826	5188185
HS	102	0	5843	5194028
HS	101	0	5472	5199500
HS	100	0	5445	5204945
HS	99	0	5103	5210048
HS	98	0	4982	5215030
HS	97	0	4828	5219858
HS	96	0	4713	5224571
HS	95	0	4529	5229100
HS	94	0	4268	5233368
HS	93	0	4160	5237528
HS	92	0	4086	5241614
HS	91	0	3999	5245613
HS	90	0	3825	5249438
HS	89	0	3572	5253010
HS	88	0	3589	5256599
HS	87	0	3492	5260091
HS	86	0	3292	5263383
HS	85	0	3068	5266451
HS	84	0	3142	5269593
HS	83	0	3083	5272676
HS	82	0	2942	5275618
HS	81	0	2825	5278443
HS	80	0	2840	5281283
HS	79	0	2569	5283852
HS	78	0	2436	5286288
HS	77	0	2499	5288787
HS	76	0	2352	5291139
HS	75	0	2330	5293469
HS	74	0	2162	5295631
HS	73	0	2119	5297750
HS	72	0	2215	5299965
HS	71	0	2083	5302048
HS	70	0	1939	5303987
HS	69	0	1969	5305956
HS	68	0	1879	5307835
HS	67	0	1759	5309594
HS	66	0	1853	5311447
HS	65	0	1803	5313250
HS	64	0	1719	5314969
HS	63	0	1627	5316596
HS	62	0	1590	5318186
HS	61	0	1494	5319680
HS	60	0	1551	5321231
HS	59	0	1470	5322701
HS	58	0	1406	5324107
HS	57	0	1339	5325446
HS	56	0	1254	5326700
HS	55	0	1307	5328007
HS	54	0	1186	5329193
HS	53	0	1195	5330388
HS	52	0	1220	5331608
HS	51	0	1210	5332818
HS	50	0	1333	5334151
HS	49	0	1263	5335414
HS	48	0	1205	5336619
HS	47	0	1162	5337781
HS	46	0	1142	5338923
HS	45	0	1153	5340076
HS	44	0	1164	5341240
HS	43	0	1316	5342556
HS	42	0	1297	5343853
HS	41	0	1283	5345136
HS	40	0	1335	5346471
HS	39	0	1311	5347782
HS	38	0	1421	5349203
HS	37	0	1414	5350617
HS	36	0	1457	5352074
HS	35	0	1649	5353723
HS	34	0	1827	5355550
HS	33	0	2176	5357726
HS	32	0	2392	5360118
HS	31	0	2856	5362974
HS	30	0	2883	5365857
HS	29	0	3405	5369262
HS	28	0	3786	5373048
HS	27	0	4184	5377232
HS	26	0	4911	5382143
HS	25	0	5521	5387664
HS	24	0	6324	5393988
HS	23	0	7719	5401707
HS	22	0	9430	5411137
HS	21	0	11005	5422142
HS	20	0	12635	5434777
HS	19	0	15204	5449981
HS	18	0	18019	5468000
HS	17	0	22207	5490207
HS	16	0	26571	5516778
HS	15	0	32095	5548873
HS	14	0	38753	5587626
HS	13	0	48763	5636389
HS	12	0	59888	5696277
HS	11	0	76504	5772781
HS	10	0	100542	5873323
HS	9	0	134440	6007763
HS	8	0	186995	6194758
HS	7	0	278653	6473411
HS	6	0	444082	6917493
HS	5	0	787877	7705370
HS	4	0	1621542	9326912
HS	3	0	4059510	13386422
HS	2	0	14088009	27474431
HS	1	0	0	27474431
HS	0	0	0	27474431
