CC	CT  kmer_occurrence    short_read_kmer_count  raw_input_kmer_count  adjusted_input_kmer_count
CC	FR  fpr_lower_bound    fpr_upper_bound
CC	ER  total_input_kmers  adjusted_error_kmers
CC	CV  coverage
CC	QV  raw_quality_value  adjusted_quality_value
CC
SQ	CP128168.1	3676902	3676872	3676872	99.00
CT	1023	558886	593969	593969.000
CT	1022	3226	3227	3227.000
CT	1021	3326	3326	3326.000
CT	1020	3388	3389	3389.000
CT	1019	3372	3371	3371.000
CT	1018	3331	3331	3331.000
CT	1017	3387	3387	3387.000
CT	1016	3440	3440	3440.000
CT	1015	3494	3494	3494.000
CT	1014	3509	3509	3509.000
CT	1013	3398	3397	3397.000
CT	1012	3489	3490	3490.000
CT	1011	3506	3506	3506.000
CT	1010	3549	3547	3547.000
CT	1009	3455	3453	3453.000
CT	1008	3486	3486	3486.000
CT	1007	3549	3548	3548.000
CT	1006	3561	3562	3562.000
CT	1005	3514	3512	3512.000
CT	1004	3562	3563	3563.000
CT	1003	3705	3705	3705.000
CT	1002	3671	3673	3673.000
CT	1001	3607	3605	3605.000
CT	1000	3600	3600	3600.000
CT	999	3626	3626	3626.000
CT	998	3757	3757	3757.000
CT	997	3724	3722	3722.000
CT	996	3709	3709	3709.000
CT	995	3745	3746	3746.000
CT	994	3678	3678	3678.000
CT	993	3812	3811	3811.000
CT	992	3783	3783	3783.000
CT	991	3837	3837	3837.000
CT	990	3875	3874	3874.000
CT	989	3740	3740	3740.000
CT	988	3826	3825	3825.000
CT	987	3865	3863	3863.000
CT	986	3944	3945	3945.000
CT	985	3955	3955	3955.000
CT	984	3963	3963	3963.000
CT	983	4001	4001	4001.000
CT	982	3982	3981	3981.000
CT	981	3985	3985	3985.000
CT	980	4015	4013	4013.000
CT	979	4073	4073	4073.000
CT	978	4102	4101	4101.000
CT	977	4058	4058	4058.000
CT	976	4060	4059	4059.000
CT	975	4124	4122	4122.000
CT	974	4140	4140	4140.000
CT	973	4221	4222	4222.000
CT	972	4053	4053	4053.000
CT	971	4122	4122	4122.000
CT	970	4119	4119	4119.000
CT	969	4171	4168	4168.000
CT	968	4341	4341	4341.000
CT	967	4098	4099	4099.000
CT	966	4288	4287	4287.000
CT	965	4172	4170	4170.000
CT	964	4351	4351	4351.000
CT	963	4300	4300	4300.000
CT	962	4153	4153	4153.000
CT	961	4331	4332	4332.000
CT	960	4239	4239	4239.000
CT	959	4273	4273	4273.000
CT	958	4371	4370	4370.000
CT	957	4378	4380	4380.000
CT	956	4282	4279	4279.000
CT	955	4445	4445	4445.000
CT	954	4343	4341	4341.000
CT	953	4446	4445	4445.000
CT	952	4522	4521	4521.000
CT	951	4396	4394	4394.000
CT	950	4611	4609	4609.000
CT	949	4533	4532	4532.000
CT	948	4632	4633	4633.000
CT	947	4543	4540	4540.000
CT	946	4741	4741	4741.000
CT	945	4532	4533	4533.000
CT	944	4677	4677	4677.000
CT	943	4655	4652	4652.000
CT	942	4654	4655	4655.000
CT	941	4738	4736	4736.000
CT	940	4687	4688	4688.000
CT	939	4709	4710	4710.000
CT	938	4684	4684	4684.000
CT	937	4718	4716	4716.000
CT	936	4793	4792	4792.000
CT	935	4752	4750	4750.000
CT	934	4853	4851	4851.000
CT	933	4717	4716	4716.000
CT	932	4836	4834	4834.000
CT	931	4879	4879	4879.000
CT	930	4856	4855	4855.000
CT	929	4847	4844	4844.000
CT	928	4936	4933	4933.000
CT	927	4960	4958	4958.000
CT	926	4960	4956	4956.000
CT	925	5023	5021	5021.000
CT	924	5141	5140	5140.000
CT	923	5152	5150	5150.000
CT	922	5155	5152	5152.000
CT	921	5290	5292	5292.000
CT	920	5038	5034	5034.000
CT	919	5182	5179	5179.000
CT	918	5205	5201	5201.000
CT	917	5284	5282	5282.000
CT	916	5277	5277	5277.000
CT	915	5131	5130	5130.000
CT	914	5365	5364	5364.000
CT	913	5287	5286	5286.000
CT	912	5406	5406	5406.000
CT	911	5321	5319	5319.000
CT	910	5431	5428	5428.000
CT	909	5293	5293	5293.000
CT	908	5442	5441	5441.000
CT	907	5506	5506	5506.000
CT	906	5543	5542	5542.000
CT	905	5491	5492	5492.000
CT	904	5523	5522	5522.000
CT	903	5565	5565	5565.000
CT	902	5574	5573	5573.000
CT	901	5709	5708	5708.000
CT	900	5720	5720	5720.000
CT	899	5517	5516	5516.000
CT	898	5672	5671	5671.000
CT	897	5676	5676	5676.000
CT	896	5718	5716	5716.000
CT	895	5770	5768	5768.000
CT	894	5818	5817	5817.000
CT	893	5669	5667	5667.000
CT	892	5784	5782	5782.000
CT	891	5838	5838	5838.000
CT	890	5735	5733	5733.000
CT	889	5844	5845	5845.000
CT	888	5981	5980	5980.000
CT	887	5904	5904	5904.000
CT	886	6106	6106	6106.000
CT	885	6030	6030	6030.000
CT	884	6058	6058	6058.000
CT	883	5961	5961	5961.000
CT	882	6070	6069	6069.000
CT	881	6082	6081	6081.000
CT	880	6224	6224	6224.000
CT	879	6152	6151	6151.000
CT	878	6176	6175	6175.000
CT	877	6338	6338	6338.000
CT	876	6121	6121	6121.000
CT	875	6275	6275	6275.000
CT	874	6403	6402	6402.000
CT	873	6315	6314	6314.000
CT	872	6349	6349	6349.000
CT	871	6467	6467	6467.000
CT	870	6461	6460	6460.000
CT	869	6456	6456	6456.000
CT	868	6433	6433	6433.000
CT	867	6514	6512	6512.000
CT	866	6580	6580	6580.000
CT	865	6322	6320	6320.000
CT	864	6595	6593	6593.000
CT	863	6522	6522	6522.000
CT	862	6610	6610	6610.000
CT	861	6543	6543	6543.000
CT	860	6591	6591	6591.000
CT	859	6884	6884	6884.000
CT	858	6716	6716	6716.000
CT	857	6619	6619	6619.000
CT	856	6543	6542	6542.000
CT	855	6610	6610	6610.000
CT	854	6738	6738	6738.000
CT	853	6744	6744	6744.000
CT	852	6788	6788	6788.000
CT	851	6827	6827	6827.000
CT	850	6815	6815	6815.000
CT	849	6898	6898	6898.000
CT	848	6908	6908	6908.000
CT	847	6807	6807	6807.000
CT	846	6906	6906	6906.000
CT	845	6904	6904	6904.000
CT	844	6892	6892	6892.000
CT	843	6928	6928	6928.000
CT	842	6982	6982	6982.000
CT	841	6946	6946	6946.000
CT	840	7035	7035	7035.000
CT	839	7022	7022	7022.000
CT	838	7060	7060	7060.000
CT	837	7032	7032	7032.000
CT	836	6939	6939	6939.000
CT	835	7150	7150	7150.000
CT	834	7147	7147	7147.000
CT	833	7157	7156	7156.000
CT	832	7079	7079	7079.000
CT	831	7122	7121	7121.000
CT	830	7216	7216	7216.000
CT	829	7156	7153	7153.000
CT	828	7212	7212	7212.000
CT	827	7475	7475	7475.000
CT	826	7234	7233	7233.000
CT	825	7348	7348	7348.000
CT	824	7504	7503	7503.000
CT	823	7415	7414	7414.000
CT	822	7494	7492	7492.000
CT	821	7581	7581	7581.000
CT	820	7465	7464	7464.000
CT	819	7487	7487	7487.000
CT	818	7383	7383	7383.000
CT	817	7535	7532	7532.000
CT	816	7487	7486	7486.000
CT	815	7516	7514	7514.000
CT	814	7495	7493	7493.000
CT	813	7511	7511	7511.000
CT	812	7589	7587	7587.000
CT	811	7642	7642	7642.000
CT	810	7730	7729	7729.000
CT	809	7720	7718	7718.000
CT	808	7705	7705	7705.000
CT	807	7721	7721	7721.000
CT	806	7622	7620	7620.000
CT	805	7802	7801	7801.000
CT	804	7480	7480	7480.000
CT	803	7855	7853	7853.000
CT	802	7746	7745	7745.000
CT	801	7811	7811	7811.000
CT	800	7865	7863	7863.000
CT	799	7737	7737	7737.000
CT	798	7849	7846	7846.000
CT	797	7913	7911	7911.000
CT	796	7981	7979	7979.000
CT	795	8014	8012	8012.000
CT	794	8051	8050	8050.000
CT	793	8065	8062	8062.000
CT	792	8115	8113	8113.000
CT	791	8027	8027	8027.000
CT	790	8081	8078	8078.000
CT	789	8268	8263	8263.000
CT	788	8041	8041	8041.000
CT	787	8232	8230	8230.000
CT	786	8277	8273	8273.000
CT	785	8124	8121	8121.000
CT	784	8138	8137	8137.000
CT	783	8177	8174	8174.000
CT	782	8233	8229	8229.000
CT	781	8179	8178	8178.000
CT	780	8255	8255	8255.000
CT	779	8232	8232	8232.000
CT	778	8358	8358	8358.000
CT	777	8378	8375	8375.000
CT	776	8265	8265	8265.000
CT	775	8478	8476	8476.000
CT	774	8293	8293	8293.000
CT	773	8241	8241	8241.000
CT	772	8400	8399	8399.000
CT	771	8451	8449	8449.000
CT	770	8430	8427	8427.000
CT	769	8392	8391	8391.000
CT	768	8463	8461	8461.000
CT	767	8468	8468	8468.000
CT	766	8462	8461	8461.000
CT	765	8492	8490	8490.000
CT	764	8564	8564	8564.000
CT	763	8551	8549	8549.000
CT	762	8534	8531	8531.000
CT	761	8575	8574	8574.000
CT	760	8428	8426	8426.000
CT	759	8579	8579	8579.000
CT	758	8653	8651	8651.000
CT	757	8573	8569	8569.000
CT	756	8500	8498	8498.000
CT	755	8436	8436	8436.000
CT	754	8511	8511	8511.000
CT	753	8429	8428	8428.000
CT	752	8377	8374	8374.000
CT	751	8614	8612	8612.000
CT	750	8454	8453	8453.000
CT	749	8656	8655	8655.000
CT	748	8571	8570	8570.000
CT	747	8509	8508	8508.000
CT	746	8431	8430	8430.000
CT	745	8550	8547	8547.000
CT	744	8492	8492	8492.000
CT	743	8549	8547	8547.000
CT	742	8520	8516	8516.000
CT	741	8510	8507	8507.000
CT	740	8508	8506	8506.000
CT	739	8596	8595	8595.000
CT	738	8543	8543	8543.000
CT	737	8616	8614	8614.000
CT	736	8627	8621	8621.000
CT	735	8538	8538	8538.000
CT	734	8686	8686	8686.000
CT	733	8554	8551	8551.000
CT	732	8427	8425	8425.000
CT	731	8527	8524	8524.000
CT	730	8324	8322	8322.000
CT	729	8463	8461	8461.000
CT	728	8486	8484	8484.000
CT	727	8381	8379	8379.000
CT	726	8499	8495	8495.000
CT	725	8500	8498	8498.000
CT	724	8514	8511	8511.000
CT	723	8470	8468	8468.000
CT	722	8687	8686	8686.000
CT	721	8353	8351	8351.000
CT	720	8551	8551	8551.000
CT	719	8304	8300	8300.000
CT	718	8460	8459	8459.000
CT	717	8249	8248	8248.000
CT	716	8349	8348	8348.000
CT	715	8290	8288	8288.000
CT	714	8376	8374	8374.000
CT	713	8387	8387	8387.000
CT	712	8233	8231	8231.000
CT	711	8286	8286	8286.000
CT	710	8325	8325	8325.000
CT	709	8271	8271	8271.000
CT	708	8265	8265	8265.000
CT	707	8152	8151	8151.000
CT	706	8207	8207	8207.000
CT	705	8251	8250	8250.000
CT	704	8163	8163	8163.000
CT	703	8180	8180	8180.000
CT	702	8012	8012	8012.000
CT	701	8195	8193	8193.000
CT	700	8269	8269	8269.000
CT	699	7948	7948	7948.000
CT	698	8326	8326	8326.000
CT	697	7946	7946	7946.000
CT	696	8073	8072	8072.000
CT	695	7977	7977	7977.000
CT	694	8206	8206	8206.000
CT	693	8124	8124	8124.000
CT	692	8019	8017	8017.000
CT	691	7809	7809	7809.000
CT	690	7888	7888	7888.000
CT	689	8101	8100	8100.000
CT	688	7957	7957	7957.000
CT	687	7944	7943	7943.000
CT	686	7885	7883	7883.000
CT	685	7796	7795	7795.000
CT	684	7765	7765	7765.000
CT	683	7641	7640	7640.000
CT	682	7706	7704	7704.000
CT	681	7920	7919	7919.000
CT	680	7730	7729	7729.000
CT	679	7593	7592	7592.000
CT	678	7701	7701	7701.000
CT	677	7534	7534	7534.000
CT	676	7673	7673	7673.000
CT	675	7586	7585	7585.000
CT	674	7635	7635	7635.000
CT	673	7491	7491	7491.000
CT	672	7516	7515	7515.000
CT	671	7454	7452	7452.000
CT	670	7556	7555	7555.000
CT	669	7469	7467	7467.000
CT	668	7384	7382	7382.000
CT	667	7449	7449	7449.000
CT	666	7237	7237	7237.000
CT	665	7443	7442	7442.000
CT	664	7333	7333	7333.000
CT	663	7229	7227	7227.000
CT	662	7265	7266	7266.000
CT	661	7301	7298	7298.000
CT	660	7243	7243	7243.000
CT	659	7458	7457	7457.000
CT	658	7340	7342	7342.000
CT	657	7215	7215	7215.000
CT	656	7249	7246	7246.000
CT	655	7168	7167	7167.000
CT	654	7091	7090	7090.000
CT	653	7062	7061	7061.000
CT	652	7237	7237	7237.000
CT	651	6831	6831	6831.000
CT	650	7113	7113	7113.000
CT	649	6998	6998	6998.000
CT	648	7009	7009	7009.000
CT	647	6950	6950	6950.000
CT	646	6855	6855	6855.000
CT	645	6794	6793	6793.000
CT	644	6946	6943	6943.000
CT	643	6783	6783	6783.000
CT	642	6670	6670	6670.000
CT	641	6710	6709	6709.000
CT	640	6594	6594	6594.000
CT	639	6609	6607	6607.000
CT	638	6530	6530	6530.000
CT	637	6616	6614	6614.000
CT	636	6593	6592	6592.000
CT	635	6480	6479	6479.000
CT	634	6419	6418	6418.000
CT	633	6323	6323	6323.000
CT	632	6359	6359	6359.000
CT	631	6210	6209	6209.000
CT	630	6210	6207	6207.000
CT	629	6067	6067	6067.000
CT	628	6255	6255	6255.000
CT	627	5999	5998	5998.000
CT	626	6083	6083	6083.000
CT	625	6005	6004	6004.000
CT	624	5958	5956	5956.000
CT	623	5948	5947	5947.000
CT	622	5887	5885	5885.000
CT	621	5877	5877	5877.000
CT	620	5831	5829	5829.000
CT	619	5789	5785	5785.000
CT	618	5724	5723	5723.000
CT	617	5596	5595	5595.000
CT	616	5608	5606	5606.000
CT	615	5592	5592	5592.000
CT	614	5428	5427	5427.000
CT	613	5430	5427	5427.000
CT	612	5272	5270	5270.000
CT	611	5356	5356	5356.000
CT	610	5327	5326	5326.000
CT	609	5151	5148	5148.000
CT	608	5174	5172	5172.000
CT	607	5306	5304	5304.000
CT	606	5032	5032	5032.000
CT	605	4990	4989	4989.000
CT	604	5129	5128	5128.000
CT	603	5136	5133	5133.000
CT	602	5112	5112	5112.000
CT	601	5037	5036	5036.000
CT	600	4964	4964	4964.000
CT	599	4844	4843	4843.000
CT	598	4811	4811	4811.000
CT	597	4778	4776	4776.000
CT	596	4750	4749	4749.000
CT	595	4731	4731	4731.000
CT	594	4864	4864	4864.000
CT	593	4540	4539	4539.000
CT	592	4726	4725	4725.000
CT	591	4562	4562	4562.000
CT	590	4559	4558	4558.000
CT	589	4497	4495	4495.000
CT	588	4406	4406	4406.000
CT	587	4362	4361	4361.000
CT	586	4326	4326	4326.000
CT	585	4333	4333	4333.000
CT	584	4303	4302	4302.000
CT	583	4272	4271	4271.000
CT	582	4132	4132	4132.000
CT	581	4137	4137	4137.000
CT	580	4169	4168	4168.000
CT	579	4087	4087	4087.000
CT	578	4182	4181	4181.000
CT	577	4000	4000	4000.000
CT	576	3950	3950	3950.000
CT	575	3899	3898	3898.000
CT	574	3953	3952	3952.000
CT	573	3797	3796	3796.000
CT	572	3882	3882	3882.000
CT	571	3768	3768	3768.000
CT	570	3734	3734	3734.000
CT	569	3711	3710	3710.000
CT	568	3628	3628	3628.000
CT	567	3595	3595	3595.000
CT	566	3512	3509	3509.000
CT	565	3476	3475	3475.000
CT	564	3504	3504	3504.000
CT	563	3458	3457	3457.000
CT	562	3452	3452	3452.000
CT	561	3436	3435	3435.000
CT	560	3203	3203	3203.000
CT	559	3330	3330	3330.000
CT	558	3191	3191	3191.000
CT	557	3143	3142	3142.000
CT	556	3207	3205	3205.000
CT	555	3078	3078	3078.000
CT	554	2904	2904	2904.000
CT	553	2916	2916	2916.000
CT	552	2927	2927	2927.000
CT	551	2860	2860	2860.000
CT	550	2836	2836	2836.000
CT	549	2758	2758	2758.000
CT	548	2746	2744	2744.000
CT	547	2629	2629	2629.000
CT	546	2858	2857	2857.000
CT	545	2562	2562	2562.000
CT	544	2552	2550	2550.000
CT	543	2589	2588	2588.000
CT	542	2622	2622	2622.000
CT	541	2620	2619	2619.000
CT	540	2498	2498	2498.000
CT	539	2499	2498	2498.000
CT	538	2483	2480	2480.000
CT	537	2439	2436	2436.000
CT	536	2361	2360	2360.000
CT	535	2317	2317	2317.000
CT	534	2294	2294	2294.000
CT	533	2347	2346	2346.000
CT	532	2271	2270	2270.000
CT	531	2264	2262	2262.000
CT	530	2163	2162	2162.000
CT	529	2174	2174	2174.000
CT	528	2196	2192	2192.000
CT	527	2139	2138	2138.000
CT	526	2071	2070	2070.000
CT	525	2091	2091	2091.000
CT	524	1895	1895	1895.000
CT	523	2039	2039	2039.000
CT	522	1947	1947	1947.000
CT	521	1857	1857	1857.000
CT	520	1846	1846	1846.000
CT	519	1924	1922	1922.000
CT	518	1794	1794	1794.000
CT	517	1722	1720	1720.000
CT	516	1787	1786	1786.000
CT	515	1751	1749	1749.000
CT	514	1643	1641	1641.000
CT	513	1697	1696	1696.000
CT	512	1581	1580	1580.000
CT	511	1593	1592	1592.000
CT	510	1602	1602	1602.000
CT	509	1622	1620	1620.000
CT	508	1602	1602	1602.000
CT	507	1444	1442	1442.000
CT	506	1461	1459	1459.000
CT	505	1431	1429	1429.000
CT	504	1375	1373	1373.000
CT	503	1397	1395	1395.000
CT	502	1444	1443	1443.000
CT	501	1338	1338	1338.000
CT	500	1289	1287	1287.000
CT	499	1342	1338	1338.000
CT	498	1252	1250	1250.000
CT	497	1234	1231	1231.000
CT	496	1168	1167	1167.000
CT	495	1157	1155	1155.000
CT	494	1221	1220	1220.000
CT	493	1121	1119	1119.000
CT	492	1112	1111	1111.000
CT	491	1063	1062	1062.000
CT	490	1053	1052	1052.000
CT	489	1079	1079	1079.000
CT	488	1095	1093	1093.000
CT	487	961	960	960.000
CT	486	956	955	955.000
CT	485	947	946	946.000
CT	484	888	887	887.000
CT	483	900	900	900.000
CT	482	912	912	912.000
CT	481	957	957	957.000
CT	480	874	873	873.000
CT	479	774	774	774.000
CT	478	766	766	766.000
CT	477	778	778	778.000
CT	476	784	784	784.000
CT	475	720	720	720.000
CT	474	776	776	776.000
CT	473	752	752	752.000
CT	472	718	718	718.000
CT	471	753	753	753.000
CT	470	701	700	700.000
CT	469	644	644	644.000
CT	468	666	664	664.000
CT	467	658	657	657.000
CT	466	646	643	643.000
CT	465	620	616	616.000
CT	464	597	594	594.000
CT	463	594	593	593.000
CT	462	589	587	587.000
CT	461	584	581	581.000
CT	460	579	577	577.000
CT	459	534	533	533.000
CT	458	499	498	498.000
CT	457	528	528	528.000
CT	456	509	506	506.000
CT	455	492	489	489.000
CT	454	485	483	483.000
CT	453	453	452	452.000
CT	452	441	441	441.000
CT	451	398	396	396.000
CT	450	433	431	431.000
CT	449	401	400	400.000
CT	448	393	390	390.000
CT	447	386	384	384.000
CT	446	353	352	352.000
CT	445	368	367	367.000
CT	444	356	356	356.000
CT	443	328	326	326.000
CT	442	327	326	326.000
CT	441	346	345	345.000
CT	440	294	291	291.000
CT	439	280	277	277.000
CT	438	269	266	266.000
CT	437	304	303	303.000
CT	436	302	301	301.000
CT	435	291	291	291.000
CT	434	268	265	265.000
CT	433	257	257	257.000
CT	432	230	229	229.000
CT	431	252	250	250.000
CT	430	278	277	277.000
CT	429	231	229	229.000
CT	428	210	210	210.000
CT	427	223	223	223.000
CT	426	216	216	216.000
CT	425	206	206	206.000
CT	424	184	183	183.000
CT	423	212	212	212.000
CT	422	193	193	193.000
CT	421	201	201	201.000
CT	420	182	182	182.000
CT	419	189	188	188.000
CT	418	194	193	193.000
CT	417	200	198	198.000
CT	416	185	184	184.000
CT	415	181	177	177.000
CT	414	169	167	167.000
CT	413	160	159	159.000
CT	412	164	164	164.000
CT	411	154	154	154.000
CT	410	157	156	156.000
CT	409	143	141	141.000
CT	408	134	133	133.000
CT	407	166	162	162.000
CT	406	118	116	116.000
CT	405	149	147	147.000
CT	404	151	150	150.000
CT	403	140	137	137.000
CT	402	120	119	119.000
CT	401	132	132	132.000
CT	400	116	114	114.000
CT	399	120	116	116.000
CT	398	132	131	131.000
CT	397	117	113	113.000
CT	396	100	100	100.000
CT	395	83	83	83.000
CT	394	104	101	101.000
CT	393	112	110	110.000
CT	392	98	94	94.000
CT	391	108	103	103.000
CT	390	92	90	90.000
CT	389	77	77	77.000
CT	388	82	82	82.000
CT	387	83	82	82.000
CT	386	83	80	80.000
CT	385	72	70	70.000
CT	384	87	85	85.000
CT	383	70	68	68.000
CT	382	90	84	84.000
CT	381	79	79	79.000
CT	380	73	71	71.000
CT	379	71	68	68.000
CT	378	56	55	55.000
CT	377	55	53	53.000
CT	376	70	67	67.000
CT	375	62	60	60.000
CT	374	64	60	60.000
CT	373	46	44	44.000
CT	372	58	56	56.000
CT	371	59	57	57.000
CT	370	58	55	55.000
CT	369	49	48	48.000
CT	368	50	48	48.000
CT	367	45	42	42.000
CT	366	43	42	42.000
CT	365	38	35	35.000
CT	364	43	40	40.000
CT	363	49	45	45.000
CT	362	35	33	33.000
CT	361	37	37	37.000
CT	360	38	38	38.000
CT	359	44	39	39.000
CT	358	33	33	33.000
CT	357	46	46	46.000
CT	356	21	20	20.000
CT	355	23	23	23.000
CT	354	32	30	30.000
CT	353	37	32	32.000
CT	352	29	29	29.000
CT	351	34	29	29.000
CT	350	32	32	32.000
CT	349	29	27	27.000
CT	348	30	24	24.000
CT	347	33	27	27.000
CT	346	27	20	20.000
CT	345	13	11	11.000
CT	344	17	12	12.000
CT	343	22	17	17.000
CT	342	22	21	21.000
CT	341	22	21	21.000
CT	340	27	22	22.000
CT	339	29	24	24.000
CT	338	26	24	24.000
CT	337	29	25	25.000
CT	336	25	23	23.000
CT	335	18	12	12.000
CT	334	22	17	17.000
CT	333	10	10	10.000
CT	332	22	18	18.000
CT	331	15	11	11.000
CT	330	28	24	24.000
CT	329	20	15	15.000
CT	328	18	14	14.000
CT	327	18	10	10.000
CT	326	16	13	13.000
CT	325	18	12	12.000
CT	324	14	11	11.000
CT	323	19	13	13.000
CT	322	11	8	8.000
CT	321	18	16	16.000
CT	320	16	11	11.000
CT	319	18	12	12.000
CT	318	13	10	10.000
CT	317	20	15	15.000
CT	316	8	3	3.000
CT	315	11	7	7.000
CT	314	18	13	13.000
CT	313	21	15	15.000
CT	312	14	11	11.000
CT	311	25	17	17.000
CT	310	19	15	15.000
CT	309	12	10	10.000
CT	308	22	17	17.000
CT	307	26	21	21.000
CT	306	18	10	10.000
CT	305	19	10	10.000
CT	304	19	11	11.000
CT	303	20	13	13.000
CT	302	19	12	12.000
CT	301	18	7	7.000
CT	300	12	9	9.000
CT	299	17	10	10.000
CT	298	16	6	6.000
CT	297	16	9	9.000
CT	296	19	11	11.000
CT	295	18	8	8.000
CT	294	17	7	7.000
CT	293	18	8	8.000
CT	292	11	5	5.000
CT	291	15	6	6.000
CT	290	14	4	4.000
CT	289	16	5	5.000
CT	288	16	5	5.000
CT	287	16	6	6.000
CT	286	11	6	6.000
CT	285	15	5	5.000
CT	284	16	9	9.000
CT	283	15	7	7.000
CT	282	13	8	8.000
CT	281	14	8	8.000
CT	280	16	8	8.000
CT	279	10	5	5.000
CT	278	17	6	6.000
CT	277	11	3	3.000
CT	276	12	5	5.000
CT	275	15	3	3.000
CT	274	18	6	6.000
CT	273	14	6	6.000
CT	272	16	5	5.000
CT	271	9	5	5.000
CT	270	15	3	3.000
CT	269	18	10	10.000
CT	268	14	5	5.000
CT	267	23	2	2.000
CT	266	12	3	3.000
CT	265	14	6	6.000
CT	264	17	2	2.000
CT	263	9	2	2.000
CT	262	10	3	3.000
CT	261	19	4	4.000
CT	260	12	3	3.000
CT	259	19	2	2.000
CT	258	21	5	5.000
CT	257	8	1	1.000
CT	256	11	1	1.000
CT	255	15	0	0.000
CT	254	14	1	1.000
CT	253	12	0	0.000
CT	252	12	3	3.000
CT	251	14	4	4.000
CT	250	13	3	3.000
CT	249	11	4	4.000
CT	248	16	3	3.000
CT	247	15	3	3.000
CT	246	18	7	7.000
CT	245	19	4	4.000
CT	244	20	2	2.000
CT	243	16	4	4.000
CT	242	24	4	4.000
CT	241	13	3	3.000
CT	240	17	3	3.000
CT	239	18	4	4.000
CT	238	17	2	2.000
CT	237	17	4	4.000
CT	236	16	0	0.000
CT	235	22	3	3.000
CT	234	28	3	3.000
CT	233	21	1	1.000
CT	232	11	1	1.000
CT	231	13	1	1.000
CT	230	16	1	1.000
CT	229	13	3	3.000
CT	228	12	0	0.000
CT	227	9	0	0.000
CT	226	16	0	0.000
CT	225	16	0	0.000
CT	224	19	0	0.000
CT	223	10	0	0.000
CT	222	13	0	0.000
CT	221	11	0	0.000
CT	220	14	3	3.000
CT	219	16	1	1.000
CT	218	16	2	2.000
CT	217	16	2	2.000
CT	216	10	0	0.000
CT	215	16	2	2.000
CT	214	23	0	0.000
CT	213	24	1	1.000
CT	212	24	1	1.000
CT	211	19	0	0.000
CT	210	29	1	1.000
CT	209	20	0	0.000
CT	208	19	0	0.000
CT	207	26	0	0.000
CT	206	24	0	0.000
CT	205	22	1	1.000
CT	204	19	0	0.000
CT	203	25	0	0.000
CT	202	19	0	0.000
CT	201	23	1	1.000
CT	200	15	3	3.000
CT	199	11	0	0.000
CT	198	13	0	0.000
CT	197	21	0	0.000
CT	196	19	0	0.000
CT	195	12	1	1.000
CT	194	22	0	0.000
CT	193	19	0	0.000
CT	192	30	2	2.000
CT	191	14	3	3.000
CT	190	15	1	1.000
CT	189	18	0	0.000
CT	188	34	2	2.000
CT	187	25	1	1.000
CT	186	29	1	1.000
CT	185	30	0	0.000
CT	184	32	1	1.000
CT	183	31	2	2.000
CT	182	35	1	1.000
CT	181	25	0	0.000
CT	180	35	2	2.000
CT	179	49	3	3.000
CT	178	39	0	0.000
CT	177	37	0	0.000
CT	176	33	0	0.000
CT	175	31	0	0.000
CT	174	23	0	0.000
CT	173	29	0	0.000
CT	172	35	0	0.000
CT	171	63	2	2.000
CT	170	45	2	2.000
CT	169	46	1	1.000
CT	168	31	1	1.000
CT	167	48	0	0.000
CT	166	46	2	2.000
CT	165	43	0	0.000
CT	164	53	2	2.000
CT	163	58	0	0.000
CT	162	50	1	1.000
CT	161	42	0	0.000
CT	160	58	0	0.000
CT	159	55	0	0.000
CT	158	51	0	0.000
CT	157	56	0	0.000
CT	156	45	0	0.000
CT	155	50	0	0.000
CT	154	55	0	0.000
CT	153	63	0	0.000
CT	152	43	0	0.000
CT	151	28	0	0.000
CT	150	56	0	0.000
CT	149	64	0	0.000
CT	148	56	0	0.000
CT	147	87	0	0.000
CT	146	58	0	0.000
CT	145	86	0	0.000
CT	144	83	0	0.000
CT	143	67	0	0.000
CT	142	76	0	0.000
CT	141	74	0	0.000
CT	140	80	0	0.000
CT	139	82	0	0.000
CT	138	80	0	0.000
CT	137	74	0	0.000
CT	136	89	0	0.000
CT	135	87	0	0.000
CT	134	93	0	0.000
CT	133	108	0	0.000
CT	132	100	0	0.000
CT	131	84	0	0.000
CT	130	90	0	0.000
CT	129	70	0	0.000
CT	128	75	0	0.000
CT	127	80	1	1.000
CT	126	86	0	0.000
CT	125	73	0	0.000
CT	124	93	0	0.000
CT	123	126	0	0.000
CT	122	122	1	1.000
CT	121	116	0	0.000
CT	120	93	0	0.000
CT	119	118	0	0.000
CT	118	118	0	0.000
CT	117	111	0	0.000
CT	116	121	0	0.000
CT	115	124	0	0.000
CT	114	114	1	1.000
CT	113	116	0	0.000
CT	112	154	0	0.000
CT	111	144	0	0.000
CT	110	162	0	0.000
CT	109	153	0	0.000
CT	108	143	1	1.000
CT	107	188	2	2.000
CT	106	185	2	2.000
CT	105	166	0	0.000
CT	104	196	0	0.000
CT	103	195	0	0.000
CT	102	229	0	0.000
CT	101	222	0	0.000
CT	100	231	0	0.000
CT	99	202	0	0.000
CT	98	254	0	0.000
CT	97	198	0	0.000
CT	96	266	0	0.000
CT	95	270	0	0.000
CT	94	253	0	0.000
CT	93	288	0	0.000
CT	92	269	0	0.000
CT	91	292	0	0.000
CT	90	325	0	0.000
CT	89	322	0	0.000
CT	88	345	0	0.000
CT	87	373	0	0.000
CT	86	363	0	0.000
CT	85	353	0	0.000
CT	84	328	0	0.000
CT	83	348	0	0.000
CT	82	382	0	0.000
CT	81	393	0	0.000
CT	80	406	0	0.000
CT	79	475	0	0.000
CT	78	490	0	0.000
CT	77	494	0	0.000
CT	76	515	0	0.000
CT	75	559	0	0.000
CT	74	593	0	0.000
CT	73	617	0	0.000
CT	72	678	0	0.000
CT	71	628	0	0.000
CT	70	658	0	0.000
CT	69	674	0	0.000
CT	68	687	0	0.000
CT	67	754	0	0.000
CT	66	793	0	0.000
CT	65	830	0	0.000
CT	64	895	0	0.000
CT	63	970	0	0.000
CT	62	1029	0	0.000
CT	61	1020	0	0.000
CT	60	1139	0	0.000
CT	59	1185	0	0.000
CT	58	1223	0	0.000
CT	57	1317	0	0.000
CT	56	1396	0	0.000
CT	55	1503	0	0.000
CT	54	1647	0	0.000
CT	53	1682	0	0.000
CT	52	1779	0	0.000
CT	51	1938	0	0.000
CT	50	1965	0	0.000
CT	49	2033	0	0.000
CT	48	2149	0	0.000
CT	47	2385	0	0.000
CT	46	2500	0	0.000
CT	45	2675	0	0.000
CT	44	2924	0	0.000
CT	43	3192	0	0.000
CT	42	3271	0	0.000
CT	41	3439	0	0.000
CT	40	3655	0	0.000
CT	39	3880	0	0.000
CT	38	4295	0	0.000
CT	37	4594	0	0.000
CT	36	4983	0	0.000
CT	35	5124	0	0.000
CT	34	5558	0	0.000
CT	33	6040	0	0.000
CT	32	6675	0	0.000
CT	31	7138	0	0.000
CT	30	8253	0	0.000
CT	29	9523	0	0.000
CT	28	10493	0	0.000
CT	27	11469	0	0.000
CT	26	12991	0	0.000
CT	25	14628	0	0.000
CT	24	16764	0	0.000
CT	23	18667	0	0.000
CT	22	21547	0	0.000
CT	21	24790	0	0.000
CT	20	28392	0	0.000
CT	19	32827	0	0.000
CT	18	39781	0	0.000
CT	17	47630	0	0.000
CT	16	57765	0	0.000
CT	15	71540	0	0.000
CT	14	90781	0	0.000
CT	13	116754	0	0.000
CT	12	152849	0	0.000
CT	11	206430	0	0.000
CT	10	290471	0	0.000
CT	9	418832	0	0.000
CT	8	630228	0	0.000
CT	7	978723	0	0.000
CT	6	1595818	0	0.000
CT	5	2765782	0	0.000
CT	4	5203192	0	0.000
CT	3	11028620	0	0.000
CT	2	28431393	0	0.000
CT	1	0	0	-nan
CT	0	0	0	-nan
FR	0	0
ER	3676872	0.000
CV	1.000
QV	inf	inf
