HS	1023	0	558886	558886
HS	1022	0	3226	562112
HS	1021	0	3326	565438
HS	1020	0	3388	568826
HS	1019	0	3372	572198
HS	1018	0	3331	575529
HS	1017	0	3387	578916
HS	1016	0	3440	582356
HS	1015	0	3494	585850
HS	1014	0	3509	589359
HS	1013	0	3398	592757
HS	1012	0	3489	596246
HS	1011	0	3506	599752
HS	1010	0	3549	603301
HS	1009	0	3455	606756
HS	1008	0	3486	610242
HS	1007	0	3549	613791
HS	1006	0	3561	617352
HS	1005	0	3514	620866
HS	1004	0	3562	624428
HS	1003	0	3705	628133
HS	1002	0	3671	631804
HS	1001	0	3607	635411
HS	1000	0	3600	639011
HS	999	0	3626	642637
HS	998	0	3757	646394
HS	997	0	3724	650118
HS	996	0	3709	653827
HS	995	0	3745	657572
HS	994	0	3678	661250
HS	993	0	3812	665062
HS	992	0	3783	668845
HS	991	0	3837	672682
HS	990	0	3875	676557
HS	989	0	3740	680297
HS	988	0	3826	684123
HS	987	0	3865	687988
HS	986	0	3944	691932
HS	985	0	3955	695887
HS	984	0	3963	699850
HS	983	0	4001	703851
HS	982	0	3982	707833
HS	981	0	3985	711818
HS	980	0	4015	715833
HS	979	0	4073	719906
HS	978	0	4102	724008
HS	977	0	4058	728066
HS	976	0	4060	732126
HS	975	0	4124	736250
HS	974	0	4140	740390
HS	973	0	4221	744611
HS	972	0	4053	748664
HS	971	0	4122	752786
HS	970	0	4119	756905
HS	969	0	4171	761076
HS	968	0	4341	765417
HS	967	0	4098	769515
HS	966	0	4288	773803
HS	965	0	4172	777975
HS	964	0	4351	782326
HS	963	0	4300	786626
HS	962	0	4153	790779
HS	961	0	4331	795110
HS	960	0	4239	799349
HS	959	0	4273	803622
HS	958	0	4371	807993
HS	957	0	4378	812371
HS	956	0	4282	816653
HS	955	0	4445	821098
HS	954	0	4343	825441
HS	953	0	4446	829887
HS	952	0	4522	834409
HS	951	0	4396	838805
HS	950	0	4611	843416
HS	949	0	4533	847949
HS	948	0	4632	852581
HS	947	0	4543	857124
HS	946	0	4741	861865
HS	945	0	4532	866397
HS	944	0	4677	871074
HS	943	0	4655	875729
HS	942	0	4654	880383
HS	941	0	4738	885121
HS	940	0	4687	889808
HS	939	0	4709	894517
HS	938	0	4684	899201
HS	937	0	4718	903919
HS	936	0	4793	908712
HS	935	0	4752	913464
HS	934	0	4853	918317
HS	933	0	4717	923034
HS	932	0	4836	927870
HS	931	0	4879	932749
HS	930	0	4856	937605
HS	929	0	4847	942452
HS	928	0	4936	947388
HS	927	0	4960	952348
HS	926	0	4960	957308
HS	925	0	5023	962331
HS	924	0	5141	967472
HS	923	0	5152	972624
HS	922	0	5155	977779
HS	921	0	5290	983069
HS	920	0	5038	988107
HS	919	0	5182	993289
HS	918	0	5205	998494
HS	917	0	5284	1003778
HS	916	0	5277	1009055
HS	915	0	5131	1014186
HS	914	0	5365	1019551
HS	913	0	5287	1024838
HS	912	0	5406	1030244
HS	911	0	5321	1035565
HS	910	0	5431	1040996
HS	909	0	5293	1046289
HS	908	0	5442	1051731
HS	907	0	5506	1057237
HS	906	0	5543	1062780
HS	905	0	5491	1068271
HS	904	0	5523	1073794
HS	903	0	5565	1079359
HS	902	0	5574	1084933
HS	901	0	5709	1090642
HS	900	0	5720	1096362
HS	899	0	5517	1101879
HS	898	0	5672	1107551
HS	897	0	5676	1113227
HS	896	0	5718	1118945
HS	895	0	5770	1124715
HS	894	0	5818	1130533
HS	893	0	5669	1136202
HS	892	0	5784	1141986
HS	891	0	5838	1147824
HS	890	0	5735	1153559
HS	889	0	5844	1159403
HS	888	0	5981	1165384
HS	887	0	5904	1171288
HS	886	0	6106	1177394
HS	885	0	6030	1183424
HS	884	0	6058	1189482
HS	883	0	5961	1195443
HS	882	0	6070	1201513
HS	881	0	6082	1207595
HS	880	0	6224	1213819
HS	879	0	6152	1219971
HS	878	0	6176	1226147
HS	877	0	6338	1232485
HS	876	0	6121	1238606
HS	875	0	6275	1244881
HS	874	0	6403	1251284
HS	873	0	6315	1257599
HS	872	0	6349	1263948
HS	871	0	6467	1270415
HS	870	0	6461	1276876
HS	869	0	6456	1283332
HS	868	0	6433	1289765
HS	867	0	6514	1296279
HS	866	0	6580	1302859
HS	865	0	6322	1309181
HS	864	0	6595	1315776
HS	863	0	6522	1322298
HS	862	0	6610	1328908
HS	861	0	6543	1335451
HS	860	0	6591	1342042
HS	859	0	6884	1348926
HS	858	0	6716	1355642
HS	857	0	6619	1362261
HS	856	0	6543	1368804
HS	855	0	6610	1375414
HS	854	0	6738	1382152
HS	853	0	6744	1388896
HS	852	0	6788	1395684
HS	851	0	6827	1402511
HS	850	0	6815	1409326
HS	849	0	6898	1416224
HS	848	0	6908	1423132
HS	847	0	6807	1429939
HS	846	0	6906	1436845
HS	845	0	6904	1443749
HS	844	0	6892	1450641
HS	843	0	6928	1457569
HS	842	0	6982	1464551
HS	841	0	6946	1471497
HS	840	0	7035	1478532
HS	839	0	7022	1485554
HS	838	0	7060	1492614
HS	837	0	7032	1499646
HS	836	0	6939	1506585
HS	835	0	7150	1513735
HS	834	0	7147	1520882
HS	833	0	7157	1528039
HS	832	0	7079	1535118
HS	831	0	7122	1542240
HS	830	0	7216	1549456
HS	829	0	7156	1556612
HS	828	0	7212	1563824
HS	827	0	7475	1571299
HS	826	0	7234	1578533
HS	825	0	7348	1585881
HS	824	0	7504	1593385
HS	823	0	7415	1600800
HS	822	0	7494	1608294
HS	821	0	7581	1615875
HS	820	0	7465	1623340
HS	819	0	7487	1630827
HS	818	0	7383	1638210
HS	817	0	7535	1645745
HS	816	0	7487	1653232
HS	815	0	7516	1660748
HS	814	0	7495	1668243
HS	813	0	7511	1675754
HS	812	0	7589	1683343
HS	811	0	7642	1690985
HS	810	0	7730	1698715
HS	809	0	7720	1706435
HS	808	0	7705	1714140
HS	807	0	7721	1721861
HS	806	0	7622	1729483
HS	805	0	7802	1737285
HS	804	0	7480	1744765
HS	803	0	7855	1752620
HS	802	0	7746	1760366
HS	801	0	7811	1768177
HS	800	0	7865	1776042
HS	799	0	7737	1783779
HS	798	0	7849	1791628
HS	797	0	7913	1799541
HS	796	0	7981	1807522
HS	795	0	8014	1815536
HS	794	0	8051	1823587
HS	793	0	8065	1831652
HS	792	0	8115	1839767
HS	791	0	8027	1847794
HS	790	0	8081	1855875
HS	789	0	8268	1864143
HS	788	0	8041	1872184
HS	787	0	8232	1880416
HS	786	0	8277	1888693
HS	785	0	8124	1896817
HS	784	0	8138	1904955
HS	783	0	8177	1913132
HS	782	0	8233	1921365
HS	781	0	8179	1929544
HS	780	0	8255	1937799
HS	779	0	8232	1946031
HS	778	0	8358	1954389
HS	777	0	8378	1962767
HS	776	0	8265	1971032
HS	775	0	8478	1979510
HS	774	0	8293	1987803
HS	773	0	8241	1996044
HS	772	0	8400	2004444
HS	771	0	8451	2012895
HS	770	0	8430	2021325
HS	769	0	8392	2029717
HS	768	0	8463	2038180
HS	767	0	8468	2046648
HS	766	0	8462	2055110
HS	765	0	8492	2063602
HS	764	0	8564	2072166
HS	763	0	8551	2080717
HS	762	0	8534	2089251
HS	761	0	8575	2097826
HS	760	0	8428	2106254
HS	759	0	8579	2114833
HS	758	0	8653	2123486
HS	757	0	8573	2132059
HS	756	0	8500	2140559
HS	755	0	8436	2148995
HS	754	0	8511	2157506
HS	753	0	8429	2165935
HS	752	0	8377	2174312
HS	751	0	8614	2182926
HS	750	0	8454	2191380
HS	749	0	8656	2200036
HS	748	0	8571	2208607
HS	747	0	8509	2217116
HS	746	0	8431	2225547
HS	745	0	8550	2234097
HS	744	0	8492	2242589
HS	743	0	8549	2251138
HS	742	0	8520	2259658
HS	741	0	8510	2268168
HS	740	0	8508	2276676
HS	739	0	8596	2285272
HS	738	0	8543	2293815
HS	737	0	8616	2302431
HS	736	0	8627	2311058
HS	735	0	8538	2319596
HS	734	0	8686	2328282
HS	733	0	8554	2336836
HS	732	0	8427	2345263
HS	731	0	8527	2353790
HS	730	0	8324	2362114
HS	729	0	8463	2370577
HS	728	0	8486	2379063
HS	727	0	8381	2387444
HS	726	0	8499	2395943
HS	725	0	8500	2404443
HS	724	0	8514	2412957
HS	723	0	8470	2421427
HS	722	0	8687	2430114
HS	721	0	8353	2438467
HS	720	0	8551	2447018
HS	719	0	8304	2455322
HS	718	0	8460	2463782
HS	717	0	8249	2472031
HS	716	0	8349	2480380
HS	715	0	8290	2488670
HS	714	0	8376	2497046
HS	713	0	8387	2505433
HS	712	0	8233	2513666
HS	711	0	8286	2521952
HS	710	0	8325	2530277
HS	709	0	8271	2538548
HS	708	0	8265	2546813
HS	707	0	8152	2554965
HS	706	0	8207	2563172
HS	705	0	8251	2571423
HS	704	0	8163	2579586
HS	703	0	8180	2587766
HS	702	0	8012	2595778
HS	701	0	8195	2603973
HS	700	0	8269	2612242
HS	699	0	7948	2620190
HS	698	0	8326	2628516
HS	697	0	7946	2636462
HS	696	0	8073	2644535
HS	695	0	7977	2652512
HS	694	0	8206	2660718
HS	693	0	8124	2668842
HS	692	0	8019	2676861
HS	691	0	7809	2684670
HS	690	0	7888	2692558
HS	689	0	8101	2700659
HS	688	0	7957	2708616
HS	687	0	7944	2716560
HS	686	0	7885	2724445
HS	685	0	7796	2732241
HS	684	0	7765	2740006
HS	683	0	7641	2747647
HS	682	0	7706	2755353
HS	681	0	7920	2763273
HS	680	0	7730	2771003
HS	679	0	7593	2778596
HS	678	0	7701	2786297
HS	677	0	7534	2793831
HS	676	0	7673	2801504
HS	675	0	7586	2809090
HS	674	0	7635	2816725
HS	673	0	7491	2824216
HS	672	0	7516	2831732
HS	671	0	7454	2839186
HS	670	0	7556	2846742
HS	669	0	7469	2854211
HS	668	0	7384	2861595
HS	667	0	7449	2869044
HS	666	0	7237	2876281
HS	665	0	7443	2883724
HS	664	0	7333	2891057
HS	663	0	7229	2898286
HS	662	0	7265	2905551
HS	661	0	7301	2912852
HS	660	0	7243	2920095
HS	659	0	7458	2927553
HS	658	0	7340	2934893
HS	657	0	7215	2942108
HS	656	0	7249	2949357
HS	655	0	7168	2956525
HS	654	0	7091	2963616
HS	653	0	7062	2970678
HS	652	0	7237	2977915
HS	651	0	6831	2984746
HS	650	0	7113	2991859
HS	649	0	6998	2998857
HS	648	0	7009	3005866
HS	647	0	6950	3012816
HS	646	0	6855	3019671
HS	645	0	6794	3026465
HS	644	0	6946	3033411
HS	643	0	6783	3040194
HS	642	0	6670	3046864
HS	641	0	6710	3053574
HS	640	0	6594	3060168
HS	639	0	6609	3066777
HS	638	0	6530	3073307
HS	637	0	6616	3079923
HS	636	0	6593	3086516
HS	635	0	6480	3092996
HS	634	0	6419	3099415
HS	633	0	6323	3105738
HS	632	0	6359	3112097
HS	631	0	6210	3118307
HS	630	0	6210	3124517
HS	629	0	6067	3130584
HS	628	0	6255	3136839
HS	627	0	5999	3142838
HS	626	0	6083	3148921
HS	625	0	6005	3154926
HS	624	0	5958	3160884
HS	623	0	5948	3166832
HS	622	0	5887	3172719
HS	621	0	5877	3178596
HS	620	0	5831	3184427
HS	619	0	5789	3190216
HS	618	0	5724	3195940
HS	617	0	5596	3201536
HS	616	0	5608	3207144
HS	615	0	5592	3212736
HS	614	0	5428	3218164
HS	613	0	5430	3223594
HS	612	0	5272	3228866
HS	611	0	5356	3234222
HS	610	0	5327	3239549
HS	609	0	5151	3244700
HS	608	0	5174	3249874
HS	607	0	5306	3255180
HS	606	0	5032	3260212
HS	605	0	4990	3265202
HS	604	0	5129	3270331
HS	603	0	5136	3275467
HS	602	0	5112	3280579
HS	601	0	5037	3285616
HS	600	0	4964	3290580
HS	599	0	4844	3295424
HS	598	0	4811	3300235
HS	597	0	4778	3305013
HS	596	0	4750	3309763
HS	595	0	4731	3314494
HS	594	0	4864	3319358
HS	593	0	4540	3323898
HS	592	0	4726	3328624
HS	591	0	4562	3333186
HS	590	0	4559	3337745
HS	589	0	4497	3342242
HS	588	0	4406	3346648
HS	587	0	4362	3351010
HS	586	0	4326	3355336
HS	585	0	4333	3359669
HS	584	0	4303	3363972
HS	583	0	4272	3368244
HS	582	0	4132	3372376
HS	581	0	4137	3376513
HS	580	0	4169	3380682
HS	579	0	4087	3384769
HS	578	0	4182	3388951
HS	577	0	4000	3392951
HS	576	0	3950	3396901
HS	575	0	3899	3400800
HS	574	0	3953	3404753
HS	573	0	3797	3408550
HS	572	0	3882	3412432
HS	571	0	3768	3416200
HS	570	0	3734	3419934
HS	569	0	3711	3423645
HS	568	0	3628	3427273
HS	567	0	3595	3430868
HS	566	0	3512	3434380
HS	565	0	3476	3437856
HS	564	0	3504	3441360
HS	563	0	3458	3444818
HS	562	0	3452	3448270
HS	561	0	3436	3451706
HS	560	0	3203	3454909
HS	559	0	3330	3458239
HS	558	0	3191	3461430
HS	557	0	3143	3464573
HS	556	0	3207	3467780
HS	555	0	3078	3470858
HS	554	0	2904	3473762
HS	553	0	2916	3476678
HS	552	0	2927	3479605
HS	551	0	2860	3482465
HS	550	0	2836	3485301
HS	549	0	2758	3488059
HS	548	0	2746	3490805
HS	547	0	2629	3493434
HS	546	0	2858	3496292
HS	545	0	2562	3498854
HS	544	0	2552	3501406
HS	543	0	2589	3503995
HS	542	0	2622	3506617
HS	541	0	2620	3509237
HS	540	0	2498	3511735
HS	539	0	2499	3514234
HS	538	0	2483	3516717
HS	537	0	2439	3519156
HS	536	0	2361	3521517
HS	535	0	2317	3523834
HS	534	0	2294	3526128
HS	533	0	2347	3528475
HS	532	0	2271	3530746
HS	531	0	2264	3533010
HS	530	0	2163	3535173
HS	529	0	2174	3537347
HS	528	0	2196	3539543
HS	527	0	2139	3541682
HS	526	0	2071	3543753
HS	525	0	2091	3545844
HS	524	0	1895	3547739
HS	523	0	2039	3549778
HS	522	0	1947	3551725
HS	521	0	1857	3553582
HS	520	0	1846	3555428
HS	519	0	1924	3557352
HS	518	0	1794	3559146
HS	517	0	1722	3560868
HS	516	0	1787	3562655
HS	515	0	1751	3564406
HS	514	0	1643	3566049
HS	513	0	1697	3567746
HS	512	0	1581	3569327
HS	511	0	1593	3570920
HS	510	0	1602	3572522
HS	509	0	1622	3574144
HS	508	0	1602	3575746
HS	507	0	1444	3577190
HS	506	0	1461	3578651
HS	505	0	1431	3580082
HS	504	0	1375	3581457
HS	503	0	1397	3582854
HS	502	0	1444	3584298
HS	501	0	1338	3585636
HS	500	0	1289	3586925
HS	499	0	1342	3588267
HS	498	0	1252	3589519
HS	497	0	1234	3590753
HS	496	0	1168	3591921
HS	495	0	1157	3593078
HS	494	0	1221	3594299
HS	493	0	1121	3595420
HS	492	0	1112	3596532
HS	491	0	1063	3597595
HS	490	0	1053	3598648
HS	489	0	1079	3599727
HS	488	0	1095	3600822
HS	487	0	961	3601783
HS	486	0	956	3602739
HS	485	0	947	3603686
HS	484	0	888	3604574
HS	483	0	900	3605474
HS	482	0	912	3606386
HS	481	0	957	3607343
HS	480	0	874	3608217
HS	479	0	774	3608991
HS	478	0	766	3609757
HS	477	0	778	3610535
HS	476	0	784	3611319
HS	475	0	720	3612039
HS	474	0	776	3612815
HS	473	0	752	3613567
HS	472	0	718	3614285
HS	471	0	753	3615038
HS	470	0	701	3615739
HS	469	0	644	3616383
HS	468	0	666	3617049
HS	467	0	658	3617707
HS	466	0	646	3618353
HS	465	0	620	3618973
HS	464	0	597	3619570
HS	463	0	594	3620164
HS	462	0	589	3620753
HS	461	0	584	3621337
HS	460	0	579	3621916
HS	459	0	534	3622450
HS	458	0	499	3622949
HS	457	0	528	3623477
HS	456	0	509	3623986
HS	455	0	492	3624478
HS	454	0	485	3624963
HS	453	0	453	3625416
HS	452	0	441	3625857
HS	451	0	398	3626255
HS	450	0	433	3626688
HS	449	0	401	3627089
HS	448	0	393	3627482
HS	447	0	386	3627868
HS	446	0	353	3628221
HS	445	0	368	3628589
HS	444	0	356	3628945
HS	443	0	328	3629273
HS	442	0	327	3629600
HS	441	0	346	3629946
HS	440	0	294	3630240
HS	439	0	280	3630520
HS	438	0	269	3630789
HS	437	0	304	3631093
HS	436	0	302	3631395
HS	435	0	291	3631686
HS	434	0	268	3631954
HS	433	0	257	3632211
HS	432	0	230	3632441
HS	431	0	252	3632693
HS	430	0	278	3632971
HS	429	0	231	3633202
HS	428	0	210	3633412
HS	427	0	223	3633635
HS	426	0	216	3633851
HS	425	0	206	3634057
HS	424	0	184	3634241
HS	423	0	212	3634453
HS	422	0	193	3634646
HS	421	0	201	3634847
HS	420	0	182	3635029
HS	419	0	189	3635218
HS	418	0	194	3635412
HS	417	0	200	3635612
HS	416	0	185	3635797
HS	415	0	181	3635978
HS	414	0	169	3636147
HS	413	0	160	3636307
HS	412	0	164	3636471
HS	411	0	154	3636625
HS	410	0	157	3636782
HS	409	0	143	3636925
HS	408	0	134	3637059
HS	407	0	166	3637225
HS	406	0	118	3637343
HS	405	0	149	3637492
HS	404	0	151	3637643
HS	403	0	140	3637783
HS	402	0	120	3637903
HS	401	0	132	3638035
HS	400	0	116	3638151
HS	399	0	120	3638271
HS	398	0	132	3638403
HS	397	0	117	3638520
HS	396	0	100	3638620
HS	395	0	83	3638703
HS	394	0	104	3638807
HS	393	0	112	3638919
HS	392	0	98	3639017
HS	391	0	108	3639125
HS	390	0	92	3639217
HS	389	0	77	3639294
HS	388	0	82	3639376
HS	387	0	83	3639459
HS	386	0	83	3639542
HS	385	0	72	3639614
HS	384	0	87	3639701
HS	383	0	70	3639771
HS	382	0	90	3639861
HS	381	0	79	3639940
HS	380	0	73	3640013
HS	379	0	71	3640084
HS	378	0	56	3640140
HS	377	0	55	3640195
HS	376	0	70	3640265
HS	375	0	62	3640327
HS	374	0	64	3640391
HS	373	0	46	3640437
HS	372	0	58	3640495
HS	371	0	59	3640554
HS	370	0	58	3640612
HS	369	0	49	3640661
HS	368	0	50	3640711
HS	367	0	45	3640756
HS	366	0	43	3640799
HS	365	0	38	3640837
HS	364	0	43	3640880
HS	363	0	49	3640929
HS	362	0	35	3640964
HS	361	0	37	3641001
HS	360	0	38	3641039
HS	359	0	44	3641083
HS	358	0	33	3641116
HS	357	0	46	3641162
HS	356	0	21	3641183
HS	355	0	23	3641206
HS	354	0	32	3641238
HS	353	0	37	3641275
HS	352	0	29	3641304
HS	351	0	34	3641338
HS	350	0	32	3641370
HS	349	0	29	3641399
HS	348	0	30	3641429
HS	347	0	33	3641462
HS	346	0	27	3641489
HS	345	0	13	3641502
HS	344	0	17	3641519
HS	343	0	22	3641541
HS	342	0	22	3641563
HS	341	0	22	3641585
HS	340	0	27	3641612
HS	339	0	29	3641641
HS	338	0	26	3641667
HS	337	0	29	3641696
HS	336	0	25	3641721
HS	335	0	18	3641739
HS	334	0	22	3641761
HS	333	0	10	3641771
HS	332	0	22	3641793
HS	331	0	15	3641808
HS	330	0	28	3641836
HS	329	0	20	3641856
HS	328	0	18	3641874
HS	327	0	18	3641892
HS	326	0	16	3641908
HS	325	0	18	3641926
HS	324	0	14	3641940
HS	323	0	19	3641959
HS	322	0	11	3641970
HS	321	0	18	3641988
HS	320	0	16	3642004
HS	319	0	18	3642022
HS	318	0	13	3642035
HS	317	0	20	3642055
HS	316	0	8	3642063
HS	315	0	11	3642074
HS	314	0	18	3642092
HS	313	0	21	3642113
HS	312	0	14	3642127
HS	311	0	25	3642152
HS	310	0	19	3642171
HS	309	0	12	3642183
HS	308	0	22	3642205
HS	307	0	26	3642231
HS	306	0	18	3642249
HS	305	0	19	3642268
HS	304	0	19	3642287
HS	303	0	20	3642307
HS	302	0	19	3642326
HS	301	0	18	3642344
HS	300	0	12	3642356
HS	299	0	17	3642373
HS	298	0	16	3642389
HS	297	0	16	3642405
HS	296	0	19	3642424
HS	295	0	18	3642442
HS	294	0	17	3642459
HS	293	0	18	3642477
HS	292	0	11	3642488
HS	291	0	15	3642503
HS	290	0	14	3642517
HS	289	0	16	3642533
HS	288	0	16	3642549
HS	287	0	16	3642565
HS	286	0	11	3642576
HS	285	0	15	3642591
HS	284	0	16	3642607
HS	283	0	15	3642622
HS	282	0	13	3642635
HS	281	0	14	3642649
HS	280	0	16	3642665
HS	279	0	10	3642675
HS	278	0	17	3642692
HS	277	0	11	3642703
HS	276	0	12	3642715
HS	275	0	15	3642730
HS	274	0	18	3642748
HS	273	0	14	3642762
HS	272	0	16	3642778
HS	271	0	9	3642787
HS	270	0	15	3642802
HS	269	0	18	3642820
HS	268	0	14	3642834
HS	267	0	23	3642857
HS	266	0	12	3642869
HS	265	0	14	3642883
HS	264	0	17	3642900
HS	263	0	9	3642909
HS	262	0	10	3642919
HS	261	0	19	3642938
HS	260	0	12	3642950
HS	259	0	19	3642969
HS	258	0	21	3642990
HS	257	0	8	3642998
HS	256	0	11	3643009
HS	255	0	15	3643024
HS	254	0	14	3643038
HS	253	0	12	3643050
HS	252	0	12	3643062
HS	251	0	14	3643076
HS	250	0	13	3643089
HS	249	0	11	3643100
HS	248	0	16	3643116
HS	247	0	15	3643131
HS	246	0	18	3643149
HS	245	0	19	3643168
HS	244	0	20	3643188
HS	243	0	16	3643204
HS	242	0	24	3643228
HS	241	0	13	3643241
HS	240	0	17	3643258
HS	239	0	18	3643276
HS	238	0	17	3643293
HS	237	0	17	3643310
HS	236	0	16	3643326
HS	235	0	22	3643348
HS	234	0	28	3643376
HS	233	0	21	3643397
HS	232	0	11	3643408
HS	231	0	13	3643421
HS	230	0	16	3643437
HS	229	0	13	3643450
HS	228	0	12	3643462
HS	227	0	9	3643471
HS	226	0	16	3643487
HS	225	0	16	3643503
HS	224	0	19	3643522
HS	223	0	10	3643532
HS	222	0	13	3643545
HS	221	0	11	3643556
HS	220	0	14	3643570
HS	219	0	16	3643586
HS	218	0	16	3643602
HS	217	0	16	3643618
HS	216	0	10	3643628
HS	215	0	16	3643644
HS	214	0	23	3643667
HS	213	0	24	3643691
HS	212	0	24	3643715
HS	211	0	19	3643734
HS	210	0	29	3643763
HS	209	0	20	3643783
HS	208	0	19	3643802
HS	207	0	26	3643828
HS	206	0	24	3643852
HS	205	0	22	3643874
HS	204	0	19	3643893
HS	203	0	25	3643918
HS	202	0	19	3643937
HS	201	0	23	3643960
HS	200	0	15	3643975
HS	199	0	11	3643986
HS	198	0	13	3643999
HS	197	0	21	3644020
HS	196	0	19	3644039
HS	195	0	12	3644051
HS	194	0	22	3644073
HS	193	0	19	3644092
HS	192	0	30	3644122
HS	191	0	14	3644136
HS	190	0	15	3644151
HS	189	0	18	3644169
HS	188	0	34	3644203
HS	187	0	25	3644228
HS	186	0	29	3644257
HS	185	0	30	3644287
HS	184	0	32	3644319
HS	183	0	31	3644350
HS	182	0	35	3644385
HS	181	0	25	3644410
HS	180	0	35	3644445
HS	179	0	49	3644494
HS	178	0	39	3644533
HS	177	0	37	3644570
HS	176	0	33	3644603
HS	175	0	31	3644634
HS	174	0	23	3644657
HS	173	0	29	3644686
HS	172	0	35	3644721
HS	171	0	63	3644784
HS	170	0	45	3644829
HS	169	0	46	3644875
HS	168	0	31	3644906
HS	167	0	48	3644954
HS	166	0	46	3645000
HS	165	0	43	3645043
HS	164	0	53	3645096
HS	163	0	58	3645154
HS	162	0	50	3645204
HS	161	0	42	3645246
HS	160	0	58	3645304
HS	159	0	55	3645359
HS	158	0	51	3645410
HS	157	0	56	3645466
HS	156	0	45	3645511
HS	155	0	50	3645561
HS	154	0	55	3645616
HS	153	0	63	3645679
HS	152	0	43	3645722
HS	151	0	28	3645750
HS	150	0	56	3645806
HS	149	0	64	3645870
HS	148	0	56	3645926
HS	147	0	87	3646013
HS	146	0	58	3646071
HS	145	0	86	3646157
HS	144	0	83	3646240
HS	143	0	67	3646307
HS	142	0	76	3646383
HS	141	0	74	3646457
HS	140	0	80	3646537
HS	139	0	82	3646619
HS	138	0	80	3646699
HS	137	0	74	3646773
HS	136	0	89	3646862
HS	135	0	87	3646949
HS	134	0	93	3647042
HS	133	0	108	3647150
HS	132	0	100	3647250
HS	131	0	84	3647334
HS	130	0	90	3647424
HS	129	0	70	3647494
HS	128	0	75	3647569
HS	127	0	80	3647649
HS	126	0	86	3647735
HS	125	0	73	3647808
HS	124	0	93	3647901
HS	123	0	126	3648027
HS	122	0	122	3648149
HS	121	0	116	3648265
HS	120	0	93	3648358
HS	119	0	118	3648476
HS	118	0	118	3648594
HS	117	0	111	3648705
HS	116	0	121	3648826
HS	115	0	124	3648950
HS	114	0	114	3649064
HS	113	0	116	3649180
HS	112	0	154	3649334
HS	111	0	144	3649478
HS	110	0	162	3649640
HS	109	0	153	3649793
HS	108	0	143	3649936
HS	107	0	188	3650124
HS	106	0	185	3650309
HS	105	0	166	3650475
HS	104	0	196	3650671
HS	103	0	195	3650866
HS	102	0	229	3651095
HS	101	0	222	3651317
HS	100	0	231	3651548
HS	99	0	202	3651750
HS	98	0	254	3652004
HS	97	0	198	3652202
HS	96	0	266	3652468
HS	95	0	270	3652738
HS	94	0	253	3652991
HS	93	0	288	3653279
HS	92	0	269	3653548
HS	91	0	292	3653840
HS	90	0	325	3654165
HS	89	0	322	3654487
HS	88	0	345	3654832
HS	87	0	373	3655205
HS	86	0	363	3655568
HS	85	0	353	3655921
HS	84	0	328	3656249
HS	83	0	348	3656597
HS	82	0	382	3656979
HS	81	0	393	3657372
HS	80	0	406	3657778
HS	79	0	475	3658253
HS	78	0	490	3658743
HS	77	0	494	3659237
HS	76	0	515	3659752
HS	75	0	559	3660311
HS	74	0	593	3660904
HS	73	0	617	3661521
HS	72	0	678	3662199
HS	71	0	628	3662827
HS	70	0	658	3663485
HS	69	0	674	3664159
HS	68	0	687	3664846
HS	67	0	754	3665600
HS	66	0	793	3666393
HS	65	0	830	3667223
HS	64	0	895	3668118
HS	63	0	970	3669088
HS	62	0	1029	3670117
HS	61	0	1020	3671137
HS	60	0	1139	3672276
HS	59	0	1185	3673461
HS	58	0	1223	3674684
HS	57	0	1317	3676001
HS	56	0	1396	3677397
HS	55	0	1503	3678900
HS	54	0	1647	3680547
HS	53	0	1682	3682229
HS	52	0	1779	3684008
HS	51	0	1938	3685946
HS	50	0	1965	3687911
HS	49	0	2033	3689944
HS	48	0	2149	3692093
HS	47	0	2385	3694478
HS	46	0	2500	3696978
HS	45	0	2675	3699653
HS	44	0	2924	3702577
HS	43	0	3192	3705769
HS	42	0	3271	3709040
HS	41	0	3439	3712479
HS	40	0	3655	3716134
HS	39	0	3880	3720014
HS	38	0	4295	3724309
HS	37	0	4594	3728903
HS	36	0	4983	3733886
HS	35	0	5124	3739010
HS	34	0	5558	3744568
HS	33	0	6040	3750608
HS	32	0	6675	3757283
HS	31	0	7138	3764421
HS	30	0	8253	3772674
HS	29	0	9523	3782197
HS	28	0	10493	3792690
HS	27	0	11469	3804159
HS	26	0	12991	3817150
HS	25	0	14628	3831778
HS	24	0	16764	3848542
HS	23	0	18667	3867209
HS	22	0	21547	3888756
HS	21	0	24790	3913546
HS	20	0	28392	3941938
HS	19	0	32827	3974765
HS	18	0	39781	4014546
HS	17	0	47630	4062176
HS	16	0	57765	4119941
HS	15	0	71540	4191481
HS	14	0	90781	4282262
HS	13	0	116754	4399016
HS	12	0	152849	4551865
HS	11	0	206430	4758295
HS	10	0	290471	5048766
HS	9	0	418832	5467598
HS	8	0	630228	6097826
HS	7	0	978723	7076549
HS	6	0	1595818	8672367
HS	5	0	2765782	11438149
HS	4	0	5203192	16641341
HS	3	0	11028620	27669961
HS	2	0	28431393	56101354
HS	1	0	0	56101354
HS	0	0	0	56101354
