CC	CT  kmer_occurrence    short_read_kmer_count  raw_input_kmer_count  adjusted_input_kmer_count
CC	FR  fpr_lower_bound    fpr_upper_bound
CC	ER  total_input_kmers  adjusted_error_kmers
CC	CV  coverage
CC	QV  raw_quality_value  adjusted_quality_value
CC
SQ	JAVIVR010000019.1	367567	367537	367537	99.00
SQ	JAVIVR010000001.1	878503	878473	878473	99.00
SQ	JAVIVR010000002.1	2287854	2287824	2287824	99.00
CT	1023	20093	62952	62952.000
CT	1022	19	33	33.000
CT	1021	21	30	30.000
CT	1020	26	43	43.000
CT	1019	19	30	30.000
CT	1018	17	27	27.000
CT	1017	17	22	22.000
CT	1016	21	32	32.000
CT	1015	29	45	45.000
CT	1014	24	34	34.000
CT	1013	37	49	49.000
CT	1012	30	40	40.000
CT	1011	24	30	30.000
CT	1010	39	52	52.000
CT	1009	26	40	40.000
CT	1008	24	31	31.000
CT	1007	27	31	31.000
CT	1006	23	34	34.000
CT	1005	28	43	43.000
CT	1004	28	31	31.000
CT	1003	23	27	27.000
CT	1002	25	36	36.000
CT	1001	20	33	33.000
CT	1000	35	62	62.000
CT	999	34	50	50.000
CT	998	21	29	29.000
CT	997	18	26	26.000
CT	996	33	46	46.000
CT	995	22	34	34.000
CT	994	35	57	57.000
CT	993	27	43	43.000
CT	992	44	77	77.000
CT	991	27	40	40.000
CT	990	26	46	46.000
CT	989	28	45	45.000
CT	988	24	45	45.000
CT	987	30	42	42.000
CT	986	33	55	55.000
CT	985	25	34	34.000
CT	984	19	29	29.000
CT	983	26	36	36.000
CT	982	19	31	31.000
CT	981	21	38	38.000
CT	980	39	59	59.000
CT	979	23	33	33.000
CT	978	30	46	46.000
CT	977	27	44	44.000
CT	976	30	50	50.000
CT	975	25	39	39.000
CT	974	21	34	34.000
CT	973	23	36	36.000
CT	972	29	43	43.000
CT	971	36	52	52.000
CT	970	30	44	44.000
CT	969	25	34	34.000
CT	968	35	55	55.000
CT	967	25	36	36.000
CT	966	39	57	57.000
CT	965	29	42	42.000
CT	964	40	63	63.000
CT	963	27	46	46.000
CT	962	33	40	40.000
CT	961	29	36	36.000
CT	960	24	35	35.000
CT	959	31	49	49.000
CT	958	45	70	70.000
CT	957	29	36	36.000
CT	956	33	45	45.000
CT	955	27	47	47.000
CT	954	37	56	56.000
CT	953	26	45	45.000
CT	952	29	53	53.000
CT	951	39	65	65.000
CT	950	24	41	41.000
CT	949	30	55	55.000
CT	948	29	46	46.000
CT	947	33	64	64.000
CT	946	27	42	42.000
CT	945	43	72	72.000
CT	944	25	46	46.000
CT	943	26	50	50.000
CT	942	28	52	52.000
CT	941	33	56	56.000
CT	940	23	41	41.000
CT	939	34	60	60.000
CT	938	37	65	65.000
CT	937	41	73	73.000
CT	936	40	75	75.000
CT	935	45	82	82.000
CT	934	26	41	41.000
CT	933	28	55	55.000
CT	932	27	50	50.000
CT	931	27	50	50.000
CT	930	21	39	39.000
CT	929	32	48	48.000
CT	928	28	55	55.000
CT	927	22	38	38.000
CT	926	33	59	59.000
CT	925	22	42	42.000
CT	924	32	56	56.000
CT	923	33	51	51.000
CT	922	24	43	43.000
CT	921	32	59	59.000
CT	920	31	52	52.000
CT	919	31	57	57.000
CT	918	31	55	55.000
CT	917	27	45	45.000
CT	916	29	49	49.000
CT	915	28	44	44.000
CT	914	25	36	36.000
CT	913	20	35	35.000
CT	912	19	34	34.000
CT	911	21	36	36.000
CT	910	27	47	47.000
CT	909	25	43	43.000
CT	908	19	33	33.000
CT	907	17	28	28.000
CT	906	13	20	20.000
CT	905	25	41	41.000
CT	904	14	23	23.000
CT	903	14	18	18.000
CT	902	21	31	31.000
CT	901	26	46	46.000
CT	900	21	35	35.000
CT	899	31	47	47.000
CT	898	20	36	36.000
CT	897	25	38	38.000
CT	896	17	25	25.000
CT	895	35	59	59.000
CT	894	20	34	34.000
CT	893	28	51	51.000
CT	892	19	39	39.000
CT	891	26	42	42.000
CT	890	19	35	35.000
CT	889	33	53	53.000
CT	888	34	56	56.000
CT	887	23	37	37.000
CT	886	29	55	55.000
CT	885	35	62	62.000
CT	884	25	39	39.000
CT	883	22	32	32.000
CT	882	15	29	29.000
CT	881	28	49	49.000
CT	880	28	45	45.000
CT	879	24	31	31.000
CT	878	16	27	27.000
CT	877	22	30	30.000
CT	876	23	43	43.000
CT	875	21	35	35.000
CT	874	20	37	37.000
CT	873	22	40	40.000
CT	872	18	33	33.000
CT	871	24	40	40.000
CT	870	22	41	41.000
CT	869	23	38	38.000
CT	868	17	32	32.000
CT	867	18	31	31.000
CT	866	14	24	24.000
CT	865	17	24	24.000
CT	864	15	25	25.000
CT	863	18	27	27.000
CT	862	17	27	27.000
CT	861	6	9	9.000
CT	860	13	24	24.000
CT	859	10	18	18.000
CT	858	13	20	20.000
CT	857	12	26	26.000
CT	856	15	27	27.000
CT	855	19	38	38.000
CT	854	13	25	25.000
CT	853	9	15	15.000
CT	852	8	15	15.000
CT	851	12	23	23.000
CT	850	10	22	22.000
CT	849	12	24	24.000
CT	848	9	14	14.000
CT	847	6	12	12.000
CT	846	5	11	11.000
CT	845	8	13	13.000
CT	844	10	18	18.000
CT	843	19	32	32.000
CT	842	13	22	22.000
CT	841	7	10	10.000
CT	840	12	21	21.000
CT	839	9	17	17.000
CT	838	11	22	22.000
CT	837	7	13	13.000
CT	836	8	14	14.000
CT	835	9	14	14.000
CT	834	7	13	13.000
CT	833	5	6	6.000
CT	832	8	13	13.000
CT	831	11	18	18.000
CT	830	15	28	28.000
CT	829	11	21	21.000
CT	828	8	12	12.000
CT	827	15	26	26.000
CT	826	11	15	15.000
CT	825	13	19	19.000
CT	824	7	11	11.000
CT	823	8	12	12.000
CT	822	12	19	19.000
CT	821	9	16	16.000
CT	820	8	13	13.000
CT	819	19	31	31.000
CT	818	7	13	13.000
CT	817	9	14	14.000
CT	816	19	26	26.000
CT	815	13	22	22.000
CT	814	10	12	12.000
CT	813	7	16	16.000
CT	812	13	22	22.000
CT	811	9	14	14.000
CT	810	12	20	20.000
CT	809	8	14	14.000
CT	808	9	16	16.000
CT	807	14	24	24.000
CT	806	11	18	18.000
CT	805	12	22	22.000
CT	804	9	13	13.000
CT	803	7	14	14.000
CT	802	9	13	13.000
CT	801	11	17	17.000
CT	800	9	13	13.000
CT	799	6	8	8.000
CT	798	5	8	8.000
CT	797	11	17	17.000
CT	796	8	10	10.000
CT	795	10	15	15.000
CT	794	9	15	15.000
CT	793	8	10	10.000
CT	792	5	6	6.000
CT	791	5	7	7.000
CT	790	11	17	17.000
CT	789	10	15	15.000
CT	788	15	25	25.000
CT	787	12	19	19.000
CT	786	10	16	16.000
CT	785	11	17	17.000
CT	784	13	20	20.000
CT	783	13	21	21.000
CT	782	9	12	12.000
CT	781	7	12	12.000
CT	780	11	15	15.000
CT	779	18	24	24.000
CT	778	18	23	23.000
CT	777	16	22	22.000
CT	776	15	19	19.000
CT	775	20	23	23.000
CT	774	12	16	16.000
CT	773	13	16	16.000
CT	772	21	26	26.000
CT	771	19	28	28.000
CT	770	14	17	17.000
CT	769	14	20	20.000
CT	768	10	14	14.000
CT	767	17	19	19.000
CT	766	18	19	19.000
CT	765	17	22	22.000
CT	764	21	34	34.000
CT	763	15	18	18.000
CT	762	15	19	19.000
CT	761	18	21	21.000
CT	760	17	22	22.000
CT	759	32	35	35.000
CT	758	16	19	19.000
CT	757	17	22	22.000
CT	756	20	23	23.000
CT	755	15	19	19.000
CT	754	16	17	17.000
CT	753	23	24	24.000
CT	752	23	27	27.000
CT	751	20	20	20.000
CT	750	13	13	13.000
CT	749	24	26	26.000
CT	748	27	33	33.000
CT	747	14	16	16.000
CT	746	24	27	27.000
CT	745	25	28	28.000
CT	744	18	19	19.000
CT	743	19	25	25.000
CT	742	18	20	20.000
CT	741	24	25	25.000
CT	740	17	18	18.000
CT	739	21	22	22.000
CT	738	22	24	24.000
CT	737	20	24	24.000
CT	736	27	31	31.000
CT	735	25	24	24.000
CT	734	22	25	25.000
CT	733	43	48	48.000
CT	732	27	30	30.000
CT	731	32	37	37.000
CT	730	25	29	29.000
CT	729	37	43	43.000
CT	728	36	36	36.000
CT	727	42	47	47.000
CT	726	37	42	42.000
CT	725	30	33	33.000
CT	724	34	41	41.000
CT	723	20	20	20.000
CT	722	34	39	39.000
CT	721	29	30	30.000
CT	720	37	38	38.000
CT	719	34	34	34.000
CT	718	34	40	40.000
CT	717	39	41	41.000
CT	716	39	44	44.000
CT	715	42	42	42.000
CT	714	35	36	36.000
CT	713	42	43	43.000
CT	712	41	45	45.000
CT	711	53	56	56.000
CT	710	55	57	57.000
CT	709	54	59	59.000
CT	708	52	56	56.000
CT	707	50	52	52.000
CT	706	50	51	51.000
CT	705	65	69	69.000
CT	704	66	67	67.000
CT	703	61	63	63.000
CT	702	59	62	62.000
CT	701	74	76	76.000
CT	700	74	77	77.000
CT	699	87	89	89.000
CT	698	88	90	90.000
CT	697	80	86	86.000
CT	696	92	103	103.000
CT	695	84	88	88.000
CT	694	80	84	84.000
CT	693	98	104	104.000
CT	692	92	94	94.000
CT	691	97	106	106.000
CT	690	105	110	110.000
CT	689	97	102	102.000
CT	688	113	118	118.000
CT	687	119	121	121.000
CT	686	97	100	100.000
CT	685	109	110	110.000
CT	684	114	121	121.000
CT	683	121	122	122.000
CT	682	125	129	129.000
CT	681	142	148	148.000
CT	680	136	148	148.000
CT	679	158	167	167.000
CT	678	133	135	135.000
CT	677	162	168	168.000
CT	676	159	160	160.000
CT	675	190	198	198.000
CT	674	187	192	192.000
CT	673	196	196	196.000
CT	672	197	203	203.000
CT	671	175	181	181.000
CT	670	202	206	206.000
CT	669	200	207	207.000
CT	668	187	186	186.000
CT	667	237	240	240.000
CT	666	237	240	240.000
CT	665	210	213	213.000
CT	664	234	238	238.000
CT	663	239	242	242.000
CT	662	243	243	243.000
CT	661	256	262	262.000
CT	660	274	272	272.000
CT	659	275	275	275.000
CT	658	292	292	292.000
CT	657	301	302	302.000
CT	656	292	300	300.000
CT	655	360	360	360.000
CT	654	360	362	362.000
CT	653	335	329	329.000
CT	652	355	355	355.000
CT	651	350	352	352.000
CT	650	359	355	355.000
CT	649	400	396	396.000
CT	648	407	409	409.000
CT	647	380	382	382.000
CT	646	395	386	386.000
CT	645	422	414	414.000
CT	644	439	427	427.000
CT	643	458	453	453.000
CT	642	460	455	455.000
CT	641	465	458	458.000
CT	640	498	486	486.000
CT	639	478	464	464.000
CT	638	518	503	503.000
CT	637	597	579	579.000
CT	636	576	551	551.000
CT	635	599	573	573.000
CT	634	616	598	598.000
CT	633	631	610	610.000
CT	632	562	541	541.000
CT	631	618	599	599.000
CT	630	609	585	585.000
CT	629	606	585	585.000
CT	628	583	564	564.000
CT	627	602	574	574.000
CT	626	649	627	627.000
CT	625	674	655	655.000
CT	624	719	697	697.000
CT	623	712	673	673.000
CT	622	666	636	636.000
CT	621	778	739	739.000
CT	620	774	738	738.000
CT	619	770	736	736.000
CT	618	836	806	806.000
CT	617	867	834	834.000
CT	616	890	855	855.000
CT	615	866	831	831.000
CT	614	877	837	837.000
CT	613	881	840	840.000
CT	612	893	865	865.000
CT	611	938	886	886.000
CT	610	924	879	879.000
CT	609	1006	959	959.000
CT	608	1026	970	970.000
CT	607	989	949	949.000
CT	606	1081	1005	1005.000
CT	605	1051	988	988.000
CT	604	1108	1038	1038.000
CT	603	1093	1003	1003.000
CT	602	1185	1093	1093.000
CT	601	1256	1145	1145.000
CT	600	1277	1174	1174.000
CT	599	1279	1152	1152.000
CT	598	1378	1276	1276.000
CT	597	1426	1276	1276.000
CT	596	1474	1335	1335.000
CT	595	1533	1396	1396.000
CT	594	1561	1401	1401.000
CT	593	1668	1486	1486.000
CT	592	1703	1526	1526.000
CT	591	1688	1527	1527.000
CT	590	1728	1563	1563.000
CT	589	1900	1709	1709.000
CT	588	1820	1645	1645.000
CT	587	2024	1853	1853.000
CT	586	2035	1847	1847.000
CT	585	2218	1988	1988.000
CT	584	2284	2071	2071.000
CT	583	2294	2077	2077.000
CT	582	2414	2174	2174.000
CT	581	2575	2317	2317.000
CT	580	2586	2338	2338.000
CT	579	2634	2371	2371.000
CT	578	2915	2654	2654.000
CT	577	2928	2634	2634.000
CT	576	3009	2699	2699.000
CT	575	3143	2851	2851.000
CT	574	3189	2882	2882.000
CT	573	3333	3055	3055.000
CT	572	3453	3141	3141.000
CT	571	3739	3425	3425.000
CT	570	3826	3451	3451.000
CT	569	3946	3567	3567.000
CT	568	4023	3674	3674.000
CT	567	4240	3835	3835.000
CT	566	4356	3941	3941.000
CT	565	4530	4099	4099.000
CT	564	4793	4377	4377.000
CT	563	4876	4445	4445.000
CT	562	5015	4569	4569.000
CT	561	5174	4655	4655.000
CT	560	5412	4922	4922.000
CT	559	5620	5088	5088.000
CT	558	5792	5283	5283.000
CT	557	5956	5422	5422.000
CT	556	6356	5820	5820.000
CT	555	6537	5963	5963.000
CT	554	6814	6274	6274.000
CT	553	6895	6296	6296.000
CT	552	7084	6525	6525.000
CT	551	7343	6723	6723.000
CT	550	7612	7010	7010.000
CT	549	7982	7302	7302.000
CT	548	7984	7317	7317.000
CT	547	8280	7627	7627.000
CT	546	8697	8012	8012.000
CT	545	9041	8337	8337.000
CT	544	9254	8512	8512.000
CT	543	9834	9054	9054.000
CT	542	9887	9093	9093.000
CT	541	10176	9351	9351.000
CT	540	10583	9687	9687.000
CT	539	10975	10090	10090.000
CT	538	11433	10569	10569.000
CT	537	11676	10732	10732.000
CT	536	12119	11136	11136.000
CT	535	12631	11664	11664.000
CT	534	12724	11710	11710.000
CT	533	13023	11974	11974.000
CT	532	13517	12531	12531.000
CT	531	13653	12655	12655.000
CT	530	14152	13114	13114.000
CT	529	14500	13460	13460.000
CT	528	14901	13788	13788.000
CT	527	15147	14063	14063.000
CT	526	15770	14626	14626.000
CT	525	16162	15012	15012.000
CT	524	16566	15409	15409.000
CT	523	16952	15737	15737.000
CT	522	17488	16270	16270.000
CT	521	18000	16744	16744.000
CT	520	18173	16891	16891.000
CT	519	18547	17270	17270.000
CT	518	18935	17648	17648.000
CT	517	19560	18228	18228.000
CT	516	19962	18592	18592.000
CT	515	20006	18638	18638.000
CT	514	20613	19197	19197.000
CT	513	21030	19686	19686.000
CT	512	21571	20181	20181.000
CT	511	21977	20549	20549.000
CT	510	22175	20751	20751.000
CT	509	22908	21498	21498.000
CT	508	23256	21810	21810.000
CT	507	23344	21872	21872.000
CT	506	23640	22229	22229.000
CT	505	24062	22685	22685.000
CT	504	24598	23136	23136.000
CT	503	24811	23333	23333.000
CT	502	25328	23912	23912.000
CT	501	25540	24150	24150.000
CT	500	25893	24452	24452.000
CT	499	26184	24751	24751.000
CT	498	26459	25012	25012.000
CT	497	27109	25627	25627.000
CT	496	27299	25845	25845.000
CT	495	27604	26165	26165.000
CT	494	27526	26012	26012.000
CT	493	27905	26537	26537.000
CT	492	27960	26513	26513.000
CT	491	28336	26984	26984.000
CT	490	28792	27386	27386.000
CT	489	28988	27645	27645.000
CT	488	29312	27955	27955.000
CT	487	29309	28001	28001.000
CT	486	29566	28198	28198.000
CT	485	30028	28735	28735.000
CT	484	30263	28980	28980.000
CT	483	30279	28994	28994.000
CT	482	30413	29089	29089.000
CT	481	30621	29367	29367.000
CT	480	30549	29345	29345.000
CT	479	30695	29394	29394.000
CT	478	30964	29719	29719.000
CT	477	31202	30000	30000.000
CT	476	30940	29650	29650.000
CT	475	31014	29785	29785.000
CT	474	31284	30104	30104.000
CT	473	31283	30092	30092.000
CT	472	31020	29867	29867.000
CT	471	31187	29985	29985.000
CT	470	31080	29912	29912.000
CT	469	30910	29765	29765.000
CT	468	31122	29994	29994.000
CT	467	30984	29922	29922.000
CT	466	31043	29919	29919.000
CT	465	31127	30085	30085.000
CT	464	30689	29654	29654.000
CT	463	30563	29578	29578.000
CT	462	30628	29661	29661.000
CT	461	30288	29295	29295.000
CT	460	29936	28954	28954.000
CT	459	30295	29320	29320.000
CT	458	29909	28987	28987.000
CT	457	29617	28752	28752.000
CT	456	29442	28476	28476.000
CT	455	29222	28338	28338.000
CT	454	29050	28174	28174.000
CT	453	29035	28199	28199.000
CT	452	28692	27852	27852.000
CT	451	28194	27338	27338.000
CT	450	28213	27405	27405.000
CT	449	27487	26694	26694.000
CT	448	27424	26666	26666.000
CT	447	26933	26213	26213.000
CT	446	26263	25585	25585.000
CT	445	26246	25558	25558.000
CT	444	25822	25091	25091.000
CT	443	25128	24438	24438.000
CT	442	24947	24284	24284.000
CT	441	24578	23958	23958.000
CT	440	24201	23545	23545.000
CT	439	23851	23218	23218.000
CT	438	23451	22802	22802.000
CT	437	22804	22239	22239.000
CT	436	22423	21853	21853.000
CT	435	22034	21462	21462.000
CT	434	21565	21052	21052.000
CT	433	21400	20880	20880.000
CT	432	20727	20214	20214.000
CT	431	20713	20218	20218.000
CT	430	20084	19573	19573.000
CT	429	19727	19265	19265.000
CT	428	19379	18896	18896.000
CT	427	18903	18441	18441.000
CT	426	18588	18133	18133.000
CT	425	18050	17636	17636.000
CT	424	17425	16987	16987.000
CT	423	17339	16921	16921.000
CT	422	16855	16420	16420.000
CT	421	16520	16129	16129.000
CT	420	16107	15705	15705.000
CT	419	15455	15122	15122.000
CT	418	15193	14811	14811.000
CT	417	14873	14526	14526.000
CT	416	14279	13925	13925.000
CT	415	13801	13465	13465.000
CT	414	13578	13255	13255.000
CT	413	12974	12671	12671.000
CT	412	12832	12519	12519.000
CT	411	12351	12094	12094.000
CT	410	12001	11722	11722.000
CT	409	11521	11223	11223.000
CT	408	11171	10926	10926.000
CT	407	10758	10506	10506.000
CT	406	10610	10362	10362.000
CT	405	10055	9840	9840.000
CT	404	9748	9548	9548.000
CT	403	9502	9269	9269.000
CT	402	9170	8934	8934.000
CT	401	8655	8435	8435.000
CT	400	8546	8316	8316.000
CT	399	8047	7832	7832.000
CT	398	7842	7659	7659.000
CT	397	7488	7280	7280.000
CT	396	7442	7252	7252.000
CT	395	6944	6777	6777.000
CT	394	6761	6588	6588.000
CT	393	6706	6555	6555.000
CT	392	6186	6041	6041.000
CT	391	5908	5751	5751.000
CT	390	5663	5511	5511.000
CT	389	5475	5319	5319.000
CT	388	5123	4990	4990.000
CT	387	4961	4834	4834.000
CT	386	4786	4666	4666.000
CT	385	4457	4328	4328.000
CT	384	4252	4133	4133.000
CT	383	4119	3987	3987.000
CT	382	3843	3734	3734.000
CT	381	3681	3564	3564.000
CT	380	3642	3543	3543.000
CT	379	3349	3246	3246.000
CT	378	3248	3147	3147.000
CT	377	3156	3052	3052.000
CT	376	2979	2887	2887.000
CT	375	2862	2777	2777.000
CT	374	2663	2589	2589.000
CT	373	2475	2402	2402.000
CT	372	2410	2340	2340.000
CT	371	2279	2201	2201.000
CT	370	2139	2067	2067.000
CT	369	2043	1982	1982.000
CT	368	1876	1800	1800.000
CT	367	1803	1751	1751.000
CT	366	1644	1588	1588.000
CT	365	1534	1477	1477.000
CT	364	1489	1444	1444.000
CT	363	1423	1378	1378.000
CT	362	1331	1291	1291.000
CT	361	1241	1201	1201.000
CT	360	1245	1211	1211.000
CT	359	1180	1141	1141.000
CT	358	1130	1083	1083.000
CT	357	1014	983	983.000
CT	356	988	945	945.000
CT	355	929	897	897.000
CT	354	966	937	937.000
CT	353	816	790	790.000
CT	352	853	831	831.000
CT	351	786	771	771.000
CT	350	803	784	784.000
CT	349	712	698	698.000
CT	348	742	725	725.000
CT	347	642	628	628.000
CT	346	656	641	641.000
CT	345	591	580	580.000
CT	344	544	534	534.000
CT	343	514	497	497.000
CT	342	474	462	462.000
CT	341	456	448	448.000
CT	340	436	430	430.000
CT	339	415	404	404.000
CT	338	391	378	378.000
CT	337	373	359	359.000
CT	336	373	362	362.000
CT	335	326	307	307.000
CT	334	341	330	330.000
CT	333	350	339	339.000
CT	332	291	281	281.000
CT	331	249	245	245.000
CT	330	246	237	237.000
CT	329	213	213	213.000
CT	328	215	204	204.000
CT	327	208	200	200.000
CT	326	200	196	196.000
CT	325	201	195	195.000
CT	324	178	172	172.000
CT	323	184	181	181.000
CT	322	202	198	198.000
CT	321	168	161	161.000
CT	320	153	150	150.000
CT	319	153	149	149.000
CT	318	174	169	169.000
CT	317	164	160	160.000
CT	316	140	137	137.000
CT	315	152	147	147.000
CT	314	145	140	140.000
CT	313	142	140	140.000
CT	312	139	133	133.000
CT	311	152	146	146.000
CT	310	126	120	120.000
CT	309	145	138	138.000
CT	308	141	137	137.000
CT	307	139	131	131.000
CT	306	142	138	138.000
CT	305	126	120	120.000
CT	304	114	108	108.000
CT	303	120	118	118.000
CT	302	113	110	110.000
CT	301	106	103	103.000
CT	300	101	96	96.000
CT	299	81	77	77.000
CT	298	109	104	104.000
CT	297	98	94	94.000
CT	296	92	90	90.000
CT	295	109	103	103.000
CT	294	85	84	84.000
CT	293	92	88	88.000
CT	292	105	101	101.000
CT	291	92	88	88.000
CT	290	87	84	84.000
CT	289	84	80	80.000
CT	288	99	93	93.000
CT	287	79	76	76.000
CT	286	74	70	70.000
CT	285	95	92	92.000
CT	284	84	84	84.000
CT	283	90	89	89.000
CT	282	86	86	86.000
CT	281	77	75	75.000
CT	280	99	98	98.000
CT	279	77	74	74.000
CT	278	70	66	66.000
CT	277	96	94	94.000
CT	276	106	104	104.000
CT	275	104	102	102.000
CT	274	81	81	81.000
CT	273	92	91	91.000
CT	272	96	96	96.000
CT	271	81	80	80.000
CT	270	74	74	74.000
CT	269	74	73	73.000
CT	268	81	80	80.000
CT	267	84	83	83.000
CT	266	67	67	67.000
CT	265	68	66	66.000
CT	264	81	80	80.000
CT	263	73	71	71.000
CT	262	64	63	63.000
CT	261	70	69	69.000
CT	260	61	60	60.000
CT	259	93	90	90.000
CT	258	68	65	65.000
CT	257	70	69	69.000
CT	256	86	84	84.000
CT	255	74	73	73.000
CT	254	77	75	75.000
CT	253	72	68	68.000
CT	252	77	76	76.000
CT	251	55	55	55.000
CT	250	63	61	61.000
CT	249	57	51	51.000
CT	248	54	53	53.000
CT	247	54	48	48.000
CT	246	39	36	36.000
CT	245	44	42	42.000
CT	244	40	35	35.000
CT	243	37	37	37.000
CT	242	50	50	50.000
CT	241	40	37	37.000
CT	240	33	30	30.000
CT	239	42	40	40.000
CT	238	53	51	51.000
CT	237	46	45	45.000
CT	236	50	50	50.000
CT	235	39	37	37.000
CT	234	37	35	35.000
CT	233	29	28	28.000
CT	232	38	38	38.000
CT	231	30	30	30.000
CT	230	30	29	29.000
CT	229	25	24	24.000
CT	228	25	25	25.000
CT	227	18	18	18.000
CT	226	40	37	37.000
CT	225	23	22	22.000
CT	224	26	26	26.000
CT	223	29	29	29.000
CT	222	19	19	19.000
CT	221	28	27	27.000
CT	220	16	16	16.000
CT	219	18	18	18.000
CT	218	18	16	16.000
CT	217	20	20	20.000
CT	216	30	29	29.000
CT	215	23	23	23.000
CT	214	25	24	24.000
CT	213	28	25	25.000
CT	212	24	23	23.000
CT	211	14	14	14.000
CT	210	15	15	15.000
CT	209	14	14	14.000
CT	208	12	12	12.000
CT	207	15	13	13.000
CT	206	13	13	13.000
CT	205	15	14	14.000
CT	204	8	8	8.000
CT	203	16	15	15.000
CT	202	23	22	22.000
CT	201	13	12	12.000
CT	200	13	13	13.000
CT	199	12	10	10.000
CT	198	18	17	17.000
CT	197	11	11	11.000
CT	196	11	11	11.000
CT	195	6	6	6.000
CT	194	15	14	14.000
CT	193	15	12	12.000
CT	192	21	14	14.000
CT	191	11	11	11.000
CT	190	13	12	12.000
CT	189	9	9	9.000
CT	188	6	2	2.000
CT	187	5	3	3.000
CT	186	8	6	6.000
CT	185	11	6	6.000
CT	184	6	5	5.000
CT	183	8	3	3.000
CT	182	3	1	1.000
CT	181	7	5	5.000
CT	180	10	7	7.000
CT	179	6	3	3.000
CT	178	6	5	5.000
CT	177	5	3	3.000
CT	176	2	0	0.000
CT	175	5	3	3.000
CT	174	6	3	3.000
CT	173	4	1	1.000
CT	172	4	2	2.000
CT	171	2	0	0.000
CT	170	3	2	2.000
CT	169	5	4	4.000
CT	168	5	5	5.000
CT	167	5	4	4.000
CT	166	9	8	8.000
CT	165	4	2	2.000
CT	164	8	4	4.000
CT	163	9	7	7.000
CT	162	11	8	8.000
CT	161	15	13	13.000
CT	160	16	13	13.000
CT	159	14	9	9.000
CT	158	11	8	8.000
CT	157	10	9	9.000
CT	156	13	12	12.000
CT	155	12	9	9.000
CT	154	10	8	8.000
CT	153	8	7	7.000
CT	152	12	7	7.000
CT	151	9	4	4.000
CT	150	7	2	2.000
CT	149	7	4	4.000
CT	148	6	5	5.000
CT	147	4	1	1.000
CT	146	6	4	4.000
CT	145	5	1	1.000
CT	144	6	2	2.000
CT	143	7	3	3.000
CT	142	7	1	1.000
CT	141	7	4	4.000
CT	140	9	3	3.000
CT	139	5	3	3.000
CT	138	8	3	3.000
CT	137	15	9	9.000
CT	136	11	5	5.000
CT	135	12	4	4.000
CT	134	14	6	6.000
CT	133	5	1	1.000
CT	132	13	4	4.000
CT	131	11	3	3.000
CT	130	16	2	2.000
CT	129	7	3	3.000
CT	128	10	0	0.000
CT	127	7	2	2.000
CT	126	9	0	0.000
CT	125	9	1	1.000
CT	124	9	0	0.000
CT	123	9	1	1.000
CT	122	9	2	2.000
CT	121	10	0	0.000
CT	120	6	0	0.000
CT	119	3	0	0.000
CT	118	15	0	0.000
CT	117	17	0	0.000
CT	116	12	0	0.000
CT	115	9	0	0.000
CT	114	6	0	0.000
CT	113	6	0	0.000
CT	112	10	0	0.000
CT	111	7	0	0.000
CT	110	7	0	0.000
CT	109	4	0	0.000
CT	108	4	0	0.000
CT	107	4	0	0.000
CT	106	16	0	0.000
CT	105	6	0	0.000
CT	104	10	0	0.000
CT	103	7	0	0.000
CT	102	7	0	0.000
CT	101	16	0	0.000
CT	100	11	0	0.000
CT	99	10	0	0.000
CT	98	5	0	0.000
CT	97	7	0	0.000
CT	96	17	0	0.000
CT	95	11	0	0.000
CT	94	12	0	0.000
CT	93	9	0	0.000
CT	92	17	0	0.000
CT	91	11	0	0.000
CT	90	19	0	0.000
CT	89	18	0	0.000
CT	88	15	0	0.000
CT	87	24	0	0.000
CT	86	22	0	0.000
CT	85	24	0	0.000
CT	84	23	0	0.000
CT	83	28	0	0.000
CT	82	28	0	0.000
CT	81	32	0	0.000
CT	80	27	0	0.000
CT	79	25	0	0.000
CT	78	37	0	0.000
CT	77	41	0	0.000
CT	76	46	0	0.000
CT	75	54	0	0.000
CT	74	50	0	0.000
CT	73	52	0	0.000
CT	72	43	0	0.000
CT	71	55	0	0.000
CT	70	43	0	0.000
CT	69	47	0	0.000
CT	68	60	0	0.000
CT	67	57	0	0.000
CT	66	54	0	0.000
CT	65	81	0	0.000
CT	64	64	0	0.000
CT	63	55	0	0.000
CT	62	56	0	0.000
CT	61	98	0	0.000
CT	60	92	0	0.000
CT	59	62	0	0.000
CT	58	91	0	0.000
CT	57	108	0	0.000
CT	56	119	0	0.000
CT	55	136	0	0.000
CT	54	126	0	0.000
CT	53	148	0	0.000
CT	52	126	0	0.000
CT	51	175	0	0.000
CT	50	155	0	0.000
CT	49	161	0	0.000
CT	48	157	0	0.000
CT	47	191	0	0.000
CT	46	211	0	0.000
CT	45	219	0	0.000
CT	44	252	0	0.000
CT	43	239	0	0.000
CT	42	254	0	0.000
CT	41	286	0	0.000
CT	40	382	0	0.000
CT	39	397	0	0.000
CT	38	417	0	0.000
CT	37	418	0	0.000
CT	36	472	0	0.000
CT	35	509	0	0.000
CT	34	568	0	0.000
CT	33	588	0	0.000
CT	32	629	0	0.000
CT	31	616	0	0.000
CT	30	747	0	0.000
CT	29	843	0	0.000
CT	28	1016	0	0.000
CT	27	1123	0	0.000
CT	26	1245	0	0.000
CT	25	1201	0	0.000
CT	24	1578	0	0.000
CT	23	1650	0	0.000
CT	22	1914	0	0.000
CT	21	2223	0	0.000
CT	20	2748	0	0.000
CT	19	3351	0	0.000
CT	18	3862	0	0.000
CT	17	4505	0	0.000
CT	16	5417	0	0.000
CT	15	6345	0	0.000
CT	14	8020	0	0.000
CT	13	10113	0	0.000
CT	12	12678	0	0.000
CT	11	17076	0	0.000
CT	10	23021	0	0.000
CT	9	31303	0	0.000
CT	8	44265	0	0.000
CT	7	65779	0	0.000
CT	6	110214	0	0.000
CT	5	199057	0	0.000
CT	4	436328	0	0.000
CT	3	1225226	0	0.000
CT	2	5006279	0	0.000
CT	1	0	0	-nan
CT	0	0	0	-nan
FR	0	0
ER	3533834	0.000
CV	0.962
QV	inf	inf
