CC	CT  kmer_occurrence    short_read_kmer_count  raw_input_kmer_count  adjusted_input_kmer_count
CC	FR  fpr_lower_bound    fpr_upper_bound
CC	ER  total_input_kmers  adjusted_error_kmers
CC	CV  coverage
CC	QV  raw_quality_value  adjusted_quality_value
CC
SQ	CP126104.1	4002233	4002203	4002203	99.00
CT	1023	806623	863727	863727.000
CT	1022	3726	3733	3733.000
CT	1021	3626	3635	3635.000
CT	1020	3661	3668	3668.000
CT	1019	3730	3738	3738.000
CT	1018	3727	3733	3733.000
CT	1017	3874	3877	3877.000
CT	1016	3788	3797	3797.000
CT	1015	3725	3733	3733.000
CT	1014	3780	3783	3783.000
CT	1013	3814	3818	3818.000
CT	1012	3752	3763	3763.000
CT	1011	3799	3803	3803.000
CT	1010	3892	3898	3898.000
CT	1009	3925	3935	3935.000
CT	1008	3847	3853	3853.000
CT	1007	3817	3823	3823.000
CT	1006	3914	3920	3920.000
CT	1005	3907	3914	3914.000
CT	1004	3803	3817	3817.000
CT	1003	3989	3995	3995.000
CT	1002	3773	3785	3785.000
CT	1001	3908	3919	3919.000
CT	1000	4033	4042	4042.000
CT	999	3927	3933	3933.000
CT	998	3932	3948	3948.000
CT	997	4000	4007	4007.000
CT	996	3998	4008	4008.000
CT	995	4076	4085	4085.000
CT	994	4076	4084	4084.000
CT	993	4013	4025	4025.000
CT	992	4055	4060	4060.000
CT	991	4089	4097	4097.000
CT	990	4136	4142	4142.000
CT	989	4097	4101	4101.000
CT	988	4265	4277	4277.000
CT	987	4162	4167	4167.000
CT	986	4139	4145	4145.000
CT	985	4187	4202	4202.000
CT	984	4339	4345	4345.000
CT	983	4089	4094	4094.000
CT	982	4156	4162	4162.000
CT	981	4243	4249	4249.000
CT	980	4325	4330	4330.000
CT	979	4301	4312	4312.000
CT	978	4304	4311	4311.000
CT	977	4338	4346	4346.000
CT	976	4340	4340	4340.000
CT	975	4390	4401	4401.000
CT	974	4340	4342	4342.000
CT	973	4423	4428	4428.000
CT	972	4357	4366	4366.000
CT	971	4368	4374	4374.000
CT	970	4489	4501	4501.000
CT	969	4550	4561	4561.000
CT	968	4679	4682	4682.000
CT	967	4501	4515	4515.000
CT	966	4504	4511	4511.000
CT	965	4510	4515	4515.000
CT	964	4545	4558	4558.000
CT	963	4703	4712	4712.000
CT	962	4641	4649	4649.000
CT	961	4624	4632	4632.000
CT	960	4592	4599	4599.000
CT	959	4629	4645	4645.000
CT	958	4762	4770	4770.000
CT	957	4668	4678	4678.000
CT	956	4608	4626	4626.000
CT	955	4753	4770	4770.000
CT	954	4735	4746	4746.000
CT	953	4731	4742	4742.000
CT	952	4862	4877	4877.000
CT	951	4886	4896	4896.000
CT	950	4925	4938	4938.000
CT	949	4775	4790	4790.000
CT	948	4952	4964	4964.000
CT	947	4726	4736	4736.000
CT	946	4865	4874	4874.000
CT	945	4857	4862	4862.000
CT	944	4833	4847	4847.000
CT	943	4979	4989	4989.000
CT	942	4997	5014	5014.000
CT	941	4925	4935	4935.000
CT	940	5053	5063	5063.000
CT	939	4930	4939	4939.000
CT	938	4871	4886	4886.000
CT	937	4898	4904	4904.000
CT	936	5018	5028	5028.000
CT	935	5120	5127	5127.000
CT	934	4921	4930	4930.000
CT	933	4985	4993	4993.000
CT	932	5080	5089	5089.000
CT	931	5056	5070	5070.000
CT	930	5139	5147	5147.000
CT	929	5176	5188	5188.000
CT	928	5137	5152	5152.000
CT	927	5154	5161	5161.000
CT	926	5182	5189	5189.000
CT	925	5174	5182	5182.000
CT	924	5258	5262	5262.000
CT	923	5172	5179	5179.000
CT	922	5150	5157	5157.000
CT	921	5258	5262	5262.000
CT	920	5223	5233	5233.000
CT	919	5167	5173	5173.000
CT	918	5250	5257	5257.000
CT	917	5226	5236	5236.000
CT	916	5337	5341	5341.000
CT	915	5299	5312	5312.000
CT	914	5281	5286	5286.000
CT	913	5205	5210	5210.000
CT	912	5369	5376	5376.000
CT	911	5133	5142	5142.000
CT	910	5372	5375	5375.000
CT	909	5425	5434	5434.000
CT	908	5427	5431	5431.000
CT	907	5376	5384	5384.000
CT	906	5540	5546	5546.000
CT	905	5460	5467	5467.000
CT	904	5426	5441	5441.000
CT	903	5540	5541	5541.000
CT	902	5560	5566	5566.000
CT	901	5623	5641	5641.000
CT	900	5423	5429	5429.000
CT	899	5568	5578	5578.000
CT	898	5547	5553	5553.000
CT	897	5604	5611	5611.000
CT	896	5655	5667	5667.000
CT	895	5648	5654	5654.000
CT	894	5627	5633	5633.000
CT	893	5717	5729	5729.000
CT	892	5615	5633	5633.000
CT	891	5835	5849	5849.000
CT	890	5573	5584	5584.000
CT	889	5855	5873	5873.000
CT	888	5711	5720	5720.000
CT	887	5719	5729	5729.000
CT	886	5839	5850	5850.000
CT	885	5879	5888	5888.000
CT	884	5794	5802	5802.000
CT	883	5893	5914	5914.000
CT	882	5919	5932	5932.000
CT	881	5735	5743	5743.000
CT	880	5842	5859	5859.000
CT	879	5837	5850	5850.000
CT	878	5847	5857	5857.000
CT	877	6001	6015	6015.000
CT	876	5927	5940	5940.000
CT	875	5840	5853	5853.000
CT	874	5992	6003	6003.000
CT	873	5946	5956	5956.000
CT	872	6063	6077	6077.000
CT	871	5925	5933	5933.000
CT	870	6028	6042	6042.000
CT	869	6076	6083	6083.000
CT	868	6033	6044	6044.000
CT	867	6044	6048	6048.000
CT	866	6042	6054	6054.000
CT	865	6142	6150	6150.000
CT	864	6053	6066	6066.000
CT	863	6118	6127	6127.000
CT	862	6107	6113	6113.000
CT	861	6249	6261	6261.000
CT	860	6124	6132	6132.000
CT	859	6125	6129	6129.000
CT	858	6089	6101	6101.000
CT	857	6215	6225	6225.000
CT	856	6140	6146	6146.000
CT	855	6237	6242	6242.000
CT	854	6230	6240	6240.000
CT	853	6308	6319	6319.000
CT	852	6342	6347	6347.000
CT	851	6280	6281	6281.000
CT	850	6349	6355	6355.000
CT	849	6395	6400	6400.000
CT	848	6320	6326	6326.000
CT	847	6296	6298	6298.000
CT	846	6356	6358	6358.000
CT	845	6437	6443	6443.000
CT	844	6465	6472	6472.000
CT	843	6570	6582	6582.000
CT	842	6502	6509	6509.000
CT	841	6465	6469	6469.000
CT	840	6522	6531	6531.000
CT	839	6623	6625	6625.000
CT	838	6695	6708	6708.000
CT	837	6616	6623	6623.000
CT	836	6620	6628	6628.000
CT	835	6629	6637	6637.000
CT	834	6652	6656	6656.000
CT	833	6605	6617	6617.000
CT	832	6703	6711	6711.000
CT	831	6687	6691	6691.000
CT	830	6712	6726	6726.000
CT	829	6753	6760	6760.000
CT	828	6683	6693	6693.000
CT	827	6851	6859	6859.000
CT	826	6750	6760	6760.000
CT	825	6821	6828	6828.000
CT	824	6849	6859	6859.000
CT	823	6853	6862	6862.000
CT	822	6990	7005	7005.000
CT	821	6786	6799	6799.000
CT	820	6888	6896	6896.000
CT	819	6766	6769	6769.000
CT	818	6850	6859	6859.000
CT	817	6864	6876	6876.000
CT	816	7033	7043	7043.000
CT	815	6994	7008	7008.000
CT	814	7204	7214	7214.000
CT	813	6894	6903	6903.000
CT	812	6820	6834	6834.000
CT	811	7071	7087	7087.000
CT	810	7088	7098	7098.000
CT	809	6999	7011	7011.000
CT	808	7144	7158	7158.000
CT	807	6983	6991	6991.000
CT	806	7252	7265	7265.000
CT	805	7257	7277	7277.000
CT	804	7195	7205	7205.000
CT	803	7362	7376	7376.000
CT	802	7359	7362	7362.000
CT	801	7374	7379	7379.000
CT	800	7293	7300	7300.000
CT	799	7339	7355	7355.000
CT	798	7299	7312	7312.000
CT	797	7442	7452	7452.000
CT	796	7195	7202	7202.000
CT	795	7350	7354	7354.000
CT	794	7407	7414	7414.000
CT	793	7275	7286	7286.000
CT	792	7202	7212	7212.000
CT	791	7426	7432	7432.000
CT	790	7369	7374	7374.000
CT	789	7468	7481	7481.000
CT	788	7337	7347	7347.000
CT	787	7441	7446	7446.000
CT	786	7297	7305	7305.000
CT	785	7255	7263	7263.000
CT	784	7396	7403	7403.000
CT	783	7376	7387	7387.000
CT	782	7491	7502	7502.000
CT	781	7333	7340	7340.000
CT	780	7184	7190	7190.000
CT	779	7321	7330	7330.000
CT	778	7430	7436	7436.000
CT	777	7471	7484	7484.000
CT	776	7365	7372	7372.000
CT	775	7390	7400	7400.000
CT	774	7314	7321	7321.000
CT	773	7304	7312	7312.000
CT	772	7441	7446	7446.000
CT	771	7490	7497	7497.000
CT	770	7618	7625	7625.000
CT	769	7513	7519	7519.000
CT	768	7454	7456	7456.000
CT	767	7674	7679	7679.000
CT	766	7433	7437	7437.000
CT	765	7405	7409	7409.000
CT	764	7505	7509	7509.000
CT	763	7484	7493	7493.000
CT	762	7629	7633	7633.000
CT	761	7447	7451	7451.000
CT	760	7432	7443	7443.000
CT	759	7358	7363	7363.000
CT	758	7566	7572	7572.000
CT	757	7664	7671	7671.000
CT	756	7600	7609	7609.000
CT	755	7401	7407	7407.000
CT	754	7489	7493	7493.000
CT	753	7582	7590	7590.000
CT	752	7386	7394	7394.000
CT	751	7620	7624	7624.000
CT	750	7561	7564	7564.000
CT	749	7760	7768	7768.000
CT	748	7573	7581	7581.000
CT	747	7630	7631	7631.000
CT	746	7621	7624	7624.000
CT	745	7361	7362	7362.000
CT	744	7701	7704	7704.000
CT	743	7510	7515	7515.000
CT	742	7552	7557	7557.000
CT	741	7508	7513	7513.000
CT	740	7536	7536	7536.000
CT	739	7625	7632	7632.000
CT	738	7509	7513	7513.000
CT	737	7643	7646	7646.000
CT	736	7644	7653	7653.000
CT	735	7624	7633	7633.000
CT	734	7654	7660	7660.000
CT	733	7726	7728	7728.000
CT	732	7705	7715	7715.000
CT	731	7642	7650	7650.000
CT	730	7677	7684	7684.000
CT	729	7602	7611	7611.000
CT	728	7654	7659	7659.000
CT	727	7583	7591	7591.000
CT	726	7624	7632	7632.000
CT	725	7769	7781	7781.000
CT	724	7611	7624	7624.000
CT	723	7737	7746	7746.000
CT	722	7478	7486	7486.000
CT	721	7687	7697	7697.000
CT	720	7688	7695	7695.000
CT	719	7551	7558	7558.000
CT	718	7497	7505	7505.000
CT	717	7464	7468	7468.000
CT	716	7631	7646	7646.000
CT	715	7469	7475	7475.000
CT	714	7358	7368	7368.000
CT	713	7403	7409	7409.000
CT	712	7559	7568	7568.000
CT	711	7590	7599	7599.000
CT	710	7468	7471	7471.000
CT	709	7471	7474	7474.000
CT	708	7442	7447	7447.000
CT	707	7453	7457	7457.000
CT	706	7529	7534	7534.000
CT	705	7434	7438	7438.000
CT	704	7613	7620	7620.000
CT	703	7352	7362	7362.000
CT	702	7443	7447	7447.000
CT	701	7338	7342	7342.000
CT	700	7523	7528	7528.000
CT	699	7585	7589	7589.000
CT	698	7320	7327	7327.000
CT	697	7493	7504	7504.000
CT	696	7512	7519	7519.000
CT	695	7449	7456	7456.000
CT	694	7707	7709	7709.000
CT	693	7493	7498	7498.000
CT	692	7377	7380	7380.000
CT	691	7366	7370	7370.000
CT	690	7349	7355	7355.000
CT	689	7288	7294	7294.000
CT	688	7212	7219	7219.000
CT	687	7294	7303	7303.000
CT	686	7381	7384	7384.000
CT	685	7287	7291	7291.000
CT	684	7254	7263	7263.000
CT	683	7259	7268	7268.000
CT	682	7360	7366	7366.000
CT	681	7297	7299	7299.000
CT	680	7335	7332	7332.000
CT	679	7328	7339	7339.000
CT	678	7376	7387	7387.000
CT	677	7259	7264	7264.000
CT	676	7285	7294	7294.000
CT	675	7191	7200	7200.000
CT	674	7160	7169	7169.000
CT	673	7204	7210	7210.000
CT	672	7243	7246	7246.000
CT	671	7303	7304	7304.000
CT	670	7180	7186	7186.000
CT	669	7147	7150	7150.000
CT	668	7300	7310	7310.000
CT	667	7124	7125	7125.000
CT	666	7195	7201	7201.000
CT	665	7191	7197	7197.000
CT	664	7106	7112	7112.000
CT	663	7186	7191	7191.000
CT	662	7224	7231	7231.000
CT	661	7163	7173	7173.000
CT	660	7143	7149	7149.000
CT	659	7066	7078	7078.000
CT	658	7140	7149	7149.000
CT	657	7081	7087	7087.000
CT	656	7072	7080	7080.000
CT	655	7058	7064	7064.000
CT	654	7024	7033	7033.000
CT	653	6863	6872	6872.000
CT	652	6873	6884	6884.000
CT	651	6852	6858	6858.000
CT	650	6795	6811	6811.000
CT	649	6837	6846	6846.000
CT	648	6763	6776	6776.000
CT	647	6685	6695	6695.000
CT	646	6727	6731	6731.000
CT	645	6577	6580	6580.000
CT	644	6636	6641	6641.000
CT	643	6698	6703	6703.000
CT	642	6734	6740	6740.000
CT	641	6705	6713	6713.000
CT	640	6661	6670	6670.000
CT	639	6601	6605	6605.000
CT	638	6537	6542	6542.000
CT	637	6573	6578	6578.000
CT	636	6552	6558	6558.000
CT	635	6547	6557	6557.000
CT	634	6523	6528	6528.000
CT	633	6430	6438	6438.000
CT	632	6559	6565	6565.000
CT	631	6414	6421	6421.000
CT	630	6482	6491	6491.000
CT	629	6413	6421	6421.000
CT	628	6312	6322	6322.000
CT	627	6199	6203	6203.000
CT	626	6329	6337	6337.000
CT	625	6221	6226	6226.000
CT	624	6186	6192	6192.000
CT	623	6172	6181	6181.000
CT	622	6055	6060	6060.000
CT	621	6324	6328	6328.000
CT	620	6159	6168	6168.000
CT	619	6059	6058	6058.000
CT	618	6041	6046	6046.000
CT	617	6029	6041	6041.000
CT	616	6112	6115	6115.000
CT	615	6021	6027	6027.000
CT	614	6090	6100	6100.000
CT	613	5919	5925	5925.000
CT	612	5872	5875	5875.000
CT	611	5935	5940	5940.000
CT	610	5887	5890	5890.000
CT	609	5919	5925	5925.000
CT	608	5728	5732	5732.000
CT	607	5811	5815	5815.000
CT	606	5743	5750	5750.000
CT	605	5753	5757	5757.000
CT	604	5612	5616	5616.000
CT	603	5628	5639	5639.000
CT	602	5484	5490	5490.000
CT	601	5579	5588	5588.000
CT	600	5464	5471	5471.000
CT	599	5533	5537	5537.000
CT	598	5495	5503	5503.000
CT	597	5582	5594	5594.000
CT	596	5458	5464	5464.000
CT	595	5489	5492	5492.000
CT	594	5498	5503	5503.000
CT	593	5449	5452	5452.000
CT	592	5411	5416	5416.000
CT	591	5306	5304	5304.000
CT	590	5344	5347	5347.000
CT	589	5231	5225	5225.000
CT	588	5273	5276	5276.000
CT	587	5087	5085	5085.000
CT	586	5200	5199	5199.000
CT	585	5109	5110	5110.000
CT	584	5193	5190	5190.000
CT	583	4954	4956	4956.000
CT	582	4885	4887	4887.000
CT	581	4833	4831	4831.000
CT	580	4883	4886	4886.000
CT	579	4861	4867	4867.000
CT	578	4739	4743	4743.000
CT	577	4723	4724	4724.000
CT	576	4850	4855	4855.000
CT	575	4599	4599	4599.000
CT	574	4743	4746	4746.000
CT	573	4781	4780	4780.000
CT	572	4638	4641	4641.000
CT	571	4784	4786	4786.000
CT	570	4620	4624	4624.000
CT	569	4596	4600	4600.000
CT	568	4629	4632	4632.000
CT	567	4448	4454	4454.000
CT	566	4311	4310	4310.000
CT	565	4490	4491	4491.000
CT	564	4423	4427	4427.000
CT	563	4426	4435	4435.000
CT	562	4270	4269	4269.000
CT	561	4248	4252	4252.000
CT	560	4199	4199	4199.000
CT	559	4201	4203	4203.000
CT	558	4077	4079	4079.000
CT	557	4159	4159	4159.000
CT	556	4062	4063	4063.000
CT	555	4005	4007	4007.000
CT	554	4046	4049	4049.000
CT	553	4056	4058	4058.000
CT	552	3940	3940	3940.000
CT	551	4039	4040	4040.000
CT	550	3964	3964	3964.000
CT	549	3822	3822	3822.000
CT	548	3749	3751	3751.000
CT	547	3901	3900	3900.000
CT	546	3881	3887	3887.000
CT	545	3734	3736	3736.000
CT	544	3792	3794	3794.000
CT	543	3586	3588	3588.000
CT	542	3683	3685	3685.000
CT	541	3670	3670	3670.000
CT	540	3576	3577	3577.000
CT	539	3522	3522	3522.000
CT	538	3544	3547	3547.000
CT	537	3438	3438	3438.000
CT	536	3329	3330	3330.000
CT	535	3418	3419	3419.000
CT	534	3361	3360	3360.000
CT	533	3253	3254	3254.000
CT	532	3313	3313	3313.000
CT	531	3194	3195	3195.000
CT	530	3296	3300	3300.000
CT	529	3132	3133	3133.000
CT	528	3134	3134	3134.000
CT	527	3140	3140	3140.000
CT	526	2962	2962	2962.000
CT	525	3021	3021	3021.000
CT	524	3003	3003	3003.000
CT	523	2859	2859	2859.000
CT	522	2943	2943	2943.000
CT	521	2849	2849	2849.000
CT	520	2815	2815	2815.000
CT	519	2831	2831	2831.000
CT	518	2768	2768	2768.000
CT	517	2774	2774	2774.000
CT	516	2830	2830	2830.000
CT	515	2730	2730	2730.000
CT	514	2730	2730	2730.000
CT	513	2606	2605	2605.000
CT	512	2586	2586	2586.000
CT	511	2588	2588	2588.000
CT	510	2600	2598	2598.000
CT	509	2506	2506	2506.000
CT	508	2475	2475	2475.000
CT	507	2355	2354	2354.000
CT	506	2445	2444	2444.000
CT	505	2468	2466	2466.000
CT	504	2354	2354	2354.000
CT	503	2352	2351	2351.000
CT	502	2303	2303	2303.000
CT	501	2222	2222	2222.000
CT	500	2275	2274	2274.000
CT	499	2149	2147	2147.000
CT	498	2149	2149	2149.000
CT	497	2104	2101	2101.000
CT	496	2088	2087	2087.000
CT	495	2092	2092	2092.000
CT	494	2040	2039	2039.000
CT	493	2080	2077	2077.000
CT	492	1961	1958	1958.000
CT	491	2038	2037	2037.000
CT	490	1971	1969	1969.000
CT	489	1910	1909	1909.000
CT	488	1874	1871	1871.000
CT	487	1851	1849	1849.000
CT	486	1828	1828	1828.000
CT	485	1771	1770	1770.000
CT	484	1809	1808	1808.000
CT	483	1677	1673	1673.000
CT	482	1701	1701	1701.000
CT	481	1583	1581	1581.000
CT	480	1598	1598	1598.000
CT	479	1609	1607	1607.000
CT	478	1534	1534	1534.000
CT	477	1490	1489	1489.000
CT	476	1612	1611	1611.000
CT	475	1568	1567	1567.000
CT	474	1476	1474	1474.000
CT	473	1470	1466	1466.000
CT	472	1466	1465	1465.000
CT	471	1486	1486	1486.000
CT	470	1374	1374	1374.000
CT	469	1314	1314	1314.000
CT	468	1370	1369	1369.000
CT	467	1332	1332	1332.000
CT	466	1196	1194	1194.000
CT	465	1213	1212	1212.000
CT	464	1193	1192	1192.000
CT	463	1187	1185	1185.000
CT	462	1170	1170	1170.000
CT	461	1131	1131	1131.000
CT	460	1165	1165	1165.000
CT	459	1074	1074	1074.000
CT	458	1097	1097	1097.000
CT	457	1076	1076	1076.000
CT	456	1070	1070	1070.000
CT	455	1064	1064	1064.000
CT	454	1059	1059	1059.000
CT	453	1024	1024	1024.000
CT	452	1036	1036	1036.000
CT	451	1026	1026	1026.000
CT	450	1012	1012	1012.000
CT	449	946	946	946.000
CT	448	927	927	927.000
CT	447	985	985	985.000
CT	446	899	899	899.000
CT	445	923	923	923.000
CT	444	848	848	848.000
CT	443	858	858	858.000
CT	442	809	808	808.000
CT	441	881	881	881.000
CT	440	829	829	829.000
CT	439	796	796	796.000
CT	438	734	734	734.000
CT	437	741	741	741.000
CT	436	728	728	728.000
CT	435	681	681	681.000
CT	434	715	715	715.000
CT	433	678	678	678.000
CT	432	730	730	730.000
CT	431	618	618	618.000
CT	430	622	622	622.000
CT	429	571	571	571.000
CT	428	621	620	620.000
CT	427	588	588	588.000
CT	426	567	567	567.000
CT	425	530	530	530.000
CT	424	524	524	524.000
CT	423	470	470	470.000
CT	422	500	500	500.000
CT	421	503	503	503.000
CT	420	505	505	505.000
CT	419	496	496	496.000
CT	418	525	525	525.000
CT	417	512	512	512.000
CT	416	469	469	469.000
CT	415	466	466	466.000
CT	414	470	469	469.000
CT	413	435	435	435.000
CT	412	408	408	408.000
CT	411	404	404	404.000
CT	410	440	440	440.000
CT	409	401	401	401.000
CT	408	448	448	448.000
CT	407	382	382	382.000
CT	406	381	381	381.000
CT	405	424	424	424.000
CT	404	386	386	386.000
CT	403	388	388	388.000
CT	402	407	407	407.000
CT	401	347	346	346.000
CT	400	338	338	338.000
CT	399	298	298	298.000
CT	398	351	351	351.000
CT	397	298	298	298.000
CT	396	342	342	342.000
CT	395	340	340	340.000
CT	394	331	331	331.000
CT	393	330	330	330.000
CT	392	298	298	298.000
CT	391	324	324	324.000
CT	390	283	283	283.000
CT	389	319	319	319.000
CT	388	312	312	312.000
CT	387	307	307	307.000
CT	386	279	279	279.000
CT	385	266	266	266.000
CT	384	280	280	280.000
CT	383	258	258	258.000
CT	382	261	261	261.000
CT	381	287	287	287.000
CT	380	267	268	268.000
CT	379	254	254	254.000
CT	378	226	226	226.000
CT	377	264	265	265.000
CT	376	210	210	210.000
CT	375	216	217	217.000
CT	374	211	213	213.000
CT	373	197	197	197.000
CT	372	211	210	210.000
CT	371	185	185	185.000
CT	370	165	166	166.000
CT	369	162	162	162.000
CT	368	168	168	168.000
CT	367	178	178	178.000
CT	366	132	130	130.000
CT	365	140	141	141.000
CT	364	157	157	157.000
CT	363	129	129	129.000
CT	362	115	114	114.000
CT	361	137	137	137.000
CT	360	134	134	134.000
CT	359	115	115	115.000
CT	358	149	151	151.000
CT	357	125	125	125.000
CT	356	115	114	114.000
CT	355	116	112	112.000
CT	354	111	110	110.000
CT	353	110	104	104.000
CT	352	121	116	116.000
CT	351	111	109	109.000
CT	350	96	96	96.000
CT	349	85	89	89.000
CT	348	101	101	101.000
CT	347	99	103	103.000
CT	346	93	95	95.000
CT	345	88	89	89.000
CT	344	86	87	87.000
CT	343	74	74	74.000
CT	342	79	79	79.000
CT	341	73	72	72.000
CT	340	85	84	84.000
CT	339	81	79	79.000
CT	338	78	78	78.000
CT	337	76	77	77.000
CT	336	72	70	70.000
CT	335	73	72	72.000
CT	334	64	58	58.000
CT	333	77	74	74.000
CT	332	77	72	72.000
CT	331	62	62	62.000
CT	330	81	85	85.000
CT	329	66	69	69.000
CT	328	61	60	60.000
CT	327	72	71	71.000
CT	326	53	51	51.000
CT	325	50	54	54.000
CT	324	44	43	43.000
CT	323	47	50	50.000
CT	322	44	47	47.000
CT	321	46	47	47.000
CT	320	36	39	39.000
CT	319	47	51	51.000
CT	318	37	40	40.000
CT	317	38	39	39.000
CT	316	31	28	28.000
CT	315	39	40	40.000
CT	314	28	21	21.000
CT	313	19	16	16.000
CT	312	26	22	22.000
CT	311	28	24	24.000
CT	310	31	30	30.000
CT	309	25	22	22.000
CT	308	18	17	17.000
CT	307	28	22	22.000
CT	306	26	25	25.000
CT	305	31	29	29.000
CT	304	18	14	14.000
CT	303	27	26	26.000
CT	302	23	22	22.000
CT	301	20	17	17.000
CT	300	34	32	32.000
CT	299	12	10	10.000
CT	298	15	14	14.000
CT	297	19	14	14.000
CT	296	18	17	17.000
CT	295	11	8	8.000
CT	294	14	13	13.000
CT	293	17	14	14.000
CT	292	25	20	20.000
CT	291	16	12	12.000
CT	290	4	2	2.000
CT	289	15	10	10.000
CT	288	9	7	7.000
CT	287	15	11	11.000
CT	286	10	10	10.000
CT	285	8	10	10.000
CT	284	19	26	26.000
CT	283	16	20	20.000
CT	282	16	20	20.000
CT	281	13	16	16.000
CT	280	9	7	7.000
CT	279	11	8	8.000
CT	278	13	13	13.000
CT	277	8	7	7.000
CT	276	5	4	4.000
CT	275	9	4	4.000
CT	274	8	4	4.000
CT	273	4	4	4.000
CT	272	5	5	5.000
CT	271	11	4	4.000
CT	270	10	4	4.000
CT	269	9	7	7.000
CT	268	8	5	5.000
CT	267	7	4	4.000
CT	266	3	1	1.000
CT	265	6	5	5.000
CT	264	3	2	2.000
CT	263	6	6	6.000
CT	262	6	4	4.000
CT	261	7	7	7.000
CT	260	2	2	2.000
CT	259	1	1	1.000
CT	258	6	5	5.000
CT	257	1	1	1.000
CT	256	4	4	4.000
CT	255	3	3	3.000
CT	254	6	5	5.000
CT	253	1	1	1.000
CT	252	4	3	3.000
CT	251	5	5	5.000
CT	250	8	7	7.000
CT	249	8	8	8.000
CT	248	6	6	6.000
CT	247	4	4	4.000
CT	246	6	6	6.000
CT	245	5	5	5.000
CT	244	8	7	7.000
CT	243	6	5	5.000
CT	242	7	6	6.000
CT	241	12	10	10.000
CT	240	6	5	5.000
CT	239	7	6	6.000
CT	238	8	8	8.000
CT	237	5	4	4.000
CT	236	7	7	7.000
CT	235	8	7	7.000
CT	234	7	6	6.000
CT	233	3	3	3.000
CT	232	6	6	6.000
CT	231	9	9	9.000
CT	230	8	8	8.000
CT	229	8	8	8.000
CT	228	7	5	5.000
CT	227	4	4	4.000
CT	226	1	1	1.000
CT	225	1	1	1.000
CT	224	5	3	3.000
CT	223	2	1	1.000
CT	222	1	1	1.000
CT	221	1	1	1.000
CT	220	1	0	0.000
CT	219	3	3	3.000
CT	218	2	2	2.000
CT	217	4	3	3.000
CT	216	1	1	1.000
CT	215	2	2	2.000
CT	214	1	0	0.000
CT	213	1	0	0.000
CT	212	1	1	1.000
CT	211	1	0	0.000
CT	210	3	1	1.000
CT	209	2	1	1.000
CT	208	1	1	1.000
CT	207	2	1	1.000
CT	206	6	3	3.000
CT	205	4	1	1.000
CT	204	3	1	1.000
CT	203	2	1	1.000
CT	202	2	1	1.000
CT	201	3	1	1.000
CT	200	2	0	0.000
CT	199	4	3	3.000
CT	198	2	0	0.000
CT	197	5	2	2.000
CT	196	3	0	0.000
CT	195	1	0	0.000
CT	194	0	0	0.000
CT	193	1	0	0.000
CT	192	0	0	0.000
CT	191	2	0	0.000
CT	190	1	0	0.000
CT	189	2	0	0.000
CT	188	1	0	0.000
CT	187	3	0	0.000
CT	186	0	0	0.000
CT	185	1	0	0.000
CT	184	1	0	0.000
CT	183	2	0	0.000
CT	182	0	0	0.000
CT	181	0	0	0.000
CT	180	0	0	0.000
CT	179	0	0	0.000
CT	178	1	0	0.000
CT	177	3	0	0.000
CT	176	0	0	0.000
CT	175	3	0	0.000
CT	174	2	0	0.000
CT	173	2	0	0.000
CT	172	2	0	0.000
CT	171	2	0	0.000
CT	170	2	0	0.000
CT	169	8	0	0.000
CT	168	2	0	0.000
CT	167	6	0	0.000
CT	166	9	0	0.000
CT	165	6	0	0.000
CT	164	6	0	0.000
CT	163	1	0	0.000
CT	162	4	0	0.000
CT	161	4	0	0.000
CT	160	3	0	0.000
CT	159	2	0	0.000
CT	158	4	0	0.000
CT	157	3	0	0.000
CT	156	7	0	0.000
CT	155	7	0	0.000
CT	154	4	0	0.000
CT	153	3	0	0.000
CT	152	1	0	0.000
CT	151	2	0	0.000
CT	150	1	0	0.000
CT	149	1	0	0.000
CT	148	0	0	0.000
CT	147	3	0	0.000
CT	146	6	0	0.000
CT	145	2	0	0.000
CT	144	3	0	0.000
CT	143	10	0	0.000
CT	142	2	0	0.000
CT	141	3	0	0.000
CT	140	0	0	0.000
CT	139	5	0	0.000
CT	138	5	0	0.000
CT	137	3	0	0.000
CT	136	3	0	0.000
CT	135	6	0	0.000
CT	134	8	0	0.000
CT	133	8	0	0.000
CT	132	7	0	0.000
CT	131	5	0	0.000
CT	130	10	0	0.000
CT	129	6	0	0.000
CT	128	10	0	0.000
CT	127	8	0	0.000
CT	126	9	0	0.000
CT	125	15	0	0.000
CT	124	7	0	0.000
CT	123	9	0	0.000
CT	122	9	0	0.000
CT	121	14	0	0.000
CT	120	7	0	0.000
CT	119	14	0	0.000
CT	118	17	0	0.000
CT	117	14	0	0.000
CT	116	16	0	0.000
CT	115	11	0	0.000
CT	114	17	0	0.000
CT	113	17	0	0.000
CT	112	11	0	0.000
CT	111	11	0	0.000
CT	110	16	0	0.000
CT	109	30	0	0.000
CT	108	21	0	0.000
CT	107	17	0	0.000
CT	106	16	0	0.000
CT	105	17	0	0.000
CT	104	17	0	0.000
CT	103	20	0	0.000
CT	102	23	0	0.000
CT	101	12	0	0.000
CT	100	25	0	0.000
CT	99	4	0	0.000
CT	98	13	0	0.000
CT	97	21	0	0.000
CT	96	21	0	0.000
CT	95	4	0	0.000
CT	94	16	0	0.000
CT	93	20	0	0.000
CT	92	14	0	0.000
CT	91	21	0	0.000
CT	90	26	0	0.000
CT	89	30	0	0.000
CT	88	24	0	0.000
CT	87	40	0	0.000
CT	86	36	0	0.000
CT	85	38	0	0.000
CT	84	35	0	0.000
CT	83	33	0	0.000
CT	82	40	0	0.000
CT	81	27	0	0.000
CT	80	47	0	0.000
CT	79	21	0	0.000
CT	78	30	0	0.000
CT	77	39	0	0.000
CT	76	39	0	0.000
CT	75	50	0	0.000
CT	74	35	0	0.000
CT	73	38	0	0.000
CT	72	45	0	0.000
CT	71	59	0	0.000
CT	70	56	0	0.000
CT	69	79	0	0.000
CT	68	67	0	0.000
CT	67	60	0	0.000
CT	66	36	0	0.000
CT	65	69	0	0.000
CT	64	83	0	0.000
CT	63	95	0	0.000
CT	62	139	0	0.000
CT	61	132	0	0.000
CT	60	151	0	0.000
CT	59	123	0	0.000
CT	58	121	0	0.000
CT	57	148	0	0.000
CT	56	174	0	0.000
CT	55	136	0	0.000
CT	54	172	0	0.000
CT	53	180	0	0.000
CT	52	182	0	0.000
CT	51	228	0	0.000
CT	50	210	0	0.000
CT	49	243	0	0.000
CT	48	280	0	0.000
CT	47	246	0	0.000
CT	46	272	0	0.000
CT	45	320	0	0.000
CT	44	387	0	0.000
CT	43	448	0	0.000
CT	42	561	0	0.000
CT	41	502	0	0.000
CT	40	588	0	0.000
CT	39	648	0	0.000
CT	38	800	0	0.000
CT	37	783	0	0.000
CT	36	1115	0	0.000
CT	35	1113	0	0.000
CT	34	1374	0	0.000
CT	33	1541	0	0.000
CT	32	1700	0	0.000
CT	31	1952	0	0.000
CT	30	2368	0	0.000
CT	29	2593	0	0.000
CT	28	3085	0	0.000
CT	27	3584	0	0.000
CT	26	4330	0	0.000
CT	25	5302	0	0.000
CT	24	5939	0	0.000
CT	23	7375	0	0.000
CT	22	9073	0	0.000
CT	21	10893	0	0.000
CT	20	13101	0	0.000
CT	19	15556	0	0.000
CT	18	18904	0	0.000
CT	17	23226	0	0.000
CT	16	29208	0	0.000
CT	15	36852	0	0.000
CT	14	47674	0	0.000
CT	13	60101	0	0.000
CT	12	79136	0	0.000
CT	11	106728	0	0.000
CT	10	147092	0	0.000
CT	9	207880	0	0.000
CT	8	311693	0	0.000
CT	7	504779	0	0.000
CT	6	901601	0	0.000
CT	5	1807518	0	0.000
CT	4	4066887	0	0.000
CT	3	10111967	0	0.000
CT	2	28136101	0	0.000
CT	1	0	0	-nan
CT	0	0	0	-nan
FR	0	0
ER	4002203	0.000
CV	1.002
QV	inf	inf
