HS	1023	0	806623	806623
HS	1022	0	3726	810349
HS	1021	0	3626	813975
HS	1020	0	3661	817636
HS	1019	0	3730	821366
HS	1018	0	3727	825093
HS	1017	0	3874	828967
HS	1016	0	3788	832755
HS	1015	0	3725	836480
HS	1014	0	3780	840260
HS	1013	0	3814	844074
HS	1012	0	3752	847826
HS	1011	0	3799	851625
HS	1010	0	3892	855517
HS	1009	0	3925	859442
HS	1008	0	3847	863289
HS	1007	0	3817	867106
HS	1006	0	3914	871020
HS	1005	0	3907	874927
HS	1004	0	3803	878730
HS	1003	0	3989	882719
HS	1002	0	3773	886492
HS	1001	0	3908	890400
HS	1000	0	4033	894433
HS	999	0	3927	898360
HS	998	0	3932	902292
HS	997	0	4000	906292
HS	996	0	3998	910290
HS	995	0	4076	914366
HS	994	0	4076	918442
HS	993	0	4013	922455
HS	992	0	4055	926510
HS	991	0	4089	930599
HS	990	0	4136	934735
HS	989	0	4097	938832
HS	988	0	4265	943097
HS	987	0	4162	947259
HS	986	0	4139	951398
HS	985	0	4187	955585
HS	984	0	4339	959924
HS	983	0	4089	964013
HS	982	0	4156	968169
HS	981	0	4243	972412
HS	980	0	4325	976737
HS	979	0	4301	981038
HS	978	0	4304	985342
HS	977	0	4338	989680
HS	976	0	4340	994020
HS	975	0	4390	998410
HS	974	0	4340	1002750
HS	973	0	4423	1007173
HS	972	0	4357	1011530
HS	971	0	4368	1015898
HS	970	0	4489	1020387
HS	969	0	4550	1024937
HS	968	0	4679	1029616
HS	967	0	4501	1034117
HS	966	0	4504	1038621
HS	965	0	4510	1043131
HS	964	0	4545	1047676
HS	963	0	4703	1052379
HS	962	0	4641	1057020
HS	961	0	4624	1061644
HS	960	0	4592	1066236
HS	959	0	4629	1070865
HS	958	0	4762	1075627
HS	957	0	4668	1080295
HS	956	0	4608	1084903
HS	955	0	4753	1089656
HS	954	0	4735	1094391
HS	953	0	4731	1099122
HS	952	0	4862	1103984
HS	951	0	4886	1108870
HS	950	0	4925	1113795
HS	949	0	4775	1118570
HS	948	0	4952	1123522
HS	947	0	4726	1128248
HS	946	0	4865	1133113
HS	945	0	4857	1137970
HS	944	0	4833	1142803
HS	943	0	4979	1147782
HS	942	0	4997	1152779
HS	941	0	4925	1157704
HS	940	0	5053	1162757
HS	939	0	4930	1167687
HS	938	0	4871	1172558
HS	937	0	4898	1177456
HS	936	0	5018	1182474
HS	935	0	5120	1187594
HS	934	0	4921	1192515
HS	933	0	4985	1197500
HS	932	0	5080	1202580
HS	931	0	5056	1207636
HS	930	0	5139	1212775
HS	929	0	5176	1217951
HS	928	0	5137	1223088
HS	927	0	5154	1228242
HS	926	0	5182	1233424
HS	925	0	5174	1238598
HS	924	0	5258	1243856
HS	923	0	5172	1249028
HS	922	0	5150	1254178
HS	921	0	5258	1259436
HS	920	0	5223	1264659
HS	919	0	5167	1269826
HS	918	0	5250	1275076
HS	917	0	5226	1280302
HS	916	0	5337	1285639
HS	915	0	5299	1290938
HS	914	0	5281	1296219
HS	913	0	5205	1301424
HS	912	0	5369	1306793
HS	911	0	5133	1311926
HS	910	0	5372	1317298
HS	909	0	5425	1322723
HS	908	0	5427	1328150
HS	907	0	5376	1333526
HS	906	0	5540	1339066
HS	905	0	5460	1344526
HS	904	0	5426	1349952
HS	903	0	5540	1355492
HS	902	0	5560	1361052
HS	901	0	5623	1366675
HS	900	0	5423	1372098
HS	899	0	5568	1377666
HS	898	0	5547	1383213
HS	897	0	5604	1388817
HS	896	0	5655	1394472
HS	895	0	5648	1400120
HS	894	0	5627	1405747
HS	893	0	5717	1411464
HS	892	0	5615	1417079
HS	891	0	5835	1422914
HS	890	0	5573	1428487
HS	889	0	5855	1434342
HS	888	0	5711	1440053
HS	887	0	5719	1445772
HS	886	0	5839	1451611
HS	885	0	5879	1457490
HS	884	0	5794	1463284
HS	883	0	5893	1469177
HS	882	0	5919	1475096
HS	881	0	5735	1480831
HS	880	0	5842	1486673
HS	879	0	5837	1492510
HS	878	0	5847	1498357
HS	877	0	6001	1504358
HS	876	0	5927	1510285
HS	875	0	5840	1516125
HS	874	0	5992	1522117
HS	873	0	5946	1528063
HS	872	0	6063	1534126
HS	871	0	5925	1540051
HS	870	0	6028	1546079
HS	869	0	6076	1552155
HS	868	0	6033	1558188
HS	867	0	6044	1564232
HS	866	0	6042	1570274
HS	865	0	6142	1576416
HS	864	0	6053	1582469
HS	863	0	6118	1588587
HS	862	0	6107	1594694
HS	861	0	6249	1600943
HS	860	0	6124	1607067
HS	859	0	6125	1613192
HS	858	0	6089	1619281
HS	857	0	6215	1625496
HS	856	0	6140	1631636
HS	855	0	6237	1637873
HS	854	0	6230	1644103
HS	853	0	6308	1650411
HS	852	0	6342	1656753
HS	851	0	6280	1663033
HS	850	0	6349	1669382
HS	849	0	6395	1675777
HS	848	0	6320	1682097
HS	847	0	6296	1688393
HS	846	0	6356	1694749
HS	845	0	6437	1701186
HS	844	0	6465	1707651
HS	843	0	6570	1714221
HS	842	0	6502	1720723
HS	841	0	6465	1727188
HS	840	0	6522	1733710
HS	839	0	6623	1740333
HS	838	0	6695	1747028
HS	837	0	6616	1753644
HS	836	0	6620	1760264
HS	835	0	6629	1766893
HS	834	0	6652	1773545
HS	833	0	6605	1780150
HS	832	0	6703	1786853
HS	831	0	6687	1793540
HS	830	0	6712	1800252
HS	829	0	6753	1807005
HS	828	0	6683	1813688
HS	827	0	6851	1820539
HS	826	0	6750	1827289
HS	825	0	6821	1834110
HS	824	0	6849	1840959
HS	823	0	6853	1847812
HS	822	0	6990	1854802
HS	821	0	6786	1861588
HS	820	0	6888	1868476
HS	819	0	6766	1875242
HS	818	0	6850	1882092
HS	817	0	6864	1888956
HS	816	0	7033	1895989
HS	815	0	6994	1902983
HS	814	0	7204	1910187
HS	813	0	6894	1917081
HS	812	0	6820	1923901
HS	811	0	7071	1930972
HS	810	0	7088	1938060
HS	809	0	6999	1945059
HS	808	0	7144	1952203
HS	807	0	6983	1959186
HS	806	0	7252	1966438
HS	805	0	7257	1973695
HS	804	0	7195	1980890
HS	803	0	7362	1988252
HS	802	0	7359	1995611
HS	801	0	7374	2002985
HS	800	0	7293	2010278
HS	799	0	7339	2017617
HS	798	0	7299	2024916
HS	797	0	7442	2032358
HS	796	0	7195	2039553
HS	795	0	7350	2046903
HS	794	0	7407	2054310
HS	793	0	7275	2061585
HS	792	0	7202	2068787
HS	791	0	7426	2076213
HS	790	0	7369	2083582
HS	789	0	7468	2091050
HS	788	0	7337	2098387
HS	787	0	7441	2105828
HS	786	0	7297	2113125
HS	785	0	7255	2120380
HS	784	0	7396	2127776
HS	783	0	7376	2135152
HS	782	0	7491	2142643
HS	781	0	7333	2149976
HS	780	0	7184	2157160
HS	779	0	7321	2164481
HS	778	0	7430	2171911
HS	777	0	7471	2179382
HS	776	0	7365	2186747
HS	775	0	7390	2194137
HS	774	0	7314	2201451
HS	773	0	7304	2208755
HS	772	0	7441	2216196
HS	771	0	7490	2223686
HS	770	0	7618	2231304
HS	769	0	7513	2238817
HS	768	0	7454	2246271
HS	767	0	7674	2253945
HS	766	0	7433	2261378
HS	765	0	7405	2268783
HS	764	0	7505	2276288
HS	763	0	7484	2283772
HS	762	0	7629	2291401
HS	761	0	7447	2298848
HS	760	0	7432	2306280
HS	759	0	7358	2313638
HS	758	0	7566	2321204
HS	757	0	7664	2328868
HS	756	0	7600	2336468
HS	755	0	7401	2343869
HS	754	0	7489	2351358
HS	753	0	7582	2358940
HS	752	0	7386	2366326
HS	751	0	7620	2373946
HS	750	0	7561	2381507
HS	749	0	7760	2389267
HS	748	0	7573	2396840
HS	747	0	7630	2404470
HS	746	0	7621	2412091
HS	745	0	7361	2419452
HS	744	0	7701	2427153
HS	743	0	7510	2434663
HS	742	0	7552	2442215
HS	741	0	7508	2449723
HS	740	0	7536	2457259
HS	739	0	7625	2464884
HS	738	0	7509	2472393
HS	737	0	7643	2480036
HS	736	0	7644	2487680
HS	735	0	7624	2495304
HS	734	0	7654	2502958
HS	733	0	7726	2510684
HS	732	0	7705	2518389
HS	731	0	7642	2526031
HS	730	0	7677	2533708
HS	729	0	7602	2541310
HS	728	0	7654	2548964
HS	727	0	7583	2556547
HS	726	0	7624	2564171
HS	725	0	7769	2571940
HS	724	0	7611	2579551
HS	723	0	7737	2587288
HS	722	0	7478	2594766
HS	721	0	7687	2602453
HS	720	0	7688	2610141
HS	719	0	7551	2617692
HS	718	0	7497	2625189
HS	717	0	7464	2632653
HS	716	0	7631	2640284
HS	715	0	7469	2647753
HS	714	0	7358	2655111
HS	713	0	7403	2662514
HS	712	0	7559	2670073
HS	711	0	7590	2677663
HS	710	0	7468	2685131
HS	709	0	7471	2692602
HS	708	0	7442	2700044
HS	707	0	7453	2707497
HS	706	0	7529	2715026
HS	705	0	7434	2722460
HS	704	0	7613	2730073
HS	703	0	7352	2737425
HS	702	0	7443	2744868
HS	701	0	7338	2752206
HS	700	0	7523	2759729
HS	699	0	7585	2767314
HS	698	0	7320	2774634
HS	697	0	7493	2782127
HS	696	0	7512	2789639
HS	695	0	7449	2797088
HS	694	0	7707	2804795
HS	693	0	7493	2812288
HS	692	0	7377	2819665
HS	691	0	7366	2827031
HS	690	0	7349	2834380
HS	689	0	7288	2841668
HS	688	0	7212	2848880
HS	687	0	7294	2856174
HS	686	0	7381	2863555
HS	685	0	7287	2870842
HS	684	0	7254	2878096
HS	683	0	7259	2885355
HS	682	0	7360	2892715
HS	681	0	7297	2900012
HS	680	0	7335	2907347
HS	679	0	7328	2914675
HS	678	0	7376	2922051
HS	677	0	7259	2929310
HS	676	0	7285	2936595
HS	675	0	7191	2943786
HS	674	0	7160	2950946
HS	673	0	7204	2958150
HS	672	0	7243	2965393
HS	671	0	7303	2972696
HS	670	0	7180	2979876
HS	669	0	7147	2987023
HS	668	0	7300	2994323
HS	667	0	7124	3001447
HS	666	0	7195	3008642
HS	665	0	7191	3015833
HS	664	0	7106	3022939
HS	663	0	7186	3030125
HS	662	0	7224	3037349
HS	661	0	7163	3044512
HS	660	0	7143	3051655
HS	659	0	7066	3058721
HS	658	0	7140	3065861
HS	657	0	7081	3072942
HS	656	0	7072	3080014
HS	655	0	7058	3087072
HS	654	0	7024	3094096
HS	653	0	6863	3100959
HS	652	0	6873	3107832
HS	651	0	6852	3114684
HS	650	0	6795	3121479
HS	649	0	6837	3128316
HS	648	0	6763	3135079
HS	647	0	6685	3141764
HS	646	0	6727	3148491
HS	645	0	6577	3155068
HS	644	0	6636	3161704
HS	643	0	6698	3168402
HS	642	0	6734	3175136
HS	641	0	6705	3181841
HS	640	0	6661	3188502
HS	639	0	6601	3195103
HS	638	0	6537	3201640
HS	637	0	6573	3208213
HS	636	0	6552	3214765
HS	635	0	6547	3221312
HS	634	0	6523	3227835
HS	633	0	6430	3234265
HS	632	0	6559	3240824
HS	631	0	6414	3247238
HS	630	0	6482	3253720
HS	629	0	6413	3260133
HS	628	0	6312	3266445
HS	627	0	6199	3272644
HS	626	0	6329	3278973
HS	625	0	6221	3285194
HS	624	0	6186	3291380
HS	623	0	6172	3297552
HS	622	0	6055	3303607
HS	621	0	6324	3309931
HS	620	0	6159	3316090
HS	619	0	6059	3322149
HS	618	0	6041	3328190
HS	617	0	6029	3334219
HS	616	0	6112	3340331
HS	615	0	6021	3346352
HS	614	0	6090	3352442
HS	613	0	5919	3358361
HS	612	0	5872	3364233
HS	611	0	5935	3370168
HS	610	0	5887	3376055
HS	609	0	5919	3381974
HS	608	0	5728	3387702
HS	607	0	5811	3393513
HS	606	0	5743	3399256
HS	605	0	5753	3405009
HS	604	0	5612	3410621
HS	603	0	5628	3416249
HS	602	0	5484	3421733
HS	601	0	5579	3427312
HS	600	0	5464	3432776
HS	599	0	5533	3438309
HS	598	0	5495	3443804
HS	597	0	5582	3449386
HS	596	0	5458	3454844
HS	595	0	5489	3460333
HS	594	0	5498	3465831
HS	593	0	5449	3471280
HS	592	0	5411	3476691
HS	591	0	5306	3481997
HS	590	0	5344	3487341
HS	589	0	5231	3492572
HS	588	0	5273	3497845
HS	587	0	5087	3502932
HS	586	0	5200	3508132
HS	585	0	5109	3513241
HS	584	0	5193	3518434
HS	583	0	4954	3523388
HS	582	0	4885	3528273
HS	581	0	4833	3533106
HS	580	0	4883	3537989
HS	579	0	4861	3542850
HS	578	0	4739	3547589
HS	577	0	4723	3552312
HS	576	0	4850	3557162
HS	575	0	4599	3561761
HS	574	0	4743	3566504
HS	573	0	4781	3571285
HS	572	0	4638	3575923
HS	571	0	4784	3580707
HS	570	0	4620	3585327
HS	569	0	4596	3589923
HS	568	0	4629	3594552
HS	567	0	4448	3599000
HS	566	0	4311	3603311
HS	565	0	4490	3607801
HS	564	0	4423	3612224
HS	563	0	4426	3616650
HS	562	0	4270	3620920
HS	561	0	4248	3625168
HS	560	0	4199	3629367
HS	559	0	4201	3633568
HS	558	0	4077	3637645
HS	557	0	4159	3641804
HS	556	0	4062	3645866
HS	555	0	4005	3649871
HS	554	0	4046	3653917
HS	553	0	4056	3657973
HS	552	0	3940	3661913
HS	551	0	4039	3665952
HS	550	0	3964	3669916
HS	549	0	3822	3673738
HS	548	0	3749	3677487
HS	547	0	3901	3681388
HS	546	0	3881	3685269
HS	545	0	3734	3689003
HS	544	0	3792	3692795
HS	543	0	3586	3696381
HS	542	0	3683	3700064
HS	541	0	3670	3703734
HS	540	0	3576	3707310
HS	539	0	3522	3710832
HS	538	0	3544	3714376
HS	537	0	3438	3717814
HS	536	0	3329	3721143
HS	535	0	3418	3724561
HS	534	0	3361	3727922
HS	533	0	3253	3731175
HS	532	0	3313	3734488
HS	531	0	3194	3737682
HS	530	0	3296	3740978
HS	529	0	3132	3744110
HS	528	0	3134	3747244
HS	527	0	3140	3750384
HS	526	0	2962	3753346
HS	525	0	3021	3756367
HS	524	0	3003	3759370
HS	523	0	2859	3762229
HS	522	0	2943	3765172
HS	521	0	2849	3768021
HS	520	0	2815	3770836
HS	519	0	2831	3773667
HS	518	0	2768	3776435
HS	517	0	2774	3779209
HS	516	0	2830	3782039
HS	515	0	2730	3784769
HS	514	0	2730	3787499
HS	513	0	2606	3790105
HS	512	0	2586	3792691
HS	511	0	2588	3795279
HS	510	0	2600	3797879
HS	509	0	2506	3800385
HS	508	0	2475	3802860
HS	507	0	2355	3805215
HS	506	0	2445	3807660
HS	505	0	2468	3810128
HS	504	0	2354	3812482
HS	503	0	2352	3814834
HS	502	0	2303	3817137
HS	501	0	2222	3819359
HS	500	0	2275	3821634
HS	499	0	2149	3823783
HS	498	0	2149	3825932
HS	497	0	2104	3828036
HS	496	0	2088	3830124
HS	495	0	2092	3832216
HS	494	0	2040	3834256
HS	493	0	2080	3836336
HS	492	0	1961	3838297
HS	491	0	2038	3840335
HS	490	0	1971	3842306
HS	489	0	1910	3844216
HS	488	0	1874	3846090
HS	487	0	1851	3847941
HS	486	0	1828	3849769
HS	485	0	1771	3851540
HS	484	0	1809	3853349
HS	483	0	1677	3855026
HS	482	0	1701	3856727
HS	481	0	1583	3858310
HS	480	0	1598	3859908
HS	479	0	1609	3861517
HS	478	0	1534	3863051
HS	477	0	1490	3864541
HS	476	0	1612	3866153
HS	475	0	1568	3867721
HS	474	0	1476	3869197
HS	473	0	1470	3870667
HS	472	0	1466	3872133
HS	471	0	1486	3873619
HS	470	0	1374	3874993
HS	469	0	1314	3876307
HS	468	0	1370	3877677
HS	467	0	1332	3879009
HS	466	0	1196	3880205
HS	465	0	1213	3881418
HS	464	0	1193	3882611
HS	463	0	1187	3883798
HS	462	0	1170	3884968
HS	461	0	1131	3886099
HS	460	0	1165	3887264
HS	459	0	1074	3888338
HS	458	0	1097	3889435
HS	457	0	1076	3890511
HS	456	0	1070	3891581
HS	455	0	1064	3892645
HS	454	0	1059	3893704
HS	453	0	1024	3894728
HS	452	0	1036	3895764
HS	451	0	1026	3896790
HS	450	0	1012	3897802
HS	449	0	946	3898748
HS	448	0	927	3899675
HS	447	0	985	3900660
HS	446	0	899	3901559
HS	445	0	923	3902482
HS	444	0	848	3903330
HS	443	0	858	3904188
HS	442	0	809	3904997
HS	441	0	881	3905878
HS	440	0	829	3906707
HS	439	0	796	3907503
HS	438	0	734	3908237
HS	437	0	741	3908978
HS	436	0	728	3909706
HS	435	0	681	3910387
HS	434	0	715	3911102
HS	433	0	678	3911780
HS	432	0	730	3912510
HS	431	0	618	3913128
HS	430	0	622	3913750
HS	429	0	571	3914321
HS	428	0	621	3914942
HS	427	0	588	3915530
HS	426	0	567	3916097
HS	425	0	530	3916627
HS	424	0	524	3917151
HS	423	0	470	3917621
HS	422	0	500	3918121
HS	421	0	503	3918624
HS	420	0	505	3919129
HS	419	0	496	3919625
HS	418	0	525	3920150
HS	417	0	512	3920662
HS	416	0	469	3921131
HS	415	0	466	3921597
HS	414	0	470	3922067
HS	413	0	435	3922502
HS	412	0	408	3922910
HS	411	0	404	3923314
HS	410	0	440	3923754
HS	409	0	401	3924155
HS	408	0	448	3924603
HS	407	0	382	3924985
HS	406	0	381	3925366
HS	405	0	424	3925790
HS	404	0	386	3926176
HS	403	0	388	3926564
HS	402	0	407	3926971
HS	401	0	347	3927318
HS	400	0	338	3927656
HS	399	0	298	3927954
HS	398	0	351	3928305
HS	397	0	298	3928603
HS	396	0	342	3928945
HS	395	0	340	3929285
HS	394	0	331	3929616
HS	393	0	330	3929946
HS	392	0	298	3930244
HS	391	0	324	3930568
HS	390	0	283	3930851
HS	389	0	319	3931170
HS	388	0	312	3931482
HS	387	0	307	3931789
HS	386	0	279	3932068
HS	385	0	266	3932334
HS	384	0	280	3932614
HS	383	0	258	3932872
HS	382	0	261	3933133
HS	381	0	287	3933420
HS	380	0	267	3933687
HS	379	0	254	3933941
HS	378	0	226	3934167
HS	377	0	264	3934431
HS	376	0	210	3934641
HS	375	0	216	3934857
HS	374	0	211	3935068
HS	373	0	197	3935265
HS	372	0	211	3935476
HS	371	0	185	3935661
HS	370	0	165	3935826
HS	369	0	162	3935988
HS	368	0	168	3936156
HS	367	0	178	3936334
HS	366	0	132	3936466
HS	365	0	140	3936606
HS	364	0	157	3936763
HS	363	0	129	3936892
HS	362	0	115	3937007
HS	361	0	137	3937144
HS	360	0	134	3937278
HS	359	0	115	3937393
HS	358	0	149	3937542
HS	357	0	125	3937667
HS	356	0	115	3937782
HS	355	0	116	3937898
HS	354	0	111	3938009
HS	353	0	110	3938119
HS	352	0	121	3938240
HS	351	0	111	3938351
HS	350	0	96	3938447
HS	349	0	85	3938532
HS	348	0	101	3938633
HS	347	0	99	3938732
HS	346	0	93	3938825
HS	345	0	88	3938913
HS	344	0	86	3938999
HS	343	0	74	3939073
HS	342	0	79	3939152
HS	341	0	73	3939225
HS	340	0	85	3939310
HS	339	0	81	3939391
HS	338	0	78	3939469
HS	337	0	76	3939545
HS	336	0	72	3939617
HS	335	0	73	3939690
HS	334	0	64	3939754
HS	333	0	77	3939831
HS	332	0	77	3939908
HS	331	0	62	3939970
HS	330	0	81	3940051
HS	329	0	66	3940117
HS	328	0	61	3940178
HS	327	0	72	3940250
HS	326	0	53	3940303
HS	325	0	50	3940353
HS	324	0	44	3940397
HS	323	0	47	3940444
HS	322	0	44	3940488
HS	321	0	46	3940534
HS	320	0	36	3940570
HS	319	0	47	3940617
HS	318	0	37	3940654
HS	317	0	38	3940692
HS	316	0	31	3940723
HS	315	0	39	3940762
HS	314	0	28	3940790
HS	313	0	19	3940809
HS	312	0	26	3940835
HS	311	0	28	3940863
HS	310	0	31	3940894
HS	309	0	25	3940919
HS	308	0	18	3940937
HS	307	0	28	3940965
HS	306	0	26	3940991
HS	305	0	31	3941022
HS	304	0	18	3941040
HS	303	0	27	3941067
HS	302	0	23	3941090
HS	301	0	20	3941110
HS	300	0	34	3941144
HS	299	0	12	3941156
HS	298	0	15	3941171
HS	297	0	19	3941190
HS	296	0	18	3941208
HS	295	0	11	3941219
HS	294	0	14	3941233
HS	293	0	17	3941250
HS	292	0	25	3941275
HS	291	0	16	3941291
HS	290	0	4	3941295
HS	289	0	15	3941310
HS	288	0	9	3941319
HS	287	0	15	3941334
HS	286	0	10	3941344
HS	285	0	8	3941352
HS	284	0	19	3941371
HS	283	0	16	3941387
HS	282	0	16	3941403
HS	281	0	13	3941416
HS	280	0	9	3941425
HS	279	0	11	3941436
HS	278	0	13	3941449
HS	277	0	8	3941457
HS	276	0	5	3941462
HS	275	0	9	3941471
HS	274	0	8	3941479
HS	273	0	4	3941483
HS	272	0	5	3941488
HS	271	0	11	3941499
HS	270	0	10	3941509
HS	269	0	9	3941518
HS	268	0	8	3941526
HS	267	0	7	3941533
HS	266	0	3	3941536
HS	265	0	6	3941542
HS	264	0	3	3941545
HS	263	0	6	3941551
HS	262	0	6	3941557
HS	261	0	7	3941564
HS	260	0	2	3941566
HS	259	0	1	3941567
HS	258	0	6	3941573
HS	257	0	1	3941574
HS	256	0	4	3941578
HS	255	0	3	3941581
HS	254	0	6	3941587
HS	253	0	1	3941588
HS	252	0	4	3941592
HS	251	0	5	3941597
HS	250	0	8	3941605
HS	249	0	8	3941613
HS	248	0	6	3941619
HS	247	0	4	3941623
HS	246	0	6	3941629
HS	245	0	5	3941634
HS	244	0	8	3941642
HS	243	0	6	3941648
HS	242	0	7	3941655
HS	241	0	12	3941667
HS	240	0	6	3941673
HS	239	0	7	3941680
HS	238	0	8	3941688
HS	237	0	5	3941693
HS	236	0	7	3941700
HS	235	0	8	3941708
HS	234	0	7	3941715
HS	233	0	3	3941718
HS	232	0	6	3941724
HS	231	0	9	3941733
HS	230	0	8	3941741
HS	229	0	8	3941749
HS	228	0	7	3941756
HS	227	0	4	3941760
HS	226	0	1	3941761
HS	225	0	1	3941762
HS	224	0	5	3941767
HS	223	0	2	3941769
HS	222	0	1	3941770
HS	221	0	1	3941771
HS	220	0	1	3941772
HS	219	0	3	3941775
HS	218	0	2	3941777
HS	217	0	4	3941781
HS	216	0	1	3941782
HS	215	0	2	3941784
HS	214	0	1	3941785
HS	213	0	1	3941786
HS	212	0	1	3941787
HS	211	0	1	3941788
HS	210	0	3	3941791
HS	209	0	2	3941793
HS	208	0	1	3941794
HS	207	0	2	3941796
HS	206	0	6	3941802
HS	205	0	4	3941806
HS	204	0	3	3941809
HS	203	0	2	3941811
HS	202	0	2	3941813
HS	201	0	3	3941816
HS	200	0	2	3941818
HS	199	0	4	3941822
HS	198	0	2	3941824
HS	197	0	5	3941829
HS	196	0	3	3941832
HS	195	0	1	3941833
HS	194	0	0	3941833
HS	193	0	1	3941834
HS	192	0	0	3941834
HS	191	0	2	3941836
HS	190	0	1	3941837
HS	189	0	2	3941839
HS	188	0	1	3941840
HS	187	0	3	3941843
HS	186	0	0	3941843
HS	185	0	1	3941844
HS	184	0	1	3941845
HS	183	0	2	3941847
HS	182	0	0	3941847
HS	181	0	0	3941847
HS	180	0	0	3941847
HS	179	0	0	3941847
HS	178	0	1	3941848
HS	177	0	3	3941851
HS	176	0	0	3941851
HS	175	0	3	3941854
HS	174	0	2	3941856
HS	173	0	2	3941858
HS	172	0	2	3941860
HS	171	0	2	3941862
HS	170	0	2	3941864
HS	169	0	8	3941872
HS	168	0	2	3941874
HS	167	0	6	3941880
HS	166	0	9	3941889
HS	165	0	6	3941895
HS	164	0	6	3941901
HS	163	0	1	3941902
HS	162	0	4	3941906
HS	161	0	4	3941910
HS	160	0	3	3941913
HS	159	0	2	3941915
HS	158	0	4	3941919
HS	157	0	3	3941922
HS	156	0	7	3941929
HS	155	0	7	3941936
HS	154	0	4	3941940
HS	153	0	3	3941943
HS	152	0	1	3941944
HS	151	0	2	3941946
HS	150	0	1	3941947
HS	149	0	1	3941948
HS	148	0	0	3941948
HS	147	0	3	3941951
HS	146	0	6	3941957
HS	145	0	2	3941959
HS	144	0	3	3941962
HS	143	0	10	3941972
HS	142	0	2	3941974
HS	141	0	3	3941977
HS	140	0	0	3941977
HS	139	0	5	3941982
HS	138	0	5	3941987
HS	137	0	3	3941990
HS	136	0	3	3941993
HS	135	0	6	3941999
HS	134	0	8	3942007
HS	133	0	8	3942015
HS	132	0	7	3942022
HS	131	0	5	3942027
HS	130	0	10	3942037
HS	129	0	6	3942043
HS	128	0	10	3942053
HS	127	0	8	3942061
HS	126	0	9	3942070
HS	125	0	15	3942085
HS	124	0	7	3942092
HS	123	0	9	3942101
HS	122	0	9	3942110
HS	121	0	14	3942124
HS	120	0	7	3942131
HS	119	0	14	3942145
HS	118	0	17	3942162
HS	117	0	14	3942176
HS	116	0	16	3942192
HS	115	0	11	3942203
HS	114	0	17	3942220
HS	113	0	17	3942237
HS	112	0	11	3942248
HS	111	0	11	3942259
HS	110	0	16	3942275
HS	109	0	30	3942305
HS	108	0	21	3942326
HS	107	0	17	3942343
HS	106	0	16	3942359
HS	105	0	17	3942376
HS	104	0	17	3942393
HS	103	0	20	3942413
HS	102	0	23	3942436
HS	101	0	12	3942448
HS	100	0	25	3942473
HS	99	0	4	3942477
HS	98	0	13	3942490
HS	97	0	21	3942511
HS	96	0	21	3942532
HS	95	0	4	3942536
HS	94	0	16	3942552
HS	93	0	20	3942572
HS	92	0	14	3942586
HS	91	0	21	3942607
HS	90	0	26	3942633
HS	89	0	30	3942663
HS	88	0	24	3942687
HS	87	0	40	3942727
HS	86	0	36	3942763
HS	85	0	38	3942801
HS	84	0	35	3942836
HS	83	0	33	3942869
HS	82	0	40	3942909
HS	81	0	27	3942936
HS	80	0	47	3942983
HS	79	0	21	3943004
HS	78	0	30	3943034
HS	77	0	39	3943073
HS	76	0	39	3943112
HS	75	0	50	3943162
HS	74	0	35	3943197
HS	73	0	38	3943235
HS	72	0	45	3943280
HS	71	0	59	3943339
HS	70	0	56	3943395
HS	69	0	79	3943474
HS	68	0	67	3943541
HS	67	0	60	3943601
HS	66	0	36	3943637
HS	65	0	69	3943706
HS	64	0	83	3943789
HS	63	0	95	3943884
HS	62	0	139	3944023
HS	61	0	132	3944155
HS	60	0	151	3944306
HS	59	0	123	3944429
HS	58	0	121	3944550
HS	57	0	148	3944698
HS	56	0	174	3944872
HS	55	0	136	3945008
HS	54	0	172	3945180
HS	53	0	180	3945360
HS	52	0	182	3945542
HS	51	0	228	3945770
HS	50	0	210	3945980
HS	49	0	243	3946223
HS	48	0	280	3946503
HS	47	0	246	3946749
HS	46	0	272	3947021
HS	45	0	320	3947341
HS	44	0	387	3947728
HS	43	0	448	3948176
HS	42	0	561	3948737
HS	41	0	502	3949239
HS	40	0	588	3949827
HS	39	0	648	3950475
HS	38	0	800	3951275
HS	37	0	783	3952058
HS	36	0	1115	3953173
HS	35	0	1113	3954286
HS	34	0	1374	3955660
HS	33	0	1541	3957201
HS	32	0	1700	3958901
HS	31	0	1952	3960853
HS	30	0	2368	3963221
HS	29	0	2593	3965814
HS	28	0	3085	3968899
HS	27	0	3584	3972483
HS	26	0	4330	3976813
HS	25	0	5302	3982115
HS	24	0	5939	3988054
HS	23	0	7375	3995429
HS	22	0	9073	4004502
HS	21	0	10893	4015395
HS	20	0	13101	4028496
HS	19	0	15556	4044052
HS	18	0	18904	4062956
HS	17	0	23226	4086182
HS	16	0	29208	4115390
HS	15	0	36852	4152242
HS	14	0	47674	4199916
HS	13	0	60101	4260017
HS	12	0	79136	4339153
HS	11	0	106728	4445881
HS	10	0	147092	4592973
HS	9	0	207880	4800853
HS	8	0	311693	5112546
HS	7	0	504779	5617325
HS	6	0	901601	6518926
HS	5	0	1807518	8326444
HS	4	0	4066887	12393331
HS	3	0	10111967	22505298
HS	2	0	28136101	50641399
HS	1	0	0	50641399
HS	0	0	0	50641399
