HS	1023	0	5545	5545
HS	1022	0	4	5549
HS	1021	0	3	5552
HS	1020	0	6	5558
HS	1019	0	4	5562
HS	1018	0	1	5563
HS	1017	0	1	5564
HS	1016	0	2	5566
HS	1015	0	2	5568
HS	1014	0	3	5571
HS	1013	0	2	5573
HS	1012	0	3	5576
HS	1011	0	3	5579
HS	1010	0	7	5586
HS	1009	0	4	5590
HS	1008	0	3	5593
HS	1007	0	1	5594
HS	1006	0	5	5599
HS	1005	0	6	5605
HS	1004	0	8	5613
HS	1003	0	6	5619
HS	1002	0	8	5627
HS	1001	0	10	5637
HS	1000	0	2	5639
HS	999	0	9	5648
HS	998	0	4	5652
HS	997	0	5	5657
HS	996	0	3	5660
HS	995	0	3	5663
HS	994	0	5	5668
HS	993	0	7	5675
HS	992	0	4	5679
HS	991	0	5	5684
HS	990	0	4	5688
HS	989	0	0	5688
HS	988	0	3	5691
HS	987	0	4	5695
HS	986	0	6	5701
HS	985	0	4	5705
HS	984	0	8	5713
HS	983	0	3	5716
HS	982	0	8	5724
HS	981	0	6	5730
HS	980	0	1	5731
HS	979	0	4	5735
HS	978	0	5	5740
HS	977	0	1	5741
HS	976	0	8	5749
HS	975	0	4	5753
HS	974	0	1	5754
HS	973	0	4	5758
HS	972	0	7	5765
HS	971	0	4	5769
HS	970	0	0	5769
HS	969	0	7	5776
HS	968	0	3	5779
HS	967	0	5	5784
HS	966	0	4	5788
HS	965	0	6	5794
HS	964	0	7	5801
HS	963	0	5	5806
HS	962	0	6	5812
HS	961	0	6	5818
HS	960	0	3	5821
HS	959	0	5	5826
HS	958	0	5	5831
HS	957	0	4	5835
HS	956	0	2	5837
HS	955	0	2	5839
HS	954	0	4	5843
HS	953	0	1	5844
HS	952	0	2	5846
HS	951	0	4	5850
HS	950	0	7	5857
HS	949	0	5	5862
HS	948	0	3	5865
HS	947	0	5	5870
HS	946	0	10	5880
HS	945	0	2	5882
HS	944	0	4	5886
HS	943	0	4	5890
HS	942	0	3	5893
HS	941	0	7	5900
HS	940	0	4	5904
HS	939	0	4	5908
HS	938	0	8	5916
HS	937	0	2	5918
HS	936	0	6	5924
HS	935	0	11	5935
HS	934	0	2	5937
HS	933	0	10	5947
HS	932	0	5	5952
HS	931	0	5	5957
HS	930	0	11	5968
HS	929	0	2	5970
HS	928	0	3	5973
HS	927	0	9	5982
HS	926	0	5	5987
HS	925	0	3	5990
HS	924	0	6	5996
HS	923	0	7	6003
HS	922	0	6	6009
HS	921	0	6	6015
HS	920	0	4	6019
HS	919	0	6	6025
HS	918	0	9	6034
HS	917	0	3	6037
HS	916	0	8	6045
HS	915	0	3	6048
HS	914	0	3	6051
HS	913	0	8	6059
HS	912	0	3	6062
HS	911	0	3	6065
HS	910	0	7	6072
HS	909	0	7	6079
HS	908	0	6	6085
HS	907	0	4	6089
HS	906	0	5	6094
HS	905	0	8	6102
HS	904	0	3	6105
HS	903	0	6	6111
HS	902	0	5	6116
HS	901	0	6	6122
HS	900	0	7	6129
HS	899	0	9	6138
HS	898	0	7	6145
HS	897	0	8	6153
HS	896	0	10	6163
HS	895	0	6	6169
HS	894	0	3	6172
HS	893	0	8	6180
HS	892	0	8	6188
HS	891	0	7	6195
HS	890	0	5	6200
HS	889	0	3	6203
HS	888	0	8	6211
HS	887	0	3	6214
HS	886	0	8	6222
HS	885	0	8	6230
HS	884	0	9	6239
HS	883	0	4	6243
HS	882	0	9	6252
HS	881	0	10	6262
HS	880	0	5	6267
HS	879	0	4	6271
HS	878	0	9	6280
HS	877	0	8	6288
HS	876	0	8	6296
HS	875	0	9	6305
HS	874	0	8	6313
HS	873	0	9	6322
HS	872	0	9	6331
HS	871	0	9	6340
HS	870	0	4	6344
HS	869	0	12	6356
HS	868	0	5	6361
HS	867	0	3	6364
HS	866	0	8	6372
HS	865	0	8	6380
HS	864	0	2	6382
HS	863	0	10	6392
HS	862	0	7	6399
HS	861	0	11	6410
HS	860	0	5	6415
HS	859	0	5	6420
HS	858	0	9	6429
HS	857	0	5	6434
HS	856	0	5	6439
HS	855	0	4	6443
HS	854	0	6	6449
HS	853	0	3	6452
HS	852	0	7	6459
HS	851	0	12	6471
HS	850	0	8	6479
HS	849	0	6	6485
HS	848	0	9	6494
HS	847	0	4	6498
HS	846	0	3	6501
HS	845	0	6	6507
HS	844	0	5	6512
HS	843	0	5	6517
HS	842	0	4	6521
HS	841	0	6	6527
HS	840	0	6	6533
HS	839	0	6	6539
HS	838	0	11	6550
HS	837	0	7	6557
HS	836	0	9	6566
HS	835	0	9	6575
HS	834	0	8	6583
HS	833	0	10	6593
HS	832	0	8	6601
HS	831	0	11	6612
HS	830	0	6	6618
HS	829	0	15	6633
HS	828	0	6	6639
HS	827	0	10	6649
HS	826	0	9	6658
HS	825	0	7	6665
HS	824	0	7	6672
HS	823	0	11	6683
HS	822	0	11	6694
HS	821	0	8	6702
HS	820	0	16	6718
HS	819	0	16	6734
HS	818	0	8	6742
HS	817	0	8	6750
HS	816	0	20	6770
HS	815	0	14	6784
HS	814	0	24	6808
HS	813	0	10	6818
HS	812	0	13	6831
HS	811	0	11	6842
HS	810	0	11	6853
HS	809	0	17	6870
HS	808	0	10	6880
HS	807	0	13	6893
HS	806	0	18	6911
HS	805	0	11	6922
HS	804	0	14	6936
HS	803	0	18	6954
HS	802	0	18	6972
HS	801	0	13	6985
HS	800	0	17	7002
HS	799	0	16	7018
HS	798	0	15	7033
HS	797	0	16	7049
HS	796	0	14	7063
HS	795	0	11	7074
HS	794	0	14	7088
HS	793	0	14	7102
HS	792	0	11	7113
HS	791	0	15	7128
HS	790	0	14	7142
HS	789	0	16	7158
HS	788	0	18	7176
HS	787	0	17	7193
HS	786	0	19	7212
HS	785	0	12	7224
HS	784	0	18	7242
HS	783	0	9	7251
HS	782	0	17	7268
HS	781	0	15	7283
HS	780	0	17	7300
HS	779	0	13	7313
HS	778	0	13	7326
HS	777	0	15	7341
HS	776	0	21	7362
HS	775	0	18	7380
HS	774	0	12	7392
HS	773	0	17	7409
HS	772	0	9	7418
HS	771	0	11	7429
HS	770	0	23	7452
HS	769	0	14	7466
HS	768	0	9	7475
HS	767	0	10	7485
HS	766	0	13	7498
HS	765	0	18	7516
HS	764	0	15	7531
HS	763	0	12	7543
HS	762	0	15	7558
HS	761	0	15	7573
HS	760	0	12	7585
HS	759	0	15	7600
HS	758	0	12	7612
HS	757	0	14	7626
HS	756	0	14	7640
HS	755	0	15	7655
HS	754	0	12	7667
HS	753	0	9	7676
HS	752	0	11	7687
HS	751	0	12	7699
HS	750	0	10	7709
HS	749	0	14	7723
HS	748	0	17	7740
HS	747	0	14	7754
HS	746	0	11	7765
HS	745	0	15	7780
HS	744	0	8	7788
HS	743	0	12	7800
HS	742	0	12	7812
HS	741	0	13	7825
HS	740	0	11	7836
HS	739	0	8	7844
HS	738	0	8	7852
HS	737	0	3	7855
HS	736	0	9	7864
HS	735	0	13	7877
HS	734	0	14	7891
HS	733	0	12	7903
HS	732	0	10	7913
HS	731	0	7	7920
HS	730	0	12	7932
HS	729	0	7	7939
HS	728	0	11	7950
HS	727	0	8	7958
HS	726	0	11	7969
HS	725	0	14	7983
HS	724	0	10	7993
HS	723	0	2	7995
HS	722	0	8	8003
HS	721	0	6	8009
HS	720	0	14	8023
HS	719	0	7	8030
HS	718	0	7	8037
HS	717	0	7	8044
HS	716	0	14	8058
HS	715	0	13	8071
HS	714	0	8	8079
HS	713	0	10	8089
HS	712	0	12	8101
HS	711	0	11	8112
HS	710	0	11	8123
HS	709	0	7	8130
HS	708	0	7	8137
HS	707	0	13	8150
HS	706	0	8	8158
HS	705	0	8	8166
HS	704	0	11	8177
HS	703	0	10	8187
HS	702	0	9	8196
HS	701	0	11	8207
HS	700	0	9	8216
HS	699	0	13	8229
HS	698	0	6	8235
HS	697	0	6	8241
HS	696	0	10	8251
HS	695	0	14	8265
HS	694	0	5	8270
HS	693	0	10	8280
HS	692	0	7	8287
HS	691	0	9	8296
HS	690	0	1	8297
HS	689	0	6	8303
HS	688	0	13	8316
HS	687	0	4	8320
HS	686	0	6	8326
HS	685	0	9	8335
HS	684	0	10	8345
HS	683	0	13	8358
HS	682	0	9	8367
HS	681	0	10	8377
HS	680	0	6	8383
HS	679	0	9	8392
HS	678	0	4	8396
HS	677	0	11	8407
HS	676	0	8	8415
HS	675	0	11	8426
HS	674	0	11	8437
HS	673	0	9	8446
HS	672	0	3	8449
HS	671	0	11	8460
HS	670	0	14	8474
HS	669	0	10	8484
HS	668	0	15	8499
HS	667	0	15	8514
HS	666	0	15	8529
HS	665	0	11	8540
HS	664	0	12	8552
HS	663	0	8	8560
HS	662	0	10	8570
HS	661	0	15	8585
HS	660	0	10	8595
HS	659	0	8	8603
HS	658	0	8	8611
HS	657	0	12	8623
HS	656	0	13	8636
HS	655	0	9	8645
HS	654	0	11	8656
HS	653	0	16	8672
HS	652	0	7	8679
HS	651	0	7	8686
HS	650	0	6	8692
HS	649	0	5	8697
HS	648	0	3	8700
HS	647	0	13	8713
HS	646	0	4	8717
HS	645	0	10	8727
HS	644	0	13	8740
HS	643	0	8	8748
HS	642	0	16	8764
HS	641	0	18	8782
HS	640	0	13	8795
HS	639	0	3	8798
HS	638	0	8	8806
HS	637	0	10	8816
HS	636	0	19	8835
HS	635	0	12	8847
HS	634	0	17	8864
HS	633	0	11	8875
HS	632	0	12	8887
HS	631	0	17	8904
HS	630	0	19	8923
HS	629	0	10	8933
HS	628	0	12	8945
HS	627	0	11	8956
HS	626	0	7	8963
HS	625	0	8	8971
HS	624	0	15	8986
HS	623	0	9	8995
HS	622	0	13	9008
HS	621	0	15	9023
HS	620	0	12	9035
HS	619	0	11	9046
HS	618	0	15	9061
HS	617	0	13	9074
HS	616	0	12	9086
HS	615	0	19	9105
HS	614	0	19	9124
HS	613	0	24	9148
HS	612	0	14	9162
HS	611	0	14	9176
HS	610	0	15	9191
HS	609	0	19	9210
HS	608	0	12	9222
HS	607	0	17	9239
HS	606	0	8	9247
HS	605	0	10	9257
HS	604	0	18	9275
HS	603	0	8	9283
HS	602	0	9	9292
HS	601	0	11	9303
HS	600	0	5	9308
HS	599	0	10	9318
HS	598	0	11	9329
HS	597	0	9	9338
HS	596	0	9	9347
HS	595	0	8	9355
HS	594	0	14	9369
HS	593	0	16	9385
HS	592	0	10	9395
HS	591	0	9	9404
HS	590	0	7	9411
HS	589	0	18	9429
HS	588	0	9	9438
HS	587	0	12	9450
HS	586	0	14	9464
HS	585	0	8	9472
HS	584	0	7	9479
HS	583	0	7	9486
HS	582	0	8	9494
HS	581	0	9	9503
HS	580	0	13	9516
HS	579	0	10	9526
HS	578	0	14	9540
HS	577	0	14	9554
HS	576	0	13	9567
HS	575	0	11	9578
HS	574	0	8	9586
HS	573	0	7	9593
HS	572	0	14	9607
HS	571	0	11	9618
HS	570	0	15	9633
HS	569	0	20	9653
HS	568	0	9	9662
HS	567	0	11	9673
HS	566	0	13	9686
HS	565	0	18	9704
HS	564	0	8	9712
HS	563	0	15	9727
HS	562	0	14	9741
HS	561	0	20	9761
HS	560	0	18	9779
HS	559	0	17	9796
HS	558	0	14	9810
HS	557	0	14	9824
HS	556	0	19	9843
HS	555	0	18	9861
HS	554	0	21	9882
HS	553	0	17	9899
HS	552	0	17	9916
HS	551	0	18	9934
HS	550	0	18	9952
HS	549	0	20	9972
HS	548	0	23	9995
HS	547	0	15	10010
HS	546	0	10	10020
HS	545	0	11	10031
HS	544	0	15	10046
HS	543	0	14	10060
HS	542	0	20	10080
HS	541	0	20	10100
HS	540	0	20	10120
HS	539	0	17	10137
HS	538	0	15	10152
HS	537	0	18	10170
HS	536	0	20	10190
HS	535	0	14	10204
HS	534	0	16	10220
HS	533	0	14	10234
HS	532	0	14	10248
HS	531	0	19	10267
HS	530	0	12	10279
HS	529	0	30	10309
HS	528	0	20	10329
HS	527	0	27	10356
HS	526	0	27	10383
HS	525	0	30	10413
HS	524	0	35	10448
HS	523	0	21	10469
HS	522	0	21	10490
HS	521	0	29	10519
HS	520	0	24	10543
HS	519	0	31	10574
HS	518	0	21	10595
HS	517	0	34	10629
HS	516	0	23	10652
HS	515	0	32	10684
HS	514	0	30	10714
HS	513	0	30	10744
HS	512	0	32	10776
HS	511	0	43	10819
HS	510	0	28	10847
HS	509	0	27	10874
HS	508	0	12	10886
HS	507	0	17	10903
HS	506	0	20	10923
HS	505	0	28	10951
HS	504	0	26	10977
HS	503	0	26	11003
HS	502	0	28	11031
HS	501	0	36	11067
HS	500	0	23	11090
HS	499	0	24	11114
HS	498	0	27	11141
HS	497	0	36	11177
HS	496	0	26	11203
HS	495	0	42	11245
HS	494	0	30	11275
HS	493	0	36	11311
HS	492	0	39	11350
HS	491	0	29	11379
HS	490	0	35	11414
HS	489	0	38	11452
HS	488	0	28	11480
HS	487	0	30	11510
HS	486	0	36	11546
HS	485	0	30	11576
HS	484	0	34	11610
HS	483	0	32	11642
HS	482	0	30	11672
HS	481	0	30	11702
HS	480	0	19	11721
HS	479	0	35	11756
HS	478	0	41	11797
HS	477	0	33	11830
HS	476	0	32	11862
HS	475	0	41	11903
HS	474	0	33	11936
HS	473	0	27	11963
HS	472	0	35	11998
HS	471	0	33	12031
HS	470	0	30	12061
HS	469	0	32	12093
HS	468	0	40	12133
HS	467	0	27	12160
HS	466	0	36	12196
HS	465	0	42	12238
HS	464	0	30	12268
HS	463	0	29	12297
HS	462	0	41	12338
HS	461	0	47	12385
HS	460	0	45	12430
HS	459	0	50	12480
HS	458	0	47	12527
HS	457	0	34	12561
HS	456	0	33	12594
HS	455	0	47	12641
HS	454	0	48	12689
HS	453	0	43	12732
HS	452	0	52	12784
HS	451	0	40	12824
HS	450	0	43	12867
HS	449	0	46	12913
HS	448	0	38	12951
HS	447	0	43	12994
HS	446	0	34	13028
HS	445	0	40	13068
HS	444	0	52	13120
HS	443	0	52	13172
HS	442	0	40	13212
HS	441	0	50	13262
HS	440	0	37	13299
HS	439	0	48	13347
HS	438	0	43	13390
HS	437	0	41	13431
HS	436	0	56	13487
HS	435	0	46	13533
HS	434	0	39	13572
HS	433	0	38	13610
HS	432	0	41	13651
HS	431	0	40	13691
HS	430	0	57	13748
HS	429	0	37	13785
HS	428	0	42	13827
HS	427	0	48	13875
HS	426	0	35	13910
HS	425	0	39	13949
HS	424	0	47	13996
HS	423	0	61	14057
HS	422	0	55	14112
HS	421	0	55	14167
HS	420	0	63	14230
HS	419	0	69	14299
HS	418	0	44	14343
HS	417	0	55	14398
HS	416	0	49	14447
HS	415	0	53	14500
HS	414	0	53	14553
HS	413	0	62	14615
HS	412	0	50	14665
HS	411	0	55	14720
HS	410	0	45	14765
HS	409	0	60	14825
HS	408	0	45	14870
HS	407	0	53	14923
HS	406	0	62	14985
HS	405	0	43	15028
HS	404	0	61	15089
HS	403	0	46	15135
HS	402	0	52	15187
HS	401	0	55	15242
HS	400	0	59	15301
HS	399	0	47	15348
HS	398	0	51	15399
HS	397	0	58	15457
HS	396	0	65	15522
HS	395	0	64	15586
HS	394	0	58	15644
HS	393	0	85	15729
HS	392	0	77	15806
HS	391	0	74	15880
HS	390	0	65	15945
HS	389	0	66	16011
HS	388	0	84	16095
HS	387	0	60	16155
HS	386	0	60	16215
HS	385	0	78	16293
HS	384	0	53	16346
HS	383	0	77	16423
HS	382	0	79	16502
HS	381	0	87	16589
HS	380	0	61	16650
HS	379	0	83	16733
HS	378	0	70	16803
HS	377	0	78	16881
HS	376	0	81	16962
HS	375	0	96	17058
HS	374	0	97	17155
HS	373	0	83	17238
HS	372	0	96	17334
HS	371	0	100	17434
HS	370	0	109	17543
HS	369	0	85	17628
HS	368	0	94	17722
HS	367	0	83	17805
HS	366	0	95	17900
HS	365	0	95	17995
HS	364	0	97	18092
HS	363	0	98	18190
HS	362	0	95	18285
HS	361	0	117	18402
HS	360	0	90	18492
HS	359	0	132	18624
HS	358	0	120	18744
HS	357	0	124	18868
HS	356	0	117	18985
HS	355	0	107	19092
HS	354	0	132	19224
HS	353	0	151	19375
HS	352	0	152	19527
HS	351	0	161	19688
HS	350	0	180	19868
HS	349	0	191	20059
HS	348	0	195	20254
HS	347	0	184	20438
HS	346	0	199	20637
HS	345	0	181	20818
HS	344	0	200	21018
HS	343	0	205	21223
HS	342	0	186	21409
HS	341	0	235	21644
HS	340	0	202	21846
HS	339	0	260	22106
HS	338	0	280	22386
HS	337	0	213	22599
HS	336	0	289	22888
HS	335	0	279	23167
HS	334	0	298	23465
HS	333	0	292	23757
HS	332	0	364	24121
HS	331	0	330	24451
HS	330	0	330	24781
HS	329	0	347	25128
HS	328	0	379	25507
HS	327	0	394	25901
HS	326	0	373	26274
HS	325	0	380	26654
HS	324	0	437	27091
HS	323	0	400	27491
HS	322	0	438	27929
HS	321	0	481	28410
HS	320	0	536	28946
HS	319	0	516	29462
HS	318	0	541	30003
HS	317	0	609	30612
HS	316	0	651	31263
HS	315	0	652	31915
HS	314	0	684	32599
HS	313	0	715	33314
HS	312	0	735	34049
HS	311	0	821	34870
HS	310	0	789	35659
HS	309	0	819	36478
HS	308	0	845	37323
HS	307	0	878	38201
HS	306	0	908	39109
HS	305	0	980	40089
HS	304	0	1076	41165
HS	303	0	1087	42252
HS	302	0	1165	43417
HS	301	0	1288	44705
HS	300	0	1262	45967
HS	299	0	1402	47369
HS	298	0	1387	48756
HS	297	0	1439	50195
HS	296	0	1569	51764
HS	295	0	1658	53422
HS	294	0	1764	55186
HS	293	0	1941	57127
HS	292	0	2050	59177
HS	291	0	2067	61244
HS	290	0	2210	63454
HS	289	0	2274	65728
HS	288	0	2476	68204
HS	287	0	2586	70790
HS	286	0	2582	73372
HS	285	0	2816	76188
HS	284	0	2948	79136
HS	283	0	3014	82150
HS	282	0	3275	85425
HS	281	0	3361	88786
HS	280	0	3430	92216
HS	279	0	3494	95710
HS	278	0	3763	99473
HS	277	0	3971	103444
HS	276	0	4197	107641
HS	275	0	4312	111953
HS	274	0	4512	116465
HS	273	0	4728	121193
HS	272	0	4987	126180
HS	271	0	5176	131356
HS	270	0	5249	136605
HS	269	0	5584	142189
HS	268	0	5922	148111
HS	267	0	5871	153982
HS	266	0	6201	160183
HS	265	0	6348	166531
HS	264	0	6698	173229
HS	263	0	7116	180345
HS	262	0	7201	187546
HS	261	0	7741	195287
HS	260	0	8001	203288
HS	259	0	8221	211509
HS	258	0	8610	220119
HS	257	0	9084	229203
HS	256	0	9318	238521
HS	255	0	9796	248317
HS	254	0	9780	258097
HS	253	0	10350	268447
HS	252	0	10809	279256
HS	251	0	11207	290463
HS	250	0	11509	301972
HS	249	0	12030	314002
HS	248	0	12407	326409
HS	247	0	12816	339225
HS	246	0	13761	352986
HS	245	0	14200	367186
HS	244	0	14630	381816
HS	243	0	15170	396986
HS	242	0	16097	413083
HS	241	0	16539	429622
HS	240	0	17146	446768
HS	239	0	17961	464729
HS	238	0	18256	482985
HS	237	0	18952	501937
HS	236	0	19739	521676
HS	235	0	20536	542212
HS	234	0	21080	563292
HS	233	0	21667	584959
HS	232	0	22692	607651
HS	231	0	23395	631046
HS	230	0	24133	655179
HS	229	0	24833	680012
HS	228	0	25544	705556
HS	227	0	26429	731985
HS	226	0	27964	759949
HS	225	0	28000	787949
HS	224	0	28894	816843
HS	223	0	29601	846444
HS	222	0	30385	876829
HS	221	0	31496	908325
HS	220	0	32315	940640
HS	219	0	33225	973865
HS	218	0	34408	1008273
HS	217	0	34909	1043182
HS	216	0	35886	1079068
HS	215	0	36999	1116067
HS	214	0	37394	1153461
HS	213	0	38395	1191856
HS	212	0	39925	1231781
HS	211	0	40132	1271913
HS	210	0	41341	1313254
HS	209	0	42366	1355620
HS	208	0	43298	1398918
HS	207	0	44673	1443591
HS	206	0	45487	1489078
HS	205	0	46476	1535554
HS	204	0	47881	1583435
HS	203	0	48714	1632149
HS	202	0	50037	1682186
HS	201	0	50345	1732531
HS	200	0	51939	1784470
HS	199	0	52278	1836748
HS	198	0	53643	1890391
HS	197	0	53945	1944336
HS	196	0	54885	1999221
HS	195	0	56311	2055532
HS	194	0	56868	2112400
HS	193	0	57905	2170305
HS	192	0	58818	2229123
HS	191	0	59427	2288550
HS	190	0	60045	2348595
HS	189	0	60867	2409462
HS	188	0	61554	2471016
HS	187	0	61464	2532480
HS	186	0	62750	2595230
HS	185	0	62885	2658115
HS	184	0	63700	2721815
HS	183	0	63941	2785756
HS	182	0	64042	2849798
HS	181	0	64687	2914485
HS	180	0	64811	2979296
HS	179	0	65327	3044623
HS	178	0	65255	3109878
HS	177	0	65669	3175547
HS	176	0	65816	3241363
HS	175	0	66292	3307655
HS	174	0	65912	3373567
HS	173	0	66047	3439614
HS	172	0	66179	3505793
HS	171	0	65629	3571422
HS	170	0	65362	3636784
HS	169	0	65706	3702490
HS	168	0	65139	3767629
HS	167	0	65021	3832650
HS	166	0	64926	3897576
HS	165	0	64157	3961733
HS	164	0	63844	4025577
HS	163	0	63125	4088702
HS	162	0	62821	4151523
HS	161	0	62272	4213795
HS	160	0	61662	4275457
HS	159	0	60713	4336170
HS	158	0	60285	4396455
HS	157	0	59113	4455568
HS	156	0	58439	4514007
HS	155	0	57322	4571329
HS	154	0	57228	4628557
HS	153	0	56408	4684965
HS	152	0	55256	4740221
HS	151	0	54393	4794614
HS	150	0	53410	4848024
HS	149	0	52965	4900989
HS	148	0	51754	4952743
HS	147	0	50340	5003083
HS	146	0	49644	5052727
HS	145	0	47948	5100675
HS	144	0	47026	5147701
HS	143	0	45841	5193542
HS	142	0	44525	5238067
HS	141	0	43575	5281642
HS	140	0	42421	5324063
HS	139	0	40845	5364908
HS	138	0	39333	5404241
HS	137	0	38079	5442320
HS	136	0	36970	5479290
HS	135	0	35926	5515216
HS	134	0	34777	5549993
HS	133	0	33406	5583399
HS	132	0	32375	5615774
HS	131	0	31478	5647252
HS	130	0	29773	5677025
HS	129	0	28389	5705414
HS	128	0	27219	5732633
HS	127	0	26307	5758940
HS	126	0	24965	5783905
HS	125	0	23477	5807382
HS	124	0	22375	5829757
HS	123	0	21327	5851084
HS	122	0	20362	5871446
HS	121	0	18959	5890405
HS	120	0	18358	5908763
HS	119	0	17146	5925909
HS	118	0	16259	5942168
HS	117	0	15398	5957566
HS	116	0	14467	5972033
HS	115	0	13761	5985794
HS	114	0	13144	5998938
HS	113	0	12314	6011252
HS	112	0	11500	6022752
HS	111	0	10954	6033706
HS	110	0	10232	6043938
HS	109	0	9759	6053697
HS	108	0	9178	6062875
HS	107	0	8459	6071334
HS	106	0	7874	6079208
HS	105	0	7432	6086640
HS	104	0	7034	6093674
HS	103	0	6538	6100212
HS	102	0	5979	6106191
HS	101	0	5693	6111884
HS	100	0	5245	6117129
HS	99	0	4944	6122073
HS	98	0	4550	6126623
HS	97	0	4273	6130896
HS	96	0	4118	6135014
HS	95	0	3920	6138934
HS	94	0	3528	6142462
HS	93	0	3271	6145733
HS	92	0	3053	6148786
HS	91	0	2870	6151656
HS	90	0	2666	6154322
HS	89	0	2412	6156734
HS	88	0	2244	6158978
HS	87	0	2140	6161118
HS	86	0	2033	6163151
HS	85	0	1859	6165010
HS	84	0	1692	6166702
HS	83	0	1512	6168214
HS	82	0	1430	6169644
HS	81	0	1226	6170870
HS	80	0	1217	6172087
HS	79	0	1077	6173164
HS	78	0	1004	6174168
HS	77	0	867	6175035
HS	76	0	810	6175845
HS	75	0	739	6176584
HS	74	0	688	6177272
HS	73	0	644	6177916
HS	72	0	521	6178437
HS	71	0	497	6178934
HS	70	0	451	6179385
HS	69	0	459	6179844
HS	68	0	453	6180297
HS	67	0	409	6180706
HS	66	0	406	6181112
HS	65	0	360	6181472
HS	64	0	338	6181810
HS	63	0	361	6182171
HS	62	0	347	6182518
HS	61	0	360	6182878
HS	60	0	330	6183208
HS	59	0	335	6183543
HS	58	0	292	6183835
HS	57	0	253	6184088
HS	56	0	247	6184335
HS	55	0	192	6184527
HS	54	0	200	6184727
HS	53	0	165	6184892
HS	52	0	177	6185069
HS	51	0	168	6185237
HS	50	0	152	6185389
HS	49	0	198	6185587
HS	48	0	199	6185786
HS	47	0	176	6185962
HS	46	0	165	6186127
HS	45	0	172	6186299
HS	44	0	183	6186482
HS	43	0	201	6186683
HS	42	0	205	6186888
HS	41	0	203	6187091
HS	40	0	234	6187325
HS	39	0	210	6187535
HS	38	0	227	6187762
HS	37	0	246	6188008
HS	36	0	262	6188270
HS	35	0	271	6188541
HS	34	0	277	6188818
HS	33	0	322	6189140
HS	32	0	348	6189488
HS	31	0	417	6189905
HS	30	0	433	6190338
HS	29	0	500	6190838
HS	28	0	548	6191386
HS	27	0	576	6191962
HS	26	0	579	6192541
HS	25	0	688	6193229
HS	24	0	801	6194030
HS	23	0	766	6194796
HS	22	0	990	6195786
HS	21	0	1219	6197005
HS	20	0	1512	6198517
HS	19	0	1678	6200195
HS	18	0	2011	6202206
HS	17	0	2312	6204518
HS	16	0	2837	6207355
HS	15	0	3462	6210817
HS	14	0	4243	6215060
HS	13	0	5660	6220720
HS	12	0	6951	6227671
HS	11	0	9845	6237516
HS	10	0	13163	6250679
HS	9	0	19767	6270446
HS	8	0	30826	6301272
HS	7	0	51538	6352810
HS	6	0	95772	6448582
HS	5	0	196146	6644728
HS	4	0	502478	7147206
HS	3	0	1631057	8778263
HS	2	0	10650753	19429016
HS	1	0	0	19429016
HS	0	0	0	19429016
