CC	CT  kmer_occurrence    short_read_kmer_count  raw_input_kmer_count  adjusted_input_kmer_count
CC	FR  fpr_lower_bound    fpr_upper_bound
CC	ER  total_input_kmers  adjusted_error_kmers
CC	CV  coverage
CC	QV  raw_quality_value  adjusted_quality_value
CC
SQ	JAUCFP010000006.1	5291719	5291689	5291239	55.62
CT	1023	6805	62709	62709.000
CT	1022	8	46	46.000
CT	1021	8	46	46.000
CT	1020	9	48	48.000
CT	1019	9	51	51.000
CT	1018	10	60	60.000
CT	1017	6	37	37.000
CT	1016	6	35	35.000
CT	1015	12	71	71.000
CT	1014	15	92	92.000
CT	1013	12	73	73.000
CT	1012	9	54	54.000
CT	1011	10	61	61.000
CT	1010	9	53	53.000
CT	1009	7	39	39.000
CT	1008	12	72	72.000
CT	1007	10	62	62.000
CT	1006	13	76	76.000
CT	1005	15	89	89.000
CT	1004	19	116	116.000
CT	1003	17	98	98.000
CT	1002	7	44	44.000
CT	1001	16	94	94.000
CT	1000	12	71	71.000
CT	999	8	48	48.000
CT	998	3	18	18.000
CT	997	11	67	67.000
CT	996	9	55	55.000
CT	995	20	118	118.000
CT	994	2	13	13.000
CT	993	11	64	64.000
CT	992	15	87	87.000
CT	991	12	70	70.000
CT	990	9	54	54.000
CT	989	9	52	52.000
CT	988	10	58	58.000
CT	987	9	52	52.000
CT	986	7	40	40.000
CT	985	8	47	47.000
CT	984	4	24	24.000
CT	983	8	46	46.000
CT	982	2	14	14.000
CT	981	7	42	42.000
CT	980	7	42	42.000
CT	979	10	61	61.000
CT	978	9	55	55.000
CT	977	9	53	53.000
CT	976	9	58	58.000
CT	975	6	38	38.000
CT	974	6	35	35.000
CT	973	7	42	42.000
CT	972	10	58	58.000
CT	971	4	22	22.000
CT	970	7	41	41.000
CT	969	10	61	61.000
CT	968	3	17	17.000
CT	967	4	24	24.000
CT	966	7	39	39.000
CT	965	5	27	27.000
CT	964	9	56	56.000
CT	963	6	35	35.000
CT	962	5	29	29.000
CT	961	5	27	27.000
CT	960	8	44	44.000
CT	959	9	48	48.000
CT	958	2	13	13.000
CT	957	4	23	23.000
CT	956	3	18	18.000
CT	955	3	16	16.000
CT	954	8	53	53.000
CT	953	3	18	18.000
CT	952	3	17	17.000
CT	951	5	30	30.000
CT	950	3	18	18.000
CT	949	7	47	47.000
CT	948	5	31	31.000
CT	947	3	18	18.000
CT	946	5	25	25.000
CT	945	7	40	40.000
CT	944	7	44	44.000
CT	943	10	58	58.000
CT	942	8	48	48.000
CT	941	5	29	29.000
CT	940	3	18	18.000
CT	939	6	35	35.000
CT	938	3	19	19.000
CT	937	6	39	39.000
CT	936	2	10	10.000
CT	935	6	34	34.000
CT	934	7	39	39.000
CT	933	11	74	74.000
CT	932	6	40	40.000
CT	931	10	52	52.000
CT	930	8	50	50.000
CT	929	3	14	14.000
CT	928	4	24	24.000
CT	927	5	28	28.000
CT	926	3	13	13.000
CT	925	10	56	56.000
CT	924	9	48	48.000
CT	923	7	38	38.000
CT	922	7	46	46.000
CT	921	8	54	54.000
CT	920	6	37	37.000
CT	919	5	25	25.000
CT	918	7	35	35.000
CT	917	3	12	12.000
CT	916	5	29	29.000
CT	915	9	45	45.000
CT	914	9	42	42.000
CT	913	10	61	61.000
CT	912	8	39	39.000
CT	911	7	42	42.000
CT	910	4	24	24.000
CT	909	10	45	45.000
CT	908	8	44	44.000
CT	907	7	38	38.000
CT	906	4	31	31.000
CT	905	3	23	23.000
CT	904	5	30	30.000
CT	903	7	46	46.000
CT	902	5	30	30.000
CT	901	5	25	25.000
CT	900	10	52	52.000
CT	899	4	17	17.000
CT	898	4	24	24.000
CT	897	3	17	17.000
CT	896	4	23	23.000
CT	895	4	22	22.000
CT	894	2	9	9.000
CT	893	8	38	38.000
CT	892	3	20	20.000
CT	891	4	21	21.000
CT	890	5	23	23.000
CT	889	7	39	39.000
CT	888	7	38	38.000
CT	887	10	59	59.000
CT	886	14	75	75.000
CT	885	7	42	42.000
CT	884	5	28	28.000
CT	883	3	17	17.000
CT	882	4	20	20.000
CT	881	5	29	29.000
CT	880	0	0	0.000
CT	879	6	35	35.000
CT	878	6	36	36.000
CT	877	5	27	27.000
CT	876	8	44	44.000
CT	875	16	82	82.000
CT	874	4	20	20.000
CT	873	8	40	40.000
CT	872	5	25	25.000
CT	871	7	32	32.000
CT	870	12	65	65.000
CT	869	9	44	44.000
CT	868	9	49	49.000
CT	867	11	61	61.000
CT	866	6	28	28.000
CT	865	9	45	45.000
CT	864	10	52	52.000
CT	863	13	68	68.000
CT	862	4	19	19.000
CT	861	12	58	58.000
CT	860	11	58	58.000
CT	859	9	46	46.000
CT	858	8	37	37.000
CT	857	6	30	30.000
CT	856	4	18	18.000
CT	855	8	44	44.000
CT	854	9	46	46.000
CT	853	4	23	23.000
CT	852	12	55	55.000
CT	851	9	45	45.000
CT	850	12	60	60.000
CT	849	4	20	20.000
CT	848	8	39	39.000
CT	847	13	64	64.000
CT	846	6	30	30.000
CT	845	11	55	55.000
CT	844	9	43	43.000
CT	843	10	45	45.000
CT	842	10	47	47.000
CT	841	9	42	42.000
CT	840	11	53	53.000
CT	839	20	101	101.000
CT	838	12	54	54.000
CT	837	15	79	79.000
CT	836	8	40	40.000
CT	835	13	58	58.000
CT	834	17	71	71.000
CT	833	10	45	45.000
CT	832	10	53	53.000
CT	831	13	62	62.000
CT	830	9	41	41.000
CT	829	9	37	37.000
CT	828	10	42	42.000
CT	827	9	40	40.000
CT	826	14	66	66.000
CT	825	11	52	52.000
CT	824	5	27	27.000
CT	823	10	43	43.000
CT	822	13	68	68.000
CT	821	12	54	54.000
CT	820	14	64	64.000
CT	819	6	33	33.000
CT	818	8	40	40.000
CT	817	9	46	46.000
CT	816	9	38	38.000
CT	815	8	36	36.000
CT	814	8	40	40.000
CT	813	9	46	46.000
CT	812	9	34	34.000
CT	811	13	50	50.000
CT	810	9	32	32.000
CT	809	13	52	52.000
CT	808	8	27	27.000
CT	807	12	50	50.000
CT	806	10	36	36.000
CT	805	9	36	36.000
CT	804	7	29	29.000
CT	803	6	28	28.000
CT	802	15	57	57.000
CT	801	14	62	62.000
CT	800	9	42	42.000
CT	799	13	56	56.000
CT	798	12	39	39.000
CT	797	19	71	71.000
CT	796	11	49	49.000
CT	795	24	85	85.000
CT	794	17	80	80.000
CT	793	13	45	45.000
CT	792	16	60	60.000
CT	791	9	33	33.000
CT	790	10	34	34.000
CT	789	16	58	58.000
CT	788	9	34	34.000
CT	787	11	48	48.000
CT	786	15	55	55.000
CT	785	15	61	61.000
CT	784	14	47	47.000
CT	783	13	48	48.000
CT	782	14	48	48.000
CT	781	12	38	38.000
CT	780	10	38	38.000
CT	779	16	54	54.000
CT	778	7	25	25.000
CT	777	7	29	29.000
CT	776	19	83	83.000
CT	775	10	43	43.000
CT	774	14	58	58.000
CT	773	9	34	34.000
CT	772	7	35	35.000
CT	771	8	28	28.000
CT	770	15	58	58.000
CT	769	19	76	76.000
CT	768	11	43	43.000
CT	767	14	63	63.000
CT	766	13	36	36.000
CT	765	10	45	45.000
CT	764	10	45	45.000
CT	763	11	53	53.000
CT	762	4	16	16.000
CT	761	8	36	36.000
CT	760	8	31	31.000
CT	759	12	54	54.000
CT	758	5	17	17.000
CT	757	14	66	66.000
CT	756	9	34	34.000
CT	755	15	62	62.000
CT	754	14	66	66.000
CT	753	11	46	46.000
CT	752	8	35	35.000
CT	751	10	37	37.000
CT	750	9	36	36.000
CT	749	10	31	31.000
CT	748	6	20	20.000
CT	747	13	48	48.000
CT	746	9	39	39.000
CT	745	7	30	30.000
CT	744	9	26	26.000
CT	743	7	27	27.000
CT	742	4	18	18.000
CT	741	10	44	44.000
CT	740	4	23	23.000
CT	739	5	18	18.000
CT	738	8	32	32.000
CT	737	10	40	40.000
CT	736	6	24	24.000
CT	735	14	56	56.000
CT	734	9	37	37.000
CT	733	7	32	32.000
CT	732	10	38	38.000
CT	731	7	21	21.000
CT	730	15	64	64.000
CT	729	13	57	57.000
CT	728	11	36	36.000
CT	727	6	13	13.000
CT	726	10	40	40.000
CT	725	16	51	51.000
CT	724	15	62	62.000
CT	723	15	47	47.000
CT	722	9	32	32.000
CT	721	14	54	54.000
CT	720	6	17	17.000
CT	719	11	48	48.000
CT	718	10	36	36.000
CT	717	18	69	69.000
CT	716	12	45	45.000
CT	715	17	63	63.000
CT	714	14	57	57.000
CT	713	18	69	69.000
CT	712	16	66	66.000
CT	711	8	22	22.000
CT	710	14	47	47.000
CT	709	14	48	48.000
CT	708	15	50	50.000
CT	707	14	66	66.000
CT	706	15	55	55.000
CT	705	14	55	55.000
CT	704	15	52	52.000
CT	703	14	59	59.000
CT	702	9	26	26.000
CT	701	15	60	60.000
CT	700	14	57	57.000
CT	699	13	44	44.000
CT	698	14	44	44.000
CT	697	13	41	41.000
CT	696	12	36	36.000
CT	695	14	45	45.000
CT	694	14	49	49.000
CT	693	11	37	37.000
CT	692	16	47	47.000
CT	691	15	47	47.000
CT	690	13	45	45.000
CT	689	13	42	42.000
CT	688	14	47	47.000
CT	687	11	29	29.000
CT	686	21	62	62.000
CT	685	9	28	28.000
CT	684	15	49	49.000
CT	683	16	64	64.000
CT	682	8	25	25.000
CT	681	9	28	28.000
CT	680	15	42	42.000
CT	679	6	22	22.000
CT	678	13	43	43.000
CT	677	14	45	45.000
CT	676	11	34	34.000
CT	675	20	72	72.000
CT	674	12	40	40.000
CT	673	14	39	39.000
CT	672	12	40	40.000
CT	671	15	46	46.000
CT	670	14	48	48.000
CT	669	14	33	33.000
CT	668	11	32	32.000
CT	667	17	59	59.000
CT	666	17	41	41.000
CT	665	16	43	43.000
CT	664	16	43	43.000
CT	663	15	39	39.000
CT	662	14	33	33.000
CT	661	14	33	33.000
CT	660	10	22	22.000
CT	659	13	43	43.000
CT	658	18	40	40.000
CT	657	19	49	49.000
CT	656	16	45	45.000
CT	655	24	60	60.000
CT	654	20	49	49.000
CT	653	22	61	61.000
CT	652	13	39	39.000
CT	651	28	67	67.000
CT	650	23	66	66.000
CT	649	13	36	36.000
CT	648	23	62	62.000
CT	647	28	65	65.000
CT	646	20	54	54.000
CT	645	23	59	59.000
CT	644	20	61	61.000
CT	643	28	76	76.000
CT	642	20	48	48.000
CT	641	22	56	56.000
CT	640	23	66	66.000
CT	639	27	66	66.000
CT	638	23	53	53.000
CT	637	24	57	57.000
CT	636	12	27	27.000
CT	635	27	66	66.000
CT	634	23	62	62.000
CT	633	26	64	64.000
CT	632	24	61	61.000
CT	631	19	46	46.000
CT	630	33	85	85.000
CT	629	27	72	72.000
CT	628	22	66	66.000
CT	627	27	67	67.000
CT	626	23	64	64.000
CT	625	21	54	54.000
CT	624	24	65	65.000
CT	623	19	51	51.000
CT	622	24	71	71.000
CT	621	28	69	69.000
CT	620	26	75	75.000
CT	619	19	46	46.000
CT	618	23	51	51.000
CT	617	22	52	52.000
CT	616	27	63	63.000
CT	615	16	40	40.000
CT	614	25	57	57.000
CT	613	24	66	66.000
CT	612	23	53	53.000
CT	611	30	63	63.000
CT	610	27	70	70.000
CT	609	27	74	74.000
CT	608	33	81	81.000
CT	607	33	86	86.000
CT	606	27	66	66.000
CT	605	34	89	89.000
CT	604	51	112	112.000
CT	603	32	82	82.000
CT	602	26	64	64.000
CT	601	27	74	74.000
CT	600	31	80	80.000
CT	599	37	91	91.000
CT	598	26	58	58.000
CT	597	38	89	89.000
CT	596	27	66	66.000
CT	595	28	61	61.000
CT	594	33	79	79.000
CT	593	28	66	66.000
CT	592	30	71	71.000
CT	591	30	64	64.000
CT	590	43	95	95.000
CT	589	33	81	81.000
CT	588	35	80	80.000
CT	587	29	73	73.000
CT	586	39	89	89.000
CT	585	44	112	112.000
CT	584	40	92	92.000
CT	583	53	120	120.000
CT	582	34	72	72.000
CT	581	48	104	104.000
CT	580	37	87	87.000
CT	579	32	77	77.000
CT	578	49	122	122.000
CT	577	43	101	101.000
CT	576	49	113	113.000
CT	575	37	78	78.000
CT	574	34	87	87.000
CT	573	34	73	73.000
CT	572	36	83	83.000
CT	571	30	63	63.000
CT	570	37	80	80.000
CT	569	26	54	54.000
CT	568	38	84	84.000
CT	567	29	71	71.000
CT	566	29	65	65.000
CT	565	24	55	55.000
CT	564	29	74	74.000
CT	563	27	64	64.000
CT	562	22	53	53.000
CT	561	29	59	59.000
CT	560	28	62	62.000
CT	559	31	72	72.000
CT	558	25	58	58.000
CT	557	28	66	66.000
CT	556	25	51	51.000
CT	555	31	72	72.000
CT	554	31	69	69.000
CT	553	31	74	74.000
CT	552	21	45	45.000
CT	551	42	94	94.000
CT	550	36	84	84.000
CT	549	28	67	67.000
CT	548	30	62	62.000
CT	547	29	60	60.000
CT	546	35	76	76.000
CT	545	42	89	89.000
CT	544	33	76	76.000
CT	543	45	99	99.000
CT	542	57	129	129.000
CT	541	37	82	82.000
CT	540	47	108	108.000
CT	539	36	79	79.000
CT	538	53	111	111.000
CT	537	45	93	93.000
CT	536	38	81	81.000
CT	535	42	93	93.000
CT	534	38	93	93.000
CT	533	38	81	81.000
CT	532	30	63	63.000
CT	531	33	67	67.000
CT	530	35	76	76.000
CT	529	33	75	75.000
CT	528	41	95	95.000
CT	527	24	50	50.000
CT	526	29	67	67.000
CT	525	23	52	52.000
CT	524	30	63	63.000
CT	523	36	88	88.000
CT	522	48	100	100.000
CT	521	45	109	109.000
CT	520	33	74	74.000
CT	519	30	70	70.000
CT	518	39	91	91.000
CT	517	47	105	105.000
CT	516	32	66	66.000
CT	515	34	74	74.000
CT	514	36	86	86.000
CT	513	33	81	81.000
CT	512	32	69	69.000
CT	511	23	51	51.000
CT	510	33	78	78.000
CT	509	35	78	78.000
CT	508	27	59	59.000
CT	507	33	78	78.000
CT	506	33	75	75.000
CT	505	52	112	112.000
CT	504	44	87	87.000
CT	503	39	78	78.000
CT	502	35	76	76.000
CT	501	36	74	74.000
CT	500	42	88	88.000
CT	499	33	68	68.000
CT	498	37	78	78.000
CT	497	46	93	93.000
CT	496	55	117	117.000
CT	495	36	79	79.000
CT	494	41	85	85.000
CT	493	36	75	75.000
CT	492	36	75	75.000
CT	491	42	88	88.000
CT	490	47	95	95.000
CT	489	49	98	98.000
CT	488	39	78	78.000
CT	487	44	93	93.000
CT	486	45	89	89.000
CT	485	34	76	76.000
CT	484	34	66	66.000
CT	483	44	83	83.000
CT	482	35	65	65.000
CT	481	44	93	93.000
CT	480	43	86	86.000
CT	479	29	57	57.000
CT	478	44	84	84.000
CT	477	26	48	48.000
CT	476	39	81	81.000
CT	475	32	58	58.000
CT	474	48	95	95.000
CT	473	32	58	58.000
CT	472	32	71	71.000
CT	471	31	64	64.000
CT	470	48	102	102.000
CT	469	45	90	90.000
CT	468	47	97	97.000
CT	467	29	51	51.000
CT	466	51	102	102.000
CT	465	46	87	87.000
CT	464	51	95	95.000
CT	463	45	88	88.000
CT	462	46	86	86.000
CT	461	41	74	74.000
CT	460	50	87	87.000
CT	459	38	71	71.000
CT	458	63	111	111.000
CT	457	42	74	74.000
CT	456	64	116	116.000
CT	455	43	86	86.000
CT	454	50	99	99.000
CT	453	69	129	129.000
CT	452	62	122	122.000
CT	451	67	113	113.000
CT	450	53	101	101.000
CT	449	67	124	124.000
CT	448	62	113	113.000
CT	447	67	109	109.000
CT	446	57	98	98.000
CT	445	63	112	112.000
CT	444	72	127	127.000
CT	443	63	108	108.000
CT	442	54	88	88.000
CT	441	63	109	109.000
CT	440	56	94	94.000
CT	439	85	155	155.000
CT	438	68	121	121.000
CT	437	65	112	112.000
CT	436	55	92	92.000
CT	435	69	124	124.000
CT	434	56	99	99.000
CT	433	71	107	107.000
CT	432	72	133	133.000
CT	431	89	155	155.000
CT	430	66	114	114.000
CT	429	64	108	108.000
CT	428	69	113	113.000
CT	427	72	130	130.000
CT	426	70	124	124.000
CT	425	81	137	137.000
CT	424	85	136	136.000
CT	423	85	149	149.000
CT	422	77	123	123.000
CT	421	73	123	123.000
CT	420	78	123	123.000
CT	419	99	151	151.000
CT	418	99	147	147.000
CT	417	95	137	137.000
CT	416	102	151	151.000
CT	415	114	177	177.000
CT	414	93	152	152.000
CT	413	119	184	184.000
CT	412	117	186	186.000
CT	411	124	175	175.000
CT	410	124	173	173.000
CT	409	111	172	172.000
CT	408	128	187	187.000
CT	407	104	146	146.000
CT	406	129	171	171.000
CT	405	117	167	167.000
CT	404	112	159	159.000
CT	403	119	180	180.000
CT	402	123	171	171.000
CT	401	108	154	154.000
CT	400	132	189	189.000
CT	399	118	155	155.000
CT	398	115	164	164.000
CT	397	129	189	189.000
CT	396	150	193	193.000
CT	395	147	199	199.000
CT	394	126	172	172.000
CT	393	169	223	223.000
CT	392	156	192	192.000
CT	391	182	251	251.000
CT	390	174	225	225.000
CT	389	191	255	255.000
CT	388	183	229	229.000
CT	387	199	258	258.000
CT	386	209	288	288.000
CT	385	202	249	249.000
CT	384	186	230	230.000
CT	383	233	291	291.000
CT	382	235	294	294.000
CT	381	211	260	260.000
CT	380	230	280	280.000
CT	379	269	328	328.000
CT	378	256	286	286.000
CT	377	254	293	293.000
CT	376	256	301	301.000
CT	375	303	338	338.000
CT	374	307	348	348.000
CT	373	369	429	429.000
CT	372	366	415	415.000
CT	371	346	393	393.000
CT	370	386	429	429.000
CT	369	409	460	460.000
CT	368	373	412	412.000
CT	367	412	476	476.000
CT	366	429	488	488.000
CT	365	427	469	469.000
CT	364	439	479	479.000
CT	363	461	511	511.000
CT	362	462	510	510.000
CT	361	504	554	554.000
CT	360	493	531	531.000
CT	359	542	605	605.000
CT	358	558	614	614.000
CT	357	582	638	638.000
CT	356	587	655	655.000
CT	355	640	697	697.000
CT	354	702	762	762.000
CT	353	657	718	718.000
CT	352	735	786	786.000
CT	351	707	766	766.000
CT	350	748	807	807.000
CT	349	793	839	839.000
CT	348	768	812	812.000
CT	347	850	901	901.000
CT	346	920	979	979.000
CT	345	1006	1076	1076.000
CT	344	1019	1087	1087.000
CT	343	1101	1155	1155.000
CT	342	1091	1142	1142.000
CT	341	1139	1203	1203.000
CT	340	1218	1262	1262.000
CT	339	1252	1303	1303.000
CT	338	1309	1358	1358.000
CT	337	1326	1365	1365.000
CT	336	1387	1434	1434.000
CT	335	1469	1519	1519.000
CT	334	1504	1549	1549.000
CT	333	1567	1609	1609.000
CT	332	1670	1732	1732.000
CT	331	1730	1786	1786.000
CT	330	1736	1788	1788.000
CT	329	1799	1863	1863.000
CT	328	1865	1939	1939.000
CT	327	2071	2120	2120.000
CT	326	2120	2170	2170.000
CT	325	2209	2261	2261.000
CT	324	2292	2340	2340.000
CT	323	2406	2445	2445.000
CT	322	2379	2421	2421.000
CT	321	2648	2695	2695.000
CT	320	2708	2755	2755.000
CT	319	2901	2948	2948.000
CT	318	2932	2968	2968.000
CT	317	3011	3049	3049.000
CT	316	3152	3199	3199.000
CT	315	3309	3351	3351.000
CT	314	3433	3484	3484.000
CT	313	3460	3496	3496.000
CT	312	3574	3619	3619.000
CT	311	3615	3648	3648.000
CT	310	3798	3845	3845.000
CT	309	3955	3993	3993.000
CT	308	3946	3979	3979.000
CT	307	4147	4181	4181.000
CT	306	4252	4294	4294.000
CT	305	4325	4357	4357.000
CT	304	4659	4692	4692.000
CT	303	4746	4797	4797.000
CT	302	5034	5067	5067.000
CT	301	4972	5016	5016.000
CT	300	5136	5165	5165.000
CT	299	5470	5507	5507.000
CT	298	5524	5573	5573.000
CT	297	5674	5703	5703.000
CT	296	5953	6009	6009.000
CT	295	6211	6258	6258.000
CT	294	6200	6251	6251.000
CT	293	6449	6482	6482.000
CT	292	6512	6555	6555.000
CT	291	6817	6868	6868.000
CT	290	6775	6804	6804.000
CT	289	7387	7432	7432.000
CT	288	7501	7527	7527.000
CT	287	7641	7667	7667.000
CT	286	8085	8114	8114.000
CT	285	8256	8294	8294.000
CT	284	8508	8534	8534.000
CT	283	8695	8730	8730.000
CT	282	9128	9151	9151.000
CT	281	9351	9382	9382.000
CT	280	9549	9574	9574.000
CT	279	9867	9894	9894.000
CT	278	10270	10288	10288.000
CT	277	10491	10519	10519.000
CT	276	10756	10772	10772.000
CT	275	10998	11023	11023.000
CT	274	11235	11246	11246.000
CT	273	11626	11654	11654.000
CT	272	11983	12003	12003.000
CT	271	12260	12290	12290.000
CT	270	12409	12422	12422.000
CT	269	13032	13051	13051.000
CT	268	13030	13054	13054.000
CT	267	13753	13768	13768.000
CT	266	13813	13830	13830.000
CT	265	14091	14106	14106.000
CT	264	14675	14696	14696.000
CT	263	15037	15054	15054.000
CT	262	15495	15510	15510.000
CT	261	15839	15847	15847.000
CT	260	16420	16430	16430.000
CT	259	16770	16768	16768.000
CT	258	16930	16929	16929.000
CT	257	17564	17560	17560.000
CT	256	18009	18010	18010.000
CT	255	18276	18269	18269.000
CT	254	18929	18932	18932.000
CT	253	19303	19306	19306.000
CT	252	19407	19418	19418.000
CT	251	19872	19866	19866.000
CT	250	20698	20707	20707.000
CT	249	20799	20804	20804.000
CT	248	21402	21403	21403.000
CT	247	21903	21905	21905.000
CT	246	22567	22588	22588.000
CT	245	22788	22780	22780.000
CT	244	23141	23139	23139.000
CT	243	23702	23699	23699.000
CT	242	24187	24196	24196.000
CT	241	24650	24653	24653.000
CT	240	24945	24956	24956.000
CT	239	25280	25284	25284.000
CT	238	25713	25720	25720.000
CT	237	26210	26206	26206.000
CT	236	26605	26615	26615.000
CT	235	26895	26889	26889.000
CT	234	27007	27013	27013.000
CT	233	27831	27841	27841.000
CT	232	28334	28359	28359.000
CT	231	28479	28470	28470.000
CT	230	29377	29387	29387.000
CT	229	29461	29451	29451.000
CT	228	29748	29724	29724.000
CT	227	30189	30182	30182.000
CT	226	30539	30517	30517.000
CT	225	31048	31041	31041.000
CT	224	31486	31478	31478.000
CT	223	32059	32041	32041.000
CT	222	32368	32361	32361.000
CT	221	32643	32627	32627.000
CT	220	33144	33133	33133.000
CT	219	33697	33680	33680.000
CT	218	34293	34290	34290.000
CT	217	34152	34145	34145.000
CT	216	34539	34526	34526.000
CT	215	35233	35228	35228.000
CT	214	35250	35238	35238.000
CT	213	36184	36178	36178.000
CT	212	35935	35925	35925.000
CT	211	36702	36693	36693.000
CT	210	36517	36498	36498.000
CT	209	36861	36858	36858.000
CT	208	37162	37152	37152.000
CT	207	37655	37657	37657.000
CT	206	37911	37896	37896.000
CT	205	37968	37957	37957.000
CT	204	37944	37915	37915.000
CT	203	38360	38344	38344.000
CT	202	38493	38472	38472.000
CT	201	38303	38286	38286.000
CT	200	38475	38458	38458.000
CT	199	38833	38800	38800.000
CT	198	38584	38567	38567.000
CT	197	38793	38766	38766.000
CT	196	38755	38735	38735.000
CT	195	39139	39112	39112.000
CT	194	39144	39117	39117.000
CT	193	38930	38891	38891.000
CT	192	38855	38829	38829.000
CT	191	38383	38354	38354.000
CT	190	38989	38954	38954.000
CT	189	38957	38934	38934.000
CT	188	39021	38993	38993.000
CT	187	38968	38953	38953.000
CT	186	38866	38850	38850.000
CT	185	38790	38773	38773.000
CT	184	38521	38510	38510.000
CT	183	38437	38430	38430.000
CT	182	38429	38414	38414.000
CT	181	38795	38783	38783.000
CT	180	37982	37962	37962.000
CT	179	38098	38080	38080.000
CT	178	37688	37673	37673.000
CT	177	37520	37492	37492.000
CT	176	37410	37385	37385.000
CT	175	36633	36603	36603.000
CT	174	36804	36785	36785.000
CT	173	36238	36218	36218.000
CT	172	36200	36192	36192.000
CT	171	36233	36218	36218.000
CT	170	35969	35945	35945.000
CT	169	35862	35850	35850.000
CT	168	35725	35710	35710.000
CT	167	35084	35066	35066.000
CT	166	34887	34859	34859.000
CT	165	34954	34937	34937.000
CT	164	34636	34627	34627.000
CT	163	34131	34106	34106.000
CT	162	33952	33935	33935.000
CT	161	33043	33017	33017.000
CT	160	32908	32875	32875.000
CT	159	32180	32156	32156.000
CT	158	31993	31974	31974.000
CT	157	31627	31594	31594.000
CT	156	30914	30886	30886.000
CT	155	30223	30203	30203.000
CT	154	29752	29734	29734.000
CT	153	29281	29260	29260.000
CT	152	28523	28500	28500.000
CT	151	28424	28405	28405.000
CT	150	28306	28286	28286.000
CT	149	27926	27915	27915.000
CT	148	27342	27317	27317.000
CT	147	26702	26689	26689.000
CT	146	26084	26068	26068.000
CT	145	25672	25653	25653.000
CT	144	25527	25511	25511.000
CT	143	24934	24918	24918.000
CT	142	23996	23980	23980.000
CT	141	23666	23652	23652.000
CT	140	23340	23333	23333.000
CT	139	22642	22631	22631.000
CT	138	22302	22286	22286.000
CT	137	21716	21702	21702.000
CT	136	21358	21336	21336.000
CT	135	21098	21083	21083.000
CT	134	20578	20566	20566.000
CT	133	20207	20198	20198.000
CT	132	19873	19860	19860.000
CT	131	19133	19123	19123.000
CT	130	18985	18969	18969.000
CT	129	18529	18506	18506.000
CT	128	18111	18094	18094.000
CT	127	17674	17664	17664.000
CT	126	17463	17449	17449.000
CT	125	16808	16793	16793.000
CT	124	16230	16224	16224.000
CT	123	16119	16109	16109.000
CT	122	15700	15686	15686.000
CT	121	15059	15049	15049.000
CT	120	14786	14769	14769.000
CT	119	14536	14523	14523.000
CT	118	14488	14479	14479.000
CT	117	13521	13509	13509.000
CT	116	13231	13221	13221.000
CT	115	13076	13065	13065.000
CT	114	12899	12885	12885.000
CT	113	12383	12362	12362.000
CT	112	12187	12169	12169.000
CT	111	11652	11639	11639.000
CT	110	11518	11498	11498.000
CT	109	11178	11157	11157.000
CT	108	10743	10735	10735.000
CT	107	10247	10242	10242.000
CT	106	9931	9920	9920.000
CT	105	9643	9628	9628.000
CT	104	9394	9378	9378.000
CT	103	9134	9120	9120.000
CT	102	8854	8843	8843.000
CT	101	8635	8624	8624.000
CT	100	8452	8443	8443.000
CT	99	8192	8178	8178.000
CT	98	7937	7931	7931.000
CT	97	7619	7609	7609.000
CT	96	7566	7556	7556.000
CT	95	7408	7396	7396.000
CT	94	7147	7134	7134.000
CT	93	6935	6925	6925.000
CT	92	6686	6677	6677.000
CT	91	6398	6387	6387.000
CT	90	6267	6258	6258.000
CT	89	6004	5995	5995.000
CT	88	5815	5803	5803.000
CT	87	5697	5687	5687.000
CT	86	5460	5452	5452.000
CT	85	5345	5331	5331.000
CT	84	5437	5420	5420.000
CT	83	5305	5285	5285.000
CT	82	5143	5128	5128.000
CT	81	4988	4966	4966.000
CT	80	4924	4895	4895.000
CT	79	4659	4641	4641.000
CT	78	4498	4478	4478.000
CT	77	4465	4454	4454.000
CT	76	4409	4384	4384.000
CT	75	4380	4350	4350.000
CT	74	4170	4150	4150.000
CT	73	4063	4038	4038.000
CT	72	3993	3986	3986.000
CT	71	3754	3733	3733.000
CT	70	3739	3719	3719.000
CT	69	3545	3520	3520.000
CT	68	3564	3529	3529.000
CT	67	3364	3336	3336.000
CT	66	3347	3311	3311.000
CT	65	3191	3145	3145.000
CT	64	3100	3059	3059.000
CT	63	3073	3027	3027.000
CT	62	3028	2991	2991.000
CT	61	3016	2982	2982.000
CT	60	2749	2715	2715.000
CT	59	2682	2626	2626.000
CT	58	2669	2612	2612.000
CT	57	2524	2451	2451.000
CT	56	2456	2381	2381.000
CT	55	2315	2261	2261.000
CT	54	2276	2189	2189.000
CT	53	2267	2169	2169.000
CT	52	2030	1926	1926.000
CT	51	1933	1844	1844.000
CT	50	2039	1926	1926.000
CT	49	1890	1792	1792.000
CT	48	1852	1704	1704.000
CT	47	1960	1812	1812.000
CT	46	1946	1762	1762.000
CT	45	2020	1809	1809.000
CT	44	2071	1802	1802.000
CT	43	1887	1615	1615.000
CT	42	1807	1550	1550.000
CT	41	1879	1594	1594.000
CT	40	1863	1528	1528.000
CT	39	1912	1467	1467.000
CT	38	1957	1507	1507.000
CT	37	1877	1310	1310.000
CT	36	1900	1241	1241.000
CT	35	1961	1197	1197.000
CT	34	2070	1189	1189.000
CT	33	1991	1045	1045.000
CT	32	2191	1002	1002.000
CT	31	2176	944	944.000
CT	30	2431	891	891.000
CT	29	2666	961	961.000
CT	28	2947	948	948.000
CT	27	3399	933	933.000
CT	26	3669	944	944.000
CT	25	4150	850	850.000
CT	24	4620	787	787.000
CT	23	5202	676	676.000
CT	22	5942	587	587.000
CT	21	7000	502	502.000
CT	20	8266	596	596.000
CT	19	9779	571	571.000
CT	18	11817	492	492.000
CT	17	14391	461	461.000
CT	16	17084	407	407.000
CT	15	21069	375	375.000
CT	14	25974	350	350.000
CT	13	32684	181	181.000
CT	12	42190	252	252.000
CT	11	52814	144	144.000
CT	10	69729	177	177.000
CT	9	96193	191	191.000
CT	8	135400	130	130.000
CT	7	202593	111	111.000
CT	6	329355	62	62.000
CT	5	585693	44	44.000
CT	4	1188934	34	34.000
CT	3	3013404	16	16.000
CT	2	11063624	0	0.000
CT	1	0	0	-nan
CT	0	0	450	-nan
FR	0	0
ER	5291689	0.000
CV	0.999
QV	55.617	55.617
