HS	1023	0	6805	6805
HS	1022	0	8	6813
HS	1021	0	8	6821
HS	1020	0	9	6830
HS	1019	0	9	6839
HS	1018	0	10	6849
HS	1017	0	6	6855
HS	1016	0	6	6861
HS	1015	0	12	6873
HS	1014	0	15	6888
HS	1013	0	12	6900
HS	1012	0	9	6909
HS	1011	0	10	6919
HS	1010	0	9	6928
HS	1009	0	7	6935
HS	1008	0	12	6947
HS	1007	0	10	6957
HS	1006	0	13	6970
HS	1005	0	15	6985
HS	1004	0	19	7004
HS	1003	0	17	7021
HS	1002	0	7	7028
HS	1001	0	16	7044
HS	1000	0	12	7056
HS	999	0	8	7064
HS	998	0	3	7067
HS	997	0	11	7078
HS	996	0	9	7087
HS	995	0	20	7107
HS	994	0	2	7109
HS	993	0	11	7120
HS	992	0	15	7135
HS	991	0	12	7147
HS	990	0	9	7156
HS	989	0	9	7165
HS	988	0	10	7175
HS	987	0	9	7184
HS	986	0	7	7191
HS	985	0	8	7199
HS	984	0	4	7203
HS	983	0	8	7211
HS	982	0	2	7213
HS	981	0	7	7220
HS	980	0	7	7227
HS	979	0	10	7237
HS	978	0	9	7246
HS	977	0	9	7255
HS	976	0	9	7264
HS	975	0	6	7270
HS	974	0	6	7276
HS	973	0	7	7283
HS	972	0	10	7293
HS	971	0	4	7297
HS	970	0	7	7304
HS	969	0	10	7314
HS	968	0	3	7317
HS	967	0	4	7321
HS	966	0	7	7328
HS	965	0	5	7333
HS	964	0	9	7342
HS	963	0	6	7348
HS	962	0	5	7353
HS	961	0	5	7358
HS	960	0	8	7366
HS	959	0	9	7375
HS	958	0	2	7377
HS	957	0	4	7381
HS	956	0	3	7384
HS	955	0	3	7387
HS	954	0	8	7395
HS	953	0	3	7398
HS	952	0	3	7401
HS	951	0	5	7406
HS	950	0	3	7409
HS	949	0	7	7416
HS	948	0	5	7421
HS	947	0	3	7424
HS	946	0	5	7429
HS	945	0	7	7436
HS	944	0	7	7443
HS	943	0	10	7453
HS	942	0	8	7461
HS	941	0	5	7466
HS	940	0	3	7469
HS	939	0	6	7475
HS	938	0	3	7478
HS	937	0	6	7484
HS	936	0	2	7486
HS	935	0	6	7492
HS	934	0	7	7499
HS	933	0	11	7510
HS	932	0	6	7516
HS	931	0	10	7526
HS	930	0	8	7534
HS	929	0	3	7537
HS	928	0	4	7541
HS	927	0	5	7546
HS	926	0	3	7549
HS	925	0	10	7559
HS	924	0	9	7568
HS	923	0	7	7575
HS	922	0	7	7582
HS	921	0	8	7590
HS	920	0	6	7596
HS	919	0	5	7601
HS	918	0	7	7608
HS	917	0	3	7611
HS	916	0	5	7616
HS	915	0	9	7625
HS	914	0	9	7634
HS	913	0	10	7644
HS	912	0	8	7652
HS	911	0	7	7659
HS	910	0	4	7663
HS	909	0	10	7673
HS	908	0	8	7681
HS	907	0	7	7688
HS	906	0	4	7692
HS	905	0	3	7695
HS	904	0	5	7700
HS	903	0	7	7707
HS	902	0	5	7712
HS	901	0	5	7717
HS	900	0	10	7727
HS	899	0	4	7731
HS	898	0	4	7735
HS	897	0	3	7738
HS	896	0	4	7742
HS	895	0	4	7746
HS	894	0	2	7748
HS	893	0	8	7756
HS	892	0	3	7759
HS	891	0	4	7763
HS	890	0	5	7768
HS	889	0	7	7775
HS	888	0	7	7782
HS	887	0	10	7792
HS	886	0	14	7806
HS	885	0	7	7813
HS	884	0	5	7818
HS	883	0	3	7821
HS	882	0	4	7825
HS	881	0	5	7830
HS	880	0	0	7830
HS	879	0	6	7836
HS	878	0	6	7842
HS	877	0	5	7847
HS	876	0	8	7855
HS	875	0	16	7871
HS	874	0	4	7875
HS	873	0	8	7883
HS	872	0	5	7888
HS	871	0	7	7895
HS	870	0	12	7907
HS	869	0	9	7916
HS	868	0	9	7925
HS	867	0	11	7936
HS	866	0	6	7942
HS	865	0	9	7951
HS	864	0	10	7961
HS	863	0	13	7974
HS	862	0	4	7978
HS	861	0	12	7990
HS	860	0	11	8001
HS	859	0	9	8010
HS	858	0	8	8018
HS	857	0	6	8024
HS	856	0	4	8028
HS	855	0	8	8036
HS	854	0	9	8045
HS	853	0	4	8049
HS	852	0	12	8061
HS	851	0	9	8070
HS	850	0	12	8082
HS	849	0	4	8086
HS	848	0	8	8094
HS	847	0	13	8107
HS	846	0	6	8113
HS	845	0	11	8124
HS	844	0	9	8133
HS	843	0	10	8143
HS	842	0	10	8153
HS	841	0	9	8162
HS	840	0	11	8173
HS	839	0	20	8193
HS	838	0	12	8205
HS	837	0	15	8220
HS	836	0	8	8228
HS	835	0	13	8241
HS	834	0	17	8258
HS	833	0	10	8268
HS	832	0	10	8278
HS	831	0	13	8291
HS	830	0	9	8300
HS	829	0	9	8309
HS	828	0	10	8319
HS	827	0	9	8328
HS	826	0	14	8342
HS	825	0	11	8353
HS	824	0	5	8358
HS	823	0	10	8368
HS	822	0	13	8381
HS	821	0	12	8393
HS	820	0	14	8407
HS	819	0	6	8413
HS	818	0	8	8421
HS	817	0	9	8430
HS	816	0	9	8439
HS	815	0	8	8447
HS	814	0	8	8455
HS	813	0	9	8464
HS	812	0	9	8473
HS	811	0	13	8486
HS	810	0	9	8495
HS	809	0	13	8508
HS	808	0	8	8516
HS	807	0	12	8528
HS	806	0	10	8538
HS	805	0	9	8547
HS	804	0	7	8554
HS	803	0	6	8560
HS	802	0	15	8575
HS	801	0	14	8589
HS	800	0	9	8598
HS	799	0	13	8611
HS	798	0	12	8623
HS	797	0	19	8642
HS	796	0	11	8653
HS	795	0	24	8677
HS	794	0	17	8694
HS	793	0	13	8707
HS	792	0	16	8723
HS	791	0	9	8732
HS	790	0	10	8742
HS	789	0	16	8758
HS	788	0	9	8767
HS	787	0	11	8778
HS	786	0	15	8793
HS	785	0	15	8808
HS	784	0	14	8822
HS	783	0	13	8835
HS	782	0	14	8849
HS	781	0	12	8861
HS	780	0	10	8871
HS	779	0	16	8887
HS	778	0	7	8894
HS	777	0	7	8901
HS	776	0	19	8920
HS	775	0	10	8930
HS	774	0	14	8944
HS	773	0	9	8953
HS	772	0	7	8960
HS	771	0	8	8968
HS	770	0	15	8983
HS	769	0	19	9002
HS	768	0	11	9013
HS	767	0	14	9027
HS	766	0	13	9040
HS	765	0	10	9050
HS	764	0	10	9060
HS	763	0	11	9071
HS	762	0	4	9075
HS	761	0	8	9083
HS	760	0	8	9091
HS	759	0	12	9103
HS	758	0	5	9108
HS	757	0	14	9122
HS	756	0	9	9131
HS	755	0	15	9146
HS	754	0	14	9160
HS	753	0	11	9171
HS	752	0	8	9179
HS	751	0	10	9189
HS	750	0	9	9198
HS	749	0	10	9208
HS	748	0	6	9214
HS	747	0	13	9227
HS	746	0	9	9236
HS	745	0	7	9243
HS	744	0	9	9252
HS	743	0	7	9259
HS	742	0	4	9263
HS	741	0	10	9273
HS	740	0	4	9277
HS	739	0	5	9282
HS	738	0	8	9290
HS	737	0	10	9300
HS	736	0	6	9306
HS	735	0	14	9320
HS	734	0	9	9329
HS	733	0	7	9336
HS	732	0	10	9346
HS	731	0	7	9353
HS	730	0	15	9368
HS	729	0	13	9381
HS	728	0	11	9392
HS	727	0	6	9398
HS	726	0	10	9408
HS	725	0	16	9424
HS	724	0	15	9439
HS	723	0	15	9454
HS	722	0	9	9463
HS	721	0	14	9477
HS	720	0	6	9483
HS	719	0	11	9494
HS	718	0	10	9504
HS	717	0	18	9522
HS	716	0	12	9534
HS	715	0	17	9551
HS	714	0	14	9565
HS	713	0	18	9583
HS	712	0	16	9599
HS	711	0	8	9607
HS	710	0	14	9621
HS	709	0	14	9635
HS	708	0	15	9650
HS	707	0	14	9664
HS	706	0	15	9679
HS	705	0	14	9693
HS	704	0	15	9708
HS	703	0	14	9722
HS	702	0	9	9731
HS	701	0	15	9746
HS	700	0	14	9760
HS	699	0	13	9773
HS	698	0	14	9787
HS	697	0	13	9800
HS	696	0	12	9812
HS	695	0	14	9826
HS	694	0	14	9840
HS	693	0	11	9851
HS	692	0	16	9867
HS	691	0	15	9882
HS	690	0	13	9895
HS	689	0	13	9908
HS	688	0	14	9922
HS	687	0	11	9933
HS	686	0	21	9954
HS	685	0	9	9963
HS	684	0	15	9978
HS	683	0	16	9994
HS	682	0	8	10002
HS	681	0	9	10011
HS	680	0	15	10026
HS	679	0	6	10032
HS	678	0	13	10045
HS	677	0	14	10059
HS	676	0	11	10070
HS	675	0	20	10090
HS	674	0	12	10102
HS	673	0	14	10116
HS	672	0	12	10128
HS	671	0	15	10143
HS	670	0	14	10157
HS	669	0	14	10171
HS	668	0	11	10182
HS	667	0	17	10199
HS	666	0	17	10216
HS	665	0	16	10232
HS	664	0	16	10248
HS	663	0	15	10263
HS	662	0	14	10277
HS	661	0	14	10291
HS	660	0	10	10301
HS	659	0	13	10314
HS	658	0	18	10332
HS	657	0	19	10351
HS	656	0	16	10367
HS	655	0	24	10391
HS	654	0	20	10411
HS	653	0	22	10433
HS	652	0	13	10446
HS	651	0	28	10474
HS	650	0	23	10497
HS	649	0	13	10510
HS	648	0	23	10533
HS	647	0	28	10561
HS	646	0	20	10581
HS	645	0	23	10604
HS	644	0	20	10624
HS	643	0	28	10652
HS	642	0	20	10672
HS	641	0	22	10694
HS	640	0	23	10717
HS	639	0	27	10744
HS	638	0	23	10767
HS	637	0	24	10791
HS	636	0	12	10803
HS	635	0	27	10830
HS	634	0	23	10853
HS	633	0	26	10879
HS	632	0	24	10903
HS	631	0	19	10922
HS	630	0	33	10955
HS	629	0	27	10982
HS	628	0	22	11004
HS	627	0	27	11031
HS	626	0	23	11054
HS	625	0	21	11075
HS	624	0	24	11099
HS	623	0	19	11118
HS	622	0	24	11142
HS	621	0	28	11170
HS	620	0	26	11196
HS	619	0	19	11215
HS	618	0	23	11238
HS	617	0	22	11260
HS	616	0	27	11287
HS	615	0	16	11303
HS	614	0	25	11328
HS	613	0	24	11352
HS	612	0	23	11375
HS	611	0	30	11405
HS	610	0	27	11432
HS	609	0	27	11459
HS	608	0	33	11492
HS	607	0	33	11525
HS	606	0	27	11552
HS	605	0	34	11586
HS	604	0	51	11637
HS	603	0	32	11669
HS	602	0	26	11695
HS	601	0	27	11722
HS	600	0	31	11753
HS	599	0	37	11790
HS	598	0	26	11816
HS	597	0	38	11854
HS	596	0	27	11881
HS	595	0	28	11909
HS	594	0	33	11942
HS	593	0	28	11970
HS	592	0	30	12000
HS	591	0	30	12030
HS	590	0	43	12073
HS	589	0	33	12106
HS	588	0	35	12141
HS	587	0	29	12170
HS	586	0	39	12209
HS	585	0	44	12253
HS	584	0	40	12293
HS	583	0	53	12346
HS	582	0	34	12380
HS	581	0	48	12428
HS	580	0	37	12465
HS	579	0	32	12497
HS	578	0	49	12546
HS	577	0	43	12589
HS	576	0	49	12638
HS	575	0	37	12675
HS	574	0	34	12709
HS	573	0	34	12743
HS	572	0	36	12779
HS	571	0	30	12809
HS	570	0	37	12846
HS	569	0	26	12872
HS	568	0	38	12910
HS	567	0	29	12939
HS	566	0	29	12968
HS	565	0	24	12992
HS	564	0	29	13021
HS	563	0	27	13048
HS	562	0	22	13070
HS	561	0	29	13099
HS	560	0	28	13127
HS	559	0	31	13158
HS	558	0	25	13183
HS	557	0	28	13211
HS	556	0	25	13236
HS	555	0	31	13267
HS	554	0	31	13298
HS	553	0	31	13329
HS	552	0	21	13350
HS	551	0	42	13392
HS	550	0	36	13428
HS	549	0	28	13456
HS	548	0	30	13486
HS	547	0	29	13515
HS	546	0	35	13550
HS	545	0	42	13592
HS	544	0	33	13625
HS	543	0	45	13670
HS	542	0	57	13727
HS	541	0	37	13764
HS	540	0	47	13811
HS	539	0	36	13847
HS	538	0	53	13900
HS	537	0	45	13945
HS	536	0	38	13983
HS	535	0	42	14025
HS	534	0	38	14063
HS	533	0	38	14101
HS	532	0	30	14131
HS	531	0	33	14164
HS	530	0	35	14199
HS	529	0	33	14232
HS	528	0	41	14273
HS	527	0	24	14297
HS	526	0	29	14326
HS	525	0	23	14349
HS	524	0	30	14379
HS	523	0	36	14415
HS	522	0	48	14463
HS	521	0	45	14508
HS	520	0	33	14541
HS	519	0	30	14571
HS	518	0	39	14610
HS	517	0	47	14657
HS	516	0	32	14689
HS	515	0	34	14723
HS	514	0	36	14759
HS	513	0	33	14792
HS	512	0	32	14824
HS	511	0	23	14847
HS	510	0	33	14880
HS	509	0	35	14915
HS	508	0	27	14942
HS	507	0	33	14975
HS	506	0	33	15008
HS	505	0	52	15060
HS	504	0	44	15104
HS	503	0	39	15143
HS	502	0	35	15178
HS	501	0	36	15214
HS	500	0	42	15256
HS	499	0	33	15289
HS	498	0	37	15326
HS	497	0	46	15372
HS	496	0	55	15427
HS	495	0	36	15463
HS	494	0	41	15504
HS	493	0	36	15540
HS	492	0	36	15576
HS	491	0	42	15618
HS	490	0	47	15665
HS	489	0	49	15714
HS	488	0	39	15753
HS	487	0	44	15797
HS	486	0	45	15842
HS	485	0	34	15876
HS	484	0	34	15910
HS	483	0	44	15954
HS	482	0	35	15989
HS	481	0	44	16033
HS	480	0	43	16076
HS	479	0	29	16105
HS	478	0	44	16149
HS	477	0	26	16175
HS	476	0	39	16214
HS	475	0	32	16246
HS	474	0	48	16294
HS	473	0	32	16326
HS	472	0	32	16358
HS	471	0	31	16389
HS	470	0	48	16437
HS	469	0	45	16482
HS	468	0	47	16529
HS	467	0	29	16558
HS	466	0	51	16609
HS	465	0	46	16655
HS	464	0	51	16706
HS	463	0	45	16751
HS	462	0	46	16797
HS	461	0	41	16838
HS	460	0	50	16888
HS	459	0	38	16926
HS	458	0	63	16989
HS	457	0	42	17031
HS	456	0	64	17095
HS	455	0	43	17138
HS	454	0	50	17188
HS	453	0	69	17257
HS	452	0	62	17319
HS	451	0	67	17386
HS	450	0	53	17439
HS	449	0	67	17506
HS	448	0	62	17568
HS	447	0	67	17635
HS	446	0	57	17692
HS	445	0	63	17755
HS	444	0	72	17827
HS	443	0	63	17890
HS	442	0	54	17944
HS	441	0	63	18007
HS	440	0	56	18063
HS	439	0	85	18148
HS	438	0	68	18216
HS	437	0	65	18281
HS	436	0	55	18336
HS	435	0	69	18405
HS	434	0	56	18461
HS	433	0	71	18532
HS	432	0	72	18604
HS	431	0	89	18693
HS	430	0	66	18759
HS	429	0	64	18823
HS	428	0	69	18892
HS	427	0	72	18964
HS	426	0	70	19034
HS	425	0	81	19115
HS	424	0	85	19200
HS	423	0	85	19285
HS	422	0	77	19362
HS	421	0	73	19435
HS	420	0	78	19513
HS	419	0	99	19612
HS	418	0	99	19711
HS	417	0	95	19806
HS	416	0	102	19908
HS	415	0	114	20022
HS	414	0	93	20115
HS	413	0	119	20234
HS	412	0	117	20351
HS	411	0	124	20475
HS	410	0	124	20599
HS	409	0	111	20710
HS	408	0	128	20838
HS	407	0	104	20942
HS	406	0	129	21071
HS	405	0	117	21188
HS	404	0	112	21300
HS	403	0	119	21419
HS	402	0	123	21542
HS	401	0	108	21650
HS	400	0	132	21782
HS	399	0	118	21900
HS	398	0	115	22015
HS	397	0	129	22144
HS	396	0	150	22294
HS	395	0	147	22441
HS	394	0	126	22567
HS	393	0	169	22736
HS	392	0	156	22892
HS	391	0	182	23074
HS	390	0	174	23248
HS	389	0	191	23439
HS	388	0	183	23622
HS	387	0	199	23821
HS	386	0	209	24030
HS	385	0	202	24232
HS	384	0	186	24418
HS	383	0	233	24651
HS	382	0	235	24886
HS	381	0	211	25097
HS	380	0	230	25327
HS	379	0	269	25596
HS	378	0	256	25852
HS	377	0	254	26106
HS	376	0	256	26362
HS	375	0	303	26665
HS	374	0	307	26972
HS	373	0	369	27341
HS	372	0	366	27707
HS	371	0	346	28053
HS	370	0	386	28439
HS	369	0	409	28848
HS	368	0	373	29221
HS	367	0	412	29633
HS	366	0	429	30062
HS	365	0	427	30489
HS	364	0	439	30928
HS	363	0	461	31389
HS	362	0	462	31851
HS	361	0	504	32355
HS	360	0	493	32848
HS	359	0	542	33390
HS	358	0	558	33948
HS	357	0	582	34530
HS	356	0	587	35117
HS	355	0	640	35757
HS	354	0	702	36459
HS	353	0	657	37116
HS	352	0	735	37851
HS	351	0	707	38558
HS	350	0	748	39306
HS	349	0	793	40099
HS	348	0	768	40867
HS	347	0	850	41717
HS	346	0	920	42637
HS	345	0	1006	43643
HS	344	0	1019	44662
HS	343	0	1101	45763
HS	342	0	1091	46854
HS	341	0	1139	47993
HS	340	0	1218	49211
HS	339	0	1252	50463
HS	338	0	1309	51772
HS	337	0	1326	53098
HS	336	0	1387	54485
HS	335	0	1469	55954
HS	334	0	1504	57458
HS	333	0	1567	59025
HS	332	0	1670	60695
HS	331	0	1730	62425
HS	330	0	1736	64161
HS	329	0	1799	65960
HS	328	0	1865	67825
HS	327	0	2071	69896
HS	326	0	2120	72016
HS	325	0	2209	74225
HS	324	0	2292	76517
HS	323	0	2406	78923
HS	322	0	2379	81302
HS	321	0	2648	83950
HS	320	0	2708	86658
HS	319	0	2901	89559
HS	318	0	2932	92491
HS	317	0	3011	95502
HS	316	0	3152	98654
HS	315	0	3309	101963
HS	314	0	3433	105396
HS	313	0	3460	108856
HS	312	0	3574	112430
HS	311	0	3615	116045
HS	310	0	3798	119843
HS	309	0	3955	123798
HS	308	0	3946	127744
HS	307	0	4147	131891
HS	306	0	4252	136143
HS	305	0	4325	140468
HS	304	0	4659	145127
HS	303	0	4746	149873
HS	302	0	5034	154907
HS	301	0	4972	159879
HS	300	0	5136	165015
HS	299	0	5470	170485
HS	298	0	5524	176009
HS	297	0	5674	181683
HS	296	0	5953	187636
HS	295	0	6211	193847
HS	294	0	6200	200047
HS	293	0	6449	206496
HS	292	0	6512	213008
HS	291	0	6817	219825
HS	290	0	6775	226600
HS	289	0	7387	233987
HS	288	0	7501	241488
HS	287	0	7641	249129
HS	286	0	8085	257214
HS	285	0	8256	265470
HS	284	0	8508	273978
HS	283	0	8695	282673
HS	282	0	9128	291801
HS	281	0	9351	301152
HS	280	0	9549	310701
HS	279	0	9867	320568
HS	278	0	10270	330838
HS	277	0	10491	341329
HS	276	0	10756	352085
HS	275	0	10998	363083
HS	274	0	11235	374318
HS	273	0	11626	385944
HS	272	0	11983	397927
HS	271	0	12260	410187
HS	270	0	12409	422596
HS	269	0	13032	435628
HS	268	0	13030	448658
HS	267	0	13753	462411
HS	266	0	13813	476224
HS	265	0	14091	490315
HS	264	0	14675	504990
HS	263	0	15037	520027
HS	262	0	15495	535522
HS	261	0	15839	551361
HS	260	0	16420	567781
HS	259	0	16770	584551
HS	258	0	16930	601481
HS	257	0	17564	619045
HS	256	0	18009	637054
HS	255	0	18276	655330
HS	254	0	18929	674259
HS	253	0	19303	693562
HS	252	0	19407	712969
HS	251	0	19872	732841
HS	250	0	20698	753539
HS	249	0	20799	774338
HS	248	0	21402	795740
HS	247	0	21903	817643
HS	246	0	22567	840210
HS	245	0	22788	862998
HS	244	0	23141	886139
HS	243	0	23702	909841
HS	242	0	24187	934028
HS	241	0	24650	958678
HS	240	0	24945	983623
HS	239	0	25280	1008903
HS	238	0	25713	1034616
HS	237	0	26210	1060826
HS	236	0	26605	1087431
HS	235	0	26895	1114326
HS	234	0	27007	1141333
HS	233	0	27831	1169164
HS	232	0	28334	1197498
HS	231	0	28479	1225977
HS	230	0	29377	1255354
HS	229	0	29461	1284815
HS	228	0	29748	1314563
HS	227	0	30189	1344752
HS	226	0	30539	1375291
HS	225	0	31048	1406339
HS	224	0	31486	1437825
HS	223	0	32059	1469884
HS	222	0	32368	1502252
HS	221	0	32643	1534895
HS	220	0	33144	1568039
HS	219	0	33697	1601736
HS	218	0	34293	1636029
HS	217	0	34152	1670181
HS	216	0	34539	1704720
HS	215	0	35233	1739953
HS	214	0	35250	1775203
HS	213	0	36184	1811387
HS	212	0	35935	1847322
HS	211	0	36702	1884024
HS	210	0	36517	1920541
HS	209	0	36861	1957402
HS	208	0	37162	1994564
HS	207	0	37655	2032219
HS	206	0	37911	2070130
HS	205	0	37968	2108098
HS	204	0	37944	2146042
HS	203	0	38360	2184402
HS	202	0	38493	2222895
HS	201	0	38303	2261198
HS	200	0	38475	2299673
HS	199	0	38833	2338506
HS	198	0	38584	2377090
HS	197	0	38793	2415883
HS	196	0	38755	2454638
HS	195	0	39139	2493777
HS	194	0	39144	2532921
HS	193	0	38930	2571851
HS	192	0	38855	2610706
HS	191	0	38383	2649089
HS	190	0	38989	2688078
HS	189	0	38957	2727035
HS	188	0	39021	2766056
HS	187	0	38968	2805024
HS	186	0	38866	2843890
HS	185	0	38790	2882680
HS	184	0	38521	2921201
HS	183	0	38437	2959638
HS	182	0	38429	2998067
HS	181	0	38795	3036862
HS	180	0	37982	3074844
HS	179	0	38098	3112942
HS	178	0	37688	3150630
HS	177	0	37520	3188150
HS	176	0	37410	3225560
HS	175	0	36633	3262193
HS	174	0	36804	3298997
HS	173	0	36238	3335235
HS	172	0	36200	3371435
HS	171	0	36233	3407668
HS	170	0	35969	3443637
HS	169	0	35862	3479499
HS	168	0	35725	3515224
HS	167	0	35084	3550308
HS	166	0	34887	3585195
HS	165	0	34954	3620149
HS	164	0	34636	3654785
HS	163	0	34131	3688916
HS	162	0	33952	3722868
HS	161	0	33043	3755911
HS	160	0	32908	3788819
HS	159	0	32180	3820999
HS	158	0	31993	3852992
HS	157	0	31627	3884619
HS	156	0	30914	3915533
HS	155	0	30223	3945756
HS	154	0	29752	3975508
HS	153	0	29281	4004789
HS	152	0	28523	4033312
HS	151	0	28424	4061736
HS	150	0	28306	4090042
HS	149	0	27926	4117968
HS	148	0	27342	4145310
HS	147	0	26702	4172012
HS	146	0	26084	4198096
HS	145	0	25672	4223768
HS	144	0	25527	4249295
HS	143	0	24934	4274229
HS	142	0	23996	4298225
HS	141	0	23666	4321891
HS	140	0	23340	4345231
HS	139	0	22642	4367873
HS	138	0	22302	4390175
HS	137	0	21716	4411891
HS	136	0	21358	4433249
HS	135	0	21098	4454347
HS	134	0	20578	4474925
HS	133	0	20207	4495132
HS	132	0	19873	4515005
HS	131	0	19133	4534138
HS	130	0	18985	4553123
HS	129	0	18529	4571652
HS	128	0	18111	4589763
HS	127	0	17674	4607437
HS	126	0	17463	4624900
HS	125	0	16808	4641708
HS	124	0	16230	4657938
HS	123	0	16119	4674057
HS	122	0	15700	4689757
HS	121	0	15059	4704816
HS	120	0	14786	4719602
HS	119	0	14536	4734138
HS	118	0	14488	4748626
HS	117	0	13521	4762147
HS	116	0	13231	4775378
HS	115	0	13076	4788454
HS	114	0	12899	4801353
HS	113	0	12383	4813736
HS	112	0	12187	4825923
HS	111	0	11652	4837575
HS	110	0	11518	4849093
HS	109	0	11178	4860271
HS	108	0	10743	4871014
HS	107	0	10247	4881261
HS	106	0	9931	4891192
HS	105	0	9643	4900835
HS	104	0	9394	4910229
HS	103	0	9134	4919363
HS	102	0	8854	4928217
HS	101	0	8635	4936852
HS	100	0	8452	4945304
HS	99	0	8192	4953496
HS	98	0	7937	4961433
HS	97	0	7619	4969052
HS	96	0	7566	4976618
HS	95	0	7408	4984026
HS	94	0	7147	4991173
HS	93	0	6935	4998108
HS	92	0	6686	5004794
HS	91	0	6398	5011192
HS	90	0	6267	5017459
HS	89	0	6004	5023463
HS	88	0	5815	5029278
HS	87	0	5697	5034975
HS	86	0	5460	5040435
HS	85	0	5345	5045780
HS	84	0	5437	5051217
HS	83	0	5305	5056522
HS	82	0	5143	5061665
HS	81	0	4988	5066653
HS	80	0	4924	5071577
HS	79	0	4659	5076236
HS	78	0	4498	5080734
HS	77	0	4465	5085199
HS	76	0	4409	5089608
HS	75	0	4380	5093988
HS	74	0	4170	5098158
HS	73	0	4063	5102221
HS	72	0	3993	5106214
HS	71	0	3754	5109968
HS	70	0	3739	5113707
HS	69	0	3545	5117252
HS	68	0	3564	5120816
HS	67	0	3364	5124180
HS	66	0	3347	5127527
HS	65	0	3191	5130718
HS	64	0	3100	5133818
HS	63	0	3073	5136891
HS	62	0	3028	5139919
HS	61	0	3016	5142935
HS	60	0	2749	5145684
HS	59	0	2682	5148366
HS	58	0	2669	5151035
HS	57	0	2524	5153559
HS	56	0	2456	5156015
HS	55	0	2315	5158330
HS	54	0	2276	5160606
HS	53	0	2267	5162873
HS	52	0	2030	5164903
HS	51	0	1933	5166836
HS	50	0	2039	5168875
HS	49	0	1890	5170765
HS	48	0	1852	5172617
HS	47	0	1960	5174577
HS	46	0	1946	5176523
HS	45	0	2020	5178543
HS	44	0	2071	5180614
HS	43	0	1887	5182501
HS	42	0	1807	5184308
HS	41	0	1879	5186187
HS	40	0	1863	5188050
HS	39	0	1912	5189962
HS	38	0	1957	5191919
HS	37	0	1877	5193796
HS	36	0	1900	5195696
HS	35	0	1961	5197657
HS	34	0	2070	5199727
HS	33	0	1991	5201718
HS	32	0	2191	5203909
HS	31	0	2176	5206085
HS	30	0	2431	5208516
HS	29	0	2666	5211182
HS	28	0	2947	5214129
HS	27	0	3399	5217528
HS	26	0	3669	5221197
HS	25	0	4150	5225347
HS	24	0	4620	5229967
HS	23	0	5202	5235169
HS	22	0	5942	5241111
HS	21	0	7000	5248111
HS	20	0	8266	5256377
HS	19	0	9779	5266156
HS	18	0	11817	5277973
HS	17	0	14391	5292364
HS	16	0	17084	5309448
HS	15	0	21069	5330517
HS	14	0	25974	5356491
HS	13	0	32684	5389175
HS	12	0	42190	5431365
HS	11	0	52814	5484179
HS	10	0	69729	5553908
HS	9	0	96193	5650101
HS	8	0	135400	5785501
HS	7	0	202593	5988094
HS	6	0	329355	6317449
HS	5	0	585693	6903142
HS	4	0	1188934	8092076
HS	3	0	3013404	11105480
HS	2	0	11063624	22169104
HS	1	0	0	22169104
HS	0	0	0	22169104
