CC	CT  kmer_occurrence    short_read_kmer_count  raw_input_kmer_count  adjusted_input_kmer_count
CC	FR  fpr_lower_bound    fpr_upper_bound
CC	ER  total_input_kmers  adjusted_error_kmers
CC	CV  coverage
CC	QV  raw_quality_value  adjusted_quality_value
CC
SQ	CP126100.1	4252134	4252104	4252104	99.00
CT	1023	6423	59550	59550.000
CT	1022	4	19	19.000
CT	1021	1	6	6.000
CT	1020	0	0	0.000
CT	1019	1	4	4.000
CT	1018	3	8	8.000
CT	1017	0	0	0.000
CT	1016	1	4	4.000
CT	1015	1	0	0.000
CT	1014	1	0	0.000
CT	1013	2	11	11.000
CT	1012	2	11	11.000
CT	1011	3	5	5.000
CT	1010	1	5	5.000
CT	1009	0	0	0.000
CT	1008	0	0	0.000
CT	1007	0	0	0.000
CT	1006	0	0	0.000
CT	1005	0	0	0.000
CT	1004	0	0	0.000
CT	1003	2	5	5.000
CT	1002	2	0	0.000
CT	1001	3	11	11.000
CT	1000	0	0	0.000
CT	999	1	0	0.000
CT	998	0	0	0.000
CT	997	1	5	5.000
CT	996	0	0	0.000
CT	995	1	3	3.000
CT	994	2	10	10.000
CT	993	2	6	6.000
CT	992	0	0	0.000
CT	991	0	0	0.000
CT	990	3	10	10.000
CT	989	1	5	5.000
CT	988	1	0	0.000
CT	987	0	0	0.000
CT	986	4	10	10.000
CT	985	1	0	0.000
CT	984	4	20	20.000
CT	983	2	5	5.000
CT	982	3	10	10.000
CT	981	1	5	5.000
CT	980	2	10	10.000
CT	979	2	5	5.000
CT	978	4	8	8.000
CT	977	6	27	27.000
CT	976	2	10	10.000
CT	975	3	15	15.000
CT	974	2	8	8.000
CT	973	5	22	22.000
CT	972	1	9	9.000
CT	971	2	10	10.000
CT	970	4	24	24.000
CT	969	2	8	8.000
CT	968	4	19	19.000
CT	967	1	9	9.000
CT	966	1	6	6.000
CT	965	1	6	6.000
CT	964	1	3	3.000
CT	963	2	11	11.000
CT	962	1	6	6.000
CT	961	0	0	0.000
CT	960	0	0	0.000
CT	959	0	0	0.000
CT	958	0	0	0.000
CT	957	1	0	0.000
CT	956	2	12	12.000
CT	955	0	0	0.000
CT	954	2	9	9.000
CT	953	1	3	3.000
CT	952	1	6	6.000
CT	951	3	12	12.000
CT	950	0	0	0.000
CT	949	2	6	6.000
CT	948	2	7	7.000
CT	947	2	0	0.000
CT	946	0	0	0.000
CT	945	1	0	0.000
CT	944	2	9	9.000
CT	943	1	4	4.000
CT	942	0	0	0.000
CT	941	1	4	4.000
CT	940	0	0	0.000
CT	939	0	0	0.000
CT	938	1	0	0.000
CT	937	2	13	13.000
CT	936	2	10	10.000
CT	935	0	0	0.000
CT	934	3	13	13.000
CT	933	0	0	0.000
CT	932	1	6	6.000
CT	931	1	0	0.000
CT	930	0	0	0.000
CT	929	0	0	0.000
CT	928	1	4	4.000
CT	927	1	0	0.000
CT	926	1	9	9.000
CT	925	1	4	4.000
CT	924	0	0	0.000
CT	923	0	0	0.000
CT	922	0	0	0.000
CT	921	2	0	0.000
CT	920	1	8	8.000
CT	919	0	0	0.000
CT	918	2	16	16.000
CT	917	2	0	0.000
CT	916	2	16	16.000
CT	915	1	0	0.000
CT	914	1	6	6.000
CT	913	1	6	6.000
CT	912	0	0	0.000
CT	911	1	8	8.000
CT	910	1	6	6.000
CT	909	2	16	16.000
CT	908	1	0	0.000
CT	907	0	0	0.000
CT	906	1	5	5.000
CT	905	0	0	0.000
CT	904	1	3	3.000
CT	903	5	9	9.000
CT	902	1	0	0.000
CT	901	4	23	23.000
CT	900	3	12	12.000
CT	899	2	9	9.000
CT	898	3	9	9.000
CT	897	0	0	0.000
CT	896	2	9	9.000
CT	895	2	12	12.000
CT	894	2	3	3.000
CT	893	1	0	0.000
CT	892	3	6	6.000
CT	891	1	3	3.000
CT	890	2	3	3.000
CT	889	0	0	0.000
CT	888	3	12	12.000
CT	887	0	0	0.000
CT	886	3	6	6.000
CT	885	1	5	5.000
CT	884	2	6	6.000
CT	883	3	0	0.000
CT	882	2	11	11.000
CT	881	2	9	9.000
CT	880	5	12	12.000
CT	879	2	7	7.000
CT	878	1	5	5.000
CT	877	4	17	17.000
CT	876	3	10	10.000
CT	875	1	3	3.000
CT	874	1	3	3.000
CT	873	2	8	8.000
CT	872	1	4	4.000
CT	871	2	7	7.000
CT	870	3	4	4.000
CT	869	3	11	11.000
CT	868	1	3	3.000
CT	867	3	3	3.000
CT	866	2	6	6.000
CT	865	0	0	0.000
CT	864	0	0	0.000
CT	863	1	3	3.000
CT	862	3	15	15.000
CT	861	0	0	0.000
CT	860	6	20	20.000
CT	859	1	2	2.000
CT	858	1	0	0.000
CT	857	3	11	11.000
CT	856	0	0	0.000
CT	855	2	5	5.000
CT	854	3	17	17.000
CT	853	1	3	3.000
CT	852	0	0	0.000
CT	851	1	6	6.000
CT	850	6	19	19.000
CT	849	3	7	7.000
CT	848	3	12	12.000
CT	847	1	3	3.000
CT	846	1	0	0.000
CT	845	4	12	12.000
CT	844	4	14	14.000
CT	843	0	0	0.000
CT	842	2	10	10.000
CT	841	4	8	8.000
CT	840	0	0	0.000
CT	839	4	13	13.000
CT	838	4	7	7.000
CT	837	3	12	12.000
CT	836	1	2	2.000
CT	835	2	4	4.000
CT	834	1	6	6.000
CT	833	4	6	6.000
CT	832	1	0	0.000
CT	831	1	6	6.000
CT	830	3	10	10.000
CT	829	2	13	13.000
CT	828	2	4	4.000
CT	827	1	9	9.000
CT	826	4	14	14.000
CT	825	2	7	7.000
CT	824	0	0	0.000
CT	823	2	8	8.000
CT	822	1	0	0.000
CT	821	9	33	33.000
CT	820	7	26	26.000
CT	819	3	10	10.000
CT	818	2	8	8.000
CT	817	2	7	7.000
CT	816	6	14	14.000
CT	815	6	35	35.000
CT	814	3	12	12.000
CT	813	4	11	11.000
CT	812	2	9	9.000
CT	811	3	19	19.000
CT	810	5	17	17.000
CT	809	4	12	12.000
CT	808	9	33	33.000
CT	807	4	8	8.000
CT	806	7	28	28.000
CT	805	3	12	12.000
CT	804	4	12	12.000
CT	803	4	10	10.000
CT	802	4	31	31.000
CT	801	5	16	16.000
CT	800	6	26	26.000
CT	799	4	15	15.000
CT	798	6	21	21.000
CT	797	5	15	15.000
CT	796	2	4	4.000
CT	795	4	21	21.000
CT	794	2	8	8.000
CT	793	3	12	12.000
CT	792	4	16	16.000
CT	791	3	11	11.000
CT	790	5	17	17.000
CT	789	9	32	32.000
CT	788	4	4	4.000
CT	787	4	16	16.000
CT	786	7	19	19.000
CT	785	3	7	7.000
CT	784	4	16	16.000
CT	783	5	16	16.000
CT	782	2	10	10.000
CT	781	5	16	16.000
CT	780	2	4	4.000
CT	779	3	8	8.000
CT	778	3	10	10.000
CT	777	6	23	23.000
CT	776	4	14	14.000
CT	775	6	19	19.000
CT	774	6	16	16.000
CT	773	1	2	2.000
CT	772	2	6	6.000
CT	771	5	14	14.000
CT	770	8	27	27.000
CT	769	8	22	22.000
CT	768	4	14	14.000
CT	767	3	5	5.000
CT	766	2	7	7.000
CT	765	1	4	4.000
CT	764	4	14	14.000
CT	763	8	28	28.000
CT	762	5	19	19.000
CT	761	2	8	8.000
CT	760	7	21	21.000
CT	759	5	14	14.000
CT	758	7	23	23.000
CT	757	3	10	10.000
CT	756	7	23	23.000
CT	755	4	14	14.000
CT	754	10	31	31.000
CT	753	5	11	11.000
CT	752	8	26	26.000
CT	751	7	23	23.000
CT	750	2	5	5.000
CT	749	6	18	18.000
CT	748	6	20	20.000
CT	747	5	11	11.000
CT	746	2	5	5.000
CT	745	8	24	24.000
CT	744	9	41	41.000
CT	743	5	11	11.000
CT	742	11	38	38.000
CT	741	5	19	19.000
CT	740	4	15	15.000
CT	739	6	16	16.000
CT	738	6	16	16.000
CT	737	5	20	20.000
CT	736	8	20	20.000
CT	735	5	12	12.000
CT	734	5	16	16.000
CT	733	4	7	7.000
CT	732	6	17	17.000
CT	731	7	14	14.000
CT	730	8	27	27.000
CT	729	10	29	29.000
CT	728	6	18	18.000
CT	727	5	14	14.000
CT	726	9	19	19.000
CT	725	0	0	0.000
CT	724	2	5	5.000
CT	723	4	9	9.000
CT	722	3	10	10.000
CT	721	12	30	30.000
CT	720	4	18	18.000
CT	719	10	23	23.000
CT	718	3	7	7.000
CT	717	7	30	30.000
CT	716	7	16	16.000
CT	715	8	14	14.000
CT	714	3	8	8.000
CT	713	10	19	19.000
CT	712	5	10	10.000
CT	711	3	9	9.000
CT	710	2	10	10.000
CT	709	9	22	22.000
CT	708	5	3	3.000
CT	707	7	16	16.000
CT	706	4	10	10.000
CT	705	4	8	8.000
CT	704	7	11	11.000
CT	703	9	25	25.000
CT	702	6	10	10.000
CT	701	9	6	6.000
CT	700	8	15	15.000
CT	699	5	8	8.000
CT	698	3	3	3.000
CT	697	4	10	10.000
CT	696	4	8	8.000
CT	695	13	35	35.000
CT	694	8	12	12.000
CT	693	5	14	14.000
CT	692	7	17	17.000
CT	691	10	31	31.000
CT	690	9	16	16.000
CT	689	9	19	19.000
CT	688	9	26	26.000
CT	687	6	7	7.000
CT	686	7	13	13.000
CT	685	6	10	10.000
CT	684	6	15	15.000
CT	683	12	19	19.000
CT	682	11	26	26.000
CT	681	8	21	21.000
CT	680	6	9	9.000
CT	679	14	28	28.000
CT	678	9	12	12.000
CT	677	10	30	30.000
CT	676	9	21	21.000
CT	675	13	22	22.000
CT	674	14	31	31.000
CT	673	7	13	13.000
CT	672	8	8	8.000
CT	671	13	24	24.000
CT	670	11	26	26.000
CT	669	14	19	19.000
CT	668	6	17	17.000
CT	667	9	15	15.000
CT	666	6	10	10.000
CT	665	6	11	11.000
CT	664	13	10	10.000
CT	663	10	26	26.000
CT	662	12	25	25.000
CT	661	16	35	35.000
CT	660	7	18	18.000
CT	659	7	22	22.000
CT	658	8	25	25.000
CT	657	10	16	16.000
CT	656	17	34	34.000
CT	655	14	28	28.000
CT	654	6	9	9.000
CT	653	17	36	36.000
CT	652	9	15	15.000
CT	651	15	33	33.000
CT	650	8	17	17.000
CT	649	10	21	21.000
CT	648	9	19	19.000
CT	647	14	29	29.000
CT	646	20	31	31.000
CT	645	13	18	18.000
CT	644	16	38	38.000
CT	643	19	43	43.000
CT	642	15	28	28.000
CT	641	13	34	34.000
CT	640	16	39	39.000
CT	639	14	27	27.000
CT	638	9	23	23.000
CT	637	18	38	38.000
CT	636	21	41	41.000
CT	635	11	26	26.000
CT	634	12	23	23.000
CT	633	12	32	32.000
CT	632	12	19	19.000
CT	631	9	16	16.000
CT	630	8	14	14.000
CT	629	11	27	27.000
CT	628	8	15	15.000
CT	627	11	23	23.000
CT	626	16	38	38.000
CT	625	17	32	32.000
CT	624	13	24	24.000
CT	623	11	26	26.000
CT	622	9	13	13.000
CT	621	16	36	36.000
CT	620	24	59	59.000
CT	619	15	24	24.000
CT	618	19	31	31.000
CT	617	14	37	37.000
CT	616	15	26	26.000
CT	615	21	32	32.000
CT	614	13	29	29.000
CT	613	15	29	29.000
CT	612	13	20	20.000
CT	611	14	26	26.000
CT	610	16	36	36.000
CT	609	23	63	63.000
CT	608	21	49	49.000
CT	607	20	38	38.000
CT	606	14	28	28.000
CT	605	19	32	32.000
CT	604	16	30	30.000
CT	603	28	54	54.000
CT	602	21	40	40.000
CT	601	11	30	30.000
CT	600	13	23	23.000
CT	599	17	33	33.000
CT	598	27	41	41.000
CT	597	15	21	21.000
CT	596	13	17	17.000
CT	595	19	34	34.000
CT	594	16	22	22.000
CT	593	20	34	34.000
CT	592	14	20	20.000
CT	591	15	28	28.000
CT	590	15	25	25.000
CT	589	21	45	45.000
CT	588	14	25	25.000
CT	587	24	53	53.000
CT	586	15	19	19.000
CT	585	18	25	25.000
CT	584	10	14	14.000
CT	583	17	33	33.000
CT	582	24	46	46.000
CT	581	18	34	34.000
CT	580	19	28	28.000
CT	579	20	40	40.000
CT	578	15	27	27.000
CT	577	18	22	22.000
CT	576	17	34	34.000
CT	575	33	55	55.000
CT	574	28	49	49.000
CT	573	25	53	53.000
CT	572	24	46	46.000
CT	571	24	42	42.000
CT	570	16	30	30.000
CT	569	30	64	64.000
CT	568	32	67	67.000
CT	567	26	48	48.000
CT	566	36	67	67.000
CT	565	24	52	52.000
CT	564	23	51	51.000
CT	563	16	28	28.000
CT	562	19	37	37.000
CT	561	21	43	43.000
CT	560	34	69	69.000
CT	559	28	49	49.000
CT	558	30	56	56.000
CT	557	38	77	77.000
CT	556	34	66	66.000
CT	555	34	69	69.000
CT	554	34	83	83.000
CT	553	33	47	47.000
CT	552	33	69	69.000
CT	551	35	68	68.000
CT	550	29	62	62.000
CT	549	45	83	83.000
CT	548	50	91	91.000
CT	547	38	68	68.000
CT	546	44	81	81.000
CT	545	44	83	83.000
CT	544	39	69	69.000
CT	543	43	61	61.000
CT	542	36	60	60.000
CT	541	34	53	53.000
CT	540	44	69	69.000
CT	539	44	86	86.000
CT	538	34	58	58.000
CT	537	51	76	76.000
CT	536	44	64	64.000
CT	535	55	95	95.000
CT	534	59	91	91.000
CT	533	54	81	81.000
CT	532	56	80	80.000
CT	531	71	117	117.000
CT	530	49	69	69.000
CT	529	58	84	84.000
CT	528	59	87	87.000
CT	527	55	75	75.000
CT	526	58	78	78.000
CT	525	70	93	93.000
CT	524	46	67	67.000
CT	523	57	76	76.000
CT	522	71	91	91.000
CT	521	72	97	97.000
CT	520	72	93	93.000
CT	519	72	88	88.000
CT	518	65	85	85.000
CT	517	80	97	97.000
CT	516	63	86	86.000
CT	515	66	90	90.000
CT	514	81	98	98.000
CT	513	70	85	85.000
CT	512	72	83	83.000
CT	511	94	102	102.000
CT	510	87	103	103.000
CT	509	92	110	110.000
CT	508	102	120	120.000
CT	507	100	130	130.000
CT	506	95	119	119.000
CT	505	101	108	108.000
CT	504	93	108	108.000
CT	503	105	120	120.000
CT	502	93	105	105.000
CT	501	94	105	105.000
CT	500	107	123	123.000
CT	499	92	103	103.000
CT	498	101	115	115.000
CT	497	110	130	130.000
CT	496	110	127	127.000
CT	495	110	129	129.000
CT	494	122	147	147.000
CT	493	126	156	156.000
CT	492	118	144	144.000
CT	491	124	137	137.000
CT	490	104	123	123.000
CT	489	114	127	127.000
CT	488	131	163	163.000
CT	487	108	121	121.000
CT	486	121	139	139.000
CT	485	128	140	140.000
CT	484	135	153	153.000
CT	483	132	141	141.000
CT	482	138	163	163.000
CT	481	143	158	158.000
CT	480	145	173	173.000
CT	479	156	182	182.000
CT	478	158	179	179.000
CT	477	169	193	193.000
CT	476	173	185	185.000
CT	475	137	163	163.000
CT	474	142	162	162.000
CT	473	202	247	247.000
CT	472	188	228	228.000
CT	471	202	234	234.000
CT	470	214	257	257.000
CT	469	193	240	240.000
CT	468	198	234	234.000
CT	467	219	270	270.000
CT	466	221	272	272.000
CT	465	218	252	252.000
CT	464	215	253	253.000
CT	463	249	279	279.000
CT	462	266	299	299.000
CT	461	307	353	353.000
CT	460	292	321	321.000
CT	459	325	349	349.000
CT	458	282	304	304.000
CT	457	298	324	324.000
CT	456	359	400	400.000
CT	455	347	373	373.000
CT	454	331	357	357.000
CT	453	362	382	382.000
CT	452	359	385	385.000
CT	451	383	410	410.000
CT	450	361	384	384.000
CT	449	396	415	415.000
CT	448	424	453	453.000
CT	447	434	463	463.000
CT	446	472	510	510.000
CT	445	443	475	475.000
CT	444	497	543	543.000
CT	443	478	511	511.000
CT	442	522	548	548.000
CT	441	519	541	541.000
CT	440	605	620	620.000
CT	439	583	603	603.000
CT	438	589	628	628.000
CT	437	618	636	636.000
CT	436	600	611	611.000
CT	435	617	647	647.000
CT	434	657	685	685.000
CT	433	706	732	732.000
CT	432	675	716	716.000
CT	431	697	719	719.000
CT	430	713	741	741.000
CT	429	758	794	794.000
CT	428	794	813	813.000
CT	427	823	858	858.000
CT	426	826	842	842.000
CT	425	869	909	909.000
CT	424	849	879	879.000
CT	423	971	1003	1003.000
CT	422	923	953	953.000
CT	421	991	1020	1020.000
CT	420	982	1003	1003.000
CT	419	1035	1053	1053.000
CT	418	1047	1069	1069.000
CT	417	1109	1122	1122.000
CT	416	1091	1127	1127.000
CT	415	1133	1147	1147.000
CT	414	1172	1203	1203.000
CT	413	1258	1277	1277.000
CT	412	1298	1320	1320.000
CT	411	1253	1270	1270.000
CT	410	1427	1437	1437.000
CT	409	1377	1402	1402.000
CT	408	1390	1400	1400.000
CT	407	1418	1422	1422.000
CT	406	1410	1418	1418.000
CT	405	1523	1536	1536.000
CT	404	1575	1595	1595.000
CT	403	1590	1605	1605.000
CT	402	1590	1622	1622.000
CT	401	1690	1703	1703.000
CT	400	1669	1685	1685.000
CT	399	1768	1786	1786.000
CT	398	1804	1813	1813.000
CT	397	1778	1790	1790.000
CT	396	1900	1913	1913.000
CT	395	1875	1888	1888.000
CT	394	1898	1911	1911.000
CT	393	2053	2056	2056.000
CT	392	2098	2110	2110.000
CT	391	2113	2124	2124.000
CT	390	2187	2201	2201.000
CT	389	2324	2330	2330.000
CT	388	2291	2302	2302.000
CT	387	2431	2448	2448.000
CT	386	2495	2511	2511.000
CT	385	2529	2547	2547.000
CT	384	2409	2436	2436.000
CT	383	2550	2579	2579.000
CT	382	2556	2580	2580.000
CT	381	2594	2610	2610.000
CT	380	2797	2824	2824.000
CT	379	2699	2721	2721.000
CT	378	2740	2749	2749.000
CT	377	2773	2789	2789.000
CT	376	2894	2915	2915.000
CT	375	2936	2957	2957.000
CT	374	2993	3018	3018.000
CT	373	3079	3101	3101.000
CT	372	3199	3212	3212.000
CT	371	3197	3213	3213.000
CT	370	3381	3397	3397.000
CT	369	3550	3571	3571.000
CT	368	3518	3539	3539.000
CT	367	3650	3673	3673.000
CT	366	3716	3737	3737.000
CT	365	3844	3858	3858.000
CT	364	3979	4001	4001.000
CT	363	4042	4071	4071.000
CT	362	4174	4202	4202.000
CT	361	4316	4339	4339.000
CT	360	4426	4442	4442.000
CT	359	4566	4582	4582.000
CT	358	4603	4629	4629.000
CT	357	4768	4799	4799.000
CT	356	4985	5003	5003.000
CT	355	5021	5052	5052.000
CT	354	5103	5137	5137.000
CT	353	5125	5167	5167.000
CT	352	5202	5220	5220.000
CT	351	5549	5588	5588.000
CT	350	5596	5621	5621.000
CT	349	5599	5603	5603.000
CT	348	5828	5850	5850.000
CT	347	5931	5954	5954.000
CT	346	6164	6177	6177.000
CT	345	6298	6312	6312.000
CT	344	6471	6486	6486.000
CT	343	6406	6428	6428.000
CT	342	6758	6778	6778.000
CT	341	6931	6953	6953.000
CT	340	6897	6930	6930.000
CT	339	7229	7261	7261.000
CT	338	7433	7458	7458.000
CT	337	7376	7407	7407.000
CT	336	7660	7699	7699.000
CT	335	7810	7845	7845.000
CT	334	8056	8083	8083.000
CT	333	8167	8192	8192.000
CT	332	8371	8395	8395.000
CT	331	8579	8600	8600.000
CT	330	8753	8788	8788.000
CT	329	8885	8917	8917.000
CT	328	9270	9304	9304.000
CT	327	9332	9350	9350.000
CT	326	9572	9604	9604.000
CT	325	9733	9756	9756.000
CT	324	9856	9880	9880.000
CT	323	10102	10129	10129.000
CT	322	10469	10494	10494.000
CT	321	10539	10554	10554.000
CT	320	10709	10728	10728.000
CT	319	10871	10894	10894.000
CT	318	11174	11200	11200.000
CT	317	11455	11466	11466.000
CT	316	11557	11587	11587.000
CT	315	11976	11992	11992.000
CT	314	12249	12275	12275.000
CT	313	12449	12488	12488.000
CT	312	12728	12762	12762.000
CT	311	13281	13308	13308.000
CT	310	13420	13453	13453.000
CT	309	13559	13593	13593.000
CT	308	13775	13806	13806.000
CT	307	13974	14021	14021.000
CT	306	14329	14362	14362.000
CT	305	14585	14630	14630.000
CT	304	14944	14979	14979.000
CT	303	15264	15294	15294.000
CT	302	15343	15372	15372.000
CT	301	15442	15473	15473.000
CT	300	15852	15878	15878.000
CT	299	15904	15937	15937.000
CT	298	16376	16394	16394.000
CT	297	16569	16585	16585.000
CT	296	17118	17133	17133.000
CT	295	17201	17218	17218.000
CT	294	17177	17189	17189.000
CT	293	17557	17573	17573.000
CT	292	17919	17942	17942.000
CT	291	18509	18538	18538.000
CT	290	19086	19101	19101.000
CT	289	19146	19153	19153.000
CT	288	19470	19486	19486.000
CT	287	19757	19777	19777.000
CT	286	20255	20285	20285.000
CT	285	20554	20574	20574.000
CT	284	20641	20661	20661.000
CT	283	20760	20776	20776.000
CT	282	20927	20952	20952.000
CT	281	21360	21384	21384.000
CT	280	21806	21826	21826.000
CT	279	22191	22209	22209.000
CT	278	22024	22046	22046.000
CT	277	22696	22709	22709.000
CT	276	23040	23049	23049.000
CT	275	23083	23086	23086.000
CT	274	23240	23251	23251.000
CT	273	24053	24065	24065.000
CT	272	24178	24187	24187.000
CT	271	24230	24238	24238.000
CT	270	24666	24687	24687.000
CT	269	24962	24974	24974.000
CT	268	25196	25218	25218.000
CT	267	25604	25612	25612.000
CT	266	25793	25809	25809.000
CT	265	26136	26146	26146.000
CT	264	26541	26553	26553.000
CT	263	26770	26793	26793.000
CT	262	26725	26743	26743.000
CT	261	27168	27198	27198.000
CT	260	27446	27460	27460.000
CT	259	27533	27550	27550.000
CT	258	28000	28030	28030.000
CT	257	27568	27582	27582.000
CT	256	28087	28108	28108.000
CT	255	28035	28054	28054.000
CT	254	28272	28293	28293.000
CT	253	28340	28366	28366.000
CT	252	28957	28976	28976.000
CT	251	29215	29236	29236.000
CT	250	29235	29253	29253.000
CT	249	29618	29627	29627.000
CT	248	29728	29724	29724.000
CT	247	29615	29628	29628.000
CT	246	30087	30089	30089.000
CT	245	29593	29601	29601.000
CT	244	29850	29853	29853.000
CT	243	29934	29933	29933.000
CT	242	30062	30065	30065.000
CT	241	30209	30207	30207.000
CT	240	30455	30455	30455.000
CT	239	30569	30579	30579.000
CT	238	30474	30480	30480.000
CT	237	30161	30160	30160.000
CT	236	30716	30729	30729.000
CT	235	30677	30690	30690.000
CT	234	30458	30472	30472.000
CT	233	30648	30652	30652.000
CT	232	30850	30862	30862.000
CT	231	30818	30820	30820.000
CT	230	30900	30896	30896.000
CT	229	30572	30571	30571.000
CT	228	30782	30786	30786.000
CT	227	30539	30538	30538.000
CT	226	30657	30655	30655.000
CT	225	30411	30410	30410.000
CT	224	30283	30289	30289.000
CT	223	29914	29928	29928.000
CT	222	30062	30065	30065.000
CT	221	30123	30136	30136.000
CT	220	29431	29437	29437.000
CT	219	29626	29637	29637.000
CT	218	28889	28900	28900.000
CT	217	29141	29148	29148.000
CT	216	29169	29168	29168.000
CT	215	28626	28630	28630.000
CT	214	28884	28885	28885.000
CT	213	28590	28605	28605.000
CT	212	28442	28446	28446.000
CT	211	27984	27981	27981.000
CT	210	27685	27690	27690.000
CT	209	27592	27593	27593.000
CT	208	27403	27403	27403.000
CT	207	26955	26943	26943.000
CT	206	26075	26080	26080.000
CT	205	26339	26327	26327.000
CT	204	25576	25573	25573.000
CT	203	25433	25424	25424.000
CT	202	25244	25242	25242.000
CT	201	25163	25152	25152.000
CT	200	24479	24475	24475.000
CT	199	24376	24373	24373.000
CT	198	24158	24153	24153.000
CT	197	23758	23753	23753.000
CT	196	23512	23505	23505.000
CT	195	23312	23310	23310.000
CT	194	22960	22954	22954.000
CT	193	22445	22434	22434.000
CT	192	22243	22236	22236.000
CT	191	21254	21245	21245.000
CT	190	21361	21346	21346.000
CT	189	20928	20921	20921.000
CT	188	20551	20550	20550.000
CT	187	19832	19823	19823.000
CT	186	19568	19559	19559.000
CT	185	19161	19158	19158.000
CT	184	18925	18911	18911.000
CT	183	18300	18285	18285.000
CT	182	17784	17774	17774.000
CT	181	17508	17495	17495.000
CT	180	17016	17010	17010.000
CT	179	16542	16532	16532.000
CT	178	15882	15878	15878.000
CT	177	15669	15663	15663.000
CT	176	15302	15286	15286.000
CT	175	15081	15069	15069.000
CT	174	14224	14213	14213.000
CT	173	13831	13822	13822.000
CT	172	13462	13459	13459.000
CT	171	12999	12996	12996.000
CT	170	12597	12599	12599.000
CT	169	12332	12325	12325.000
CT	168	11864	11860	11860.000
CT	167	11412	11404	11404.000
CT	166	11104	11099	11099.000
CT	165	10814	10812	10812.000
CT	164	10306	10298	10298.000
CT	163	9948	9946	9946.000
CT	162	9774	9771	9771.000
CT	161	9233	9224	9224.000
CT	160	8828	8821	8821.000
CT	159	8567	8555	8555.000
CT	158	8195	8190	8190.000
CT	157	7758	7757	7757.000
CT	156	7475	7467	7467.000
CT	155	6979	6975	6975.000
CT	154	6672	6662	6662.000
CT	153	6447	6430	6430.000
CT	152	6225	6212	6212.000
CT	151	5878	5872	5872.000
CT	150	5605	5593	5593.000
CT	149	5311	5302	5302.000
CT	148	5243	5233	5233.000
CT	147	4830	4818	4818.000
CT	146	4555	4550	4550.000
CT	145	4469	4456	4456.000
CT	144	4299	4294	4294.000
CT	143	4092	4082	4082.000
CT	142	3890	3874	3874.000
CT	141	3572	3562	3562.000
CT	140	3484	3472	3472.000
CT	139	3236	3220	3220.000
CT	138	3014	2994	2994.000
CT	137	2824	2808	2808.000
CT	136	2685	2680	2680.000
CT	135	2560	2552	2552.000
CT	134	2509	2496	2496.000
CT	133	2346	2330	2330.000
CT	132	2132	2119	2119.000
CT	131	1985	1968	1968.000
CT	130	1773	1749	1749.000
CT	129	1646	1635	1635.000
CT	128	1496	1483	1483.000
CT	127	1451	1432	1432.000
CT	126	1409	1393	1393.000
CT	125	1319	1299	1299.000
CT	124	1204	1195	1195.000
CT	123	1113	1096	1096.000
CT	122	1047	1036	1036.000
CT	121	1001	984	984.000
CT	120	952	941	941.000
CT	119	806	798	798.000
CT	118	725	720	720.000
CT	117	677	676	676.000
CT	116	698	684	684.000
CT	115	622	616	616.000
CT	114	563	553	553.000
CT	113	539	528	528.000
CT	112	496	487	487.000
CT	111	429	411	411.000
CT	110	401	397	397.000
CT	109	378	364	364.000
CT	108	362	340	340.000
CT	107	345	323	323.000
CT	106	335	316	316.000
CT	105	276	262	262.000
CT	104	236	222	222.000
CT	103	254	242	242.000
CT	102	234	221	221.000
CT	101	206	191	191.000
CT	100	147	132	132.000
CT	99	158	145	145.000
CT	98	143	127	127.000
CT	97	144	123	123.000
CT	96	127	106	106.000
CT	95	168	131	131.000
CT	94	121	89	89.000
CT	93	134	111	111.000
CT	92	130	99	99.000
CT	91	129	94	94.000
CT	90	131	111	111.000
CT	89	123	98	98.000
CT	88	107	86	86.000
CT	87	110	89	89.000
CT	86	119	92	92.000
CT	85	101	69	69.000
CT	84	106	68	68.000
CT	83	97	75	75.000
CT	82	89	61	61.000
CT	81	77	46	46.000
CT	80	78	46	46.000
CT	79	71	41	41.000
CT	78	63	35	35.000
CT	77	56	28	28.000
CT	76	66	37	37.000
CT	75	55	24	24.000
CT	74	54	29	29.000
CT	73	56	25	25.000
CT	72	66	34	34.000
CT	71	45	24	24.000
CT	70	53	28	28.000
CT	69	57	18	18.000
CT	68	47	3	3.000
CT	67	61	13	13.000
CT	66	63	15	15.000
CT	65	44	12	12.000
CT	64	59	11	11.000
CT	63	54	6	6.000
CT	62	51	7	7.000
CT	61	62	12	12.000
CT	60	61	12	12.000
CT	59	68	15	15.000
CT	58	65	8	8.000
CT	57	65	1	1.000
CT	56	79	2	2.000
CT	55	76	0	0.000
CT	54	78	2	2.000
CT	53	73	1	1.000
CT	52	81	0	0.000
CT	51	87	0	0.000
CT	50	80	0	0.000
CT	49	79	0	0.000
CT	48	88	0	0.000
CT	47	82	0	0.000
CT	46	86	0	0.000
CT	45	87	0	0.000
CT	44	95	0	0.000
CT	43	101	0	0.000
CT	42	111	0	0.000
CT	41	116	0	0.000
CT	40	137	0	0.000
CT	39	168	0	0.000
CT	38	176	0	0.000
CT	37	178	0	0.000
CT	36	245	0	0.000
CT	35	230	0	0.000
CT	34	254	0	0.000
CT	33	296	0	0.000
CT	32	352	0	0.000
CT	31	366	0	0.000
CT	30	401	0	0.000
CT	29	425	0	0.000
CT	28	474	0	0.000
CT	27	486	0	0.000
CT	26	675	0	0.000
CT	25	696	0	0.000
CT	24	927	0	0.000
CT	23	1063	0	0.000
CT	22	1233	0	0.000
CT	21	1367	0	0.000
CT	20	1499	0	0.000
CT	19	2102	0	0.000
CT	18	2427	0	0.000
CT	17	3044	0	0.000
CT	16	3763	0	0.000
CT	15	4759	0	0.000
CT	14	6192	0	0.000
CT	13	7668	0	0.000
CT	12	10833	0	0.000
CT	11	14077	0	0.000
CT	10	20485	0	0.000
CT	9	31677	0	0.000
CT	8	51634	0	0.000
CT	7	87550	0	0.000
CT	6	161877	0	0.000
CT	5	327663	0	0.000
CT	4	772439	0	0.000
CT	3	2243893	0	0.000
CT	2	10852149	0	0.000
CT	1	0	0	-nan
CT	0	0	0	-nan
FR	0	0
ER	4252104	0.000
CV	1.000
QV	inf	inf
