HS	1023	0	6423	6423
HS	1022	0	4	6427
HS	1021	0	1	6428
HS	1020	0	0	6428
HS	1019	0	1	6429
HS	1018	0	3	6432
HS	1017	0	0	6432
HS	1016	0	1	6433
HS	1015	0	1	6434
HS	1014	0	1	6435
HS	1013	0	2	6437
HS	1012	0	2	6439
HS	1011	0	3	6442
HS	1010	0	1	6443
HS	1009	0	0	6443
HS	1008	0	0	6443
HS	1007	0	0	6443
HS	1006	0	0	6443
HS	1005	0	0	6443
HS	1004	0	0	6443
HS	1003	0	2	6445
HS	1002	0	2	6447
HS	1001	0	3	6450
HS	1000	0	0	6450
HS	999	0	1	6451
HS	998	0	0	6451
HS	997	0	1	6452
HS	996	0	0	6452
HS	995	0	1	6453
HS	994	0	2	6455
HS	993	0	2	6457
HS	992	0	0	6457
HS	991	0	0	6457
HS	990	0	3	6460
HS	989	0	1	6461
HS	988	0	1	6462
HS	987	0	0	6462
HS	986	0	4	6466
HS	985	0	1	6467
HS	984	0	4	6471
HS	983	0	2	6473
HS	982	0	3	6476
HS	981	0	1	6477
HS	980	0	2	6479
HS	979	0	2	6481
HS	978	0	4	6485
HS	977	0	6	6491
HS	976	0	2	6493
HS	975	0	3	6496
HS	974	0	2	6498
HS	973	0	5	6503
HS	972	0	1	6504
HS	971	0	2	6506
HS	970	0	4	6510
HS	969	0	2	6512
HS	968	0	4	6516
HS	967	0	1	6517
HS	966	0	1	6518
HS	965	0	1	6519
HS	964	0	1	6520
HS	963	0	2	6522
HS	962	0	1	6523
HS	961	0	0	6523
HS	960	0	0	6523
HS	959	0	0	6523
HS	958	0	0	6523
HS	957	0	1	6524
HS	956	0	2	6526
HS	955	0	0	6526
HS	954	0	2	6528
HS	953	0	1	6529
HS	952	0	1	6530
HS	951	0	3	6533
HS	950	0	0	6533
HS	949	0	2	6535
HS	948	0	2	6537
HS	947	0	2	6539
HS	946	0	0	6539
HS	945	0	1	6540
HS	944	0	2	6542
HS	943	0	1	6543
HS	942	0	0	6543
HS	941	0	1	6544
HS	940	0	0	6544
HS	939	0	0	6544
HS	938	0	1	6545
HS	937	0	2	6547
HS	936	0	2	6549
HS	935	0	0	6549
HS	934	0	3	6552
HS	933	0	0	6552
HS	932	0	1	6553
HS	931	0	1	6554
HS	930	0	0	6554
HS	929	0	0	6554
HS	928	0	1	6555
HS	927	0	1	6556
HS	926	0	1	6557
HS	925	0	1	6558
HS	924	0	0	6558
HS	923	0	0	6558
HS	922	0	0	6558
HS	921	0	2	6560
HS	920	0	1	6561
HS	919	0	0	6561
HS	918	0	2	6563
HS	917	0	2	6565
HS	916	0	2	6567
HS	915	0	1	6568
HS	914	0	1	6569
HS	913	0	1	6570
HS	912	0	0	6570
HS	911	0	1	6571
HS	910	0	1	6572
HS	909	0	2	6574
HS	908	0	1	6575
HS	907	0	0	6575
HS	906	0	1	6576
HS	905	0	0	6576
HS	904	0	1	6577
HS	903	0	5	6582
HS	902	0	1	6583
HS	901	0	4	6587
HS	900	0	3	6590
HS	899	0	2	6592
HS	898	0	3	6595
HS	897	0	0	6595
HS	896	0	2	6597
HS	895	0	2	6599
HS	894	0	2	6601
HS	893	0	1	6602
HS	892	0	3	6605
HS	891	0	1	6606
HS	890	0	2	6608
HS	889	0	0	6608
HS	888	0	3	6611
HS	887	0	0	6611
HS	886	0	3	6614
HS	885	0	1	6615
HS	884	0	2	6617
HS	883	0	3	6620
HS	882	0	2	6622
HS	881	0	2	6624
HS	880	0	5	6629
HS	879	0	2	6631
HS	878	0	1	6632
HS	877	0	4	6636
HS	876	0	3	6639
HS	875	0	1	6640
HS	874	0	1	6641
HS	873	0	2	6643
HS	872	0	1	6644
HS	871	0	2	6646
HS	870	0	3	6649
HS	869	0	3	6652
HS	868	0	1	6653
HS	867	0	3	6656
HS	866	0	2	6658
HS	865	0	0	6658
HS	864	0	0	6658
HS	863	0	1	6659
HS	862	0	3	6662
HS	861	0	0	6662
HS	860	0	6	6668
HS	859	0	1	6669
HS	858	0	1	6670
HS	857	0	3	6673
HS	856	0	0	6673
HS	855	0	2	6675
HS	854	0	3	6678
HS	853	0	1	6679
HS	852	0	0	6679
HS	851	0	1	6680
HS	850	0	6	6686
HS	849	0	3	6689
HS	848	0	3	6692
HS	847	0	1	6693
HS	846	0	1	6694
HS	845	0	4	6698
HS	844	0	4	6702
HS	843	0	0	6702
HS	842	0	2	6704
HS	841	0	4	6708
HS	840	0	0	6708
HS	839	0	4	6712
HS	838	0	4	6716
HS	837	0	3	6719
HS	836	0	1	6720
HS	835	0	2	6722
HS	834	0	1	6723
HS	833	0	4	6727
HS	832	0	1	6728
HS	831	0	1	6729
HS	830	0	3	6732
HS	829	0	2	6734
HS	828	0	2	6736
HS	827	0	1	6737
HS	826	0	4	6741
HS	825	0	2	6743
HS	824	0	0	6743
HS	823	0	2	6745
HS	822	0	1	6746
HS	821	0	9	6755
HS	820	0	7	6762
HS	819	0	3	6765
HS	818	0	2	6767
HS	817	0	2	6769
HS	816	0	6	6775
HS	815	0	6	6781
HS	814	0	3	6784
HS	813	0	4	6788
HS	812	0	2	6790
HS	811	0	3	6793
HS	810	0	5	6798
HS	809	0	4	6802
HS	808	0	9	6811
HS	807	0	4	6815
HS	806	0	7	6822
HS	805	0	3	6825
HS	804	0	4	6829
HS	803	0	4	6833
HS	802	0	4	6837
HS	801	0	5	6842
HS	800	0	6	6848
HS	799	0	4	6852
HS	798	0	6	6858
HS	797	0	5	6863
HS	796	0	2	6865
HS	795	0	4	6869
HS	794	0	2	6871
HS	793	0	3	6874
HS	792	0	4	6878
HS	791	0	3	6881
HS	790	0	5	6886
HS	789	0	9	6895
HS	788	0	4	6899
HS	787	0	4	6903
HS	786	0	7	6910
HS	785	0	3	6913
HS	784	0	4	6917
HS	783	0	5	6922
HS	782	0	2	6924
HS	781	0	5	6929
HS	780	0	2	6931
HS	779	0	3	6934
HS	778	0	3	6937
HS	777	0	6	6943
HS	776	0	4	6947
HS	775	0	6	6953
HS	774	0	6	6959
HS	773	0	1	6960
HS	772	0	2	6962
HS	771	0	5	6967
HS	770	0	8	6975
HS	769	0	8	6983
HS	768	0	4	6987
HS	767	0	3	6990
HS	766	0	2	6992
HS	765	0	1	6993
HS	764	0	4	6997
HS	763	0	8	7005
HS	762	0	5	7010
HS	761	0	2	7012
HS	760	0	7	7019
HS	759	0	5	7024
HS	758	0	7	7031
HS	757	0	3	7034
HS	756	0	7	7041
HS	755	0	4	7045
HS	754	0	10	7055
HS	753	0	5	7060
HS	752	0	8	7068
HS	751	0	7	7075
HS	750	0	2	7077
HS	749	0	6	7083
HS	748	0	6	7089
HS	747	0	5	7094
HS	746	0	2	7096
HS	745	0	8	7104
HS	744	0	9	7113
HS	743	0	5	7118
HS	742	0	11	7129
HS	741	0	5	7134
HS	740	0	4	7138
HS	739	0	6	7144
HS	738	0	6	7150
HS	737	0	5	7155
HS	736	0	8	7163
HS	735	0	5	7168
HS	734	0	5	7173
HS	733	0	4	7177
HS	732	0	6	7183
HS	731	0	7	7190
HS	730	0	8	7198
HS	729	0	10	7208
HS	728	0	6	7214
HS	727	0	5	7219
HS	726	0	9	7228
HS	725	0	0	7228
HS	724	0	2	7230
HS	723	0	4	7234
HS	722	0	3	7237
HS	721	0	12	7249
HS	720	0	4	7253
HS	719	0	10	7263
HS	718	0	3	7266
HS	717	0	7	7273
HS	716	0	7	7280
HS	715	0	8	7288
HS	714	0	3	7291
HS	713	0	10	7301
HS	712	0	5	7306
HS	711	0	3	7309
HS	710	0	2	7311
HS	709	0	9	7320
HS	708	0	5	7325
HS	707	0	7	7332
HS	706	0	4	7336
HS	705	0	4	7340
HS	704	0	7	7347
HS	703	0	9	7356
HS	702	0	6	7362
HS	701	0	9	7371
HS	700	0	8	7379
HS	699	0	5	7384
HS	698	0	3	7387
HS	697	0	4	7391
HS	696	0	4	7395
HS	695	0	13	7408
HS	694	0	8	7416
HS	693	0	5	7421
HS	692	0	7	7428
HS	691	0	10	7438
HS	690	0	9	7447
HS	689	0	9	7456
HS	688	0	9	7465
HS	687	0	6	7471
HS	686	0	7	7478
HS	685	0	6	7484
HS	684	0	6	7490
HS	683	0	12	7502
HS	682	0	11	7513
HS	681	0	8	7521
HS	680	0	6	7527
HS	679	0	14	7541
HS	678	0	9	7550
HS	677	0	10	7560
HS	676	0	9	7569
HS	675	0	13	7582
HS	674	0	14	7596
HS	673	0	7	7603
HS	672	0	8	7611
HS	671	0	13	7624
HS	670	0	11	7635
HS	669	0	14	7649
HS	668	0	6	7655
HS	667	0	9	7664
HS	666	0	6	7670
HS	665	0	6	7676
HS	664	0	13	7689
HS	663	0	10	7699
HS	662	0	12	7711
HS	661	0	16	7727
HS	660	0	7	7734
HS	659	0	7	7741
HS	658	0	8	7749
HS	657	0	10	7759
HS	656	0	17	7776
HS	655	0	14	7790
HS	654	0	6	7796
HS	653	0	17	7813
HS	652	0	9	7822
HS	651	0	15	7837
HS	650	0	8	7845
HS	649	0	10	7855
HS	648	0	9	7864
HS	647	0	14	7878
HS	646	0	20	7898
HS	645	0	13	7911
HS	644	0	16	7927
HS	643	0	19	7946
HS	642	0	15	7961
HS	641	0	13	7974
HS	640	0	16	7990
HS	639	0	14	8004
HS	638	0	9	8013
HS	637	0	18	8031
HS	636	0	21	8052
HS	635	0	11	8063
HS	634	0	12	8075
HS	633	0	12	8087
HS	632	0	12	8099
HS	631	0	9	8108
HS	630	0	8	8116
HS	629	0	11	8127
HS	628	0	8	8135
HS	627	0	11	8146
HS	626	0	16	8162
HS	625	0	17	8179
HS	624	0	13	8192
HS	623	0	11	8203
HS	622	0	9	8212
HS	621	0	16	8228
HS	620	0	24	8252
HS	619	0	15	8267
HS	618	0	19	8286
HS	617	0	14	8300
HS	616	0	15	8315
HS	615	0	21	8336
HS	614	0	13	8349
HS	613	0	15	8364
HS	612	0	13	8377
HS	611	0	14	8391
HS	610	0	16	8407
HS	609	0	23	8430
HS	608	0	21	8451
HS	607	0	20	8471
HS	606	0	14	8485
HS	605	0	19	8504
HS	604	0	16	8520
HS	603	0	28	8548
HS	602	0	21	8569
HS	601	0	11	8580
HS	600	0	13	8593
HS	599	0	17	8610
HS	598	0	27	8637
HS	597	0	15	8652
HS	596	0	13	8665
HS	595	0	19	8684
HS	594	0	16	8700
HS	593	0	20	8720
HS	592	0	14	8734
HS	591	0	15	8749
HS	590	0	15	8764
HS	589	0	21	8785
HS	588	0	14	8799
HS	587	0	24	8823
HS	586	0	15	8838
HS	585	0	18	8856
HS	584	0	10	8866
HS	583	0	17	8883
HS	582	0	24	8907
HS	581	0	18	8925
HS	580	0	19	8944
HS	579	0	20	8964
HS	578	0	15	8979
HS	577	0	18	8997
HS	576	0	17	9014
HS	575	0	33	9047
HS	574	0	28	9075
HS	573	0	25	9100
HS	572	0	24	9124
HS	571	0	24	9148
HS	570	0	16	9164
HS	569	0	30	9194
HS	568	0	32	9226
HS	567	0	26	9252
HS	566	0	36	9288
HS	565	0	24	9312
HS	564	0	23	9335
HS	563	0	16	9351
HS	562	0	19	9370
HS	561	0	21	9391
HS	560	0	34	9425
HS	559	0	28	9453
HS	558	0	30	9483
HS	557	0	38	9521
HS	556	0	34	9555
HS	555	0	34	9589
HS	554	0	34	9623
HS	553	0	33	9656
HS	552	0	33	9689
HS	551	0	35	9724
HS	550	0	29	9753
HS	549	0	45	9798
HS	548	0	50	9848
HS	547	0	38	9886
HS	546	0	44	9930
HS	545	0	44	9974
HS	544	0	39	10013
HS	543	0	43	10056
HS	542	0	36	10092
HS	541	0	34	10126
HS	540	0	44	10170
HS	539	0	44	10214
HS	538	0	34	10248
HS	537	0	51	10299
HS	536	0	44	10343
HS	535	0	55	10398
HS	534	0	59	10457
HS	533	0	54	10511
HS	532	0	56	10567
HS	531	0	71	10638
HS	530	0	49	10687
HS	529	0	58	10745
HS	528	0	59	10804
HS	527	0	55	10859
HS	526	0	58	10917
HS	525	0	70	10987
HS	524	0	46	11033
HS	523	0	57	11090
HS	522	0	71	11161
HS	521	0	72	11233
HS	520	0	72	11305
HS	519	0	72	11377
HS	518	0	65	11442
HS	517	0	80	11522
HS	516	0	63	11585
HS	515	0	66	11651
HS	514	0	81	11732
HS	513	0	70	11802
HS	512	0	72	11874
HS	511	0	94	11968
HS	510	0	87	12055
HS	509	0	92	12147
HS	508	0	102	12249
HS	507	0	100	12349
HS	506	0	95	12444
HS	505	0	101	12545
HS	504	0	93	12638
HS	503	0	105	12743
HS	502	0	93	12836
HS	501	0	94	12930
HS	500	0	107	13037
HS	499	0	92	13129
HS	498	0	101	13230
HS	497	0	110	13340
HS	496	0	110	13450
HS	495	0	110	13560
HS	494	0	122	13682
HS	493	0	126	13808
HS	492	0	118	13926
HS	491	0	124	14050
HS	490	0	104	14154
HS	489	0	114	14268
HS	488	0	131	14399
HS	487	0	108	14507
HS	486	0	121	14628
HS	485	0	128	14756
HS	484	0	135	14891
HS	483	0	132	15023
HS	482	0	138	15161
HS	481	0	143	15304
HS	480	0	145	15449
HS	479	0	156	15605
HS	478	0	158	15763
HS	477	0	169	15932
HS	476	0	173	16105
HS	475	0	137	16242
HS	474	0	142	16384
HS	473	0	202	16586
HS	472	0	188	16774
HS	471	0	202	16976
HS	470	0	214	17190
HS	469	0	193	17383
HS	468	0	198	17581
HS	467	0	219	17800
HS	466	0	221	18021
HS	465	0	218	18239
HS	464	0	215	18454
HS	463	0	249	18703
HS	462	0	266	18969
HS	461	0	307	19276
HS	460	0	292	19568
HS	459	0	325	19893
HS	458	0	282	20175
HS	457	0	298	20473
HS	456	0	359	20832
HS	455	0	347	21179
HS	454	0	331	21510
HS	453	0	362	21872
HS	452	0	359	22231
HS	451	0	383	22614
HS	450	0	361	22975
HS	449	0	396	23371
HS	448	0	424	23795
HS	447	0	434	24229
HS	446	0	472	24701
HS	445	0	443	25144
HS	444	0	497	25641
HS	443	0	478	26119
HS	442	0	522	26641
HS	441	0	519	27160
HS	440	0	605	27765
HS	439	0	583	28348
HS	438	0	589	28937
HS	437	0	618	29555
HS	436	0	600	30155
HS	435	0	617	30772
HS	434	0	657	31429
HS	433	0	706	32135
HS	432	0	675	32810
HS	431	0	697	33507
HS	430	0	713	34220
HS	429	0	758	34978
HS	428	0	794	35772
HS	427	0	823	36595
HS	426	0	826	37421
HS	425	0	869	38290
HS	424	0	849	39139
HS	423	0	971	40110
HS	422	0	923	41033
HS	421	0	991	42024
HS	420	0	982	43006
HS	419	0	1035	44041
HS	418	0	1047	45088
HS	417	0	1109	46197
HS	416	0	1091	47288
HS	415	0	1133	48421
HS	414	0	1172	49593
HS	413	0	1258	50851
HS	412	0	1298	52149
HS	411	0	1253	53402
HS	410	0	1427	54829
HS	409	0	1377	56206
HS	408	0	1390	57596
HS	407	0	1418	59014
HS	406	0	1410	60424
HS	405	0	1523	61947
HS	404	0	1575	63522
HS	403	0	1590	65112
HS	402	0	1590	66702
HS	401	0	1690	68392
HS	400	0	1669	70061
HS	399	0	1768	71829
HS	398	0	1804	73633
HS	397	0	1778	75411
HS	396	0	1900	77311
HS	395	0	1875	79186
HS	394	0	1898	81084
HS	393	0	2053	83137
HS	392	0	2098	85235
HS	391	0	2113	87348
HS	390	0	2187	89535
HS	389	0	2324	91859
HS	388	0	2291	94150
HS	387	0	2431	96581
HS	386	0	2495	99076
HS	385	0	2529	101605
HS	384	0	2409	104014
HS	383	0	2550	106564
HS	382	0	2556	109120
HS	381	0	2594	111714
HS	380	0	2797	114511
HS	379	0	2699	117210
HS	378	0	2740	119950
HS	377	0	2773	122723
HS	376	0	2894	125617
HS	375	0	2936	128553
HS	374	0	2993	131546
HS	373	0	3079	134625
HS	372	0	3199	137824
HS	371	0	3197	141021
HS	370	0	3381	144402
HS	369	0	3550	147952
HS	368	0	3518	151470
HS	367	0	3650	155120
HS	366	0	3716	158836
HS	365	0	3844	162680
HS	364	0	3979	166659
HS	363	0	4042	170701
HS	362	0	4174	174875
HS	361	0	4316	179191
HS	360	0	4426	183617
HS	359	0	4566	188183
HS	358	0	4603	192786
HS	357	0	4768	197554
HS	356	0	4985	202539
HS	355	0	5021	207560
HS	354	0	5103	212663
HS	353	0	5125	217788
HS	352	0	5202	222990
HS	351	0	5549	228539
HS	350	0	5596	234135
HS	349	0	5599	239734
HS	348	0	5828	245562
HS	347	0	5931	251493
HS	346	0	6164	257657
HS	345	0	6298	263955
HS	344	0	6471	270426
HS	343	0	6406	276832
HS	342	0	6758	283590
HS	341	0	6931	290521
HS	340	0	6897	297418
HS	339	0	7229	304647
HS	338	0	7433	312080
HS	337	0	7376	319456
HS	336	0	7660	327116
HS	335	0	7810	334926
HS	334	0	8056	342982
HS	333	0	8167	351149
HS	332	0	8371	359520
HS	331	0	8579	368099
HS	330	0	8753	376852
HS	329	0	8885	385737
HS	328	0	9270	395007
HS	327	0	9332	404339
HS	326	0	9572	413911
HS	325	0	9733	423644
HS	324	0	9856	433500
HS	323	0	10102	443602
HS	322	0	10469	454071
HS	321	0	10539	464610
HS	320	0	10709	475319
HS	319	0	10871	486190
HS	318	0	11174	497364
HS	317	0	11455	508819
HS	316	0	11557	520376
HS	315	0	11976	532352
HS	314	0	12249	544601
HS	313	0	12449	557050
HS	312	0	12728	569778
HS	311	0	13281	583059
HS	310	0	13420	596479
HS	309	0	13559	610038
HS	308	0	13775	623813
HS	307	0	13974	637787
HS	306	0	14329	652116
HS	305	0	14585	666701
HS	304	0	14944	681645
HS	303	0	15264	696909
HS	302	0	15343	712252
HS	301	0	15442	727694
HS	300	0	15852	743546
HS	299	0	15904	759450
HS	298	0	16376	775826
HS	297	0	16569	792395
HS	296	0	17118	809513
HS	295	0	17201	826714
HS	294	0	17177	843891
HS	293	0	17557	861448
HS	292	0	17919	879367
HS	291	0	18509	897876
HS	290	0	19086	916962
HS	289	0	19146	936108
HS	288	0	19470	955578
HS	287	0	19757	975335
HS	286	0	20255	995590
HS	285	0	20554	1016144
HS	284	0	20641	1036785
HS	283	0	20760	1057545
HS	282	0	20927	1078472
HS	281	0	21360	1099832
HS	280	0	21806	1121638
HS	279	0	22191	1143829
HS	278	0	22024	1165853
HS	277	0	22696	1188549
HS	276	0	23040	1211589
HS	275	0	23083	1234672
HS	274	0	23240	1257912
HS	273	0	24053	1281965
HS	272	0	24178	1306143
HS	271	0	24230	1330373
HS	270	0	24666	1355039
HS	269	0	24962	1380001
HS	268	0	25196	1405197
HS	267	0	25604	1430801
HS	266	0	25793	1456594
HS	265	0	26136	1482730
HS	264	0	26541	1509271
HS	263	0	26770	1536041
HS	262	0	26725	1562766
HS	261	0	27168	1589934
HS	260	0	27446	1617380
HS	259	0	27533	1644913
HS	258	0	28000	1672913
HS	257	0	27568	1700481
HS	256	0	28087	1728568
HS	255	0	28035	1756603
HS	254	0	28272	1784875
HS	253	0	28340	1813215
HS	252	0	28957	1842172
HS	251	0	29215	1871387
HS	250	0	29235	1900622
HS	249	0	29618	1930240
HS	248	0	29728	1959968
HS	247	0	29615	1989583
HS	246	0	30087	2019670
HS	245	0	29593	2049263
HS	244	0	29850	2079113
HS	243	0	29934	2109047
HS	242	0	30062	2139109
HS	241	0	30209	2169318
HS	240	0	30455	2199773
HS	239	0	30569	2230342
HS	238	0	30474	2260816
HS	237	0	30161	2290977
HS	236	0	30716	2321693
HS	235	0	30677	2352370
HS	234	0	30458	2382828
HS	233	0	30648	2413476
HS	232	0	30850	2444326
HS	231	0	30818	2475144
HS	230	0	30900	2506044
HS	229	0	30572	2536616
HS	228	0	30782	2567398
HS	227	0	30539	2597937
HS	226	0	30657	2628594
HS	225	0	30411	2659005
HS	224	0	30283	2689288
HS	223	0	29914	2719202
HS	222	0	30062	2749264
HS	221	0	30123	2779387
HS	220	0	29431	2808818
HS	219	0	29626	2838444
HS	218	0	28889	2867333
HS	217	0	29141	2896474
HS	216	0	29169	2925643
HS	215	0	28626	2954269
HS	214	0	28884	2983153
HS	213	0	28590	3011743
HS	212	0	28442	3040185
HS	211	0	27984	3068169
HS	210	0	27685	3095854
HS	209	0	27592	3123446
HS	208	0	27403	3150849
HS	207	0	26955	3177804
HS	206	0	26075	3203879
HS	205	0	26339	3230218
HS	204	0	25576	3255794
HS	203	0	25433	3281227
HS	202	0	25244	3306471
HS	201	0	25163	3331634
HS	200	0	24479	3356113
HS	199	0	24376	3380489
HS	198	0	24158	3404647
HS	197	0	23758	3428405
HS	196	0	23512	3451917
HS	195	0	23312	3475229
HS	194	0	22960	3498189
HS	193	0	22445	3520634
HS	192	0	22243	3542877
HS	191	0	21254	3564131
HS	190	0	21361	3585492
HS	189	0	20928	3606420
HS	188	0	20551	3626971
HS	187	0	19832	3646803
HS	186	0	19568	3666371
HS	185	0	19161	3685532
HS	184	0	18925	3704457
HS	183	0	18300	3722757
HS	182	0	17784	3740541
HS	181	0	17508	3758049
HS	180	0	17016	3775065
HS	179	0	16542	3791607
HS	178	0	15882	3807489
HS	177	0	15669	3823158
HS	176	0	15302	3838460
HS	175	0	15081	3853541
HS	174	0	14224	3867765
HS	173	0	13831	3881596
HS	172	0	13462	3895058
HS	171	0	12999	3908057
HS	170	0	12597	3920654
HS	169	0	12332	3932986
HS	168	0	11864	3944850
HS	167	0	11412	3956262
HS	166	0	11104	3967366
HS	165	0	10814	3978180
HS	164	0	10306	3988486
HS	163	0	9948	3998434
HS	162	0	9774	4008208
HS	161	0	9233	4017441
HS	160	0	8828	4026269
HS	159	0	8567	4034836
HS	158	0	8195	4043031
HS	157	0	7758	4050789
HS	156	0	7475	4058264
HS	155	0	6979	4065243
HS	154	0	6672	4071915
HS	153	0	6447	4078362
HS	152	0	6225	4084587
HS	151	0	5878	4090465
HS	150	0	5605	4096070
HS	149	0	5311	4101381
HS	148	0	5243	4106624
HS	147	0	4830	4111454
HS	146	0	4555	4116009
HS	145	0	4469	4120478
HS	144	0	4299	4124777
HS	143	0	4092	4128869
HS	142	0	3890	4132759
HS	141	0	3572	4136331
HS	140	0	3484	4139815
HS	139	0	3236	4143051
HS	138	0	3014	4146065
HS	137	0	2824	4148889
HS	136	0	2685	4151574
HS	135	0	2560	4154134
HS	134	0	2509	4156643
HS	133	0	2346	4158989
HS	132	0	2132	4161121
HS	131	0	1985	4163106
HS	130	0	1773	4164879
HS	129	0	1646	4166525
HS	128	0	1496	4168021
HS	127	0	1451	4169472
HS	126	0	1409	4170881
HS	125	0	1319	4172200
HS	124	0	1204	4173404
HS	123	0	1113	4174517
HS	122	0	1047	4175564
HS	121	0	1001	4176565
HS	120	0	952	4177517
HS	119	0	806	4178323
HS	118	0	725	4179048
HS	117	0	677	4179725
HS	116	0	698	4180423
HS	115	0	622	4181045
HS	114	0	563	4181608
HS	113	0	539	4182147
HS	112	0	496	4182643
HS	111	0	429	4183072
HS	110	0	401	4183473
HS	109	0	378	4183851
HS	108	0	362	4184213
HS	107	0	345	4184558
HS	106	0	335	4184893
HS	105	0	276	4185169
HS	104	0	236	4185405
HS	103	0	254	4185659
HS	102	0	234	4185893
HS	101	0	206	4186099
HS	100	0	147	4186246
HS	99	0	158	4186404
HS	98	0	143	4186547
HS	97	0	144	4186691
HS	96	0	127	4186818
HS	95	0	168	4186986
HS	94	0	121	4187107
HS	93	0	134	4187241
HS	92	0	130	4187371
HS	91	0	129	4187500
HS	90	0	131	4187631
HS	89	0	123	4187754
HS	88	0	107	4187861
HS	87	0	110	4187971
HS	86	0	119	4188090
HS	85	0	101	4188191
HS	84	0	106	4188297
HS	83	0	97	4188394
HS	82	0	89	4188483
HS	81	0	77	4188560
HS	80	0	78	4188638
HS	79	0	71	4188709
HS	78	0	63	4188772
HS	77	0	56	4188828
HS	76	0	66	4188894
HS	75	0	55	4188949
HS	74	0	54	4189003
HS	73	0	56	4189059
HS	72	0	66	4189125
HS	71	0	45	4189170
HS	70	0	53	4189223
HS	69	0	57	4189280
HS	68	0	47	4189327
HS	67	0	61	4189388
HS	66	0	63	4189451
HS	65	0	44	4189495
HS	64	0	59	4189554
HS	63	0	54	4189608
HS	62	0	51	4189659
HS	61	0	62	4189721
HS	60	0	61	4189782
HS	59	0	68	4189850
HS	58	0	65	4189915
HS	57	0	65	4189980
HS	56	0	79	4190059
HS	55	0	76	4190135
HS	54	0	78	4190213
HS	53	0	73	4190286
HS	52	0	81	4190367
HS	51	0	87	4190454
HS	50	0	80	4190534
HS	49	0	79	4190613
HS	48	0	88	4190701
HS	47	0	82	4190783
HS	46	0	86	4190869
HS	45	0	87	4190956
HS	44	0	95	4191051
HS	43	0	101	4191152
HS	42	0	111	4191263
HS	41	0	116	4191379
HS	40	0	137	4191516
HS	39	0	168	4191684
HS	38	0	176	4191860
HS	37	0	178	4192038
HS	36	0	245	4192283
HS	35	0	230	4192513
HS	34	0	254	4192767
HS	33	0	296	4193063
HS	32	0	352	4193415
HS	31	0	366	4193781
HS	30	0	401	4194182
HS	29	0	425	4194607
HS	28	0	474	4195081
HS	27	0	486	4195567
HS	26	0	675	4196242
HS	25	0	696	4196938
HS	24	0	927	4197865
HS	23	0	1063	4198928
HS	22	0	1233	4200161
HS	21	0	1367	4201528
HS	20	0	1499	4203027
HS	19	0	2102	4205129
HS	18	0	2427	4207556
HS	17	0	3044	4210600
HS	16	0	3763	4214363
HS	15	0	4759	4219122
HS	14	0	6192	4225314
HS	13	0	7668	4232982
HS	12	0	10833	4243815
HS	11	0	14077	4257892
HS	10	0	20485	4278377
HS	9	0	31677	4310054
HS	8	0	51634	4361688
HS	7	0	87550	4449238
HS	6	0	161877	4611115
HS	5	0	327663	4938778
HS	4	0	772439	5711217
HS	3	0	2243893	7955110
HS	2	0	10852149	18807259
HS	1	0	0	18807259
HS	0	0	0	18807259
