CC	CT  kmer_occurrence    short_read_kmer_count  raw_input_kmer_count  adjusted_input_kmer_count
CC	FR  fpr_lower_bound    fpr_upper_bound
CC	ER  total_input_kmers  adjusted_error_kmers
CC	CV  coverage
CC	QV  raw_quality_value  adjusted_quality_value
CC
SQ	JAUCEY010000007.1	170793	170763	170763	99.00
SQ	JAUCEY010000006.1	305648	305618	305618	99.00
SQ	JAUCEY010000008.1	4914672	4914642	4914522	61.04
CT	1023	25705	178682	178682.000
CT	1022	16	49	49.000
CT	1021	18	66	66.000
CT	1020	20	76	76.000
CT	1019	21	71	71.000
CT	1018	12	44	44.000
CT	1017	23	87	87.000
CT	1016	15	46	46.000
CT	1015	21	75	75.000
CT	1014	14	57	57.000
CT	1013	18	62	62.000
CT	1012	18	73	73.000
CT	1011	22	85	85.000
CT	1010	25	88	88.000
CT	1009	21	70	70.000
CT	1008	28	88	88.000
CT	1007	17	61	61.000
CT	1006	18	69	69.000
CT	1005	15	52	52.000
CT	1004	14	44	44.000
CT	1003	18	66	66.000
CT	1002	12	37	37.000
CT	1001	19	62	62.000
CT	1000	28	106	106.000
CT	999	21	76	76.000
CT	998	22	85	85.000
CT	997	27	109	109.000
CT	996	21	68	68.000
CT	995	25	86	86.000
CT	994	23	75	75.000
CT	993	26	97	97.000
CT	992	30	103	103.000
CT	991	19	67	67.000
CT	990	12	41	41.000
CT	989	17	58	58.000
CT	988	11	45	45.000
CT	987	20	61	61.000
CT	986	12	45	45.000
CT	985	18	78	78.000
CT	984	8	32	32.000
CT	983	14	49	49.000
CT	982	16	65	65.000
CT	981	16	60	60.000
CT	980	20	74	74.000
CT	979	17	66	66.000
CT	978	18	57	57.000
CT	977	15	64	64.000
CT	976	31	111	111.000
CT	975	19	62	62.000
CT	974	25	79	79.000
CT	973	27	93	93.000
CT	972	12	35	35.000
CT	971	31	112	112.000
CT	970	20	62	62.000
CT	969	24	80	80.000
CT	968	24	78	78.000
CT	967	21	71	71.000
CT	966	29	94	94.000
CT	965	19	61	61.000
CT	964	25	92	92.000
CT	963	23	78	78.000
CT	962	25	79	79.000
CT	961	21	72	72.000
CT	960	22	75	75.000
CT	959	18	65	65.000
CT	958	21	62	62.000
CT	957	30	104	104.000
CT	956	19	70	70.000
CT	955	31	93	93.000
CT	954	32	113	113.000
CT	953	33	120	120.000
CT	952	28	91	91.000
CT	951	35	122	122.000
CT	950	23	87	87.000
CT	949	32	112	112.000
CT	948	35	128	128.000
CT	947	27	90	90.000
CT	946	31	92	92.000
CT	945	37	124	124.000
CT	944	22	78	78.000
CT	943	25	100	100.000
CT	942	41	137	137.000
CT	941	34	112	112.000
CT	940	41	146	146.000
CT	939	26	78	78.000
CT	938	35	110	110.000
CT	937	41	133	133.000
CT	936	31	103	103.000
CT	935	31	105	105.000
CT	934	38	123	123.000
CT	933	31	96	96.000
CT	932	34	114	114.000
CT	931	33	101	101.000
CT	930	37	132	132.000
CT	929	33	99	99.000
CT	928	33	111	111.000
CT	927	30	94	94.000
CT	926	32	104	104.000
CT	925	40	136	136.000
CT	924	28	101	101.000
CT	923	30	85	85.000
CT	922	28	92	92.000
CT	921	24	83	83.000
CT	920	23	75	75.000
CT	919	17	51	51.000
CT	918	28	93	93.000
CT	917	34	117	117.000
CT	916	32	106	106.000
CT	915	27	83	83.000
CT	914	38	127	127.000
CT	913	35	109	109.000
CT	912	26	69	69.000
CT	911	24	76	76.000
CT	910	29	93	93.000
CT	909	22	60	60.000
CT	908	22	67	67.000
CT	907	41	136	136.000
CT	906	19	57	57.000
CT	905	29	79	79.000
CT	904	40	132	132.000
CT	903	28	90	90.000
CT	902	19	61	61.000
CT	901	25	82	82.000
CT	900	31	89	89.000
CT	899	34	119	119.000
CT	898	31	106	106.000
CT	897	33	103	103.000
CT	896	25	80	80.000
CT	895	45	142	142.000
CT	894	37	113	113.000
CT	893	31	91	91.000
CT	892	34	99	99.000
CT	891	29	87	87.000
CT	890	32	104	104.000
CT	889	35	102	102.000
CT	888	35	102	102.000
CT	887	30	75	75.000
CT	886	37	110	110.000
CT	885	32	94	94.000
CT	884	43	121	121.000
CT	883	27	93	93.000
CT	882	22	64	64.000
CT	881	30	95	95.000
CT	880	21	57	57.000
CT	879	29	87	87.000
CT	878	25	83	83.000
CT	877	28	90	90.000
CT	876	25	73	73.000
CT	875	22	74	74.000
CT	874	27	79	79.000
CT	873	41	120	120.000
CT	872	39	122	122.000
CT	871	31	92	92.000
CT	870	47	146	146.000
CT	869	45	149	149.000
CT	868	38	132	132.000
CT	867	25	82	82.000
CT	866	36	120	120.000
CT	865	26	84	84.000
CT	864	30	99	99.000
CT	863	27	95	95.000
CT	862	34	118	118.000
CT	861	37	121	121.000
CT	860	32	100	100.000
CT	859	36	117	117.000
CT	858	25	84	84.000
CT	857	31	92	92.000
CT	856	35	103	103.000
CT	855	40	108	108.000
CT	854	25	84	84.000
CT	853	33	98	98.000
CT	852	30	104	104.000
CT	851	38	126	126.000
CT	850	37	118	118.000
CT	849	38	123	123.000
CT	848	34	111	111.000
CT	847	31	96	96.000
CT	846	43	131	131.000
CT	845	46	147	147.000
CT	844	31	99	99.000
CT	843	43	133	133.000
CT	842	44	139	139.000
CT	841	56	177	177.000
CT	840	42	128	128.000
CT	839	29	80	80.000
CT	838	39	117	117.000
CT	837	61	191	191.000
CT	836	32	112	112.000
CT	835	31	103	103.000
CT	834	41	131	131.000
CT	833	37	111	111.000
CT	832	42	137	137.000
CT	831	45	139	139.000
CT	830	36	112	112.000
CT	829	49	161	161.000
CT	828	38	110	110.000
CT	827	39	107	107.000
CT	826	40	124	124.000
CT	825	46	140	140.000
CT	824	50	155	155.000
CT	823	34	91	91.000
CT	822	45	138	138.000
CT	821	50	144	144.000
CT	820	36	108	108.000
CT	819	35	98	98.000
CT	818	41	127	127.000
CT	817	38	111	111.000
CT	816	48	130	130.000
CT	815	34	105	105.000
CT	814	43	117	117.000
CT	813	46	133	133.000
CT	812	46	127	127.000
CT	811	46	138	138.000
CT	810	48	129	129.000
CT	809	46	121	121.000
CT	808	48	132	132.000
CT	807	29	90	90.000
CT	806	48	140	140.000
CT	805	46	120	120.000
CT	804	44	111	111.000
CT	803	35	92	92.000
CT	802	42	105	105.000
CT	801	50	119	119.000
CT	800	40	116	116.000
CT	799	36	88	88.000
CT	798	38	104	104.000
CT	797	37	93	93.000
CT	796	36	90	90.000
CT	795	36	103	103.000
CT	794	39	99	99.000
CT	793	45	114	114.000
CT	792	51	120	120.000
CT	791	47	113	113.000
CT	790	37	87	87.000
CT	789	28	73	73.000
CT	788	39	102	102.000
CT	787	44	108	108.000
CT	786	49	114	114.000
CT	785	50	124	124.000
CT	784	44	113	113.000
CT	783	42	95	95.000
CT	782	41	93	93.000
CT	781	47	109	109.000
CT	780	41	101	101.000
CT	779	50	112	112.000
CT	778	46	116	116.000
CT	777	56	125	125.000
CT	776	43	110	110.000
CT	775	50	125	125.000
CT	774	45	91	91.000
CT	773	45	101	101.000
CT	772	41	100	100.000
CT	771	39	92	92.000
CT	770	51	124	124.000
CT	769	42	94	94.000
CT	768	40	96	96.000
CT	767	49	109	109.000
CT	766	52	113	113.000
CT	765	36	83	83.000
CT	764	60	123	123.000
CT	763	62	137	137.000
CT	762	59	120	120.000
CT	761	42	97	97.000
CT	760	60	123	123.000
CT	759	61	132	132.000
CT	758	58	129	129.000
CT	757	61	130	130.000
CT	756	56	130	130.000
CT	755	58	116	116.000
CT	754	72	170	170.000
CT	753	64	146	146.000
CT	752	74	164	164.000
CT	751	54	119	119.000
CT	750	75	176	176.000
CT	749	74	164	164.000
CT	748	76	178	178.000
CT	747	67	158	158.000
CT	746	80	194	194.000
CT	745	63	150	150.000
CT	744	62	157	157.000
CT	743	58	126	126.000
CT	742	55	124	124.000
CT	741	47	101	101.000
CT	740	61	149	149.000
CT	739	63	143	143.000
CT	738	62	145	145.000
CT	737	67	143	143.000
CT	736	53	116	116.000
CT	735	68	141	141.000
CT	734	63	141	141.000
CT	733	66	138	138.000
CT	732	71	139	139.000
CT	731	84	183	183.000
CT	730	83	161	161.000
CT	729	66	147	147.000
CT	728	72	159	159.000
CT	727	75	153	153.000
CT	726	88	182	182.000
CT	725	70	151	151.000
CT	724	75	162	162.000
CT	723	94	208	208.000
CT	722	88	182	182.000
CT	721	68	139	139.000
CT	720	86	207	207.000
CT	719	73	145	145.000
CT	718	71	153	153.000
CT	717	80	157	157.000
CT	716	65	120	120.000
CT	715	68	154	154.000
CT	714	62	118	118.000
CT	713	97	188	188.000
CT	712	70	149	149.000
CT	711	91	191	191.000
CT	710	78	176	176.000
CT	709	65	130	130.000
CT	708	78	153	153.000
CT	707	79	152	152.000
CT	706	80	159	159.000
CT	705	87	155	155.000
CT	704	76	142	142.000
CT	703	76	157	157.000
CT	702	68	133	133.000
CT	701	82	153	153.000
CT	700	72	147	147.000
CT	699	79	156	156.000
CT	698	95	174	174.000
CT	697	87	183	183.000
CT	696	74	147	147.000
CT	695	92	170	170.000
CT	694	80	164	164.000
CT	693	97	201	201.000
CT	692	87	184	184.000
CT	691	106	202	202.000
CT	690	82	161	161.000
CT	689	99	189	189.000
CT	688	83	149	149.000
CT	687	90	165	165.000
CT	686	95	166	166.000
CT	685	114	207	207.000
CT	684	108	191	191.000
CT	683	111	170	170.000
CT	682	116	199	199.000
CT	681	101	190	190.000
CT	680	93	155	155.000
CT	679	117	200	200.000
CT	678	111	176	176.000
CT	677	114	186	186.000
CT	676	135	218	218.000
CT	675	111	181	181.000
CT	674	128	237	237.000
CT	673	103	182	182.000
CT	672	107	154	154.000
CT	671	140	248	248.000
CT	670	119	198	198.000
CT	669	111	176	176.000
CT	668	98	149	149.000
CT	667	148	263	263.000
CT	666	126	222	222.000
CT	665	140	241	241.000
CT	664	134	226	226.000
CT	663	122	198	198.000
CT	662	148	231	231.000
CT	661	127	205	205.000
CT	660	147	251	251.000
CT	659	150	256	256.000
CT	658	136	242	242.000
CT	657	140	226	226.000
CT	656	133	219	219.000
CT	655	176	295	295.000
CT	654	137	214	214.000
CT	653	168	251	251.000
CT	652	148	233	233.000
CT	651	159	257	257.000
CT	650	134	224	224.000
CT	649	162	260	260.000
CT	648	154	235	235.000
CT	647	156	240	240.000
CT	646	147	221	221.000
CT	645	148	222	222.000
CT	644	162	248	248.000
CT	643	148	232	232.000
CT	642	153	259	259.000
CT	641	164	240	240.000
CT	640	154	239	239.000
CT	639	147	222	222.000
CT	638	135	211	211.000
CT	637	156	247	247.000
CT	636	136	230	230.000
CT	635	153	241	241.000
CT	634	155	229	229.000
CT	633	168	258	258.000
CT	632	176	281	281.000
CT	631	143	213	213.000
CT	630	165	281	281.000
CT	629	167	248	248.000
CT	628	183	274	274.000
CT	627	191	279	279.000
CT	626	189	265	265.000
CT	625	189	293	293.000
CT	624	184	257	257.000
CT	623	183	276	276.000
CT	622	177	260	260.000
CT	621	208	300	300.000
CT	620	184	265	265.000
CT	619	204	307	307.000
CT	618	203	301	301.000
CT	617	196	275	275.000
CT	616	210	300	300.000
CT	615	205	290	290.000
CT	614	204	312	312.000
CT	613	209	295	295.000
CT	612	189	283	283.000
CT	611	213	313	313.000
CT	610	203	286	286.000
CT	609	217	325	325.000
CT	608	215	310	310.000
CT	607	230	304	304.000
CT	606	229	330	330.000
CT	605	214	285	285.000
CT	604	203	266	266.000
CT	603	222	311	311.000
CT	602	230	319	319.000
CT	601	226	309	309.000
CT	600	257	371	371.000
CT	599	268	364	364.000
CT	598	230	329	329.000
CT	597	258	354	354.000
CT	596	238	312	312.000
CT	595	254	343	343.000
CT	594	246	334	334.000
CT	593	268	364	364.000
CT	592	268	355	355.000
CT	591	299	412	412.000
CT	590	302	425	425.000
CT	589	278	354	354.000
CT	588	305	418	418.000
CT	587	309	425	425.000
CT	586	315	430	430.000
CT	585	290	375	375.000
CT	584	281	403	403.000
CT	583	277	393	393.000
CT	582	263	349	349.000
CT	581	308	418	418.000
CT	580	283	356	356.000
CT	579	303	378	378.000
CT	578	291	386	386.000
CT	577	271	344	344.000
CT	576	301	392	392.000
CT	575	282	360	360.000
CT	574	304	384	384.000
CT	573	312	387	387.000
CT	572	266	327	327.000
CT	571	267	333	333.000
CT	570	298	373	373.000
CT	569	351	425	425.000
CT	568	349	456	456.000
CT	567	299	382	382.000
CT	566	338	415	415.000
CT	565	308	378	378.000
CT	564	345	470	470.000
CT	563	356	453	453.000
CT	562	318	406	406.000
CT	561	324	399	399.000
CT	560	362	458	458.000
CT	559	355	442	442.000
CT	558	403	509	509.000
CT	557	386	478	478.000
CT	556	409	513	513.000
CT	555	390	487	487.000
CT	554	398	489	489.000
CT	553	407	504	504.000
CT	552	417	548	548.000
CT	551	410	512	512.000
CT	550	493	608	608.000
CT	549	453	589	589.000
CT	548	412	506	506.000
CT	547	456	565	565.000
CT	546	407	511	511.000
CT	545	398	497	497.000
CT	544	431	529	529.000
CT	543	428	550	550.000
CT	542	441	577	577.000
CT	541	468	566	566.000
CT	540	431	528	528.000
CT	539	453	550	550.000
CT	538	470	587	587.000
CT	537	462	577	577.000
CT	536	468	586	586.000
CT	535	459	561	561.000
CT	534	460	561	561.000
CT	533	430	530	530.000
CT	532	451	563	563.000
CT	531	437	534	534.000
CT	530	455	558	558.000
CT	529	490	588	588.000
CT	528	498	617	617.000
CT	527	452	518	518.000
CT	526	451	561	561.000
CT	525	465	564	564.000
CT	524	461	540	540.000
CT	523	469	539	539.000
CT	522	455	531	531.000
CT	521	495	575	575.000
CT	520	528	621	621.000
CT	519	521	610	610.000
CT	518	503	601	601.000
CT	517	528	625	625.000
CT	516	540	635	635.000
CT	515	538	617	617.000
CT	514	491	588	588.000
CT	513	508	595	595.000
CT	512	521	633	633.000
CT	511	537	632	632.000
CT	510	583	696	696.000
CT	509	543	618	618.000
CT	508	497	574	574.000
CT	507	556	641	641.000
CT	506	507	591	591.000
CT	505	545	635	635.000
CT	504	491	575	575.000
CT	503	530	624	624.000
CT	502	539	637	637.000
CT	501	600	716	716.000
CT	500	543	667	667.000
CT	499	560	678	678.000
CT	498	551	654	654.000
CT	497	551	673	673.000
CT	496	564	683	683.000
CT	495	582	696	696.000
CT	494	588	700	700.000
CT	493	576	712	712.000
CT	492	579	711	711.000
CT	491	547	666	666.000
CT	490	599	749	749.000
CT	489	570	667	667.000
CT	488	602	741	741.000
CT	487	601	712	712.000
CT	486	625	748	748.000
CT	485	596	719	719.000
CT	484	581	705	705.000
CT	483	564	663	663.000
CT	482	590	687	687.000
CT	481	594	720	720.000
CT	480	604	714	714.000
CT	479	625	752	752.000
CT	478	599	717	717.000
CT	477	630	765	765.000
CT	476	609	730	730.000
CT	475	615	747	747.000
CT	474	551	667	667.000
CT	473	640	758	758.000
CT	472	638	770	770.000
CT	471	627	775	775.000
CT	470	608	715	715.000
CT	469	620	723	723.000
CT	468	573	679	679.000
CT	467	578	689	689.000
CT	466	618	731	731.000
CT	465	609	754	754.000
CT	464	612	728	728.000
CT	463	577	694	694.000
CT	462	626	749	749.000
CT	461	629	739	739.000
CT	460	587	710	710.000
CT	459	626	757	757.000
CT	458	629	747	747.000
CT	457	650	787	787.000
CT	456	652	777	777.000
CT	455	631	756	756.000
CT	454	632	771	771.000
CT	453	629	734	734.000
CT	452	618	723	723.000
CT	451	710	819	819.000
CT	450	694	804	804.000
CT	449	678	794	794.000
CT	448	687	803	803.000
CT	447	668	788	788.000
CT	446	676	793	793.000
CT	445	750	864	864.000
CT	444	649	753	753.000
CT	443	690	787	787.000
CT	442	653	770	770.000
CT	441	659	768	768.000
CT	440	673	771	771.000
CT	439	663	750	750.000
CT	438	673	785	785.000
CT	437	654	769	769.000
CT	436	637	764	764.000
CT	435	704	808	808.000
CT	434	679	814	814.000
CT	433	689	816	816.000
CT	432	713	841	841.000
CT	431	783	912	912.000
CT	430	704	816	816.000
CT	429	750	878	878.000
CT	428	733	834	834.000
CT	427	651	743	743.000
CT	426	715	802	802.000
CT	425	704	803	803.000
CT	424	729	831	831.000
CT	423	747	847	847.000
CT	422	710	819	819.000
CT	421	697	780	780.000
CT	420	683	759	759.000
CT	419	720	823	823.000
CT	418	719	801	801.000
CT	417	725	824	824.000
CT	416	774	883	883.000
CT	415	777	885	885.000
CT	414	761	844	844.000
CT	413	824	919	919.000
CT	412	817	920	920.000
CT	411	770	884	884.000
CT	410	879	982	982.000
CT	409	817	925	925.000
CT	408	853	966	966.000
CT	407	928	1046	1046.000
CT	406	911	1022	1022.000
CT	405	964	1057	1057.000
CT	404	910	1012	1012.000
CT	403	1021	1137	1137.000
CT	402	995	1106	1106.000
CT	401	1011	1110	1110.000
CT	400	1053	1150	1150.000
CT	399	999	1103	1103.000
CT	398	959	1050	1050.000
CT	397	987	1091	1091.000
CT	396	958	1071	1071.000
CT	395	1051	1156	1156.000
CT	394	1031	1129	1129.000
CT	393	1061	1189	1189.000
CT	392	1097	1182	1182.000
CT	391	1074	1157	1157.000
CT	390	1082	1197	1197.000
CT	389	1174	1278	1278.000
CT	388	1094	1194	1194.000
CT	387	1173	1272	1272.000
CT	386	1177	1271	1271.000
CT	385	1183	1284	1284.000
CT	384	1192	1305	1305.000
CT	383	1308	1417	1417.000
CT	382	1231	1337	1337.000
CT	381	1312	1413	1413.000
CT	380	1328	1453	1453.000
CT	379	1399	1520	1520.000
CT	378	1320	1446	1446.000
CT	377	1397	1513	1513.000
CT	376	1407	1514	1514.000
CT	375	1477	1593	1593.000
CT	374	1470	1595	1595.000
CT	373	1551	1672	1672.000
CT	372	1549	1646	1646.000
CT	371	1547	1660	1660.000
CT	370	1629	1758	1758.000
CT	369	1635	1769	1769.000
CT	368	1701	1828	1828.000
CT	367	1783	1910	1910.000
CT	366	1846	1987	1987.000
CT	365	1743	1852	1852.000
CT	364	1834	1971	1971.000
CT	363	1833	1940	1940.000
CT	362	1961	2087	2087.000
CT	361	2027	2124	2124.000
CT	360	2053	2163	2163.000
CT	359	2009	2102	2102.000
CT	358	2045	2158	2158.000
CT	357	2210	2318	2318.000
CT	356	2129	2241	2241.000
CT	355	2196	2295	2295.000
CT	354	2344	2467	2467.000
CT	353	2391	2497	2497.000
CT	352	2458	2549	2549.000
CT	351	2492	2596	2596.000
CT	350	2598	2707	2707.000
CT	349	2615	2676	2676.000
CT	348	2768	2842	2842.000
CT	347	2764	2843	2843.000
CT	346	2769	2844	2844.000
CT	345	2917	2997	2997.000
CT	344	2979	3045	3045.000
CT	343	3140	3211	3211.000
CT	342	3154	3221	3221.000
CT	341	3295	3379	3379.000
CT	340	3303	3378	3378.000
CT	339	3369	3461	3461.000
CT	338	3512	3595	3595.000
CT	337	3710	3787	3787.000
CT	336	3838	3924	3924.000
CT	335	3905	3985	3985.000
CT	334	4110	4189	4189.000
CT	333	3959	4027	4027.000
CT	332	4127	4194	4194.000
CT	331	4386	4483	4483.000
CT	330	4497	4580	4580.000
CT	329	4587	4661	4661.000
CT	328	4651	4732	4732.000
CT	327	4692	4760	4760.000
CT	326	4931	5011	5011.000
CT	325	5144	5211	5211.000
CT	324	5334	5391	5391.000
CT	323	5261	5321	5321.000
CT	322	5428	5480	5480.000
CT	321	5608	5671	5671.000
CT	320	5630	5699	5699.000
CT	319	5904	5955	5955.000
CT	318	6107	6161	6161.000
CT	317	6362	6442	6442.000
CT	316	6492	6551	6551.000
CT	315	6724	6790	6790.000
CT	314	6800	6868	6868.000
CT	313	7073	7139	7139.000
CT	312	7125	7162	7162.000
CT	311	7482	7517	7517.000
CT	310	7657	7690	7690.000
CT	309	7917	7942	7942.000
CT	308	8308	8349	8349.000
CT	307	8243	8292	8292.000
CT	306	8589	8611	8611.000
CT	305	8707	8744	8744.000
CT	304	8989	9018	9018.000
CT	303	9109	9136	9136.000
CT	302	9318	9351	9351.000
CT	301	9521	9562	9562.000
CT	300	9907	9944	9944.000
CT	299	10368	10394	10394.000
CT	298	10326	10355	10355.000
CT	297	10647	10667	10667.000
CT	296	10812	10833	10833.000
CT	295	11355	11373	11373.000
CT	294	11680	11731	11731.000
CT	293	12003	12011	12011.000
CT	292	12209	12235	12235.000
CT	291	12503	12534	12534.000
CT	290	12863	12894	12894.000
CT	289	13061	13096	13096.000
CT	288	13353	13372	13372.000
CT	287	13792	13833	13833.000
CT	286	14371	14389	14389.000
CT	285	14396	14410	14410.000
CT	284	15131	15134	15134.000
CT	283	15160	15152	15152.000
CT	282	15617	15618	15618.000
CT	281	16151	16154	16154.000
CT	280	16284	16296	16296.000
CT	279	16693	16707	16707.000
CT	278	17035	17039	17039.000
CT	277	17419	17429	17429.000
CT	276	17806	17793	17793.000
CT	275	18203	18203	18203.000
CT	274	18234	18241	18241.000
CT	273	18773	18782	18782.000
CT	272	19114	19131	19131.000
CT	271	19420	19411	19411.000
CT	270	19482	19490	19490.000
CT	269	19956	19957	19957.000
CT	268	20295	20291	20291.000
CT	267	20899	20884	20884.000
CT	266	21014	20997	20997.000
CT	265	21464	21452	21452.000
CT	264	21904	21880	21880.000
CT	263	22411	22391	22391.000
CT	262	22922	22910	22910.000
CT	261	23274	23271	23271.000
CT	260	23896	23880	23880.000
CT	259	24110	24097	24097.000
CT	258	25084	25079	25079.000
CT	257	25052	25029	25029.000
CT	256	25454	25435	25435.000
CT	255	25908	25899	25899.000
CT	254	26275	26253	26253.000
CT	253	26967	26956	26956.000
CT	252	27169	27163	27163.000
CT	251	27986	27971	27971.000
CT	250	28119	28106	28106.000
CT	249	28601	28591	28591.000
CT	248	28766	28752	28752.000
CT	247	28886	28868	28868.000
CT	246	29765	29743	29743.000
CT	245	30016	29990	29990.000
CT	244	30005	29966	29966.000
CT	243	30639	30615	30615.000
CT	242	30672	30631	30631.000
CT	241	31530	31506	31506.000
CT	240	31322	31287	31287.000
CT	239	32034	32008	32008.000
CT	238	32134	32102	32102.000
CT	237	32661	32636	32636.000
CT	236	33199	33177	33177.000
CT	235	33443	33418	33418.000
CT	234	34181	34153	34153.000
CT	233	33849	33807	33807.000
CT	232	34704	34674	34674.000
CT	231	34762	34714	34714.000
CT	230	35742	35708	35708.000
CT	229	36162	36124	36124.000
CT	228	36133	36107	36107.000
CT	227	36278	36258	36258.000
CT	226	36333	36292	36292.000
CT	225	36394	36376	36376.000
CT	224	36570	36534	36534.000
CT	223	37053	37027	37027.000
CT	222	36927	36906	36906.000
CT	221	37360	37338	37338.000
CT	220	37451	37424	37424.000
CT	219	37488	37482	37482.000
CT	218	37924	37912	37912.000
CT	217	37610	37603	37603.000
CT	216	37387	37376	37376.000
CT	215	37947	37934	37934.000
CT	214	38239	38225	38225.000
CT	213	37994	37967	37967.000
CT	212	38043	38031	38031.000
CT	211	38419	38389	38389.000
CT	210	38831	38811	38811.000
CT	209	38880	38847	38847.000
CT	208	39268	39245	39245.000
CT	207	38364	38335	38335.000
CT	206	38680	38660	38660.000
CT	205	38771	38732	38732.000
CT	204	39071	39045	39045.000
CT	203	38810	38788	38788.000
CT	202	38836	38808	38808.000
CT	201	38490	38460	38460.000
CT	200	38933	38903	38903.000
CT	199	38415	38386	38386.000
CT	198	38615	38591	38591.000
CT	197	38380	38350	38350.000
CT	196	37838	37802	37802.000
CT	195	37855	37830	37830.000
CT	194	37659	37645	37645.000
CT	193	37536	37527	37527.000
CT	192	37060	37051	37051.000
CT	191	36668	36648	36648.000
CT	190	36540	36522	36522.000
CT	189	36355	36322	36322.000
CT	188	36399	36366	36366.000
CT	187	35817	35777	35777.000
CT	186	35527	35491	35491.000
CT	185	35345	35305	35305.000
CT	184	35033	34995	34995.000
CT	183	34654	34609	34609.000
CT	182	34553	34507	34507.000
CT	181	33716	33675	33675.000
CT	180	33510	33461	33461.000
CT	179	33100	33057	33057.000
CT	178	32513	32487	32487.000
CT	177	32292	32262	32262.000
CT	176	31987	31973	31973.000
CT	175	31454	31440	31440.000
CT	174	31129	31107	31107.000
CT	173	30694	30675	30675.000
CT	172	30316	30288	30288.000
CT	171	29713	29679	29679.000
CT	170	29286	29242	29242.000
CT	169	28953	28922	28922.000
CT	168	28258	28234	28234.000
CT	167	27686	27658	27658.000
CT	166	27411	27380	27380.000
CT	165	27056	27026	27026.000
CT	164	26376	26339	26339.000
CT	163	26131	26089	26089.000
CT	162	25195	25154	25154.000
CT	161	24653	24625	24625.000
CT	160	23827	23795	23795.000
CT	159	23596	23567	23567.000
CT	158	23321	23280	23280.000
CT	157	22629	22591	22591.000
CT	156	22064	22026	22026.000
CT	155	21876	21837	21837.000
CT	154	20918	20878	20878.000
CT	153	20348	20316	20316.000
CT	152	19529	19495	19495.000
CT	151	19163	19136	19136.000
CT	150	18519	18480	18480.000
CT	149	17759	17716	17716.000
CT	148	17297	17268	17268.000
CT	147	16803	16778	16778.000
CT	146	16306	16281	16281.000
CT	145	15798	15750	15750.000
CT	144	15596	15553	15553.000
CT	143	14853	14808	14808.000
CT	142	14438	14401	14401.000
CT	141	13859	13813	13813.000
CT	140	13458	13423	13423.000
CT	139	12772	12727	12727.000
CT	138	12514	12480	12480.000
CT	137	12250	12212	12212.000
CT	136	11839	11820	11820.000
CT	135	11500	11457	11457.000
CT	134	10913	10872	10872.000
CT	133	10552	10501	10501.000
CT	132	10150	10098	10098.000
CT	131	9664	9596	9596.000
CT	130	9177	9125	9125.000
CT	129	8760	8705	8705.000
CT	128	8372	8343	8343.000
CT	127	7963	7922	7922.000
CT	126	7884	7855	7855.000
CT	125	7237	7188	7188.000
CT	124	7059	7019	7019.000
CT	123	6996	6945	6945.000
CT	122	6584	6541	6541.000
CT	121	6408	6367	6367.000
CT	120	6159	6102	6102.000
CT	119	5877	5832	5832.000
CT	118	5632	5586	5586.000
CT	117	5330	5290	5290.000
CT	116	5100	5058	5058.000
CT	115	4867	4839	4839.000
CT	114	4651	4614	4614.000
CT	113	4489	4440	4440.000
CT	112	4339	4303	4303.000
CT	111	3944	3909	3909.000
CT	110	3708	3668	3668.000
CT	109	3570	3512	3512.000
CT	108	3284	3233	3233.000
CT	107	3180	3141	3141.000
CT	106	2937	2877	2877.000
CT	105	2871	2820	2820.000
CT	104	2645	2600	2600.000
CT	103	2591	2552	2552.000
CT	102	2392	2365	2365.000
CT	101	2329	2285	2285.000
CT	100	2165	2146	2146.000
CT	99	2027	1986	1986.000
CT	98	1919	1863	1863.000
CT	97	1806	1746	1746.000
CT	96	1691	1642	1642.000
CT	95	1529	1489	1489.000
CT	94	1517	1478	1478.000
CT	93	1404	1372	1372.000
CT	92	1344	1306	1306.000
CT	91	1240	1196	1196.000
CT	90	1244	1205	1205.000
CT	89	1182	1132	1132.000
CT	88	1180	1137	1137.000
CT	87	1095	1050	1050.000
CT	86	1041	994	994.000
CT	85	1001	972	972.000
CT	84	874	821	821.000
CT	83	906	846	846.000
CT	82	797	736	736.000
CT	81	782	728	728.000
CT	80	708	629	629.000
CT	79	654	585	585.000
CT	78	628	546	546.000
CT	77	656	579	579.000
CT	76	599	512	512.000
CT	75	552	491	491.000
CT	74	509	426	426.000
CT	73	481	411	411.000
CT	72	435	377	377.000
CT	71	415	354	354.000
CT	70	449	368	368.000
CT	69	409	342	342.000
CT	68	409	333	333.000
CT	67	382	292	292.000
CT	66	377	269	269.000
CT	65	350	266	266.000
CT	64	361	266	266.000
CT	63	364	276	276.000
CT	62	309	231	231.000
CT	61	307	212	212.000
CT	60	314	199	199.000
CT	59	299	167	167.000
CT	58	333	170	170.000
CT	57	312	157	157.000
CT	56	346	148	148.000
CT	55	322	156	156.000
CT	54	341	107	107.000
CT	53	355	149	149.000
CT	52	381	140	140.000
CT	51	408	115	115.000
CT	50	421	136	136.000
CT	49	396	120	120.000
CT	48	404	90	90.000
CT	47	448	83	83.000
CT	46	467	70	70.000
CT	45	467	70	70.000
CT	44	528	56	56.000
CT	43	539	72	72.000
CT	42	613	70	70.000
CT	41	589	54	54.000
CT	40	628	60	60.000
CT	39	681	40	40.000
CT	38	675	35	35.000
CT	37	852	68	68.000
CT	36	1027	50	50.000
CT	35	1097	58	58.000
CT	34	1169	37	37.000
CT	33	1375	26	26.000
CT	32	1634	41	41.000
CT	31	1653	35	35.000
CT	30	1964	32	32.000
CT	29	2244	25	25.000
CT	28	2461	23	23.000
CT	27	2863	38	38.000
CT	26	3390	52	52.000
CT	25	3838	36	36.000
CT	24	4634	25	25.000
CT	23	5310	53	53.000
CT	22	6716	26	26.000
CT	21	7972	40	40.000
CT	20	9261	32	32.000
CT	19	10886	29	29.000
CT	18	13046	20	19.999
CT	17	15864	36	35.999
CT	16	18973	49	48.999
CT	15	23124	58	57.999
CT	14	28711	35	34.999
CT	13	36083	19	18.998
CT	12	45777	17	16.998
CT	11	58841	35	34.997
CT	10	75971	11	10.997
CT	9	103929	9	8.995
CT	8	142870	2	1.994
CT	7	210498	5	4.991
CT	6	332604	6	5.985
CT	5	583259	2	1.974
CT	4	1187250	2	1.946
CT	3	3033660	4	3.863
CT	2	11084333	1	0.500
CT	1	0	0	0.063
CT	0	0	120	0.006
FR	0	9.03e-08
ER	5391023	120.701
CV	0.999
QV	61.438	61.413
