HS	1023	0	25705	25705
HS	1022	0	16	25721
HS	1021	0	18	25739
HS	1020	0	20	25759
HS	1019	0	21	25780
HS	1018	0	12	25792
HS	1017	0	23	25815
HS	1016	0	15	25830
HS	1015	0	21	25851
HS	1014	0	14	25865
HS	1013	0	18	25883
HS	1012	0	18	25901
HS	1011	0	22	25923
HS	1010	0	25	25948
HS	1009	0	21	25969
HS	1008	0	28	25997
HS	1007	0	17	26014
HS	1006	0	18	26032
HS	1005	0	15	26047
HS	1004	0	14	26061
HS	1003	0	18	26079
HS	1002	0	12	26091
HS	1001	0	19	26110
HS	1000	0	28	26138
HS	999	0	21	26159
HS	998	0	22	26181
HS	997	0	27	26208
HS	996	0	21	26229
HS	995	0	25	26254
HS	994	0	23	26277
HS	993	0	26	26303
HS	992	0	30	26333
HS	991	0	19	26352
HS	990	0	12	26364
HS	989	0	17	26381
HS	988	0	11	26392
HS	987	0	20	26412
HS	986	0	12	26424
HS	985	0	18	26442
HS	984	0	8	26450
HS	983	0	14	26464
HS	982	0	16	26480
HS	981	0	16	26496
HS	980	0	20	26516
HS	979	0	17	26533
HS	978	0	18	26551
HS	977	0	15	26566
HS	976	0	31	26597
HS	975	0	19	26616
HS	974	0	25	26641
HS	973	0	27	26668
HS	972	0	12	26680
HS	971	0	31	26711
HS	970	0	20	26731
HS	969	0	24	26755
HS	968	0	24	26779
HS	967	0	21	26800
HS	966	0	29	26829
HS	965	0	19	26848
HS	964	0	25	26873
HS	963	0	23	26896
HS	962	0	25	26921
HS	961	0	21	26942
HS	960	0	22	26964
HS	959	0	18	26982
HS	958	0	21	27003
HS	957	0	30	27033
HS	956	0	19	27052
HS	955	0	31	27083
HS	954	0	32	27115
HS	953	0	33	27148
HS	952	0	28	27176
HS	951	0	35	27211
HS	950	0	23	27234
HS	949	0	32	27266
HS	948	0	35	27301
HS	947	0	27	27328
HS	946	0	31	27359
HS	945	0	37	27396
HS	944	0	22	27418
HS	943	0	25	27443
HS	942	0	41	27484
HS	941	0	34	27518
HS	940	0	41	27559
HS	939	0	26	27585
HS	938	0	35	27620
HS	937	0	41	27661
HS	936	0	31	27692
HS	935	0	31	27723
HS	934	0	38	27761
HS	933	0	31	27792
HS	932	0	34	27826
HS	931	0	33	27859
HS	930	0	37	27896
HS	929	0	33	27929
HS	928	0	33	27962
HS	927	0	30	27992
HS	926	0	32	28024
HS	925	0	40	28064
HS	924	0	28	28092
HS	923	0	30	28122
HS	922	0	28	28150
HS	921	0	24	28174
HS	920	0	23	28197
HS	919	0	17	28214
HS	918	0	28	28242
HS	917	0	34	28276
HS	916	0	32	28308
HS	915	0	27	28335
HS	914	0	38	28373
HS	913	0	35	28408
HS	912	0	26	28434
HS	911	0	24	28458
HS	910	0	29	28487
HS	909	0	22	28509
HS	908	0	22	28531
HS	907	0	41	28572
HS	906	0	19	28591
HS	905	0	29	28620
HS	904	0	40	28660
HS	903	0	28	28688
HS	902	0	19	28707
HS	901	0	25	28732
HS	900	0	31	28763
HS	899	0	34	28797
HS	898	0	31	28828
HS	897	0	33	28861
HS	896	0	25	28886
HS	895	0	45	28931
HS	894	0	37	28968
HS	893	0	31	28999
HS	892	0	34	29033
HS	891	0	29	29062
HS	890	0	32	29094
HS	889	0	35	29129
HS	888	0	35	29164
HS	887	0	30	29194
HS	886	0	37	29231
HS	885	0	32	29263
HS	884	0	43	29306
HS	883	0	27	29333
HS	882	0	22	29355
HS	881	0	30	29385
HS	880	0	21	29406
HS	879	0	29	29435
HS	878	0	25	29460
HS	877	0	28	29488
HS	876	0	25	29513
HS	875	0	22	29535
HS	874	0	27	29562
HS	873	0	41	29603
HS	872	0	39	29642
HS	871	0	31	29673
HS	870	0	47	29720
HS	869	0	45	29765
HS	868	0	38	29803
HS	867	0	25	29828
HS	866	0	36	29864
HS	865	0	26	29890
HS	864	0	30	29920
HS	863	0	27	29947
HS	862	0	34	29981
HS	861	0	37	30018
HS	860	0	32	30050
HS	859	0	36	30086
HS	858	0	25	30111
HS	857	0	31	30142
HS	856	0	35	30177
HS	855	0	40	30217
HS	854	0	25	30242
HS	853	0	33	30275
HS	852	0	30	30305
HS	851	0	38	30343
HS	850	0	37	30380
HS	849	0	38	30418
HS	848	0	34	30452
HS	847	0	31	30483
HS	846	0	43	30526
HS	845	0	46	30572
HS	844	0	31	30603
HS	843	0	43	30646
HS	842	0	44	30690
HS	841	0	56	30746
HS	840	0	42	30788
HS	839	0	29	30817
HS	838	0	39	30856
HS	837	0	61	30917
HS	836	0	32	30949
HS	835	0	31	30980
HS	834	0	41	31021
HS	833	0	37	31058
HS	832	0	42	31100
HS	831	0	45	31145
HS	830	0	36	31181
HS	829	0	49	31230
HS	828	0	38	31268
HS	827	0	39	31307
HS	826	0	40	31347
HS	825	0	46	31393
HS	824	0	50	31443
HS	823	0	34	31477
HS	822	0	45	31522
HS	821	0	50	31572
HS	820	0	36	31608
HS	819	0	35	31643
HS	818	0	41	31684
HS	817	0	38	31722
HS	816	0	48	31770
HS	815	0	34	31804
HS	814	0	43	31847
HS	813	0	46	31893
HS	812	0	46	31939
HS	811	0	46	31985
HS	810	0	48	32033
HS	809	0	46	32079
HS	808	0	48	32127
HS	807	0	29	32156
HS	806	0	48	32204
HS	805	0	46	32250
HS	804	0	44	32294
HS	803	0	35	32329
HS	802	0	42	32371
HS	801	0	50	32421
HS	800	0	40	32461
HS	799	0	36	32497
HS	798	0	38	32535
HS	797	0	37	32572
HS	796	0	36	32608
HS	795	0	36	32644
HS	794	0	39	32683
HS	793	0	45	32728
HS	792	0	51	32779
HS	791	0	47	32826
HS	790	0	37	32863
HS	789	0	28	32891
HS	788	0	39	32930
HS	787	0	44	32974
HS	786	0	49	33023
HS	785	0	50	33073
HS	784	0	44	33117
HS	783	0	42	33159
HS	782	0	41	33200
HS	781	0	47	33247
HS	780	0	41	33288
HS	779	0	50	33338
HS	778	0	46	33384
HS	777	0	56	33440
HS	776	0	43	33483
HS	775	0	50	33533
HS	774	0	45	33578
HS	773	0	45	33623
HS	772	0	41	33664
HS	771	0	39	33703
HS	770	0	51	33754
HS	769	0	42	33796
HS	768	0	40	33836
HS	767	0	49	33885
HS	766	0	52	33937
HS	765	0	36	33973
HS	764	0	60	34033
HS	763	0	62	34095
HS	762	0	59	34154
HS	761	0	42	34196
HS	760	0	60	34256
HS	759	0	61	34317
HS	758	0	58	34375
HS	757	0	61	34436
HS	756	0	56	34492
HS	755	0	58	34550
HS	754	0	72	34622
HS	753	0	64	34686
HS	752	0	74	34760
HS	751	0	54	34814
HS	750	0	75	34889
HS	749	0	74	34963
HS	748	0	76	35039
HS	747	0	67	35106
HS	746	0	80	35186
HS	745	0	63	35249
HS	744	0	62	35311
HS	743	0	58	35369
HS	742	0	55	35424
HS	741	0	47	35471
HS	740	0	61	35532
HS	739	0	63	35595
HS	738	0	62	35657
HS	737	0	67	35724
HS	736	0	53	35777
HS	735	0	68	35845
HS	734	0	63	35908
HS	733	0	66	35974
HS	732	0	71	36045
HS	731	0	84	36129
HS	730	0	83	36212
HS	729	0	66	36278
HS	728	0	72	36350
HS	727	0	75	36425
HS	726	0	88	36513
HS	725	0	70	36583
HS	724	0	75	36658
HS	723	0	94	36752
HS	722	0	88	36840
HS	721	0	68	36908
HS	720	0	86	36994
HS	719	0	73	37067
HS	718	0	71	37138
HS	717	0	80	37218
HS	716	0	65	37283
HS	715	0	68	37351
HS	714	0	62	37413
HS	713	0	97	37510
HS	712	0	70	37580
HS	711	0	91	37671
HS	710	0	78	37749
HS	709	0	65	37814
HS	708	0	78	37892
HS	707	0	79	37971
HS	706	0	80	38051
HS	705	0	87	38138
HS	704	0	76	38214
HS	703	0	76	38290
HS	702	0	68	38358
HS	701	0	82	38440
HS	700	0	72	38512
HS	699	0	79	38591
HS	698	0	95	38686
HS	697	0	87	38773
HS	696	0	74	38847
HS	695	0	92	38939
HS	694	0	80	39019
HS	693	0	97	39116
HS	692	0	87	39203
HS	691	0	106	39309
HS	690	0	82	39391
HS	689	0	99	39490
HS	688	0	83	39573
HS	687	0	90	39663
HS	686	0	95	39758
HS	685	0	114	39872
HS	684	0	108	39980
HS	683	0	111	40091
HS	682	0	116	40207
HS	681	0	101	40308
HS	680	0	93	40401
HS	679	0	117	40518
HS	678	0	111	40629
HS	677	0	114	40743
HS	676	0	135	40878
HS	675	0	111	40989
HS	674	0	128	41117
HS	673	0	103	41220
HS	672	0	107	41327
HS	671	0	140	41467
HS	670	0	119	41586
HS	669	0	111	41697
HS	668	0	98	41795
HS	667	0	148	41943
HS	666	0	126	42069
HS	665	0	140	42209
HS	664	0	134	42343
HS	663	0	122	42465
HS	662	0	148	42613
HS	661	0	127	42740
HS	660	0	147	42887
HS	659	0	150	43037
HS	658	0	136	43173
HS	657	0	140	43313
HS	656	0	133	43446
HS	655	0	176	43622
HS	654	0	137	43759
HS	653	0	168	43927
HS	652	0	148	44075
HS	651	0	159	44234
HS	650	0	134	44368
HS	649	0	162	44530
HS	648	0	154	44684
HS	647	0	156	44840
HS	646	0	147	44987
HS	645	0	148	45135
HS	644	0	162	45297
HS	643	0	148	45445
HS	642	0	153	45598
HS	641	0	164	45762
HS	640	0	154	45916
HS	639	0	147	46063
HS	638	0	135	46198
HS	637	0	156	46354
HS	636	0	136	46490
HS	635	0	153	46643
HS	634	0	155	46798
HS	633	0	168	46966
HS	632	0	176	47142
HS	631	0	143	47285
HS	630	0	165	47450
HS	629	0	167	47617
HS	628	0	183	47800
HS	627	0	191	47991
HS	626	0	189	48180
HS	625	0	189	48369
HS	624	0	184	48553
HS	623	0	183	48736
HS	622	0	177	48913
HS	621	0	208	49121
HS	620	0	184	49305
HS	619	0	204	49509
HS	618	0	203	49712
HS	617	0	196	49908
HS	616	0	210	50118
HS	615	0	205	50323
HS	614	0	204	50527
HS	613	0	209	50736
HS	612	0	189	50925
HS	611	0	213	51138
HS	610	0	203	51341
HS	609	0	217	51558
HS	608	0	215	51773
HS	607	0	230	52003
HS	606	0	229	52232
HS	605	0	214	52446
HS	604	0	203	52649
HS	603	0	222	52871
HS	602	0	230	53101
HS	601	0	226	53327
HS	600	0	257	53584
HS	599	0	268	53852
HS	598	0	230	54082
HS	597	0	258	54340
HS	596	0	238	54578
HS	595	0	254	54832
HS	594	0	246	55078
HS	593	0	268	55346
HS	592	0	268	55614
HS	591	0	299	55913
HS	590	0	302	56215
HS	589	0	278	56493
HS	588	0	305	56798
HS	587	0	309	57107
HS	586	0	315	57422
HS	585	0	290	57712
HS	584	0	281	57993
HS	583	0	277	58270
HS	582	0	263	58533
HS	581	0	308	58841
HS	580	0	283	59124
HS	579	0	303	59427
HS	578	0	291	59718
HS	577	0	271	59989
HS	576	0	301	60290
HS	575	0	282	60572
HS	574	0	304	60876
HS	573	0	312	61188
HS	572	0	266	61454
HS	571	0	267	61721
HS	570	0	298	62019
HS	569	0	351	62370
HS	568	0	349	62719
HS	567	0	299	63018
HS	566	0	338	63356
HS	565	0	308	63664
HS	564	0	345	64009
HS	563	0	356	64365
HS	562	0	318	64683
HS	561	0	324	65007
HS	560	0	362	65369
HS	559	0	355	65724
HS	558	0	403	66127
HS	557	0	386	66513
HS	556	0	409	66922
HS	555	0	390	67312
HS	554	0	398	67710
HS	553	0	407	68117
HS	552	0	417	68534
HS	551	0	410	68944
HS	550	0	493	69437
HS	549	0	453	69890
HS	548	0	412	70302
HS	547	0	456	70758
HS	546	0	407	71165
HS	545	0	398	71563
HS	544	0	431	71994
HS	543	0	428	72422
HS	542	0	441	72863
HS	541	0	468	73331
HS	540	0	431	73762
HS	539	0	453	74215
HS	538	0	470	74685
HS	537	0	462	75147
HS	536	0	468	75615
HS	535	0	459	76074
HS	534	0	460	76534
HS	533	0	430	76964
HS	532	0	451	77415
HS	531	0	437	77852
HS	530	0	455	78307
HS	529	0	490	78797
HS	528	0	498	79295
HS	527	0	452	79747
HS	526	0	451	80198
HS	525	0	465	80663
HS	524	0	461	81124
HS	523	0	469	81593
HS	522	0	455	82048
HS	521	0	495	82543
HS	520	0	528	83071
HS	519	0	521	83592
HS	518	0	503	84095
HS	517	0	528	84623
HS	516	0	540	85163
HS	515	0	538	85701
HS	514	0	491	86192
HS	513	0	508	86700
HS	512	0	521	87221
HS	511	0	537	87758
HS	510	0	583	88341
HS	509	0	543	88884
HS	508	0	497	89381
HS	507	0	556	89937
HS	506	0	507	90444
HS	505	0	545	90989
HS	504	0	491	91480
HS	503	0	530	92010
HS	502	0	539	92549
HS	501	0	600	93149
HS	500	0	543	93692
HS	499	0	560	94252
HS	498	0	551	94803
HS	497	0	551	95354
HS	496	0	564	95918
HS	495	0	582	96500
HS	494	0	588	97088
HS	493	0	576	97664
HS	492	0	579	98243
HS	491	0	547	98790
HS	490	0	599	99389
HS	489	0	570	99959
HS	488	0	602	100561
HS	487	0	601	101162
HS	486	0	625	101787
HS	485	0	596	102383
HS	484	0	581	102964
HS	483	0	564	103528
HS	482	0	590	104118
HS	481	0	594	104712
HS	480	0	604	105316
HS	479	0	625	105941
HS	478	0	599	106540
HS	477	0	630	107170
HS	476	0	609	107779
HS	475	0	615	108394
HS	474	0	551	108945
HS	473	0	640	109585
HS	472	0	638	110223
HS	471	0	627	110850
HS	470	0	608	111458
HS	469	0	620	112078
HS	468	0	573	112651
HS	467	0	578	113229
HS	466	0	618	113847
HS	465	0	609	114456
HS	464	0	612	115068
HS	463	0	577	115645
HS	462	0	626	116271
HS	461	0	629	116900
HS	460	0	587	117487
HS	459	0	626	118113
HS	458	0	629	118742
HS	457	0	650	119392
HS	456	0	652	120044
HS	455	0	631	120675
HS	454	0	632	121307
HS	453	0	629	121936
HS	452	0	618	122554
HS	451	0	710	123264
HS	450	0	694	123958
HS	449	0	678	124636
HS	448	0	687	125323
HS	447	0	668	125991
HS	446	0	676	126667
HS	445	0	750	127417
HS	444	0	649	128066
HS	443	0	690	128756
HS	442	0	653	129409
HS	441	0	659	130068
HS	440	0	673	130741
HS	439	0	663	131404
HS	438	0	673	132077
HS	437	0	654	132731
HS	436	0	637	133368
HS	435	0	704	134072
HS	434	0	679	134751
HS	433	0	689	135440
HS	432	0	713	136153
HS	431	0	783	136936
HS	430	0	704	137640
HS	429	0	750	138390
HS	428	0	733	139123
HS	427	0	651	139774
HS	426	0	715	140489
HS	425	0	704	141193
HS	424	0	729	141922
HS	423	0	747	142669
HS	422	0	710	143379
HS	421	0	697	144076
HS	420	0	683	144759
HS	419	0	720	145479
HS	418	0	719	146198
HS	417	0	725	146923
HS	416	0	774	147697
HS	415	0	777	148474
HS	414	0	761	149235
HS	413	0	824	150059
HS	412	0	817	150876
HS	411	0	770	151646
HS	410	0	879	152525
HS	409	0	817	153342
HS	408	0	853	154195
HS	407	0	928	155123
HS	406	0	911	156034
HS	405	0	964	156998
HS	404	0	910	157908
HS	403	0	1021	158929
HS	402	0	995	159924
HS	401	0	1011	160935
HS	400	0	1053	161988
HS	399	0	999	162987
HS	398	0	959	163946
HS	397	0	987	164933
HS	396	0	958	165891
HS	395	0	1051	166942
HS	394	0	1031	167973
HS	393	0	1061	169034
HS	392	0	1097	170131
HS	391	0	1074	171205
HS	390	0	1082	172287
HS	389	0	1174	173461
HS	388	0	1094	174555
HS	387	0	1173	175728
HS	386	0	1177	176905
HS	385	0	1183	178088
HS	384	0	1192	179280
HS	383	0	1308	180588
HS	382	0	1231	181819
HS	381	0	1312	183131
HS	380	0	1328	184459
HS	379	0	1399	185858
HS	378	0	1320	187178
HS	377	0	1397	188575
HS	376	0	1407	189982
HS	375	0	1477	191459
HS	374	0	1470	192929
HS	373	0	1551	194480
HS	372	0	1549	196029
HS	371	0	1547	197576
HS	370	0	1629	199205
HS	369	0	1635	200840
HS	368	0	1701	202541
HS	367	0	1783	204324
HS	366	0	1846	206170
HS	365	0	1743	207913
HS	364	0	1834	209747
HS	363	0	1833	211580
HS	362	0	1961	213541
HS	361	0	2027	215568
HS	360	0	2053	217621
HS	359	0	2009	219630
HS	358	0	2045	221675
HS	357	0	2210	223885
HS	356	0	2129	226014
HS	355	0	2196	228210
HS	354	0	2344	230554
HS	353	0	2391	232945
HS	352	0	2458	235403
HS	351	0	2492	237895
HS	350	0	2598	240493
HS	349	0	2615	243108
HS	348	0	2768	245876
HS	347	0	2764	248640
HS	346	0	2769	251409
HS	345	0	2917	254326
HS	344	0	2979	257305
HS	343	0	3140	260445
HS	342	0	3154	263599
HS	341	0	3295	266894
HS	340	0	3303	270197
HS	339	0	3369	273566
HS	338	0	3512	277078
HS	337	0	3710	280788
HS	336	0	3838	284626
HS	335	0	3905	288531
HS	334	0	4110	292641
HS	333	0	3959	296600
HS	332	0	4127	300727
HS	331	0	4386	305113
HS	330	0	4497	309610
HS	329	0	4587	314197
HS	328	0	4651	318848
HS	327	0	4692	323540
HS	326	0	4931	328471
HS	325	0	5144	333615
HS	324	0	5334	338949
HS	323	0	5261	344210
HS	322	0	5428	349638
HS	321	0	5608	355246
HS	320	0	5630	360876
HS	319	0	5904	366780
HS	318	0	6107	372887
HS	317	0	6362	379249
HS	316	0	6492	385741
HS	315	0	6724	392465
HS	314	0	6800	399265
HS	313	0	7073	406338
HS	312	0	7125	413463
HS	311	0	7482	420945
HS	310	0	7657	428602
HS	309	0	7917	436519
HS	308	0	8308	444827
HS	307	0	8243	453070
HS	306	0	8589	461659
HS	305	0	8707	470366
HS	304	0	8989	479355
HS	303	0	9109	488464
HS	302	0	9318	497782
HS	301	0	9521	507303
HS	300	0	9907	517210
HS	299	0	10368	527578
HS	298	0	10326	537904
HS	297	0	10647	548551
HS	296	0	10812	559363
HS	295	0	11355	570718
HS	294	0	11680	582398
HS	293	0	12003	594401
HS	292	0	12209	606610
HS	291	0	12503	619113
HS	290	0	12863	631976
HS	289	0	13061	645037
HS	288	0	13353	658390
HS	287	0	13792	672182
HS	286	0	14371	686553
HS	285	0	14396	700949
HS	284	0	15131	716080
HS	283	0	15160	731240
HS	282	0	15617	746857
HS	281	0	16151	763008
HS	280	0	16284	779292
HS	279	0	16693	795985
HS	278	0	17035	813020
HS	277	0	17419	830439
HS	276	0	17806	848245
HS	275	0	18203	866448
HS	274	0	18234	884682
HS	273	0	18773	903455
HS	272	0	19114	922569
HS	271	0	19420	941989
HS	270	0	19482	961471
HS	269	0	19956	981427
HS	268	0	20295	1001722
HS	267	0	20899	1022621
HS	266	0	21014	1043635
HS	265	0	21464	1065099
HS	264	0	21904	1087003
HS	263	0	22411	1109414
HS	262	0	22922	1132336
HS	261	0	23274	1155610
HS	260	0	23896	1179506
HS	259	0	24110	1203616
HS	258	0	25084	1228700
HS	257	0	25052	1253752
HS	256	0	25454	1279206
HS	255	0	25908	1305114
HS	254	0	26275	1331389
HS	253	0	26967	1358356
HS	252	0	27169	1385525
HS	251	0	27986	1413511
HS	250	0	28119	1441630
HS	249	0	28601	1470231
HS	248	0	28766	1498997
HS	247	0	28886	1527883
HS	246	0	29765	1557648
HS	245	0	30016	1587664
HS	244	0	30005	1617669
HS	243	0	30639	1648308
HS	242	0	30672	1678980
HS	241	0	31530	1710510
HS	240	0	31322	1741832
HS	239	0	32034	1773866
HS	238	0	32134	1806000
HS	237	0	32661	1838661
HS	236	0	33199	1871860
HS	235	0	33443	1905303
HS	234	0	34181	1939484
HS	233	0	33849	1973333
HS	232	0	34704	2008037
HS	231	0	34762	2042799
HS	230	0	35742	2078541
HS	229	0	36162	2114703
HS	228	0	36133	2150836
HS	227	0	36278	2187114
HS	226	0	36333	2223447
HS	225	0	36394	2259841
HS	224	0	36570	2296411
HS	223	0	37053	2333464
HS	222	0	36927	2370391
HS	221	0	37360	2407751
HS	220	0	37451	2445202
HS	219	0	37488	2482690
HS	218	0	37924	2520614
HS	217	0	37610	2558224
HS	216	0	37387	2595611
HS	215	0	37947	2633558
HS	214	0	38239	2671797
HS	213	0	37994	2709791
HS	212	0	38043	2747834
HS	211	0	38419	2786253
HS	210	0	38831	2825084
HS	209	0	38880	2863964
HS	208	0	39268	2903232
HS	207	0	38364	2941596
HS	206	0	38680	2980276
HS	205	0	38771	3019047
HS	204	0	39071	3058118
HS	203	0	38810	3096928
HS	202	0	38836	3135764
HS	201	0	38490	3174254
HS	200	0	38933	3213187
HS	199	0	38415	3251602
HS	198	0	38615	3290217
HS	197	0	38380	3328597
HS	196	0	37838	3366435
HS	195	0	37855	3404290
HS	194	0	37659	3441949
HS	193	0	37536	3479485
HS	192	0	37060	3516545
HS	191	0	36668	3553213
HS	190	0	36540	3589753
HS	189	0	36355	3626108
HS	188	0	36399	3662507
HS	187	0	35817	3698324
HS	186	0	35527	3733851
HS	185	0	35345	3769196
HS	184	0	35033	3804229
HS	183	0	34654	3838883
HS	182	0	34553	3873436
HS	181	0	33716	3907152
HS	180	0	33510	3940662
HS	179	0	33100	3973762
HS	178	0	32513	4006275
HS	177	0	32292	4038567
HS	176	0	31987	4070554
HS	175	0	31454	4102008
HS	174	0	31129	4133137
HS	173	0	30694	4163831
HS	172	0	30316	4194147
HS	171	0	29713	4223860
HS	170	0	29286	4253146
HS	169	0	28953	4282099
HS	168	0	28258	4310357
HS	167	0	27686	4338043
HS	166	0	27411	4365454
HS	165	0	27056	4392510
HS	164	0	26376	4418886
HS	163	0	26131	4445017
HS	162	0	25195	4470212
HS	161	0	24653	4494865
HS	160	0	23827	4518692
HS	159	0	23596	4542288
HS	158	0	23321	4565609
HS	157	0	22629	4588238
HS	156	0	22064	4610302
HS	155	0	21876	4632178
HS	154	0	20918	4653096
HS	153	0	20348	4673444
HS	152	0	19529	4692973
HS	151	0	19163	4712136
HS	150	0	18519	4730655
HS	149	0	17759	4748414
HS	148	0	17297	4765711
HS	147	0	16803	4782514
HS	146	0	16306	4798820
HS	145	0	15798	4814618
HS	144	0	15596	4830214
HS	143	0	14853	4845067
HS	142	0	14438	4859505
HS	141	0	13859	4873364
HS	140	0	13458	4886822
HS	139	0	12772	4899594
HS	138	0	12514	4912108
HS	137	0	12250	4924358
HS	136	0	11839	4936197
HS	135	0	11500	4947697
HS	134	0	10913	4958610
HS	133	0	10552	4969162
HS	132	0	10150	4979312
HS	131	0	9664	4988976
HS	130	0	9177	4998153
HS	129	0	8760	5006913
HS	128	0	8372	5015285
HS	127	0	7963	5023248
HS	126	0	7884	5031132
HS	125	0	7237	5038369
HS	124	0	7059	5045428
HS	123	0	6996	5052424
HS	122	0	6584	5059008
HS	121	0	6408	5065416
HS	120	0	6159	5071575
HS	119	0	5877	5077452
HS	118	0	5632	5083084
HS	117	0	5330	5088414
HS	116	0	5100	5093514
HS	115	0	4867	5098381
HS	114	0	4651	5103032
HS	113	0	4489	5107521
HS	112	0	4339	5111860
HS	111	0	3944	5115804
HS	110	0	3708	5119512
HS	109	0	3570	5123082
HS	108	0	3284	5126366
HS	107	0	3180	5129546
HS	106	0	2937	5132483
HS	105	0	2871	5135354
HS	104	0	2645	5137999
HS	103	0	2591	5140590
HS	102	0	2392	5142982
HS	101	0	2329	5145311
HS	100	0	2165	5147476
HS	99	0	2027	5149503
HS	98	0	1919	5151422
HS	97	0	1806	5153228
HS	96	0	1691	5154919
HS	95	0	1529	5156448
HS	94	0	1517	5157965
HS	93	0	1404	5159369
HS	92	0	1344	5160713
HS	91	0	1240	5161953
HS	90	0	1244	5163197
HS	89	0	1182	5164379
HS	88	0	1180	5165559
HS	87	0	1095	5166654
HS	86	0	1041	5167695
HS	85	0	1001	5168696
HS	84	0	874	5169570
HS	83	0	906	5170476
HS	82	0	797	5171273
HS	81	0	782	5172055
HS	80	0	708	5172763
HS	79	0	654	5173417
HS	78	0	628	5174045
HS	77	0	656	5174701
HS	76	0	599	5175300
HS	75	0	552	5175852
HS	74	0	509	5176361
HS	73	0	481	5176842
HS	72	0	435	5177277
HS	71	0	415	5177692
HS	70	0	449	5178141
HS	69	0	409	5178550
HS	68	0	409	5178959
HS	67	0	382	5179341
HS	66	0	377	5179718
HS	65	0	350	5180068
HS	64	0	361	5180429
HS	63	0	364	5180793
HS	62	0	309	5181102
HS	61	0	307	5181409
HS	60	0	314	5181723
HS	59	0	299	5182022
HS	58	0	333	5182355
HS	57	0	312	5182667
HS	56	0	346	5183013
HS	55	0	322	5183335
HS	54	0	341	5183676
HS	53	0	355	5184031
HS	52	0	381	5184412
HS	51	0	408	5184820
HS	50	0	421	5185241
HS	49	0	396	5185637
HS	48	0	404	5186041
HS	47	0	448	5186489
HS	46	0	467	5186956
HS	45	0	467	5187423
HS	44	0	528	5187951
HS	43	0	539	5188490
HS	42	0	613	5189103
HS	41	0	589	5189692
HS	40	0	628	5190320
HS	39	0	681	5191001
HS	38	0	675	5191676
HS	37	0	852	5192528
HS	36	0	1027	5193555
HS	35	0	1097	5194652
HS	34	0	1169	5195821
HS	33	0	1375	5197196
HS	32	0	1634	5198830
HS	31	0	1653	5200483
HS	30	0	1964	5202447
HS	29	0	2244	5204691
HS	28	0	2461	5207152
HS	27	0	2863	5210015
HS	26	0	3390	5213405
HS	25	0	3838	5217243
HS	24	0	4634	5221877
HS	23	0	5310	5227187
HS	22	0	6716	5233903
HS	21	0	7972	5241875
HS	20	0	9261	5251136
HS	19	0	10886	5262022
HS	18	0	13046	5275068
HS	17	0	15864	5290932
HS	16	0	18973	5309905
HS	15	0	23124	5333029
HS	14	0	28711	5361740
HS	13	0	36083	5397823
HS	12	0	45777	5443600
HS	11	0	58841	5502441
HS	10	0	75971	5578412
HS	9	0	103929	5682341
HS	8	0	142870	5825211
HS	7	0	210498	6035709
HS	6	0	332604	6368313
HS	5	0	583259	6951572
HS	4	0	1187250	8138822
HS	3	0	3033660	11172482
HS	2	0	11084333	22256815
HS	1	0	0	22256815
HS	0	0	0	22256815
