CC	CT  kmer_occurrence    short_read_kmer_count  raw_input_kmer_count  adjusted_input_kmer_count
CC	FR  fpr_lower_bound    fpr_upper_bound
CC	ER  total_input_kmers  adjusted_error_kmers
CC	CV  coverage
CC	QV  raw_quality_value  adjusted_quality_value
CC
SQ	JAVIVW010000002.1	297889	297859	297859	99.00
SQ	JAVIVW010000015.1	2018435	2018405	2018405	99.00
SQ	JAVIVW010000001.1	2383965	2383935	2383935	99.00
CT	1023	7412	42348	42348.000
CT	1022	2	10	10.000
CT	1021	4	17	17.000
CT	1020	4	19	19.000
CT	1019	3	14	14.000
CT	1018	2	10	10.000
CT	1017	4	18	18.000
CT	1016	2	8	8.000
CT	1015	6	28	28.000
CT	1014	2	9	9.000
CT	1013	3	12	12.000
CT	1012	3	12	12.000
CT	1011	2	10	10.000
CT	1010	3	12	12.000
CT	1009	3	10	10.000
CT	1008	1	5	5.000
CT	1007	1	4	4.000
CT	1006	4	12	12.000
CT	1005	5	22	22.000
CT	1004	5	24	24.000
CT	1003	3	15	15.000
CT	1002	8	35	35.000
CT	1001	4	20	20.000
CT	1000	7	30	30.000
CT	999	2	9	9.000
CT	998	3	12	12.000
CT	997	4	16	16.000
CT	996	2	10	10.000
CT	995	5	15	15.000
CT	994	4	17	17.000
CT	993	3	14	14.000
CT	992	2	8	8.000
CT	991	3	12	12.000
CT	990	5	17	17.000
CT	989	6	17	17.000
CT	988	4	16	16.000
CT	987	3	8	8.000
CT	986	7	29	29.000
CT	985	4	18	18.000
CT	984	5	22	22.000
CT	983	9	34	34.000
CT	982	8	33	33.000
CT	981	5	18	18.000
CT	980	6	28	28.000
CT	979	3	12	12.000
CT	978	4	18	18.000
CT	977	8	34	34.000
CT	976	5	20	20.000
CT	975	2	8	8.000
CT	974	3	14	14.000
CT	973	4	19	19.000
CT	972	5	22	22.000
CT	971	5	19	19.000
CT	970	6	26	26.000
CT	969	4	18	18.000
CT	968	5	24	24.000
CT	967	5	21	21.000
CT	966	3	12	12.000
CT	965	4	17	17.000
CT	964	1	4	4.000
CT	963	6	18	18.000
CT	962	3	12	12.000
CT	961	8	31	31.000
CT	960	6	27	27.000
CT	959	11	60	60.000
CT	958	6	18	18.000
CT	957	11	43	43.000
CT	956	9	35	35.000
CT	955	5	26	26.000
CT	954	6	32	32.000
CT	953	5	22	22.000
CT	952	8	33	33.000
CT	951	5	20	20.000
CT	950	7	28	28.000
CT	949	4	15	15.000
CT	948	2	8	8.000
CT	947	5	25	25.000
CT	946	4	19	19.000
CT	945	5	24	24.000
CT	944	7	26	26.000
CT	943	4	16	16.000
CT	942	5	16	16.000
CT	941	3	12	12.000
CT	940	5	23	23.000
CT	939	7	33	33.000
CT	938	6	23	23.000
CT	937	9	37	37.000
CT	936	3	10	10.000
CT	935	2	10	10.000
CT	934	7	28	28.000
CT	933	2	9	9.000
CT	932	4	13	13.000
CT	931	6	30	30.000
CT	930	5	20	20.000
CT	929	3	14	14.000
CT	928	2	8	8.000
CT	927	5	21	21.000
CT	926	0	0	0.000
CT	925	5	21	21.000
CT	924	7	25	25.000
CT	923	3	12	12.000
CT	922	6	20	20.000
CT	921	2	8	8.000
CT	920	6	28	28.000
CT	919	7	30	30.000
CT	918	4	17	17.000
CT	917	7	25	25.000
CT	916	6	27	27.000
CT	915	7	31	31.000
CT	914	4	17	17.000
CT	913	14	45	45.000
CT	912	6	24	24.000
CT	911	2	9	9.000
CT	910	9	38	38.000
CT	909	5	21	21.000
CT	908	7	29	29.000
CT	907	4	17	17.000
CT	906	11	40	40.000
CT	905	4	16	16.000
CT	904	1	4	4.000
CT	903	8	32	32.000
CT	902	6	19	19.000
CT	901	7	33	33.000
CT	900	9	32	32.000
CT	899	10	41	41.000
CT	898	7	28	28.000
CT	897	4	17	17.000
CT	896	14	61	61.000
CT	895	5	24	24.000
CT	894	14	51	51.000
CT	893	12	51	51.000
CT	892	7	27	27.000
CT	891	10	32	32.000
CT	890	13	56	56.000
CT	889	7	32	32.000
CT	888	13	46	46.000
CT	887	17	64	64.000
CT	886	8	31	31.000
CT	885	6	23	23.000
CT	884	17	76	76.000
CT	883	7	24	24.000
CT	882	15	58	58.000
CT	881	10	40	40.000
CT	880	8	33	33.000
CT	879	14	57	57.000
CT	878	8	36	36.000
CT	877	8	25	25.000
CT	876	12	46	46.000
CT	875	12	45	45.000
CT	874	12	49	49.000
CT	873	8	29	29.000
CT	872	11	51	51.000
CT	871	10	40	40.000
CT	870	14	55	55.000
CT	869	8	31	31.000
CT	868	8	28	28.000
CT	867	14	58	58.000
CT	866	8	32	32.000
CT	865	6	27	27.000
CT	864	12	43	43.000
CT	863	11	34	34.000
CT	862	8	33	33.000
CT	861	6	22	22.000
CT	860	10	40	40.000
CT	859	7	28	28.000
CT	858	8	26	26.000
CT	857	4	17	17.000
CT	856	10	39	39.000
CT	855	12	45	45.000
CT	854	9	35	35.000
CT	853	15	57	57.000
CT	852	6	26	26.000
CT	851	13	50	50.000
CT	850	8	32	32.000
CT	849	14	62	62.000
CT	848	10	38	38.000
CT	847	13	46	46.000
CT	846	6	21	21.000
CT	845	9	34	34.000
CT	844	5	21	21.000
CT	843	8	35	35.000
CT	842	14	51	51.000
CT	841	13	49	49.000
CT	840	9	35	35.000
CT	839	10	37	37.000
CT	838	10	42	42.000
CT	837	11	48	48.000
CT	836	7	27	27.000
CT	835	5	21	21.000
CT	834	6	22	22.000
CT	833	10	41	41.000
CT	832	8	31	31.000
CT	831	10	47	47.000
CT	830	7	28	28.000
CT	829	5	20	20.000
CT	828	16	63	63.000
CT	827	4	16	16.000
CT	826	13	47	47.000
CT	825	14	52	52.000
CT	824	12	45	45.000
CT	823	14	56	56.000
CT	822	11	43	43.000
CT	821	14	56	56.000
CT	820	17	63	63.000
CT	819	13	49	49.000
CT	818	13	50	50.000
CT	817	10	29	29.000
CT	816	10	36	36.000
CT	815	15	59	59.000
CT	814	10	34	34.000
CT	813	14	53	53.000
CT	812	20	74	74.000
CT	811	21	75	75.000
CT	810	13	50	50.000
CT	809	18	57	57.000
CT	808	16	49	49.000
CT	807	21	72	72.000
CT	806	20	75	75.000
CT	805	17	60	60.000
CT	804	20	75	75.000
CT	803	14	46	46.000
CT	802	23	71	71.000
CT	801	15	53	53.000
CT	800	18	74	74.000
CT	799	25	92	92.000
CT	798	12	43	43.000
CT	797	14	42	42.000
CT	796	21	80	80.000
CT	795	16	51	51.000
CT	794	10	36	36.000
CT	793	12	42	42.000
CT	792	20	75	75.000
CT	791	21	65	65.000
CT	790	14	43	43.000
CT	789	9	27	27.000
CT	788	10	21	21.000
CT	787	13	51	51.000
CT	786	15	45	45.000
CT	785	12	44	44.000
CT	784	13	48	48.000
CT	783	17	56	56.000
CT	782	13	39	39.000
CT	781	17	66	66.000
CT	780	12	40	40.000
CT	779	17	58	58.000
CT	778	20	53	53.000
CT	777	11	32	32.000
CT	776	19	63	63.000
CT	775	20	68	68.000
CT	774	24	72	72.000
CT	773	19	50	50.000
CT	772	22	59	59.000
CT	771	12	34	34.000
CT	770	14	42	42.000
CT	769	14	44	44.000
CT	768	22	70	70.000
CT	767	19	51	51.000
CT	766	23	64	64.000
CT	765	18	58	58.000
CT	764	15	37	37.000
CT	763	16	45	45.000
CT	762	24	67	67.000
CT	761	27	75	75.000
CT	760	27	82	82.000
CT	759	17	48	48.000
CT	758	30	99	99.000
CT	757	15	43	43.000
CT	756	24	82	82.000
CT	755	17	52	52.000
CT	754	17	37	37.000
CT	753	32	89	89.000
CT	752	26	69	69.000
CT	751	19	56	56.000
CT	750	30	70	70.000
CT	749	17	41	41.000
CT	748	20	60	60.000
CT	747	25	79	79.000
CT	746	23	69	69.000
CT	745	25	67	67.000
CT	744	30	73	73.000
CT	743	25	71	71.000
CT	742	23	54	54.000
CT	741	25	71	71.000
CT	740	25	62	62.000
CT	739	27	81	81.000
CT	738	37	90	90.000
CT	737	30	88	88.000
CT	736	27	76	76.000
CT	735	39	102	102.000
CT	734	25	66	66.000
CT	733	28	74	74.000
CT	732	34	93	93.000
CT	731	32	103	103.000
CT	730	19	53	53.000
CT	729	25	71	71.000
CT	728	20	56	56.000
CT	727	16	49	49.000
CT	726	31	91	91.000
CT	725	22	53	53.000
CT	724	23	54	54.000
CT	723	27	78	78.000
CT	722	22	65	65.000
CT	721	22	72	72.000
CT	720	28	75	75.000
CT	719	24	64	64.000
CT	718	30	82	82.000
CT	717	28	77	77.000
CT	716	26	95	95.000
CT	715	21	61	61.000
CT	714	25	71	71.000
CT	713	25	65	65.000
CT	712	34	89	89.000
CT	711	30	88	88.000
CT	710	24	77	77.000
CT	709	30	65	65.000
CT	708	22	69	69.000
CT	707	20	52	52.000
CT	706	31	102	102.000
CT	705	19	58	58.000
CT	704	38	126	126.000
CT	703	28	85	85.000
CT	702	18	56	56.000
CT	701	28	89	89.000
CT	700	36	116	116.000
CT	699	33	95	95.000
CT	698	33	95	95.000
CT	697	21	60	60.000
CT	696	35	94	94.000
CT	695	31	99	99.000
CT	694	32	90	90.000
CT	693	25	80	80.000
CT	692	32	102	102.000
CT	691	22	65	65.000
CT	690	25	75	75.000
CT	689	18	46	46.000
CT	688	30	79	79.000
CT	687	29	83	83.000
CT	686	19	59	59.000
CT	685	23	69	69.000
CT	684	31	88	88.000
CT	683	35	101	101.000
CT	682	29	81	81.000
CT	681	35	104	104.000
CT	680	31	90	90.000
CT	679	31	96	96.000
CT	678	28	77	77.000
CT	677	36	107	107.000
CT	676	30	82	82.000
CT	675	25	73	73.000
CT	674	23	66	66.000
CT	673	27	80	80.000
CT	672	29	80	80.000
CT	671	31	89	89.000
CT	670	27	76	76.000
CT	669	28	83	83.000
CT	668	21	57	57.000
CT	667	32	93	93.000
CT	666	29	81	81.000
CT	665	37	108	108.000
CT	664	23	64	64.000
CT	663	30	100	100.000
CT	662	41	122	122.000
CT	661	24	69	69.000
CT	660	27	84	84.000
CT	659	18	54	54.000
CT	658	31	90	90.000
CT	657	34	98	98.000
CT	656	33	94	94.000
CT	655	22	61	61.000
CT	654	28	78	78.000
CT	653	30	84	84.000
CT	652	24	73	73.000
CT	651	28	85	85.000
CT	650	28	86	86.000
CT	649	18	50	50.000
CT	648	32	91	91.000
CT	647	21	68	68.000
CT	646	29	85	85.000
CT	645	25	78	78.000
CT	644	16	45	45.000
CT	643	25	68	68.000
CT	642	25	77	77.000
CT	641	25	77	77.000
CT	640	20	62	62.000
CT	639	30	93	93.000
CT	638	15	47	47.000
CT	637	19	54	54.000
CT	636	27	87	87.000
CT	635	16	43	43.000
CT	634	22	67	67.000
CT	633	15	48	48.000
CT	632	17	48	48.000
CT	631	23	63	63.000
CT	630	16	44	44.000
CT	629	33	89	89.000
CT	628	18	41	41.000
CT	627	24	68	68.000
CT	626	27	82	82.000
CT	625	21	52	52.000
CT	624	17	49	49.000
CT	623	23	70	70.000
CT	622	37	102	102.000
CT	621	29	85	85.000
CT	620	37	87	87.000
CT	619	26	72	72.000
CT	618	34	89	89.000
CT	617	33	81	81.000
CT	616	27	72	72.000
CT	615	35	91	91.000
CT	614	27	68	68.000
CT	613	27	63	63.000
CT	612	36	84	84.000
CT	611	32	87	87.000
CT	610	32	92	92.000
CT	609	34	91	91.000
CT	608	36	105	105.000
CT	607	44	109	109.000
CT	606	40	90	90.000
CT	605	45	125	125.000
CT	604	31	71	71.000
CT	603	45	112	112.000
CT	602	34	78	78.000
CT	601	37	74	74.000
CT	600	45	112	112.000
CT	599	45	118	118.000
CT	598	38	90	90.000
CT	597	34	81	81.000
CT	596	34	83	83.000
CT	595	34	77	77.000
CT	594	31	81	81.000
CT	593	35	89	89.000
CT	592	32	85	85.000
CT	591	44	104	104.000
CT	590	39	94	94.000
CT	589	25	54	54.000
CT	588	41	109	109.000
CT	587	48	119	119.000
CT	586	37	84	84.000
CT	585	36	91	91.000
CT	584	38	93	93.000
CT	583	31	72	72.000
CT	582	32	73	73.000
CT	581	35	78	78.000
CT	580	51	107	107.000
CT	579	40	96	96.000
CT	578	46	104	104.000
CT	577	49	112	112.000
CT	576	51	91	91.000
CT	575	49	110	110.000
CT	574	51	116	116.000
CT	573	37	80	80.000
CT	572	50	94	94.000
CT	571	44	99	99.000
CT	570	60	143	143.000
CT	569	48	94	94.000
CT	568	58	120	120.000
CT	567	48	87	87.000
CT	566	50	84	84.000
CT	565	51	94	94.000
CT	564	71	154	154.000
CT	563	55	123	123.000
CT	562	61	126	126.000
CT	561	44	101	101.000
CT	560	57	112	112.000
CT	559	66	163	163.000
CT	558	62	125	125.000
CT	557	49	96	96.000
CT	556	84	170	170.000
CT	555	64	116	116.000
CT	554	68	124	124.000
CT	553	68	143	143.000
CT	552	62	129	129.000
CT	551	59	120	120.000
CT	550	68	137	137.000
CT	549	58	112	112.000
CT	548	60	118	118.000
CT	547	52	105	105.000
CT	546	72	135	135.000
CT	545	74	147	147.000
CT	544	66	115	115.000
CT	543	82	152	152.000
CT	542	81	146	146.000
CT	541	75	130	130.000
CT	540	76	151	151.000
CT	539	85	155	155.000
CT	538	74	133	133.000
CT	537	91	166	166.000
CT	536	72	126	126.000
CT	535	85	162	162.000
CT	534	80	145	145.000
CT	533	91	164	164.000
CT	532	72	143	143.000
CT	531	117	229	229.000
CT	530	81	134	134.000
CT	529	75	122	122.000
CT	528	90	149	149.000
CT	527	99	172	172.000
CT	526	89	171	171.000
CT	525	67	115	115.000
CT	524	109	219	219.000
CT	523	117	217	217.000
CT	522	102	194	194.000
CT	521	90	160	160.000
CT	520	92	176	176.000
CT	519	105	184	184.000
CT	518	126	219	219.000
CT	517	106	197	197.000
CT	516	100	186	186.000
CT	515	118	210	210.000
CT	514	119	194	194.000
CT	513	124	193	193.000
CT	512	127	205	205.000
CT	511	138	218	218.000
CT	510	109	160	160.000
CT	509	126	190	190.000
CT	508	116	193	193.000
CT	507	125	178	178.000
CT	506	145	233	233.000
CT	505	137	218	218.000
CT	504	108	187	187.000
CT	503	122	179	179.000
CT	502	145	239	239.000
CT	501	153	245	245.000
CT	500	134	194	194.000
CT	499	148	239	239.000
CT	498	135	202	202.000
CT	497	155	229	229.000
CT	496	167	248	248.000
CT	495	182	289	289.000
CT	494	169	240	240.000
CT	493	192	298	298.000
CT	492	193	277	277.000
CT	491	177	261	261.000
CT	490	168	247	247.000
CT	489	186	253	253.000
CT	488	214	277	277.000
CT	487	198	270	270.000
CT	486	158	190	190.000
CT	485	190	254	254.000
CT	484	191	234	234.000
CT	483	215	290	290.000
CT	482	178	224	224.000
CT	481	182	235	235.000
CT	480	198	260	260.000
CT	479	204	283	283.000
CT	478	214	290	290.000
CT	477	213	268	268.000
CT	476	237	289	289.000
CT	475	218	264	264.000
CT	474	232	300	300.000
CT	473	230	277	277.000
CT	472	242	285	285.000
CT	471	256	288	288.000
CT	470	256	314	314.000
CT	469	246	268	268.000
CT	468	282	329	329.000
CT	467	288	345	345.000
CT	466	260	301	301.000
CT	465	297	334	334.000
CT	464	286	315	315.000
CT	463	262	299	299.000
CT	462	292	333	333.000
CT	461	305	334	334.000
CT	460	293	331	331.000
CT	459	265	280	280.000
CT	458	313	334	334.000
CT	457	330	387	387.000
CT	456	322	350	350.000
CT	455	331	359	359.000
CT	454	326	364	364.000
CT	453	378	409	409.000
CT	452	338	351	351.000
CT	451	385	422	422.000
CT	450	367	387	387.000
CT	449	425	441	441.000
CT	448	446	466	466.000
CT	447	456	500	500.000
CT	446	452	487	487.000
CT	445	488	523	523.000
CT	444	486	490	490.000
CT	443	476	472	472.000
CT	442	548	566	566.000
CT	441	525	557	557.000
CT	440	548	584	584.000
CT	439	540	584	584.000
CT	438	591	603	603.000
CT	437	605	625	625.000
CT	436	639	660	660.000
CT	435	619	614	614.000
CT	434	695	724	724.000
CT	433	695	697	697.000
CT	432	704	726	726.000
CT	431	706	699	699.000
CT	430	752	733	733.000
CT	429	784	780	780.000
CT	428	765	752	752.000
CT	427	795	798	798.000
CT	426	763	747	747.000
CT	425	794	789	789.000
CT	424	803	781	781.000
CT	423	817	810	810.000
CT	422	896	881	881.000
CT	421	847	836	836.000
CT	420	928	918	918.000
CT	419	930	905	905.000
CT	418	928	906	906.000
CT	417	948	940	940.000
CT	416	972	929	929.000
CT	415	1012	997	997.000
CT	414	1014	995	995.000
CT	413	1015	1001	1001.000
CT	412	1070	1059	1059.000
CT	411	1115	1088	1088.000
CT	410	1133	1105	1105.000
CT	409	1153	1107	1107.000
CT	408	1127	1067	1067.000
CT	407	1095	1098	1098.000
CT	406	1181	1161	1161.000
CT	405	1227	1192	1192.000
CT	404	1329	1305	1305.000
CT	403	1258	1211	1211.000
CT	402	1347	1300	1300.000
CT	401	1357	1307	1307.000
CT	400	1400	1330	1330.000
CT	399	1434	1382	1382.000
CT	398	1459	1397	1397.000
CT	397	1543	1476	1476.000
CT	396	1495	1446	1446.000
CT	395	1611	1546	1546.000
CT	394	1652	1576	1576.000
CT	393	1676	1592	1592.000
CT	392	1679	1621	1621.000
CT	391	1710	1637	1637.000
CT	390	1674	1614	1614.000
CT	389	1805	1719	1719.000
CT	388	1857	1767	1767.000
CT	387	1843	1778	1778.000
CT	386	1900	1783	1783.000
CT	385	1976	1883	1883.000
CT	384	1925	1835	1835.000
CT	383	1939	1854	1854.000
CT	382	2102	2013	2013.000
CT	381	2131	2046	2046.000
CT	380	2161	2094	2094.000
CT	379	2208	2122	2122.000
CT	378	2272	2190	2190.000
CT	377	2313	2201	2201.000
CT	376	2457	2340	2340.000
CT	375	2373	2250	2250.000
CT	374	2453	2317	2317.000
CT	373	2569	2434	2434.000
CT	372	2702	2557	2557.000
CT	371	2751	2621	2621.000
CT	370	2867	2728	2728.000
CT	369	2925	2738	2738.000
CT	368	2949	2788	2788.000
CT	367	3029	2832	2832.000
CT	366	3153	2980	2980.000
CT	365	3122	2968	2968.000
CT	364	3264	3095	3095.000
CT	363	3366	3163	3163.000
CT	362	3427	3216	3216.000
CT	361	3496	3344	3344.000
CT	360	3632	3430	3430.000
CT	359	3701	3489	3489.000
CT	358	3876	3623	3623.000
CT	357	3782	3528	3528.000
CT	356	4080	3840	3840.000
CT	355	4153	3874	3874.000
CT	354	4203	3946	3946.000
CT	353	4213	3946	3946.000
CT	352	4554	4313	4313.000
CT	351	4493	4242	4242.000
CT	350	4653	4415	4415.000
CT	349	4726	4453	4453.000
CT	348	4914	4662	4662.000
CT	347	4830	4586	4586.000
CT	346	5153	4884	4884.000
CT	345	5125	4871	4871.000
CT	344	5249	4973	4973.000
CT	343	5383	5091	5091.000
CT	342	5391	5156	5156.000
CT	341	5630	5350	5350.000
CT	340	5744	5469	5469.000
CT	339	5846	5566	5566.000
CT	338	6150	5860	5860.000
CT	337	6188	5841	5841.000
CT	336	6302	5993	5993.000
CT	335	6310	6000	6000.000
CT	334	6568	6283	6283.000
CT	333	6677	6396	6396.000
CT	332	6961	6657	6657.000
CT	331	6906	6582	6582.000
CT	330	7003	6656	6656.000
CT	329	7111	6773	6773.000
CT	328	6997	6698	6698.000
CT	327	7392	7078	7078.000
CT	326	7393	7094	7094.000
CT	325	7533	7202	7202.000
CT	324	7669	7339	7339.000
CT	323	7796	7488	7488.000
CT	322	7657	7328	7328.000
CT	321	7875	7571	7571.000
CT	320	8052	7764	7764.000
CT	319	8104	7799	7799.000
CT	318	8047	7754	7754.000
CT	317	8477	8156	8156.000
CT	316	8599	8258	8258.000
CT	315	8497	8168	8168.000
CT	314	8666	8366	8366.000
CT	313	9123	8755	8755.000
CT	312	9136	8795	8795.000
CT	311	9278	8973	8973.000
CT	310	9450	9167	9167.000
CT	309	9618	9279	9279.000
CT	308	9692	9365	9365.000
CT	307	10003	9698	9698.000
CT	306	9990	9681	9681.000
CT	305	10402	10095	10095.000
CT	304	10435	10133	10133.000
CT	303	10629	10336	10336.000
CT	302	10576	10301	10301.000
CT	301	10928	10616	10616.000
CT	300	10993	10674	10674.000
CT	299	11122	10818	10818.000
CT	298	11516	11214	11214.000
CT	297	11567	11224	11224.000
CT	296	11898	11558	11558.000
CT	295	11974	11620	11620.000
CT	294	12468	12126	12126.000
CT	293	12449	12135	12135.000
CT	292	12794	12473	12473.000
CT	291	12988	12654	12654.000
CT	290	13093	12774	12774.000
CT	289	13488	13160	13160.000
CT	288	13469	13130	13130.000
CT	287	13837	13513	13513.000
CT	286	13949	13653	13653.000
CT	285	14321	14005	14005.000
CT	284	14531	14196	14196.000
CT	283	14757	14387	14387.000
CT	282	14919	14617	14617.000
CT	281	15124	14748	14748.000
CT	280	15362	15032	15032.000
CT	279	15593	15300	15300.000
CT	278	15823	15506	15506.000
CT	277	15495	15179	15179.000
CT	276	15866	15556	15556.000
CT	275	15830	15531	15531.000
CT	274	16247	15952	15952.000
CT	273	16202	15892	15892.000
CT	272	16787	16464	16464.000
CT	271	16723	16439	16439.000
CT	270	16804	16475	16475.000
CT	269	16983	16726	16726.000
CT	268	17395	17133	17133.000
CT	267	17642	17347	17347.000
CT	266	18259	17978	17978.000
CT	265	18127	17823	17823.000
CT	264	18393	18101	18101.000
CT	263	18255	17973	17973.000
CT	262	18756	18459	18459.000
CT	261	18890	18597	18597.000
CT	260	19215	18914	18914.000
CT	259	19226	18904	18904.000
CT	258	19521	19230	19230.000
CT	257	19902	19589	19589.000
CT	256	19364	19062	19062.000
CT	255	20100	19804	19804.000
CT	254	20021	19710	19710.000
CT	253	20520	20218	20218.000
CT	252	20765	20485	20485.000
CT	251	20950	20676	20676.000
CT	250	21259	20952	20952.000
CT	249	21206	20908	20908.000
CT	248	21636	21370	21370.000
CT	247	21888	21604	21604.000
CT	246	22048	21759	21759.000
CT	245	22021	21741	21741.000
CT	244	22783	22534	22534.000
CT	243	22802	22490	22490.000
CT	242	22870	22578	22578.000
CT	241	23200	22919	22919.000
CT	240	23466	23221	23221.000
CT	239	23611	23333	23333.000
CT	238	23721	23496	23496.000
CT	237	23727	23498	23498.000
CT	236	23854	23631	23631.000
CT	235	23820	23575	23575.000
CT	234	24311	24052	24052.000
CT	233	24432	24168	24168.000
CT	232	24441	24223	24223.000
CT	231	24453	24226	24226.000
CT	230	24964	24726	24726.000
CT	229	24739	24550	24550.000
CT	228	25183	24980	24980.000
CT	227	25243	25057	25057.000
CT	226	25581	25422	25422.000
CT	225	26150	25987	25987.000
CT	224	26028	25863	25863.000
CT	223	26422	26245	26245.000
CT	222	26573	26397	26397.000
CT	221	26445	26319	26319.000
CT	220	26905	26777	26777.000
CT	219	26865	26730	26730.000
CT	218	27226	27059	27059.000
CT	217	27435	27261	27261.000
CT	216	27409	27266	27266.000
CT	215	27657	27499	27499.000
CT	214	28116	27974	27974.000
CT	213	28117	27983	27983.000
CT	212	28664	28505	28505.000
CT	211	28511	28351	28351.000
CT	210	28709	28558	28558.000
CT	209	28842	28686	28686.000
CT	208	28610	28438	28438.000
CT	207	28749	28557	28557.000
CT	206	29194	29067	29067.000
CT	205	29259	29118	29118.000
CT	204	29551	29399	29399.000
CT	203	29271	29150	29150.000
CT	202	29596	29478	29478.000
CT	201	29298	29196	29196.000
CT	200	29504	29385	29385.000
CT	199	29463	29340	29340.000
CT	198	29915	29788	29788.000
CT	197	29801	29701	29701.000
CT	196	29871	29766	29766.000
CT	195	29987	29880	29880.000
CT	194	29955	29835	29835.000
CT	193	30384	30272	30272.000
CT	192	30412	30290	30290.000
CT	191	30510	30384	30384.000
CT	190	30523	30412	30412.000
CT	189	30397	30293	30293.000
CT	188	30452	30350	30350.000
CT	187	30763	30650	30650.000
CT	186	30463	30345	30345.000
CT	185	30005	29912	29912.000
CT	184	30490	30417	30417.000
CT	183	30315	30237	30237.000
CT	182	29474	29397	29397.000
CT	181	29577	29500	29500.000
CT	180	29726	29652	29652.000
CT	179	29456	29389	29389.000
CT	178	29225	29169	29169.000
CT	177	28700	28634	28634.000
CT	176	28853	28762	28762.000
CT	175	28491	28422	28422.000
CT	174	28848	28786	28786.000
CT	173	28395	28354	28354.000
CT	172	28283	28215	28215.000
CT	171	28058	27998	27998.000
CT	170	27686	27625	27625.000
CT	169	27523	27468	27468.000
CT	168	26875	26807	26807.000
CT	167	27102	27023	27023.000
CT	166	26916	26831	26831.000
CT	165	26682	26615	26615.000
CT	164	26371	26306	26306.000
CT	163	25721	25660	25660.000
CT	162	25941	25865	25865.000
CT	161	25284	25227	25227.000
CT	160	25102	25051	25051.000
CT	159	24873	24818	24818.000
CT	158	24591	24538	24538.000
CT	157	24185	24133	24133.000
CT	156	23944	23898	23898.000
CT	155	23481	23445	23445.000
CT	154	23488	23452	23452.000
CT	153	22841	22802	22802.000
CT	152	22588	22546	22546.000
CT	151	22517	22476	22476.000
CT	150	22494	22441	22441.000
CT	149	21951	21900	21900.000
CT	148	21280	21232	21232.000
CT	147	21115	21083	21083.000
CT	146	20562	20510	20510.000
CT	145	20123	20081	20081.000
CT	144	20088	20055	20055.000
CT	143	19060	19006	19006.000
CT	142	18757	18723	18723.000
CT	141	18570	18527	18527.000
CT	140	17835	17801	17801.000
CT	139	17527	17496	17496.000
CT	138	16877	16850	16850.000
CT	137	16369	16325	16325.000
CT	136	15844	15816	15816.000
CT	135	15404	15382	15382.000
CT	134	15003	14974	14974.000
CT	133	14467	14450	14450.000
CT	132	14091	14066	14066.000
CT	131	13576	13552	13552.000
CT	130	13205	13174	13174.000
CT	129	12696	12657	12657.000
CT	128	12438	12412	12412.000
CT	127	11856	11827	11827.000
CT	126	11574	11553	11553.000
CT	125	11099	11072	11072.000
CT	124	10745	10724	10724.000
CT	123	10450	10425	10425.000
CT	122	9861	9836	9836.000
CT	121	9575	9544	9544.000
CT	120	9074	9049	9049.000
CT	119	8739	8722	8722.000
CT	118	8262	8236	8236.000
CT	117	7813	7797	7797.000
CT	116	7531	7511	7511.000
CT	115	7108	7093	7093.000
CT	114	6531	6509	6509.000
CT	113	6466	6448	6448.000
CT	112	5942	5924	5924.000
CT	111	5593	5568	5568.000
CT	110	5204	5179	5179.000
CT	109	5000	4973	4973.000
CT	108	4853	4825	4825.000
CT	107	4311	4290	4290.000
CT	106	4092	4071	4071.000
CT	105	4053	4026	4026.000
CT	104	3636	3621	3621.000
CT	103	3479	3458	3458.000
CT	102	3290	3269	3269.000
CT	101	3046	3023	3023.000
CT	100	2998	2976	2976.000
CT	99	2763	2738	2738.000
CT	98	2618	2600	2600.000
CT	97	2496	2468	2468.000
CT	96	2404	2371	2371.000
CT	95	2229	2204	2204.000
CT	94	1979	1957	1957.000
CT	93	1790	1775	1775.000
CT	92	1769	1735	1735.000
CT	91	1640	1619	1619.000
CT	90	1511	1491	1491.000
CT	89	1497	1471	1471.000
CT	88	1389	1360	1360.000
CT	87	1339	1312	1312.000
CT	86	1322	1294	1294.000
CT	85	1125	1100	1100.000
CT	84	1101	1076	1076.000
CT	83	1063	1046	1046.000
CT	82	944	928	928.000
CT	81	945	917	917.000
CT	80	866	840	840.000
CT	79	821	791	791.000
CT	78	738	718	718.000
CT	77	667	644	644.000
CT	76	666	640	640.000
CT	75	563	533	533.000
CT	74	479	446	446.000
CT	73	379	351	351.000
CT	72	329	309	309.000
CT	71	300	278	278.000
CT	70	307	273	273.000
CT	69	273	224	224.000
CT	68	240	196	196.000
CT	67	223	200	200.000
CT	66	216	182	182.000
CT	65	175	145	145.000
CT	64	152	118	118.000
CT	63	169	119	119.000
CT	62	127	90	90.000
CT	61	115	73	73.000
CT	60	136	85	85.000
CT	59	133	91	91.000
CT	58	113	74	74.000
CT	57	127	61	61.000
CT	56	128	77	77.000
CT	55	119	56	56.000
CT	54	123	46	46.000
CT	53	106	50	50.000
CT	52	113	44	44.000
CT	51	140	58	58.000
CT	50	123	28	28.000
CT	49	114	27	27.000
CT	48	130	21	21.000
CT	47	118	14	14.000
CT	46	121	19	19.000
CT	45	114	7	7.000
CT	44	132	7	7.000
CT	43	124	10	10.000
CT	42	136	11	11.000
CT	41	121	9	9.000
CT	40	162	3	3.000
CT	39	145	4	4.000
CT	38	147	8	8.000
CT	37	187	6	6.000
CT	36	206	8	8.000
CT	35	242	4	4.000
CT	34	255	8	8.000
CT	33	280	6	6.000
CT	32	285	6	6.000
CT	31	306	5	5.000
CT	30	314	4	4.000
CT	29	351	19	19.000
CT	28	390	3	3.000
CT	27	447	7	7.000
CT	26	519	7	7.000
CT	25	548	7	7.000
CT	24	699	7	7.000
CT	23	720	4	4.000
CT	22	904	3	3.000
CT	21	1005	0	0.000
CT	20	1130	0	0.000
CT	19	1471	0	0.000
CT	18	1632	0	0.000
CT	17	2184	0	0.000
CT	16	2838	0	0.000
CT	15	3524	0	0.000
CT	14	4142	0	0.000
CT	13	5207	0	0.000
CT	12	6756	0	0.000
CT	11	8977	0	0.000
CT	10	13663	0	0.000
CT	9	19434	0	0.000
CT	8	30276	0	0.000
CT	7	52440	0	0.000
CT	6	99776	0	0.000
CT	5	206392	0	0.000
CT	4	505090	0	0.000
CT	3	1574152	0	0.000
CT	2	8996672	0	0.000
CT	1	0	0	-nan
CT	0	0	0	-nan
FR	0	0
ER	4700199	0.000
CV	0.996
QV	inf	inf
