HS	1023	0	7412	7412
HS	1022	0	2	7414
HS	1021	0	4	7418
HS	1020	0	4	7422
HS	1019	0	3	7425
HS	1018	0	2	7427
HS	1017	0	4	7431
HS	1016	0	2	7433
HS	1015	0	6	7439
HS	1014	0	2	7441
HS	1013	0	3	7444
HS	1012	0	3	7447
HS	1011	0	2	7449
HS	1010	0	3	7452
HS	1009	0	3	7455
HS	1008	0	1	7456
HS	1007	0	1	7457
HS	1006	0	4	7461
HS	1005	0	5	7466
HS	1004	0	5	7471
HS	1003	0	3	7474
HS	1002	0	8	7482
HS	1001	0	4	7486
HS	1000	0	7	7493
HS	999	0	2	7495
HS	998	0	3	7498
HS	997	0	4	7502
HS	996	0	2	7504
HS	995	0	5	7509
HS	994	0	4	7513
HS	993	0	3	7516
HS	992	0	2	7518
HS	991	0	3	7521
HS	990	0	5	7526
HS	989	0	6	7532
HS	988	0	4	7536
HS	987	0	3	7539
HS	986	0	7	7546
HS	985	0	4	7550
HS	984	0	5	7555
HS	983	0	9	7564
HS	982	0	8	7572
HS	981	0	5	7577
HS	980	0	6	7583
HS	979	0	3	7586
HS	978	0	4	7590
HS	977	0	8	7598
HS	976	0	5	7603
HS	975	0	2	7605
HS	974	0	3	7608
HS	973	0	4	7612
HS	972	0	5	7617
HS	971	0	5	7622
HS	970	0	6	7628
HS	969	0	4	7632
HS	968	0	5	7637
HS	967	0	5	7642
HS	966	0	3	7645
HS	965	0	4	7649
HS	964	0	1	7650
HS	963	0	6	7656
HS	962	0	3	7659
HS	961	0	8	7667
HS	960	0	6	7673
HS	959	0	11	7684
HS	958	0	6	7690
HS	957	0	11	7701
HS	956	0	9	7710
HS	955	0	5	7715
HS	954	0	6	7721
HS	953	0	5	7726
HS	952	0	8	7734
HS	951	0	5	7739
HS	950	0	7	7746
HS	949	0	4	7750
HS	948	0	2	7752
HS	947	0	5	7757
HS	946	0	4	7761
HS	945	0	5	7766
HS	944	0	7	7773
HS	943	0	4	7777
HS	942	0	5	7782
HS	941	0	3	7785
HS	940	0	5	7790
HS	939	0	7	7797
HS	938	0	6	7803
HS	937	0	9	7812
HS	936	0	3	7815
HS	935	0	2	7817
HS	934	0	7	7824
HS	933	0	2	7826
HS	932	0	4	7830
HS	931	0	6	7836
HS	930	0	5	7841
HS	929	0	3	7844
HS	928	0	2	7846
HS	927	0	5	7851
HS	926	0	0	7851
HS	925	0	5	7856
HS	924	0	7	7863
HS	923	0	3	7866
HS	922	0	6	7872
HS	921	0	2	7874
HS	920	0	6	7880
HS	919	0	7	7887
HS	918	0	4	7891
HS	917	0	7	7898
HS	916	0	6	7904
HS	915	0	7	7911
HS	914	0	4	7915
HS	913	0	14	7929
HS	912	0	6	7935
HS	911	0	2	7937
HS	910	0	9	7946
HS	909	0	5	7951
HS	908	0	7	7958
HS	907	0	4	7962
HS	906	0	11	7973
HS	905	0	4	7977
HS	904	0	1	7978
HS	903	0	8	7986
HS	902	0	6	7992
HS	901	0	7	7999
HS	900	0	9	8008
HS	899	0	10	8018
HS	898	0	7	8025
HS	897	0	4	8029
HS	896	0	14	8043
HS	895	0	5	8048
HS	894	0	14	8062
HS	893	0	12	8074
HS	892	0	7	8081
HS	891	0	10	8091
HS	890	0	13	8104
HS	889	0	7	8111
HS	888	0	13	8124
HS	887	0	17	8141
HS	886	0	8	8149
HS	885	0	6	8155
HS	884	0	17	8172
HS	883	0	7	8179
HS	882	0	15	8194
HS	881	0	10	8204
HS	880	0	8	8212
HS	879	0	14	8226
HS	878	0	8	8234
HS	877	0	8	8242
HS	876	0	12	8254
HS	875	0	12	8266
HS	874	0	12	8278
HS	873	0	8	8286
HS	872	0	11	8297
HS	871	0	10	8307
HS	870	0	14	8321
HS	869	0	8	8329
HS	868	0	8	8337
HS	867	0	14	8351
HS	866	0	8	8359
HS	865	0	6	8365
HS	864	0	12	8377
HS	863	0	11	8388
HS	862	0	8	8396
HS	861	0	6	8402
HS	860	0	10	8412
HS	859	0	7	8419
HS	858	0	8	8427
HS	857	0	4	8431
HS	856	0	10	8441
HS	855	0	12	8453
HS	854	0	9	8462
HS	853	0	15	8477
HS	852	0	6	8483
HS	851	0	13	8496
HS	850	0	8	8504
HS	849	0	14	8518
HS	848	0	10	8528
HS	847	0	13	8541
HS	846	0	6	8547
HS	845	0	9	8556
HS	844	0	5	8561
HS	843	0	8	8569
HS	842	0	14	8583
HS	841	0	13	8596
HS	840	0	9	8605
HS	839	0	10	8615
HS	838	0	10	8625
HS	837	0	11	8636
HS	836	0	7	8643
HS	835	0	5	8648
HS	834	0	6	8654
HS	833	0	10	8664
HS	832	0	8	8672
HS	831	0	10	8682
HS	830	0	7	8689
HS	829	0	5	8694
HS	828	0	16	8710
HS	827	0	4	8714
HS	826	0	13	8727
HS	825	0	14	8741
HS	824	0	12	8753
HS	823	0	14	8767
HS	822	0	11	8778
HS	821	0	14	8792
HS	820	0	17	8809
HS	819	0	13	8822
HS	818	0	13	8835
HS	817	0	10	8845
HS	816	0	10	8855
HS	815	0	15	8870
HS	814	0	10	8880
HS	813	0	14	8894
HS	812	0	20	8914
HS	811	0	21	8935
HS	810	0	13	8948
HS	809	0	18	8966
HS	808	0	16	8982
HS	807	0	21	9003
HS	806	0	20	9023
HS	805	0	17	9040
HS	804	0	20	9060
HS	803	0	14	9074
HS	802	0	23	9097
HS	801	0	15	9112
HS	800	0	18	9130
HS	799	0	25	9155
HS	798	0	12	9167
HS	797	0	14	9181
HS	796	0	21	9202
HS	795	0	16	9218
HS	794	0	10	9228
HS	793	0	12	9240
HS	792	0	20	9260
HS	791	0	21	9281
HS	790	0	14	9295
HS	789	0	9	9304
HS	788	0	10	9314
HS	787	0	13	9327
HS	786	0	15	9342
HS	785	0	12	9354
HS	784	0	13	9367
HS	783	0	17	9384
HS	782	0	13	9397
HS	781	0	17	9414
HS	780	0	12	9426
HS	779	0	17	9443
HS	778	0	20	9463
HS	777	0	11	9474
HS	776	0	19	9493
HS	775	0	20	9513
HS	774	0	24	9537
HS	773	0	19	9556
HS	772	0	22	9578
HS	771	0	12	9590
HS	770	0	14	9604
HS	769	0	14	9618
HS	768	0	22	9640
HS	767	0	19	9659
HS	766	0	23	9682
HS	765	0	18	9700
HS	764	0	15	9715
HS	763	0	16	9731
HS	762	0	24	9755
HS	761	0	27	9782
HS	760	0	27	9809
HS	759	0	17	9826
HS	758	0	30	9856
HS	757	0	15	9871
HS	756	0	24	9895
HS	755	0	17	9912
HS	754	0	17	9929
HS	753	0	32	9961
HS	752	0	26	9987
HS	751	0	19	10006
HS	750	0	30	10036
HS	749	0	17	10053
HS	748	0	20	10073
HS	747	0	25	10098
HS	746	0	23	10121
HS	745	0	25	10146
HS	744	0	30	10176
HS	743	0	25	10201
HS	742	0	23	10224
HS	741	0	25	10249
HS	740	0	25	10274
HS	739	0	27	10301
HS	738	0	37	10338
HS	737	0	30	10368
HS	736	0	27	10395
HS	735	0	39	10434
HS	734	0	25	10459
HS	733	0	28	10487
HS	732	0	34	10521
HS	731	0	32	10553
HS	730	0	19	10572
HS	729	0	25	10597
HS	728	0	20	10617
HS	727	0	16	10633
HS	726	0	31	10664
HS	725	0	22	10686
HS	724	0	23	10709
HS	723	0	27	10736
HS	722	0	22	10758
HS	721	0	22	10780
HS	720	0	28	10808
HS	719	0	24	10832
HS	718	0	30	10862
HS	717	0	28	10890
HS	716	0	26	10916
HS	715	0	21	10937
HS	714	0	25	10962
HS	713	0	25	10987
HS	712	0	34	11021
HS	711	0	30	11051
HS	710	0	24	11075
HS	709	0	30	11105
HS	708	0	22	11127
HS	707	0	20	11147
HS	706	0	31	11178
HS	705	0	19	11197
HS	704	0	38	11235
HS	703	0	28	11263
HS	702	0	18	11281
HS	701	0	28	11309
HS	700	0	36	11345
HS	699	0	33	11378
HS	698	0	33	11411
HS	697	0	21	11432
HS	696	0	35	11467
HS	695	0	31	11498
HS	694	0	32	11530
HS	693	0	25	11555
HS	692	0	32	11587
HS	691	0	22	11609
HS	690	0	25	11634
HS	689	0	18	11652
HS	688	0	30	11682
HS	687	0	29	11711
HS	686	0	19	11730
HS	685	0	23	11753
HS	684	0	31	11784
HS	683	0	35	11819
HS	682	0	29	11848
HS	681	0	35	11883
HS	680	0	31	11914
HS	679	0	31	11945
HS	678	0	28	11973
HS	677	0	36	12009
HS	676	0	30	12039
HS	675	0	25	12064
HS	674	0	23	12087
HS	673	0	27	12114
HS	672	0	29	12143
HS	671	0	31	12174
HS	670	0	27	12201
HS	669	0	28	12229
HS	668	0	21	12250
HS	667	0	32	12282
HS	666	0	29	12311
HS	665	0	37	12348
HS	664	0	23	12371
HS	663	0	30	12401
HS	662	0	41	12442
HS	661	0	24	12466
HS	660	0	27	12493
HS	659	0	18	12511
HS	658	0	31	12542
HS	657	0	34	12576
HS	656	0	33	12609
HS	655	0	22	12631
HS	654	0	28	12659
HS	653	0	30	12689
HS	652	0	24	12713
HS	651	0	28	12741
HS	650	0	28	12769
HS	649	0	18	12787
HS	648	0	32	12819
HS	647	0	21	12840
HS	646	0	29	12869
HS	645	0	25	12894
HS	644	0	16	12910
HS	643	0	25	12935
HS	642	0	25	12960
HS	641	0	25	12985
HS	640	0	20	13005
HS	639	0	30	13035
HS	638	0	15	13050
HS	637	0	19	13069
HS	636	0	27	13096
HS	635	0	16	13112
HS	634	0	22	13134
HS	633	0	15	13149
HS	632	0	17	13166
HS	631	0	23	13189
HS	630	0	16	13205
HS	629	0	33	13238
HS	628	0	18	13256
HS	627	0	24	13280
HS	626	0	27	13307
HS	625	0	21	13328
HS	624	0	17	13345
HS	623	0	23	13368
HS	622	0	37	13405
HS	621	0	29	13434
HS	620	0	37	13471
HS	619	0	26	13497
HS	618	0	34	13531
HS	617	0	33	13564
HS	616	0	27	13591
HS	615	0	35	13626
HS	614	0	27	13653
HS	613	0	27	13680
HS	612	0	36	13716
HS	611	0	32	13748
HS	610	0	32	13780
HS	609	0	34	13814
HS	608	0	36	13850
HS	607	0	44	13894
HS	606	0	40	13934
HS	605	0	45	13979
HS	604	0	31	14010
HS	603	0	45	14055
HS	602	0	34	14089
HS	601	0	37	14126
HS	600	0	45	14171
HS	599	0	45	14216
HS	598	0	38	14254
HS	597	0	34	14288
HS	596	0	34	14322
HS	595	0	34	14356
HS	594	0	31	14387
HS	593	0	35	14422
HS	592	0	32	14454
HS	591	0	44	14498
HS	590	0	39	14537
HS	589	0	25	14562
HS	588	0	41	14603
HS	587	0	48	14651
HS	586	0	37	14688
HS	585	0	36	14724
HS	584	0	38	14762
HS	583	0	31	14793
HS	582	0	32	14825
HS	581	0	35	14860
HS	580	0	51	14911
HS	579	0	40	14951
HS	578	0	46	14997
HS	577	0	49	15046
HS	576	0	51	15097
HS	575	0	49	15146
HS	574	0	51	15197
HS	573	0	37	15234
HS	572	0	50	15284
HS	571	0	44	15328
HS	570	0	60	15388
HS	569	0	48	15436
HS	568	0	58	15494
HS	567	0	48	15542
HS	566	0	50	15592
HS	565	0	51	15643
HS	564	0	71	15714
HS	563	0	55	15769
HS	562	0	61	15830
HS	561	0	44	15874
HS	560	0	57	15931
HS	559	0	66	15997
HS	558	0	62	16059
HS	557	0	49	16108
HS	556	0	84	16192
HS	555	0	64	16256
HS	554	0	68	16324
HS	553	0	68	16392
HS	552	0	62	16454
HS	551	0	59	16513
HS	550	0	68	16581
HS	549	0	58	16639
HS	548	0	60	16699
HS	547	0	52	16751
HS	546	0	72	16823
HS	545	0	74	16897
HS	544	0	66	16963
HS	543	0	82	17045
HS	542	0	81	17126
HS	541	0	75	17201
HS	540	0	76	17277
HS	539	0	85	17362
HS	538	0	74	17436
HS	537	0	91	17527
HS	536	0	72	17599
HS	535	0	85	17684
HS	534	0	80	17764
HS	533	0	91	17855
HS	532	0	72	17927
HS	531	0	117	18044
HS	530	0	81	18125
HS	529	0	75	18200
HS	528	0	90	18290
HS	527	0	99	18389
HS	526	0	89	18478
HS	525	0	67	18545
HS	524	0	109	18654
HS	523	0	117	18771
HS	522	0	102	18873
HS	521	0	90	18963
HS	520	0	92	19055
HS	519	0	105	19160
HS	518	0	126	19286
HS	517	0	106	19392
HS	516	0	100	19492
HS	515	0	118	19610
HS	514	0	119	19729
HS	513	0	124	19853
HS	512	0	127	19980
HS	511	0	138	20118
HS	510	0	109	20227
HS	509	0	126	20353
HS	508	0	116	20469
HS	507	0	125	20594
HS	506	0	145	20739
HS	505	0	137	20876
HS	504	0	108	20984
HS	503	0	122	21106
HS	502	0	145	21251
HS	501	0	153	21404
HS	500	0	134	21538
HS	499	0	148	21686
HS	498	0	135	21821
HS	497	0	155	21976
HS	496	0	167	22143
HS	495	0	182	22325
HS	494	0	169	22494
HS	493	0	192	22686
HS	492	0	193	22879
HS	491	0	177	23056
HS	490	0	168	23224
HS	489	0	186	23410
HS	488	0	214	23624
HS	487	0	198	23822
HS	486	0	158	23980
HS	485	0	190	24170
HS	484	0	191	24361
HS	483	0	215	24576
HS	482	0	178	24754
HS	481	0	182	24936
HS	480	0	198	25134
HS	479	0	204	25338
HS	478	0	214	25552
HS	477	0	213	25765
HS	476	0	237	26002
HS	475	0	218	26220
HS	474	0	232	26452
HS	473	0	230	26682
HS	472	0	242	26924
HS	471	0	256	27180
HS	470	0	256	27436
HS	469	0	246	27682
HS	468	0	282	27964
HS	467	0	288	28252
HS	466	0	260	28512
HS	465	0	297	28809
HS	464	0	286	29095
HS	463	0	262	29357
HS	462	0	292	29649
HS	461	0	305	29954
HS	460	0	293	30247
HS	459	0	265	30512
HS	458	0	313	30825
HS	457	0	330	31155
HS	456	0	322	31477
HS	455	0	331	31808
HS	454	0	326	32134
HS	453	0	378	32512
HS	452	0	338	32850
HS	451	0	385	33235
HS	450	0	367	33602
HS	449	0	425	34027
HS	448	0	446	34473
HS	447	0	456	34929
HS	446	0	452	35381
HS	445	0	488	35869
HS	444	0	486	36355
HS	443	0	476	36831
HS	442	0	548	37379
HS	441	0	525	37904
HS	440	0	548	38452
HS	439	0	540	38992
HS	438	0	591	39583
HS	437	0	605	40188
HS	436	0	639	40827
HS	435	0	619	41446
HS	434	0	695	42141
HS	433	0	695	42836
HS	432	0	704	43540
HS	431	0	706	44246
HS	430	0	752	44998
HS	429	0	784	45782
HS	428	0	765	46547
HS	427	0	795	47342
HS	426	0	763	48105
HS	425	0	794	48899
HS	424	0	803	49702
HS	423	0	817	50519
HS	422	0	896	51415
HS	421	0	847	52262
HS	420	0	928	53190
HS	419	0	930	54120
HS	418	0	928	55048
HS	417	0	948	55996
HS	416	0	972	56968
HS	415	0	1012	57980
HS	414	0	1014	58994
HS	413	0	1015	60009
HS	412	0	1070	61079
HS	411	0	1115	62194
HS	410	0	1133	63327
HS	409	0	1153	64480
HS	408	0	1127	65607
HS	407	0	1095	66702
HS	406	0	1181	67883
HS	405	0	1227	69110
HS	404	0	1329	70439
HS	403	0	1258	71697
HS	402	0	1347	73044
HS	401	0	1357	74401
HS	400	0	1400	75801
HS	399	0	1434	77235
HS	398	0	1459	78694
HS	397	0	1543	80237
HS	396	0	1495	81732
HS	395	0	1611	83343
HS	394	0	1652	84995
HS	393	0	1676	86671
HS	392	0	1679	88350
HS	391	0	1710	90060
HS	390	0	1674	91734
HS	389	0	1805	93539
HS	388	0	1857	95396
HS	387	0	1843	97239
HS	386	0	1900	99139
HS	385	0	1976	101115
HS	384	0	1925	103040
HS	383	0	1939	104979
HS	382	0	2102	107081
HS	381	0	2131	109212
HS	380	0	2161	111373
HS	379	0	2208	113581
HS	378	0	2272	115853
HS	377	0	2313	118166
HS	376	0	2457	120623
HS	375	0	2373	122996
HS	374	0	2453	125449
HS	373	0	2569	128018
HS	372	0	2702	130720
HS	371	0	2751	133471
HS	370	0	2867	136338
HS	369	0	2925	139263
HS	368	0	2949	142212
HS	367	0	3029	145241
HS	366	0	3153	148394
HS	365	0	3122	151516
HS	364	0	3264	154780
HS	363	0	3366	158146
HS	362	0	3427	161573
HS	361	0	3496	165069
HS	360	0	3632	168701
HS	359	0	3701	172402
HS	358	0	3876	176278
HS	357	0	3782	180060
HS	356	0	4080	184140
HS	355	0	4153	188293
HS	354	0	4203	192496
HS	353	0	4213	196709
HS	352	0	4554	201263
HS	351	0	4493	205756
HS	350	0	4653	210409
HS	349	0	4726	215135
HS	348	0	4914	220049
HS	347	0	4830	224879
HS	346	0	5153	230032
HS	345	0	5125	235157
HS	344	0	5249	240406
HS	343	0	5383	245789
HS	342	0	5391	251180
HS	341	0	5630	256810
HS	340	0	5744	262554
HS	339	0	5846	268400
HS	338	0	6150	274550
HS	337	0	6188	280738
HS	336	0	6302	287040
HS	335	0	6310	293350
HS	334	0	6568	299918
HS	333	0	6677	306595
HS	332	0	6961	313556
HS	331	0	6906	320462
HS	330	0	7003	327465
HS	329	0	7111	334576
HS	328	0	6997	341573
HS	327	0	7392	348965
HS	326	0	7393	356358
HS	325	0	7533	363891
HS	324	0	7669	371560
HS	323	0	7796	379356
HS	322	0	7657	387013
HS	321	0	7875	394888
HS	320	0	8052	402940
HS	319	0	8104	411044
HS	318	0	8047	419091
HS	317	0	8477	427568
HS	316	0	8599	436167
HS	315	0	8497	444664
HS	314	0	8666	453330
HS	313	0	9123	462453
HS	312	0	9136	471589
HS	311	0	9278	480867
HS	310	0	9450	490317
HS	309	0	9618	499935
HS	308	0	9692	509627
HS	307	0	10003	519630
HS	306	0	9990	529620
HS	305	0	10402	540022
HS	304	0	10435	550457
HS	303	0	10629	561086
HS	302	0	10576	571662
HS	301	0	10928	582590
HS	300	0	10993	593583
HS	299	0	11122	604705
HS	298	0	11516	616221
HS	297	0	11567	627788
HS	296	0	11898	639686
HS	295	0	11974	651660
HS	294	0	12468	664128
HS	293	0	12449	676577
HS	292	0	12794	689371
HS	291	0	12988	702359
HS	290	0	13093	715452
HS	289	0	13488	728940
HS	288	0	13469	742409
HS	287	0	13837	756246
HS	286	0	13949	770195
HS	285	0	14321	784516
HS	284	0	14531	799047
HS	283	0	14757	813804
HS	282	0	14919	828723
HS	281	0	15124	843847
HS	280	0	15362	859209
HS	279	0	15593	874802
HS	278	0	15823	890625
HS	277	0	15495	906120
HS	276	0	15866	921986
HS	275	0	15830	937816
HS	274	0	16247	954063
HS	273	0	16202	970265
HS	272	0	16787	987052
HS	271	0	16723	1003775
HS	270	0	16804	1020579
HS	269	0	16983	1037562
HS	268	0	17395	1054957
HS	267	0	17642	1072599
HS	266	0	18259	1090858
HS	265	0	18127	1108985
HS	264	0	18393	1127378
HS	263	0	18255	1145633
HS	262	0	18756	1164389
HS	261	0	18890	1183279
HS	260	0	19215	1202494
HS	259	0	19226	1221720
HS	258	0	19521	1241241
HS	257	0	19902	1261143
HS	256	0	19364	1280507
HS	255	0	20100	1300607
HS	254	0	20021	1320628
HS	253	0	20520	1341148
HS	252	0	20765	1361913
HS	251	0	20950	1382863
HS	250	0	21259	1404122
HS	249	0	21206	1425328
HS	248	0	21636	1446964
HS	247	0	21888	1468852
HS	246	0	22048	1490900
HS	245	0	22021	1512921
HS	244	0	22783	1535704
HS	243	0	22802	1558506
HS	242	0	22870	1581376
HS	241	0	23200	1604576
HS	240	0	23466	1628042
HS	239	0	23611	1651653
HS	238	0	23721	1675374
HS	237	0	23727	1699101
HS	236	0	23854	1722955
HS	235	0	23820	1746775
HS	234	0	24311	1771086
HS	233	0	24432	1795518
HS	232	0	24441	1819959
HS	231	0	24453	1844412
HS	230	0	24964	1869376
HS	229	0	24739	1894115
HS	228	0	25183	1919298
HS	227	0	25243	1944541
HS	226	0	25581	1970122
HS	225	0	26150	1996272
HS	224	0	26028	2022300
HS	223	0	26422	2048722
HS	222	0	26573	2075295
HS	221	0	26445	2101740
HS	220	0	26905	2128645
HS	219	0	26865	2155510
HS	218	0	27226	2182736
HS	217	0	27435	2210171
HS	216	0	27409	2237580
HS	215	0	27657	2265237
HS	214	0	28116	2293353
HS	213	0	28117	2321470
HS	212	0	28664	2350134
HS	211	0	28511	2378645
HS	210	0	28709	2407354
HS	209	0	28842	2436196
HS	208	0	28610	2464806
HS	207	0	28749	2493555
HS	206	0	29194	2522749
HS	205	0	29259	2552008
HS	204	0	29551	2581559
HS	203	0	29271	2610830
HS	202	0	29596	2640426
HS	201	0	29298	2669724
HS	200	0	29504	2699228
HS	199	0	29463	2728691
HS	198	0	29915	2758606
HS	197	0	29801	2788407
HS	196	0	29871	2818278
HS	195	0	29987	2848265
HS	194	0	29955	2878220
HS	193	0	30384	2908604
HS	192	0	30412	2939016
HS	191	0	30510	2969526
HS	190	0	30523	3000049
HS	189	0	30397	3030446
HS	188	0	30452	3060898
HS	187	0	30763	3091661
HS	186	0	30463	3122124
HS	185	0	30005	3152129
HS	184	0	30490	3182619
HS	183	0	30315	3212934
HS	182	0	29474	3242408
HS	181	0	29577	3271985
HS	180	0	29726	3301711
HS	179	0	29456	3331167
HS	178	0	29225	3360392
HS	177	0	28700	3389092
HS	176	0	28853	3417945
HS	175	0	28491	3446436
HS	174	0	28848	3475284
HS	173	0	28395	3503679
HS	172	0	28283	3531962
HS	171	0	28058	3560020
HS	170	0	27686	3587706
HS	169	0	27523	3615229
HS	168	0	26875	3642104
HS	167	0	27102	3669206
HS	166	0	26916	3696122
HS	165	0	26682	3722804
HS	164	0	26371	3749175
HS	163	0	25721	3774896
HS	162	0	25941	3800837
HS	161	0	25284	3826121
HS	160	0	25102	3851223
HS	159	0	24873	3876096
HS	158	0	24591	3900687
HS	157	0	24185	3924872
HS	156	0	23944	3948816
HS	155	0	23481	3972297
HS	154	0	23488	3995785
HS	153	0	22841	4018626
HS	152	0	22588	4041214
HS	151	0	22517	4063731
HS	150	0	22494	4086225
HS	149	0	21951	4108176
HS	148	0	21280	4129456
HS	147	0	21115	4150571
HS	146	0	20562	4171133
HS	145	0	20123	4191256
HS	144	0	20088	4211344
HS	143	0	19060	4230404
HS	142	0	18757	4249161
HS	141	0	18570	4267731
HS	140	0	17835	4285566
HS	139	0	17527	4303093
HS	138	0	16877	4319970
HS	137	0	16369	4336339
HS	136	0	15844	4352183
HS	135	0	15404	4367587
HS	134	0	15003	4382590
HS	133	0	14467	4397057
HS	132	0	14091	4411148
HS	131	0	13576	4424724
HS	130	0	13205	4437929
HS	129	0	12696	4450625
HS	128	0	12438	4463063
HS	127	0	11856	4474919
HS	126	0	11574	4486493
HS	125	0	11099	4497592
HS	124	0	10745	4508337
HS	123	0	10450	4518787
HS	122	0	9861	4528648
HS	121	0	9575	4538223
HS	120	0	9074	4547297
HS	119	0	8739	4556036
HS	118	0	8262	4564298
HS	117	0	7813	4572111
HS	116	0	7531	4579642
HS	115	0	7108	4586750
HS	114	0	6531	4593281
HS	113	0	6466	4599747
HS	112	0	5942	4605689
HS	111	0	5593	4611282
HS	110	0	5204	4616486
HS	109	0	5000	4621486
HS	108	0	4853	4626339
HS	107	0	4311	4630650
HS	106	0	4092	4634742
HS	105	0	4053	4638795
HS	104	0	3636	4642431
HS	103	0	3479	4645910
HS	102	0	3290	4649200
HS	101	0	3046	4652246
HS	100	0	2998	4655244
HS	99	0	2763	4658007
HS	98	0	2618	4660625
HS	97	0	2496	4663121
HS	96	0	2404	4665525
HS	95	0	2229	4667754
HS	94	0	1979	4669733
HS	93	0	1790	4671523
HS	92	0	1769	4673292
HS	91	0	1640	4674932
HS	90	0	1511	4676443
HS	89	0	1497	4677940
HS	88	0	1389	4679329
HS	87	0	1339	4680668
HS	86	0	1322	4681990
HS	85	0	1125	4683115
HS	84	0	1101	4684216
HS	83	0	1063	4685279
HS	82	0	944	4686223
HS	81	0	945	4687168
HS	80	0	866	4688034
HS	79	0	821	4688855
HS	78	0	738	4689593
HS	77	0	667	4690260
HS	76	0	666	4690926
HS	75	0	563	4691489
HS	74	0	479	4691968
HS	73	0	379	4692347
HS	72	0	329	4692676
HS	71	0	300	4692976
HS	70	0	307	4693283
HS	69	0	273	4693556
HS	68	0	240	4693796
HS	67	0	223	4694019
HS	66	0	216	4694235
HS	65	0	175	4694410
HS	64	0	152	4694562
HS	63	0	169	4694731
HS	62	0	127	4694858
HS	61	0	115	4694973
HS	60	0	136	4695109
HS	59	0	133	4695242
HS	58	0	113	4695355
HS	57	0	127	4695482
HS	56	0	128	4695610
HS	55	0	119	4695729
HS	54	0	123	4695852
HS	53	0	106	4695958
HS	52	0	113	4696071
HS	51	0	140	4696211
HS	50	0	123	4696334
HS	49	0	114	4696448
HS	48	0	130	4696578
HS	47	0	118	4696696
HS	46	0	121	4696817
HS	45	0	114	4696931
HS	44	0	132	4697063
HS	43	0	124	4697187
HS	42	0	136	4697323
HS	41	0	121	4697444
HS	40	0	162	4697606
HS	39	0	145	4697751
HS	38	0	147	4697898
HS	37	0	187	4698085
HS	36	0	206	4698291
HS	35	0	242	4698533
HS	34	0	255	4698788
HS	33	0	280	4699068
HS	32	0	285	4699353
HS	31	0	306	4699659
HS	30	0	314	4699973
HS	29	0	351	4700324
HS	28	0	390	4700714
HS	27	0	447	4701161
HS	26	0	519	4701680
HS	25	0	548	4702228
HS	24	0	699	4702927
HS	23	0	720	4703647
HS	22	0	904	4704551
HS	21	0	1005	4705556
HS	20	0	1130	4706686
HS	19	0	1471	4708157
HS	18	0	1632	4709789
HS	17	0	2184	4711973
HS	16	0	2838	4714811
HS	15	0	3524	4718335
HS	14	0	4142	4722477
HS	13	0	5207	4727684
HS	12	0	6756	4734440
HS	11	0	8977	4743417
HS	10	0	13663	4757080
HS	9	0	19434	4776514
HS	8	0	30276	4806790
HS	7	0	52440	4859230
HS	6	0	99776	4959006
HS	5	0	206392	5165398
HS	4	0	505090	5670488
HS	3	0	1574152	7244640
HS	2	0	8996672	16241312
HS	1	0	0	16241312
HS	0	0	0	16241312
