CC	CT  kmer_occurrence    short_read_kmer_count  raw_input_kmer_count  adjusted_input_kmer_count
CC	FR  fpr_lower_bound    fpr_upper_bound
CC	ER  total_input_kmers  adjusted_error_kmers
CC	CV  coverage
CC	QV  raw_quality_value  adjusted_quality_value
CC
SQ	CP126085.1	5501225	5501195	5501195	99.00
CT	1023	25939	138724	138724.000
CT	1022	38	76	76.000
CT	1021	48	96	96.000
CT	1020	36	74	74.000
CT	1019	50	101	101.000
CT	1018	48	94	94.000
CT	1017	54	109	109.000
CT	1016	42	84	84.000
CT	1015	43	86	86.000
CT	1014	44	87	87.000
CT	1013	49	99	99.000
CT	1012	50	101	101.000
CT	1011	57	116	116.000
CT	1010	73	149	149.000
CT	1009	52	104	104.000
CT	1008	54	109	109.000
CT	1007	60	120	120.000
CT	1006	65	130	130.000
CT	1005	51	102	102.000
CT	1004	63	126	126.000
CT	1003	69	139	139.000
CT	1002	49	98	98.000
CT	1001	66	134	134.000
CT	1000	58	117	117.000
CT	999	67	135	135.000
CT	998	56	115	115.000
CT	997	59	118	118.000
CT	996	56	112	112.000
CT	995	71	142	142.000
CT	994	59	119	119.000
CT	993	58	117	117.000
CT	992	67	135	135.000
CT	991	52	105	105.000
CT	990	53	106	106.000
CT	989	54	108	108.000
CT	988	55	110	110.000
CT	987	63	124	124.000
CT	986	46	92	92.000
CT	985	60	121	121.000
CT	984	48	96	96.000
CT	983	61	123	123.000
CT	982	53	106	106.000
CT	981	51	102	102.000
CT	980	60	120	120.000
CT	979	51	102	102.000
CT	978	49	98	98.000
CT	977	70	140	140.000
CT	976	78	154	154.000
CT	975	55	110	110.000
CT	974	67	133	133.000
CT	973	62	122	122.000
CT	972	52	102	102.000
CT	971	48	94	94.000
CT	970	52	103	103.000
CT	969	64	128	128.000
CT	968	66	130	130.000
CT	967	43	85	85.000
CT	966	49	97	97.000
CT	965	53	104	104.000
CT	964	46	90	90.000
CT	963	69	138	138.000
CT	962	67	134	134.000
CT	961	48	94	94.000
CT	960	68	134	134.000
CT	959	58	116	116.000
CT	958	72	144	144.000
CT	957	63	126	126.000
CT	956	50	101	101.000
CT	955	51	104	104.000
CT	954	54	106	106.000
CT	953	68	136	136.000
CT	952	56	110	110.000
CT	951	48	97	97.000
CT	950	57	112	112.000
CT	949	55	111	111.000
CT	948	60	120	120.000
CT	947	64	128	128.000
CT	946	65	130	130.000
CT	945	64	129	129.000
CT	944	50	100	100.000
CT	943	58	117	117.000
CT	942	59	118	118.000
CT	941	58	117	117.000
CT	940	61	127	127.000
CT	939	49	100	100.000
CT	938	67	139	139.000
CT	937	62	124	124.000
CT	936	61	123	123.000
CT	935	58	120	120.000
CT	934	58	117	117.000
CT	933	63	124	124.000
CT	932	70	143	143.000
CT	931	61	126	126.000
CT	930	52	107	107.000
CT	929	66	133	133.000
CT	928	47	94	94.000
CT	927	67	140	140.000
CT	926	62	128	128.000
CT	925	60	122	122.000
CT	924	66	132	132.000
CT	923	40	81	81.000
CT	922	53	109	109.000
CT	921	65	128	128.000
CT	920	76	154	154.000
CT	919	34	68	68.000
CT	918	60	121	121.000
CT	917	66	133	133.000
CT	916	64	128	128.000
CT	915	52	105	105.000
CT	914	54	110	110.000
CT	913	41	82	82.000
CT	912	51	106	106.000
CT	911	56	113	113.000
CT	910	47	94	94.000
CT	909	62	123	123.000
CT	908	56	112	112.000
CT	907	53	105	105.000
CT	906	57	114	114.000
CT	905	53	108	108.000
CT	904	46	96	96.000
CT	903	55	109	109.000
CT	902	49	101	101.000
CT	901	38	76	76.000
CT	900	46	92	92.000
CT	899	44	90	90.000
CT	898	48	96	96.000
CT	897	48	94	94.000
CT	896	56	112	112.000
CT	895	38	74	74.000
CT	894	40	78	78.000
CT	893	53	108	108.000
CT	892	57	113	113.000
CT	891	43	83	83.000
CT	890	53	106	106.000
CT	889	50	101	101.000
CT	888	44	89	89.000
CT	887	38	75	75.000
CT	886	46	90	90.000
CT	885	54	109	109.000
CT	884	54	107	107.000
CT	883	59	116	116.000
CT	882	66	128	128.000
CT	881	70	141	141.000
CT	880	54	108	108.000
CT	879	44	88	88.000
CT	878	36	71	71.000
CT	877	43	85	85.000
CT	876	42	84	84.000
CT	875	55	109	109.000
CT	874	45	89	89.000
CT	873	44	87	87.000
CT	872	43	85	85.000
CT	871	37	74	74.000
CT	870	38	76	76.000
CT	869	43	86	86.000
CT	868	38	76	76.000
CT	867	39	79	79.000
CT	866	40	80	80.000
CT	865	54	108	108.000
CT	864	22	44	44.000
CT	863	32	64	64.000
CT	862	34	68	68.000
CT	861	36	72	72.000
CT	860	43	86	86.000
CT	859	30	63	63.000
CT	858	36	69	69.000
CT	857	37	73	73.000
CT	856	33	66	66.000
CT	855	33	69	69.000
CT	854	38	74	74.000
CT	853	41	84	84.000
CT	852	39	81	81.000
CT	851	38	76	76.000
CT	850	43	86	86.000
CT	849	40	77	77.000
CT	848	43	85	85.000
CT	847	32	58	58.000
CT	846	32	66	66.000
CT	845	41	83	83.000
CT	844	47	92	92.000
CT	843	46	93	93.000
CT	842	55	106	106.000
CT	841	46	90	90.000
CT	840	43	84	84.000
CT	839	41	80	80.000
CT	838	43	83	83.000
CT	837	37	70	70.000
CT	836	52	103	103.000
CT	835	46	90	90.000
CT	834	37	74	74.000
CT	833	36	70	70.000
CT	832	33	68	68.000
CT	831	43	82	82.000
CT	830	32	60	60.000
CT	829	39	73	73.000
CT	828	41	79	79.000
CT	827	24	46	46.000
CT	826	45	88	88.000
CT	825	34	66	66.000
CT	824	33	64	64.000
CT	823	46	90	90.000
CT	822	41	77	77.000
CT	821	37	70	70.000
CT	820	46	88	88.000
CT	819	35	69	69.000
CT	818	52	102	102.000
CT	817	45	87	87.000
CT	816	50	91	91.000
CT	815	30	57	57.000
CT	814	44	87	87.000
CT	813	39	74	74.000
CT	812	34	65	65.000
CT	811	40	80	80.000
CT	810	25	52	52.000
CT	809	47	95	95.000
CT	808	42	79	79.000
CT	807	33	61	61.000
CT	806	44	89	89.000
CT	805	30	54	54.000
CT	804	31	59	59.000
CT	803	48	95	95.000
CT	802	38	71	71.000
CT	801	49	88	88.000
CT	800	34	67	67.000
CT	799	35	62	62.000
CT	798	42	76	76.000
CT	797	41	71	71.000
CT	796	42	78	78.000
CT	795	39	80	80.000
CT	794	38	68	68.000
CT	793	30	51	51.000
CT	792	45	81	81.000
CT	791	44	76	76.000
CT	790	53	98	98.000
CT	789	27	47	47.000
CT	788	33	58	58.000
CT	787	42	70	70.000
CT	786	61	106	106.000
CT	785	47	77	77.000
CT	784	45	72	72.000
CT	783	51	86	86.000
CT	782	55	89	89.000
CT	781	55	79	79.000
CT	780	40	63	63.000
CT	779	43	69	69.000
CT	778	62	100	100.000
CT	777	46	71	71.000
CT	776	55	83	83.000
CT	775	60	89	89.000
CT	774	45	73	73.000
CT	773	56	82	82.000
CT	772	56	83	83.000
CT	771	56	75	75.000
CT	770	59	82	82.000
CT	769	58	82	82.000
CT	768	57	82	82.000
CT	767	59	77	77.000
CT	766	67	95	95.000
CT	765	65	85	85.000
CT	764	61	79	79.000
CT	763	89	112	112.000
CT	762	75	101	101.000
CT	761	82	109	109.000
CT	760	76	100	100.000
CT	759	82	103	103.000
CT	758	87	119	119.000
CT	757	84	104	104.000
CT	756	92	109	109.000
CT	755	79	94	94.000
CT	754	107	134	134.000
CT	753	95	115	115.000
CT	752	81	93	93.000
CT	751	94	114	114.000
CT	750	115	132	132.000
CT	749	101	122	122.000
CT	748	117	132	132.000
CT	747	100	110	110.000
CT	746	98	113	113.000
CT	745	127	142	142.000
CT	744	149	166	166.000
CT	743	178	196	196.000
CT	742	120	133	133.000
CT	741	171	191	191.000
CT	740	151	161	161.000
CT	739	167	178	178.000
CT	738	156	173	173.000
CT	737	198	217	217.000
CT	736	186	202	202.000
CT	735	198	212	212.000
CT	734	221	241	241.000
CT	733	189	197	197.000
CT	732	227	246	246.000
CT	731	222	236	236.000
CT	730	235	256	256.000
CT	729	245	260	260.000
CT	728	258	272	272.000
CT	727	293	312	312.000
CT	726	275	292	292.000
CT	725	278	306	306.000
CT	724	309	330	330.000
CT	723	302	317	317.000
CT	722	331	346	346.000
CT	721	320	339	339.000
CT	720	325	339	339.000
CT	719	353	370	370.000
CT	718	338	355	355.000
CT	717	349	360	360.000
CT	716	335	341	341.000
CT	715	368	382	382.000
CT	714	395	404	404.000
CT	713	406	419	419.000
CT	712	387	400	400.000
CT	711	398	407	407.000
CT	710	435	445	445.000
CT	709	445	452	452.000
CT	708	453	464	464.000
CT	707	495	515	515.000
CT	706	455	471	471.000
CT	705	536	545	545.000
CT	704	539	549	549.000
CT	703	576	594	594.000
CT	702	558	576	576.000
CT	701	577	588	588.000
CT	700	576	587	587.000
CT	699	587	601	601.000
CT	698	655	663	663.000
CT	697	671	687	687.000
CT	696	682	692	692.000
CT	695	738	760	760.000
CT	694	755	769	769.000
CT	693	777	792	792.000
CT	692	793	803	803.000
CT	691	758	766	766.000
CT	690	825	838	838.000
CT	689	906	916	916.000
CT	688	883	890	890.000
CT	687	956	959	959.000
CT	686	955	966	966.000
CT	685	1020	1039	1039.000
CT	684	1010	1014	1014.000
CT	683	1037	1045	1045.000
CT	682	1081	1087	1087.000
CT	681	1172	1183	1183.000
CT	680	1168	1175	1175.000
CT	679	1247	1261	1261.000
CT	678	1249	1257	1257.000
CT	677	1257	1265	1265.000
CT	676	1332	1342	1342.000
CT	675	1273	1282	1282.000
CT	674	1264	1274	1274.000
CT	673	1400	1408	1408.000
CT	672	1422	1430	1430.000
CT	671	1489	1497	1497.000
CT	670	1543	1550	1550.000
CT	669	1537	1541	1541.000
CT	668	1645	1650	1650.000
CT	667	1662	1669	1669.000
CT	666	1754	1759	1759.000
CT	665	1723	1725	1725.000
CT	664	1850	1857	1857.000
CT	663	1893	1900	1900.000
CT	662	1884	1891	1891.000
CT	661	1939	1947	1947.000
CT	660	2004	2010	2010.000
CT	659	2099	2108	2108.000
CT	658	2097	2105	2105.000
CT	657	2234	2239	2239.000
CT	656	2172	2179	2179.000
CT	655	2222	2226	2226.000
CT	654	2277	2283	2283.000
CT	653	2407	2411	2411.000
CT	652	2442	2445	2445.000
CT	651	2522	2529	2529.000
CT	650	2735	2740	2740.000
CT	649	2675	2680	2680.000
CT	648	2788	2793	2793.000
CT	647	2837	2839	2839.000
CT	646	2919	2923	2923.000
CT	645	3028	3034	3034.000
CT	644	3123	3126	3126.000
CT	643	3148	3151	3151.000
CT	642	3307	3311	3311.000
CT	641	3397	3402	3402.000
CT	640	3395	3399	3399.000
CT	639	3476	3479	3479.000
CT	638	3631	3638	3638.000
CT	637	3707	3712	3712.000
CT	636	3741	3746	3746.000
CT	635	3959	3964	3964.000
CT	634	3962	3966	3966.000
CT	633	4049	4054	4054.000
CT	632	4244	4250	4250.000
CT	631	4257	4258	4258.000
CT	630	4416	4416	4416.000
CT	629	4515	4516	4516.000
CT	628	4750	4752	4752.000
CT	627	4728	4731	4731.000
CT	626	4926	4932	4932.000
CT	625	5037	5036	5036.000
CT	624	5147	5149	5149.000
CT	623	5308	5310	5310.000
CT	622	5328	5326	5326.000
CT	621	5548	5552	5552.000
CT	620	5654	5656	5656.000
CT	619	5629	5628	5628.000
CT	618	5810	5811	5811.000
CT	617	5974	5974	5974.000
CT	616	6185	6184	6184.000
CT	615	6199	6199	6199.000
CT	614	6417	6418	6418.000
CT	613	6617	6617	6617.000
CT	612	6604	6599	6599.000
CT	611	6869	6867	6867.000
CT	610	6930	6929	6929.000
CT	609	6956	6956	6956.000
CT	608	7180	7173	7173.000
CT	607	7407	7408	7408.000
CT	606	7715	7713	7713.000
CT	605	7659	7650	7650.000
CT	604	7973	7971	7971.000
CT	603	7940	7941	7941.000
CT	602	8224	8221	8221.000
CT	601	8357	8361	8361.000
CT	600	8450	8444	8444.000
CT	599	8900	8899	8899.000
CT	598	8697	8693	8693.000
CT	597	9093	9090	9090.000
CT	596	9277	9278	9278.000
CT	595	9636	9635	9635.000
CT	594	9540	9541	9541.000
CT	593	9761	9764	9764.000
CT	592	9895	9894	9894.000
CT	591	10138	10136	10136.000
CT	590	10335	10337	10337.000
CT	589	10681	10681	10681.000
CT	588	10608	10606	10606.000
CT	587	10751	10748	10748.000
CT	586	11239	11238	11238.000
CT	585	11364	11361	11361.000
CT	584	11541	11541	11541.000
CT	583	11924	11924	11924.000
CT	582	11868	11870	11870.000
CT	581	12308	12308	12308.000
CT	580	12445	12443	12443.000
CT	579	12569	12569	12569.000
CT	578	12931	12930	12930.000
CT	577	12783	12787	12787.000
CT	576	12887	12884	12884.000
CT	575	13411	13414	13414.000
CT	574	13624	13627	13627.000
CT	573	13892	13888	13888.000
CT	572	13987	13983	13983.000
CT	571	14205	14201	14201.000
CT	570	14414	14415	14415.000
CT	569	14637	14635	14635.000
CT	568	14815	14809	14809.000
CT	567	15153	15148	15148.000
CT	566	15216	15216	15216.000
CT	565	15426	15425	15425.000
CT	564	15656	15653	15653.000
CT	563	15953	15947	15947.000
CT	562	16253	16252	16252.000
CT	561	16427	16422	16422.000
CT	560	16685	16682	16682.000
CT	559	17002	16994	16994.000
CT	558	17090	17086	17086.000
CT	557	17293	17292	17292.000
CT	556	17561	17557	17557.000
CT	555	17659	17665	17665.000
CT	554	17905	17904	17904.000
CT	553	18429	18431	18431.000
CT	552	18572	18576	18576.000
CT	551	18726	18724	18724.000
CT	550	18847	18850	18850.000
CT	549	19108	19108	19108.000
CT	548	19709	19711	19711.000
CT	547	19564	19566	19566.000
CT	546	20040	20045	20045.000
CT	545	20373	20366	20366.000
CT	544	20220	20224	20224.000
CT	543	20650	20647	20647.000
CT	542	21264	21262	21262.000
CT	541	21366	21364	21364.000
CT	540	21635	21631	21631.000
CT	539	21616	21615	21615.000
CT	538	22104	22105	22105.000
CT	537	22402	22399	22399.000
CT	536	22598	22594	22594.000
CT	535	22711	22708	22708.000
CT	534	22894	22891	22891.000
CT	533	23564	23562	23562.000
CT	532	23465	23464	23464.000
CT	531	23731	23727	23727.000
CT	530	23966	23965	23965.000
CT	529	24411	24410	24410.000
CT	528	24584	24579	24579.000
CT	527	24493	24491	24491.000
CT	526	24978	24977	24977.000
CT	525	24905	24899	24899.000
CT	524	25573	25569	25569.000
CT	523	25385	25381	25381.000
CT	522	25408	25405	25405.000
CT	521	26249	26242	26242.000
CT	520	26252	26248	26248.000
CT	519	26512	26503	26503.000
CT	518	26956	26951	26951.000
CT	517	26566	26561	26561.000
CT	516	27365	27368	27368.000
CT	515	27378	27375	27375.000
CT	514	27450	27448	27448.000
CT	513	27871	27869	27869.000
CT	512	27573	27572	27572.000
CT	511	27772	27769	27769.000
CT	510	28254	28253	28253.000
CT	509	28106	28104	28104.000
CT	508	28647	28645	28645.000
CT	507	28832	28830	28830.000
CT	506	29173	29173	29173.000
CT	505	28552	28554	28554.000
CT	504	29024	29025	29025.000
CT	503	29462	29457	29457.000
CT	502	29429	29429	29429.000
CT	501	29588	29585	29585.000
CT	500	29620	29616	29616.000
CT	499	29755	29756	29756.000
CT	498	29776	29776	29776.000
CT	497	30024	30026	30026.000
CT	496	30006	30002	30002.000
CT	495	30441	30443	30443.000
CT	494	30236	30236	30236.000
CT	493	30332	30332	30332.000
CT	492	30342	30340	30340.000
CT	491	30432	30435	30435.000
CT	490	30770	30768	30768.000
CT	489	30720	30719	30719.000
CT	488	30739	30729	30729.000
CT	487	31070	31066	31066.000
CT	486	30755	30751	30751.000
CT	485	30524	30517	30517.000
CT	484	30792	30792	30792.000
CT	483	31017	31016	31016.000
CT	482	31104	31098	31098.000
CT	481	31196	31190	31190.000
CT	480	31242	31238	31238.000
CT	479	31462	31458	31458.000
CT	478	31335	31332	31332.000
CT	477	31670	31671	31671.000
CT	476	31377	31375	31375.000
CT	475	31387	31385	31385.000
CT	474	31402	31404	31404.000
CT	473	31043	31043	31043.000
CT	472	31221	31218	31218.000
CT	471	31045	31044	31044.000
CT	470	31142	31140	31140.000
CT	469	31153	31153	31153.000
CT	468	31098	31098	31098.000
CT	467	30477	30478	30478.000
CT	466	30683	30682	30682.000
CT	465	30613	30611	30611.000
CT	464	30733	30731	30731.000
CT	463	30272	30276	30276.000
CT	462	30307	30306	30306.000
CT	461	29795	29797	29797.000
CT	460	30219	30218	30218.000
CT	459	29614	29612	29612.000
CT	458	29459	29459	29459.000
CT	457	29245	29243	29243.000
CT	456	29005	29006	29006.000
CT	455	29228	29226	29226.000
CT	454	28863	28862	28862.000
CT	453	28959	28959	28959.000
CT	452	28989	28987	28987.000
CT	451	28167	28166	28166.000
CT	450	28012	28015	28015.000
CT	449	28061	28059	28059.000
CT	448	28064	28065	28065.000
CT	447	27700	27706	27706.000
CT	446	27898	27896	27896.000
CT	445	27382	27386	27386.000
CT	444	27090	27093	27093.000
CT	443	26824	26826	26826.000
CT	442	26850	26859	26859.000
CT	441	26482	26480	26480.000
CT	440	25904	25904	25904.000
CT	439	25762	25767	25767.000
CT	438	25521	25519	25519.000
CT	437	25587	25587	25587.000
CT	436	25079	25080	25080.000
CT	435	24961	24963	24963.000
CT	434	24167	24170	24170.000
CT	433	24454	24457	24457.000
CT	432	23752	23752	23752.000
CT	431	23795	23796	23796.000
CT	430	23314	23316	23316.000
CT	429	22978	22976	22976.000
CT	428	22961	22966	22966.000
CT	427	22663	22666	22666.000
CT	426	22212	22216	22216.000
CT	425	21916	21920	21920.000
CT	424	21839	21838	21838.000
CT	423	21589	21588	21588.000
CT	422	21162	21160	21160.000
CT	421	20775	20775	20775.000
CT	420	20547	20548	20548.000
CT	419	20072	20073	20073.000
CT	418	20026	20030	20030.000
CT	417	19529	19529	19529.000
CT	416	19146	19144	19144.000
CT	415	18717	18716	18716.000
CT	414	18489	18489	18489.000
CT	413	18243	18240	18240.000
CT	412	17810	17807	17807.000
CT	411	17463	17463	17463.000
CT	410	17329	17330	17330.000
CT	409	16881	16878	16878.000
CT	408	16564	16564	16564.000
CT	407	15975	15975	15975.000
CT	406	15918	15915	15915.000
CT	405	15577	15574	15574.000
CT	404	15103	15101	15101.000
CT	403	14702	14708	14708.000
CT	402	14681	14676	14676.000
CT	401	14323	14319	14319.000
CT	400	13951	13951	13951.000
CT	399	13687	13684	13684.000
CT	398	13496	13496	13496.000
CT	397	13057	13057	13057.000
CT	396	12786	12786	12786.000
CT	395	12434	12430	12430.000
CT	394	12154	12152	12152.000
CT	393	11722	11719	11719.000
CT	392	11594	11594	11594.000
CT	391	11401	11399	11399.000
CT	390	10941	10939	10939.000
CT	389	10753	10753	10753.000
CT	388	10394	10395	10395.000
CT	387	10104	10104	10104.000
CT	386	9707	9707	9707.000
CT	385	9708	9706	9706.000
CT	384	9168	9168	9168.000
CT	383	9028	9028	9028.000
CT	382	8715	8715	8715.000
CT	381	8460	8462	8462.000
CT	380	8152	8150	8150.000
CT	379	7853	7851	7851.000
CT	378	7867	7865	7865.000
CT	377	7473	7472	7472.000
CT	376	7425	7424	7424.000
CT	375	7198	7199	7199.000
CT	374	7144	7144	7144.000
CT	373	6826	6827	6827.000
CT	372	6505	6505	6505.000
CT	371	6289	6289	6289.000
CT	370	6087	6088	6088.000
CT	369	5758	5758	5758.000
CT	368	5642	5642	5642.000
CT	367	5470	5471	5471.000
CT	366	5317	5317	5317.000
CT	365	5131	5132	5132.000
CT	364	4867	4865	4865.000
CT	363	4783	4781	4781.000
CT	362	4589	4584	4584.000
CT	361	4430	4430	4430.000
CT	360	4429	4429	4429.000
CT	359	4285	4286	4286.000
CT	358	4192	4189	4189.000
CT	357	4017	4015	4015.000
CT	356	3796	3797	3797.000
CT	355	3737	3736	3736.000
CT	354	3618	3614	3614.000
CT	353	3445	3444	3444.000
CT	352	3203	3201	3201.000
CT	351	3164	3163	3163.000
CT	350	3084	3084	3084.000
CT	349	3017	3016	3016.000
CT	348	2753	2753	2753.000
CT	347	2746	2746	2746.000
CT	346	2645	2644	2644.000
CT	345	2472	2472	2472.000
CT	344	2412	2411	2411.000
CT	343	2327	2326	2326.000
CT	342	2172	2171	2171.000
CT	341	2208	2206	2206.000
CT	340	2040	2040	2040.000
CT	339	2017	2016	2016.000
CT	338	1905	1905	1905.000
CT	337	1881	1880	1880.000
CT	336	1879	1878	1878.000
CT	335	1805	1803	1803.000
CT	334	1699	1697	1697.000
CT	333	1698	1694	1694.000
CT	332	1589	1589	1589.000
CT	331	1507	1506	1506.000
CT	330	1432	1431	1431.000
CT	329	1445	1442	1442.000
CT	328	1323	1319	1319.000
CT	327	1332	1327	1327.000
CT	326	1329	1329	1329.000
CT	325	1246	1242	1242.000
CT	324	1204	1201	1201.000
CT	323	1191	1191	1191.000
CT	322	1171	1169	1169.000
CT	321	1119	1118	1118.000
CT	320	983	981	981.000
CT	319	943	942	942.000
CT	318	939	938	938.000
CT	317	924	924	924.000
CT	316	897	896	896.000
CT	315	831	831	831.000
CT	314	829	828	828.000
CT	313	848	845	845.000
CT	312	748	747	747.000
CT	311	686	683	683.000
CT	310	706	705	705.000
CT	309	644	642	642.000
CT	308	615	613	613.000
CT	307	650	649	649.000
CT	306	616	616	616.000
CT	305	546	546	546.000
CT	304	570	570	570.000
CT	303	539	539	539.000
CT	302	530	529	529.000
CT	301	474	473	473.000
CT	300	451	450	450.000
CT	299	467	467	467.000
CT	298	407	406	406.000
CT	297	421	420	420.000
CT	296	411	411	411.000
CT	295	441	443	443.000
CT	294	372	371	371.000
CT	293	333	332	332.000
CT	292	352	353	353.000
CT	291	339	339	339.000
CT	290	319	318	318.000
CT	289	321	321	321.000
CT	288	342	344	344.000
CT	287	281	281	281.000
CT	286	287	285	285.000
CT	285	262	262	262.000
CT	284	274	274	274.000
CT	283	240	239	239.000
CT	282	256	256	256.000
CT	281	224	223	223.000
CT	280	236	238	238.000
CT	279	207	206	206.000
CT	278	233	231	231.000
CT	277	173	173	173.000
CT	276	229	229	229.000
CT	275	214	214	214.000
CT	274	193	193	193.000
CT	273	184	184	184.000
CT	272	204	204	204.000
CT	271	174	174	174.000
CT	270	158	158	158.000
CT	269	171	170	170.000
CT	268	137	137	137.000
CT	267	139	139	139.000
CT	266	143	143	143.000
CT	265	134	134	134.000
CT	264	124	124	124.000
CT	263	147	148	148.000
CT	262	123	123	123.000
CT	261	109	109	109.000
CT	260	133	133	133.000
CT	259	105	106	106.000
CT	258	117	118	118.000
CT	257	131	130	130.000
CT	256	85	86	86.000
CT	255	115	115	115.000
CT	254	99	100	100.000
CT	253	124	124	124.000
CT	252	113	113	113.000
CT	251	118	118	118.000
CT	250	124	124	124.000
CT	249	110	109	109.000
CT	248	102	102	102.000
CT	247	92	89	89.000
CT	246	108	108	108.000
CT	245	106	104	104.000
CT	244	117	117	117.000
CT	243	106	103	103.000
CT	242	93	92	92.000
CT	241	88	88	88.000
CT	240	81	80	80.000
CT	239	90	89	89.000
CT	238	73	71	71.000
CT	237	83	80	80.000
CT	236	85	85	85.000
CT	235	79	79	79.000
CT	234	77	77	77.000
CT	233	55	54	54.000
CT	232	50	50	50.000
CT	231	70	68	68.000
CT	230	66	66	66.000
CT	229	64	64	64.000
CT	228	49	48	48.000
CT	227	63	63	63.000
CT	226	58	57	57.000
CT	225	63	63	63.000
CT	224	41	41	41.000
CT	223	55	55	55.000
CT	222	43	43	43.000
CT	221	65	61	61.000
CT	220	58	57	57.000
CT	219	70	70	70.000
CT	218	71	71	71.000
CT	217	63	61	61.000
CT	216	54	53	53.000
CT	215	58	57	57.000
CT	214	37	37	37.000
CT	213	52	52	52.000
CT	212	65	65	65.000
CT	211	39	38	38.000
CT	210	59	59	59.000
CT	209	52	50	50.000
CT	208	46	45	45.000
CT	207	49	48	48.000
CT	206	44	43	43.000
CT	205	25	24	24.000
CT	204	37	34	34.000
CT	203	31	31	31.000
CT	202	44	38	38.000
CT	201	34	32	32.000
CT	200	35	33	33.000
CT	199	33	30	30.000
CT	198	34	31	31.000
CT	197	29	26	26.000
CT	196	22	20	20.000
CT	195	21	19	19.000
CT	194	21	20	20.000
CT	193	23	21	21.000
CT	192	27	23	23.000
CT	191	35	32	32.000
CT	190	33	32	32.000
CT	189	24	23	23.000
CT	188	33	31	31.000
CT	187	28	23	23.000
CT	186	34	27	27.000
CT	185	28	28	28.000
CT	184	30	24	24.000
CT	183	22	18	18.000
CT	182	29	24	24.000
CT	181	21	18	18.000
CT	180	26	20	20.000
CT	179	26	19	19.000
CT	178	23	17	17.000
CT	177	17	15	15.000
CT	176	25	16	16.000
CT	175	21	17	17.000
CT	174	13	12	12.000
CT	173	23	20	20.000
CT	172	27	22	22.000
CT	171	35	31	31.000
CT	170	14	13	13.000
CT	169	23	19	19.000
CT	168	25	17	17.000
CT	167	25	21	21.000
CT	166	25	20	20.000
CT	165	21	15	15.000
CT	164	20	15	15.000
CT	163	26	20	20.000
CT	162	13	10	10.000
CT	161	20	18	18.000
CT	160	20	16	16.000
CT	159	27	17	17.000
CT	158	33	25	25.000
CT	157	31	24	24.000
CT	156	27	19	19.000
CT	155	27	17	17.000
CT	154	16	14	14.000
CT	153	21	16	16.000
CT	152	21	15	15.000
CT	151	22	16	16.000
CT	150	18	9	9.000
CT	149	21	5	5.000
CT	148	26	13	13.000
CT	147	18	8	8.000
CT	146	23	10	10.000
CT	145	26	15	15.000
CT	144	20	13	13.000
CT	143	24	12	12.000
CT	142	31	7	7.000
CT	141	21	7	7.000
CT	140	17	12	12.000
CT	139	28	15	15.000
CT	138	22	14	14.000
CT	137	29	19	19.000
CT	136	19	12	12.000
CT	135	16	9	9.000
CT	134	26	12	12.000
CT	133	14	10	10.000
CT	132	16	10	10.000
CT	131	10	9	9.000
CT	130	20	11	11.000
CT	129	23	16	16.000
CT	128	34	29	29.000
CT	127	23	13	13.000
CT	126	22	12	12.000
CT	125	24	14	14.000
CT	124	23	12	12.000
CT	123	31	13	13.000
CT	122	23	13	13.000
CT	121	31	12	12.000
CT	120	25	9	9.000
CT	119	22	7	7.000
CT	118	26	9	9.000
CT	117	26	5	5.000
CT	116	15	2	2.000
CT	115	28	4	4.000
CT	114	35	7	7.000
CT	113	30	4	4.000
CT	112	29	4	4.000
CT	111	20	1	1.000
CT	110	15	0	0.000
CT	109	27	0	0.000
CT	108	14	0	0.000
CT	107	18	0	0.000
CT	106	17	0	0.000
CT	105	14	0	0.000
CT	104	11	0	0.000
CT	103	20	0	0.000
CT	102	15	0	0.000
CT	101	19	0	0.000
CT	100	17	0	0.000
CT	99	22	0	0.000
CT	98	14	0	0.000
CT	97	22	0	0.000
CT	96	17	0	0.000
CT	95	17	0	0.000
CT	94	15	0	0.000
CT	93	16	0	0.000
CT	92	23	0	0.000
CT	91	15	0	0.000
CT	90	22	1	1.000
CT	89	29	1	1.000
CT	88	33	1	1.000
CT	87	33	2	2.000
CT	86	29	0	0.000
CT	85	34	0	0.000
CT	84	38	2	2.000
CT	83	35	1	1.000
CT	82	43	0	0.000
CT	81	33	1	1.000
CT	80	27	1	1.000
CT	79	39	1	1.000
CT	78	57	3	3.000
CT	77	50	1	1.000
CT	76	52	0	0.000
CT	75	69	1	1.000
CT	74	52	3	3.000
CT	73	78	0	0.000
CT	72	69	0	0.000
CT	71	87	0	0.000
CT	70	114	0	0.000
CT	69	116	0	0.000
CT	68	108	0	0.000
CT	67	132	0	0.000
CT	66	114	0	0.000
CT	65	108	0	0.000
CT	64	131	0	0.000
CT	63	159	0	0.000
CT	62	157	0	0.000
CT	61	167	0	0.000
CT	60	178	0	0.000
CT	59	190	0	0.000
CT	58	216	0	0.000
CT	57	236	0	0.000
CT	56	228	0	0.000
CT	55	200	0	0.000
CT	54	263	0	0.000
CT	53	300	0	0.000
CT	52	369	0	0.000
CT	51	382	0	0.000
CT	50	365	0	0.000
CT	49	457	0	0.000
CT	48	429	0	0.000
CT	47	531	0	0.000
CT	46	544	0	0.000
CT	45	632	0	0.000
CT	44	613	0	0.000
CT	43	673	0	0.000
CT	42	757	0	0.000
CT	41	788	0	0.000
CT	40	911	0	0.000
CT	39	965	0	0.000
CT	38	1044	0	0.000
CT	37	1253	0	0.000
CT	36	1388	0	0.000
CT	35	1531	0	0.000
CT	34	1692	0	0.000
CT	33	1947	0	0.000
CT	32	2027	0	0.000
CT	31	2148	0	0.000
CT	30	2370	0	0.000
CT	29	2861	0	0.000
CT	28	3372	0	0.000
CT	27	3528	0	0.000
CT	26	4149	0	0.000
CT	25	4780	0	0.000
CT	24	5324	0	0.000
CT	23	6148	0	0.000
CT	22	7095	0	0.000
CT	21	8634	0	0.000
CT	20	11009	0	0.000
CT	19	14206	0	0.000
CT	18	18596	0	0.000
CT	17	26776	0	0.000
CT	16	39240	0	0.000
CT	15	58136	0	0.000
CT	14	86138	0	0.000
CT	13	126783	0	0.000
CT	12	182323	0	0.000
CT	11	255833	0	0.000
CT	10	344393	0	0.000
CT	9	452831	0	0.000
CT	8	578276	0	0.000
CT	7	747642	0	0.000
CT	6	1029650	0	0.000
CT	5	1631434	0	0.000
CT	4	3221611	0	0.000
CT	3	8029701	0	0.000
CT	2	26075262	0	0.000
CT	1	0	0	-nan
CT	0	0	0	-nan
FR	0	0
ER	5501195	0.000
CV	1.000
QV	inf	inf
