HS	1023	0	25939	25939
HS	1022	0	38	25977
HS	1021	0	48	26025
HS	1020	0	36	26061
HS	1019	0	50	26111
HS	1018	0	48	26159
HS	1017	0	54	26213
HS	1016	0	42	26255
HS	1015	0	43	26298
HS	1014	0	44	26342
HS	1013	0	49	26391
HS	1012	0	50	26441
HS	1011	0	57	26498
HS	1010	0	73	26571
HS	1009	0	52	26623
HS	1008	0	54	26677
HS	1007	0	60	26737
HS	1006	0	65	26802
HS	1005	0	51	26853
HS	1004	0	63	26916
HS	1003	0	69	26985
HS	1002	0	49	27034
HS	1001	0	66	27100
HS	1000	0	58	27158
HS	999	0	67	27225
HS	998	0	56	27281
HS	997	0	59	27340
HS	996	0	56	27396
HS	995	0	71	27467
HS	994	0	59	27526
HS	993	0	58	27584
HS	992	0	67	27651
HS	991	0	52	27703
HS	990	0	53	27756
HS	989	0	54	27810
HS	988	0	55	27865
HS	987	0	63	27928
HS	986	0	46	27974
HS	985	0	60	28034
HS	984	0	48	28082
HS	983	0	61	28143
HS	982	0	53	28196
HS	981	0	51	28247
HS	980	0	60	28307
HS	979	0	51	28358
HS	978	0	49	28407
HS	977	0	70	28477
HS	976	0	78	28555
HS	975	0	55	28610
HS	974	0	67	28677
HS	973	0	62	28739
HS	972	0	52	28791
HS	971	0	48	28839
HS	970	0	52	28891
HS	969	0	64	28955
HS	968	0	66	29021
HS	967	0	43	29064
HS	966	0	49	29113
HS	965	0	53	29166
HS	964	0	46	29212
HS	963	0	69	29281
HS	962	0	67	29348
HS	961	0	48	29396
HS	960	0	68	29464
HS	959	0	58	29522
HS	958	0	72	29594
HS	957	0	63	29657
HS	956	0	50	29707
HS	955	0	51	29758
HS	954	0	54	29812
HS	953	0	68	29880
HS	952	0	56	29936
HS	951	0	48	29984
HS	950	0	57	30041
HS	949	0	55	30096
HS	948	0	60	30156
HS	947	0	64	30220
HS	946	0	65	30285
HS	945	0	64	30349
HS	944	0	50	30399
HS	943	0	58	30457
HS	942	0	59	30516
HS	941	0	58	30574
HS	940	0	61	30635
HS	939	0	49	30684
HS	938	0	67	30751
HS	937	0	62	30813
HS	936	0	61	30874
HS	935	0	58	30932
HS	934	0	58	30990
HS	933	0	63	31053
HS	932	0	70	31123
HS	931	0	61	31184
HS	930	0	52	31236
HS	929	0	66	31302
HS	928	0	47	31349
HS	927	0	67	31416
HS	926	0	62	31478
HS	925	0	60	31538
HS	924	0	66	31604
HS	923	0	40	31644
HS	922	0	53	31697
HS	921	0	65	31762
HS	920	0	76	31838
HS	919	0	34	31872
HS	918	0	60	31932
HS	917	0	66	31998
HS	916	0	64	32062
HS	915	0	52	32114
HS	914	0	54	32168
HS	913	0	41	32209
HS	912	0	51	32260
HS	911	0	56	32316
HS	910	0	47	32363
HS	909	0	62	32425
HS	908	0	56	32481
HS	907	0	53	32534
HS	906	0	57	32591
HS	905	0	53	32644
HS	904	0	46	32690
HS	903	0	55	32745
HS	902	0	49	32794
HS	901	0	38	32832
HS	900	0	46	32878
HS	899	0	44	32922
HS	898	0	48	32970
HS	897	0	48	33018
HS	896	0	56	33074
HS	895	0	38	33112
HS	894	0	40	33152
HS	893	0	53	33205
HS	892	0	57	33262
HS	891	0	43	33305
HS	890	0	53	33358
HS	889	0	50	33408
HS	888	0	44	33452
HS	887	0	38	33490
HS	886	0	46	33536
HS	885	0	54	33590
HS	884	0	54	33644
HS	883	0	59	33703
HS	882	0	66	33769
HS	881	0	70	33839
HS	880	0	54	33893
HS	879	0	44	33937
HS	878	0	36	33973
HS	877	0	43	34016
HS	876	0	42	34058
HS	875	0	55	34113
HS	874	0	45	34158
HS	873	0	44	34202
HS	872	0	43	34245
HS	871	0	37	34282
HS	870	0	38	34320
HS	869	0	43	34363
HS	868	0	38	34401
HS	867	0	39	34440
HS	866	0	40	34480
HS	865	0	54	34534
HS	864	0	22	34556
HS	863	0	32	34588
HS	862	0	34	34622
HS	861	0	36	34658
HS	860	0	43	34701
HS	859	0	30	34731
HS	858	0	36	34767
HS	857	0	37	34804
HS	856	0	33	34837
HS	855	0	33	34870
HS	854	0	38	34908
HS	853	0	41	34949
HS	852	0	39	34988
HS	851	0	38	35026
HS	850	0	43	35069
HS	849	0	40	35109
HS	848	0	43	35152
HS	847	0	32	35184
HS	846	0	32	35216
HS	845	0	41	35257
HS	844	0	47	35304
HS	843	0	46	35350
HS	842	0	55	35405
HS	841	0	46	35451
HS	840	0	43	35494
HS	839	0	41	35535
HS	838	0	43	35578
HS	837	0	37	35615
HS	836	0	52	35667
HS	835	0	46	35713
HS	834	0	37	35750
HS	833	0	36	35786
HS	832	0	33	35819
HS	831	0	43	35862
HS	830	0	32	35894
HS	829	0	39	35933
HS	828	0	41	35974
HS	827	0	24	35998
HS	826	0	45	36043
HS	825	0	34	36077
HS	824	0	33	36110
HS	823	0	46	36156
HS	822	0	41	36197
HS	821	0	37	36234
HS	820	0	46	36280
HS	819	0	35	36315
HS	818	0	52	36367
HS	817	0	45	36412
HS	816	0	50	36462
HS	815	0	30	36492
HS	814	0	44	36536
HS	813	0	39	36575
HS	812	0	34	36609
HS	811	0	40	36649
HS	810	0	25	36674
HS	809	0	47	36721
HS	808	0	42	36763
HS	807	0	33	36796
HS	806	0	44	36840
HS	805	0	30	36870
HS	804	0	31	36901
HS	803	0	48	36949
HS	802	0	38	36987
HS	801	0	49	37036
HS	800	0	34	37070
HS	799	0	35	37105
HS	798	0	42	37147
HS	797	0	41	37188
HS	796	0	42	37230
HS	795	0	39	37269
HS	794	0	38	37307
HS	793	0	30	37337
HS	792	0	45	37382
HS	791	0	44	37426
HS	790	0	53	37479
HS	789	0	27	37506
HS	788	0	33	37539
HS	787	0	42	37581
HS	786	0	61	37642
HS	785	0	47	37689
HS	784	0	45	37734
HS	783	0	51	37785
HS	782	0	55	37840
HS	781	0	55	37895
HS	780	0	40	37935
HS	779	0	43	37978
HS	778	0	62	38040
HS	777	0	46	38086
HS	776	0	55	38141
HS	775	0	60	38201
HS	774	0	45	38246
HS	773	0	56	38302
HS	772	0	56	38358
HS	771	0	56	38414
HS	770	0	59	38473
HS	769	0	58	38531
HS	768	0	57	38588
HS	767	0	59	38647
HS	766	0	67	38714
HS	765	0	65	38779
HS	764	0	61	38840
HS	763	0	89	38929
HS	762	0	75	39004
HS	761	0	82	39086
HS	760	0	76	39162
HS	759	0	82	39244
HS	758	0	87	39331
HS	757	0	84	39415
HS	756	0	92	39507
HS	755	0	79	39586
HS	754	0	107	39693
HS	753	0	95	39788
HS	752	0	81	39869
HS	751	0	94	39963
HS	750	0	115	40078
HS	749	0	101	40179
HS	748	0	117	40296
HS	747	0	100	40396
HS	746	0	98	40494
HS	745	0	127	40621
HS	744	0	149	40770
HS	743	0	178	40948
HS	742	0	120	41068
HS	741	0	171	41239
HS	740	0	151	41390
HS	739	0	167	41557
HS	738	0	156	41713
HS	737	0	198	41911
HS	736	0	186	42097
HS	735	0	198	42295
HS	734	0	221	42516
HS	733	0	189	42705
HS	732	0	227	42932
HS	731	0	222	43154
HS	730	0	235	43389
HS	729	0	245	43634
HS	728	0	258	43892
HS	727	0	293	44185
HS	726	0	275	44460
HS	725	0	278	44738
HS	724	0	309	45047
HS	723	0	302	45349
HS	722	0	331	45680
HS	721	0	320	46000
HS	720	0	325	46325
HS	719	0	353	46678
HS	718	0	338	47016
HS	717	0	349	47365
HS	716	0	335	47700
HS	715	0	368	48068
HS	714	0	395	48463
HS	713	0	406	48869
HS	712	0	387	49256
HS	711	0	398	49654
HS	710	0	435	50089
HS	709	0	445	50534
HS	708	0	453	50987
HS	707	0	495	51482
HS	706	0	455	51937
HS	705	0	536	52473
HS	704	0	539	53012
HS	703	0	576	53588
HS	702	0	558	54146
HS	701	0	577	54723
HS	700	0	576	55299
HS	699	0	587	55886
HS	698	0	655	56541
HS	697	0	671	57212
HS	696	0	682	57894
HS	695	0	738	58632
HS	694	0	755	59387
HS	693	0	777	60164
HS	692	0	793	60957
HS	691	0	758	61715
HS	690	0	825	62540
HS	689	0	906	63446
HS	688	0	883	64329
HS	687	0	956	65285
HS	686	0	955	66240
HS	685	0	1020	67260
HS	684	0	1010	68270
HS	683	0	1037	69307
HS	682	0	1081	70388
HS	681	0	1172	71560
HS	680	0	1168	72728
HS	679	0	1247	73975
HS	678	0	1249	75224
HS	677	0	1257	76481
HS	676	0	1332	77813
HS	675	0	1273	79086
HS	674	0	1264	80350
HS	673	0	1400	81750
HS	672	0	1422	83172
HS	671	0	1489	84661
HS	670	0	1543	86204
HS	669	0	1537	87741
HS	668	0	1645	89386
HS	667	0	1662	91048
HS	666	0	1754	92802
HS	665	0	1723	94525
HS	664	0	1850	96375
HS	663	0	1893	98268
HS	662	0	1884	100152
HS	661	0	1939	102091
HS	660	0	2004	104095
HS	659	0	2099	106194
HS	658	0	2097	108291
HS	657	0	2234	110525
HS	656	0	2172	112697
HS	655	0	2222	114919
HS	654	0	2277	117196
HS	653	0	2407	119603
HS	652	0	2442	122045
HS	651	0	2522	124567
HS	650	0	2735	127302
HS	649	0	2675	129977
HS	648	0	2788	132765
HS	647	0	2837	135602
HS	646	0	2919	138521
HS	645	0	3028	141549
HS	644	0	3123	144672
HS	643	0	3148	147820
HS	642	0	3307	151127
HS	641	0	3397	154524
HS	640	0	3395	157919
HS	639	0	3476	161395
HS	638	0	3631	165026
HS	637	0	3707	168733
HS	636	0	3741	172474
HS	635	0	3959	176433
HS	634	0	3962	180395
HS	633	0	4049	184444
HS	632	0	4244	188688
HS	631	0	4257	192945
HS	630	0	4416	197361
HS	629	0	4515	201876
HS	628	0	4750	206626
HS	627	0	4728	211354
HS	626	0	4926	216280
HS	625	0	5037	221317
HS	624	0	5147	226464
HS	623	0	5308	231772
HS	622	0	5328	237100
HS	621	0	5548	242648
HS	620	0	5654	248302
HS	619	0	5629	253931
HS	618	0	5810	259741
HS	617	0	5974	265715
HS	616	0	6185	271900
HS	615	0	6199	278099
HS	614	0	6417	284516
HS	613	0	6617	291133
HS	612	0	6604	297737
HS	611	0	6869	304606
HS	610	0	6930	311536
HS	609	0	6956	318492
HS	608	0	7180	325672
HS	607	0	7407	333079
HS	606	0	7715	340794
HS	605	0	7659	348453
HS	604	0	7973	356426
HS	603	0	7940	364366
HS	602	0	8224	372590
HS	601	0	8357	380947
HS	600	0	8450	389397
HS	599	0	8900	398297
HS	598	0	8697	406994
HS	597	0	9093	416087
HS	596	0	9277	425364
HS	595	0	9636	435000
HS	594	0	9540	444540
HS	593	0	9761	454301
HS	592	0	9895	464196
HS	591	0	10138	474334
HS	590	0	10335	484669
HS	589	0	10681	495350
HS	588	0	10608	505958
HS	587	0	10751	516709
HS	586	0	11239	527948
HS	585	0	11364	539312
HS	584	0	11541	550853
HS	583	0	11924	562777
HS	582	0	11868	574645
HS	581	0	12308	586953
HS	580	0	12445	599398
HS	579	0	12569	611967
HS	578	0	12931	624898
HS	577	0	12783	637681
HS	576	0	12887	650568
HS	575	0	13411	663979
HS	574	0	13624	677603
HS	573	0	13892	691495
HS	572	0	13987	705482
HS	571	0	14205	719687
HS	570	0	14414	734101
HS	569	0	14637	748738
HS	568	0	14815	763553
HS	567	0	15153	778706
HS	566	0	15216	793922
HS	565	0	15426	809348
HS	564	0	15656	825004
HS	563	0	15953	840957
HS	562	0	16253	857210
HS	561	0	16427	873637
HS	560	0	16685	890322
HS	559	0	17002	907324
HS	558	0	17090	924414
HS	557	0	17293	941707
HS	556	0	17561	959268
HS	555	0	17659	976927
HS	554	0	17905	994832
HS	553	0	18429	1013261
HS	552	0	18572	1031833
HS	551	0	18726	1050559
HS	550	0	18847	1069406
HS	549	0	19108	1088514
HS	548	0	19709	1108223
HS	547	0	19564	1127787
HS	546	0	20040	1147827
HS	545	0	20373	1168200
HS	544	0	20220	1188420
HS	543	0	20650	1209070
HS	542	0	21264	1230334
HS	541	0	21366	1251700
HS	540	0	21635	1273335
HS	539	0	21616	1294951
HS	538	0	22104	1317055
HS	537	0	22402	1339457
HS	536	0	22598	1362055
HS	535	0	22711	1384766
HS	534	0	22894	1407660
HS	533	0	23564	1431224
HS	532	0	23465	1454689
HS	531	0	23731	1478420
HS	530	0	23966	1502386
HS	529	0	24411	1526797
HS	528	0	24584	1551381
HS	527	0	24493	1575874
HS	526	0	24978	1600852
HS	525	0	24905	1625757
HS	524	0	25573	1651330
HS	523	0	25385	1676715
HS	522	0	25408	1702123
HS	521	0	26249	1728372
HS	520	0	26252	1754624
HS	519	0	26512	1781136
HS	518	0	26956	1808092
HS	517	0	26566	1834658
HS	516	0	27365	1862023
HS	515	0	27378	1889401
HS	514	0	27450	1916851
HS	513	0	27871	1944722
HS	512	0	27573	1972295
HS	511	0	27772	2000067
HS	510	0	28254	2028321
HS	509	0	28106	2056427
HS	508	0	28647	2085074
HS	507	0	28832	2113906
HS	506	0	29173	2143079
HS	505	0	28552	2171631
HS	504	0	29024	2200655
HS	503	0	29462	2230117
HS	502	0	29429	2259546
HS	501	0	29588	2289134
HS	500	0	29620	2318754
HS	499	0	29755	2348509
HS	498	0	29776	2378285
HS	497	0	30024	2408309
HS	496	0	30006	2438315
HS	495	0	30441	2468756
HS	494	0	30236	2498992
HS	493	0	30332	2529324
HS	492	0	30342	2559666
HS	491	0	30432	2590098
HS	490	0	30770	2620868
HS	489	0	30720	2651588
HS	488	0	30739	2682327
HS	487	0	31070	2713397
HS	486	0	30755	2744152
HS	485	0	30524	2774676
HS	484	0	30792	2805468
HS	483	0	31017	2836485
HS	482	0	31104	2867589
HS	481	0	31196	2898785
HS	480	0	31242	2930027
HS	479	0	31462	2961489
HS	478	0	31335	2992824
HS	477	0	31670	3024494
HS	476	0	31377	3055871
HS	475	0	31387	3087258
HS	474	0	31402	3118660
HS	473	0	31043	3149703
HS	472	0	31221	3180924
HS	471	0	31045	3211969
HS	470	0	31142	3243111
HS	469	0	31153	3274264
HS	468	0	31098	3305362
HS	467	0	30477	3335839
HS	466	0	30683	3366522
HS	465	0	30613	3397135
HS	464	0	30733	3427868
HS	463	0	30272	3458140
HS	462	0	30307	3488447
HS	461	0	29795	3518242
HS	460	0	30219	3548461
HS	459	0	29614	3578075
HS	458	0	29459	3607534
HS	457	0	29245	3636779
HS	456	0	29005	3665784
HS	455	0	29228	3695012
HS	454	0	28863	3723875
HS	453	0	28959	3752834
HS	452	0	28989	3781823
HS	451	0	28167	3809990
HS	450	0	28012	3838002
HS	449	0	28061	3866063
HS	448	0	28064	3894127
HS	447	0	27700	3921827
HS	446	0	27898	3949725
HS	445	0	27382	3977107
HS	444	0	27090	4004197
HS	443	0	26824	4031021
HS	442	0	26850	4057871
HS	441	0	26482	4084353
HS	440	0	25904	4110257
HS	439	0	25762	4136019
HS	438	0	25521	4161540
HS	437	0	25587	4187127
HS	436	0	25079	4212206
HS	435	0	24961	4237167
HS	434	0	24167	4261334
HS	433	0	24454	4285788
HS	432	0	23752	4309540
HS	431	0	23795	4333335
HS	430	0	23314	4356649
HS	429	0	22978	4379627
HS	428	0	22961	4402588
HS	427	0	22663	4425251
HS	426	0	22212	4447463
HS	425	0	21916	4469379
HS	424	0	21839	4491218
HS	423	0	21589	4512807
HS	422	0	21162	4533969
HS	421	0	20775	4554744
HS	420	0	20547	4575291
HS	419	0	20072	4595363
HS	418	0	20026	4615389
HS	417	0	19529	4634918
HS	416	0	19146	4654064
HS	415	0	18717	4672781
HS	414	0	18489	4691270
HS	413	0	18243	4709513
HS	412	0	17810	4727323
HS	411	0	17463	4744786
HS	410	0	17329	4762115
HS	409	0	16881	4778996
HS	408	0	16564	4795560
HS	407	0	15975	4811535
HS	406	0	15918	4827453
HS	405	0	15577	4843030
HS	404	0	15103	4858133
HS	403	0	14702	4872835
HS	402	0	14681	4887516
HS	401	0	14323	4901839
HS	400	0	13951	4915790
HS	399	0	13687	4929477
HS	398	0	13496	4942973
HS	397	0	13057	4956030
HS	396	0	12786	4968816
HS	395	0	12434	4981250
HS	394	0	12154	4993404
HS	393	0	11722	5005126
HS	392	0	11594	5016720
HS	391	0	11401	5028121
HS	390	0	10941	5039062
HS	389	0	10753	5049815
HS	388	0	10394	5060209
HS	387	0	10104	5070313
HS	386	0	9707	5080020
HS	385	0	9708	5089728
HS	384	0	9168	5098896
HS	383	0	9028	5107924
HS	382	0	8715	5116639
HS	381	0	8460	5125099
HS	380	0	8152	5133251
HS	379	0	7853	5141104
HS	378	0	7867	5148971
HS	377	0	7473	5156444
HS	376	0	7425	5163869
HS	375	0	7198	5171067
HS	374	0	7144	5178211
HS	373	0	6826	5185037
HS	372	0	6505	5191542
HS	371	0	6289	5197831
HS	370	0	6087	5203918
HS	369	0	5758	5209676
HS	368	0	5642	5215318
HS	367	0	5470	5220788
HS	366	0	5317	5226105
HS	365	0	5131	5231236
HS	364	0	4867	5236103
HS	363	0	4783	5240886
HS	362	0	4589	5245475
HS	361	0	4430	5249905
HS	360	0	4429	5254334
HS	359	0	4285	5258619
HS	358	0	4192	5262811
HS	357	0	4017	5266828
HS	356	0	3796	5270624
HS	355	0	3737	5274361
HS	354	0	3618	5277979
HS	353	0	3445	5281424
HS	352	0	3203	5284627
HS	351	0	3164	5287791
HS	350	0	3084	5290875
HS	349	0	3017	5293892
HS	348	0	2753	5296645
HS	347	0	2746	5299391
HS	346	0	2645	5302036
HS	345	0	2472	5304508
HS	344	0	2412	5306920
HS	343	0	2327	5309247
HS	342	0	2172	5311419
HS	341	0	2208	5313627
HS	340	0	2040	5315667
HS	339	0	2017	5317684
HS	338	0	1905	5319589
HS	337	0	1881	5321470
HS	336	0	1879	5323349
HS	335	0	1805	5325154
HS	334	0	1699	5326853
HS	333	0	1698	5328551
HS	332	0	1589	5330140
HS	331	0	1507	5331647
HS	330	0	1432	5333079
HS	329	0	1445	5334524
HS	328	0	1323	5335847
HS	327	0	1332	5337179
HS	326	0	1329	5338508
HS	325	0	1246	5339754
HS	324	0	1204	5340958
HS	323	0	1191	5342149
HS	322	0	1171	5343320
HS	321	0	1119	5344439
HS	320	0	983	5345422
HS	319	0	943	5346365
HS	318	0	939	5347304
HS	317	0	924	5348228
HS	316	0	897	5349125
HS	315	0	831	5349956
HS	314	0	829	5350785
HS	313	0	848	5351633
HS	312	0	748	5352381
HS	311	0	686	5353067
HS	310	0	706	5353773
HS	309	0	644	5354417
HS	308	0	615	5355032
HS	307	0	650	5355682
HS	306	0	616	5356298
HS	305	0	546	5356844
HS	304	0	570	5357414
HS	303	0	539	5357953
HS	302	0	530	5358483
HS	301	0	474	5358957
HS	300	0	451	5359408
HS	299	0	467	5359875
HS	298	0	407	5360282
HS	297	0	421	5360703
HS	296	0	411	5361114
HS	295	0	441	5361555
HS	294	0	372	5361927
HS	293	0	333	5362260
HS	292	0	352	5362612
HS	291	0	339	5362951
HS	290	0	319	5363270
HS	289	0	321	5363591
HS	288	0	342	5363933
HS	287	0	281	5364214
HS	286	0	287	5364501
HS	285	0	262	5364763
HS	284	0	274	5365037
HS	283	0	240	5365277
HS	282	0	256	5365533
HS	281	0	224	5365757
HS	280	0	236	5365993
HS	279	0	207	5366200
HS	278	0	233	5366433
HS	277	0	173	5366606
HS	276	0	229	5366835
HS	275	0	214	5367049
HS	274	0	193	5367242
HS	273	0	184	5367426
HS	272	0	204	5367630
HS	271	0	174	5367804
HS	270	0	158	5367962
HS	269	0	171	5368133
HS	268	0	137	5368270
HS	267	0	139	5368409
HS	266	0	143	5368552
HS	265	0	134	5368686
HS	264	0	124	5368810
HS	263	0	147	5368957
HS	262	0	123	5369080
HS	261	0	109	5369189
HS	260	0	133	5369322
HS	259	0	105	5369427
HS	258	0	117	5369544
HS	257	0	131	5369675
HS	256	0	85	5369760
HS	255	0	115	5369875
HS	254	0	99	5369974
HS	253	0	124	5370098
HS	252	0	113	5370211
HS	251	0	118	5370329
HS	250	0	124	5370453
HS	249	0	110	5370563
HS	248	0	102	5370665
HS	247	0	92	5370757
HS	246	0	108	5370865
HS	245	0	106	5370971
HS	244	0	117	5371088
HS	243	0	106	5371194
HS	242	0	93	5371287
HS	241	0	88	5371375
HS	240	0	81	5371456
HS	239	0	90	5371546
HS	238	0	73	5371619
HS	237	0	83	5371702
HS	236	0	85	5371787
HS	235	0	79	5371866
HS	234	0	77	5371943
HS	233	0	55	5371998
HS	232	0	50	5372048
HS	231	0	70	5372118
HS	230	0	66	5372184
HS	229	0	64	5372248
HS	228	0	49	5372297
HS	227	0	63	5372360
HS	226	0	58	5372418
HS	225	0	63	5372481
HS	224	0	41	5372522
HS	223	0	55	5372577
HS	222	0	43	5372620
HS	221	0	65	5372685
HS	220	0	58	5372743
HS	219	0	70	5372813
HS	218	0	71	5372884
HS	217	0	63	5372947
HS	216	0	54	5373001
HS	215	0	58	5373059
HS	214	0	37	5373096
HS	213	0	52	5373148
HS	212	0	65	5373213
HS	211	0	39	5373252
HS	210	0	59	5373311
HS	209	0	52	5373363
HS	208	0	46	5373409
HS	207	0	49	5373458
HS	206	0	44	5373502
HS	205	0	25	5373527
HS	204	0	37	5373564
HS	203	0	31	5373595
HS	202	0	44	5373639
HS	201	0	34	5373673
HS	200	0	35	5373708
HS	199	0	33	5373741
HS	198	0	34	5373775
HS	197	0	29	5373804
HS	196	0	22	5373826
HS	195	0	21	5373847
HS	194	0	21	5373868
HS	193	0	23	5373891
HS	192	0	27	5373918
HS	191	0	35	5373953
HS	190	0	33	5373986
HS	189	0	24	5374010
HS	188	0	33	5374043
HS	187	0	28	5374071
HS	186	0	34	5374105
HS	185	0	28	5374133
HS	184	0	30	5374163
HS	183	0	22	5374185
HS	182	0	29	5374214
HS	181	0	21	5374235
HS	180	0	26	5374261
HS	179	0	26	5374287
HS	178	0	23	5374310
HS	177	0	17	5374327
HS	176	0	25	5374352
HS	175	0	21	5374373
HS	174	0	13	5374386
HS	173	0	23	5374409
HS	172	0	27	5374436
HS	171	0	35	5374471
HS	170	0	14	5374485
HS	169	0	23	5374508
HS	168	0	25	5374533
HS	167	0	25	5374558
HS	166	0	25	5374583
HS	165	0	21	5374604
HS	164	0	20	5374624
HS	163	0	26	5374650
HS	162	0	13	5374663
HS	161	0	20	5374683
HS	160	0	20	5374703
HS	159	0	27	5374730
HS	158	0	33	5374763
HS	157	0	31	5374794
HS	156	0	27	5374821
HS	155	0	27	5374848
HS	154	0	16	5374864
HS	153	0	21	5374885
HS	152	0	21	5374906
HS	151	0	22	5374928
HS	150	0	18	5374946
HS	149	0	21	5374967
HS	148	0	26	5374993
HS	147	0	18	5375011
HS	146	0	23	5375034
HS	145	0	26	5375060
HS	144	0	20	5375080
HS	143	0	24	5375104
HS	142	0	31	5375135
HS	141	0	21	5375156
HS	140	0	17	5375173
HS	139	0	28	5375201
HS	138	0	22	5375223
HS	137	0	29	5375252
HS	136	0	19	5375271
HS	135	0	16	5375287
HS	134	0	26	5375313
HS	133	0	14	5375327
HS	132	0	16	5375343
HS	131	0	10	5375353
HS	130	0	20	5375373
HS	129	0	23	5375396
HS	128	0	34	5375430
HS	127	0	23	5375453
HS	126	0	22	5375475
HS	125	0	24	5375499
HS	124	0	23	5375522
HS	123	0	31	5375553
HS	122	0	23	5375576
HS	121	0	31	5375607
HS	120	0	25	5375632
HS	119	0	22	5375654
HS	118	0	26	5375680
HS	117	0	26	5375706
HS	116	0	15	5375721
HS	115	0	28	5375749
HS	114	0	35	5375784
HS	113	0	30	5375814
HS	112	0	29	5375843
HS	111	0	20	5375863
HS	110	0	15	5375878
HS	109	0	27	5375905
HS	108	0	14	5375919
HS	107	0	18	5375937
HS	106	0	17	5375954
HS	105	0	14	5375968
HS	104	0	11	5375979
HS	103	0	20	5375999
HS	102	0	15	5376014
HS	101	0	19	5376033
HS	100	0	17	5376050
HS	99	0	22	5376072
HS	98	0	14	5376086
HS	97	0	22	5376108
HS	96	0	17	5376125
HS	95	0	17	5376142
HS	94	0	15	5376157
HS	93	0	16	5376173
HS	92	0	23	5376196
HS	91	0	15	5376211
HS	90	0	22	5376233
HS	89	0	29	5376262
HS	88	0	33	5376295
HS	87	0	33	5376328
HS	86	0	29	5376357
HS	85	0	34	5376391
HS	84	0	38	5376429
HS	83	0	35	5376464
HS	82	0	43	5376507
HS	81	0	33	5376540
HS	80	0	27	5376567
HS	79	0	39	5376606
HS	78	0	57	5376663
HS	77	0	50	5376713
HS	76	0	52	5376765
HS	75	0	69	5376834
HS	74	0	52	5376886
HS	73	0	78	5376964
HS	72	0	69	5377033
HS	71	0	87	5377120
HS	70	0	114	5377234
HS	69	0	116	5377350
HS	68	0	108	5377458
HS	67	0	132	5377590
HS	66	0	114	5377704
HS	65	0	108	5377812
HS	64	0	131	5377943
HS	63	0	159	5378102
HS	62	0	157	5378259
HS	61	0	167	5378426
HS	60	0	178	5378604
HS	59	0	190	5378794
HS	58	0	216	5379010
HS	57	0	236	5379246
HS	56	0	228	5379474
HS	55	0	200	5379674
HS	54	0	263	5379937
HS	53	0	300	5380237
HS	52	0	369	5380606
HS	51	0	382	5380988
HS	50	0	365	5381353
HS	49	0	457	5381810
HS	48	0	429	5382239
HS	47	0	531	5382770
HS	46	0	544	5383314
HS	45	0	632	5383946
HS	44	0	613	5384559
HS	43	0	673	5385232
HS	42	0	757	5385989
HS	41	0	788	5386777
HS	40	0	911	5387688
HS	39	0	965	5388653
HS	38	0	1044	5389697
HS	37	0	1253	5390950
HS	36	0	1388	5392338
HS	35	0	1531	5393869
HS	34	0	1692	5395561
HS	33	0	1947	5397508
HS	32	0	2027	5399535
HS	31	0	2148	5401683
HS	30	0	2370	5404053
HS	29	0	2861	5406914
HS	28	0	3372	5410286
HS	27	0	3528	5413814
HS	26	0	4149	5417963
HS	25	0	4780	5422743
HS	24	0	5324	5428067
HS	23	0	6148	5434215
HS	22	0	7095	5441310
HS	21	0	8634	5449944
HS	20	0	11009	5460953
HS	19	0	14206	5475159
HS	18	0	18596	5493755
HS	17	0	26776	5520531
HS	16	0	39240	5559771
HS	15	0	58136	5617907
HS	14	0	86138	5704045
HS	13	0	126783	5830828
HS	12	0	182323	6013151
HS	11	0	255833	6268984
HS	10	0	344393	6613377
HS	9	0	452831	7066208
HS	8	0	578276	7644484
HS	7	0	747642	8392126
HS	6	0	1029650	9421776
HS	5	0	1631434	11053210
HS	4	0	3221611	14274821
HS	3	0	8029701	22304522
HS	2	0	26075262	48379784
HS	1	0	0	48379784
HS	0	0	0	48379784
