CC	CT  kmer_occurrence    short_read_kmer_count  raw_input_kmer_count  adjusted_input_kmer_count
CC	FR  fpr_lower_bound    fpr_upper_bound
CC	ER  total_input_kmers  adjusted_error_kmers
CC	CV  coverage
CC	QV  raw_quality_value  adjusted_quality_value
CC
SQ	JAVIVX010000004.1	280711	280681	280681	99.00
SQ	JAVIVX010000005.1	202623	202593	202593	99.00
SQ	JAVIVX010000002.1	742372	742342	742342	99.00
SQ	JAVIVX010000003.1	1664725	1664695	1664695	99.00
SQ	JAVIVX010000001.1	2883593	2883563	2883563	99.00
CT	1023	756912	743277	743277.000
CT	1022	3507	3357	3357.000
CT	1021	3586	3415	3415.000
CT	1020	3609	3442	3442.000
CT	1019	3549	3391	3391.000
CT	1018	3554	3399	3399.000
CT	1017	3565	3425	3425.000
CT	1016	3601	3431	3431.000
CT	1015	3526	3364	3364.000
CT	1014	3633	3440	3440.000
CT	1013	3633	3488	3488.000
CT	1012	3682	3520	3520.000
CT	1011	3661	3499	3499.000
CT	1010	3673	3502	3502.000
CT	1009	3810	3623	3623.000
CT	1008	3782	3609	3609.000
CT	1007	3755	3635	3635.000
CT	1006	3871	3715	3715.000
CT	1005	3704	3567	3567.000
CT	1004	3853	3708	3708.000
CT	1003	3759	3607	3607.000
CT	1002	3893	3748	3748.000
CT	1001	3937	3787	3787.000
CT	1000	3940	3787	3787.000
CT	999	3850	3720	3720.000
CT	998	3801	3653	3653.000
CT	997	3838	3695	3695.000
CT	996	3895	3763	3763.000
CT	995	3953	3808	3808.000
CT	994	3938	3815	3815.000
CT	993	3887	3745	3745.000
CT	992	3967	3835	3835.000
CT	991	3948	3844	3844.000
CT	990	3963	3798	3798.000
CT	989	4083	3958	3958.000
CT	988	3936	3795	3795.000
CT	987	4033	3905	3905.000
CT	986	3957	3841	3841.000
CT	985	4124	3986	3986.000
CT	984	3946	3803	3803.000
CT	983	4072	3924	3924.000
CT	982	4107	3972	3972.000
CT	981	4098	3943	3943.000
CT	980	3993	3870	3870.000
CT	979	4203	4063	4063.000
CT	978	4193	4048	4048.000
CT	977	4060	3913	3913.000
CT	976	4095	3934	3934.000
CT	975	4127	3983	3983.000
CT	974	4091	3926	3926.000
CT	973	4241	4094	4094.000
CT	972	4293	4153	4153.000
CT	971	4318	4166	4166.000
CT	970	4194	4067	4067.000
CT	969	4341	4191	4191.000
CT	968	4271	4124	4124.000
CT	967	4316	4159	4159.000
CT	966	4286	4114	4114.000
CT	965	4324	4188	4188.000
CT	964	4349	4205	4205.000
CT	963	4287	4157	4157.000
CT	962	4399	4274	4274.000
CT	961	4410	4269	4269.000
CT	960	4482	4333	4333.000
CT	959	4409	4243	4243.000
CT	958	4535	4399	4399.000
CT	957	4428	4279	4279.000
CT	956	4612	4493	4493.000
CT	955	4548	4399	4399.000
CT	954	4545	4419	4419.000
CT	953	4578	4445	4445.000
CT	952	4623	4493	4493.000
CT	951	4464	4320	4320.000
CT	950	4560	4429	4429.000
CT	949	4522	4397	4397.000
CT	948	4521	4383	4383.000
CT	947	4763	4631	4631.000
CT	946	4649	4496	4496.000
CT	945	4655	4498	4498.000
CT	944	4459	4326	4326.000
CT	943	4737	4586	4586.000
CT	942	4637	4499	4499.000
CT	941	4689	4542	4542.000
CT	940	4779	4639	4639.000
CT	939	4793	4679	4679.000
CT	938	4768	4634	4634.000
CT	937	4816	4691	4691.000
CT	936	4759	4641	4641.000
CT	935	4846	4716	4716.000
CT	934	4890	4773	4773.000
CT	933	4810	4661	4661.000
CT	932	4768	4619	4619.000
CT	931	4749	4612	4612.000
CT	930	4849	4718	4718.000
CT	929	4847	4730	4730.000
CT	928	4883	4744	4744.000
CT	927	4850	4721	4721.000
CT	926	4804	4674	4674.000
CT	925	4857	4746	4746.000
CT	924	4900	4780	4780.000
CT	923	4878	4733	4733.000
CT	922	4897	4787	4787.000
CT	921	4899	4792	4792.000
CT	920	5005	4892	4892.000
CT	919	5031	4889	4889.000
CT	918	5050	4914	4914.000
CT	917	5026	4886	4886.000
CT	916	5001	4832	4832.000
CT	915	4936	4815	4815.000
CT	914	5078	4956	4956.000
CT	913	5072	4966	4966.000
CT	912	4991	4855	4855.000
CT	911	5074	4958	4958.000
CT	910	4997	4872	4872.000
CT	909	5050	4923	4923.000
CT	908	5000	4893	4893.000
CT	907	5050	4931	4931.000
CT	906	5030	4903	4903.000
CT	905	5067	4933	4933.000
CT	904	5214	5063	5063.000
CT	903	5013	4895	4895.000
CT	902	5063	4928	4928.000
CT	901	5124	4990	4990.000
CT	900	5063	4931	4931.000
CT	899	5239	5116	5116.000
CT	898	5141	5008	5008.000
CT	897	5120	4992	4992.000
CT	896	5062	4948	4948.000
CT	895	5302	5163	5163.000
CT	894	5297	5183	5183.000
CT	893	5281	5157	5157.000
CT	892	5214	5109	5109.000
CT	891	5288	5162	5162.000
CT	890	5349	5242	5242.000
CT	889	5255	5160	5160.000
CT	888	5204	5097	5097.000
CT	887	5458	5366	5366.000
CT	886	5268	5180	5180.000
CT	885	5369	5258	5258.000
CT	884	5360	5240	5240.000
CT	883	5409	5289	5289.000
CT	882	5347	5230	5230.000
CT	881	5376	5272	5272.000
CT	880	5422	5322	5322.000
CT	879	5412	5341	5341.000
CT	878	5398	5311	5311.000
CT	877	5331	5228	5228.000
CT	876	5350	5256	5256.000
CT	875	5297	5186	5186.000
CT	874	5372	5262	5262.000
CT	873	5463	5351	5351.000
CT	872	5370	5287	5287.000
CT	871	5454	5339	5339.000
CT	870	5329	5217	5217.000
CT	869	5486	5380	5380.000
CT	868	5466	5351	5351.000
CT	867	5492	5397	5397.000
CT	866	5553	5451	5451.000
CT	865	5392	5304	5304.000
CT	864	5496	5371	5371.000
CT	863	5485	5380	5380.000
CT	862	5473	5361	5361.000
CT	861	5514	5416	5416.000
CT	860	5659	5559	5559.000
CT	859	5576	5457	5457.000
CT	858	5670	5571	5571.000
CT	857	5589	5471	5471.000
CT	856	5739	5631	5631.000
CT	855	5593	5525	5525.000
CT	854	5621	5526	5526.000
CT	853	5748	5661	5661.000
CT	852	5760	5681	5681.000
CT	851	5759	5683	5683.000
CT	850	5659	5582	5582.000
CT	849	5742	5675	5675.000
CT	848	5764	5663	5663.000
CT	847	5695	5623	5623.000
CT	846	5639	5544	5544.000
CT	845	5698	5606	5606.000
CT	844	5759	5683	5683.000
CT	843	5771	5665	5665.000
CT	842	5615	5507	5507.000
CT	841	5748	5660	5660.000
CT	840	5710	5619	5619.000
CT	839	5613	5536	5536.000
CT	838	5641	5569	5569.000
CT	837	5717	5601	5601.000
CT	836	5669	5589	5589.000
CT	835	5803	5710	5710.000
CT	834	5716	5625	5625.000
CT	833	5842	5742	5742.000
CT	832	5732	5632	5632.000
CT	831	5857	5755	5755.000
CT	830	5788	5705	5705.000
CT	829	5852	5762	5762.000
CT	828	5874	5801	5801.000
CT	827	5581	5478	5478.000
CT	826	5742	5655	5655.000
CT	825	5785	5692	5692.000
CT	824	5737	5653	5653.000
CT	823	5758	5671	5671.000
CT	822	5763	5667	5667.000
CT	821	5816	5721	5721.000
CT	820	5654	5553	5553.000
CT	819	5725	5643	5643.000
CT	818	5772	5675	5675.000
CT	817	5827	5730	5730.000
CT	816	5827	5733	5733.000
CT	815	5810	5714	5714.000
CT	814	5844	5750	5750.000
CT	813	5780	5697	5697.000
CT	812	5869	5792	5792.000
CT	811	5933	5848	5848.000
CT	810	5739	5668	5668.000
CT	809	5830	5743	5743.000
CT	808	5843	5763	5763.000
CT	807	5843	5772	5772.000
CT	806	5716	5646	5646.000
CT	805	5856	5780	5780.000
CT	804	5841	5785	5785.000
CT	803	5824	5760	5760.000
CT	802	5821	5732	5732.000
CT	801	5909	5843	5843.000
CT	800	5786	5718	5718.000
CT	799	5891	5823	5823.000
CT	798	5854	5765	5765.000
CT	797	5886	5805	5805.000
CT	796	5845	5778	5778.000
CT	795	5955	5869	5869.000
CT	794	5808	5758	5758.000
CT	793	5942	5858	5858.000
CT	792	5757	5690	5690.000
CT	791	5787	5717	5717.000
CT	790	5766	5682	5682.000
CT	789	5751	5681	5681.000
CT	788	5710	5654	5654.000
CT	787	5842	5784	5784.000
CT	786	5974	5899	5899.000
CT	785	5876	5790	5790.000
CT	784	5906	5839	5839.000
CT	783	5967	5908	5908.000
CT	782	5884	5817	5817.000
CT	781	5963	5882	5882.000
CT	780	5809	5730	5730.000
CT	779	5984	5893	5893.000
CT	778	5905	5842	5842.000
CT	777	5842	5774	5774.000
CT	776	5789	5734	5734.000
CT	775	5923	5861	5861.000
CT	774	5992	5923	5923.000
CT	773	5938	5877	5877.000
CT	772	5930	5871	5871.000
CT	771	5972	5907	5907.000
CT	770	5946	5882	5882.000
CT	769	6063	6005	6005.000
CT	768	5961	5909	5909.000
CT	767	5888	5833	5833.000
CT	766	6178	6134	6134.000
CT	765	6035	5983	5983.000
CT	764	6143	6089	6089.000
CT	763	6081	6062	6062.000
CT	762	6105	6052	6052.000
CT	761	5990	5935	5935.000
CT	760	6076	6032	6032.000
CT	759	6114	6066	6066.000
CT	758	6257	6219	6219.000
CT	757	6118	6099	6099.000
CT	756	5939	5905	5905.000
CT	755	6128	6091	6091.000
CT	754	6154	6117	6117.000
CT	753	6148	6105	6105.000
CT	752	6146	6108	6108.000
CT	751	6219	6190	6190.000
CT	750	6288	6240	6240.000
CT	749	6171	6133	6133.000
CT	748	6237	6216	6216.000
CT	747	6169	6117	6117.000
CT	746	6099	6048	6048.000
CT	745	6259	6216	6216.000
CT	744	6147	6118	6118.000
CT	743	6209	6172	6172.000
CT	742	6349	6310	6310.000
CT	741	6192	6161	6161.000
CT	740	6135	6100	6100.000
CT	739	6236	6206	6206.000
CT	738	6255	6220	6220.000
CT	737	6117	6093	6093.000
CT	736	6181	6148	6148.000
CT	735	6267	6240	6240.000
CT	734	6139	6124	6124.000
CT	733	6244	6205	6205.000
CT	732	6336	6299	6299.000
CT	731	6323	6291	6291.000
CT	730	6315	6279	6279.000
CT	729	6117	6086	6086.000
CT	728	6168	6129	6129.000
CT	727	6304	6285	6285.000
CT	726	6160	6127	6127.000
CT	725	6336	6313	6313.000
CT	724	6457	6430	6430.000
CT	723	6458	6429	6429.000
CT	722	6372	6335	6335.000
CT	721	6278	6250	6250.000
CT	720	6464	6443	6443.000
CT	719	6445	6416	6416.000
CT	718	6398	6368	6368.000
CT	717	6426	6392	6392.000
CT	716	6388	6357	6357.000
CT	715	6487	6452	6452.000
CT	714	6263	6238	6238.000
CT	713	6500	6468	6468.000
CT	712	6359	6351	6351.000
CT	711	6268	6251	6251.000
CT	710	6527	6502	6502.000
CT	709	6489	6474	6474.000
CT	708	6354	6332	6332.000
CT	707	6523	6511	6511.000
CT	706	6292	6269	6269.000
CT	705	6360	6349	6349.000
CT	704	6270	6251	6251.000
CT	703	6408	6395	6395.000
CT	702	6454	6442	6442.000
CT	701	6407	6403	6403.000
CT	700	6257	6244	6244.000
CT	699	6292	6284	6284.000
CT	698	6246	6231	6231.000
CT	697	6305	6293	6293.000
CT	696	6415	6405	6405.000
CT	695	6390	6379	6379.000
CT	694	6426	6397	6397.000
CT	693	6399	6402	6402.000
CT	692	6264	6254	6254.000
CT	691	6356	6349	6349.000
CT	690	6397	6393	6393.000
CT	689	6232	6234	6234.000
CT	688	6275	6276	6276.000
CT	687	6319	6308	6308.000
CT	686	6204	6191	6191.000
CT	685	6324	6318	6318.000
CT	684	6352	6352	6352.000
CT	683	6350	6345	6345.000
CT	682	6411	6411	6411.000
CT	681	6429	6428	6428.000
CT	680	6451	6451	6451.000
CT	679	6368	6373	6373.000
CT	678	6295	6304	6304.000
CT	677	6309	6315	6315.000
CT	676	6386	6384	6384.000
CT	675	6468	6471	6471.000
CT	674	6338	6350	6350.000
CT	673	6316	6320	6320.000
CT	672	6358	6372	6372.000
CT	671	6276	6279	6279.000
CT	670	6253	6280	6280.000
CT	669	6424	6443	6443.000
CT	668	6280	6291	6291.000
CT	667	6453	6477	6477.000
CT	666	6408	6431	6431.000
CT	665	6217	6223	6223.000
CT	664	6411	6428	6428.000
CT	663	6216	6229	6229.000
CT	662	6413	6418	6418.000
CT	661	6370	6373	6373.000
CT	660	6408	6421	6421.000
CT	659	6397	6412	6412.000
CT	658	6477	6467	6467.000
CT	657	6332	6337	6337.000
CT	656	6434	6446	6446.000
CT	655	6395	6403	6403.000
CT	654	6287	6286	6286.000
CT	653	6416	6426	6426.000
CT	652	6367	6381	6381.000
CT	651	6359	6372	6372.000
CT	650	6404	6394	6394.000
CT	649	6326	6332	6332.000
CT	648	6336	6338	6338.000
CT	647	6265	6277	6277.000
CT	646	6400	6411	6411.000
CT	645	6314	6330	6330.000
CT	644	6306	6314	6314.000
CT	643	6305	6324	6324.000
CT	642	6463	6466	6466.000
CT	641	6249	6255	6255.000
CT	640	6352	6358	6358.000
CT	639	6203	6207	6207.000
CT	638	6247	6243	6243.000
CT	637	6181	6203	6203.000
CT	636	6235	6228	6228.000
CT	635	6139	6145	6145.000
CT	634	6334	6345	6345.000
CT	633	6321	6331	6331.000
CT	632	6293	6297	6297.000
CT	631	6438	6453	6453.000
CT	630	6351	6353	6353.000
CT	629	6230	6244	6244.000
CT	628	6273	6287	6287.000
CT	627	6244	6252	6252.000
CT	626	6178	6186	6186.000
CT	625	6325	6339	6339.000
CT	624	6143	6157	6157.000
CT	623	6335	6349	6349.000
CT	622	6306	6311	6311.000
CT	621	6395	6413	6413.000
CT	620	6458	6473	6473.000
CT	619	6379	6394	6394.000
CT	618	6236	6244	6244.000
CT	617	6329	6344	6344.000
CT	616	6355	6364	6364.000
CT	615	6382	6394	6394.000
CT	614	6131	6145	6145.000
CT	613	6248	6263	6263.000
CT	612	6452	6474	6474.000
CT	611	6255	6284	6284.000
CT	610	6443	6461	6461.000
CT	609	6406	6416	6416.000
CT	608	6373	6382	6382.000
CT	607	6396	6401	6401.000
CT	606	6479	6500	6500.000
CT	605	6405	6439	6439.000
CT	604	6335	6357	6357.000
CT	603	6536	6551	6551.000
CT	602	6488	6492	6492.000
CT	601	6416	6443	6443.000
CT	600	6505	6535	6535.000
CT	599	6490	6522	6522.000
CT	598	6462	6486	6486.000
CT	597	6499	6524	6524.000
CT	596	6450	6464	6464.000
CT	595	6569	6588	6588.000
CT	594	6573	6593	6593.000
CT	593	6575	6590	6590.000
CT	592	6608	6623	6623.000
CT	591	6673	6681	6681.000
CT	590	6520	6542	6542.000
CT	589	6782	6805	6805.000
CT	588	6515	6516	6516.000
CT	587	6482	6490	6490.000
CT	586	6567	6587	6587.000
CT	585	6565	6580	6580.000
CT	584	6499	6509	6509.000
CT	583	6516	6525	6525.000
CT	582	6566	6580	6580.000
CT	581	6535	6543	6543.000
CT	580	6555	6572	6572.000
CT	579	6562	6563	6563.000
CT	578	6557	6576	6576.000
CT	577	6458	6474	6474.000
CT	576	6705	6725	6725.000
CT	575	6538	6561	6561.000
CT	574	6532	6561	6561.000
CT	573	6568	6586	6586.000
CT	572	6672	6686	6686.000
CT	571	6800	6818	6818.000
CT	570	6784	6801	6801.000
CT	569	6630	6659	6659.000
CT	568	6691	6708	6708.000
CT	567	6657	6682	6682.000
CT	566	6727	6735	6735.000
CT	565	6633	6650	6650.000
CT	564	6515	6535	6535.000
CT	563	6768	6777	6777.000
CT	562	6450	6458	6458.000
CT	561	6610	6635	6635.000
CT	560	6468	6487	6487.000
CT	559	6711	6726	6726.000
CT	558	6618	6644	6644.000
CT	557	6681	6704	6704.000
CT	556	6781	6806	6806.000
CT	555	6869	6888	6888.000
CT	554	6707	6726	6726.000
CT	553	6755	6777	6777.000
CT	552	6626	6645	6645.000
CT	551	6813	6824	6824.000
CT	550	6825	6839	6839.000
CT	549	6700	6716	6716.000
CT	548	6885	6904	6904.000
CT	547	6964	6984	6984.000
CT	546	6803	6811	6811.000
CT	545	6910	6929	6929.000
CT	544	7029	7052	7052.000
CT	543	7000	7009	7009.000
CT	542	6862	6875	6875.000
CT	541	6963	6988	6988.000
CT	540	6957	6972	6972.000
CT	539	6923	6942	6942.000
CT	538	6855	6874	6874.000
CT	537	6910	6925	6925.000
CT	536	6772	6798	6798.000
CT	535	6946	6967	6967.000
CT	534	6900	6912	6912.000
CT	533	6843	6864	6864.000
CT	532	6899	6911	6911.000
CT	531	6884	6895	6895.000
CT	530	6960	6983	6983.000
CT	529	6802	6820	6820.000
CT	528	6814	6827	6827.000
CT	527	6935	6952	6952.000
CT	526	7059	7078	7078.000
CT	525	6889	6906	6906.000
CT	524	7017	7022	7022.000
CT	523	6993	7003	7003.000
CT	522	6922	6931	6931.000
CT	521	7007	7020	7020.000
CT	520	7147	7162	7162.000
CT	519	6975	6986	6986.000
CT	518	6999	7019	7019.000
CT	517	6959	6977	6977.000
CT	516	7014	7030	7030.000
CT	515	6903	6920	6920.000
CT	514	7083	7092	7092.000
CT	513	6885	6899	6899.000
CT	512	7024	7029	7029.000
CT	511	6920	6933	6933.000
CT	510	7028	7038	7038.000
CT	509	7024	7024	7024.000
CT	508	7063	7077	7077.000
CT	507	7148	7168	7168.000
CT	506	7002	7011	7011.000
CT	505	7085	7087	7087.000
CT	504	6927	6934	6934.000
CT	503	6999	7015	7015.000
CT	502	6925	6926	6926.000
CT	501	7029	7049	7049.000
CT	500	6948	6959	6959.000
CT	499	6931	6950	6950.000
CT	498	6830	6841	6841.000
CT	497	6959	6977	6977.000
CT	496	6921	6930	6930.000
CT	495	6884	6895	6895.000
CT	494	7017	7035	7035.000
CT	493	7078	7091	7091.000
CT	492	7132	7137	7137.000
CT	491	7010	7022	7022.000
CT	490	6995	7016	7016.000
CT	489	7075	7085	7085.000
CT	488	7152	7163	7163.000
CT	487	7204	7213	7213.000
CT	486	7266	7285	7285.000
CT	485	7110	7123	7123.000
CT	484	7180	7195	7195.000
CT	483	7268	7282	7282.000
CT	482	7176	7192	7192.000
CT	481	7142	7150	7150.000
CT	480	7285	7295	7295.000
CT	479	7265	7281	7281.000
CT	478	7253	7265	7265.000
CT	477	7167	7177	7177.000
CT	476	7231	7250	7250.000
CT	475	7195	7205	7205.000
CT	474	7276	7290	7290.000
CT	473	7162	7163	7163.000
CT	472	7083	7094	7094.000
CT	471	7293	7302	7302.000
CT	470	7146	7153	7153.000
CT	469	7268	7277	7277.000
CT	468	7296	7309	7309.000
CT	467	7050	7060	7060.000
CT	466	7189	7192	7192.000
CT	465	7118	7130	7130.000
CT	464	7168	7172	7172.000
CT	463	7186	7187	7187.000
CT	462	7008	7009	7009.000
CT	461	7035	7037	7037.000
CT	460	6891	6893	6893.000
CT	459	6917	6922	6922.000
CT	458	7072	7082	7082.000
CT	457	7024	7025	7025.000
CT	456	7032	7046	7046.000
CT	455	7115	7126	7126.000
CT	454	7157	7171	7171.000
CT	453	6988	7000	7000.000
CT	452	7068	7069	7069.000
CT	451	7041	7057	7057.000
CT	450	7138	7145	7145.000
CT	449	7077	7088	7088.000
CT	448	6954	6963	6963.000
CT	447	7121	7130	7130.000
CT	446	7013	7023	7023.000
CT	445	7124	7136	7136.000
CT	444	7031	7044	7044.000
CT	443	6958	6977	6977.000
CT	442	6904	6914	6914.000
CT	441	7013	7025	7025.000
CT	440	6934	6941	6941.000
CT	439	6919	6935	6935.000
CT	438	6946	6957	6957.000
CT	437	6878	6885	6885.000
CT	436	6961	6970	6970.000
CT	435	7000	7005	7005.000
CT	434	7041	7034	7034.000
CT	433	7162	7162	7162.000
CT	432	6952	6954	6954.000
CT	431	6986	6986	6986.000
CT	430	6964	6968	6968.000
CT	429	6910	6919	6919.000
CT	428	6970	6972	6972.000
CT	427	7065	7074	7074.000
CT	426	7007	7006	7006.000
CT	425	7090	7093	7093.000
CT	424	6980	6982	6982.000
CT	423	7022	7024	7024.000
CT	422	7060	7056	7056.000
CT	421	7130	7130	7130.000
CT	420	7066	7066	7066.000
CT	419	7178	7178	7178.000
CT	418	7001	7003	7003.000
CT	417	7060	7060	7060.000
CT	416	7210	7210	7210.000
CT	415	7198	7207	7207.000
CT	414	7061	7063	7063.000
CT	413	7063	7068	7068.000
CT	412	7000	6998	6998.000
CT	411	7132	7132	7132.000
CT	410	7103	7109	7109.000
CT	409	7314	7309	7309.000
CT	408	7354	7364	7364.000
CT	407	7382	7395	7395.000
CT	406	7242	7246	7246.000
CT	405	7257	7266	7266.000
CT	404	7484	7484	7484.000
CT	403	7284	7283	7283.000
CT	402	7370	7369	7369.000
CT	401	7225	7230	7230.000
CT	400	7208	7209	7209.000
CT	399	7470	7466	7466.000
CT	398	7227	7219	7219.000
CT	397	7306	7300	7300.000
CT	396	7299	7299	7299.000
CT	395	7257	7245	7245.000
CT	394	7372	7374	7374.000
CT	393	7330	7330	7330.000
CT	392	7447	7439	7439.000
CT	391	6979	6979	6979.000
CT	390	7293	7293	7293.000
CT	389	7201	7198	7198.000
CT	388	7083	7077	7077.000
CT	387	7182	7179	7179.000
CT	386	7171	7173	7173.000
CT	385	7287	7284	7284.000
CT	384	7336	7334	7334.000
CT	383	7367	7359	7359.000
CT	382	7357	7358	7358.000
CT	381	7414	7409	7409.000
CT	380	7479	7478	7478.000
CT	379	7505	7506	7506.000
CT	378	7426	7431	7431.000
CT	377	7430	7431	7431.000
CT	376	7582	7585	7585.000
CT	375	7367	7369	7369.000
CT	374	7373	7377	7377.000
CT	373	7313	7313	7313.000
CT	372	7239	7243	7243.000
CT	371	7265	7270	7270.000
CT	370	7279	7282	7282.000
CT	369	7459	7468	7468.000
CT	368	7227	7228	7228.000
CT	367	7366	7365	7365.000
CT	366	7536	7539	7539.000
CT	365	7552	7555	7555.000
CT	364	7408	7412	7412.000
CT	363	7585	7595	7595.000
CT	362	7504	7508	7508.000
CT	361	7554	7559	7559.000
CT	360	7430	7436	7436.000
CT	359	7559	7555	7555.000
CT	358	7310	7320	7320.000
CT	357	7490	7494	7494.000
CT	356	7587	7595	7595.000
CT	355	7671	7673	7673.000
CT	354	7476	7475	7475.000
CT	353	7418	7418	7418.000
CT	352	7683	7685	7685.000
CT	351	7628	7629	7629.000
CT	350	7833	7831	7831.000
CT	349	7753	7753	7753.000
CT	348	7610	7611	7611.000
CT	347	7624	7625	7625.000
CT	346	7585	7586	7586.000
CT	345	7671	7673	7673.000
CT	344	7710	7714	7714.000
CT	343	7635	7633	7633.000
CT	342	7783	7787	7787.000
CT	341	7843	7848	7848.000
CT	340	7755	7757	7757.000
CT	339	7810	7810	7810.000
CT	338	7863	7873	7873.000
CT	337	7809	7820	7820.000
CT	336	7883	7891	7891.000
CT	335	7882	7884	7884.000
CT	334	7698	7704	7704.000
CT	333	7727	7731	7731.000
CT	332	7828	7828	7828.000
CT	331	7857	7861	7861.000
CT	330	7855	7855	7855.000
CT	329	7661	7665	7665.000
CT	328	7666	7669	7669.000
CT	327	7683	7684	7684.000
CT	326	7706	7709	7709.000
CT	325	7790	7795	7795.000
CT	324	7768	7766	7766.000
CT	323	7704	7703	7703.000
CT	322	7685	7690	7690.000
CT	321	7823	7825	7825.000
CT	320	7886	7891	7891.000
CT	319	7862	7870	7870.000
CT	318	7783	7794	7794.000
CT	317	7738	7745	7745.000
CT	316	7537	7546	7546.000
CT	315	7803	7806	7806.000
CT	314	7795	7805	7805.000
CT	313	7730	7754	7754.000
CT	312	7754	7756	7756.000
CT	311	7502	7521	7521.000
CT	310	7791	7806	7806.000
CT	309	7837	7851	7851.000
CT	308	7680	7698	7698.000
CT	307	7582	7593	7593.000
CT	306	7679	7697	7697.000
CT	305	7780	7791	7791.000
CT	304	7623	7635	7635.000
CT	303	7709	7721	7721.000
CT	302	7722	7724	7724.000
CT	301	7736	7740	7740.000
CT	300	7672	7681	7681.000
CT	299	7637	7646	7646.000
CT	298	7540	7552	7552.000
CT	297	7516	7523	7523.000
CT	296	7434	7433	7433.000
CT	295	7464	7480	7480.000
CT	294	7432	7435	7435.000
CT	293	7240	7237	7237.000
CT	292	7325	7322	7322.000
CT	291	7195	7198	7198.000
CT	290	7362	7365	7365.000
CT	289	7149	7150	7150.000
CT	288	7176	7177	7177.000
CT	287	7138	7137	7137.000
CT	286	7190	7195	7195.000
CT	285	7194	7200	7200.000
CT	284	7234	7231	7231.000
CT	283	7110	7111	7111.000
CT	282	7036	7035	7035.000
CT	281	6972	6970	6970.000
CT	280	6922	6913	6913.000
CT	279	6832	6832	6832.000
CT	278	6794	6793	6793.000
CT	277	6747	6747	6747.000
CT	276	6525	6525	6525.000
CT	275	6693	6688	6688.000
CT	274	6595	6592	6592.000
CT	273	6641	6640	6640.000
CT	272	6480	6476	6476.000
CT	271	6467	6467	6467.000
CT	270	6442	6438	6438.000
CT	269	6457	6458	6458.000
CT	268	6398	6398	6398.000
CT	267	6344	6340	6340.000
CT	266	6304	6299	6299.000
CT	265	6230	6228	6228.000
CT	264	6008	6007	6007.000
CT	263	6084	6079	6079.000
CT	262	6011	6008	6008.000
CT	261	5799	5801	5801.000
CT	260	5980	5979	5979.000
CT	259	5761	5760	5760.000
CT	258	5899	5899	5899.000
CT	257	5815	5812	5812.000
CT	256	5755	5752	5752.000
CT	255	5692	5692	5692.000
CT	254	5790	5788	5788.000
CT	253	5742	5738	5738.000
CT	252	5705	5711	5711.000
CT	251	5445	5434	5434.000
CT	250	5371	5361	5361.000
CT	249	5223	5215	5215.000
CT	248	5360	5358	5358.000
CT	247	5146	5145	5145.000
CT	246	5123	5113	5113.000
CT	245	5158	5156	5156.000
CT	244	5096	5091	5091.000
CT	243	4874	4871	4871.000
CT	242	4840	4837	4837.000
CT	241	4706	4702	4702.000
CT	240	4497	4490	4490.000
CT	239	4582	4576	4576.000
CT	238	4423	4418	4418.000
CT	237	4373	4362	4362.000
CT	236	4370	4360	4360.000
CT	235	4279	4266	4266.000
CT	234	4411	4405	4405.000
CT	233	4276	4268	4268.000
CT	232	4230	4221	4221.000
CT	231	4101	4094	4094.000
CT	230	4083	4073	4073.000
CT	229	4022	4012	4012.000
CT	228	3832	3826	3826.000
CT	227	3959	3943	3943.000
CT	226	3830	3817	3817.000
CT	225	3682	3675	3675.000
CT	224	3778	3774	3774.000
CT	223	3707	3698	3698.000
CT	222	3515	3504	3504.000
CT	221	3557	3544	3544.000
CT	220	3323	3312	3312.000
CT	219	3399	3381	3381.000
CT	218	3269	3262	3262.000
CT	217	3160	3149	3149.000
CT	216	3027	3017	3017.000
CT	215	3025	3011	3011.000
CT	214	2967	2951	2951.000
CT	213	2936	2920	2920.000
CT	212	2907	2895	2895.000
CT	211	2833	2819	2819.000
CT	210	2772	2756	2756.000
CT	209	2662	2652	2652.000
CT	208	2673	2657	2657.000
CT	207	2701	2687	2687.000
CT	206	2601	2583	2583.000
CT	205	2511	2495	2495.000
CT	204	2464	2454	2454.000
CT	203	2318	2303	2303.000
CT	202	2355	2346	2346.000
CT	201	2331	2314	2314.000
CT	200	2131	2122	2122.000
CT	199	2143	2125	2125.000
CT	198	2079	2073	2073.000
CT	197	1967	1959	1959.000
CT	196	2015	1992	1992.000
CT	195	1938	1933	1933.000
CT	194	1906	1891	1891.000
CT	193	1735	1721	1721.000
CT	192	1709	1697	1697.000
CT	191	1637	1621	1621.000
CT	190	1548	1536	1536.000
CT	189	1477	1462	1462.000
CT	188	1441	1414	1414.000
CT	187	1505	1480	1480.000
CT	186	1407	1381	1381.000
CT	185	1388	1373	1373.000
CT	184	1368	1348	1348.000
CT	183	1299	1277	1277.000
CT	182	1203	1185	1185.000
CT	181	1118	1103	1103.000
CT	180	1040	1027	1027.000
CT	179	1045	1036	1036.000
CT	178	1007	969	969.000
CT	177	930	909	909.000
CT	176	894	863	863.000
CT	175	857	836	836.000
CT	174	842	819	819.000
CT	173	786	766	766.000
CT	172	831	798	798.000
CT	171	739	718	718.000
CT	170	698	678	678.000
CT	169	620	604	604.000
CT	168	661	625	625.000
CT	167	559	525	525.000
CT	166	516	483	483.000
CT	165	508	487	487.000
CT	164	432	413	413.000
CT	163	497	472	472.000
CT	162	431	406	406.000
CT	161	447	431	431.000
CT	160	387	366	366.000
CT	159	394	362	362.000
CT	158	331	294	294.000
CT	157	310	277	277.000
CT	156	323	276	276.000
CT	155	306	264	264.000
CT	154	340	294	294.000
CT	153	295	248	248.000
CT	152	312	260	260.000
CT	151	274	233	233.000
CT	150	251	211	211.000
CT	149	259	213	213.000
CT	148	218	179	179.000
CT	147	241	190	190.000
CT	146	220	168	168.000
CT	145	248	174	174.000
CT	144	192	131	131.000
CT	143	200	140	140.000
CT	142	182	126	126.000
CT	141	168	125	125.000
CT	140	185	122	122.000
CT	139	177	124	124.000
CT	138	175	109	109.000
CT	137	142	84	84.000
CT	136	155	92	92.000
CT	135	147	77	77.000
CT	134	109	61	61.000
CT	133	122	49	49.000
CT	132	109	55	55.000
CT	131	106	47	47.000
CT	130	109	47	47.000
CT	129	96	45	45.000
CT	128	120	63	63.000
CT	127	119	50	50.000
CT	126	131	64	64.000
CT	125	135	50	50.000
CT	124	111	48	48.000
CT	123	140	42	42.000
CT	122	130	45	45.000
CT	121	119	45	45.000
CT	120	124	32	32.000
CT	119	141	41	41.000
CT	118	156	49	49.000
CT	117	136	43	43.000
CT	116	114	21	21.000
CT	115	148	33	33.000
CT	114	130	28	28.000
CT	113	134	31	31.000
CT	112	128	20	20.000
CT	111	138	20	20.000
CT	110	132	23	23.000
CT	109	136	19	19.000
CT	108	118	17	17.000
CT	107	146	21	21.000
CT	106	161	15	15.000
CT	105	164	22	22.000
CT	104	165	16	16.000
CT	103	152	25	25.000
CT	102	180	36	36.000
CT	101	180	31	31.000
CT	100	160	22	22.000
CT	99	184	21	21.000
CT	98	214	25	25.000
CT	97	213	31	31.000
CT	96	227	26	26.000
CT	95	194	14	14.000
CT	94	204	23	23.000
CT	93	230	15	15.000
CT	92	254	15	15.000
CT	91	261	12	12.000
CT	90	236	12	12.000
CT	89	280	19	19.000
CT	88	329	21	21.000
CT	87	317	20	20.000
CT	86	305	20	20.000
CT	85	314	24	24.000
CT	84	357	21	21.000
CT	83	369	19	19.000
CT	82	327	28	28.000
CT	81	331	15	15.000
CT	80	358	12	12.000
CT	79	340	13	13.000
CT	78	340	15	15.000
CT	77	396	7	7.000
CT	76	414	9	9.000
CT	75	424	13	13.000
CT	74	436	13	13.000
CT	73	451	13	13.000
CT	72	467	20	20.000
CT	71	538	12	12.000
CT	70	567	11	11.000
CT	69	589	20	20.000
CT	68	626	20	20.000
CT	67	668	12	12.000
CT	66	658	17	17.000
CT	65	759	12	12.000
CT	64	730	1	1.000
CT	63	853	3	3.000
CT	62	841	3	3.000
CT	61	938	1	1.000
CT	60	1014	1	1.000
CT	59	947	2	2.000
CT	58	1082	1	1.000
CT	57	1103	2	2.000
CT	56	1204	1	1.000
CT	55	1361	0	0.000
CT	54	1374	3	3.000
CT	53	1515	7	7.000
CT	52	1682	11	11.000
CT	51	1656	18	18.000
CT	50	1797	11	11.000
CT	49	1910	12	12.000
CT	48	1935	11	11.000
CT	47	2040	6	6.000
CT	46	2313	1	1.000
CT	45	2281	0	0.000
CT	44	2460	0	0.000
CT	43	2732	0	0.000
CT	42	2844	0	0.000
CT	41	3217	0	0.000
CT	40	3235	0	0.000
CT	39	3527	0	0.000
CT	38	3756	0	0.000
CT	37	4046	0	0.000
CT	36	4411	0	0.000
CT	35	4867	0	0.000
CT	34	5291	0	0.000
CT	33	5899	0	0.000
CT	32	6410	0	0.000
CT	31	7139	0	0.000
CT	30	8114	0	0.000
CT	29	8928	0	0.000
CT	28	9805	0	0.000
CT	27	11003	0	0.000
CT	26	12313	0	0.000
CT	25	13339	0	0.000
CT	24	15290	0	0.000
CT	23	16854	0	0.000
CT	22	19182	0	0.000
CT	21	21845	0	0.000
CT	20	25252	0	0.000
CT	19	28265	0	0.000
CT	18	33156	0	0.000
CT	17	37973	0	0.000
CT	16	44732	0	0.000
CT	15	53038	0	0.000
CT	14	64068	0	0.000
CT	13	77208	0	0.000
CT	12	95770	0	0.000
CT	11	119262	0	0.000
CT	10	151798	0	0.000
CT	9	200265	0	0.000
CT	8	278400	0	0.000
CT	7	417642	0	0.000
CT	6	708857	0	0.000
CT	5	1382855	0	0.000
CT	4	3239351	0	0.000
CT	3	8885578	0	0.000
CT	2	28512404	0	0.000
CT	1	0	0	-nan
CT	0	0	0	-nan
FR	0	0
ER	5773874	0.000
CV	1.001
QV	inf	inf
