HS	1023	0	756912	756912
HS	1022	0	3507	760419
HS	1021	0	3586	764005
HS	1020	0	3609	767614
HS	1019	0	3549	771163
HS	1018	0	3554	774717
HS	1017	0	3565	778282
HS	1016	0	3601	781883
HS	1015	0	3526	785409
HS	1014	0	3633	789042
HS	1013	0	3633	792675
HS	1012	0	3682	796357
HS	1011	0	3661	800018
HS	1010	0	3673	803691
HS	1009	0	3810	807501
HS	1008	0	3782	811283
HS	1007	0	3755	815038
HS	1006	0	3871	818909
HS	1005	0	3704	822613
HS	1004	0	3853	826466
HS	1003	0	3759	830225
HS	1002	0	3893	834118
HS	1001	0	3937	838055
HS	1000	0	3940	841995
HS	999	0	3850	845845
HS	998	0	3801	849646
HS	997	0	3838	853484
HS	996	0	3895	857379
HS	995	0	3953	861332
HS	994	0	3938	865270
HS	993	0	3887	869157
HS	992	0	3967	873124
HS	991	0	3948	877072
HS	990	0	3963	881035
HS	989	0	4083	885118
HS	988	0	3936	889054
HS	987	0	4033	893087
HS	986	0	3957	897044
HS	985	0	4124	901168
HS	984	0	3946	905114
HS	983	0	4072	909186
HS	982	0	4107	913293
HS	981	0	4098	917391
HS	980	0	3993	921384
HS	979	0	4203	925587
HS	978	0	4193	929780
HS	977	0	4060	933840
HS	976	0	4095	937935
HS	975	0	4127	942062
HS	974	0	4091	946153
HS	973	0	4241	950394
HS	972	0	4293	954687
HS	971	0	4318	959005
HS	970	0	4194	963199
HS	969	0	4341	967540
HS	968	0	4271	971811
HS	967	0	4316	976127
HS	966	0	4286	980413
HS	965	0	4324	984737
HS	964	0	4349	989086
HS	963	0	4287	993373
HS	962	0	4399	997772
HS	961	0	4410	1002182
HS	960	0	4482	1006664
HS	959	0	4409	1011073
HS	958	0	4535	1015608
HS	957	0	4428	1020036
HS	956	0	4612	1024648
HS	955	0	4548	1029196
HS	954	0	4545	1033741
HS	953	0	4578	1038319
HS	952	0	4623	1042942
HS	951	0	4464	1047406
HS	950	0	4560	1051966
HS	949	0	4522	1056488
HS	948	0	4521	1061009
HS	947	0	4763	1065772
HS	946	0	4649	1070421
HS	945	0	4655	1075076
HS	944	0	4459	1079535
HS	943	0	4737	1084272
HS	942	0	4637	1088909
HS	941	0	4689	1093598
HS	940	0	4779	1098377
HS	939	0	4793	1103170
HS	938	0	4768	1107938
HS	937	0	4816	1112754
HS	936	0	4759	1117513
HS	935	0	4846	1122359
HS	934	0	4890	1127249
HS	933	0	4810	1132059
HS	932	0	4768	1136827
HS	931	0	4749	1141576
HS	930	0	4849	1146425
HS	929	0	4847	1151272
HS	928	0	4883	1156155
HS	927	0	4850	1161005
HS	926	0	4804	1165809
HS	925	0	4857	1170666
HS	924	0	4900	1175566
HS	923	0	4878	1180444
HS	922	0	4897	1185341
HS	921	0	4899	1190240
HS	920	0	5005	1195245
HS	919	0	5031	1200276
HS	918	0	5050	1205326
HS	917	0	5026	1210352
HS	916	0	5001	1215353
HS	915	0	4936	1220289
HS	914	0	5078	1225367
HS	913	0	5072	1230439
HS	912	0	4991	1235430
HS	911	0	5074	1240504
HS	910	0	4997	1245501
HS	909	0	5050	1250551
HS	908	0	5000	1255551
HS	907	0	5050	1260601
HS	906	0	5030	1265631
HS	905	0	5067	1270698
HS	904	0	5214	1275912
HS	903	0	5013	1280925
HS	902	0	5063	1285988
HS	901	0	5124	1291112
HS	900	0	5063	1296175
HS	899	0	5239	1301414
HS	898	0	5141	1306555
HS	897	0	5120	1311675
HS	896	0	5062	1316737
HS	895	0	5302	1322039
HS	894	0	5297	1327336
HS	893	0	5281	1332617
HS	892	0	5214	1337831
HS	891	0	5288	1343119
HS	890	0	5349	1348468
HS	889	0	5255	1353723
HS	888	0	5204	1358927
HS	887	0	5458	1364385
HS	886	0	5268	1369653
HS	885	0	5369	1375022
HS	884	0	5360	1380382
HS	883	0	5409	1385791
HS	882	0	5347	1391138
HS	881	0	5376	1396514
HS	880	0	5422	1401936
HS	879	0	5412	1407348
HS	878	0	5398	1412746
HS	877	0	5331	1418077
HS	876	0	5350	1423427
HS	875	0	5297	1428724
HS	874	0	5372	1434096
HS	873	0	5463	1439559
HS	872	0	5370	1444929
HS	871	0	5454	1450383
HS	870	0	5329	1455712
HS	869	0	5486	1461198
HS	868	0	5466	1466664
HS	867	0	5492	1472156
HS	866	0	5553	1477709
HS	865	0	5392	1483101
HS	864	0	5496	1488597
HS	863	0	5485	1494082
HS	862	0	5473	1499555
HS	861	0	5514	1505069
HS	860	0	5659	1510728
HS	859	0	5576	1516304
HS	858	0	5670	1521974
HS	857	0	5589	1527563
HS	856	0	5739	1533302
HS	855	0	5593	1538895
HS	854	0	5621	1544516
HS	853	0	5748	1550264
HS	852	0	5760	1556024
HS	851	0	5759	1561783
HS	850	0	5659	1567442
HS	849	0	5742	1573184
HS	848	0	5764	1578948
HS	847	0	5695	1584643
HS	846	0	5639	1590282
HS	845	0	5698	1595980
HS	844	0	5759	1601739
HS	843	0	5771	1607510
HS	842	0	5615	1613125
HS	841	0	5748	1618873
HS	840	0	5710	1624583
HS	839	0	5613	1630196
HS	838	0	5641	1635837
HS	837	0	5717	1641554
HS	836	0	5669	1647223
HS	835	0	5803	1653026
HS	834	0	5716	1658742
HS	833	0	5842	1664584
HS	832	0	5732	1670316
HS	831	0	5857	1676173
HS	830	0	5788	1681961
HS	829	0	5852	1687813
HS	828	0	5874	1693687
HS	827	0	5581	1699268
HS	826	0	5742	1705010
HS	825	0	5785	1710795
HS	824	0	5737	1716532
HS	823	0	5758	1722290
HS	822	0	5763	1728053
HS	821	0	5816	1733869
HS	820	0	5654	1739523
HS	819	0	5725	1745248
HS	818	0	5772	1751020
HS	817	0	5827	1756847
HS	816	0	5827	1762674
HS	815	0	5810	1768484
HS	814	0	5844	1774328
HS	813	0	5780	1780108
HS	812	0	5869	1785977
HS	811	0	5933	1791910
HS	810	0	5739	1797649
HS	809	0	5830	1803479
HS	808	0	5843	1809322
HS	807	0	5843	1815165
HS	806	0	5716	1820881
HS	805	0	5856	1826737
HS	804	0	5841	1832578
HS	803	0	5824	1838402
HS	802	0	5821	1844223
HS	801	0	5909	1850132
HS	800	0	5786	1855918
HS	799	0	5891	1861809
HS	798	0	5854	1867663
HS	797	0	5886	1873549
HS	796	0	5845	1879394
HS	795	0	5955	1885349
HS	794	0	5808	1891157
HS	793	0	5942	1897099
HS	792	0	5757	1902856
HS	791	0	5787	1908643
HS	790	0	5766	1914409
HS	789	0	5751	1920160
HS	788	0	5710	1925870
HS	787	0	5842	1931712
HS	786	0	5974	1937686
HS	785	0	5876	1943562
HS	784	0	5906	1949468
HS	783	0	5967	1955435
HS	782	0	5884	1961319
HS	781	0	5963	1967282
HS	780	0	5809	1973091
HS	779	0	5984	1979075
HS	778	0	5905	1984980
HS	777	0	5842	1990822
HS	776	0	5789	1996611
HS	775	0	5923	2002534
HS	774	0	5992	2008526
HS	773	0	5938	2014464
HS	772	0	5930	2020394
HS	771	0	5972	2026366
HS	770	0	5946	2032312
HS	769	0	6063	2038375
HS	768	0	5961	2044336
HS	767	0	5888	2050224
HS	766	0	6178	2056402
HS	765	0	6035	2062437
HS	764	0	6143	2068580
HS	763	0	6081	2074661
HS	762	0	6105	2080766
HS	761	0	5990	2086756
HS	760	0	6076	2092832
HS	759	0	6114	2098946
HS	758	0	6257	2105203
HS	757	0	6118	2111321
HS	756	0	5939	2117260
HS	755	0	6128	2123388
HS	754	0	6154	2129542
HS	753	0	6148	2135690
HS	752	0	6146	2141836
HS	751	0	6219	2148055
HS	750	0	6288	2154343
HS	749	0	6171	2160514
HS	748	0	6237	2166751
HS	747	0	6169	2172920
HS	746	0	6099	2179019
HS	745	0	6259	2185278
HS	744	0	6147	2191425
HS	743	0	6209	2197634
HS	742	0	6349	2203983
HS	741	0	6192	2210175
HS	740	0	6135	2216310
HS	739	0	6236	2222546
HS	738	0	6255	2228801
HS	737	0	6117	2234918
HS	736	0	6181	2241099
HS	735	0	6267	2247366
HS	734	0	6139	2253505
HS	733	0	6244	2259749
HS	732	0	6336	2266085
HS	731	0	6323	2272408
HS	730	0	6315	2278723
HS	729	0	6117	2284840
HS	728	0	6168	2291008
HS	727	0	6304	2297312
HS	726	0	6160	2303472
HS	725	0	6336	2309808
HS	724	0	6457	2316265
HS	723	0	6458	2322723
HS	722	0	6372	2329095
HS	721	0	6278	2335373
HS	720	0	6464	2341837
HS	719	0	6445	2348282
HS	718	0	6398	2354680
HS	717	0	6426	2361106
HS	716	0	6388	2367494
HS	715	0	6487	2373981
HS	714	0	6263	2380244
HS	713	0	6500	2386744
HS	712	0	6359	2393103
HS	711	0	6268	2399371
HS	710	0	6527	2405898
HS	709	0	6489	2412387
HS	708	0	6354	2418741
HS	707	0	6523	2425264
HS	706	0	6292	2431556
HS	705	0	6360	2437916
HS	704	0	6270	2444186
HS	703	0	6408	2450594
HS	702	0	6454	2457048
HS	701	0	6407	2463455
HS	700	0	6257	2469712
HS	699	0	6292	2476004
HS	698	0	6246	2482250
HS	697	0	6305	2488555
HS	696	0	6415	2494970
HS	695	0	6390	2501360
HS	694	0	6426	2507786
HS	693	0	6399	2514185
HS	692	0	6264	2520449
HS	691	0	6356	2526805
HS	690	0	6397	2533202
HS	689	0	6232	2539434
HS	688	0	6275	2545709
HS	687	0	6319	2552028
HS	686	0	6204	2558232
HS	685	0	6324	2564556
HS	684	0	6352	2570908
HS	683	0	6350	2577258
HS	682	0	6411	2583669
HS	681	0	6429	2590098
HS	680	0	6451	2596549
HS	679	0	6368	2602917
HS	678	0	6295	2609212
HS	677	0	6309	2615521
HS	676	0	6386	2621907
HS	675	0	6468	2628375
HS	674	0	6338	2634713
HS	673	0	6316	2641029
HS	672	0	6358	2647387
HS	671	0	6276	2653663
HS	670	0	6253	2659916
HS	669	0	6424	2666340
HS	668	0	6280	2672620
HS	667	0	6453	2679073
HS	666	0	6408	2685481
HS	665	0	6217	2691698
HS	664	0	6411	2698109
HS	663	0	6216	2704325
HS	662	0	6413	2710738
HS	661	0	6370	2717108
HS	660	0	6408	2723516
HS	659	0	6397	2729913
HS	658	0	6477	2736390
HS	657	0	6332	2742722
HS	656	0	6434	2749156
HS	655	0	6395	2755551
HS	654	0	6287	2761838
HS	653	0	6416	2768254
HS	652	0	6367	2774621
HS	651	0	6359	2780980
HS	650	0	6404	2787384
HS	649	0	6326	2793710
HS	648	0	6336	2800046
HS	647	0	6265	2806311
HS	646	0	6400	2812711
HS	645	0	6314	2819025
HS	644	0	6306	2825331
HS	643	0	6305	2831636
HS	642	0	6463	2838099
HS	641	0	6249	2844348
HS	640	0	6352	2850700
HS	639	0	6203	2856903
HS	638	0	6247	2863150
HS	637	0	6181	2869331
HS	636	0	6235	2875566
HS	635	0	6139	2881705
HS	634	0	6334	2888039
HS	633	0	6321	2894360
HS	632	0	6293	2900653
HS	631	0	6438	2907091
HS	630	0	6351	2913442
HS	629	0	6230	2919672
HS	628	0	6273	2925945
HS	627	0	6244	2932189
HS	626	0	6178	2938367
HS	625	0	6325	2944692
HS	624	0	6143	2950835
HS	623	0	6335	2957170
HS	622	0	6306	2963476
HS	621	0	6395	2969871
HS	620	0	6458	2976329
HS	619	0	6379	2982708
HS	618	0	6236	2988944
HS	617	0	6329	2995273
HS	616	0	6355	3001628
HS	615	0	6382	3008010
HS	614	0	6131	3014141
HS	613	0	6248	3020389
HS	612	0	6452	3026841
HS	611	0	6255	3033096
HS	610	0	6443	3039539
HS	609	0	6406	3045945
HS	608	0	6373	3052318
HS	607	0	6396	3058714
HS	606	0	6479	3065193
HS	605	0	6405	3071598
HS	604	0	6335	3077933
HS	603	0	6536	3084469
HS	602	0	6488	3090957
HS	601	0	6416	3097373
HS	600	0	6505	3103878
HS	599	0	6490	3110368
HS	598	0	6462	3116830
HS	597	0	6499	3123329
HS	596	0	6450	3129779
HS	595	0	6569	3136348
HS	594	0	6573	3142921
HS	593	0	6575	3149496
HS	592	0	6608	3156104
HS	591	0	6673	3162777
HS	590	0	6520	3169297
HS	589	0	6782	3176079
HS	588	0	6515	3182594
HS	587	0	6482	3189076
HS	586	0	6567	3195643
HS	585	0	6565	3202208
HS	584	0	6499	3208707
HS	583	0	6516	3215223
HS	582	0	6566	3221789
HS	581	0	6535	3228324
HS	580	0	6555	3234879
HS	579	0	6562	3241441
HS	578	0	6557	3247998
HS	577	0	6458	3254456
HS	576	0	6705	3261161
HS	575	0	6538	3267699
HS	574	0	6532	3274231
HS	573	0	6568	3280799
HS	572	0	6672	3287471
HS	571	0	6800	3294271
HS	570	0	6784	3301055
HS	569	0	6630	3307685
HS	568	0	6691	3314376
HS	567	0	6657	3321033
HS	566	0	6727	3327760
HS	565	0	6633	3334393
HS	564	0	6515	3340908
HS	563	0	6768	3347676
HS	562	0	6450	3354126
HS	561	0	6610	3360736
HS	560	0	6468	3367204
HS	559	0	6711	3373915
HS	558	0	6618	3380533
HS	557	0	6681	3387214
HS	556	0	6781	3393995
HS	555	0	6869	3400864
HS	554	0	6707	3407571
HS	553	0	6755	3414326
HS	552	0	6626	3420952
HS	551	0	6813	3427765
HS	550	0	6825	3434590
HS	549	0	6700	3441290
HS	548	0	6885	3448175
HS	547	0	6964	3455139
HS	546	0	6803	3461942
HS	545	0	6910	3468852
HS	544	0	7029	3475881
HS	543	0	7000	3482881
HS	542	0	6862	3489743
HS	541	0	6963	3496706
HS	540	0	6957	3503663
HS	539	0	6923	3510586
HS	538	0	6855	3517441
HS	537	0	6910	3524351
HS	536	0	6772	3531123
HS	535	0	6946	3538069
HS	534	0	6900	3544969
HS	533	0	6843	3551812
HS	532	0	6899	3558711
HS	531	0	6884	3565595
HS	530	0	6960	3572555
HS	529	0	6802	3579357
HS	528	0	6814	3586171
HS	527	0	6935	3593106
HS	526	0	7059	3600165
HS	525	0	6889	3607054
HS	524	0	7017	3614071
HS	523	0	6993	3621064
HS	522	0	6922	3627986
HS	521	0	7007	3634993
HS	520	0	7147	3642140
HS	519	0	6975	3649115
HS	518	0	6999	3656114
HS	517	0	6959	3663073
HS	516	0	7014	3670087
HS	515	0	6903	3676990
HS	514	0	7083	3684073
HS	513	0	6885	3690958
HS	512	0	7024	3697982
HS	511	0	6920	3704902
HS	510	0	7028	3711930
HS	509	0	7024	3718954
HS	508	0	7063	3726017
HS	507	0	7148	3733165
HS	506	0	7002	3740167
HS	505	0	7085	3747252
HS	504	0	6927	3754179
HS	503	0	6999	3761178
HS	502	0	6925	3768103
HS	501	0	7029	3775132
HS	500	0	6948	3782080
HS	499	0	6931	3789011
HS	498	0	6830	3795841
HS	497	0	6959	3802800
HS	496	0	6921	3809721
HS	495	0	6884	3816605
HS	494	0	7017	3823622
HS	493	0	7078	3830700
HS	492	0	7132	3837832
HS	491	0	7010	3844842
HS	490	0	6995	3851837
HS	489	0	7075	3858912
HS	488	0	7152	3866064
HS	487	0	7204	3873268
HS	486	0	7266	3880534
HS	485	0	7110	3887644
HS	484	0	7180	3894824
HS	483	0	7268	3902092
HS	482	0	7176	3909268
HS	481	0	7142	3916410
HS	480	0	7285	3923695
HS	479	0	7265	3930960
HS	478	0	7253	3938213
HS	477	0	7167	3945380
HS	476	0	7231	3952611
HS	475	0	7195	3959806
HS	474	0	7276	3967082
HS	473	0	7162	3974244
HS	472	0	7083	3981327
HS	471	0	7293	3988620
HS	470	0	7146	3995766
HS	469	0	7268	4003034
HS	468	0	7296	4010330
HS	467	0	7050	4017380
HS	466	0	7189	4024569
HS	465	0	7118	4031687
HS	464	0	7168	4038855
HS	463	0	7186	4046041
HS	462	0	7008	4053049
HS	461	0	7035	4060084
HS	460	0	6891	4066975
HS	459	0	6917	4073892
HS	458	0	7072	4080964
HS	457	0	7024	4087988
HS	456	0	7032	4095020
HS	455	0	7115	4102135
HS	454	0	7157	4109292
HS	453	0	6988	4116280
HS	452	0	7068	4123348
HS	451	0	7041	4130389
HS	450	0	7138	4137527
HS	449	0	7077	4144604
HS	448	0	6954	4151558
HS	447	0	7121	4158679
HS	446	0	7013	4165692
HS	445	0	7124	4172816
HS	444	0	7031	4179847
HS	443	0	6958	4186805
HS	442	0	6904	4193709
HS	441	0	7013	4200722
HS	440	0	6934	4207656
HS	439	0	6919	4214575
HS	438	0	6946	4221521
HS	437	0	6878	4228399
HS	436	0	6961	4235360
HS	435	0	7000	4242360
HS	434	0	7041	4249401
HS	433	0	7162	4256563
HS	432	0	6952	4263515
HS	431	0	6986	4270501
HS	430	0	6964	4277465
HS	429	0	6910	4284375
HS	428	0	6970	4291345
HS	427	0	7065	4298410
HS	426	0	7007	4305417
HS	425	0	7090	4312507
HS	424	0	6980	4319487
HS	423	0	7022	4326509
HS	422	0	7060	4333569
HS	421	0	7130	4340699
HS	420	0	7066	4347765
HS	419	0	7178	4354943
HS	418	0	7001	4361944
HS	417	0	7060	4369004
HS	416	0	7210	4376214
HS	415	0	7198	4383412
HS	414	0	7061	4390473
HS	413	0	7063	4397536
HS	412	0	7000	4404536
HS	411	0	7132	4411668
HS	410	0	7103	4418771
HS	409	0	7314	4426085
HS	408	0	7354	4433439
HS	407	0	7382	4440821
HS	406	0	7242	4448063
HS	405	0	7257	4455320
HS	404	0	7484	4462804
HS	403	0	7284	4470088
HS	402	0	7370	4477458
HS	401	0	7225	4484683
HS	400	0	7208	4491891
HS	399	0	7470	4499361
HS	398	0	7227	4506588
HS	397	0	7306	4513894
HS	396	0	7299	4521193
HS	395	0	7257	4528450
HS	394	0	7372	4535822
HS	393	0	7330	4543152
HS	392	0	7447	4550599
HS	391	0	6979	4557578
HS	390	0	7293	4564871
HS	389	0	7201	4572072
HS	388	0	7083	4579155
HS	387	0	7182	4586337
HS	386	0	7171	4593508
HS	385	0	7287	4600795
HS	384	0	7336	4608131
HS	383	0	7367	4615498
HS	382	0	7357	4622855
HS	381	0	7414	4630269
HS	380	0	7479	4637748
HS	379	0	7505	4645253
HS	378	0	7426	4652679
HS	377	0	7430	4660109
HS	376	0	7582	4667691
HS	375	0	7367	4675058
HS	374	0	7373	4682431
HS	373	0	7313	4689744
HS	372	0	7239	4696983
HS	371	0	7265	4704248
HS	370	0	7279	4711527
HS	369	0	7459	4718986
HS	368	0	7227	4726213
HS	367	0	7366	4733579
HS	366	0	7536	4741115
HS	365	0	7552	4748667
HS	364	0	7408	4756075
HS	363	0	7585	4763660
HS	362	0	7504	4771164
HS	361	0	7554	4778718
HS	360	0	7430	4786148
HS	359	0	7559	4793707
HS	358	0	7310	4801017
HS	357	0	7490	4808507
HS	356	0	7587	4816094
HS	355	0	7671	4823765
HS	354	0	7476	4831241
HS	353	0	7418	4838659
HS	352	0	7683	4846342
HS	351	0	7628	4853970
HS	350	0	7833	4861803
HS	349	0	7753	4869556
HS	348	0	7610	4877166
HS	347	0	7624	4884790
HS	346	0	7585	4892375
HS	345	0	7671	4900046
HS	344	0	7710	4907756
HS	343	0	7635	4915391
HS	342	0	7783	4923174
HS	341	0	7843	4931017
HS	340	0	7755	4938772
HS	339	0	7810	4946582
HS	338	0	7863	4954445
HS	337	0	7809	4962254
HS	336	0	7883	4970137
HS	335	0	7882	4978019
HS	334	0	7698	4985717
HS	333	0	7727	4993444
HS	332	0	7828	5001272
HS	331	0	7857	5009129
HS	330	0	7855	5016984
HS	329	0	7661	5024645
HS	328	0	7666	5032311
HS	327	0	7683	5039994
HS	326	0	7706	5047700
HS	325	0	7790	5055490
HS	324	0	7768	5063258
HS	323	0	7704	5070962
HS	322	0	7685	5078647
HS	321	0	7823	5086470
HS	320	0	7886	5094356
HS	319	0	7862	5102218
HS	318	0	7783	5110001
HS	317	0	7738	5117739
HS	316	0	7537	5125276
HS	315	0	7803	5133079
HS	314	0	7795	5140874
HS	313	0	7730	5148604
HS	312	0	7754	5156358
HS	311	0	7502	5163860
HS	310	0	7791	5171651
HS	309	0	7837	5179488
HS	308	0	7680	5187168
HS	307	0	7582	5194750
HS	306	0	7679	5202429
HS	305	0	7780	5210209
HS	304	0	7623	5217832
HS	303	0	7709	5225541
HS	302	0	7722	5233263
HS	301	0	7736	5240999
HS	300	0	7672	5248671
HS	299	0	7637	5256308
HS	298	0	7540	5263848
HS	297	0	7516	5271364
HS	296	0	7434	5278798
HS	295	0	7464	5286262
HS	294	0	7432	5293694
HS	293	0	7240	5300934
HS	292	0	7325	5308259
HS	291	0	7195	5315454
HS	290	0	7362	5322816
HS	289	0	7149	5329965
HS	288	0	7176	5337141
HS	287	0	7138	5344279
HS	286	0	7190	5351469
HS	285	0	7194	5358663
HS	284	0	7234	5365897
HS	283	0	7110	5373007
HS	282	0	7036	5380043
HS	281	0	6972	5387015
HS	280	0	6922	5393937
HS	279	0	6832	5400769
HS	278	0	6794	5407563
HS	277	0	6747	5414310
HS	276	0	6525	5420835
HS	275	0	6693	5427528
HS	274	0	6595	5434123
HS	273	0	6641	5440764
HS	272	0	6480	5447244
HS	271	0	6467	5453711
HS	270	0	6442	5460153
HS	269	0	6457	5466610
HS	268	0	6398	5473008
HS	267	0	6344	5479352
HS	266	0	6304	5485656
HS	265	0	6230	5491886
HS	264	0	6008	5497894
HS	263	0	6084	5503978
HS	262	0	6011	5509989
HS	261	0	5799	5515788
HS	260	0	5980	5521768
HS	259	0	5761	5527529
HS	258	0	5899	5533428
HS	257	0	5815	5539243
HS	256	0	5755	5544998
HS	255	0	5692	5550690
HS	254	0	5790	5556480
HS	253	0	5742	5562222
HS	252	0	5705	5567927
HS	251	0	5445	5573372
HS	250	0	5371	5578743
HS	249	0	5223	5583966
HS	248	0	5360	5589326
HS	247	0	5146	5594472
HS	246	0	5123	5599595
HS	245	0	5158	5604753
HS	244	0	5096	5609849
HS	243	0	4874	5614723
HS	242	0	4840	5619563
HS	241	0	4706	5624269
HS	240	0	4497	5628766
HS	239	0	4582	5633348
HS	238	0	4423	5637771
HS	237	0	4373	5642144
HS	236	0	4370	5646514
HS	235	0	4279	5650793
HS	234	0	4411	5655204
HS	233	0	4276	5659480
HS	232	0	4230	5663710
HS	231	0	4101	5667811
HS	230	0	4083	5671894
HS	229	0	4022	5675916
HS	228	0	3832	5679748
HS	227	0	3959	5683707
HS	226	0	3830	5687537
HS	225	0	3682	5691219
HS	224	0	3778	5694997
HS	223	0	3707	5698704
HS	222	0	3515	5702219
HS	221	0	3557	5705776
HS	220	0	3323	5709099
HS	219	0	3399	5712498
HS	218	0	3269	5715767
HS	217	0	3160	5718927
HS	216	0	3027	5721954
HS	215	0	3025	5724979
HS	214	0	2967	5727946
HS	213	0	2936	5730882
HS	212	0	2907	5733789
HS	211	0	2833	5736622
HS	210	0	2772	5739394
HS	209	0	2662	5742056
HS	208	0	2673	5744729
HS	207	0	2701	5747430
HS	206	0	2601	5750031
HS	205	0	2511	5752542
HS	204	0	2464	5755006
HS	203	0	2318	5757324
HS	202	0	2355	5759679
HS	201	0	2331	5762010
HS	200	0	2131	5764141
HS	199	0	2143	5766284
HS	198	0	2079	5768363
HS	197	0	1967	5770330
HS	196	0	2015	5772345
HS	195	0	1938	5774283
HS	194	0	1906	5776189
HS	193	0	1735	5777924
HS	192	0	1709	5779633
HS	191	0	1637	5781270
HS	190	0	1548	5782818
HS	189	0	1477	5784295
HS	188	0	1441	5785736
HS	187	0	1505	5787241
HS	186	0	1407	5788648
HS	185	0	1388	5790036
HS	184	0	1368	5791404
HS	183	0	1299	5792703
HS	182	0	1203	5793906
HS	181	0	1118	5795024
HS	180	0	1040	5796064
HS	179	0	1045	5797109
HS	178	0	1007	5798116
HS	177	0	930	5799046
HS	176	0	894	5799940
HS	175	0	857	5800797
HS	174	0	842	5801639
HS	173	0	786	5802425
HS	172	0	831	5803256
HS	171	0	739	5803995
HS	170	0	698	5804693
HS	169	0	620	5805313
HS	168	0	661	5805974
HS	167	0	559	5806533
HS	166	0	516	5807049
HS	165	0	508	5807557
HS	164	0	432	5807989
HS	163	0	497	5808486
HS	162	0	431	5808917
HS	161	0	447	5809364
HS	160	0	387	5809751
HS	159	0	394	5810145
HS	158	0	331	5810476
HS	157	0	310	5810786
HS	156	0	323	5811109
HS	155	0	306	5811415
HS	154	0	340	5811755
HS	153	0	295	5812050
HS	152	0	312	5812362
HS	151	0	274	5812636
HS	150	0	251	5812887
HS	149	0	259	5813146
HS	148	0	218	5813364
HS	147	0	241	5813605
HS	146	0	220	5813825
HS	145	0	248	5814073
HS	144	0	192	5814265
HS	143	0	200	5814465
HS	142	0	182	5814647
HS	141	0	168	5814815
HS	140	0	185	5815000
HS	139	0	177	5815177
HS	138	0	175	5815352
HS	137	0	142	5815494
HS	136	0	155	5815649
HS	135	0	147	5815796
HS	134	0	109	5815905
HS	133	0	122	5816027
HS	132	0	109	5816136
HS	131	0	106	5816242
HS	130	0	109	5816351
HS	129	0	96	5816447
HS	128	0	120	5816567
HS	127	0	119	5816686
HS	126	0	131	5816817
HS	125	0	135	5816952
HS	124	0	111	5817063
HS	123	0	140	5817203
HS	122	0	130	5817333
HS	121	0	119	5817452
HS	120	0	124	5817576
HS	119	0	141	5817717
HS	118	0	156	5817873
HS	117	0	136	5818009
HS	116	0	114	5818123
HS	115	0	148	5818271
HS	114	0	130	5818401
HS	113	0	134	5818535
HS	112	0	128	5818663
HS	111	0	138	5818801
HS	110	0	132	5818933
HS	109	0	136	5819069
HS	108	0	118	5819187
HS	107	0	146	5819333
HS	106	0	161	5819494
HS	105	0	164	5819658
HS	104	0	165	5819823
HS	103	0	152	5819975
HS	102	0	180	5820155
HS	101	0	180	5820335
HS	100	0	160	5820495
HS	99	0	184	5820679
HS	98	0	214	5820893
HS	97	0	213	5821106
HS	96	0	227	5821333
HS	95	0	194	5821527
HS	94	0	204	5821731
HS	93	0	230	5821961
HS	92	0	254	5822215
HS	91	0	261	5822476
HS	90	0	236	5822712
HS	89	0	280	5822992
HS	88	0	329	5823321
HS	87	0	317	5823638
HS	86	0	305	5823943
HS	85	0	314	5824257
HS	84	0	357	5824614
HS	83	0	369	5824983
HS	82	0	327	5825310
HS	81	0	331	5825641
HS	80	0	358	5825999
HS	79	0	340	5826339
HS	78	0	340	5826679
HS	77	0	396	5827075
HS	76	0	414	5827489
HS	75	0	424	5827913
HS	74	0	436	5828349
HS	73	0	451	5828800
HS	72	0	467	5829267
HS	71	0	538	5829805
HS	70	0	567	5830372
HS	69	0	589	5830961
HS	68	0	626	5831587
HS	67	0	668	5832255
HS	66	0	658	5832913
HS	65	0	759	5833672
HS	64	0	730	5834402
HS	63	0	853	5835255
HS	62	0	841	5836096
HS	61	0	938	5837034
HS	60	0	1014	5838048
HS	59	0	947	5838995
HS	58	0	1082	5840077
HS	57	0	1103	5841180
HS	56	0	1204	5842384
HS	55	0	1361	5843745
HS	54	0	1374	5845119
HS	53	0	1515	5846634
HS	52	0	1682	5848316
HS	51	0	1656	5849972
HS	50	0	1797	5851769
HS	49	0	1910	5853679
HS	48	0	1935	5855614
HS	47	0	2040	5857654
HS	46	0	2313	5859967
HS	45	0	2281	5862248
HS	44	0	2460	5864708
HS	43	0	2732	5867440
HS	42	0	2844	5870284
HS	41	0	3217	5873501
HS	40	0	3235	5876736
HS	39	0	3527	5880263
HS	38	0	3756	5884019
HS	37	0	4046	5888065
HS	36	0	4411	5892476
HS	35	0	4867	5897343
HS	34	0	5291	5902634
HS	33	0	5899	5908533
HS	32	0	6410	5914943
HS	31	0	7139	5922082
HS	30	0	8114	5930196
HS	29	0	8928	5939124
HS	28	0	9805	5948929
HS	27	0	11003	5959932
HS	26	0	12313	5972245
HS	25	0	13339	5985584
HS	24	0	15290	6000874
HS	23	0	16854	6017728
HS	22	0	19182	6036910
HS	21	0	21845	6058755
HS	20	0	25252	6084007
HS	19	0	28265	6112272
HS	18	0	33156	6145428
HS	17	0	37973	6183401
HS	16	0	44732	6228133
HS	15	0	53038	6281171
HS	14	0	64068	6345239
HS	13	0	77208	6422447
HS	12	0	95770	6518217
HS	11	0	119262	6637479
HS	10	0	151798	6789277
HS	9	0	200265	6989542
HS	8	0	278400	7267942
HS	7	0	417642	7685584
HS	6	0	708857	8394441
HS	5	0	1382855	9777296
HS	4	0	3239351	13016647
HS	3	0	8885578	21902225
HS	2	0	28512404	50414629
HS	1	0	0	50414629
HS	0	0	0	50414629
