CC	CT  kmer_occurrence    short_read_kmer_count  raw_input_kmer_count  adjusted_input_kmer_count
CC	FR  fpr_lower_bound    fpr_upper_bound
CC	ER  total_input_kmers  adjusted_error_kmers
CC	CV  coverage
CC	QV  raw_quality_value  adjusted_quality_value
CC
SQ	CP126097.1	4237328	4237298	4237298	99.00
CT	1023	5259	44560	44560.000
CT	1022	1	4	4.000
CT	1021	2	8	8.000
CT	1020	0	0	0.000
CT	1019	1	3	3.000
CT	1018	5	21	21.000
CT	1017	1	4	4.000
CT	1016	3	10	10.000
CT	1015	3	11	11.000
CT	1014	2	8	8.000
CT	1013	1	4	4.000
CT	1012	2	8	8.000
CT	1011	3	12	12.000
CT	1010	1	4	4.000
CT	1009	3	11	11.000
CT	1008	2	8	8.000
CT	1007	3	12	12.000
CT	1006	3	12	12.000
CT	1005	2	8	8.000
CT	1004	3	12	12.000
CT	1003	1	4	4.000
CT	1002	6	24	24.000
CT	1001	1	4	4.000
CT	1000	1	3	3.000
CT	999	4	14	14.000
CT	998	3	12	12.000
CT	997	3	11	11.000
CT	996	2	4	4.000
CT	995	1	4	4.000
CT	994	4	14	14.000
CT	993	4	13	13.000
CT	992	1	3	3.000
CT	991	2	8	8.000
CT	990	3	11	11.000
CT	989	1	2	2.000
CT	988	2	6	6.000
CT	987	2	10	10.000
CT	986	0	0	0.000
CT	985	1	5	5.000
CT	984	0	0	0.000
CT	983	3	11	11.000
CT	982	0	0	0.000
CT	981	2	7	7.000
CT	980	2	8	8.000
CT	979	0	0	0.000
CT	978	2	7	7.000
CT	977	0	0	0.000
CT	976	3	10	10.000
CT	975	3	10	10.000
CT	974	1	2	2.000
CT	973	0	0	0.000
CT	972	1	2	2.000
CT	971	1	4	4.000
CT	970	3	12	12.000
CT	969	2	6	6.000
CT	968	1	3	3.000
CT	967	2	7	7.000
CT	966	2	7	7.000
CT	965	0	0	0.000
CT	964	0	0	0.000
CT	963	1	4	4.000
CT	962	1	6	6.000
CT	961	1	3	3.000
CT	960	0	0	0.000
CT	959	3	12	12.000
CT	958	0	0	0.000
CT	957	2	12	12.000
CT	956	1	4	4.000
CT	955	5	20	20.000
CT	954	2	10	10.000
CT	953	1	6	6.000
CT	952	1	3	3.000
CT	951	3	14	14.000
CT	950	2	12	12.000
CT	949	1	3	3.000
CT	948	1	4	4.000
CT	947	2	9	9.000
CT	946	0	0	0.000
CT	945	0	0	0.000
CT	944	0	0	0.000
CT	943	2	6	6.000
CT	942	1	3	3.000
CT	941	4	19	19.000
CT	940	1	3	3.000
CT	939	3	10	10.000
CT	938	0	0	0.000
CT	937	1	6	6.000
CT	936	1	3	3.000
CT	935	3	12	12.000
CT	934	2	8	8.000
CT	933	3	9	9.000
CT	932	4	14	14.000
CT	931	2	6	6.000
CT	930	4	12	12.000
CT	929	1	3	3.000
CT	928	2	7	7.000
CT	927	2	3	3.000
CT	926	0	0	0.000
CT	925	2	6	6.000
CT	924	2	7	7.000
CT	923	3	9	9.000
CT	922	3	9	9.000
CT	921	2	6	6.000
CT	920	1	3	3.000
CT	919	6	18	18.000
CT	918	1	3	3.000
CT	917	4	12	12.000
CT	916	2	6	6.000
CT	915	1	3	3.000
CT	914	2	6	6.000
CT	913	8	25	25.000
CT	912	3	9	9.000
CT	911	2	6	6.000
CT	910	7	21	21.000
CT	909	3	9	9.000
CT	908	1	3	3.000
CT	907	1	3	3.000
CT	906	4	12	12.000
CT	905	5	16	16.000
CT	904	2	6	6.000
CT	903	0	0	0.000
CT	902	3	9	9.000
CT	901	3	9	9.000
CT	900	3	8	8.000
CT	899	2	6	6.000
CT	898	4	11	11.000
CT	897	5	16	16.000
CT	896	2	6	6.000
CT	895	4	14	14.000
CT	894	8	21	21.000
CT	893	5	17	17.000
CT	892	3	11	11.000
CT	891	5	17	17.000
CT	890	1	3	3.000
CT	889	1	3	3.000
CT	888	5	13	13.000
CT	887	6	18	18.000
CT	886	1	3	3.000
CT	885	4	11	11.000
CT	884	1	3	3.000
CT	883	3	9	9.000
CT	882	4	10	10.000
CT	881	3	9	9.000
CT	880	5	15	15.000
CT	879	5	16	16.000
CT	878	6	18	18.000
CT	877	4	13	13.000
CT	876	6	17	17.000
CT	875	4	12	12.000
CT	874	2	6	6.000
CT	873	0	0	0.000
CT	872	2	6	6.000
CT	871	3	9	9.000
CT	870	4	11	11.000
CT	869	3	9	9.000
CT	868	4	9	9.000
CT	867	6	19	19.000
CT	866	2	4	4.000
CT	865	1	2	2.000
CT	864	2	5	5.000
CT	863	5	12	12.000
CT	862	4	10	10.000
CT	861	3	8	8.000
CT	860	4	12	12.000
CT	859	6	14	14.000
CT	858	5	13	13.000
CT	857	3	9	9.000
CT	856	8	22	22.000
CT	855	3	9	9.000
CT	854	4	10	10.000
CT	853	4	11	11.000
CT	852	3	8	8.000
CT	851	3	8	8.000
CT	850	1	3	3.000
CT	849	2	6	6.000
CT	848	3	8	8.000
CT	847	0	0	0.000
CT	846	5	12	12.000
CT	845	7	18	18.000
CT	844	2	6	6.000
CT	843	3	7	7.000
CT	842	3	7	7.000
CT	841	3	8	8.000
CT	840	4	11	11.000
CT	839	6	15	15.000
CT	838	4	8	8.000
CT	837	3	8	8.000
CT	836	4	11	11.000
CT	835	2	5	5.000
CT	834	2	5	5.000
CT	833	4	11	11.000
CT	832	4	12	12.000
CT	831	0	0	0.000
CT	830	1	3	3.000
CT	829	5	14	14.000
CT	828	1	3	3.000
CT	827	2	6	6.000
CT	826	3	8	8.000
CT	825	4	10	10.000
CT	824	3	5	5.000
CT	823	6	17	17.000
CT	822	4	11	11.000
CT	821	5	13	13.000
CT	820	3	8	8.000
CT	819	3	7	7.000
CT	818	4	9	9.000
CT	817	5	11	11.000
CT	816	3	7	7.000
CT	815	5	12	12.000
CT	814	0	0	0.000
CT	813	4	10	10.000
CT	812	5	14	14.000
CT	811	3	5	5.000
CT	810	3	7	7.000
CT	809	3	6	6.000
CT	808	10	28	28.000
CT	807	5	13	13.000
CT	806	5	12	12.000
CT	805	9	27	27.000
CT	804	5	11	11.000
CT	803	7	20	20.000
CT	802	3	8	8.000
CT	801	3	6	6.000
CT	800	5	14	14.000
CT	799	7	17	17.000
CT	798	5	12	12.000
CT	797	2	5	5.000
CT	796	5	15	15.000
CT	795	6	16	16.000
CT	794	3	9	9.000
CT	793	6	15	15.000
CT	792	6	14	14.000
CT	791	6	16	16.000
CT	790	8	24	24.000
CT	789	2	5	5.000
CT	788	7	19	19.000
CT	787	7	17	17.000
CT	786	3	8	8.000
CT	785	2	5	5.000
CT	784	1	2	2.000
CT	783	5	14	14.000
CT	782	2	6	6.000
CT	781	5	15	15.000
CT	780	5	14	14.000
CT	779	5	13	13.000
CT	778	10	29	29.000
CT	777	6	18	18.000
CT	776	6	15	15.000
CT	775	10	25	25.000
CT	774	5	15	15.000
CT	773	5	12	12.000
CT	772	6	14	14.000
CT	771	10	24	24.000
CT	770	8	24	24.000
CT	769	10	30	30.000
CT	768	11	30	30.000
CT	767	9	25	25.000
CT	766	10	27	27.000
CT	765	3	7	7.000
CT	764	6	16	16.000
CT	763	5	12	12.000
CT	762	7	17	17.000
CT	761	5	13	13.000
CT	760	5	11	11.000
CT	759	9	22	22.000
CT	758	16	38	38.000
CT	757	5	14	14.000
CT	756	12	33	33.000
CT	755	8	19	19.000
CT	754	6	15	15.000
CT	753	6	15	15.000
CT	752	5	12	12.000
CT	751	9	22	22.000
CT	750	8	19	19.000
CT	749	11	30	30.000
CT	748	6	12	12.000
CT	747	5	14	14.000
CT	746	6	13	13.000
CT	745	4	10	10.000
CT	744	7	21	21.000
CT	743	2	5	5.000
CT	742	6	15	15.000
CT	741	1	2	2.000
CT	740	3	8	8.000
CT	739	7	19	19.000
CT	738	3	9	9.000
CT	737	4	10	10.000
CT	736	7	19	19.000
CT	735	7	20	20.000
CT	734	9	24	24.000
CT	733	9	21	21.000
CT	732	9	25	25.000
CT	731	10	27	27.000
CT	730	7	17	17.000
CT	729	12	32	32.000
CT	728	6	16	16.000
CT	727	6	16	16.000
CT	726	8	23	23.000
CT	725	9	23	23.000
CT	724	10	26	26.000
CT	723	7	15	15.000
CT	722	3	9	9.000
CT	721	15	41	41.000
CT	720	10	21	21.000
CT	719	9	22	22.000
CT	718	9	23	23.000
CT	717	11	26	26.000
CT	716	10	25	25.000
CT	715	8	16	16.000
CT	714	13	28	28.000
CT	713	11	26	26.000
CT	712	9	21	21.000
CT	711	8	21	21.000
CT	710	6	13	13.000
CT	709	4	9	9.000
CT	708	5	12	12.000
CT	707	8	20	20.000
CT	706	9	19	19.000
CT	705	11	31	31.000
CT	704	10	21	21.000
CT	703	6	14	14.000
CT	702	9	18	18.000
CT	701	10	22	22.000
CT	700	10	22	22.000
CT	699	14	27	27.000
CT	698	7	14	14.000
CT	697	7	12	12.000
CT	696	12	27	27.000
CT	695	13	28	28.000
CT	694	6	12	12.000
CT	693	12	29	29.000
CT	692	11	20	20.000
CT	691	8	16	16.000
CT	690	20	41	41.000
CT	689	8	17	17.000
CT	688	11	25	25.000
CT	687	12	20	20.000
CT	686	13	26	26.000
CT	685	15	34	34.000
CT	684	14	33	33.000
CT	683	8	15	15.000
CT	682	13	26	26.000
CT	681	10	16	16.000
CT	680	7	17	17.000
CT	679	11	22	22.000
CT	678	12	25	25.000
CT	677	11	26	26.000
CT	676	10	22	22.000
CT	675	17	39	39.000
CT	674	8	18	18.000
CT	673	14	32	32.000
CT	672	11	21	21.000
CT	671	14	28	28.000
CT	670	10	20	20.000
CT	669	6	13	13.000
CT	668	12	24	24.000
CT	667	14	28	28.000
CT	666	11	24	24.000
CT	665	13	28	28.000
CT	664	5	9	9.000
CT	663	14	30	30.000
CT	662	12	26	26.000
CT	661	17	35	35.000
CT	660	12	28	28.000
CT	659	13	26	26.000
CT	658	9	20	20.000
CT	657	12	26	26.000
CT	656	9	21	21.000
CT	655	19	39	39.000
CT	654	18	32	32.000
CT	653	10	22	22.000
CT	652	15	26	26.000
CT	651	9	14	14.000
CT	650	13	25	25.000
CT	649	14	24	24.000
CT	648	15	31	31.000
CT	647	16	38	38.000
CT	646	11	22	22.000
CT	645	17	33	33.000
CT	644	23	41	41.000
CT	643	21	42	42.000
CT	642	18	34	34.000
CT	641	21	39	39.000
CT	640	21	37	37.000
CT	639	20	35	35.000
CT	638	34	62	62.000
CT	637	24	43	43.000
CT	636	24	51	51.000
CT	635	21	41	41.000
CT	634	31	61	61.000
CT	633	16	32	32.000
CT	632	25	46	46.000
CT	631	30	51	51.000
CT	630	21	35	35.000
CT	629	23	43	43.000
CT	628	22	36	36.000
CT	627	17	28	28.000
CT	626	30	48	48.000
CT	625	15	31	31.000
CT	624	22	37	37.000
CT	623	13	24	24.000
CT	622	20	33	33.000
CT	621	18	33	33.000
CT	620	26	42	42.000
CT	619	16	24	24.000
CT	618	16	22	22.000
CT	617	17	32	32.000
CT	616	25	49	49.000
CT	615	23	39	39.000
CT	614	25	44	44.000
CT	613	26	45	45.000
CT	612	35	52	52.000
CT	611	18	29	29.000
CT	610	20	33	33.000
CT	609	35	58	58.000
CT	608	34	58	58.000
CT	607	30	55	55.000
CT	606	30	49	49.000
CT	605	28	47	47.000
CT	604	36	71	71.000
CT	603	32	51	51.000
CT	602	16	29	29.000
CT	601	21	35	35.000
CT	600	40	66	66.000
CT	599	34	56	56.000
CT	598	36	55	55.000
CT	597	32	46	46.000
CT	596	38	57	57.000
CT	595	28	45	45.000
CT	594	37	62	62.000
CT	593	24	36	36.000
CT	592	39	63	63.000
CT	591	30	48	48.000
CT	590	32	49	49.000
CT	589	41	58	58.000
CT	588	32	43	43.000
CT	587	44	66	66.000
CT	586	39	55	55.000
CT	585	39	64	64.000
CT	584	55	78	78.000
CT	583	39	61	61.000
CT	582	59	84	84.000
CT	581	38	57	57.000
CT	580	59	81	81.000
CT	579	62	92	92.000
CT	578	49	67	67.000
CT	577	58	77	77.000
CT	576	46	64	64.000
CT	575	68	96	96.000
CT	574	68	84	84.000
CT	573	73	93	93.000
CT	572	60	83	83.000
CT	571	85	112	112.000
CT	570	57	74	74.000
CT	569	67	83	83.000
CT	568	91	114	114.000
CT	567	63	79	79.000
CT	566	78	91	91.000
CT	565	81	109	109.000
CT	564	78	102	102.000
CT	563	113	144	144.000
CT	562	119	150	150.000
CT	561	92	114	114.000
CT	560	112	136	136.000
CT	559	93	115	115.000
CT	558	108	131	131.000
CT	557	104	131	131.000
CT	556	127	160	160.000
CT	555	107	128	128.000
CT	554	119	155	155.000
CT	553	114	142	142.000
CT	552	132	159	159.000
CT	551	135	166	166.000
CT	550	146	178	178.000
CT	549	126	166	166.000
CT	548	142	172	172.000
CT	547	150	189	189.000
CT	546	147	175	175.000
CT	545	164	201	201.000
CT	544	141	166	166.000
CT	543	158	191	191.000
CT	542	152	183	183.000
CT	541	155	181	181.000
CT	540	157	181	181.000
CT	539	160	189	189.000
CT	538	169	194	194.000
CT	537	190	217	217.000
CT	536	185	205	205.000
CT	535	215	232	232.000
CT	534	183	203	203.000
CT	533	218	244	244.000
CT	532	197	222	222.000
CT	531	216	235	235.000
CT	530	197	214	214.000
CT	529	227	252	252.000
CT	528	233	254	254.000
CT	527	263	296	296.000
CT	526	247	270	270.000
CT	525	288	326	326.000
CT	524	243	280	280.000
CT	523	270	303	303.000
CT	522	265	295	295.000
CT	521	299	340	340.000
CT	520	289	325	325.000
CT	519	307	349	349.000
CT	518	320	372	372.000
CT	517	314	357	357.000
CT	516	323	374	374.000
CT	515	317	367	367.000
CT	514	311	351	351.000
CT	513	353	411	411.000
CT	512	329	369	369.000
CT	511	341	386	386.000
CT	510	395	434	434.000
CT	509	372	420	420.000
CT	508	368	412	412.000
CT	507	408	448	448.000
CT	506	419	460	460.000
CT	505	414	453	453.000
CT	504	452	487	487.000
CT	503	412	438	438.000
CT	502	394	419	419.000
CT	501	482	500	500.000
CT	500	455	470	470.000
CT	499	470	500	500.000
CT	498	525	549	549.000
CT	497	548	567	567.000
CT	496	523	551	551.000
CT	495	554	582	582.000
CT	494	536	555	555.000
CT	493	574	598	598.000
CT	492	592	615	615.000
CT	491	604	624	624.000
CT	490	603	632	632.000
CT	489	611	628	628.000
CT	488	674	698	698.000
CT	487	689	710	710.000
CT	486	635	660	660.000
CT	485	642	664	664.000
CT	484	766	799	799.000
CT	483	777	798	798.000
CT	482	743	754	754.000
CT	481	853	881	881.000
CT	480	799	818	818.000
CT	479	897	922	922.000
CT	478	909	938	938.000
CT	477	959	982	982.000
CT	476	967	994	994.000
CT	475	959	981	981.000
CT	474	1038	1056	1056.000
CT	473	1036	1070	1070.000
CT	472	1140	1158	1158.000
CT	471	1109	1134	1134.000
CT	470	1156	1176	1176.000
CT	469	1165	1203	1203.000
CT	468	1224	1245	1245.000
CT	467	1239	1263	1263.000
CT	466	1256	1270	1270.000
CT	465	1216	1238	1238.000
CT	464	1293	1311	1311.000
CT	463	1383	1399	1399.000
CT	462	1390	1408	1408.000
CT	461	1335	1354	1354.000
CT	460	1466	1479	1479.000
CT	459	1504	1524	1524.000
CT	458	1483	1497	1497.000
CT	457	1479	1502	1502.000
CT	456	1488	1510	1510.000
CT	455	1650	1675	1675.000
CT	454	1657	1679	1679.000
CT	453	1640	1660	1660.000
CT	452	1691	1712	1712.000
CT	451	1795	1817	1817.000
CT	450	1841	1857	1857.000
CT	449	1932	1948	1948.000
CT	448	1935	1949	1949.000
CT	447	1995	2013	2013.000
CT	446	1979	2001	2001.000
CT	445	2155	2177	2177.000
CT	444	2197	2225	2225.000
CT	443	2137	2151	2151.000
CT	442	2222	2246	2246.000
CT	441	2297	2320	2320.000
CT	440	2364	2392	2392.000
CT	439	2394	2414	2414.000
CT	438	2495	2522	2522.000
CT	437	2519	2542	2542.000
CT	436	2582	2598	2598.000
CT	435	2733	2752	2752.000
CT	434	2716	2734	2734.000
CT	433	2595	2614	2614.000
CT	432	2833	2848	2848.000
CT	431	2847	2867	2867.000
CT	430	2924	2942	2942.000
CT	429	3025	3045	3045.000
CT	428	3138	3147	3147.000
CT	427	3190	3217	3217.000
CT	426	3242	3264	3264.000
CT	425	3388	3409	3409.000
CT	424	3474	3493	3493.000
CT	423	3565	3593	3593.000
CT	422	3664	3687	3687.000
CT	421	3763	3784	3784.000
CT	420	3757	3768	3768.000
CT	419	3966	3979	3979.000
CT	418	3953	3967	3967.000
CT	417	4103	4117	4117.000
CT	416	4152	4174	4174.000
CT	415	4250	4263	4263.000
CT	414	4510	4526	4526.000
CT	413	4276	4297	4297.000
CT	412	4447	4464	4464.000
CT	411	4650	4670	4670.000
CT	410	4776	4787	4787.000
CT	409	4907	4922	4922.000
CT	408	5052	5062	5062.000
CT	407	5148	5164	5164.000
CT	406	5187	5199	5199.000
CT	405	5339	5350	5350.000
CT	404	5459	5466	5466.000
CT	403	5655	5668	5668.000
CT	402	5907	5914	5914.000
CT	401	5942	5953	5953.000
CT	400	6041	6052	6052.000
CT	399	6116	6122	6122.000
CT	398	6234	6240	6240.000
CT	397	6395	6401	6401.000
CT	396	6537	6540	6540.000
CT	395	6597	6600	6600.000
CT	394	6932	6940	6940.000
CT	393	6964	6974	6974.000
CT	392	7156	7164	7164.000
CT	391	7211	7214	7214.000
CT	390	7181	7189	7189.000
CT	389	7552	7554	7554.000
CT	388	7827	7835	7835.000
CT	387	7812	7818	7818.000
CT	386	8043	8050	8050.000
CT	385	8206	8210	8210.000
CT	384	8299	8298	8298.000
CT	383	8567	8571	8571.000
CT	382	8762	8769	8769.000
CT	381	8757	8764	8764.000
CT	380	8955	8963	8963.000
CT	379	9153	9159	9159.000
CT	378	9132	9137	9137.000
CT	377	9257	9267	9267.000
CT	376	9909	9911	9911.000
CT	375	9771	9775	9775.000
CT	374	9944	9951	9951.000
CT	373	10325	10326	10326.000
CT	372	10473	10480	10480.000
CT	371	10414	10418	10418.000
CT	370	10783	10785	10785.000
CT	369	11013	11018	11018.000
CT	368	10961	10963	10963.000
CT	367	11172	11171	11171.000
CT	366	11634	11630	11630.000
CT	365	11755	11759	11759.000
CT	364	12051	12052	12052.000
CT	363	11953	11953	11953.000
CT	362	12135	12135	12135.000
CT	361	12482	12481	12481.000
CT	360	12534	12538	12538.000
CT	359	12758	12761	12761.000
CT	358	12973	12973	12973.000
CT	357	13369	13377	13377.000
CT	356	13299	13303	13303.000
CT	355	13699	13710	13710.000
CT	354	13837	13838	13838.000
CT	353	14051	14052	14052.000
CT	352	14136	14146	14146.000
CT	351	14444	14446	14446.000
CT	350	14515	14520	14520.000
CT	349	14648	14653	14653.000
CT	348	14859	14861	14861.000
CT	347	15340	15345	15345.000
CT	346	15353	15357	15357.000
CT	345	15445	15453	15453.000
CT	344	15549	15557	15557.000
CT	343	15785	15784	15784.000
CT	342	15935	15935	15935.000
CT	341	16068	16074	16074.000
CT	340	16143	16147	16147.000
CT	339	16382	16386	16386.000
CT	338	16734	16739	16739.000
CT	337	16732	16734	16734.000
CT	336	16865	16869	16869.000
CT	335	17223	17228	17228.000
CT	334	17582	17586	17586.000
CT	333	17640	17642	17642.000
CT	332	17728	17727	17727.000
CT	331	17856	17855	17855.000
CT	330	18009	18014	18014.000
CT	329	18182	18185	18185.000
CT	328	18322	18324	18324.000
CT	327	18766	18771	18771.000
CT	326	18572	18578	18578.000
CT	325	18868	18873	18873.000
CT	324	19226	19232	19232.000
CT	323	19048	19056	19056.000
CT	322	19452	19457	19457.000
CT	321	19746	19751	19751.000
CT	320	19705	19707	19707.000
CT	319	20113	20111	20111.000
CT	318	20316	20320	20320.000
CT	317	20505	20505	20505.000
CT	316	20734	20734	20734.000
CT	315	20977	20978	20978.000
CT	314	20947	20952	20952.000
CT	313	21234	21239	21239.000
CT	312	20980	20981	20981.000
CT	311	21552	21557	21557.000
CT	310	21389	21387	21387.000
CT	309	21409	21412	21412.000
CT	308	21842	21844	21844.000
CT	307	22017	22020	22020.000
CT	306	22268	22270	22270.000
CT	305	22187	22190	22190.000
CT	304	22191	22195	22195.000
CT	303	22649	22651	22651.000
CT	302	22644	22644	22644.000
CT	301	22816	22817	22817.000
CT	300	22933	22934	22934.000
CT	299	22974	22976	22976.000
CT	298	23295	23295	23295.000
CT	297	23395	23393	23393.000
CT	296	23282	23285	23285.000
CT	295	23384	23381	23381.000
CT	294	23457	23455	23455.000
CT	293	23587	23583	23583.000
CT	292	23476	23478	23478.000
CT	291	23642	23644	23644.000
CT	290	23900	23898	23898.000
CT	289	23659	23663	23663.000
CT	288	23920	23922	23922.000
CT	287	23756	23755	23755.000
CT	286	23687	23690	23690.000
CT	285	23753	23762	23762.000
CT	284	23586	23597	23597.000
CT	283	23544	23547	23547.000
CT	282	23722	23727	23727.000
CT	281	23928	23932	23932.000
CT	280	23899	23909	23909.000
CT	279	23919	23921	23921.000
CT	278	23756	23756	23756.000
CT	277	23600	23606	23606.000
CT	276	24063	24071	24071.000
CT	275	23575	23586	23586.000
CT	274	23591	23599	23599.000
CT	273	23686	23685	23685.000
CT	272	23671	23674	23674.000
CT	271	23375	23377	23377.000
CT	270	23632	23638	23638.000
CT	269	23217	23217	23217.000
CT	268	23306	23305	23305.000
CT	267	23207	23208	23208.000
CT	266	23162	23161	23161.000
CT	265	22793	22793	22793.000
CT	264	22950	22954	22954.000
CT	263	22936	22934	22934.000
CT	262	22565	22562	22562.000
CT	261	22726	22733	22733.000
CT	260	22562	22566	22566.000
CT	259	22450	22453	22453.000
CT	258	22214	22211	22211.000
CT	257	22101	22102	22102.000
CT	256	21707	21712	21712.000
CT	255	21834	21827	21827.000
CT	254	21845	21845	21845.000
CT	253	21393	21391	21391.000
CT	252	21414	21414	21414.000
CT	251	21227	21223	21223.000
CT	250	21064	21064	21064.000
CT	249	20966	20969	20969.000
CT	248	20991	20988	20988.000
CT	247	20886	20885	20885.000
CT	246	20639	20640	20640.000
CT	245	20642	20642	20642.000
CT	244	20144	20147	20147.000
CT	243	19975	19976	19976.000
CT	242	20098	20096	20096.000
CT	241	19627	19625	19625.000
CT	240	19338	19344	19344.000
CT	239	19228	19235	19235.000
CT	238	19394	19398	19398.000
CT	237	19285	19285	19285.000
CT	236	18903	18902	18902.000
CT	235	18825	18828	18828.000
CT	234	18852	18852	18852.000
CT	233	18419	18421	18421.000
CT	232	18586	18585	18585.000
CT	231	18406	18404	18404.000
CT	230	17950	17951	17951.000
CT	229	17689	17687	17687.000
CT	228	17588	17584	17584.000
CT	227	17288	17287	17287.000
CT	226	16802	16799	16799.000
CT	225	16703	16700	16700.000
CT	224	16389	16384	16384.000
CT	223	16202	16200	16200.000
CT	222	15859	15860	15860.000
CT	221	15594	15592	15592.000
CT	220	15896	15893	15893.000
CT	219	15435	15433	15433.000
CT	218	15228	15228	15228.000
CT	217	15085	15085	15085.000
CT	216	14713	14709	14709.000
CT	215	14755	14752	14752.000
CT	214	14555	14551	14551.000
CT	213	14285	14284	14284.000
CT	212	14018	14016	14016.000
CT	211	13681	13679	13679.000
CT	210	13488	13485	13485.000
CT	209	13126	13125	13125.000
CT	208	13042	13039	13039.000
CT	207	13104	13104	13104.000
CT	206	12538	12537	12537.000
CT	205	12291	12291	12291.000
CT	204	12414	12414	12414.000
CT	203	11792	11792	11792.000
CT	202	11722	11721	11721.000
CT	201	11521	11521	11521.000
CT	200	11271	11273	11273.000
CT	199	11258	11258	11258.000
CT	198	10991	10991	10991.000
CT	197	10639	10638	10638.000
CT	196	10460	10455	10455.000
CT	195	10478	10475	10475.000
CT	194	10086	10078	10078.000
CT	193	10116	10109	10109.000
CT	192	9745	9734	9734.000
CT	191	9487	9482	9482.000
CT	190	9510	9503	9503.000
CT	189	9175	9168	9168.000
CT	188	8812	8808	8808.000
CT	187	8669	8665	8665.000
CT	186	8717	8712	8712.000
CT	185	8244	8239	8239.000
CT	184	7978	7975	7975.000
CT	183	7997	7989	7989.000
CT	182	7747	7739	7739.000
CT	181	7514	7508	7508.000
CT	180	7294	7287	7287.000
CT	179	7057	7052	7052.000
CT	178	6925	6922	6922.000
CT	177	6662	6660	6660.000
CT	176	6607	6607	6607.000
CT	175	6391	6391	6391.000
CT	174	6295	6294	6294.000
CT	173	6066	6064	6064.000
CT	172	5903	5902	5902.000
CT	171	5907	5905	5905.000
CT	170	5713	5711	5711.000
CT	169	5626	5623	5623.000
CT	168	5398	5395	5395.000
CT	167	5418	5418	5418.000
CT	166	5199	5196	5196.000
CT	165	5046	5046	5046.000
CT	164	5047	5045	5045.000
CT	163	4867	4866	4866.000
CT	162	4783	4783	4783.000
CT	161	4689	4689	4689.000
CT	160	4753	4752	4752.000
CT	159	4603	4603	4603.000
CT	158	4404	4403	4403.000
CT	157	4225	4222	4222.000
CT	156	4108	4102	4102.000
CT	155	4096	4093	4093.000
CT	154	4169	4169	4169.000
CT	153	3997	3997	3997.000
CT	152	3962	3963	3963.000
CT	151	3983	3982	3982.000
CT	150	3916	3916	3916.000
CT	149	3867	3867	3867.000
CT	148	3659	3657	3657.000
CT	147	3745	3745	3745.000
CT	146	3584	3582	3582.000
CT	145	3467	3466	3466.000
CT	144	3426	3424	3424.000
CT	143	3400	3398	3398.000
CT	142	3266	3265	3265.000
CT	141	3021	3020	3020.000
CT	140	2956	2955	2955.000
CT	139	2892	2890	2890.000
CT	138	2890	2890	2890.000
CT	137	2846	2844	2844.000
CT	136	2913	2909	2909.000
CT	135	2873	2870	2870.000
CT	134	2752	2749	2749.000
CT	133	2703	2699	2699.000
CT	132	2715	2713	2713.000
CT	131	2676	2673	2673.000
CT	130	2609	2608	2608.000
CT	129	2610	2610	2610.000
CT	128	2595	2595	2595.000
CT	127	2498	2492	2492.000
CT	126	2484	2481	2481.000
CT	125	2368	2366	2366.000
CT	124	2280	2275	2275.000
CT	123	2194	2189	2189.000
CT	122	2177	2171	2171.000
CT	121	2194	2192	2192.000
CT	120	2090	2084	2084.000
CT	119	2027	2023	2023.000
CT	118	2194	2190	2190.000
CT	117	2157	2150	2150.000
CT	116	2214	2212	2212.000
CT	115	2184	2182	2182.000
CT	114	1996	1992	1992.000
CT	113	2053	2050	2050.000
CT	112	2023	2018	2018.000
CT	111	1987	1982	1982.000
CT	110	1890	1884	1884.000
CT	109	1888	1884	1884.000
CT	108	1972	1968	1968.000
CT	107	1851	1843	1843.000
CT	106	1866	1862	1862.000
CT	105	1809	1803	1803.000
CT	104	1759	1754	1754.000
CT	103	1851	1838	1838.000
CT	102	1703	1700	1700.000
CT	101	1639	1631	1631.000
CT	100	1567	1561	1561.000
CT	99	1488	1476	1476.000
CT	98	1481	1472	1472.000
CT	97	1381	1364	1364.000
CT	96	1399	1395	1395.000
CT	95	1368	1360	1360.000
CT	94	1266	1260	1260.000
CT	93	1310	1307	1307.000
CT	92	1147	1142	1142.000
CT	91	1166	1159	1159.000
CT	90	1103	1093	1093.000
CT	89	1062	1050	1050.000
CT	88	1087	1068	1068.000
CT	87	1068	1052	1052.000
CT	86	982	962	962.000
CT	85	903	887	887.000
CT	84	903	884	884.000
CT	83	914	885	885.000
CT	82	842	820	820.000
CT	81	802	775	775.000
CT	80	746	714	714.000
CT	79	634	588	588.000
CT	78	690	641	641.000
CT	77	649	587	587.000
CT	76	576	532	532.000
CT	75	579	522	522.000
CT	74	599	518	518.000
CT	73	643	547	547.000
CT	72	595	510	510.000
CT	71	635	539	539.000
CT	70	528	419	419.000
CT	69	524	402	402.000
CT	68	490	366	366.000
CT	67	527	379	379.000
CT	66	526	329	329.000
CT	65	470	275	275.000
CT	64	526	328	328.000
CT	63	450	260	260.000
CT	62	436	218	218.000
CT	61	510	215	215.000
CT	60	490	221	221.000
CT	59	451	190	190.000
CT	58	486	208	208.000
CT	57	491	174	174.000
CT	56	528	146	146.000
CT	55	507	141	141.000
CT	54	597	141	141.000
CT	53	637	145	145.000
CT	52	623	94	94.000
CT	51	692	75	75.000
CT	50	834	74	74.000
CT	49	901	77	77.000
CT	48	1007	82	82.000
CT	47	1124	63	63.000
CT	46	1255	69	69.000
CT	45	1356	49	49.000
CT	44	1483	46	46.000
CT	43	1750	35	35.000
CT	42	1970	69	69.000
CT	41	2316	64	64.000
CT	40	2526	44	44.000
CT	39	2696	36	36.000
CT	38	3175	38	38.000
CT	37	3535	19	19.000
CT	36	3802	25	25.000
CT	35	4262	19	19.000
CT	34	4758	34	34.000
CT	33	5051	15	15.000
CT	32	5838	14	14.000
CT	31	6588	19	19.000
CT	30	7015	12	12.000
CT	29	7958	6	6.000
CT	28	9112	11	11.000
CT	27	9937	14	14.000
CT	26	11618	13	13.000
CT	25	13013	13	13.000
CT	24	15034	14	14.000
CT	23	16890	23	23.000
CT	22	19194	13	13.000
CT	21	22380	8	8.000
CT	20	26423	8	8.000
CT	19	30518	0	0.000
CT	18	35826	0	0.000
CT	17	40666	0	0.000
CT	16	46471	0	0.000
CT	15	54371	0	0.000
CT	14	64938	0	0.000
CT	13	80168	0	0.000
CT	12	99286	0	0.000
CT	11	126013	0	0.000
CT	10	162892	0	0.000
CT	9	222229	0	0.000
CT	8	318094	0	0.000
CT	7	487016	0	0.000
CT	6	817363	0	0.000
CT	5	1491565	0	0.000
CT	4	2971175	0	0.000
CT	3	6626259	0	0.000
CT	2	18379825	0	0.000
CT	1	0	0	-nan
CT	0	0	0	-nan
FR	0	0
ER	4237298	0.000
CV	1.000
QV	inf	inf
