HS	1023	0	5259	5259
HS	1022	0	1	5260
HS	1021	0	2	5262
HS	1020	0	0	5262
HS	1019	0	1	5263
HS	1018	0	5	5268
HS	1017	0	1	5269
HS	1016	0	3	5272
HS	1015	0	3	5275
HS	1014	0	2	5277
HS	1013	0	1	5278
HS	1012	0	2	5280
HS	1011	0	3	5283
HS	1010	0	1	5284
HS	1009	0	3	5287
HS	1008	0	2	5289
HS	1007	0	3	5292
HS	1006	0	3	5295
HS	1005	0	2	5297
HS	1004	0	3	5300
HS	1003	0	1	5301
HS	1002	0	6	5307
HS	1001	0	1	5308
HS	1000	0	1	5309
HS	999	0	4	5313
HS	998	0	3	5316
HS	997	0	3	5319
HS	996	0	2	5321
HS	995	0	1	5322
HS	994	0	4	5326
HS	993	0	4	5330
HS	992	0	1	5331
HS	991	0	2	5333
HS	990	0	3	5336
HS	989	0	1	5337
HS	988	0	2	5339
HS	987	0	2	5341
HS	986	0	0	5341
HS	985	0	1	5342
HS	984	0	0	5342
HS	983	0	3	5345
HS	982	0	0	5345
HS	981	0	2	5347
HS	980	0	2	5349
HS	979	0	0	5349
HS	978	0	2	5351
HS	977	0	0	5351
HS	976	0	3	5354
HS	975	0	3	5357
HS	974	0	1	5358
HS	973	0	0	5358
HS	972	0	1	5359
HS	971	0	1	5360
HS	970	0	3	5363
HS	969	0	2	5365
HS	968	0	1	5366
HS	967	0	2	5368
HS	966	0	2	5370
HS	965	0	0	5370
HS	964	0	0	5370
HS	963	0	1	5371
HS	962	0	1	5372
HS	961	0	1	5373
HS	960	0	0	5373
HS	959	0	3	5376
HS	958	0	0	5376
HS	957	0	2	5378
HS	956	0	1	5379
HS	955	0	5	5384
HS	954	0	2	5386
HS	953	0	1	5387
HS	952	0	1	5388
HS	951	0	3	5391
HS	950	0	2	5393
HS	949	0	1	5394
HS	948	0	1	5395
HS	947	0	2	5397
HS	946	0	0	5397
HS	945	0	0	5397
HS	944	0	0	5397
HS	943	0	2	5399
HS	942	0	1	5400
HS	941	0	4	5404
HS	940	0	1	5405
HS	939	0	3	5408
HS	938	0	0	5408
HS	937	0	1	5409
HS	936	0	1	5410
HS	935	0	3	5413
HS	934	0	2	5415
HS	933	0	3	5418
HS	932	0	4	5422
HS	931	0	2	5424
HS	930	0	4	5428
HS	929	0	1	5429
HS	928	0	2	5431
HS	927	0	2	5433
HS	926	0	0	5433
HS	925	0	2	5435
HS	924	0	2	5437
HS	923	0	3	5440
HS	922	0	3	5443
HS	921	0	2	5445
HS	920	0	1	5446
HS	919	0	6	5452
HS	918	0	1	5453
HS	917	0	4	5457
HS	916	0	2	5459
HS	915	0	1	5460
HS	914	0	2	5462
HS	913	0	8	5470
HS	912	0	3	5473
HS	911	0	2	5475
HS	910	0	7	5482
HS	909	0	3	5485
HS	908	0	1	5486
HS	907	0	1	5487
HS	906	0	4	5491
HS	905	0	5	5496
HS	904	0	2	5498
HS	903	0	0	5498
HS	902	0	3	5501
HS	901	0	3	5504
HS	900	0	3	5507
HS	899	0	2	5509
HS	898	0	4	5513
HS	897	0	5	5518
HS	896	0	2	5520
HS	895	0	4	5524
HS	894	0	8	5532
HS	893	0	5	5537
HS	892	0	3	5540
HS	891	0	5	5545
HS	890	0	1	5546
HS	889	0	1	5547
HS	888	0	5	5552
HS	887	0	6	5558
HS	886	0	1	5559
HS	885	0	4	5563
HS	884	0	1	5564
HS	883	0	3	5567
HS	882	0	4	5571
HS	881	0	3	5574
HS	880	0	5	5579
HS	879	0	5	5584
HS	878	0	6	5590
HS	877	0	4	5594
HS	876	0	6	5600
HS	875	0	4	5604
HS	874	0	2	5606
HS	873	0	0	5606
HS	872	0	2	5608
HS	871	0	3	5611
HS	870	0	4	5615
HS	869	0	3	5618
HS	868	0	4	5622
HS	867	0	6	5628
HS	866	0	2	5630
HS	865	0	1	5631
HS	864	0	2	5633
HS	863	0	5	5638
HS	862	0	4	5642
HS	861	0	3	5645
HS	860	0	4	5649
HS	859	0	6	5655
HS	858	0	5	5660
HS	857	0	3	5663
HS	856	0	8	5671
HS	855	0	3	5674
HS	854	0	4	5678
HS	853	0	4	5682
HS	852	0	3	5685
HS	851	0	3	5688
HS	850	0	1	5689
HS	849	0	2	5691
HS	848	0	3	5694
HS	847	0	0	5694
HS	846	0	5	5699
HS	845	0	7	5706
HS	844	0	2	5708
HS	843	0	3	5711
HS	842	0	3	5714
HS	841	0	3	5717
HS	840	0	4	5721
HS	839	0	6	5727
HS	838	0	4	5731
HS	837	0	3	5734
HS	836	0	4	5738
HS	835	0	2	5740
HS	834	0	2	5742
HS	833	0	4	5746
HS	832	0	4	5750
HS	831	0	0	5750
HS	830	0	1	5751
HS	829	0	5	5756
HS	828	0	1	5757
HS	827	0	2	5759
HS	826	0	3	5762
HS	825	0	4	5766
HS	824	0	3	5769
HS	823	0	6	5775
HS	822	0	4	5779
HS	821	0	5	5784
HS	820	0	3	5787
HS	819	0	3	5790
HS	818	0	4	5794
HS	817	0	5	5799
HS	816	0	3	5802
HS	815	0	5	5807
HS	814	0	0	5807
HS	813	0	4	5811
HS	812	0	5	5816
HS	811	0	3	5819
HS	810	0	3	5822
HS	809	0	3	5825
HS	808	0	10	5835
HS	807	0	5	5840
HS	806	0	5	5845
HS	805	0	9	5854
HS	804	0	5	5859
HS	803	0	7	5866
HS	802	0	3	5869
HS	801	0	3	5872
HS	800	0	5	5877
HS	799	0	7	5884
HS	798	0	5	5889
HS	797	0	2	5891
HS	796	0	5	5896
HS	795	0	6	5902
HS	794	0	3	5905
HS	793	0	6	5911
HS	792	0	6	5917
HS	791	0	6	5923
HS	790	0	8	5931
HS	789	0	2	5933
HS	788	0	7	5940
HS	787	0	7	5947
HS	786	0	3	5950
HS	785	0	2	5952
HS	784	0	1	5953
HS	783	0	5	5958
HS	782	0	2	5960
HS	781	0	5	5965
HS	780	0	5	5970
HS	779	0	5	5975
HS	778	0	10	5985
HS	777	0	6	5991
HS	776	0	6	5997
HS	775	0	10	6007
HS	774	0	5	6012
HS	773	0	5	6017
HS	772	0	6	6023
HS	771	0	10	6033
HS	770	0	8	6041
HS	769	0	10	6051
HS	768	0	11	6062
HS	767	0	9	6071
HS	766	0	10	6081
HS	765	0	3	6084
HS	764	0	6	6090
HS	763	0	5	6095
HS	762	0	7	6102
HS	761	0	5	6107
HS	760	0	5	6112
HS	759	0	9	6121
HS	758	0	16	6137
HS	757	0	5	6142
HS	756	0	12	6154
HS	755	0	8	6162
HS	754	0	6	6168
HS	753	0	6	6174
HS	752	0	5	6179
HS	751	0	9	6188
HS	750	0	8	6196
HS	749	0	11	6207
HS	748	0	6	6213
HS	747	0	5	6218
HS	746	0	6	6224
HS	745	0	4	6228
HS	744	0	7	6235
HS	743	0	2	6237
HS	742	0	6	6243
HS	741	0	1	6244
HS	740	0	3	6247
HS	739	0	7	6254
HS	738	0	3	6257
HS	737	0	4	6261
HS	736	0	7	6268
HS	735	0	7	6275
HS	734	0	9	6284
HS	733	0	9	6293
HS	732	0	9	6302
HS	731	0	10	6312
HS	730	0	7	6319
HS	729	0	12	6331
HS	728	0	6	6337
HS	727	0	6	6343
HS	726	0	8	6351
HS	725	0	9	6360
HS	724	0	10	6370
HS	723	0	7	6377
HS	722	0	3	6380
HS	721	0	15	6395
HS	720	0	10	6405
HS	719	0	9	6414
HS	718	0	9	6423
HS	717	0	11	6434
HS	716	0	10	6444
HS	715	0	8	6452
HS	714	0	13	6465
HS	713	0	11	6476
HS	712	0	9	6485
HS	711	0	8	6493
HS	710	0	6	6499
HS	709	0	4	6503
HS	708	0	5	6508
HS	707	0	8	6516
HS	706	0	9	6525
HS	705	0	11	6536
HS	704	0	10	6546
HS	703	0	6	6552
HS	702	0	9	6561
HS	701	0	10	6571
HS	700	0	10	6581
HS	699	0	14	6595
HS	698	0	7	6602
HS	697	0	7	6609
HS	696	0	12	6621
HS	695	0	13	6634
HS	694	0	6	6640
HS	693	0	12	6652
HS	692	0	11	6663
HS	691	0	8	6671
HS	690	0	20	6691
HS	689	0	8	6699
HS	688	0	11	6710
HS	687	0	12	6722
HS	686	0	13	6735
HS	685	0	15	6750
HS	684	0	14	6764
HS	683	0	8	6772
HS	682	0	13	6785
HS	681	0	10	6795
HS	680	0	7	6802
HS	679	0	11	6813
HS	678	0	12	6825
HS	677	0	11	6836
HS	676	0	10	6846
HS	675	0	17	6863
HS	674	0	8	6871
HS	673	0	14	6885
HS	672	0	11	6896
HS	671	0	14	6910
HS	670	0	10	6920
HS	669	0	6	6926
HS	668	0	12	6938
HS	667	0	14	6952
HS	666	0	11	6963
HS	665	0	13	6976
HS	664	0	5	6981
HS	663	0	14	6995
HS	662	0	12	7007
HS	661	0	17	7024
HS	660	0	12	7036
HS	659	0	13	7049
HS	658	0	9	7058
HS	657	0	12	7070
HS	656	0	9	7079
HS	655	0	19	7098
HS	654	0	18	7116
HS	653	0	10	7126
HS	652	0	15	7141
HS	651	0	9	7150
HS	650	0	13	7163
HS	649	0	14	7177
HS	648	0	15	7192
HS	647	0	16	7208
HS	646	0	11	7219
HS	645	0	17	7236
HS	644	0	23	7259
HS	643	0	21	7280
HS	642	0	18	7298
HS	641	0	21	7319
HS	640	0	21	7340
HS	639	0	20	7360
HS	638	0	34	7394
HS	637	0	24	7418
HS	636	0	24	7442
HS	635	0	21	7463
HS	634	0	31	7494
HS	633	0	16	7510
HS	632	0	25	7535
HS	631	0	30	7565
HS	630	0	21	7586
HS	629	0	23	7609
HS	628	0	22	7631
HS	627	0	17	7648
HS	626	0	30	7678
HS	625	0	15	7693
HS	624	0	22	7715
HS	623	0	13	7728
HS	622	0	20	7748
HS	621	0	18	7766
HS	620	0	26	7792
HS	619	0	16	7808
HS	618	0	16	7824
HS	617	0	17	7841
HS	616	0	25	7866
HS	615	0	23	7889
HS	614	0	25	7914
HS	613	0	26	7940
HS	612	0	35	7975
HS	611	0	18	7993
HS	610	0	20	8013
HS	609	0	35	8048
HS	608	0	34	8082
HS	607	0	30	8112
HS	606	0	30	8142
HS	605	0	28	8170
HS	604	0	36	8206
HS	603	0	32	8238
HS	602	0	16	8254
HS	601	0	21	8275
HS	600	0	40	8315
HS	599	0	34	8349
HS	598	0	36	8385
HS	597	0	32	8417
HS	596	0	38	8455
HS	595	0	28	8483
HS	594	0	37	8520
HS	593	0	24	8544
HS	592	0	39	8583
HS	591	0	30	8613
HS	590	0	32	8645
HS	589	0	41	8686
HS	588	0	32	8718
HS	587	0	44	8762
HS	586	0	39	8801
HS	585	0	39	8840
HS	584	0	55	8895
HS	583	0	39	8934
HS	582	0	59	8993
HS	581	0	38	9031
HS	580	0	59	9090
HS	579	0	62	9152
HS	578	0	49	9201
HS	577	0	58	9259
HS	576	0	46	9305
HS	575	0	68	9373
HS	574	0	68	9441
HS	573	0	73	9514
HS	572	0	60	9574
HS	571	0	85	9659
HS	570	0	57	9716
HS	569	0	67	9783
HS	568	0	91	9874
HS	567	0	63	9937
HS	566	0	78	10015
HS	565	0	81	10096
HS	564	0	78	10174
HS	563	0	113	10287
HS	562	0	119	10406
HS	561	0	92	10498
HS	560	0	112	10610
HS	559	0	93	10703
HS	558	0	108	10811
HS	557	0	104	10915
HS	556	0	127	11042
HS	555	0	107	11149
HS	554	0	119	11268
HS	553	0	114	11382
HS	552	0	132	11514
HS	551	0	135	11649
HS	550	0	146	11795
HS	549	0	126	11921
HS	548	0	142	12063
HS	547	0	150	12213
HS	546	0	147	12360
HS	545	0	164	12524
HS	544	0	141	12665
HS	543	0	158	12823
HS	542	0	152	12975
HS	541	0	155	13130
HS	540	0	157	13287
HS	539	0	160	13447
HS	538	0	169	13616
HS	537	0	190	13806
HS	536	0	185	13991
HS	535	0	215	14206
HS	534	0	183	14389
HS	533	0	218	14607
HS	532	0	197	14804
HS	531	0	216	15020
HS	530	0	197	15217
HS	529	0	227	15444
HS	528	0	233	15677
HS	527	0	263	15940
HS	526	0	247	16187
HS	525	0	288	16475
HS	524	0	243	16718
HS	523	0	270	16988
HS	522	0	265	17253
HS	521	0	299	17552
HS	520	0	289	17841
HS	519	0	307	18148
HS	518	0	320	18468
HS	517	0	314	18782
HS	516	0	323	19105
HS	515	0	317	19422
HS	514	0	311	19733
HS	513	0	353	20086
HS	512	0	329	20415
HS	511	0	341	20756
HS	510	0	395	21151
HS	509	0	372	21523
HS	508	0	368	21891
HS	507	0	408	22299
HS	506	0	419	22718
HS	505	0	414	23132
HS	504	0	452	23584
HS	503	0	412	23996
HS	502	0	394	24390
HS	501	0	482	24872
HS	500	0	455	25327
HS	499	0	470	25797
HS	498	0	525	26322
HS	497	0	548	26870
HS	496	0	523	27393
HS	495	0	554	27947
HS	494	0	536	28483
HS	493	0	574	29057
HS	492	0	592	29649
HS	491	0	604	30253
HS	490	0	603	30856
HS	489	0	611	31467
HS	488	0	674	32141
HS	487	0	689	32830
HS	486	0	635	33465
HS	485	0	642	34107
HS	484	0	766	34873
HS	483	0	777	35650
HS	482	0	743	36393
HS	481	0	853	37246
HS	480	0	799	38045
HS	479	0	897	38942
HS	478	0	909	39851
HS	477	0	959	40810
HS	476	0	967	41777
HS	475	0	959	42736
HS	474	0	1038	43774
HS	473	0	1036	44810
HS	472	0	1140	45950
HS	471	0	1109	47059
HS	470	0	1156	48215
HS	469	0	1165	49380
HS	468	0	1224	50604
HS	467	0	1239	51843
HS	466	0	1256	53099
HS	465	0	1216	54315
HS	464	0	1293	55608
HS	463	0	1383	56991
HS	462	0	1390	58381
HS	461	0	1335	59716
HS	460	0	1466	61182
HS	459	0	1504	62686
HS	458	0	1483	64169
HS	457	0	1479	65648
HS	456	0	1488	67136
HS	455	0	1650	68786
HS	454	0	1657	70443
HS	453	0	1640	72083
HS	452	0	1691	73774
HS	451	0	1795	75569
HS	450	0	1841	77410
HS	449	0	1932	79342
HS	448	0	1935	81277
HS	447	0	1995	83272
HS	446	0	1979	85251
HS	445	0	2155	87406
HS	444	0	2197	89603
HS	443	0	2137	91740
HS	442	0	2222	93962
HS	441	0	2297	96259
HS	440	0	2364	98623
HS	439	0	2394	101017
HS	438	0	2495	103512
HS	437	0	2519	106031
HS	436	0	2582	108613
HS	435	0	2733	111346
HS	434	0	2716	114062
HS	433	0	2595	116657
HS	432	0	2833	119490
HS	431	0	2847	122337
HS	430	0	2924	125261
HS	429	0	3025	128286
HS	428	0	3138	131424
HS	427	0	3190	134614
HS	426	0	3242	137856
HS	425	0	3388	141244
HS	424	0	3474	144718
HS	423	0	3565	148283
HS	422	0	3664	151947
HS	421	0	3763	155710
HS	420	0	3757	159467
HS	419	0	3966	163433
HS	418	0	3953	167386
HS	417	0	4103	171489
HS	416	0	4152	175641
HS	415	0	4250	179891
HS	414	0	4510	184401
HS	413	0	4276	188677
HS	412	0	4447	193124
HS	411	0	4650	197774
HS	410	0	4776	202550
HS	409	0	4907	207457
HS	408	0	5052	212509
HS	407	0	5148	217657
HS	406	0	5187	222844
HS	405	0	5339	228183
HS	404	0	5459	233642
HS	403	0	5655	239297
HS	402	0	5907	245204
HS	401	0	5942	251146
HS	400	0	6041	257187
HS	399	0	6116	263303
HS	398	0	6234	269537
HS	397	0	6395	275932
HS	396	0	6537	282469
HS	395	0	6597	289066
HS	394	0	6932	295998
HS	393	0	6964	302962
HS	392	0	7156	310118
HS	391	0	7211	317329
HS	390	0	7181	324510
HS	389	0	7552	332062
HS	388	0	7827	339889
HS	387	0	7812	347701
HS	386	0	8043	355744
HS	385	0	8206	363950
HS	384	0	8299	372249
HS	383	0	8567	380816
HS	382	0	8762	389578
HS	381	0	8757	398335
HS	380	0	8955	407290
HS	379	0	9153	416443
HS	378	0	9132	425575
HS	377	0	9257	434832
HS	376	0	9909	444741
HS	375	0	9771	454512
HS	374	0	9944	464456
HS	373	0	10325	474781
HS	372	0	10473	485254
HS	371	0	10414	495668
HS	370	0	10783	506451
HS	369	0	11013	517464
HS	368	0	10961	528425
HS	367	0	11172	539597
HS	366	0	11634	551231
HS	365	0	11755	562986
HS	364	0	12051	575037
HS	363	0	11953	586990
HS	362	0	12135	599125
HS	361	0	12482	611607
HS	360	0	12534	624141
HS	359	0	12758	636899
HS	358	0	12973	649872
HS	357	0	13369	663241
HS	356	0	13299	676540
HS	355	0	13699	690239
HS	354	0	13837	704076
HS	353	0	14051	718127
HS	352	0	14136	732263
HS	351	0	14444	746707
HS	350	0	14515	761222
HS	349	0	14648	775870
HS	348	0	14859	790729
HS	347	0	15340	806069
HS	346	0	15353	821422
HS	345	0	15445	836867
HS	344	0	15549	852416
HS	343	0	15785	868201
HS	342	0	15935	884136
HS	341	0	16068	900204
HS	340	0	16143	916347
HS	339	0	16382	932729
HS	338	0	16734	949463
HS	337	0	16732	966195
HS	336	0	16865	983060
HS	335	0	17223	1000283
HS	334	0	17582	1017865
HS	333	0	17640	1035505
HS	332	0	17728	1053233
HS	331	0	17856	1071089
HS	330	0	18009	1089098
HS	329	0	18182	1107280
HS	328	0	18322	1125602
HS	327	0	18766	1144368
HS	326	0	18572	1162940
HS	325	0	18868	1181808
HS	324	0	19226	1201034
HS	323	0	19048	1220082
HS	322	0	19452	1239534
HS	321	0	19746	1259280
HS	320	0	19705	1278985
HS	319	0	20113	1299098
HS	318	0	20316	1319414
HS	317	0	20505	1339919
HS	316	0	20734	1360653
HS	315	0	20977	1381630
HS	314	0	20947	1402577
HS	313	0	21234	1423811
HS	312	0	20980	1444791
HS	311	0	21552	1466343
HS	310	0	21389	1487732
HS	309	0	21409	1509141
HS	308	0	21842	1530983
HS	307	0	22017	1553000
HS	306	0	22268	1575268
HS	305	0	22187	1597455
HS	304	0	22191	1619646
HS	303	0	22649	1642295
HS	302	0	22644	1664939
HS	301	0	22816	1687755
HS	300	0	22933	1710688
HS	299	0	22974	1733662
HS	298	0	23295	1756957
HS	297	0	23395	1780352
HS	296	0	23282	1803634
HS	295	0	23384	1827018
HS	294	0	23457	1850475
HS	293	0	23587	1874062
HS	292	0	23476	1897538
HS	291	0	23642	1921180
HS	290	0	23900	1945080
HS	289	0	23659	1968739
HS	288	0	23920	1992659
HS	287	0	23756	2016415
HS	286	0	23687	2040102
HS	285	0	23753	2063855
HS	284	0	23586	2087441
HS	283	0	23544	2110985
HS	282	0	23722	2134707
HS	281	0	23928	2158635
HS	280	0	23899	2182534
HS	279	0	23919	2206453
HS	278	0	23756	2230209
HS	277	0	23600	2253809
HS	276	0	24063	2277872
HS	275	0	23575	2301447
HS	274	0	23591	2325038
HS	273	0	23686	2348724
HS	272	0	23671	2372395
HS	271	0	23375	2395770
HS	270	0	23632	2419402
HS	269	0	23217	2442619
HS	268	0	23306	2465925
HS	267	0	23207	2489132
HS	266	0	23162	2512294
HS	265	0	22793	2535087
HS	264	0	22950	2558037
HS	263	0	22936	2580973
HS	262	0	22565	2603538
HS	261	0	22726	2626264
HS	260	0	22562	2648826
HS	259	0	22450	2671276
HS	258	0	22214	2693490
HS	257	0	22101	2715591
HS	256	0	21707	2737298
HS	255	0	21834	2759132
HS	254	0	21845	2780977
HS	253	0	21393	2802370
HS	252	0	21414	2823784
HS	251	0	21227	2845011
HS	250	0	21064	2866075
HS	249	0	20966	2887041
HS	248	0	20991	2908032
HS	247	0	20886	2928918
HS	246	0	20639	2949557
HS	245	0	20642	2970199
HS	244	0	20144	2990343
HS	243	0	19975	3010318
HS	242	0	20098	3030416
HS	241	0	19627	3050043
HS	240	0	19338	3069381
HS	239	0	19228	3088609
HS	238	0	19394	3108003
HS	237	0	19285	3127288
HS	236	0	18903	3146191
HS	235	0	18825	3165016
HS	234	0	18852	3183868
HS	233	0	18419	3202287
HS	232	0	18586	3220873
HS	231	0	18406	3239279
HS	230	0	17950	3257229
HS	229	0	17689	3274918
HS	228	0	17588	3292506
HS	227	0	17288	3309794
HS	226	0	16802	3326596
HS	225	0	16703	3343299
HS	224	0	16389	3359688
HS	223	0	16202	3375890
HS	222	0	15859	3391749
HS	221	0	15594	3407343
HS	220	0	15896	3423239
HS	219	0	15435	3438674
HS	218	0	15228	3453902
HS	217	0	15085	3468987
HS	216	0	14713	3483700
HS	215	0	14755	3498455
HS	214	0	14555	3513010
HS	213	0	14285	3527295
HS	212	0	14018	3541313
HS	211	0	13681	3554994
HS	210	0	13488	3568482
HS	209	0	13126	3581608
HS	208	0	13042	3594650
HS	207	0	13104	3607754
HS	206	0	12538	3620292
HS	205	0	12291	3632583
HS	204	0	12414	3644997
HS	203	0	11792	3656789
HS	202	0	11722	3668511
HS	201	0	11521	3680032
HS	200	0	11271	3691303
HS	199	0	11258	3702561
HS	198	0	10991	3713552
HS	197	0	10639	3724191
HS	196	0	10460	3734651
HS	195	0	10478	3745129
HS	194	0	10086	3755215
HS	193	0	10116	3765331
HS	192	0	9745	3775076
HS	191	0	9487	3784563
HS	190	0	9510	3794073
HS	189	0	9175	3803248
HS	188	0	8812	3812060
HS	187	0	8669	3820729
HS	186	0	8717	3829446
HS	185	0	8244	3837690
HS	184	0	7978	3845668
HS	183	0	7997	3853665
HS	182	0	7747	3861412
HS	181	0	7514	3868926
HS	180	0	7294	3876220
HS	179	0	7057	3883277
HS	178	0	6925	3890202
HS	177	0	6662	3896864
HS	176	0	6607	3903471
HS	175	0	6391	3909862
HS	174	0	6295	3916157
HS	173	0	6066	3922223
HS	172	0	5903	3928126
HS	171	0	5907	3934033
HS	170	0	5713	3939746
HS	169	0	5626	3945372
HS	168	0	5398	3950770
HS	167	0	5418	3956188
HS	166	0	5199	3961387
HS	165	0	5046	3966433
HS	164	0	5047	3971480
HS	163	0	4867	3976347
HS	162	0	4783	3981130
HS	161	0	4689	3985819
HS	160	0	4753	3990572
HS	159	0	4603	3995175
HS	158	0	4404	3999579
HS	157	0	4225	4003804
HS	156	0	4108	4007912
HS	155	0	4096	4012008
HS	154	0	4169	4016177
HS	153	0	3997	4020174
HS	152	0	3962	4024136
HS	151	0	3983	4028119
HS	150	0	3916	4032035
HS	149	0	3867	4035902
HS	148	0	3659	4039561
HS	147	0	3745	4043306
HS	146	0	3584	4046890
HS	145	0	3467	4050357
HS	144	0	3426	4053783
HS	143	0	3400	4057183
HS	142	0	3266	4060449
HS	141	0	3021	4063470
HS	140	0	2956	4066426
HS	139	0	2892	4069318
HS	138	0	2890	4072208
HS	137	0	2846	4075054
HS	136	0	2913	4077967
HS	135	0	2873	4080840
HS	134	0	2752	4083592
HS	133	0	2703	4086295
HS	132	0	2715	4089010
HS	131	0	2676	4091686
HS	130	0	2609	4094295
HS	129	0	2610	4096905
HS	128	0	2595	4099500
HS	127	0	2498	4101998
HS	126	0	2484	4104482
HS	125	0	2368	4106850
HS	124	0	2280	4109130
HS	123	0	2194	4111324
HS	122	0	2177	4113501
HS	121	0	2194	4115695
HS	120	0	2090	4117785
HS	119	0	2027	4119812
HS	118	0	2194	4122006
HS	117	0	2157	4124163
HS	116	0	2214	4126377
HS	115	0	2184	4128561
HS	114	0	1996	4130557
HS	113	0	2053	4132610
HS	112	0	2023	4134633
HS	111	0	1987	4136620
HS	110	0	1890	4138510
HS	109	0	1888	4140398
HS	108	0	1972	4142370
HS	107	0	1851	4144221
HS	106	0	1866	4146087
HS	105	0	1809	4147896
HS	104	0	1759	4149655
HS	103	0	1851	4151506
HS	102	0	1703	4153209
HS	101	0	1639	4154848
HS	100	0	1567	4156415
HS	99	0	1488	4157903
HS	98	0	1481	4159384
HS	97	0	1381	4160765
HS	96	0	1399	4162164
HS	95	0	1368	4163532
HS	94	0	1266	4164798
HS	93	0	1310	4166108
HS	92	0	1147	4167255
HS	91	0	1166	4168421
HS	90	0	1103	4169524
HS	89	0	1062	4170586
HS	88	0	1087	4171673
HS	87	0	1068	4172741
HS	86	0	982	4173723
HS	85	0	903	4174626
HS	84	0	903	4175529
HS	83	0	914	4176443
HS	82	0	842	4177285
HS	81	0	802	4178087
HS	80	0	746	4178833
HS	79	0	634	4179467
HS	78	0	690	4180157
HS	77	0	649	4180806
HS	76	0	576	4181382
HS	75	0	579	4181961
HS	74	0	599	4182560
HS	73	0	643	4183203
HS	72	0	595	4183798
HS	71	0	635	4184433
HS	70	0	528	4184961
HS	69	0	524	4185485
HS	68	0	490	4185975
HS	67	0	527	4186502
HS	66	0	526	4187028
HS	65	0	470	4187498
HS	64	0	526	4188024
HS	63	0	450	4188474
HS	62	0	436	4188910
HS	61	0	510	4189420
HS	60	0	490	4189910
HS	59	0	451	4190361
HS	58	0	486	4190847
HS	57	0	491	4191338
HS	56	0	528	4191866
HS	55	0	507	4192373
HS	54	0	597	4192970
HS	53	0	637	4193607
HS	52	0	623	4194230
HS	51	0	692	4194922
HS	50	0	834	4195756
HS	49	0	901	4196657
HS	48	0	1007	4197664
HS	47	0	1124	4198788
HS	46	0	1255	4200043
HS	45	0	1356	4201399
HS	44	0	1483	4202882
HS	43	0	1750	4204632
HS	42	0	1970	4206602
HS	41	0	2316	4208918
HS	40	0	2526	4211444
HS	39	0	2696	4214140
HS	38	0	3175	4217315
HS	37	0	3535	4220850
HS	36	0	3802	4224652
HS	35	0	4262	4228914
HS	34	0	4758	4233672
HS	33	0	5051	4238723
HS	32	0	5838	4244561
HS	31	0	6588	4251149
HS	30	0	7015	4258164
HS	29	0	7958	4266122
HS	28	0	9112	4275234
HS	27	0	9937	4285171
HS	26	0	11618	4296789
HS	25	0	13013	4309802
HS	24	0	15034	4324836
HS	23	0	16890	4341726
HS	22	0	19194	4360920
HS	21	0	22380	4383300
HS	20	0	26423	4409723
HS	19	0	30518	4440241
HS	18	0	35826	4476067
HS	17	0	40666	4516733
HS	16	0	46471	4563204
HS	15	0	54371	4617575
HS	14	0	64938	4682513
HS	13	0	80168	4762681
HS	12	0	99286	4861967
HS	11	0	126013	4987980
HS	10	0	162892	5150872
HS	9	0	222229	5373101
HS	8	0	318094	5691195
HS	7	0	487016	6178211
HS	6	0	817363	6995574
HS	5	0	1491565	8487139
HS	4	0	2971175	11458314
HS	3	0	6626259	18084573
HS	2	0	18379825	36464398
HS	1	0	0	36464398
HS	0	0	0	36464398
