CC	CT  kmer_occurrence    short_read_kmer_count  raw_input_kmer_count  adjusted_input_kmer_count
CC	FR  fpr_lower_bound    fpr_upper_bound
CC	ER  total_input_kmers  adjusted_error_kmers
CC	CV  coverage
CC	QV  raw_quality_value  adjusted_quality_value
CC
SQ	CP126115.1	6231385	6231355	6231133	59.40
CT	1023	8657	112089	112089.000
CT	1022	8	66	66.000
CT	1021	8	53	53.000
CT	1020	14	88	88.000
CT	1019	14	85	85.000
CT	1018	6	45	45.000
CT	1017	13	75	75.000
CT	1016	19	145	145.000
CT	1015	16	112	112.000
CT	1014	14	98	98.000
CT	1013	8	53	53.000
CT	1012	18	116	116.000
CT	1011	10	69	69.000
CT	1010	14	112	112.000
CT	1009	9	50	50.000
CT	1008	18	130	130.000
CT	1007	18	154	154.000
CT	1006	10	64	64.000
CT	1005	16	125	125.000
CT	1004	12	78	78.000
CT	1003	17	127	127.000
CT	1002	10	83	83.000
CT	1001	18	107	107.000
CT	1000	14	116	116.000
CT	999	13	93	93.000
CT	998	13	97	97.000
CT	997	14	102	102.000
CT	996	6	44	44.000
CT	995	13	89	89.000
CT	994	11	82	82.000
CT	993	15	103	103.000
CT	992	4	25	25.000
CT	991	13	82	82.000
CT	990	14	102	102.000
CT	989	19	136	136.000
CT	988	19	152	152.000
CT	987	11	73	73.000
CT	986	11	67	67.000
CT	985	16	110	110.000
CT	984	14	95	95.000
CT	983	12	74	74.000
CT	982	13	82	82.000
CT	981	7	43	43.000
CT	980	10	71	71.000
CT	979	12	79	79.000
CT	978	20	148	148.000
CT	977	14	93	93.000
CT	976	18	134	134.000
CT	975	8	52	52.000
CT	974	13	85	85.000
CT	973	17	102	102.000
CT	972	9	51	51.000
CT	971	15	100	100.000
CT	970	13	95	95.000
CT	969	15	117	117.000
CT	968	19	121	121.000
CT	967	15	111	111.000
CT	966	12	75	75.000
CT	965	14	102	102.000
CT	964	8	55	55.000
CT	963	15	86	86.000
CT	962	21	132	132.000
CT	961	11	82	82.000
CT	960	11	69	69.000
CT	959	13	78	78.000
CT	958	14	91	91.000
CT	957	11	71	71.000
CT	956	15	104	104.000
CT	955	6	44	44.000
CT	954	11	67	67.000
CT	953	15	99	99.000
CT	952	8	54	54.000
CT	951	7	51	51.000
CT	950	14	85	85.000
CT	949	9	54	54.000
CT	948	8	55	55.000
CT	947	9	56	56.000
CT	946	10	69	69.000
CT	945	5	35	35.000
CT	944	8	59	59.000
CT	943	8	75	75.000
CT	942	10	80	80.000
CT	941	15	89	89.000
CT	940	11	94	94.000
CT	939	9	61	61.000
CT	938	6	40	40.000
CT	937	13	100	100.000
CT	936	15	115	115.000
CT	935	10	75	75.000
CT	934	8	54	54.000
CT	933	12	85	85.000
CT	932	16	106	106.000
CT	931	8	43	43.000
CT	930	10	68	68.000
CT	929	6	41	41.000
CT	928	12	73	73.000
CT	927	10	68	68.000
CT	926	5	32	32.000
CT	925	10	65	65.000
CT	924	7	44	44.000
CT	923	6	38	38.000
CT	922	17	116	116.000
CT	921	10	70	70.000
CT	920	7	46	46.000
CT	919	9	58	58.000
CT	918	12	75	75.000
CT	917	7	48	48.000
CT	916	9	54	54.000
CT	915	14	92	92.000
CT	914	11	77	77.000
CT	913	14	94	94.000
CT	912	11	71	71.000
CT	911	8	56	56.000
CT	910	11	74	74.000
CT	909	17	116	116.000
CT	908	11	71	71.000
CT	907	12	80	80.000
CT	906	6	31	31.000
CT	905	13	95	95.000
CT	904	15	99	99.000
CT	903	9	62	62.000
CT	902	16	102	102.000
CT	901	12	76	76.000
CT	900	9	61	61.000
CT	899	15	97	97.000
CT	898	13	93	93.000
CT	897	15	99	99.000
CT	896	7	44	44.000
CT	895	7	41	41.000
CT	894	8	51	51.000
CT	893	13	99	99.000
CT	892	11	70	70.000
CT	891	12	80	80.000
CT	890	7	44	44.000
CT	889	12	90	90.000
CT	888	5	37	37.000
CT	887	13	90	90.000
CT	886	8	52	52.000
CT	885	2	12	12.000
CT	884	8	51	51.000
CT	883	4	26	26.000
CT	882	3	20	20.000
CT	881	10	97	97.000
CT	880	4	27	27.000
CT	879	4	22	22.000
CT	878	12	78	78.000
CT	877	13	89	89.000
CT	876	14	89	89.000
CT	875	10	69	69.000
CT	874	9	63	63.000
CT	873	7	52	52.000
CT	872	8	51	51.000
CT	871	7	52	52.000
CT	870	7	50	50.000
CT	869	7	40	40.000
CT	868	5	34	34.000
CT	867	8	56	56.000
CT	866	12	86	86.000
CT	865	10	65	65.000
CT	864	6	41	41.000
CT	863	12	84	84.000
CT	862	15	82	82.000
CT	861	8	45	45.000
CT	860	6	33	33.000
CT	859	14	83	83.000
CT	858	11	61	61.000
CT	857	15	88	88.000
CT	856	14	76	76.000
CT	855	15	90	90.000
CT	854	9	51	51.000
CT	853	15	87	87.000
CT	852	8	43	43.000
CT	851	10	56	56.000
CT	850	11	72	72.000
CT	849	13	89	89.000
CT	848	9	46	46.000
CT	847	20	139	139.000
CT	846	15	79	79.000
CT	845	12	73	73.000
CT	844	13	85	85.000
CT	843	22	121	121.000
CT	842	16	85	85.000
CT	841	12	106	106.000
CT	840	12	77	77.000
CT	839	10	56	56.000
CT	838	15	112	112.000
CT	837	15	115	115.000
CT	836	10	64	64.000
CT	835	14	84	84.000
CT	834	19	128	128.000
CT	833	13	84	84.000
CT	832	11	74	74.000
CT	831	11	69	69.000
CT	830	10	61	61.000
CT	829	9	53	53.000
CT	828	13	77	77.000
CT	827	8	46	46.000
CT	826	12	89	89.000
CT	825	10	52	52.000
CT	824	11	62	62.000
CT	823	2	12	12.000
CT	822	8	49	49.000
CT	821	6	31	31.000
CT	820	12	68	68.000
CT	819	10	57	57.000
CT	818	12	71	71.000
CT	817	5	30	30.000
CT	816	9	45	45.000
CT	815	13	77	77.000
CT	814	10	70	70.000
CT	813	4	17	17.000
CT	812	7	27	27.000
CT	811	8	43	43.000
CT	810	11	61	61.000
CT	809	7	31	31.000
CT	808	4	25	25.000
CT	807	4	19	19.000
CT	806	5	29	29.000
CT	805	10	55	55.000
CT	804	7	37	37.000
CT	803	3	21	21.000
CT	802	5	29	29.000
CT	801	5	34	34.000
CT	800	0	0	0.000
CT	799	6	30	30.000
CT	798	6	36	36.000
CT	797	8	30	30.000
CT	796	4	22	22.000
CT	795	7	31	31.000
CT	794	5	29	29.000
CT	793	10	48	48.000
CT	792	5	27	27.000
CT	791	7	40	40.000
CT	790	7	36	36.000
CT	789	5	29	29.000
CT	788	8	50	50.000
CT	787	7	28	28.000
CT	786	3	17	17.000
CT	785	5	20	20.000
CT	784	7	36	36.000
CT	783	2	12	12.000
CT	782	4	22	22.000
CT	781	6	23	23.000
CT	780	7	31	31.000
CT	779	4	22	22.000
CT	778	4	26	26.000
CT	777	5	27	27.000
CT	776	7	40	40.000
CT	775	4	24	24.000
CT	774	5	24	24.000
CT	773	4	24	24.000
CT	772	10	56	56.000
CT	771	6	33	33.000
CT	770	6	30	30.000
CT	769	10	67	67.000
CT	768	6	34	34.000
CT	767	1	4	4.000
CT	766	4	19	19.000
CT	765	6	28	28.000
CT	764	9	44	44.000
CT	763	6	36	36.000
CT	762	2	5	5.000
CT	761	13	56	56.000
CT	760	5	17	17.000
CT	759	4	23	23.000
CT	758	5	29	29.000
CT	757	3	13	13.000
CT	756	10	46	46.000
CT	755	3	21	21.000
CT	754	7	38	38.000
CT	753	5	23	23.000
CT	752	7	37	37.000
CT	751	16	85	85.000
CT	750	9	38	38.000
CT	749	6	26	26.000
CT	748	10	47	47.000
CT	747	6	29	29.000
CT	746	5	25	25.000
CT	745	7	34	34.000
CT	744	5	24	24.000
CT	743	6	25	25.000
CT	742	10	50	50.000
CT	741	12	59	59.000
CT	740	11	50	50.000
CT	739	5	25	25.000
CT	738	4	23	23.000
CT	737	4	23	23.000
CT	736	3	16	16.000
CT	735	13	70	70.000
CT	734	11	43	43.000
CT	733	4	22	22.000
CT	732	8	31	31.000
CT	731	1	4	4.000
CT	730	6	32	32.000
CT	729	3	9	9.000
CT	728	8	39	39.000
CT	727	10	50	50.000
CT	726	11	61	61.000
CT	725	4	15	15.000
CT	724	5	26	26.000
CT	723	2	10	10.000
CT	722	6	27	27.000
CT	721	3	13	13.000
CT	720	6	25	25.000
CT	719	3	10	10.000
CT	718	5	18	18.000
CT	717	5	28	28.000
CT	716	7	28	28.000
CT	715	5	19	19.000
CT	714	6	26	26.000
CT	713	5	24	24.000
CT	712	3	8	8.000
CT	711	7	26	26.000
CT	710	7	20	20.000
CT	709	4	23	23.000
CT	708	7	27	27.000
CT	707	7	30	30.000
CT	706	5	19	19.000
CT	705	6	28	28.000
CT	704	6	31	31.000
CT	703	3	17	17.000
CT	702	9	34	34.000
CT	701	4	19	19.000
CT	700	5	19	19.000
CT	699	4	14	14.000
CT	698	8	28	28.000
CT	697	7	32	32.000
CT	696	6	18	18.000
CT	695	8	42	42.000
CT	694	7	31	31.000
CT	693	11	47	47.000
CT	692	9	39	39.000
CT	691	9	46	46.000
CT	690	10	37	37.000
CT	689	10	38	38.000
CT	688	3	13	13.000
CT	687	5	27	27.000
CT	686	5	25	25.000
CT	685	4	13	13.000
CT	684	3	15	15.000
CT	683	5	19	19.000
CT	682	3	15	15.000
CT	681	5	20	20.000
CT	680	10	40	40.000
CT	679	7	34	34.000
CT	678	7	10	10.000
CT	677	1	6	6.000
CT	676	6	26	26.000
CT	675	5	25	25.000
CT	674	6	27	27.000
CT	673	1	4	4.000
CT	672	3	12	12.000
CT	671	3	15	15.000
CT	670	10	54	54.000
CT	669	4	10	10.000
CT	668	3	11	11.000
CT	667	6	36	36.000
CT	666	4	23	23.000
CT	665	5	21	21.000
CT	664	3	16	16.000
CT	663	2	13	13.000
CT	662	2	4	4.000
CT	661	9	44	44.000
CT	660	8	33	33.000
CT	659	4	16	16.000
CT	658	3	12	12.000
CT	657	6	28	28.000
CT	656	9	47	47.000
CT	655	6	22	22.000
CT	654	12	67	67.000
CT	653	9	50	50.000
CT	652	2	12	12.000
CT	651	5	23	23.000
CT	650	5	26	26.000
CT	649	5	20	20.000
CT	648	4	19	19.000
CT	647	15	68	68.000
CT	646	5	26	26.000
CT	645	15	70	70.000
CT	644	6	30	30.000
CT	643	3	9	9.000
CT	642	11	40	40.000
CT	641	6	34	34.000
CT	640	9	28	28.000
CT	639	11	53	53.000
CT	638	6	23	23.000
CT	637	12	59	59.000
CT	636	3	15	15.000
CT	635	10	52	52.000
CT	634	8	37	37.000
CT	633	5	20	20.000
CT	632	5	22	22.000
CT	631	6	25	25.000
CT	630	12	55	55.000
CT	629	12	58	58.000
CT	628	7	39	39.000
CT	627	13	55	55.000
CT	626	8	36	36.000
CT	625	6	29	29.000
CT	624	3	15	15.000
CT	623	10	38	38.000
CT	622	11	50	50.000
CT	621	16	72	72.000
CT	620	8	37	37.000
CT	619	15	70	70.000
CT	618	10	48	48.000
CT	617	7	19	19.000
CT	616	9	35	35.000
CT	615	11	51	51.000
CT	614	11	41	41.000
CT	613	14	55	55.000
CT	612	15	64	64.000
CT	611	12	38	38.000
CT	610	6	29	29.000
CT	609	11	52	52.000
CT	608	7	33	33.000
CT	607	11	49	49.000
CT	606	6	27	27.000
CT	605	7	24	24.000
CT	604	8	23	23.000
CT	603	4	22	22.000
CT	602	8	18	18.000
CT	601	10	31	31.000
CT	600	6	28	28.000
CT	599	14	45	45.000
CT	598	7	31	31.000
CT	597	8	23	23.000
CT	596	12	44	44.000
CT	595	11	33	33.000
CT	594	8	31	31.000
CT	593	12	51	51.000
CT	592	9	40	40.000
CT	591	8	34	34.000
CT	590	11	40	40.000
CT	589	6	27	27.000
CT	588	9	38	38.000
CT	587	7	24	24.000
CT	586	13	61	61.000
CT	585	9	37	37.000
CT	584	5	18	18.000
CT	583	17	68	68.000
CT	582	8	38	38.000
CT	581	12	58	58.000
CT	580	12	53	53.000
CT	579	6	27	27.000
CT	578	5	16	16.000
CT	577	14	53	53.000
CT	576	14	65	65.000
CT	575	8	29	29.000
CT	574	11	47	47.000
CT	573	9	30	30.000
CT	572	11	55	55.000
CT	571	5	20	20.000
CT	570	12	57	57.000
CT	569	14	67	67.000
CT	568	14	59	59.000
CT	567	12	51	51.000
CT	566	14	40	40.000
CT	565	13	61	61.000
CT	564	7	23	23.000
CT	563	13	52	52.000
CT	562	9	31	31.000
CT	561	11	41	41.000
CT	560	12	45	45.000
CT	559	9	32	32.000
CT	558	8	27	27.000
CT	557	5	22	22.000
CT	556	5	24	24.000
CT	555	11	48	48.000
CT	554	7	31	31.000
CT	553	9	38	38.000
CT	552	14	43	43.000
CT	551	10	34	34.000
CT	550	4	18	18.000
CT	549	14	53	53.000
CT	548	6	22	22.000
CT	547	8	28	28.000
CT	546	9	38	38.000
CT	545	9	31	31.000
CT	544	10	38	38.000
CT	543	13	56	56.000
CT	542	9	41	41.000
CT	541	11	36	36.000
CT	540	13	52	52.000
CT	539	12	44	44.000
CT	538	6	24	24.000
CT	537	13	54	54.000
CT	536	9	42	42.000
CT	535	14	49	49.000
CT	534	20	66	66.000
CT	533	7	32	32.000
CT	532	12	38	38.000
CT	531	8	33	33.000
CT	530	5	24	24.000
CT	529	12	33	33.000
CT	528	9	27	27.000
CT	527	13	53	53.000
CT	526	5	19	19.000
CT	525	10	44	44.000
CT	524	10	30	30.000
CT	523	7	33	33.000
CT	522	11	42	42.000
CT	521	9	30	30.000
CT	520	11	35	35.000
CT	519	11	43	43.000
CT	518	9	30	30.000
CT	517	9	34	34.000
CT	516	10	32	32.000
CT	515	6	25	25.000
CT	514	9	26	26.000
CT	513	10	37	37.000
CT	512	13	45	45.000
CT	511	10	43	43.000
CT	510	11	34	34.000
CT	509	7	16	16.000
CT	508	9	40	40.000
CT	507	5	22	22.000
CT	506	9	19	19.000
CT	505	7	24	24.000
CT	504	12	38	38.000
CT	503	13	36	36.000
CT	502	8	31	31.000
CT	501	6	17	17.000
CT	500	10	28	28.000
CT	499	12	35	35.000
CT	498	13	44	44.000
CT	497	8	30	30.000
CT	496	16	61	61.000
CT	495	13	40	40.000
CT	494	8	18	18.000
CT	493	12	41	41.000
CT	492	10	29	29.000
CT	491	6	19	19.000
CT	490	15	48	48.000
CT	489	18	47	47.000
CT	488	11	27	27.000
CT	487	10	24	24.000
CT	486	13	44	44.000
CT	485	14	39	39.000
CT	484	17	60	60.000
CT	483	13	42	42.000
CT	482	14	35	35.000
CT	481	8	28	28.000
CT	480	18	63	63.000
CT	479	21	51	51.000
CT	478	17	69	69.000
CT	477	20	62	62.000
CT	476	27	108	108.000
CT	475	12	40	40.000
CT	474	19	59	59.000
CT	473	23	81	81.000
CT	472	21	59	59.000
CT	471	23	68	68.000
CT	470	26	70	70.000
CT	469	23	49	49.000
CT	468	25	64	64.000
CT	467	20	75	75.000
CT	466	18	42	42.000
CT	465	19	53	53.000
CT	464	13	41	41.000
CT	463	26	76	76.000
CT	462	15	42	42.000
CT	461	8	29	29.000
CT	460	17	57	57.000
CT	459	15	40	40.000
CT	458	14	32	32.000
CT	457	16	51	51.000
CT	456	14	34	34.000
CT	455	19	46	46.000
CT	454	16	58	58.000
CT	453	21	66	66.000
CT	452	12	24	24.000
CT	451	9	24	24.000
CT	450	13	41	41.000
CT	449	14	50	50.000
CT	448	28	62	62.000
CT	447	12	26	26.000
CT	446	20	57	57.000
CT	445	26	72	72.000
CT	444	25	74	74.000
CT	443	22	49	49.000
CT	442	19	37	37.000
CT	441	19	42	42.000
CT	440	20	45	45.000
CT	439	21	49	49.000
CT	438	23	52	52.000
CT	437	27	73	73.000
CT	436	23	53	53.000
CT	435	26	54	54.000
CT	434	15	29	29.000
CT	433	23	46	46.000
CT	432	23	46	46.000
CT	431	24	48	48.000
CT	430	18	50	50.000
CT	429	26	61	61.000
CT	428	25	56	56.000
CT	427	29	77	77.000
CT	426	17	41	41.000
CT	425	16	42	42.000
CT	424	20	60	60.000
CT	423	23	61	61.000
CT	422	30	98	98.000
CT	421	34	88	88.000
CT	420	32	87	87.000
CT	419	25	67	67.000
CT	418	29	76	76.000
CT	417	26	72	72.000
CT	416	25	76	76.000
CT	415	23	63	63.000
CT	414	24	58	58.000
CT	413	22	71	71.000
CT	412	17	47	47.000
CT	411	19	45	45.000
CT	410	22	57	57.000
CT	409	20	47	47.000
CT	408	17	42	42.000
CT	407	18	57	57.000
CT	406	29	70	70.000
CT	405	29	80	80.000
CT	404	37	87	87.000
CT	403	25	66	66.000
CT	402	23	68	68.000
CT	401	27	75	75.000
CT	400	31	75	75.000
CT	399	25	63	63.000
CT	398	29	53	53.000
CT	397	27	72	72.000
CT	396	13	27	27.000
CT	395	23	54	54.000
CT	394	26	74	74.000
CT	393	28	75	75.000
CT	392	29	71	71.000
CT	391	35	89	89.000
CT	390	42	93	93.000
CT	389	24	68	68.000
CT	388	30	65	65.000
CT	387	27	66	66.000
CT	386	28	58	58.000
CT	385	23	42	42.000
CT	384	16	32	32.000
CT	383	18	35	35.000
CT	382	23	54	54.000
CT	381	25	46	46.000
CT	380	25	66	66.000
CT	379	26	46	46.000
CT	378	29	77	77.000
CT	377	31	78	78.000
CT	376	31	51	51.000
CT	375	23	52	52.000
CT	374	32	78	78.000
CT	373	32	87	87.000
CT	372	21	49	49.000
CT	371	29	66	66.000
CT	370	26	51	51.000
CT	369	34	73	73.000
CT	368	39	82	82.000
CT	367	36	78	78.000
CT	366	30	59	59.000
CT	365	28	52	52.000
CT	364	37	72	72.000
CT	363	33	68	68.000
CT	362	38	66	66.000
CT	361	39	83	83.000
CT	360	38	79	79.000
CT	359	44	86	86.000
CT	358	37	72	72.000
CT	357	45	90	90.000
CT	356	47	91	91.000
CT	355	36	79	79.000
CT	354	46	103	103.000
CT	353	48	99	99.000
CT	352	42	85	85.000
CT	351	55	108	108.000
CT	350	50	95	95.000
CT	349	39	72	72.000
CT	348	56	110	110.000
CT	347	48	90	90.000
CT	346	57	105	105.000
CT	345	50	97	97.000
CT	344	55	103	103.000
CT	343	56	108	108.000
CT	342	52	96	96.000
CT	341	66	125	125.000
CT	340	65	125	125.000
CT	339	55	103	103.000
CT	338	53	100	100.000
CT	337	69	136	136.000
CT	336	57	115	115.000
CT	335	77	139	139.000
CT	334	93	182	182.000
CT	333	72	135	135.000
CT	332	80	168	168.000
CT	331	65	123	123.000
CT	330	85	173	173.000
CT	329	102	207	207.000
CT	328	90	173	173.000
CT	327	92	177	177.000
CT	326	110	193	193.000
CT	325	115	217	217.000
CT	324	124	217	217.000
CT	323	133	240	240.000
CT	322	140	245	245.000
CT	321	130	231	231.000
CT	320	166	292	292.000
CT	319	121	201	201.000
CT	318	123	220	220.000
CT	317	136	260	260.000
CT	316	148	270	270.000
CT	315	146	257	257.000
CT	314	125	219	219.000
CT	313	139	231	231.000
CT	312	147	246	246.000
CT	311	166	295	295.000
CT	310	162	290	290.000
CT	309	158	278	278.000
CT	308	152	254	254.000
CT	307	159	246	246.000
CT	306	197	296	296.000
CT	305	209	314	314.000
CT	304	217	325	325.000
CT	303	208	312	312.000
CT	302	244	364	364.000
CT	301	250	354	354.000
CT	300	234	346	346.000
CT	299	233	316	316.000
CT	298	270	391	391.000
CT	297	245	343	343.000
CT	296	263	352	352.000
CT	295	294	384	384.000
CT	294	305	414	414.000
CT	293	310	420	420.000
CT	292	356	447	447.000
CT	291	350	451	451.000
CT	290	389	486	486.000
CT	289	357	455	455.000
CT	288	358	449	449.000
CT	287	393	482	482.000
CT	286	444	547	547.000
CT	285	414	491	491.000
CT	284	444	534	534.000
CT	283	469	559	559.000
CT	282	561	632	632.000
CT	281	543	629	629.000
CT	280	595	704	704.000
CT	279	606	702	702.000
CT	278	635	721	721.000
CT	277	727	801	801.000
CT	276	717	800	800.000
CT	275	749	848	848.000
CT	274	827	931	931.000
CT	273	838	913	913.000
CT	272	868	944	944.000
CT	271	981	1048	1048.000
CT	270	954	1027	1027.000
CT	269	1039	1100	1100.000
CT	268	1083	1164	1164.000
CT	267	1147	1219	1219.000
CT	266	1226	1286	1286.000
CT	265	1314	1372	1372.000
CT	264	1380	1436	1436.000
CT	263	1419	1483	1483.000
CT	262	1506	1581	1581.000
CT	261	1724	1811	1811.000
CT	260	1710	1754	1754.000
CT	259	1828	1914	1914.000
CT	258	1925	2014	2014.000
CT	257	1990	2068	2068.000
CT	256	2132	2211	2211.000
CT	255	2244	2320	2320.000
CT	254	2387	2446	2446.000
CT	253	2538	2600	2600.000
CT	252	2756	2828	2828.000
CT	251	3072	3144	3144.000
CT	250	3106	3186	3186.000
CT	249	3315	3380	3380.000
CT	248	3607	3670	3670.000
CT	247	3886	3955	3955.000
CT	246	4119	4209	4209.000
CT	245	4223	4278	4278.000
CT	244	4554	4629	4629.000
CT	243	4601	4676	4676.000
CT	242	4911	4975	4975.000
CT	241	5005	5072	5072.000
CT	240	5313	5385	5385.000
CT	239	5773	5849	5849.000
CT	238	6105	6171	6171.000
CT	237	6486	6549	6549.000
CT	236	6814	6877	6877.000
CT	235	7261	7303	7303.000
CT	234	7339	7411	7411.000
CT	233	8024	8072	8072.000
CT	232	8331	8400	8400.000
CT	231	8845	8915	8915.000
CT	230	9334	9405	9405.000
CT	229	9917	9993	9993.000
CT	228	10255	10294	10294.000
CT	227	10783	10837	10837.000
CT	226	11521	11577	11577.000
CT	225	11756	11831	11831.000
CT	224	12352	12402	12402.000
CT	223	12879	12943	12943.000
CT	222	13573	13630	13630.000
CT	221	14252	14339	14339.000
CT	220	15123	15198	15198.000
CT	219	15749	15819	15819.000
CT	218	16553	16629	16629.000
CT	217	17162	17269	17269.000
CT	216	18182	18249	18249.000
CT	215	18735	18804	18804.000
CT	214	19640	19704	19704.000
CT	213	20286	20333	20333.000
CT	212	21138	21217	21217.000
CT	211	22223	22285	22285.000
CT	210	22981	23049	23049.000
CT	209	24097	24149	24149.000
CT	208	24976	25043	25043.000
CT	207	26252	26300	26300.000
CT	206	27081	27132	27132.000
CT	205	28247	28291	28291.000
CT	204	29094	29128	29128.000
CT	203	30117	30164	30164.000
CT	202	31160	31197	31197.000
CT	201	31853	31913	31913.000
CT	200	33491	33544	33544.000
CT	199	34373	34409	34409.000
CT	198	35522	35568	35568.000
CT	197	37205	37261	37261.000
CT	196	38072	38125	38125.000
CT	195	39435	39448	39448.000
CT	194	40744	40755	40755.000
CT	193	41373	41399	41399.000
CT	192	42800	42849	42849.000
CT	191	43915	43947	43947.000
CT	190	45835	45859	45859.000
CT	189	46986	47023	47023.000
CT	188	47991	48035	48035.000
CT	187	49486	49532	49532.000
CT	186	50558	50598	50598.000
CT	185	51621	51643	51643.000
CT	184	52691	52732	52732.000
CT	183	54016	54074	54074.000
CT	182	55482	55542	55542.000
CT	181	56248	56296	56296.000
CT	180	57325	57379	57379.000
CT	179	58373	58411	58411.000
CT	178	60162	60203	60203.000
CT	177	60682	60709	60709.000
CT	176	62328	62377	62377.000
CT	175	62994	63023	63023.000
CT	174	64286	64317	64317.000
CT	173	65321	65352	65352.000
CT	172	66262	66295	66295.000
CT	171	67250	67281	67281.000
CT	170	68177	68209	68209.000
CT	169	68669	68699	68699.000
CT	168	69537	69549	69549.000
CT	167	70447	70450	70450.000
CT	166	70641	70658	70658.000
CT	165	71217	71230	71230.000
CT	164	71791	71804	71804.000
CT	163	72629	72643	72643.000
CT	162	72785	72812	72812.000
CT	161	73776	73792	73792.000
CT	160	74162	74174	74174.000
CT	159	73957	73962	73962.000
CT	158	74277	74294	74294.000
CT	157	74423	74431	74431.000
CT	156	74293	74309	74309.000
CT	155	74491	74497	74497.000
CT	154	73686	73696	73696.000
CT	153	73715	73721	73721.000
CT	152	73463	73465	73465.000
CT	151	73426	73437	73437.000
CT	150	73124	73121	73121.000
CT	149	72086	72104	72104.000
CT	148	72015	72012	72012.000
CT	147	70816	70809	70809.000
CT	146	69361	69370	69370.000
CT	145	69295	69294	69294.000
CT	144	68188	68188	68188.000
CT	143	67557	67554	67554.000
CT	142	66727	66718	66718.000
CT	141	64848	64852	64852.000
CT	140	63999	64001	64001.000
CT	139	62712	62708	62708.000
CT	138	61768	61762	61762.000
CT	137	60309	60305	60305.000
CT	136	58731	58737	58737.000
CT	135	57135	57109	57109.000
CT	134	55571	55549	55549.000
CT	133	54077	54064	54064.000
CT	132	52129	52111	52111.000
CT	131	51338	51330	51330.000
CT	130	49599	49588	49588.000
CT	129	48410	48400	48400.000
CT	128	46497	46480	46480.000
CT	127	45236	45232	45232.000
CT	126	43930	43920	43920.000
CT	125	42428	42415	42415.000
CT	124	40771	40769	40769.000
CT	123	39535	39532	39532.000
CT	122	38060	38069	38069.000
CT	121	37131	37137	37137.000
CT	120	35665	35649	35649.000
CT	119	33886	33882	33882.000
CT	118	32326	32310	32310.000
CT	117	30926	30939	30939.000
CT	116	29596	29593	29593.000
CT	115	28462	28460	28460.000
CT	114	27222	27218	27218.000
CT	113	25573	25562	25562.000
CT	112	24337	24323	24323.000
CT	111	23027	23017	23017.000
CT	110	21988	21969	21969.000
CT	109	21080	21073	21073.000
CT	108	20051	20041	20041.000
CT	107	18715	18708	18708.000
CT	106	17723	17714	17714.000
CT	105	16328	16309	16309.000
CT	104	15676	15673	15673.000
CT	103	14763	14759	14759.000
CT	102	14173	14153	14153.000
CT	101	13412	13401	13401.000
CT	100	12921	12910	12910.000
CT	99	12299	12291	12291.000
CT	98	11505	11500	11500.000
CT	97	10614	10606	10606.000
CT	96	9854	9840	9840.000
CT	95	9247	9240	9240.000
CT	94	8733	8726	8726.000
CT	93	8114	8105	8105.000
CT	92	7522	7496	7496.000
CT	91	7123	7097	7097.000
CT	90	6559	6535	6535.000
CT	89	6260	6229	6229.000
CT	88	5852	5836	5836.000
CT	87	5457	5427	5427.000
CT	86	5179	5152	5152.000
CT	85	4753	4707	4707.000
CT	84	4471	4430	4430.000
CT	83	4132	4104	4104.000
CT	82	3855	3824	3824.000
CT	81	3434	3404	3404.000
CT	80	3130	3092	3092.000
CT	79	2971	2939	2939.000
CT	78	2669	2641	2641.000
CT	77	2538	2508	2508.000
CT	76	2320	2295	2295.000
CT	75	2028	1988	1988.000
CT	74	1956	1910	1910.000
CT	73	1808	1772	1772.000
CT	72	1772	1731	1731.000
CT	71	1507	1482	1482.000
CT	70	1424	1383	1383.000
CT	69	1283	1245	1245.000
CT	68	1288	1258	1258.000
CT	67	1025	1004	1004.000
CT	66	1027	1003	1003.000
CT	65	980	935	935.000
CT	64	863	835	835.000
CT	63	744	706	706.000
CT	62	719	680	680.000
CT	61	679	630	630.000
CT	60	623	582	582.000
CT	59	573	520	520.000
CT	58	535	485	485.000
CT	57	454	404	404.000
CT	56	467	393	393.000
CT	55	484	429	429.000
CT	54	407	356	356.000
CT	53	364	317	317.000
CT	52	337	272	272.000
CT	51	322	250	250.000
CT	50	266	208	208.000
CT	49	294	210	210.000
CT	48	299	214	214.000
CT	47	297	186	186.000
CT	46	285	177	177.000
CT	45	259	152	152.000
CT	44	270	159	159.000
CT	43	254	145	145.000
CT	42	229	123	123.000
CT	41	215	99	99.000
CT	40	213	88	88.000
CT	39	230	98	98.000
CT	38	233	78	78.000
CT	37	217	64	64.000
CT	36	226	65	65.000
CT	35	234	58	58.000
CT	34	293	66	66.000
CT	33	289	43	43.000
CT	32	303	53	53.000
CT	31	291	48	48.000
CT	30	304	30	30.000
CT	29	323	27	27.000
CT	28	383	33	33.000
CT	27	452	26	26.000
CT	26	492	34	34.000
CT	25	481	17	17.000
CT	24	613	5	5.000
CT	23	598	6	6.000
CT	22	682	3	3.000
CT	21	813	8	8.000
CT	20	989	7	7.000
CT	19	1127	9	9.000
CT	18	1367	14	14.000
CT	17	1669	23	23.000
CT	16	1988	12	12.000
CT	15	2587	10	10.000
CT	14	3125	7	7.000
CT	13	4143	2	1.999
CT	12	5129	4	3.999
CT	11	6719	0	0.000
CT	10	9750	0	0.000
CT	9	14006	0	0.000
CT	8	21986	0	0.000
CT	7	37887	0	0.000
CT	6	71997	0	0.000
CT	5	155016	0	0.000
CT	4	411743	4	3.942
CT	3	1376003	0	0.000
CT	2	8452461	1	-nan
CT	1	0	0	-nan
CT	0	0	222	-nan
FR	1.41e-07	0
ER	6231355	0.000
CV	1.000
QV	59.396	59.396
