HS	1023	0	10057	10057
HS	1022	0	18	10075
HS	1021	0	16	10091
HS	1020	0	19	10110
HS	1019	0	13	10123
HS	1018	0	14	10137
HS	1017	0	21	10158
HS	1016	0	16	10174
HS	1015	0	21	10195
HS	1014	0	24	10219
HS	1013	0	22	10241
HS	1012	0	23	10264
HS	1011	0	22	10286
HS	1010	0	15	10301
HS	1009	0	13	10314
HS	1008	0	16	10330
HS	1007	0	20	10350
HS	1006	0	18	10368
HS	1005	0	15	10383
HS	1004	0	13	10396
HS	1003	0	26	10422
HS	1002	0	15	10437
HS	1001	0	15	10452
HS	1000	0	18	10470
HS	999	0	13	10483
HS	998	0	10	10493
HS	997	0	20	10513
HS	996	0	22	10535
HS	995	0	10	10545
HS	994	0	15	10560
HS	993	0	8	10568
HS	992	0	20	10588
HS	991	0	13	10601
HS	990	0	14	10615
HS	989	0	15	10630
HS	988	0	21	10651
HS	987	0	20	10671
HS	986	0	16	10687
HS	985	0	14	10701
HS	984	0	18	10719
HS	983	0	14	10733
HS	982	0	14	10747
HS	981	0	26	10773
HS	980	0	23	10796
HS	979	0	28	10824
HS	978	0	27	10851
HS	977	0	26	10877
HS	976	0	18	10895
HS	975	0	26	10921
HS	974	0	23	10944
HS	973	0	32	10976
HS	972	0	26	11002
HS	971	0	26	11028
HS	970	0	27	11055
HS	969	0	26	11081
HS	968	0	28	11109
HS	967	0	19	11128
HS	966	0	23	11151
HS	965	0	24	11175
HS	964	0	21	11196
HS	963	0	28	11224
HS	962	0	31	11255
HS	961	0	27	11282
HS	960	0	32	11314
HS	959	0	30	11344
HS	958	0	27	11371
HS	957	0	34	11405
HS	956	0	19	11424
HS	955	0	17	11441
HS	954	0	34	11475
HS	953	0	35	11510
HS	952	0	29	11539
HS	951	0	27	11566
HS	950	0	33	11599
HS	949	0	23	11622
HS	948	0	22	11644
HS	947	0	27	11671
HS	946	0	21	11692
HS	945	0	20	11712
HS	944	0	26	11738
HS	943	0	22	11760
HS	942	0	21	11781
HS	941	0	22	11803
HS	940	0	26	11829
HS	939	0	27	11856
HS	938	0	41	11897
HS	937	0	29	11926
HS	936	0	21	11947
HS	935	0	27	11974
HS	934	0	30	12004
HS	933	0	26	12030
HS	932	0	31	12061
HS	931	0	28	12089
HS	930	0	21	12110
HS	929	0	29	12139
HS	928	0	32	12171
HS	927	0	43	12214
HS	926	0	32	12246
HS	925	0	27	12273
HS	924	0	34	12307
HS	923	0	32	12339
HS	922	0	34	12373
HS	921	0	19	12392
HS	920	0	26	12418
HS	919	0	31	12449
HS	918	0	31	12480
HS	917	0	26	12506
HS	916	0	31	12537
HS	915	0	35	12572
HS	914	0	27	12599
HS	913	0	29	12628
HS	912	0	34	12662
HS	911	0	37	12699
HS	910	0	24	12723
HS	909	0	25	12748
HS	908	0	34	12782
HS	907	0	35	12817
HS	906	0	26	12843
HS	905	0	39	12882
HS	904	0	29	12911
HS	903	0	28	12939
HS	902	0	41	12980
HS	901	0	36	13016
HS	900	0	29	13045
HS	899	0	34	13079
HS	898	0	40	13119
HS	897	0	26	13145
HS	896	0	33	13178
HS	895	0	31	13209
HS	894	0	30	13239
HS	893	0	35	13274
HS	892	0	31	13305
HS	891	0	39	13344
HS	890	0	27	13371
HS	889	0	34	13405
HS	888	0	27	13432
HS	887	0	23	13455
HS	886	0	17	13472
HS	885	0	40	13512
HS	884	0	42	13554
HS	883	0	38	13592
HS	882	0	28	13620
HS	881	0	28	13648
HS	880	0	38	13686
HS	879	0	43	13729
HS	878	0	34	13763
HS	877	0	37	13800
HS	876	0	44	13844
HS	875	0	48	13892
HS	874	0	44	13936
HS	873	0	36	13972
HS	872	0	41	14013
HS	871	0	47	14060
HS	870	0	58	14118
HS	869	0	53	14171
HS	868	0	40	14211
HS	867	0	43	14254
HS	866	0	40	14294
HS	865	0	56	14350
HS	864	0	39	14389
HS	863	0	45	14434
HS	862	0	39	14473
HS	861	0	47	14520
HS	860	0	51	14571
HS	859	0	40	14611
HS	858	0	50	14661
HS	857	0	47	14708
HS	856	0	51	14759
HS	855	0	51	14810
HS	854	0	37	14847
HS	853	0	50	14897
HS	852	0	42	14939
HS	851	0	49	14988
HS	850	0	60	15048
HS	849	0	60	15108
HS	848	0	62	15170
HS	847	0	60	15230
HS	846	0	56	15286
HS	845	0	49	15335
HS	844	0	67	15402
HS	843	0	68	15470
HS	842	0	59	15529
HS	841	0	51	15580
HS	840	0	57	15637
HS	839	0	50	15687
HS	838	0	65	15752
HS	837	0	64	15816
HS	836	0	66	15882
HS	835	0	60	15942
HS	834	0	65	16007
HS	833	0	56	16063
HS	832	0	55	16118
HS	831	0	55	16173
HS	830	0	65	16238
HS	829	0	59	16297
HS	828	0	51	16348
HS	827	0	60	16408
HS	826	0	50	16458
HS	825	0	69	16527
HS	824	0	68	16595
HS	823	0	72	16667
HS	822	0	75	16742
HS	821	0	64	16806
HS	820	0	65	16871
HS	819	0	68	16939
HS	818	0	60	16999
HS	817	0	57	17056
HS	816	0	58	17114
HS	815	0	69	17183
HS	814	0	77	17260
HS	813	0	67	17327
HS	812	0	48	17375
HS	811	0	62	17437
HS	810	0	66	17503
HS	809	0	85	17588
HS	808	0	62	17650
HS	807	0	69	17719
HS	806	0	70	17789
HS	805	0	83	17872
HS	804	0	52	17924
HS	803	0	69	17993
HS	802	0	70	18063
HS	801	0	81	18144
HS	800	0	78	18222
HS	799	0	90	18312
HS	798	0	69	18381
HS	797	0	81	18462
HS	796	0	92	18554
HS	795	0	84	18638
HS	794	0	92	18730
HS	793	0	86	18816
HS	792	0	101	18917
HS	791	0	84	19001
HS	790	0	91	19092
HS	789	0	90	19182
HS	788	0	91	19273
HS	787	0	88	19361
HS	786	0	106	19467
HS	785	0	97	19564
HS	784	0	94	19658
HS	783	0	101	19759
HS	782	0	96	19855
HS	781	0	111	19966
HS	780	0	93	20059
HS	779	0	102	20161
HS	778	0	104	20265
HS	777	0	111	20376
HS	776	0	112	20488
HS	775	0	109	20597
HS	774	0	106	20703
HS	773	0	111	20814
HS	772	0	112	20926
HS	771	0	112	21038
HS	770	0	135	21173
HS	769	0	117	21290
HS	768	0	124	21414
HS	767	0	123	21537
HS	766	0	149	21686
HS	765	0	128	21814
HS	764	0	121	21935
HS	763	0	125	22060
HS	762	0	128	22188
HS	761	0	129	22317
HS	760	0	111	22428
HS	759	0	136	22564
HS	758	0	132	22696
HS	757	0	131	22827
HS	756	0	155	22982
HS	755	0	150	23132
HS	754	0	135	23267
HS	753	0	169	23436
HS	752	0	144	23580
HS	751	0	167	23747
HS	750	0	190	23937
HS	749	0	158	24095
HS	748	0	142	24237
HS	747	0	157	24394
HS	746	0	185	24579
HS	745	0	180	24759
HS	744	0	155	24914
HS	743	0	163	25077
HS	742	0	183	25260
HS	741	0	167	25427
HS	740	0	178	25605
HS	739	0	162	25767
HS	738	0	169	25936
HS	737	0	155	26091
HS	736	0	196	26287
HS	735	0	208	26495
HS	734	0	209	26704
HS	733	0	189	26893
HS	732	0	204	27097
HS	731	0	193	27290
HS	730	0	210	27500
HS	729	0	228	27728
HS	728	0	204	27932
HS	727	0	187	28119
HS	726	0	206	28325
HS	725	0	214	28539
HS	724	0	217	28756
HS	723	0	249	29005
HS	722	0	247	29252
HS	721	0	220	29472
HS	720	0	215	29687
HS	719	0	253	29940
HS	718	0	223	30163
HS	717	0	251	30414
HS	716	0	252	30666
HS	715	0	225	30891
HS	714	0	246	31137
HS	713	0	208	31345
HS	712	0	255	31600
HS	711	0	252	31852
HS	710	0	240	32092
HS	709	0	254	32346
HS	708	0	238	32584
HS	707	0	297	32881
HS	706	0	300	33181
HS	705	0	299	33480
HS	704	0	265	33745
HS	703	0	285	34030
HS	702	0	289	34319
HS	701	0	297	34616
HS	700	0	278	34894
HS	699	0	308	35202
HS	698	0	299	35501
HS	697	0	310	35811
HS	696	0	297	36108
HS	695	0	295	36403
HS	694	0	331	36734
HS	693	0	291	37025
HS	692	0	307	37332
HS	691	0	280	37612
HS	690	0	297	37909
HS	689	0	281	38190
HS	688	0	308	38498
HS	687	0	236	38734
HS	686	0	281	39015
HS	685	0	294	39309
HS	684	0	279	39588
HS	683	0	263	39851
HS	682	0	305	40156
HS	681	0	294	40450
HS	680	0	310	40760
HS	679	0	281	41041
HS	678	0	328	41369
HS	677	0	322	41691
HS	676	0	366	42057
HS	675	0	347	42404
HS	674	0	358	42762
HS	673	0	359	43121
HS	672	0	347	43468
HS	671	0	354	43822
HS	670	0	378	44200
HS	669	0	383	44583
HS	668	0	374	44957
HS	667	0	366	45323
HS	666	0	372	45695
HS	665	0	367	46062
HS	664	0	401	46463
HS	663	0	335	46798
HS	662	0	397	47195
HS	661	0	323	47518
HS	660	0	353	47871
HS	659	0	379	48250
HS	658	0	329	48579
HS	657	0	429	49008
HS	656	0	392	49400
HS	655	0	380	49780
HS	654	0	447	50227
HS	653	0	435	50662
HS	652	0	430	51092
HS	651	0	412	51504
HS	650	0	473	51977
HS	649	0	445	52422
HS	648	0	470	52892
HS	647	0	434	53326
HS	646	0	485	53811
HS	645	0	438	54249
HS	644	0	446	54695
HS	643	0	489	55184
HS	642	0	445	55629
HS	641	0	425	56054
HS	640	0	456	56510
HS	639	0	486	56996
HS	638	0	471	57467
HS	637	0	472	57939
HS	636	0	484	58423
HS	635	0	492	58915
HS	634	0	457	59372
HS	633	0	507	59879
HS	632	0	512	60391
HS	631	0	550	60941
HS	630	0	549	61490
HS	629	0	507	61997
HS	628	0	545	62542
HS	627	0	537	63079
HS	626	0	562	63641
HS	625	0	560	64201
HS	624	0	551	64752
HS	623	0	562	65314
HS	622	0	602	65916
HS	621	0	542	66458
HS	620	0	624	67082
HS	619	0	611	67693
HS	618	0	593	68286
HS	617	0	603	68889
HS	616	0	575	69464
HS	615	0	630	70094
HS	614	0	630	70724
HS	613	0	537	71261
HS	612	0	598	71859
HS	611	0	627	72486
HS	610	0	616	73102
HS	609	0	594	73696
HS	608	0	605	74301
HS	607	0	644	74945
HS	606	0	663	75608
HS	605	0	604	76212
HS	604	0	626	76838
HS	603	0	678	77516
HS	602	0	678	78194
HS	601	0	649	78843
HS	600	0	694	79537
HS	599	0	676	80213
HS	598	0	708	80921
HS	597	0	715	81636
HS	596	0	746	82382
HS	595	0	733	83115
HS	594	0	710	83825
HS	593	0	670	84495
HS	592	0	772	85267
HS	591	0	804	86071
HS	590	0	767	86838
HS	589	0	763	87601
HS	588	0	745	88346
HS	587	0	771	89117
HS	586	0	787	89904
HS	585	0	792	90696
HS	584	0	737	91433
HS	583	0	757	92190
HS	582	0	778	92968
HS	581	0	801	93769
HS	580	0	791	94560
HS	579	0	767	95327
HS	578	0	813	96140
HS	577	0	838	96978
HS	576	0	806	97784
HS	575	0	858	98642
HS	574	0	854	99496
HS	573	0	850	100346
HS	572	0	837	101183
HS	571	0	839	102022
HS	570	0	879	102901
HS	569	0	862	103763
HS	568	0	828	104591
HS	567	0	833	105424
HS	566	0	891	106315
HS	565	0	853	107168
HS	564	0	792	107960
HS	563	0	851	108811
HS	562	0	886	109697
HS	561	0	900	110597
HS	560	0	885	111482
HS	559	0	918	112400
HS	558	0	901	113301
HS	557	0	890	114191
HS	556	0	966	115157
HS	555	0	931	116088
HS	554	0	989	117077
HS	553	0	986	118063
HS	552	0	953	119016
HS	551	0	940	119956
HS	550	0	946	120902
HS	549	0	930	121832
HS	548	0	1026	122858
HS	547	0	983	123841
HS	546	0	974	124815
HS	545	0	950	125765
HS	544	0	962	126727
HS	543	0	958	127685
HS	542	0	959	128644
HS	541	0	971	129615
HS	540	0	1119	130734
HS	539	0	973	131707
HS	538	0	1031	132738
HS	537	0	1044	133782
HS	536	0	1039	134821
HS	535	0	1044	135865
HS	534	0	1040	136905
HS	533	0	1055	137960
HS	532	0	1051	139011
HS	531	0	1065	140076
HS	530	0	1058	141134
HS	529	0	1035	142169
HS	528	0	1061	143230
HS	527	0	1092	144322
HS	526	0	1104	145426
HS	525	0	1114	146540
HS	524	0	1131	147671
HS	523	0	1143	148814
HS	522	0	1101	149915
HS	521	0	1082	150997
HS	520	0	1071	152068
HS	519	0	1097	153165
HS	518	0	1101	154266
HS	517	0	1155	155421
HS	516	0	1138	156559
HS	515	0	1124	157683
HS	514	0	1154	158837
HS	513	0	1209	160046
HS	512	0	1144	161190
HS	511	0	1157	162347
HS	510	0	1219	163566
HS	509	0	1168	164734
HS	508	0	1165	165899
HS	507	0	1226	167125
HS	506	0	1245	168370
HS	505	0	1147	169517
HS	504	0	1180	170697
HS	503	0	1178	171875
HS	502	0	1229	173104
HS	501	0	1207	174311
HS	500	0	1184	175495
HS	499	0	1214	176709
HS	498	0	1128	177837
HS	497	0	1167	179004
HS	496	0	1148	180152
HS	495	0	1191	181343
HS	494	0	1163	182506
HS	493	0	1142	183648
HS	492	0	1191	184839
HS	491	0	1148	185987
HS	490	0	1159	187146
HS	489	0	1181	188327
HS	488	0	1138	189465
HS	487	0	1125	190590
HS	486	0	1207	191797
HS	485	0	1135	192932
HS	484	0	1230	194162
HS	483	0	1241	195403
HS	482	0	1128	196531
HS	481	0	1213	197744
HS	480	0	1253	198997
HS	479	0	1202	200199
HS	478	0	1261	201460
HS	477	0	1203	202663
HS	476	0	1278	203941
HS	475	0	1367	205308
HS	474	0	1300	206608
HS	473	0	1263	207871
HS	472	0	1269	209140
HS	471	0	1350	210490
HS	470	0	1330	211820
HS	469	0	1310	213130
HS	468	0	1298	214428
HS	467	0	1345	215773
HS	466	0	1361	217134
HS	465	0	1326	218460
HS	464	0	1352	219812
HS	463	0	1286	221098
HS	462	0	1285	222383
HS	461	0	1250	223633
HS	460	0	1344	224977
HS	459	0	1318	226295
HS	458	0	1309	227604
HS	457	0	1342	228946
HS	456	0	1338	230284
HS	455	0	1355	231639
HS	454	0	1332	232971
HS	453	0	1321	234292
HS	452	0	1270	235562
HS	451	0	1339	236901
HS	450	0	1389	238290
HS	449	0	1445	239735
HS	448	0	1414	241149
HS	447	0	1336	242485
HS	446	0	1362	243847
HS	445	0	1324	245171
HS	444	0	1413	246584
HS	443	0	1336	247920
HS	442	0	1417	249337
HS	441	0	1455	250792
HS	440	0	1334	252126
HS	439	0	1333	253459
HS	438	0	1330	254789
HS	437	0	1377	256166
HS	436	0	1347	257513
HS	435	0	1373	258886
HS	434	0	1435	260321
HS	433	0	1346	261667
HS	432	0	1432	263099
HS	431	0	1350	264449
HS	430	0	1453	265902
HS	429	0	1409	267311
HS	428	0	1357	268668
HS	427	0	1354	270022
HS	426	0	1427	271449
HS	425	0	1319	272768
HS	424	0	1413	274181
HS	423	0	1317	275498
HS	422	0	1392	276890
HS	421	0	1340	278230
HS	420	0	1338	279568
HS	419	0	1379	280947
HS	418	0	1278	282225
HS	417	0	1324	283549
HS	416	0	1336	284885
HS	415	0	1351	286236
HS	414	0	1370	287606
HS	413	0	1288	288894
HS	412	0	1256	290150
HS	411	0	1250	291400
HS	410	0	1286	292686
HS	409	0	1296	293982
HS	408	0	1348	295330
HS	407	0	1255	296585
HS	406	0	1266	297851
HS	405	0	1308	299159
HS	404	0	1336	300495
HS	403	0	1230	301725
HS	402	0	1274	302999
HS	401	0	1237	304236
HS	400	0	1221	305457
HS	399	0	1266	306723
HS	398	0	1212	307935
HS	397	0	1302	309237
HS	396	0	1301	310538
HS	395	0	1219	311757
HS	394	0	1331	313088
HS	393	0	1243	314331
HS	392	0	1281	315612
HS	391	0	1274	316886
HS	390	0	1263	318149
HS	389	0	1258	319407
HS	388	0	1236	320643
HS	387	0	1243	321886
HS	386	0	1300	323186
HS	385	0	1244	324430
HS	384	0	1321	325751
HS	383	0	1279	327030
HS	382	0	1183	328213
HS	381	0	1219	329432
HS	380	0	1184	330616
HS	379	0	1238	331854
HS	378	0	1195	333049
HS	377	0	1194	334243
HS	376	0	1189	335432
HS	375	0	1210	336642
HS	374	0	1149	337791
HS	373	0	1102	338893
HS	372	0	1105	339998
HS	371	0	1117	341115
HS	370	0	1146	342261
HS	369	0	1102	343363
HS	368	0	1082	344445
HS	367	0	1049	345494
HS	366	0	1120	346614
HS	365	0	1093	347707
HS	364	0	1114	348821
HS	363	0	1060	349881
HS	362	0	1052	350933
HS	361	0	1055	351988
HS	360	0	1060	353048
HS	359	0	979	354027
HS	358	0	1079	355106
HS	357	0	1018	356124
HS	356	0	900	357024
HS	355	0	1018	358042
HS	354	0	998	359040
HS	353	0	969	360009
HS	352	0	1010	361019
HS	351	0	1017	362036
HS	350	0	975	363011
HS	349	0	935	363946
HS	348	0	913	364859
HS	347	0	885	365744
HS	346	0	887	366631
HS	345	0	921	367552
HS	344	0	895	368447
HS	343	0	827	369274
HS	342	0	822	370096
HS	341	0	746	370842
HS	340	0	789	371631
HS	339	0	792	372423
HS	338	0	753	373176
HS	337	0	772	373948
HS	336	0	739	374687
HS	335	0	701	375388
HS	334	0	710	376098
HS	333	0	702	376800
HS	332	0	693	377493
HS	331	0	692	378185
HS	330	0	671	378856
HS	329	0	693	379549
HS	328	0	687	380236
HS	327	0	626	380862
HS	326	0	607	381469
HS	325	0	656	382125
HS	324	0	636	382761
HS	323	0	622	383383
HS	322	0	626	384009
HS	321	0	579	384588
HS	320	0	604	385192
HS	319	0	608	385800
HS	318	0	630	386430
HS	317	0	625	387055
HS	316	0	599	387654
HS	315	0	638	388292
HS	314	0	573	388865
HS	313	0	603	389468
HS	312	0	600	390068
HS	311	0	655	390723
HS	310	0	591	391314
HS	309	0	612	391926
HS	308	0	573	392499
HS	307	0	557	393056
HS	306	0	541	393597
HS	305	0	516	394113
HS	304	0	535	394648
HS	303	0	544	395192
HS	302	0	577	395769
HS	301	0	514	396283
HS	300	0	517	396800
HS	299	0	515	397315
HS	298	0	513	397828
HS	297	0	507	398335
HS	296	0	528	398863
HS	295	0	562	399425
HS	294	0	479	399904
HS	293	0	463	400367
HS	292	0	424	400791
HS	291	0	435	401226
HS	290	0	425	401651
HS	289	0	404	402055
HS	288	0	463	402518
HS	287	0	422	402940
HS	286	0	478	403418
HS	285	0	455	403873
HS	284	0	473	404346
HS	283	0	478	404824
HS	282	0	452	405276
HS	281	0	456	405732
HS	280	0	483	406215
HS	279	0	449	406664
HS	278	0	444	407108
HS	277	0	473	407581
HS	276	0	468	408049
HS	275	0	430	408479
HS	274	0	462	408941
HS	273	0	439	409380
HS	272	0	452	409832
HS	271	0	454	410286
HS	270	0	442	410728
HS	269	0	422	411150
HS	268	0	441	411591
HS	267	0	423	412014
HS	266	0	440	412454
HS	265	0	479	412933
HS	264	0	492	413425
HS	263	0	483	413908
HS	262	0	519	414427
HS	261	0	547	414974
HS	260	0	537	415511
HS	259	0	557	416068
HS	258	0	577	416645
HS	257	0	581	417226
HS	256	0	597	417823
HS	255	0	658	418481
HS	254	0	704	419185
HS	253	0	695	419880
HS	252	0	732	420612
HS	251	0	767	421379
HS	250	0	770	422149
HS	249	0	825	422974
HS	248	0	888	423862
HS	247	0	833	424695
HS	246	0	913	425608
HS	245	0	988	426596
HS	244	0	1025	427621
HS	243	0	1078	428699
HS	242	0	1166	429865
HS	241	0	1272	431137
HS	240	0	1282	432419
HS	239	0	1315	433734
HS	238	0	1360	435094
HS	237	0	1467	436561
HS	236	0	1592	438153
HS	235	0	1740	439893
HS	234	0	1768	441661
HS	233	0	1849	443510
HS	232	0	1925	445435
HS	231	0	2028	447463
HS	230	0	2260	449723
HS	229	0	2228	451951
HS	228	0	2421	454372
HS	227	0	2427	456799
HS	226	0	2684	459483
HS	225	0	2817	462300
HS	224	0	3006	465306
HS	223	0	3150	468456
HS	222	0	3309	471765
HS	221	0	3627	475392
HS	220	0	3787	479179
HS	219	0	4064	483243
HS	218	0	4355	487598
HS	217	0	4570	492168
HS	216	0	4871	497039
HS	215	0	4973	502012
HS	214	0	5330	507342
HS	213	0	5675	513017
HS	212	0	6029	519046
HS	211	0	6232	525278
HS	210	0	6691	531969
HS	209	0	7153	539122
HS	208	0	7392	546514
HS	207	0	7893	554407
HS	206	0	8178	562585
HS	205	0	8818	571403
HS	204	0	9270	580673
HS	203	0	9633	590306
HS	202	0	10093	600399
HS	201	0	10683	611082
HS	200	0	11140	622222
HS	199	0	11558	633780
HS	198	0	12151	645931
HS	197	0	12746	658677
HS	196	0	13678	672355
HS	195	0	14271	686626
HS	194	0	14940	701566
HS	193	0	15959	717525
HS	192	0	16490	734015
HS	191	0	17571	751586
HS	190	0	18018	769604
HS	189	0	18840	788444
HS	188	0	19476	807920
HS	187	0	20387	828307
HS	186	0	20975	849282
HS	185	0	22304	871586
HS	184	0	22936	894522
HS	183	0	24301	918823
HS	182	0	25241	944064
HS	181	0	26415	970479
HS	180	0	27343	997822
HS	179	0	28590	1026412
HS	178	0	29507	1055919
HS	177	0	30278	1086197
HS	176	0	31579	1117776
HS	175	0	32336	1150112
HS	174	0	33091	1183203
HS	173	0	34737	1217940
HS	172	0	35864	1253804
HS	171	0	36739	1290543
HS	170	0	38207	1328750
HS	169	0	39449	1368199
HS	168	0	40474	1408673
HS	167	0	41751	1450424
HS	166	0	42731	1493155
HS	165	0	44523	1537678
HS	164	0	44715	1582393
HS	163	0	45924	1628317
HS	162	0	46975	1675292
HS	161	0	47955	1723247
HS	160	0	49451	1772698
HS	159	0	50322	1823020
HS	158	0	51456	1874476
HS	157	0	52387	1926863
HS	156	0	53635	1980498
HS	155	0	54769	2035267
HS	154	0	55732	2090999
HS	153	0	56861	2147860
HS	152	0	58148	2206008
HS	151	0	58251	2264259
HS	150	0	59324	2323583
HS	149	0	59523	2383106
HS	148	0	60215	2443321
HS	147	0	60840	2504161
HS	146	0	61457	2565618
HS	145	0	62152	2627770
HS	144	0	62369	2690139
HS	143	0	62573	2752712
HS	142	0	62921	2815633
HS	141	0	64021	2879654
HS	140	0	64471	2944125
HS	139	0	64599	3008724
HS	138	0	64744	3073468
HS	137	0	64894	3138362
HS	136	0	64811	3203173
HS	135	0	64944	3268117
HS	134	0	64832	3332949
HS	133	0	64528	3397477
HS	132	0	63961	3461438
HS	131	0	63243	3524681
HS	130	0	62776	3587457
HS	129	0	62238	3649695
HS	128	0	61772	3711467
HS	127	0	60316	3771783
HS	126	0	59767	3831550
HS	125	0	58383	3889933
HS	124	0	58709	3948642
HS	123	0	57808	4006450
HS	122	0	56535	4062985
HS	121	0	56035	4119020
HS	120	0	55114	4174134
HS	119	0	54030	4228164
HS	118	0	53187	4281351
HS	117	0	51436	4332787
HS	116	0	50638	4383425
HS	115	0	49681	4433106
HS	114	0	48305	4481411
HS	113	0	47218	4528629
HS	112	0	45635	4574264
HS	111	0	44622	4618886
HS	110	0	43076	4661962
HS	109	0	42013	4703975
HS	108	0	40889	4744864
HS	107	0	39417	4784281
HS	106	0	38487	4822768
HS	105	0	37649	4860417
HS	104	0	35770	4896187
HS	103	0	34353	4930540
HS	102	0	32998	4963538
HS	101	0	31667	4995205
HS	100	0	30803	5026008
HS	99	0	29723	5055731
HS	98	0	28228	5083959
HS	97	0	27132	5111091
HS	96	0	26528	5137619
HS	95	0	25518	5163137
HS	94	0	24584	5187721
HS	93	0	23380	5211101
HS	92	0	22286	5233387
HS	91	0	21587	5254974
HS	90	0	20803	5275777
HS	89	0	20018	5295795
HS	88	0	19287	5315082
HS	87	0	18410	5333492
HS	86	0	17769	5351261
HS	85	0	16680	5367941
HS	84	0	16132	5384073
HS	83	0	15453	5399526
HS	82	0	14823	5414349
HS	81	0	14052	5428401
HS	80	0	13388	5441789
HS	79	0	12693	5454482
HS	78	0	12164	5466646
HS	77	0	11715	5478361
HS	76	0	11147	5489508
HS	75	0	10782	5500290
HS	74	0	10601	5510891
HS	73	0	9981	5520872
HS	72	0	9229	5530101
HS	71	0	8596	5538697
HS	70	0	8317	5547014
HS	69	0	7589	5554603
HS	68	0	7381	5561984
HS	67	0	6893	5568877
HS	66	0	6571	5575448
HS	65	0	6152	5581600
HS	64	0	5579	5587179
HS	63	0	5218	5592397
HS	62	0	4929	5597326
HS	61	0	4500	5601826
HS	60	0	4149	5605975
HS	59	0	4045	5610020
HS	58	0	3808	5613828
HS	57	0	3549	5617377
HS	56	0	3370	5620747
HS	55	0	3126	5623873
HS	54	0	2939	5626812
HS	53	0	2719	5629531
HS	52	0	2591	5632122
HS	51	0	2323	5634445
HS	50	0	2205	5636650
HS	49	0	2157	5638807
HS	48	0	1973	5640780
HS	47	0	1886	5642666
HS	46	0	1596	5644262
HS	45	0	1500	5645762
HS	44	0	1295	5647057
HS	43	0	1143	5648200
HS	42	0	1056	5649256
HS	41	0	989	5650245
HS	40	0	809	5651054
HS	39	0	780	5651834
HS	38	0	633	5652467
HS	37	0	540	5653007
HS	36	0	554	5653561
HS	35	0	552	5654113
HS	34	0	482	5654595
HS	33	0	485	5655080
HS	32	0	509	5655589
HS	31	0	502	5656091
HS	30	0	603	5656694
HS	29	0	628	5657322
HS	28	0	630	5657952
HS	27	0	678	5658630
HS	26	0	840	5659470
HS	25	0	932	5660402
HS	24	0	1128	5661530
HS	23	0	1282	5662812
HS	22	0	1482	5664294
HS	21	0	1648	5665942
HS	20	0	1978	5667920
HS	19	0	2018	5669938
HS	18	0	2424	5672362
HS	17	0	3073	5675435
HS	16	0	3830	5679265
HS	15	0	4530	5683795
HS	14	0	6013	5689808
HS	13	0	7966	5697774
HS	12	0	10122	5707896
HS	11	0	13504	5721400
HS	10	0	19100	5740500
HS	9	0	27785	5768285
HS	8	0	41313	5809598
HS	7	0	66599	5876197
HS	6	0	115770	5991967
HS	5	0	223620	6215587
HS	4	0	528461	6744048
HS	3	0	1565883	8309931
HS	2	0	9152744	17462675
HS	1	0	0	17462675
HS	0	0	0	17462675
