CC	CT  kmer_occurrence    short_read_kmer_count  raw_input_kmer_count  adjusted_input_kmer_count
CC	FR  fpr_lower_bound    fpr_upper_bound
CC	ER  total_input_kmers  adjusted_error_kmers
CC	CV  coverage
CC	QV  raw_quality_value  adjusted_quality_value
CC
SQ	JAUCFS010000004.1	150793	150763	150577	44.00
SQ	JAUCFS010000003.1	257756	257726	257726	99.00
SQ	JAUCFS010000005.1	5057239	5057209	5055308	49.16
CT	1023	155875	208269	208269.000
CT	1022	325	343	343.000
CT	1021	329	351	351.000
CT	1020	350	362	362.000
CT	1019	324	333	333.000
CT	1018	318	334	334.000
CT	1017	328	347	347.000
CT	1016	349	366	366.000
CT	1015	336	352	352.000
CT	1014	340	361	361.000
CT	1013	346	361	361.000
CT	1012	330	338	338.000
CT	1011	344	365	365.000
CT	1010	328	340	340.000
CT	1009	340	352	352.000
CT	1008	329	337	337.000
CT	1007	366	392	392.000
CT	1006	322	334	334.000
CT	1005	375	395	395.000
CT	1004	373	375	375.000
CT	1003	346	357	357.000
CT	1002	368	379	379.000
CT	1001	368	380	380.000
CT	1000	388	405	405.000
CT	999	365	371	371.000
CT	998	378	398	398.000
CT	997	382	401	401.000
CT	996	347	354	354.000
CT	995	363	389	389.000
CT	994	355	374	374.000
CT	993	366	388	388.000
CT	992	357	370	370.000
CT	991	372	393	393.000
CT	990	364	372	372.000
CT	989	388	408	408.000
CT	988	401	418	418.000
CT	987	377	397	397.000
CT	986	393	414	414.000
CT	985	431	459	459.000
CT	984	409	424	424.000
CT	983	358	372	372.000
CT	982	422	448	448.000
CT	981	391	409	409.000
CT	980	399	411	411.000
CT	979	377	387	387.000
CT	978	388	395	395.000
CT	977	409	440	440.000
CT	976	431	452	452.000
CT	975	398	424	424.000
CT	974	420	441	441.000
CT	973	420	443	443.000
CT	972	413	428	428.000
CT	971	407	422	422.000
CT	970	414	431	431.000
CT	969	384	395	395.000
CT	968	435	452	452.000
CT	967	421	431	431.000
CT	966	419	436	436.000
CT	965	398	414	414.000
CT	964	401	422	422.000
CT	963	425	444	444.000
CT	962	456	467	467.000
CT	961	387	417	417.000
CT	960	457	481	481.000
CT	959	429	452	452.000
CT	958	413	427	427.000
CT	957	430	446	446.000
CT	956	410	437	437.000
CT	955	456	497	497.000
CT	954	425	446	446.000
CT	953	414	440	440.000
CT	952	422	450	450.000
CT	951	459	484	484.000
CT	950	471	499	499.000
CT	949	462	505	505.000
CT	948	452	480	480.000
CT	947	472	498	498.000
CT	946	459	487	487.000
CT	945	468	488	488.000
CT	944	453	478	478.000
CT	943	467	493	493.000
CT	942	455	479	479.000
CT	941	470	491	491.000
CT	940	440	469	469.000
CT	939	498	526	526.000
CT	938	431	453	453.000
CT	937	472	510	510.000
CT	936	468	496	496.000
CT	935	429	465	465.000
CT	934	470	495	495.000
CT	933	484	517	517.000
CT	932	500	536	536.000
CT	931	470	498	498.000
CT	930	501	528	528.000
CT	929	501	526	526.000
CT	928	485	513	513.000
CT	927	501	536	536.000
CT	926	484	504	504.000
CT	925	486	506	506.000
CT	924	431	461	461.000
CT	923	496	525	525.000
CT	922	461	482	482.000
CT	921	515	541	541.000
CT	920	491	507	507.000
CT	919	452	466	466.000
CT	918	488	501	501.000
CT	917	469	490	490.000
CT	916	524	542	542.000
CT	915	515	528	528.000
CT	914	527	560	560.000
CT	913	505	527	527.000
CT	912	534	556	556.000
CT	911	514	529	529.000
CT	910	533	546	546.000
CT	909	470	490	490.000
CT	908	540	560	560.000
CT	907	538	552	552.000
CT	906	541	555	555.000
CT	905	521	547	547.000
CT	904	540	563	563.000
CT	903	533	564	564.000
CT	902	534	554	554.000
CT	901	520	542	542.000
CT	900	557	576	576.000
CT	899	520	536	536.000
CT	898	548	567	567.000
CT	897	480	498	498.000
CT	896	543	559	559.000
CT	895	525	558	558.000
CT	894	599	614	614.000
CT	893	571	592	592.000
CT	892	568	585	585.000
CT	891	568	585	585.000
CT	890	543	562	562.000
CT	889	539	559	559.000
CT	888	580	591	591.000
CT	887	593	615	615.000
CT	886	559	573	573.000
CT	885	554	575	575.000
CT	884	582	592	592.000
CT	883	581	602	602.000
CT	882	551	567	567.000
CT	881	583	597	597.000
CT	880	552	564	564.000
CT	879	580	585	585.000
CT	878	565	582	582.000
CT	877	604	623	623.000
CT	876	617	629	629.000
CT	875	594	604	604.000
CT	874	633	646	646.000
CT	873	561	566	566.000
CT	872	648	660	660.000
CT	871	602	614	614.000
CT	870	584	591	591.000
CT	869	587	604	604.000
CT	868	650	669	669.000
CT	867	624	642	642.000
CT	866	600	612	612.000
CT	865	657	678	678.000
CT	864	610	624	624.000
CT	863	651	675	675.000
CT	862	645	666	666.000
CT	861	640	661	661.000
CT	860	702	730	730.000
CT	859	695	711	711.000
CT	858	729	757	757.000
CT	857	699	725	725.000
CT	856	668	696	696.000
CT	855	671	695	695.000
CT	854	750	773	773.000
CT	853	785	801	801.000
CT	852	729	750	750.000
CT	851	723	738	738.000
CT	850	738	753	753.000
CT	849	795	824	824.000
CT	848	729	758	758.000
CT	847	842	869	869.000
CT	846	823	845	845.000
CT	845	775	786	786.000
CT	844	760	788	788.000
CT	843	797	814	814.000
CT	842	808	833	833.000
CT	841	802	819	819.000
CT	840	864	886	886.000
CT	839	818	843	843.000
CT	838	848	867	867.000
CT	837	805	822	822.000
CT	836	842	868	868.000
CT	835	889	916	916.000
CT	834	822	846	846.000
CT	833	882	913	913.000
CT	832	843	868	868.000
CT	831	881	905	905.000
CT	830	930	948	948.000
CT	829	902	928	928.000
CT	828	858	881	881.000
CT	827	909	939	939.000
CT	826	912	935	935.000
CT	825	913	938	938.000
CT	824	998	1032	1032.000
CT	823	949	984	984.000
CT	822	946	971	971.000
CT	821	934	956	956.000
CT	820	1002	1033	1033.000
CT	819	934	958	958.000
CT	818	991	1015	1015.000
CT	817	1030	1057	1057.000
CT	816	976	1003	1003.000
CT	815	1028	1042	1042.000
CT	814	1018	1051	1051.000
CT	813	1012	1035	1035.000
CT	812	1024	1048	1048.000
CT	811	1015	1039	1039.000
CT	810	1057	1092	1092.000
CT	809	1013	1036	1036.000
CT	808	1136	1161	1161.000
CT	807	1064	1092	1092.000
CT	806	1063	1087	1087.000
CT	805	1070	1098	1098.000
CT	804	1082	1105	1105.000
CT	803	1122	1146	1146.000
CT	802	1170	1205	1205.000
CT	801	1149	1176	1176.000
CT	800	1094	1116	1116.000
CT	799	1101	1121	1121.000
CT	798	1181	1208	1208.000
CT	797	1207	1238	1238.000
CT	796	1208	1249	1249.000
CT	795	1210	1240	1240.000
CT	794	1191	1219	1219.000
CT	793	1242	1270	1270.000
CT	792	1227	1265	1265.000
CT	791	1309	1341	1341.000
CT	790	1263	1286	1286.000
CT	789	1220	1242	1242.000
CT	788	1286	1310	1310.000
CT	787	1339	1369	1369.000
CT	786	1315	1351	1351.000
CT	785	1356	1382	1382.000
CT	784	1257	1280	1280.000
CT	783	1363	1391	1391.000
CT	782	1377	1401	1401.000
CT	781	1418	1442	1442.000
CT	780	1350	1375	1375.000
CT	779	1411	1436	1436.000
CT	778	1513	1532	1532.000
CT	777	1439	1459	1459.000
CT	776	1386	1403	1403.000
CT	775	1448	1471	1471.000
CT	774	1507	1522	1522.000
CT	773	1534	1552	1552.000
CT	772	1463	1492	1492.000
CT	771	1541	1574	1574.000
CT	770	1443	1465	1465.000
CT	769	1568	1583	1583.000
CT	768	1585	1610	1610.000
CT	767	1649	1673	1673.000
CT	766	1573	1602	1602.000
CT	765	1664	1686	1686.000
CT	764	1654	1673	1673.000
CT	763	1675	1704	1704.000
CT	762	1659	1678	1678.000
CT	761	1703	1729	1729.000
CT	760	1720	1740	1740.000
CT	759	1827	1842	1842.000
CT	758	1806	1832	1832.000
CT	757	1878	1899	1899.000
CT	756	1845	1868	1868.000
CT	755	1914	1929	1929.000
CT	754	1939	1966	1966.000
CT	753	1917	1926	1926.000
CT	752	1960	1986	1986.000
CT	751	2073	2099	2099.000
CT	750	2088	2114	2114.000
CT	749	2070	2084	2084.000
CT	748	2122	2145	2145.000
CT	747	2088	2110	2110.000
CT	746	2080	2107	2107.000
CT	745	2120	2134	2134.000
CT	744	2206	2229	2229.000
CT	743	2173	2195	2195.000
CT	742	2182	2198	2198.000
CT	741	2162	2179	2179.000
CT	740	2227	2249	2249.000
CT	739	2276	2292	2292.000
CT	738	2341	2377	2377.000
CT	737	2363	2380	2380.000
CT	736	2396	2409	2409.000
CT	735	2452	2479	2479.000
CT	734	2424	2444	2444.000
CT	733	2439	2456	2456.000
CT	732	2505	2525	2525.000
CT	731	2512	2528	2528.000
CT	730	2460	2473	2473.000
CT	729	2644	2657	2657.000
CT	728	2689	2709	2709.000
CT	727	2706	2723	2723.000
CT	726	2696	2708	2708.000
CT	725	2811	2828	2828.000
CT	724	2754	2762	2762.000
CT	723	2852	2863	2863.000
CT	722	2945	2972	2972.000
CT	721	2962	2977	2977.000
CT	720	3013	3024	3024.000
CT	719	2949	2969	2969.000
CT	718	3087	3113	3113.000
CT	717	3022	3041	3041.000
CT	716	3096	3118	3118.000
CT	715	3192	3216	3216.000
CT	714	3232	3247	3247.000
CT	713	3254	3269	3269.000
CT	712	3300	3330	3330.000
CT	711	3366	3386	3386.000
CT	710	3366	3386	3386.000
CT	709	3539	3550	3550.000
CT	708	3399	3408	3408.000
CT	707	3500	3516	3516.000
CT	706	3603	3612	3612.000
CT	705	3580	3600	3600.000
CT	704	3625	3643	3643.000
CT	703	3630	3635	3635.000
CT	702	3608	3618	3618.000
CT	701	3789	3805	3805.000
CT	700	3942	3950	3950.000
CT	699	3916	3937	3937.000
CT	698	3893	3904	3904.000
CT	697	3956	3967	3967.000
CT	696	4099	4111	4111.000
CT	695	4110	4117	4117.000
CT	694	4031	4045	4045.000
CT	693	4267	4279	4279.000
CT	692	4179	4184	4184.000
CT	691	4367	4380	4380.000
CT	690	4157	4171	4171.000
CT	689	4272	4279	4279.000
CT	688	4533	4544	4544.000
CT	687	4515	4520	4520.000
CT	686	4574	4580	4580.000
CT	685	4569	4569	4569.000
CT	684	4518	4520	4520.000
CT	683	4648	4659	4659.000
CT	682	4816	4827	4827.000
CT	681	4915	4926	4926.000
CT	680	5069	5076	5076.000
CT	679	4969	4976	4976.000
CT	678	4984	5001	5001.000
CT	677	4946	4957	4957.000
CT	676	5077	5083	5083.000
CT	675	5299	5306	5306.000
CT	674	5288	5302	5302.000
CT	673	5396	5412	5412.000
CT	672	5493	5508	5508.000
CT	671	5496	5499	5499.000
CT	670	5473	5478	5478.000
CT	669	5545	5550	5550.000
CT	668	5608	5625	5625.000
CT	667	5633	5643	5643.000
CT	666	5752	5770	5770.000
CT	665	5838	5845	5845.000
CT	664	5812	5820	5820.000
CT	663	5878	5891	5891.000
CT	662	5909	5922	5922.000
CT	661	6112	6122	6122.000
CT	660	6220	6233	6233.000
CT	659	6287	6299	6299.000
CT	658	6373	6394	6394.000
CT	657	6449	6461	6461.000
CT	656	6491	6504	6504.000
CT	655	6517	6534	6534.000
CT	654	6649	6663	6663.000
CT	653	6756	6775	6775.000
CT	652	6814	6826	6826.000
CT	651	6833	6852	6852.000
CT	650	7026	7032	7032.000
CT	649	7002	7016	7016.000
CT	648	7085	7100	7100.000
CT	647	7185	7197	7197.000
CT	646	7407	7410	7410.000
CT	645	7272	7289	7289.000
CT	644	7316	7323	7323.000
CT	643	7426	7434	7434.000
CT	642	7535	7551	7551.000
CT	641	7641	7656	7656.000
CT	640	7639	7653	7653.000
CT	639	7866	7879	7879.000
CT	638	7958	7965	7965.000
CT	637	8031	8043	8043.000
CT	636	8102	8112	8112.000
CT	635	8050	8057	8057.000
CT	634	8133	8137	8137.000
CT	633	8191	8197	8197.000
CT	632	8422	8431	8431.000
CT	631	8477	8487	8487.000
CT	630	8465	8468	8468.000
CT	629	8596	8598	8598.000
CT	628	8665	8678	8678.000
CT	627	8824	8839	8839.000
CT	626	8938	8940	8940.000
CT	625	8969	8975	8975.000
CT	624	9009	9015	9015.000
CT	623	9061	9073	9073.000
CT	622	9324	9332	9332.000
CT	621	9186	9197	9197.000
CT	620	9352	9361	9361.000
CT	619	9553	9566	9566.000
CT	618	9756	9767	9767.000
CT	617	9719	9731	9731.000
CT	616	9715	9720	9720.000
CT	615	10031	10042	10042.000
CT	614	10223	10231	10231.000
CT	613	10277	10288	10288.000
CT	612	10406	10416	10416.000
CT	611	10536	10548	10548.000
CT	610	10654	10661	10661.000
CT	609	10752	10764	10764.000
CT	608	10863	10877	10877.000
CT	607	11125	11134	11134.000
CT	606	11115	11119	11119.000
CT	605	11093	11101	11101.000
CT	604	11256	11267	11267.000
CT	603	11342	11351	11351.000
CT	602	11258	11269	11269.000
CT	601	11408	11418	11418.000
CT	600	11713	11725	11725.000
CT	599	11900	11912	11912.000
CT	598	11834	11849	11849.000
CT	597	11911	11925	11925.000
CT	596	12103	12109	12109.000
CT	595	12414	12422	12422.000
CT	594	12418	12424	12424.000
CT	593	12571	12584	12584.000
CT	592	12478	12484	12484.000
CT	591	12781	12789	12789.000
CT	590	12846	12857	12857.000
CT	589	12974	12982	12982.000
CT	588	13138	13145	13145.000
CT	587	13110	13119	13119.000
CT	586	13360	13367	13367.000
CT	585	13339	13346	13346.000
CT	584	13501	13507	13507.000
CT	583	13994	14009	14009.000
CT	582	13726	13730	13730.000
CT	581	14138	14143	14143.000
CT	580	13942	13956	13956.000
CT	579	13961	13970	13970.000
CT	578	14192	14200	14200.000
CT	577	14188	14194	14194.000
CT	576	14277	14281	14281.000
CT	575	14455	14461	14461.000
CT	574	14744	14749	14749.000
CT	573	14596	14600	14600.000
CT	572	14736	14743	14743.000
CT	571	14902	14907	14907.000
CT	570	15013	15021	15021.000
CT	569	15285	15295	15295.000
CT	568	15197	15202	15202.000
CT	567	15389	15397	15397.000
CT	566	15523	15520	15520.000
CT	565	15827	15834	15834.000
CT	564	15949	15961	15961.000
CT	563	15938	15945	15945.000
CT	562	15948	15952	15952.000
CT	561	15985	15993	15993.000
CT	560	16235	16242	16242.000
CT	559	16088	16091	16091.000
CT	558	16260	16268	16268.000
CT	557	16623	16638	16638.000
CT	556	16466	16469	16469.000
CT	555	16791	16803	16803.000
CT	554	17099	17106	17106.000
CT	553	17034	17035	17035.000
CT	552	17158	17170	17170.000
CT	551	17430	17440	17440.000
CT	550	17747	17754	17754.000
CT	549	17560	17575	17575.000
CT	548	17315	17316	17316.000
CT	547	17658	17662	17662.000
CT	546	18060	18062	18062.000
CT	545	17984	17984	17984.000
CT	544	18209	18212	18212.000
CT	543	18207	18217	18217.000
CT	542	18178	18179	18179.000
CT	541	18368	18369	18369.000
CT	540	18285	18292	18292.000
CT	539	18506	18521	18521.000
CT	538	18834	18835	18835.000
CT	537	18916	18924	18924.000
CT	536	18714	18718	18718.000
CT	535	18769	18776	18776.000
CT	534	19025	19037	19037.000
CT	533	18796	18801	18801.000
CT	532	19204	19211	19211.000
CT	531	19381	19395	19395.000
CT	530	19094	19112	19112.000
CT	529	19284	19290	19290.000
CT	528	19257	19270	19270.000
CT	527	19361	19366	19366.000
CT	526	19601	19617	19617.000
CT	525	19566	19582	19582.000
CT	524	19951	19954	19954.000
CT	523	19985	19991	19991.000
CT	522	19830	19839	19839.000
CT	521	19906	19911	19911.000
CT	520	19929	19939	19939.000
CT	519	19898	19905	19905.000
CT	518	19848	19855	19855.000
CT	517	20033	20042	20042.000
CT	516	20122	20124	20124.000
CT	515	19920	19933	19933.000
CT	514	20298	20304	20304.000
CT	513	20280	20288	20288.000
CT	512	20515	20531	20531.000
CT	511	20410	20413	20413.000
CT	510	20744	20758	20758.000
CT	509	20681	20684	20684.000
CT	508	20811	20818	20818.000
CT	507	20649	20653	20653.000
CT	506	20667	20673	20673.000
CT	505	20761	20771	20771.000
CT	504	20954	20966	20966.000
CT	503	20854	20864	20864.000
CT	502	21107	21113	21113.000
CT	501	21103	21114	21114.000
CT	500	21131	21140	21140.000
CT	499	21146	21149	21149.000
CT	498	20931	20937	20937.000
CT	497	21256	21262	21262.000
CT	496	21029	21037	21037.000
CT	495	21307	21313	21313.000
CT	494	21217	21224	21224.000
CT	493	21062	21065	21065.000
CT	492	20950	20958	20958.000
CT	491	21044	21044	21044.000
CT	490	21433	21434	21434.000
CT	489	21165	21171	21171.000
CT	488	21508	21512	21512.000
CT	487	21004	21013	21013.000
CT	486	21012	21018	21018.000
CT	485	21038	21048	21048.000
CT	484	21183	21184	21184.000
CT	483	20900	20901	20901.000
CT	482	21151	21155	21155.000
CT	481	20914	20917	20917.000
CT	480	21241	21246	21246.000
CT	479	21143	21152	21152.000
CT	478	20687	20691	20691.000
CT	477	21002	21013	21013.000
CT	476	21054	21063	21063.000
CT	475	20904	20908	20908.000
CT	474	21023	21034	21034.000
CT	473	21028	21032	21032.000
CT	472	21128	21131	21131.000
CT	471	20852	20857	20857.000
CT	470	20822	20827	20827.000
CT	469	20630	20632	20632.000
CT	468	20591	20591	20591.000
CT	467	20779	20779	20779.000
CT	466	20537	20537	20537.000
CT	465	20537	20539	20539.000
CT	464	20194	20194	20194.000
CT	463	20214	20216	20216.000
CT	462	20193	20192	20192.000
CT	461	20231	20231	20231.000
CT	460	20087	20086	20086.000
CT	459	19851	19856	19856.000
CT	458	19920	19917	19917.000
CT	457	20048	20054	20054.000
CT	456	19896	19902	19902.000
CT	455	19546	19546	19546.000
CT	454	19544	19555	19555.000
CT	453	19117	19118	19118.000
CT	452	19343	19350	19350.000
CT	451	19006	19011	19011.000
CT	450	19227	19228	19228.000
CT	449	19012	19015	19015.000
CT	448	19102	19105	19105.000
CT	447	18923	18937	18937.000
CT	446	18869	18872	18872.000
CT	445	18635	18642	18642.000
CT	444	18432	18431	18431.000
CT	443	18432	18440	18440.000
CT	442	18060	18066	18066.000
CT	441	18206	18211	18211.000
CT	440	17925	17928	17928.000
CT	439	17811	17818	17818.000
CT	438	17857	17864	17864.000
CT	437	17634	17639	17639.000
CT	436	17741	17744	17744.000
CT	435	17339	17342	17342.000
CT	434	17378	17385	17385.000
CT	433	17277	17286	17286.000
CT	432	17320	17324	17324.000
CT	431	17118	17123	17123.000
CT	430	17085	17088	17088.000
CT	429	17084	17085	17085.000
CT	428	16407	16415	16415.000
CT	427	16517	16520	16520.000
CT	426	16313	16319	16319.000
CT	425	16171	16176	16176.000
CT	424	15854	15858	15858.000
CT	423	15851	15856	15856.000
CT	422	15554	15557	15557.000
CT	421	15457	15459	15459.000
CT	420	15543	15548	15548.000
CT	419	15150	15153	15153.000
CT	418	14945	14948	14948.000
CT	417	14833	14841	14841.000
CT	416	14949	14953	14953.000
CT	415	15040	15049	15049.000
CT	414	14544	14548	14548.000
CT	413	14398	14406	14406.000
CT	412	14248	14251	14251.000
CT	411	14072	14075	14075.000
CT	410	14050	14054	14054.000
CT	409	13900	13897	13897.000
CT	408	13415	13417	13417.000
CT	407	13573	13573	13573.000
CT	406	13342	13341	13341.000
CT	405	13201	13202	13202.000
CT	404	13363	13364	13364.000
CT	403	12952	12957	12957.000
CT	402	12577	12576	12576.000
CT	401	12515	12516	12516.000
CT	400	12319	12322	12322.000
CT	399	12403	12402	12402.000
CT	398	12259	12264	12264.000
CT	397	11887	11892	11892.000
CT	396	11925	11926	11926.000
CT	395	11556	11553	11553.000
CT	394	11317	11318	11318.000
CT	393	11209	11214	11214.000
CT	392	11288	11290	11290.000
CT	391	10893	10893	10893.000
CT	390	10891	10898	10898.000
CT	389	10558	10557	10557.000
CT	388	10518	10512	10512.000
CT	387	10305	10309	10309.000
CT	386	10125	10128	10128.000
CT	385	10242	10250	10250.000
CT	384	9938	9939	9939.000
CT	383	10016	10018	10018.000
CT	382	9549	9550	9550.000
CT	381	9448	9443	9443.000
CT	380	9446	9444	9444.000
CT	379	9200	9197	9197.000
CT	378	8817	8815	8815.000
CT	377	8930	8929	8929.000
CT	376	8856	8854	8854.000
CT	375	8535	8533	8533.000
CT	374	8640	8639	8639.000
CT	373	8259	8254	8254.000
CT	372	8267	8263	8263.000
CT	371	8057	8050	8050.000
CT	370	7821	7816	7816.000
CT	369	7708	7703	7703.000
CT	368	7680	7667	7667.000
CT	367	7448	7440	7440.000
CT	366	7321	7315	7315.000
CT	365	7184	7179	7179.000
CT	364	7146	7162	7162.000
CT	363	6831	6830	6830.000
CT	362	6814	6812	6812.000
CT	361	6839	6838	6838.000
CT	360	6544	6546	6546.000
CT	359	6553	6546	6546.000
CT	358	6404	6409	6409.000
CT	357	6165	6167	6167.000
CT	356	6197	6203	6203.000
CT	355	5758	5766	5766.000
CT	354	5589	5588	5588.000
CT	353	5593	5596	5596.000
CT	352	5509	5511	5511.000
CT	351	5434	5436	5436.000
CT	350	5286	5286	5286.000
CT	349	5087	5088	5088.000
CT	348	5118	5117	5117.000
CT	347	4968	4968	4968.000
CT	346	4807	4804	4804.000
CT	345	4776	4775	4775.000
CT	344	4596	4600	4600.000
CT	343	4335	4337	4337.000
CT	342	4415	4421	4421.000
CT	341	4316	4315	4315.000
CT	340	4175	4183	4183.000
CT	339	3915	3917	3917.000
CT	338	3862	3875	3875.000
CT	337	3860	3864	3864.000
CT	336	3849	3850	3850.000
CT	335	3795	3801	3801.000
CT	334	3638	3652	3652.000
CT	333	3588	3594	3594.000
CT	332	3436	3439	3439.000
CT	331	3315	3321	3321.000
CT	330	3423	3435	3435.000
CT	329	3272	3272	3272.000
CT	328	3168	3169	3169.000
CT	327	3115	3111	3111.000
CT	326	3057	3057	3057.000
CT	325	2997	3001	3001.000
CT	324	2934	2942	2942.000
CT	323	2796	2793	2793.000
CT	322	2707	2708	2708.000
CT	321	2735	2739	2739.000
CT	320	2656	2657	2657.000
CT	319	2505	2508	2508.000
CT	318	2404	2407	2407.000
CT	317	2459	2465	2465.000
CT	316	2368	2368	2368.000
CT	315	2235	2237	2237.000
CT	314	2171	2169	2169.000
CT	313	2003	2008	2008.000
CT	312	2049	2052	2052.000
CT	311	2028	2029	2029.000
CT	310	1934	1927	1927.000
CT	309	1925	1920	1920.000
CT	308	1890	1886	1886.000
CT	307	1890	1888	1888.000
CT	306	1800	1794	1794.000
CT	305	1804	1798	1798.000
CT	304	1729	1723	1723.000
CT	303	1669	1661	1661.000
CT	302	1581	1578	1578.000
CT	301	1586	1581	1581.000
CT	300	1552	1545	1545.000
CT	299	1550	1539	1539.000
CT	298	1437	1429	1429.000
CT	297	1512	1507	1507.000
CT	296	1488	1475	1475.000
CT	295	1414	1415	1415.000
CT	294	1388	1379	1379.000
CT	293	1337	1331	1331.000
CT	292	1232	1229	1229.000
CT	291	1170	1160	1160.000
CT	290	1177	1169	1169.000
CT	289	1097	1091	1091.000
CT	288	1162	1151	1151.000
CT	287	1074	1064	1064.000
CT	286	1035	1022	1022.000
CT	285	1027	1019	1019.000
CT	284	1030	1021	1021.000
CT	283	1026	1016	1016.000
CT	282	952	944	944.000
CT	281	943	942	942.000
CT	280	927	923	923.000
CT	279	922	916	916.000
CT	278	932	923	923.000
CT	277	917	904	904.000
CT	276	842	833	833.000
CT	275	804	787	787.000
CT	274	773	772	772.000
CT	273	778	766	766.000
CT	272	752	738	738.000
CT	271	746	736	736.000
CT	270	668	654	654.000
CT	269	677	664	664.000
CT	268	649	633	633.000
CT	267	684	664	664.000
CT	266	628	613	613.000
CT	265	584	566	566.000
CT	264	584	560	560.000
CT	263	571	556	556.000
CT	262	602	580	580.000
CT	261	540	519	519.000
CT	260	493	471	471.000
CT	259	502	484	484.000
CT	258	503	483	483.000
CT	257	501	481	481.000
CT	256	513	500	500.000
CT	255	437	418	418.000
CT	254	437	423	423.000
CT	253	410	401	401.000
CT	252	394	385	385.000
CT	251	389	371	371.000
CT	250	363	354	354.000
CT	249	376	359	359.000
CT	248	336	318	318.000
CT	247	354	332	332.000
CT	246	315	296	296.000
CT	245	287	276	276.000
CT	244	329	311	311.000
CT	243	274	255	255.000
CT	242	250	233	233.000
CT	241	296	275	275.000
CT	240	267	253	253.000
CT	239	209	202	202.000
CT	238	247	234	234.000
CT	237	252	232	232.000
CT	236	254	244	244.000
CT	235	237	213	213.000
CT	234	256	249	249.000
CT	233	275	262	262.000
CT	232	255	247	247.000
CT	231	240	225	225.000
CT	230	211	198	198.000
CT	229	210	201	201.000
CT	228	213	206	206.000
CT	227	222	212	212.000
CT	226	227	214	214.000
CT	225	211	189	189.000
CT	224	198	184	184.000
CT	223	166	155	155.000
CT	222	175	157	157.000
CT	221	173	154	154.000
CT	220	160	138	138.000
CT	219	155	143	143.000
CT	218	151	131	131.000
CT	217	159	144	144.000
CT	216	176	150	150.000
CT	215	156	142	142.000
CT	214	174	149	149.000
CT	213	144	130	130.000
CT	212	136	119	119.000
CT	211	145	121	121.000
CT	210	141	129	129.000
CT	209	134	116	116.000
CT	208	164	151	151.000
CT	207	156	132	132.000
CT	206	169	142	142.000
CT	205	171	146	146.000
CT	204	152	130	130.000
CT	203	143	106	106.000
CT	202	132	112	112.000
CT	201	130	107	107.000
CT	200	146	117	117.000
CT	199	118	90	90.000
CT	198	130	95	95.000
CT	197	131	89	89.000
CT	196	111	88	88.000
CT	195	112	83	83.000
CT	194	111	84	84.000
CT	193	102	76	76.000
CT	192	104	83	83.000
CT	191	100	85	85.000
CT	190	101	79	79.000
CT	189	83	63	63.000
CT	188	98	69	69.000
CT	187	104	72	72.000
CT	186	118	86	86.000
CT	185	105	72	72.000
CT	184	98	55	55.000
CT	183	93	59	59.000
CT	182	93	73	73.000
CT	181	82	58	58.000
CT	180	94	64	64.000
CT	179	84	57	57.000
CT	178	94	64	64.000
CT	177	74	55	55.000
CT	176	87	73	73.000
CT	175	89	63	63.000
CT	174	75	50	50.000
CT	173	73	53	53.000
CT	172	70	45	45.000
CT	171	92	60	60.000
CT	170	77	48	48.000
CT	169	95	55	55.000
CT	168	65	36	36.000
CT	167	78	40	40.000
CT	166	67	33	33.000
CT	165	85	42	42.000
CT	164	109	68	68.000
CT	163	99	63	63.000
CT	162	94	53	53.000
CT	161	80	45	45.000
CT	160	95	47	47.000
CT	159	103	54	54.000
CT	158	108	66	66.000
CT	157	105	61	61.000
CT	156	93	54	54.000
CT	155	93	49	49.000
CT	154	82	34	34.000
CT	153	88	35	35.000
CT	152	84	38	38.000
CT	151	99	42	42.000
CT	150	87	33	33.000
CT	149	108	52	52.000
CT	148	101	41	41.000
CT	147	86	46	46.000
CT	146	93	45	45.000
CT	145	95	43	43.000
CT	144	106	52	52.000
CT	143	99	47	47.000
CT	142	88	42	42.000
CT	141	110	43	43.000
CT	140	74	26	26.000
CT	139	111	51	51.000
CT	138	80	31	31.000
CT	137	100	41	41.000
CT	136	101	37	37.000
CT	135	88	21	21.000
CT	134	69	28	28.000
CT	133	94	27	27.000
CT	132	78	15	15.000
CT	131	88	25	25.000
CT	130	95	29	29.000
CT	129	85	20	20.000
CT	128	92	22	22.000
CT	127	86	28	28.000
CT	126	93	19	19.000
CT	125	113	25	25.000
CT	124	104	28	28.000
CT	123	118	23	23.000
CT	122	89	16	16.000
CT	121	121	14	14.000
CT	120	114	18	18.000
CT	119	107	18	18.000
CT	118	99	16	16.000
CT	117	146	26	26.000
CT	116	122	18	18.000
CT	115	114	20	20.000
CT	114	111	26	26.000
CT	113	121	21	21.000
CT	112	108	21	21.000
CT	111	118	24	24.000
CT	110	141	34	34.000
CT	109	132	26	26.000
CT	108	125	25	25.000
CT	107	143	26	26.000
CT	106	166	31	31.000
CT	105	130	26	26.000
CT	104	150	29	29.000
CT	103	156	24	24.000
CT	102	176	27	27.000
CT	101	171	27	27.000
CT	100	148	17	17.000
CT	99	188	26	26.000
CT	98	161	19	19.000
CT	97	182	15	14.999
CT	96	217	23	22.999
CT	95	202	17	16.999
CT	94	277	15	14.999
CT	93	233	19	18.999
CT	92	236	17	16.999
CT	91	219	14	13.999
CT	90	247	13	12.999
CT	89	260	9	8.999
CT	88	269	11	10.999
CT	87	260	7	6.999
CT	86	246	10	9.999
CT	85	245	5	4.999
CT	84	246	3	2.999
CT	83	264	8	7.999
CT	82	219	1	0.999
CT	81	306	3	2.999
CT	80	325	6	5.999
CT	79	322	7	6.999
CT	78	364	6	5.999
CT	77	386	2	1.999
CT	76	403	1	0.999
CT	75	401	3	2.999
CT	74	431	3	2.999
CT	73	454	5	4.999
CT	72	434	4	3.999
CT	71	488	4	3.999
CT	70	519	9	8.998
CT	69	533	10	9.998
CT	68	586	5	4.998
CT	67	628	5	4.998
CT	66	645	4	3.998
CT	65	677	5	4.998
CT	64	659	8	7.998
CT	63	671	6	5.998
CT	62	740	10	9.998
CT	61	779	9	8.998
CT	60	831	6	5.997
CT	59	889	8	7.997
CT	58	998	13	12.997
CT	57	998	12	11.997
CT	56	1047	13	12.997
CT	55	1055	3	2.997
CT	54	1210	16	15.996
CT	53	1308	8	7.996
CT	52	1362	10	9.996
CT	51	1407	12	11.996
CT	50	1531	12	11.995
CT	49	1532	0	0.000
CT	48	1676	3	2.995
CT	47	1866	4	3.994
CT	46	2045	2	1.994
CT	45	2325	1	0.993
CT	44	2415	3	2.993
CT	43	2540	4	3.992
CT	42	2936	6	5.991
CT	41	2977	18	17.991
CT	40	3308	11	10.990
CT	39	3669	1	0.989
CT	38	3803	0	0.000
CT	37	4316	3	2.987
CT	36	4700	8	7.986
CT	35	5015	12	11.985
CT	34	5659	12	11.983
CT	33	6080	9	8.981
CT	32	6645	5	4.980
CT	31	7473	4	3.977
CT	30	8372	0	0.000
CT	29	8684	0	0.000
CT	28	9872	0	0.000
CT	27	10997	0	0.000
CT	26	12255	0	0.000
CT	25	13836	0	0.000
CT	24	16003	0	0.000
CT	23	18686	2	1.943
CT	22	21240	0	0.000
CT	21	24810	0	0.000
CT	20	29040	0	0.000
CT	19	33173	0	0.000
CT	18	39699	0	0.000
CT	17	47668	0	0.000
CT	16	57727	2	1.823
CT	15	69300	0	0.000
CT	14	86575	0	0.000
CT	13	109054	2	-nan
CT	12	137589	2	-nan
CT	11	176230	1	-nan
CT	10	232854	1	-nan
CT	9	313605	1	-nan
CT	8	436874	4	-nan
CT	7	636242	8	-nan
CT	6	994471	12	-nan
CT	5	1734022	22	-nan
CT	4	3481249	26	-nan
CT	3	8476800	44	-nan
CT	2	27224638	83	-nan
CT	1	0	0	-nan
CT	0	0	2087	-nan
FR	3.06e-06	0
ER	5465698	0.000
CV	1.000
QV	49.094	49.094
