CC	CT  kmer_occurrence    short_read_kmer_count  raw_input_kmer_count  adjusted_input_kmer_count
CC	FR  fpr_lower_bound    fpr_upper_bound
CC	ER  total_input_kmers  adjusted_error_kmers
CC	CV  coverage
CC	QV  raw_quality_value  adjusted_quality_value
CC
SQ	CP126113.1	3738453	3738423	3738359	62.58
CT	1023	12119	91175	91175.000
CT	1022	23	99	99.000
CT	1021	29	137	137.000
CT	1020	19	95	95.000
CT	1019	17	87	87.000
CT	1018	15	70	70.000
CT	1017	19	87	87.000
CT	1016	21	102	102.000
CT	1015	16	83	83.000
CT	1014	29	142	142.000
CT	1013	32	156	156.000
CT	1012	22	106	106.000
CT	1011	28	137	137.000
CT	1010	30	145	145.000
CT	1009	21	99	99.000
CT	1008	24	128	128.000
CT	1007	21	102	102.000
CT	1006	20	100	100.000
CT	1005	26	137	137.000
CT	1004	33	164	164.000
CT	1003	17	78	78.000
CT	1002	28	142	142.000
CT	1001	42	192	192.000
CT	1000	25	125	125.000
CT	999	31	171	171.000
CT	998	17	70	70.000
CT	997	28	142	142.000
CT	996	21	105	105.000
CT	995	21	105	105.000
CT	994	22	114	114.000
CT	993	26	141	141.000
CT	992	28	146	146.000
CT	991	36	184	184.000
CT	990	20	104	104.000
CT	989	22	108	108.000
CT	988	26	131	131.000
CT	987	20	105	105.000
CT	986	29	155	155.000
CT	985	30	159	159.000
CT	984	22	116	116.000
CT	983	26	122	122.000
CT	982	17	90	90.000
CT	981	26	130	130.000
CT	980	27	150	150.000
CT	979	26	139	139.000
CT	978	28	156	156.000
CT	977	18	90	90.000
CT	976	22	120	120.000
CT	975	23	119	119.000
CT	974	30	151	151.000
CT	973	23	111	111.000
CT	972	28	133	133.000
CT	971	23	109	109.000
CT	970	16	79	79.000
CT	969	21	108	108.000
CT	968	17	81	81.000
CT	967	34	183	183.000
CT	966	22	107	107.000
CT	965	26	131	131.000
CT	964	18	89	89.000
CT	963	26	141	141.000
CT	962	21	110	110.000
CT	961	21	114	114.000
CT	960	27	139	139.000
CT	959	32	177	177.000
CT	958	25	138	138.000
CT	957	22	108	108.000
CT	956	19	104	104.000
CT	955	20	102	102.000
CT	954	24	119	119.000
CT	953	29	145	145.000
CT	952	28	139	139.000
CT	951	21	110	110.000
CT	950	26	134	134.000
CT	949	27	125	125.000
CT	948	30	141	141.000
CT	947	28	155	155.000
CT	946	39	198	198.000
CT	945	24	110	110.000
CT	944	26	134	134.000
CT	943	26	136	136.000
CT	942	38	190	190.000
CT	941	29	140	140.000
CT	940	27	140	140.000
CT	939	25	130	130.000
CT	938	34	159	159.000
CT	937	30	140	140.000
CT	936	25	118	118.000
CT	935	27	132	132.000
CT	934	27	132	132.000
CT	933	34	169	169.000
CT	932	23	112	112.000
CT	931	33	166	166.000
CT	930	25	122	122.000
CT	929	32	160	160.000
CT	928	27	137	137.000
CT	927	26	128	128.000
CT	926	29	148	148.000
CT	925	33	172	172.000
CT	924	27	132	132.000
CT	923	30	152	152.000
CT	922	29	147	147.000
CT	921	23	141	141.000
CT	920	29	154	154.000
CT	919	25	122	122.000
CT	918	31	146	146.000
CT	917	22	106	106.000
CT	916	32	177	177.000
CT	915	36	189	189.000
CT	914	30	142	142.000
CT	913	25	115	115.000
CT	912	34	172	172.000
CT	911	24	127	127.000
CT	910	36	184	184.000
CT	909	27	131	131.000
CT	908	34	157	157.000
CT	907	32	164	164.000
CT	906	24	106	106.000
CT	905	29	147	147.000
CT	904	39	196	196.000
CT	903	24	124	124.000
CT	902	34	156	156.000
CT	901	24	117	117.000
CT	900	34	167	167.000
CT	899	31	158	158.000
CT	898	40	204	204.000
CT	897	29	145	145.000
CT	896	38	178	178.000
CT	895	35	179	179.000
CT	894	29	139	139.000
CT	893	38	180	180.000
CT	892	34	175	175.000
CT	891	26	124	124.000
CT	890	26	125	125.000
CT	889	28	143	143.000
CT	888	34	151	151.000
CT	887	32	152	152.000
CT	886	28	144	144.000
CT	885	35	172	172.000
CT	884	32	154	154.000
CT	883	32	150	150.000
CT	882	33	172	172.000
CT	881	46	222	222.000
CT	880	31	159	159.000
CT	879	23	117	117.000
CT	878	44	215	215.000
CT	877	35	177	177.000
CT	876	36	176	176.000
CT	875	37	191	191.000
CT	874	32	160	160.000
CT	873	35	187	187.000
CT	872	42	208	208.000
CT	871	30	160	160.000
CT	870	36	177	177.000
CT	869	40	197	197.000
CT	868	39	199	199.000
CT	867	34	144	144.000
CT	866	30	149	149.000
CT	865	36	161	161.000
CT	864	35	171	171.000
CT	863	29	138	138.000
CT	862	34	175	175.000
CT	861	37	171	171.000
CT	860	30	144	144.000
CT	859	37	193	193.000
CT	858	32	155	155.000
CT	857	32	155	155.000
CT	856	28	126	126.000
CT	855	39	197	197.000
CT	854	39	184	184.000
CT	853	38	173	173.000
CT	852	33	155	155.000
CT	851	30	117	117.000
CT	850	29	137	137.000
CT	849	33	130	130.000
CT	848	33	152	152.000
CT	847	28	128	128.000
CT	846	34	146	146.000
CT	845	37	174	174.000
CT	844	31	149	149.000
CT	843	35	150	150.000
CT	842	34	160	160.000
CT	841	27	120	120.000
CT	840	30	134	134.000
CT	839	42	203	203.000
CT	838	31	142	142.000
CT	837	34	163	163.000
CT	836	34	166	166.000
CT	835	35	159	159.000
CT	834	29	131	131.000
CT	833	33	159	159.000
CT	832	48	208	208.000
CT	831	23	111	111.000
CT	830	29	132	132.000
CT	829	22	95	95.000
CT	828	24	105	105.000
CT	827	33	141	141.000
CT	826	34	157	157.000
CT	825	32	146	146.000
CT	824	47	199	199.000
CT	823	36	147	147.000
CT	822	27	113	113.000
CT	821	37	155	155.000
CT	820	43	200	200.000
CT	819	39	183	183.000
CT	818	32	135	135.000
CT	817	34	140	140.000
CT	816	46	182	182.000
CT	815	44	177	177.000
CT	814	33	146	146.000
CT	813	29	114	114.000
CT	812	44	179	179.000
CT	811	44	191	191.000
CT	810	39	153	153.000
CT	809	25	102	102.000
CT	808	42	181	181.000
CT	807	43	178	178.000
CT	806	41	155	155.000
CT	805	34	129	129.000
CT	804	39	171	171.000
CT	803	40	158	158.000
CT	802	54	244	244.000
CT	801	52	219	219.000
CT	800	38	157	157.000
CT	799	42	162	162.000
CT	798	31	134	134.000
CT	797	30	122	122.000
CT	796	47	204	204.000
CT	795	46	176	176.000
CT	794	44	175	175.000
CT	793	52	214	214.000
CT	792	31	122	122.000
CT	791	37	146	146.000
CT	790	50	199	199.000
CT	789	26	117	117.000
CT	788	44	168	168.000
CT	787	43	182	182.000
CT	786	43	175	175.000
CT	785	42	163	163.000
CT	784	33	126	126.000
CT	783	39	153	153.000
CT	782	35	145	145.000
CT	781	35	147	147.000
CT	780	52	226	226.000
CT	779	47	176	176.000
CT	778	33	127	127.000
CT	777	36	123	123.000
CT	776	40	143	143.000
CT	775	40	146	146.000
CT	774	43	166	166.000
CT	773	43	164	164.000
CT	772	53	203	203.000
CT	771	43	171	171.000
CT	770	40	156	156.000
CT	769	39	168	168.000
CT	768	41	161	161.000
CT	767	47	167	167.000
CT	766	50	196	196.000
CT	765	46	191	191.000
CT	764	49	176	176.000
CT	763	51	197	197.000
CT	762	43	158	158.000
CT	761	54	194	194.000
CT	760	51	192	192.000
CT	759	46	178	178.000
CT	758	42	171	171.000
CT	757	35	127	127.000
CT	756	37	137	137.000
CT	755	47	175	175.000
CT	754	39	149	149.000
CT	753	40	162	162.000
CT	752	41	162	162.000
CT	751	36	153	153.000
CT	750	40	141	141.000
CT	749	48	191	191.000
CT	748	47	178	178.000
CT	747	37	147	147.000
CT	746	46	163	163.000
CT	745	38	147	147.000
CT	744	40	160	160.000
CT	743	39	153	153.000
CT	742	32	129	129.000
CT	741	40	164	164.000
CT	740	49	199	199.000
CT	739	36	124	124.000
CT	738	36	137	137.000
CT	737	46	183	183.000
CT	736	36	136	136.000
CT	735	28	102	102.000
CT	734	45	170	170.000
CT	733	42	157	157.000
CT	732	29	98	98.000
CT	731	27	116	116.000
CT	730	34	124	124.000
CT	729	36	130	130.000
CT	728	46	157	157.000
CT	727	30	116	116.000
CT	726	37	147	147.000
CT	725	36	124	124.000
CT	724	25	88	88.000
CT	723	33	115	115.000
CT	722	37	125	125.000
CT	721	29	105	105.000
CT	720	50	178	178.000
CT	719	39	128	128.000
CT	718	25	98	98.000
CT	717	29	100	100.000
CT	716	50	170	170.000
CT	715	36	138	138.000
CT	714	48	175	175.000
CT	713	51	173	173.000
CT	712	43	163	163.000
CT	711	41	132	132.000
CT	710	28	102	102.000
CT	709	51	179	179.000
CT	708	38	128	128.000
CT	707	28	107	107.000
CT	706	43	143	143.000
CT	705	35	120	120.000
CT	704	44	149	149.000
CT	703	54	198	198.000
CT	702	42	147	147.000
CT	701	37	115	115.000
CT	700	42	145	145.000
CT	699	41	165	165.000
CT	698	49	184	184.000
CT	697	50	175	175.000
CT	696	50	176	176.000
CT	695	50	168	168.000
CT	694	59	222	222.000
CT	693	42	139	139.000
CT	692	47	168	168.000
CT	691	64	238	238.000
CT	690	41	136	136.000
CT	689	47	161	161.000
CT	688	48	175	175.000
CT	687	55	197	197.000
CT	686	53	202	202.000
CT	685	47	160	160.000
CT	684	51	177	177.000
CT	683	77	251	251.000
CT	682	46	160	160.000
CT	681	38	131	131.000
CT	680	48	179	179.000
CT	679	45	145	145.000
CT	678	43	137	137.000
CT	677	43	148	148.000
CT	676	42	155	155.000
CT	675	46	149	149.000
CT	674	41	136	136.000
CT	673	48	154	154.000
CT	672	50	152	152.000
CT	671	53	164	164.000
CT	670	43	149	149.000
CT	669	45	143	143.000
CT	668	45	156	156.000
CT	667	40	127	127.000
CT	666	37	116	116.000
CT	665	44	122	122.000
CT	664	51	180	180.000
CT	663	39	130	130.000
CT	662	57	187	187.000
CT	661	53	165	165.000
CT	660	58	185	185.000
CT	659	51	176	176.000
CT	658	32	98	98.000
CT	657	42	128	128.000
CT	656	41	129	129.000
CT	655	44	128	128.000
CT	654	50	163	163.000
CT	653	48	166	166.000
CT	652	55	169	169.000
CT	651	47	174	174.000
CT	650	54	184	184.000
CT	649	54	177	177.000
CT	648	68	223	223.000
CT	647	48	151	151.000
CT	646	44	145	145.000
CT	645	47	159	159.000
CT	644	49	161	161.000
CT	643	49	165	165.000
CT	642	56	169	169.000
CT	641	54	176	176.000
CT	640	40	123	123.000
CT	639	65	205	205.000
CT	638	48	144	144.000
CT	637	43	141	141.000
CT	636	43	150	150.000
CT	635	52	173	173.000
CT	634	47	140	140.000
CT	633	42	140	140.000
CT	632	38	140	140.000
CT	631	45	144	144.000
CT	630	38	112	112.000
CT	629	41	129	129.000
CT	628	64	220	220.000
CT	627	34	97	97.000
CT	626	47	125	125.000
CT	625	47	137	137.000
CT	624	43	124	124.000
CT	623	40	105	105.000
CT	622	54	166	166.000
CT	621	47	134	134.000
CT	620	49	160	160.000
CT	619	46	131	131.000
CT	618	42	139	139.000
CT	617	56	163	163.000
CT	616	34	102	102.000
CT	615	42	114	114.000
CT	614	48	167	167.000
CT	613	36	123	123.000
CT	612	35	101	101.000
CT	611	43	133	133.000
CT	610	42	120	120.000
CT	609	23	60	60.000
CT	608	36	94	94.000
CT	607	33	100	100.000
CT	606	38	115	115.000
CT	605	26	76	76.000
CT	604	41	121	121.000
CT	603	32	102	102.000
CT	602	32	94	94.000
CT	601	29	73	73.000
CT	600	33	99	99.000
CT	599	57	156	156.000
CT	598	45	126	126.000
CT	597	35	97	97.000
CT	596	52	168	168.000
CT	595	58	180	180.000
CT	594	46	130	130.000
CT	593	31	78	78.000
CT	592	33	87	87.000
CT	591	38	119	119.000
CT	590	31	107	107.000
CT	589	41	116	116.000
CT	588	23	68	68.000
CT	587	37	95	95.000
CT	586	35	103	103.000
CT	585	37	110	110.000
CT	584	39	130	130.000
CT	583	25	64	64.000
CT	582	37	121	121.000
CT	581	43	125	125.000
CT	580	29	91	91.000
CT	579	36	94	94.000
CT	578	33	103	103.000
CT	577	34	94	94.000
CT	576	31	83	83.000
CT	575	31	78	78.000
CT	574	35	114	114.000
CT	573	32	109	109.000
CT	572	39	106	106.000
CT	571	38	109	109.000
CT	570	51	143	143.000
CT	569	42	125	125.000
CT	568	47	136	136.000
CT	567	40	114	114.000
CT	566	44	141	141.000
CT	565	32	89	89.000
CT	564	44	128	128.000
CT	563	38	116	116.000
CT	562	30	73	73.000
CT	561	43	121	121.000
CT	560	44	114	114.000
CT	559	48	131	131.000
CT	558	48	127	127.000
CT	557	33	93	93.000
CT	556	37	105	105.000
CT	555	41	114	114.000
CT	554	36	92	92.000
CT	553	41	116	116.000
CT	552	42	120	120.000
CT	551	49	141	141.000
CT	550	47	127	127.000
CT	549	38	107	107.000
CT	548	47	151	151.000
CT	547	45	131	131.000
CT	546	40	117	117.000
CT	545	34	94	94.000
CT	544	41	136	136.000
CT	543	46	127	127.000
CT	542	33	89	89.000
CT	541	39	110	110.000
CT	540	46	130	130.000
CT	539	46	119	119.000
CT	538	41	126	126.000
CT	537	41	114	114.000
CT	536	32	84	84.000
CT	535	51	141	141.000
CT	534	29	76	76.000
CT	533	42	115	115.000
CT	532	42	108	108.000
CT	531	51	121	121.000
CT	530	50	124	124.000
CT	529	48	117	117.000
CT	528	51	120	120.000
CT	527	52	115	115.000
CT	526	44	106	106.000
CT	525	56	145	145.000
CT	524	42	100	100.000
CT	523	39	106	106.000
CT	522	32	86	86.000
CT	521	29	80	80.000
CT	520	40	105	105.000
CT	519	31	61	61.000
CT	518	57	147	147.000
CT	517	42	101	101.000
CT	516	49	128	128.000
CT	515	52	136	136.000
CT	514	52	126	126.000
CT	513	58	144	144.000
CT	512	51	118	118.000
CT	511	43	101	101.000
CT	510	48	116	116.000
CT	509	53	116	116.000
CT	508	72	171	171.000
CT	507	59	143	143.000
CT	506	47	113	113.000
CT	505	62	147	147.000
CT	504	58	134	134.000
CT	503	70	179	179.000
CT	502	60	147	147.000
CT	501	63	157	157.000
CT	500	70	177	177.000
CT	499	57	141	141.000
CT	498	53	146	146.000
CT	497	42	103	103.000
CT	496	65	155	155.000
CT	495	70	159	159.000
CT	494	55	128	128.000
CT	493	62	145	145.000
CT	492	53	125	125.000
CT	491	69	164	164.000
CT	490	61	138	138.000
CT	489	48	109	109.000
CT	488	57	116	116.000
CT	487	52	119	119.000
CT	486	66	154	154.000
CT	485	57	118	118.000
CT	484	47	110	110.000
CT	483	72	159	159.000
CT	482	52	123	123.000
CT	481	60	131	131.000
CT	480	72	163	163.000
CT	479	73	166	166.000
CT	478	84	185	185.000
CT	477	90	190	190.000
CT	476	71	151	151.000
CT	475	80	170	170.000
CT	474	79	169	169.000
CT	473	69	134	134.000
CT	472	95	210	210.000
CT	471	93	190	190.000
CT	470	90	193	193.000
CT	469	95	205	205.000
CT	468	114	251	251.000
CT	467	103	201	201.000
CT	466	100	198	198.000
CT	465	98	186	186.000
CT	464	90	175	175.000
CT	463	109	200	200.000
CT	462	98	188	188.000
CT	461	96	183	183.000
CT	460	96	190	190.000
CT	459	100	204	204.000
CT	458	80	166	166.000
CT	457	115	196	196.000
CT	456	113	188	188.000
CT	455	104	172	172.000
CT	454	125	222	222.000
CT	453	98	181	181.000
CT	452	116	224	224.000
CT	451	96	173	173.000
CT	450	118	191	191.000
CT	449	114	211	211.000
CT	448	122	208	208.000
CT	447	110	187	187.000
CT	446	135	229	229.000
CT	445	116	201	201.000
CT	444	113	183	183.000
CT	443	123	220	220.000
CT	442	129	221	221.000
CT	441	121	210	210.000
CT	440	118	197	197.000
CT	439	129	197	197.000
CT	438	120	182	182.000
CT	437	134	213	213.000
CT	436	115	188	188.000
CT	435	120	184	184.000
CT	434	121	188	188.000
CT	433	148	201	201.000
CT	432	150	215	215.000
CT	431	140	208	208.000
CT	430	156	211	211.000
CT	429	163	227	227.000
CT	428	166	249	249.000
CT	427	150	213	213.000
CT	426	167	226	226.000
CT	425	165	205	205.000
CT	424	176	236	236.000
CT	423	168	228	228.000
CT	422	188	240	240.000
CT	421	181	254	254.000
CT	420	184	244	244.000
CT	419	190	240	240.000
CT	418	184	243	243.000
CT	417	221	295	295.000
CT	416	200	274	274.000
CT	415	229	293	293.000
CT	414	205	246	246.000
CT	413	208	255	255.000
CT	412	230	287	287.000
CT	411	208	262	262.000
CT	410	248	305	305.000
CT	409	262	326	326.000
CT	408	271	342	342.000
CT	407	272	353	353.000
CT	406	280	381	381.000
CT	405	305	360	360.000
CT	404	335	398	398.000
CT	403	364	439	439.000
CT	402	398	508	508.000
CT	401	371	462	462.000
CT	400	422	525	525.000
CT	399	432	526	526.000
CT	398	433	526	526.000
CT	397	465	548	548.000
CT	396	501	605	605.000
CT	395	465	553	553.000
CT	394	531	609	609.000
CT	393	527	643	643.000
CT	392	548	650	650.000
CT	391	574	674	674.000
CT	390	648	737	737.000
CT	389	635	737	737.000
CT	388	636	742	742.000
CT	387	676	755	755.000
CT	386	697	771	771.000
CT	385	663	727	727.000
CT	384	687	750	750.000
CT	383	720	777	777.000
CT	382	777	843	843.000
CT	381	755	819	819.000
CT	380	795	871	871.000
CT	379	799	859	859.000
CT	378	844	901	901.000
CT	377	916	982	982.000
CT	376	935	981	981.000
CT	375	958	1027	1027.000
CT	374	965	1034	1034.000
CT	373	983	1052	1052.000
CT	372	962	1038	1038.000
CT	371	978	1043	1043.000
CT	370	1083	1163	1163.000
CT	369	1185	1253	1253.000
CT	368	1119	1209	1209.000
CT	367	1226	1294	1294.000
CT	366	1181	1240	1240.000
CT	365	1309	1387	1387.000
CT	364	1315	1378	1378.000
CT	363	1387	1440	1440.000
CT	362	1372	1445	1445.000
CT	361	1506	1590	1590.000
CT	360	1425	1491	1491.000
CT	359	1538	1621	1621.000
CT	358	1532	1609	1609.000
CT	357	1616	1680	1680.000
CT	356	1642	1717	1717.000
CT	355	1683	1757	1757.000
CT	354	1811	1874	1874.000
CT	353	1846	1923	1923.000
CT	352	1883	1990	1990.000
CT	351	1963	2031	2031.000
CT	350	1976	2029	2029.000
CT	349	2083	2163	2163.000
CT	348	2157	2233	2233.000
CT	347	2086	2171	2171.000
CT	346	2183	2280	2280.000
CT	345	2303	2397	2397.000
CT	344	2419	2534	2534.000
CT	343	2483	2576	2576.000
CT	342	2579	2663	2663.000
CT	341	2691	2802	2802.000
CT	340	2700	2797	2797.000
CT	339	2761	2876	2876.000
CT	338	2850	2948	2948.000
CT	337	2901	3006	3006.000
CT	336	2992	3069	3069.000
CT	335	3161	3245	3245.000
CT	334	3060	3124	3124.000
CT	333	3165	3272	3272.000
CT	332	3305	3379	3379.000
CT	331	3283	3356	3356.000
CT	330	3375	3462	3462.000
CT	329	3531	3636	3636.000
CT	328	3635	3707	3707.000
CT	327	3726	3802	3802.000
CT	326	3725	3806	3806.000
CT	325	3847	3930	3930.000
CT	324	4049	4138	4138.000
CT	323	4158	4235	4235.000
CT	322	4288	4362	4362.000
CT	321	4316	4400	4400.000
CT	320	4471	4544	4544.000
CT	319	4534	4604	4604.000
CT	318	4728	4796	4796.000
CT	317	4827	4911	4911.000
CT	316	4993	5042	5042.000
CT	315	4953	5000	5000.000
CT	314	5330	5375	5375.000
CT	313	5345	5408	5408.000
CT	312	5524	5581	5581.000
CT	311	5488	5541	5541.000
CT	310	5777	5815	5815.000
CT	309	5861	5895	5895.000
CT	308	6081	6131	6131.000
CT	307	6224	6261	6261.000
CT	306	6273	6328	6328.000
CT	305	6562	6625	6625.000
CT	304	6629	6703	6703.000
CT	303	6791	6843	6843.000
CT	302	7017	7088	7088.000
CT	301	7122	7162	7162.000
CT	300	7130	7192	7192.000
CT	299	7329	7406	7406.000
CT	298	7775	7843	7843.000
CT	297	7716	7777	7777.000
CT	296	7950	8007	8007.000
CT	295	8040	8088	8088.000
CT	294	8197	8250	8250.000
CT	293	8505	8553	8553.000
CT	292	8735	8788	8788.000
CT	291	8734	8776	8776.000
CT	290	9097	9128	9128.000
CT	289	9046	9096	9096.000
CT	288	9558	9595	9595.000
CT	287	9651	9711	9711.000
CT	286	9891	9941	9941.000
CT	285	10308	10360	10360.000
CT	284	10309	10362	10362.000
CT	283	10657	10695	10695.000
CT	282	10897	10942	10942.000
CT	281	11042	11064	11064.000
CT	280	11637	11676	11676.000
CT	279	11719	11750	11750.000
CT	278	11813	11842	11842.000
CT	277	12194	12225	12225.000
CT	276	12740	12778	12778.000
CT	275	12726	12762	12762.000
CT	274	12938	12976	12976.000
CT	273	13422	13458	13458.000
CT	272	13535	13581	13581.000
CT	271	13676	13704	13704.000
CT	270	13861	13893	13893.000
CT	269	14289	14309	14309.000
CT	268	14508	14542	14542.000
CT	267	14747	14780	14780.000
CT	266	15117	15179	15179.000
CT	265	15275	15317	15317.000
CT	264	15133	15172	15172.000
CT	263	15474	15507	15507.000
CT	262	15919	15949	15949.000
CT	261	15946	15992	15992.000
CT	260	16422	16452	16452.000
CT	259	16737	16770	16770.000
CT	258	16992	17017	17017.000
CT	257	17093	17113	17113.000
CT	256	17514	17546	17546.000
CT	255	17884	17918	17918.000
CT	254	17925	17956	17956.000
CT	253	17968	17990	17990.000
CT	252	18697	18706	18706.000
CT	251	18867	18881	18881.000
CT	250	19328	19339	19339.000
CT	249	19507	19507	19507.000
CT	248	20169	20168	20168.000
CT	247	20177	20175	20175.000
CT	246	20351	20351	20351.000
CT	245	20696	20704	20704.000
CT	244	20660	20663	20663.000
CT	243	20696	20712	20712.000
CT	242	21332	21343	21343.000
CT	241	21417	21430	21430.000
CT	240	21746	21767	21767.000
CT	239	21842	21866	21866.000
CT	238	22146	22161	22161.000
CT	237	22350	22369	22369.000
CT	236	22572	22589	22589.000
CT	235	23072	23099	23099.000
CT	234	23365	23381	23381.000
CT	233	23573	23593	23593.000
CT	232	23556	23576	23576.000
CT	231	23958	23969	23969.000
CT	230	24324	24341	24341.000
CT	229	24501	24513	24513.000
CT	228	24343	24346	24346.000
CT	227	24960	24984	24984.000
CT	226	24985	25004	25004.000
CT	225	25140	25158	25158.000
CT	224	25309	25330	25330.000
CT	223	25476	25503	25503.000
CT	222	25953	25970	25970.000
CT	221	25955	25976	25976.000
CT	220	26578	26594	26594.000
CT	219	26563	26582	26582.000
CT	218	26617	26640	26640.000
CT	217	26797	26819	26819.000
CT	216	26861	26880	26880.000
CT	215	26835	26847	26847.000
CT	214	27185	27194	27194.000
CT	213	26897	26903	26903.000
CT	212	27300	27306	27306.000
CT	211	27107	27114	27114.000
CT	210	27387	27394	27394.000
CT	209	27175	27179	27179.000
CT	208	27138	27133	27133.000
CT	207	27407	27396	27396.000
CT	206	27463	27463	27463.000
CT	205	27556	27556	27556.000
CT	204	27498	27503	27503.000
CT	203	27553	27551	27551.000
CT	202	27649	27650	27650.000
CT	201	27764	27764	27764.000
CT	200	27430	27432	27432.000
CT	199	27416	27422	27422.000
CT	198	27321	27328	27328.000
CT	197	27097	27099	27099.000
CT	196	26831	26835	26835.000
CT	195	26578	26583	26583.000
CT	194	26728	26732	26732.000
CT	193	26533	26530	26530.000
CT	192	26442	26441	26441.000
CT	191	26205	26208	26208.000
CT	190	26375	26381	26381.000
CT	189	26076	26083	26083.000
CT	188	26074	26077	26077.000
CT	187	26041	26043	26043.000
CT	186	25999	25995	25995.000
CT	185	25366	25367	25367.000
CT	184	25028	25031	25031.000
CT	183	25076	25077	25077.000
CT	182	24775	24782	24782.000
CT	181	24374	24373	24373.000
CT	180	24200	24203	24203.000
CT	179	23774	23773	23773.000
CT	178	23095	23088	23088.000
CT	177	22997	22985	22985.000
CT	176	22839	22829	22829.000
CT	175	22640	22632	22632.000
CT	174	22495	22482	22482.000
CT	173	22178	22178	22178.000
CT	172	21724	21733	21733.000
CT	171	21169	21157	21157.000
CT	170	21287	21279	21279.000
CT	169	20872	20867	20867.000
CT	168	20648	20639	20639.000
CT	167	20275	20275	20275.000
CT	166	19907	19902	19902.000
CT	165	19671	19660	19660.000
CT	164	19605	19599	19599.000
CT	163	19005	18983	18983.000
CT	162	18434	18420	18420.000
CT	161	18136	18129	18129.000
CT	160	17551	17537	17537.000
CT	159	16835	16816	16816.000
CT	158	16609	16596	16596.000
CT	157	16058	16041	16041.000
CT	156	15894	15873	15873.000
CT	155	15399	15380	15380.000
CT	154	15044	15030	15030.000
CT	153	14618	14604	14604.000
CT	152	13967	13950	13950.000
CT	151	13635	13618	13618.000
CT	150	13318	13302	13302.000
CT	149	12855	12834	12834.000
CT	148	12369	12347	12347.000
CT	147	12287	12273	12273.000
CT	146	11947	11931	11931.000
CT	145	11479	11452	11452.000
CT	144	10955	10927	10927.000
CT	143	10749	10716	10716.000
CT	142	10294	10276	10276.000
CT	141	9974	9955	9955.000
CT	140	9842	9822	9822.000
CT	139	9279	9260	9260.000
CT	138	8853	8823	8823.000
CT	137	8566	8545	8545.000
CT	136	8211	8188	8188.000
CT	135	7837	7803	7803.000
CT	134	7643	7611	7611.000
CT	133	7397	7376	7376.000
CT	132	7076	7057	7057.000
CT	131	6876	6861	6861.000
CT	130	6618	6598	6598.000
CT	129	6323	6311	6311.000
CT	128	6060	6036	6036.000
CT	127	5873	5852	5852.000
CT	126	5557	5539	5539.000
CT	125	5542	5514	5514.000
CT	124	5217	5202	5202.000
CT	123	4838	4815	4815.000
CT	122	4654	4623	4623.000
CT	121	4504	4475	4475.000
CT	120	4277	4251	4251.000
CT	119	4003	3964	3964.000
CT	118	3758	3723	3723.000
CT	117	3625	3593	3593.000
CT	116	3472	3437	3437.000
CT	115	3292	3263	3263.000
CT	114	2990	2962	2962.000
CT	113	2841	2806	2806.000
CT	112	2779	2741	2741.000
CT	111	2600	2573	2573.000
CT	110	2499	2475	2475.000
CT	109	2250	2232	2232.000
CT	108	2189	2171	2171.000
CT	107	2028	2006	2006.000
CT	106	1861	1842	1842.000
CT	105	1636	1623	1623.000
CT	104	1523	1503	1503.000
CT	103	1492	1467	1467.000
CT	102	1397	1376	1376.000
CT	101	1278	1263	1263.000
CT	100	1241	1210	1210.000
CT	99	1125	1111	1111.000
CT	98	1052	1032	1032.000
CT	97	996	973	973.000
CT	96	1010	984	984.000
CT	95	953	931	931.000
CT	94	851	833	833.000
CT	93	846	827	827.000
CT	92	828	809	809.000
CT	91	754	734	734.000
CT	90	627	607	607.000
CT	89	568	546	546.000
CT	88	614	580	580.000
CT	87	496	477	477.000
CT	86	508	481	481.000
CT	85	476	448	448.000
CT	84	450	417	417.000
CT	83	413	382	382.000
CT	82	374	342	342.000
CT	81	393	371	371.000
CT	80	384	352	352.000
CT	79	311	278	278.000
CT	78	284	257	257.000
CT	77	199	178	178.000
CT	76	181	159	159.000
CT	75	201	175	175.000
CT	74	213	186	186.000
CT	73	191	156	156.000
CT	72	159	123	123.000
CT	71	166	124	124.000
CT	70	158	117	117.000
CT	69	129	86	86.000
CT	68	155	101	101.000
CT	67	126	77	77.000
CT	66	112	55	55.000
CT	65	104	60	60.000
CT	64	108	50	50.000
CT	63	107	62	62.000
CT	62	124	64	64.000
CT	61	106	58	58.000
CT	60	110	45	45.000
CT	59	108	52	52.000
CT	58	106	40	40.000
CT	57	86	35	35.000
CT	56	108	29	29.000
CT	55	115	43	43.000
CT	54	107	41	41.000
CT	53	115	27	27.000
CT	52	114	28	28.000
CT	51	117	16	16.000
CT	50	108	21	21.000
CT	49	138	15	15.000
CT	48	118	8	8.000
CT	47	116	7	7.000
CT	46	132	9	9.000
CT	45	142	15	15.000
CT	44	172	11	11.000
CT	43	165	11	11.000
CT	42	187	12	12.000
CT	41	157	10	10.000
CT	40	197	4	4.000
CT	39	201	5	5.000
CT	38	213	5	5.000
CT	37	217	7	7.000
CT	36	231	13	13.000
CT	35	306	8	8.000
CT	34	309	7	7.000
CT	33	336	6	6.000
CT	32	376	13	13.000
CT	31	384	8	8.000
CT	30	501	3	3.000
CT	29	477	5	5.000
CT	28	566	5	5.000
CT	27	655	4	4.000
CT	26	785	4	4.000
CT	25	750	1	1.000
CT	24	877	0	0.000
CT	23	967	0	0.000
CT	22	1227	0	0.000
CT	21	1392	0	0.000
CT	20	1581	0	0.000
CT	19	1985	0	0.000
CT	18	2350	0	0.000
CT	17	2716	0	0.000
CT	16	3378	0	0.000
CT	15	4191	0	0.000
CT	14	5320	0	0.000
CT	13	7116	0	0.000
CT	12	9414	0	0.000
CT	11	12514	0	0.000
CT	10	16572	0	0.000
CT	9	23957	0	0.000
CT	8	36095	0	0.000
CT	7	60606	0	0.000
CT	6	106288	0	0.000
CT	5	211932	0	0.000
CT	4	494488	0	0.000
CT	3	1444564	0	0.000
CT	2	7924537	0	0.000
CT	1	0	0	-nan
CT	0	0	64	-nan
FR	0	0
ER	3738423	0.000
CV	1.000
QV	62.579	62.579
