HS	1023	0	12119	12119
HS	1022	0	23	12142
HS	1021	0	29	12171
HS	1020	0	19	12190
HS	1019	0	17	12207
HS	1018	0	15	12222
HS	1017	0	19	12241
HS	1016	0	21	12262
HS	1015	0	16	12278
HS	1014	0	29	12307
HS	1013	0	32	12339
HS	1012	0	22	12361
HS	1011	0	28	12389
HS	1010	0	30	12419
HS	1009	0	21	12440
HS	1008	0	24	12464
HS	1007	0	21	12485
HS	1006	0	20	12505
HS	1005	0	26	12531
HS	1004	0	33	12564
HS	1003	0	17	12581
HS	1002	0	28	12609
HS	1001	0	42	12651
HS	1000	0	25	12676
HS	999	0	31	12707
HS	998	0	17	12724
HS	997	0	28	12752
HS	996	0	21	12773
HS	995	0	21	12794
HS	994	0	22	12816
HS	993	0	26	12842
HS	992	0	28	12870
HS	991	0	36	12906
HS	990	0	20	12926
HS	989	0	22	12948
HS	988	0	26	12974
HS	987	0	20	12994
HS	986	0	29	13023
HS	985	0	30	13053
HS	984	0	22	13075
HS	983	0	26	13101
HS	982	0	17	13118
HS	981	0	26	13144
HS	980	0	27	13171
HS	979	0	26	13197
HS	978	0	28	13225
HS	977	0	18	13243
HS	976	0	22	13265
HS	975	0	23	13288
HS	974	0	30	13318
HS	973	0	23	13341
HS	972	0	28	13369
HS	971	0	23	13392
HS	970	0	16	13408
HS	969	0	21	13429
HS	968	0	17	13446
HS	967	0	34	13480
HS	966	0	22	13502
HS	965	0	26	13528
HS	964	0	18	13546
HS	963	0	26	13572
HS	962	0	21	13593
HS	961	0	21	13614
HS	960	0	27	13641
HS	959	0	32	13673
HS	958	0	25	13698
HS	957	0	22	13720
HS	956	0	19	13739
HS	955	0	20	13759
HS	954	0	24	13783
HS	953	0	29	13812
HS	952	0	28	13840
HS	951	0	21	13861
HS	950	0	26	13887
HS	949	0	27	13914
HS	948	0	30	13944
HS	947	0	28	13972
HS	946	0	39	14011
HS	945	0	24	14035
HS	944	0	26	14061
HS	943	0	26	14087
HS	942	0	38	14125
HS	941	0	29	14154
HS	940	0	27	14181
HS	939	0	25	14206
HS	938	0	34	14240
HS	937	0	30	14270
HS	936	0	25	14295
HS	935	0	27	14322
HS	934	0	27	14349
HS	933	0	34	14383
HS	932	0	23	14406
HS	931	0	33	14439
HS	930	0	25	14464
HS	929	0	32	14496
HS	928	0	27	14523
HS	927	0	26	14549
HS	926	0	29	14578
HS	925	0	33	14611
HS	924	0	27	14638
HS	923	0	30	14668
HS	922	0	29	14697
HS	921	0	23	14720
HS	920	0	29	14749
HS	919	0	25	14774
HS	918	0	31	14805
HS	917	0	22	14827
HS	916	0	32	14859
HS	915	0	36	14895
HS	914	0	30	14925
HS	913	0	25	14950
HS	912	0	34	14984
HS	911	0	24	15008
HS	910	0	36	15044
HS	909	0	27	15071
HS	908	0	34	15105
HS	907	0	32	15137
HS	906	0	24	15161
HS	905	0	29	15190
HS	904	0	39	15229
HS	903	0	24	15253
HS	902	0	34	15287
HS	901	0	24	15311
HS	900	0	34	15345
HS	899	0	31	15376
HS	898	0	40	15416
HS	897	0	29	15445
HS	896	0	38	15483
HS	895	0	35	15518
HS	894	0	29	15547
HS	893	0	38	15585
HS	892	0	34	15619
HS	891	0	26	15645
HS	890	0	26	15671
HS	889	0	28	15699
HS	888	0	34	15733
HS	887	0	32	15765
HS	886	0	28	15793
HS	885	0	35	15828
HS	884	0	32	15860
HS	883	0	32	15892
HS	882	0	33	15925
HS	881	0	46	15971
HS	880	0	31	16002
HS	879	0	23	16025
HS	878	0	44	16069
HS	877	0	35	16104
HS	876	0	36	16140
HS	875	0	37	16177
HS	874	0	32	16209
HS	873	0	35	16244
HS	872	0	42	16286
HS	871	0	30	16316
HS	870	0	36	16352
HS	869	0	40	16392
HS	868	0	39	16431
HS	867	0	34	16465
HS	866	0	30	16495
HS	865	0	36	16531
HS	864	0	35	16566
HS	863	0	29	16595
HS	862	0	34	16629
HS	861	0	37	16666
HS	860	0	30	16696
HS	859	0	37	16733
HS	858	0	32	16765
HS	857	0	32	16797
HS	856	0	28	16825
HS	855	0	39	16864
HS	854	0	39	16903
HS	853	0	38	16941
HS	852	0	33	16974
HS	851	0	30	17004
HS	850	0	29	17033
HS	849	0	33	17066
HS	848	0	33	17099
HS	847	0	28	17127
HS	846	0	34	17161
HS	845	0	37	17198
HS	844	0	31	17229
HS	843	0	35	17264
HS	842	0	34	17298
HS	841	0	27	17325
HS	840	0	30	17355
HS	839	0	42	17397
HS	838	0	31	17428
HS	837	0	34	17462
HS	836	0	34	17496
HS	835	0	35	17531
HS	834	0	29	17560
HS	833	0	33	17593
HS	832	0	48	17641
HS	831	0	23	17664
HS	830	0	29	17693
HS	829	0	22	17715
HS	828	0	24	17739
HS	827	0	33	17772
HS	826	0	34	17806
HS	825	0	32	17838
HS	824	0	47	17885
HS	823	0	36	17921
HS	822	0	27	17948
HS	821	0	37	17985
HS	820	0	43	18028
HS	819	0	39	18067
HS	818	0	32	18099
HS	817	0	34	18133
HS	816	0	46	18179
HS	815	0	44	18223
HS	814	0	33	18256
HS	813	0	29	18285
HS	812	0	44	18329
HS	811	0	44	18373
HS	810	0	39	18412
HS	809	0	25	18437
HS	808	0	42	18479
HS	807	0	43	18522
HS	806	0	41	18563
HS	805	0	34	18597
HS	804	0	39	18636
HS	803	0	40	18676
HS	802	0	54	18730
HS	801	0	52	18782
HS	800	0	38	18820
HS	799	0	42	18862
HS	798	0	31	18893
HS	797	0	30	18923
HS	796	0	47	18970
HS	795	0	46	19016
HS	794	0	44	19060
HS	793	0	52	19112
HS	792	0	31	19143
HS	791	0	37	19180
HS	790	0	50	19230
HS	789	0	26	19256
HS	788	0	44	19300
HS	787	0	43	19343
HS	786	0	43	19386
HS	785	0	42	19428
HS	784	0	33	19461
HS	783	0	39	19500
HS	782	0	35	19535
HS	781	0	35	19570
HS	780	0	52	19622
HS	779	0	47	19669
HS	778	0	33	19702
HS	777	0	36	19738
HS	776	0	40	19778
HS	775	0	40	19818
HS	774	0	43	19861
HS	773	0	43	19904
HS	772	0	53	19957
HS	771	0	43	20000
HS	770	0	40	20040
HS	769	0	39	20079
HS	768	0	41	20120
HS	767	0	47	20167
HS	766	0	50	20217
HS	765	0	46	20263
HS	764	0	49	20312
HS	763	0	51	20363
HS	762	0	43	20406
HS	761	0	54	20460
HS	760	0	51	20511
HS	759	0	46	20557
HS	758	0	42	20599
HS	757	0	35	20634
HS	756	0	37	20671
HS	755	0	47	20718
HS	754	0	39	20757
HS	753	0	40	20797
HS	752	0	41	20838
HS	751	0	36	20874
HS	750	0	40	20914
HS	749	0	48	20962
HS	748	0	47	21009
HS	747	0	37	21046
HS	746	0	46	21092
HS	745	0	38	21130
HS	744	0	40	21170
HS	743	0	39	21209
HS	742	0	32	21241
HS	741	0	40	21281
HS	740	0	49	21330
HS	739	0	36	21366
HS	738	0	36	21402
HS	737	0	46	21448
HS	736	0	36	21484
HS	735	0	28	21512
HS	734	0	45	21557
HS	733	0	42	21599
HS	732	0	29	21628
HS	731	0	27	21655
HS	730	0	34	21689
HS	729	0	36	21725
HS	728	0	46	21771
HS	727	0	30	21801
HS	726	0	37	21838
HS	725	0	36	21874
HS	724	0	25	21899
HS	723	0	33	21932
HS	722	0	37	21969
HS	721	0	29	21998
HS	720	0	50	22048
HS	719	0	39	22087
HS	718	0	25	22112
HS	717	0	29	22141
HS	716	0	50	22191
HS	715	0	36	22227
HS	714	0	48	22275
HS	713	0	51	22326
HS	712	0	43	22369
HS	711	0	41	22410
HS	710	0	28	22438
HS	709	0	51	22489
HS	708	0	38	22527
HS	707	0	28	22555
HS	706	0	43	22598
HS	705	0	35	22633
HS	704	0	44	22677
HS	703	0	54	22731
HS	702	0	42	22773
HS	701	0	37	22810
HS	700	0	42	22852
HS	699	0	41	22893
HS	698	0	49	22942
HS	697	0	50	22992
HS	696	0	50	23042
HS	695	0	50	23092
HS	694	0	59	23151
HS	693	0	42	23193
HS	692	0	47	23240
HS	691	0	64	23304
HS	690	0	41	23345
HS	689	0	47	23392
HS	688	0	48	23440
HS	687	0	55	23495
HS	686	0	53	23548
HS	685	0	47	23595
HS	684	0	51	23646
HS	683	0	77	23723
HS	682	0	46	23769
HS	681	0	38	23807
HS	680	0	48	23855
HS	679	0	45	23900
HS	678	0	43	23943
HS	677	0	43	23986
HS	676	0	42	24028
HS	675	0	46	24074
HS	674	0	41	24115
HS	673	0	48	24163
HS	672	0	50	24213
HS	671	0	53	24266
HS	670	0	43	24309
HS	669	0	45	24354
HS	668	0	45	24399
HS	667	0	40	24439
HS	666	0	37	24476
HS	665	0	44	24520
HS	664	0	51	24571
HS	663	0	39	24610
HS	662	0	57	24667
HS	661	0	53	24720
HS	660	0	58	24778
HS	659	0	51	24829
HS	658	0	32	24861
HS	657	0	42	24903
HS	656	0	41	24944
HS	655	0	44	24988
HS	654	0	50	25038
HS	653	0	48	25086
HS	652	0	55	25141
HS	651	0	47	25188
HS	650	0	54	25242
HS	649	0	54	25296
HS	648	0	68	25364
HS	647	0	48	25412
HS	646	0	44	25456
HS	645	0	47	25503
HS	644	0	49	25552
HS	643	0	49	25601
HS	642	0	56	25657
HS	641	0	54	25711
HS	640	0	40	25751
HS	639	0	65	25816
HS	638	0	48	25864
HS	637	0	43	25907
HS	636	0	43	25950
HS	635	0	52	26002
HS	634	0	47	26049
HS	633	0	42	26091
HS	632	0	38	26129
HS	631	0	45	26174
HS	630	0	38	26212
HS	629	0	41	26253
HS	628	0	64	26317
HS	627	0	34	26351
HS	626	0	47	26398
HS	625	0	47	26445
HS	624	0	43	26488
HS	623	0	40	26528
HS	622	0	54	26582
HS	621	0	47	26629
HS	620	0	49	26678
HS	619	0	46	26724
HS	618	0	42	26766
HS	617	0	56	26822
HS	616	0	34	26856
HS	615	0	42	26898
HS	614	0	48	26946
HS	613	0	36	26982
HS	612	0	35	27017
HS	611	0	43	27060
HS	610	0	42	27102
HS	609	0	23	27125
HS	608	0	36	27161
HS	607	0	33	27194
HS	606	0	38	27232
HS	605	0	26	27258
HS	604	0	41	27299
HS	603	0	32	27331
HS	602	0	32	27363
HS	601	0	29	27392
HS	600	0	33	27425
HS	599	0	57	27482
HS	598	0	45	27527
HS	597	0	35	27562
HS	596	0	52	27614
HS	595	0	58	27672
HS	594	0	46	27718
HS	593	0	31	27749
HS	592	0	33	27782
HS	591	0	38	27820
HS	590	0	31	27851
HS	589	0	41	27892
HS	588	0	23	27915
HS	587	0	37	27952
HS	586	0	35	27987
HS	585	0	37	28024
HS	584	0	39	28063
HS	583	0	25	28088
HS	582	0	37	28125
HS	581	0	43	28168
HS	580	0	29	28197
HS	579	0	36	28233
HS	578	0	33	28266
HS	577	0	34	28300
HS	576	0	31	28331
HS	575	0	31	28362
HS	574	0	35	28397
HS	573	0	32	28429
HS	572	0	39	28468
HS	571	0	38	28506
HS	570	0	51	28557
HS	569	0	42	28599
HS	568	0	47	28646
HS	567	0	40	28686
HS	566	0	44	28730
HS	565	0	32	28762
HS	564	0	44	28806
HS	563	0	38	28844
HS	562	0	30	28874
HS	561	0	43	28917
HS	560	0	44	28961
HS	559	0	48	29009
HS	558	0	48	29057
HS	557	0	33	29090
HS	556	0	37	29127
HS	555	0	41	29168
HS	554	0	36	29204
HS	553	0	41	29245
HS	552	0	42	29287
HS	551	0	49	29336
HS	550	0	47	29383
HS	549	0	38	29421
HS	548	0	47	29468
HS	547	0	45	29513
HS	546	0	40	29553
HS	545	0	34	29587
HS	544	0	41	29628
HS	543	0	46	29674
HS	542	0	33	29707
HS	541	0	39	29746
HS	540	0	46	29792
HS	539	0	46	29838
HS	538	0	41	29879
HS	537	0	41	29920
HS	536	0	32	29952
HS	535	0	51	30003
HS	534	0	29	30032
HS	533	0	42	30074
HS	532	0	42	30116
HS	531	0	51	30167
HS	530	0	50	30217
HS	529	0	48	30265
HS	528	0	51	30316
HS	527	0	52	30368
HS	526	0	44	30412
HS	525	0	56	30468
HS	524	0	42	30510
HS	523	0	39	30549
HS	522	0	32	30581
HS	521	0	29	30610
HS	520	0	40	30650
HS	519	0	31	30681
HS	518	0	57	30738
HS	517	0	42	30780
HS	516	0	49	30829
HS	515	0	52	30881
HS	514	0	52	30933
HS	513	0	58	30991
HS	512	0	51	31042
HS	511	0	43	31085
HS	510	0	48	31133
HS	509	0	53	31186
HS	508	0	72	31258
HS	507	0	59	31317
HS	506	0	47	31364
HS	505	0	62	31426
HS	504	0	58	31484
HS	503	0	70	31554
HS	502	0	60	31614
HS	501	0	63	31677
HS	500	0	70	31747
HS	499	0	57	31804
HS	498	0	53	31857
HS	497	0	42	31899
HS	496	0	65	31964
HS	495	0	70	32034
HS	494	0	55	32089
HS	493	0	62	32151
HS	492	0	53	32204
HS	491	0	69	32273
HS	490	0	61	32334
HS	489	0	48	32382
HS	488	0	57	32439
HS	487	0	52	32491
HS	486	0	66	32557
HS	485	0	57	32614
HS	484	0	47	32661
HS	483	0	72	32733
HS	482	0	52	32785
HS	481	0	60	32845
HS	480	0	72	32917
HS	479	0	73	32990
HS	478	0	84	33074
HS	477	0	90	33164
HS	476	0	71	33235
HS	475	0	80	33315
HS	474	0	79	33394
HS	473	0	69	33463
HS	472	0	95	33558
HS	471	0	93	33651
HS	470	0	90	33741
HS	469	0	95	33836
HS	468	0	114	33950
HS	467	0	103	34053
HS	466	0	100	34153
HS	465	0	98	34251
HS	464	0	90	34341
HS	463	0	109	34450
HS	462	0	98	34548
HS	461	0	96	34644
HS	460	0	96	34740
HS	459	0	100	34840
HS	458	0	80	34920
HS	457	0	115	35035
HS	456	0	113	35148
HS	455	0	104	35252
HS	454	0	125	35377
HS	453	0	98	35475
HS	452	0	116	35591
HS	451	0	96	35687
HS	450	0	118	35805
HS	449	0	114	35919
HS	448	0	122	36041
HS	447	0	110	36151
HS	446	0	135	36286
HS	445	0	116	36402
HS	444	0	113	36515
HS	443	0	123	36638
HS	442	0	129	36767
HS	441	0	121	36888
HS	440	0	118	37006
HS	439	0	129	37135
HS	438	0	120	37255
HS	437	0	134	37389
HS	436	0	115	37504
HS	435	0	120	37624
HS	434	0	121	37745
HS	433	0	148	37893
HS	432	0	150	38043
HS	431	0	140	38183
HS	430	0	156	38339
HS	429	0	163	38502
HS	428	0	166	38668
HS	427	0	150	38818
HS	426	0	167	38985
HS	425	0	165	39150
HS	424	0	176	39326
HS	423	0	168	39494
HS	422	0	188	39682
HS	421	0	181	39863
HS	420	0	184	40047
HS	419	0	190	40237
HS	418	0	184	40421
HS	417	0	221	40642
HS	416	0	200	40842
HS	415	0	229	41071
HS	414	0	205	41276
HS	413	0	208	41484
HS	412	0	230	41714
HS	411	0	208	41922
HS	410	0	248	42170
HS	409	0	262	42432
HS	408	0	271	42703
HS	407	0	272	42975
HS	406	0	280	43255
HS	405	0	305	43560
HS	404	0	335	43895
HS	403	0	364	44259
HS	402	0	398	44657
HS	401	0	371	45028
HS	400	0	422	45450
HS	399	0	432	45882
HS	398	0	433	46315
HS	397	0	465	46780
HS	396	0	501	47281
HS	395	0	465	47746
HS	394	0	531	48277
HS	393	0	527	48804
HS	392	0	548	49352
HS	391	0	574	49926
HS	390	0	648	50574
HS	389	0	635	51209
HS	388	0	636	51845
HS	387	0	676	52521
HS	386	0	697	53218
HS	385	0	663	53881
HS	384	0	687	54568
HS	383	0	720	55288
HS	382	0	777	56065
HS	381	0	755	56820
HS	380	0	795	57615
HS	379	0	799	58414
HS	378	0	844	59258
HS	377	0	916	60174
HS	376	0	935	61109
HS	375	0	958	62067
HS	374	0	965	63032
HS	373	0	983	64015
HS	372	0	962	64977
HS	371	0	978	65955
HS	370	0	1083	67038
HS	369	0	1185	68223
HS	368	0	1119	69342
HS	367	0	1226	70568
HS	366	0	1181	71749
HS	365	0	1309	73058
HS	364	0	1315	74373
HS	363	0	1387	75760
HS	362	0	1372	77132
HS	361	0	1506	78638
HS	360	0	1425	80063
HS	359	0	1538	81601
HS	358	0	1532	83133
HS	357	0	1616	84749
HS	356	0	1642	86391
HS	355	0	1683	88074
HS	354	0	1811	89885
HS	353	0	1846	91731
HS	352	0	1883	93614
HS	351	0	1963	95577
HS	350	0	1976	97553
HS	349	0	2083	99636
HS	348	0	2157	101793
HS	347	0	2086	103879
HS	346	0	2183	106062
HS	345	0	2303	108365
HS	344	0	2419	110784
HS	343	0	2483	113267
HS	342	0	2579	115846
HS	341	0	2691	118537
HS	340	0	2700	121237
HS	339	0	2761	123998
HS	338	0	2850	126848
HS	337	0	2901	129749
HS	336	0	2992	132741
HS	335	0	3161	135902
HS	334	0	3060	138962
HS	333	0	3165	142127
HS	332	0	3305	145432
HS	331	0	3283	148715
HS	330	0	3375	152090
HS	329	0	3531	155621
HS	328	0	3635	159256
HS	327	0	3726	162982
HS	326	0	3725	166707
HS	325	0	3847	170554
HS	324	0	4049	174603
HS	323	0	4158	178761
HS	322	0	4288	183049
HS	321	0	4316	187365
HS	320	0	4471	191836
HS	319	0	4534	196370
HS	318	0	4728	201098
HS	317	0	4827	205925
HS	316	0	4993	210918
HS	315	0	4953	215871
HS	314	0	5330	221201
HS	313	0	5345	226546
HS	312	0	5524	232070
HS	311	0	5488	237558
HS	310	0	5777	243335
HS	309	0	5861	249196
HS	308	0	6081	255277
HS	307	0	6224	261501
HS	306	0	6273	267774
HS	305	0	6562	274336
HS	304	0	6629	280965
HS	303	0	6791	287756
HS	302	0	7017	294773
HS	301	0	7122	301895
HS	300	0	7130	309025
HS	299	0	7329	316354
HS	298	0	7775	324129
HS	297	0	7716	331845
HS	296	0	7950	339795
HS	295	0	8040	347835
HS	294	0	8197	356032
HS	293	0	8505	364537
HS	292	0	8735	373272
HS	291	0	8734	382006
HS	290	0	9097	391103
HS	289	0	9046	400149
HS	288	0	9558	409707
HS	287	0	9651	419358
HS	286	0	9891	429249
HS	285	0	10308	439557
HS	284	0	10309	449866
HS	283	0	10657	460523
HS	282	0	10897	471420
HS	281	0	11042	482462
HS	280	0	11637	494099
HS	279	0	11719	505818
HS	278	0	11813	517631
HS	277	0	12194	529825
HS	276	0	12740	542565
HS	275	0	12726	555291
HS	274	0	12938	568229
HS	273	0	13422	581651
HS	272	0	13535	595186
HS	271	0	13676	608862
HS	270	0	13861	622723
HS	269	0	14289	637012
HS	268	0	14508	651520
HS	267	0	14747	666267
HS	266	0	15117	681384
HS	265	0	15275	696659
HS	264	0	15133	711792
HS	263	0	15474	727266
HS	262	0	15919	743185
HS	261	0	15946	759131
HS	260	0	16422	775553
HS	259	0	16737	792290
HS	258	0	16992	809282
HS	257	0	17093	826375
HS	256	0	17514	843889
HS	255	0	17884	861773
HS	254	0	17925	879698
HS	253	0	17968	897666
HS	252	0	18697	916363
HS	251	0	18867	935230
HS	250	0	19328	954558
HS	249	0	19507	974065
HS	248	0	20169	994234
HS	247	0	20177	1014411
HS	246	0	20351	1034762
HS	245	0	20696	1055458
HS	244	0	20660	1076118
HS	243	0	20696	1096814
HS	242	0	21332	1118146
HS	241	0	21417	1139563
HS	240	0	21746	1161309
HS	239	0	21842	1183151
HS	238	0	22146	1205297
HS	237	0	22350	1227647
HS	236	0	22572	1250219
HS	235	0	23072	1273291
HS	234	0	23365	1296656
HS	233	0	23573	1320229
HS	232	0	23556	1343785
HS	231	0	23958	1367743
HS	230	0	24324	1392067
HS	229	0	24501	1416568
HS	228	0	24343	1440911
HS	227	0	24960	1465871
HS	226	0	24985	1490856
HS	225	0	25140	1515996
HS	224	0	25309	1541305
HS	223	0	25476	1566781
HS	222	0	25953	1592734
HS	221	0	25955	1618689
HS	220	0	26578	1645267
HS	219	0	26563	1671830
HS	218	0	26617	1698447
HS	217	0	26797	1725244
HS	216	0	26861	1752105
HS	215	0	26835	1778940
HS	214	0	27185	1806125
HS	213	0	26897	1833022
HS	212	0	27300	1860322
HS	211	0	27107	1887429
HS	210	0	27387	1914816
HS	209	0	27175	1941991
HS	208	0	27138	1969129
HS	207	0	27407	1996536
HS	206	0	27463	2023999
HS	205	0	27556	2051555
HS	204	0	27498	2079053
HS	203	0	27553	2106606
HS	202	0	27649	2134255
HS	201	0	27764	2162019
HS	200	0	27430	2189449
HS	199	0	27416	2216865
HS	198	0	27321	2244186
HS	197	0	27097	2271283
HS	196	0	26831	2298114
HS	195	0	26578	2324692
HS	194	0	26728	2351420
HS	193	0	26533	2377953
HS	192	0	26442	2404395
HS	191	0	26205	2430600
HS	190	0	26375	2456975
HS	189	0	26076	2483051
HS	188	0	26074	2509125
HS	187	0	26041	2535166
HS	186	0	25999	2561165
HS	185	0	25366	2586531
HS	184	0	25028	2611559
HS	183	0	25076	2636635
HS	182	0	24775	2661410
HS	181	0	24374	2685784
HS	180	0	24200	2709984
HS	179	0	23774	2733758
HS	178	0	23095	2756853
HS	177	0	22997	2779850
HS	176	0	22839	2802689
HS	175	0	22640	2825329
HS	174	0	22495	2847824
HS	173	0	22178	2870002
HS	172	0	21724	2891726
HS	171	0	21169	2912895
HS	170	0	21287	2934182
HS	169	0	20872	2955054
HS	168	0	20648	2975702
HS	167	0	20275	2995977
HS	166	0	19907	3015884
HS	165	0	19671	3035555
HS	164	0	19605	3055160
HS	163	0	19005	3074165
HS	162	0	18434	3092599
HS	161	0	18136	3110735
HS	160	0	17551	3128286
HS	159	0	16835	3145121
HS	158	0	16609	3161730
HS	157	0	16058	3177788
HS	156	0	15894	3193682
HS	155	0	15399	3209081
HS	154	0	15044	3224125
HS	153	0	14618	3238743
HS	152	0	13967	3252710
HS	151	0	13635	3266345
HS	150	0	13318	3279663
HS	149	0	12855	3292518
HS	148	0	12369	3304887
HS	147	0	12287	3317174
HS	146	0	11947	3329121
HS	145	0	11479	3340600
HS	144	0	10955	3351555
HS	143	0	10749	3362304
HS	142	0	10294	3372598
HS	141	0	9974	3382572
HS	140	0	9842	3392414
HS	139	0	9279	3401693
HS	138	0	8853	3410546
HS	137	0	8566	3419112
HS	136	0	8211	3427323
HS	135	0	7837	3435160
HS	134	0	7643	3442803
HS	133	0	7397	3450200
HS	132	0	7076	3457276
HS	131	0	6876	3464152
HS	130	0	6618	3470770
HS	129	0	6323	3477093
HS	128	0	6060	3483153
HS	127	0	5873	3489026
HS	126	0	5557	3494583
HS	125	0	5542	3500125
HS	124	0	5217	3505342
HS	123	0	4838	3510180
HS	122	0	4654	3514834
HS	121	0	4504	3519338
HS	120	0	4277	3523615
HS	119	0	4003	3527618
HS	118	0	3758	3531376
HS	117	0	3625	3535001
HS	116	0	3472	3538473
HS	115	0	3292	3541765
HS	114	0	2990	3544755
HS	113	0	2841	3547596
HS	112	0	2779	3550375
HS	111	0	2600	3552975
HS	110	0	2499	3555474
HS	109	0	2250	3557724
HS	108	0	2189	3559913
HS	107	0	2028	3561941
HS	106	0	1861	3563802
HS	105	0	1636	3565438
HS	104	0	1523	3566961
HS	103	0	1492	3568453
HS	102	0	1397	3569850
HS	101	0	1278	3571128
HS	100	0	1241	3572369
HS	99	0	1125	3573494
HS	98	0	1052	3574546
HS	97	0	996	3575542
HS	96	0	1010	3576552
HS	95	0	953	3577505
HS	94	0	851	3578356
HS	93	0	846	3579202
HS	92	0	828	3580030
HS	91	0	754	3580784
HS	90	0	627	3581411
HS	89	0	568	3581979
HS	88	0	614	3582593
HS	87	0	496	3583089
HS	86	0	508	3583597
HS	85	0	476	3584073
HS	84	0	450	3584523
HS	83	0	413	3584936
HS	82	0	374	3585310
HS	81	0	393	3585703
HS	80	0	384	3586087
HS	79	0	311	3586398
HS	78	0	284	3586682
HS	77	0	199	3586881
HS	76	0	181	3587062
HS	75	0	201	3587263
HS	74	0	213	3587476
HS	73	0	191	3587667
HS	72	0	159	3587826
HS	71	0	166	3587992
HS	70	0	158	3588150
HS	69	0	129	3588279
HS	68	0	155	3588434
HS	67	0	126	3588560
HS	66	0	112	3588672
HS	65	0	104	3588776
HS	64	0	108	3588884
HS	63	0	107	3588991
HS	62	0	124	3589115
HS	61	0	106	3589221
HS	60	0	110	3589331
HS	59	0	108	3589439
HS	58	0	106	3589545
HS	57	0	86	3589631
HS	56	0	108	3589739
HS	55	0	115	3589854
HS	54	0	107	3589961
HS	53	0	115	3590076
HS	52	0	114	3590190
HS	51	0	117	3590307
HS	50	0	108	3590415
HS	49	0	138	3590553
HS	48	0	118	3590671
HS	47	0	116	3590787
HS	46	0	132	3590919
HS	45	0	142	3591061
HS	44	0	172	3591233
HS	43	0	165	3591398
HS	42	0	187	3591585
HS	41	0	157	3591742
HS	40	0	197	3591939
HS	39	0	201	3592140
HS	38	0	213	3592353
HS	37	0	217	3592570
HS	36	0	231	3592801
HS	35	0	306	3593107
HS	34	0	309	3593416
HS	33	0	336	3593752
HS	32	0	376	3594128
HS	31	0	384	3594512
HS	30	0	501	3595013
HS	29	0	477	3595490
HS	28	0	566	3596056
HS	27	0	655	3596711
HS	26	0	785	3597496
HS	25	0	750	3598246
HS	24	0	877	3599123
HS	23	0	967	3600090
HS	22	0	1227	3601317
HS	21	0	1392	3602709
HS	20	0	1581	3604290
HS	19	0	1985	3606275
HS	18	0	2350	3608625
HS	17	0	2716	3611341
HS	16	0	3378	3614719
HS	15	0	4191	3618910
HS	14	0	5320	3624230
HS	13	0	7116	3631346
HS	12	0	9414	3640760
HS	11	0	12514	3653274
HS	10	0	16572	3669846
HS	9	0	23957	3693803
HS	8	0	36095	3729898
HS	7	0	60606	3790504
HS	6	0	106288	3896792
HS	5	0	211932	4108724
HS	4	0	494488	4603212
HS	3	0	1444564	6047776
HS	2	0	7924537	13972313
HS	1	0	0	13972313
HS	0	0	0	13972313
