HS	1023	0	9906	9906
HS	1022	0	7	9913
HS	1021	0	7	9920
HS	1020	0	6	9926
HS	1019	0	5	9931
HS	1018	0	10	9941
HS	1017	0	9	9950
HS	1016	0	4	9954
HS	1015	0	3	9957
HS	1014	0	6	9963
HS	1013	0	5	9968
HS	1012	0	8	9976
HS	1011	0	4	9980
HS	1010	0	6	9986
HS	1009	0	7	9993
HS	1008	0	9	10002
HS	1007	0	5	10007
HS	1006	0	9	10016
HS	1005	0	3	10019
HS	1004	0	7	10026
HS	1003	0	7	10033
HS	1002	0	10	10043
HS	1001	0	7	10050
HS	1000	0	3	10053
HS	999	0	6	10059
HS	998	0	9	10068
HS	997	0	5	10073
HS	996	0	5	10078
HS	995	0	7	10085
HS	994	0	10	10095
HS	993	0	8	10103
HS	992	0	10	10113
HS	991	0	6	10119
HS	990	0	10	10129
HS	989	0	7	10136
HS	988	0	7	10143
HS	987	0	6	10149
HS	986	0	9	10158
HS	985	0	6	10164
HS	984	0	6	10170
HS	983	0	6	10176
HS	982	0	7	10183
HS	981	0	5	10188
HS	980	0	8	10196
HS	979	0	6	10202
HS	978	0	13	10215
HS	977	0	5	10220
HS	976	0	5	10225
HS	975	0	6	10231
HS	974	0	10	10241
HS	973	0	5	10246
HS	972	0	12	10258
HS	971	0	5	10263
HS	970	0	5	10268
HS	969	0	10	10278
HS	968	0	6	10284
HS	967	0	8	10292
HS	966	0	7	10299
HS	965	0	3	10302
HS	964	0	11	10313
HS	963	0	5	10318
HS	962	0	8	10326
HS	961	0	8	10334
HS	960	0	2	10336
HS	959	0	9	10345
HS	958	0	6	10351
HS	957	0	4	10355
HS	956	0	7	10362
HS	955	0	9	10371
HS	954	0	7	10378
HS	953	0	10	10388
HS	952	0	11	10399
HS	951	0	11	10410
HS	950	0	6	10416
HS	949	0	7	10423
HS	948	0	5	10428
HS	947	0	8	10436
HS	946	0	1	10437
HS	945	0	0	10437
HS	944	0	6	10443
HS	943	0	8	10451
HS	942	0	4	10455
HS	941	0	7	10462
HS	940	0	9	10471
HS	939	0	4	10475
HS	938	0	9	10484
HS	937	0	5	10489
HS	936	0	4	10493
HS	935	0	10	10503
HS	934	0	6	10509
HS	933	0	6	10515
HS	932	0	8	10523
HS	931	0	5	10528
HS	930	0	5	10533
HS	929	0	7	10540
HS	928	0	9	10549
HS	927	0	6	10555
HS	926	0	9	10564
HS	925	0	10	10574
HS	924	0	11	10585
HS	923	0	8	10593
HS	922	0	10	10603
HS	921	0	10	10613
HS	920	0	12	10625
HS	919	0	11	10636
HS	918	0	13	10649
HS	917	0	7	10656
HS	916	0	8	10664
HS	915	0	10	10674
HS	914	0	13	10687
HS	913	0	12	10699
HS	912	0	14	10713
HS	911	0	11	10724
HS	910	0	16	10740
HS	909	0	12	10752
HS	908	0	10	10762
HS	907	0	7	10769
HS	906	0	8	10777
HS	905	0	12	10789
HS	904	0	7	10796
HS	903	0	11	10807
HS	902	0	9	10816
HS	901	0	13	10829
HS	900	0	11	10840
HS	899	0	13	10853
HS	898	0	9	10862
HS	897	0	8	10870
HS	896	0	15	10885
HS	895	0	11	10896
HS	894	0	8	10904
HS	893	0	8	10912
HS	892	0	15	10927
HS	891	0	10	10937
HS	890	0	13	10950
HS	889	0	10	10960
HS	888	0	7	10967
HS	887	0	11	10978
HS	886	0	12	10990
HS	885	0	10	11000
HS	884	0	16	11016
HS	883	0	9	11025
HS	882	0	7	11032
HS	881	0	13	11045
HS	880	0	15	11060
HS	879	0	9	11069
HS	878	0	8	11077
HS	877	0	7	11084
HS	876	0	11	11095
HS	875	0	13	11108
HS	874	0	21	11129
HS	873	0	18	11147
HS	872	0	12	11159
HS	871	0	9	11168
HS	870	0	11	11179
HS	869	0	20	11199
HS	868	0	8	11207
HS	867	0	12	11219
HS	866	0	14	11233
HS	865	0	13	11246
HS	864	0	12	11258
HS	863	0	14	11272
HS	862	0	14	11286
HS	861	0	11	11297
HS	860	0	15	11312
HS	859	0	16	11328
HS	858	0	13	11341
HS	857	0	14	11355
HS	856	0	15	11370
HS	855	0	18	11388
HS	854	0	15	11403
HS	853	0	18	11421
HS	852	0	24	11445
HS	851	0	16	11461
HS	850	0	21	11482
HS	849	0	18	11500
HS	848	0	21	11521
HS	847	0	17	11538
HS	846	0	18	11556
HS	845	0	13	11569
HS	844	0	16	11585
HS	843	0	16	11601
HS	842	0	20	11621
HS	841	0	14	11635
HS	840	0	11	11646
HS	839	0	12	11658
HS	838	0	17	11675
HS	837	0	14	11689
HS	836	0	13	11702
HS	835	0	21	11723
HS	834	0	15	11738
HS	833	0	16	11754
HS	832	0	20	11774
HS	831	0	13	11787
HS	830	0	15	11802
HS	829	0	16	11818
HS	828	0	20	11838
HS	827	0	18	11856
HS	826	0	18	11874
HS	825	0	13	11887
HS	824	0	20	11907
HS	823	0	13	11920
HS	822	0	13	11933
HS	821	0	8	11941
HS	820	0	10	11951
HS	819	0	12	11963
HS	818	0	12	11975
HS	817	0	15	11990
HS	816	0	14	12004
HS	815	0	10	12014
HS	814	0	13	12027
HS	813	0	17	12044
HS	812	0	15	12059
HS	811	0	12	12071
HS	810	0	13	12084
HS	809	0	11	12095
HS	808	0	15	12110
HS	807	0	15	12125
HS	806	0	16	12141
HS	805	0	22	12163
HS	804	0	9	12172
HS	803	0	15	12187
HS	802	0	15	12202
HS	801	0	12	12214
HS	800	0	7	12221
HS	799	0	7	12228
HS	798	0	14	12242
HS	797	0	9	12251
HS	796	0	19	12270
HS	795	0	20	12290
HS	794	0	21	12311
HS	793	0	10	12321
HS	792	0	13	12334
HS	791	0	13	12347
HS	790	0	14	12361
HS	789	0	7	12368
HS	788	0	15	12383
HS	787	0	13	12396
HS	786	0	12	12408
HS	785	0	13	12421
HS	784	0	12	12433
HS	783	0	3	12436
HS	782	0	14	12450
HS	781	0	14	12464
HS	780	0	17	12481
HS	779	0	10	12491
HS	778	0	14	12505
HS	777	0	13	12518
HS	776	0	24	12542
HS	775	0	13	12555
HS	774	0	12	12567
HS	773	0	20	12587
HS	772	0	15	12602
HS	771	0	10	12612
HS	770	0	14	12626
HS	769	0	15	12641
HS	768	0	13	12654
HS	767	0	17	12671
HS	766	0	21	12692
HS	765	0	7	12699
HS	764	0	19	12718
HS	763	0	15	12733
HS	762	0	17	12750
HS	761	0	11	12761
HS	760	0	21	12782
HS	759	0	12	12794
HS	758	0	22	12816
HS	757	0	22	12838
HS	756	0	12	12850
HS	755	0	20	12870
HS	754	0	10	12880
HS	753	0	14	12894
HS	752	0	15	12909
HS	751	0	12	12921
HS	750	0	12	12933
HS	749	0	16	12949
HS	748	0	19	12968
HS	747	0	21	12989
HS	746	0	20	13009
HS	745	0	10	13019
HS	744	0	17	13036
HS	743	0	15	13051
HS	742	0	16	13067
HS	741	0	16	13083
HS	740	0	26	13109
HS	739	0	16	13125
HS	738	0	23	13148
HS	737	0	17	13165
HS	736	0	10	13175
HS	735	0	14	13189
HS	734	0	17	13206
HS	733	0	15	13221
HS	732	0	15	13236
HS	731	0	12	13248
HS	730	0	19	13267
HS	729	0	8	13275
HS	728	0	18	13293
HS	727	0	23	13316
HS	726	0	14	13330
HS	725	0	15	13345
HS	724	0	25	13370
HS	723	0	14	13384
HS	722	0	19	13403
HS	721	0	18	13421
HS	720	0	24	13445
HS	719	0	24	13469
HS	718	0	25	13494
HS	717	0	12	13506
HS	716	0	15	13521
HS	715	0	18	13539
HS	714	0	18	13557
HS	713	0	14	13571
HS	712	0	10	13581
HS	711	0	18	13599
HS	710	0	27	13626
HS	709	0	17	13643
HS	708	0	18	13661
HS	707	0	15	13676
HS	706	0	21	13697
HS	705	0	26	13723
HS	704	0	15	13738
HS	703	0	31	13769
HS	702	0	21	13790
HS	701	0	25	13815
HS	700	0	26	13841
HS	699	0	24	13865
HS	698	0	16	13881
HS	697	0	24	13905
HS	696	0	26	13931
HS	695	0	30	13961
HS	694	0	24	13985
HS	693	0	25	14010
HS	692	0	18	14028
HS	691	0	30	14058
HS	690	0	18	14076
HS	689	0	24	14100
HS	688	0	23	14123
HS	687	0	30	14153
HS	686	0	36	14189
HS	685	0	34	14223
HS	684	0	30	14253
HS	683	0	21	14274
HS	682	0	18	14292
HS	681	0	18	14310
HS	680	0	25	14335
HS	679	0	12	14347
HS	678	0	19	14366
HS	677	0	19	14385
HS	676	0	20	14405
HS	675	0	14	14419
HS	674	0	22	14441
HS	673	0	18	14459
HS	672	0	24	14483
HS	671	0	18	14501
HS	670	0	13	14514
HS	669	0	23	14537
HS	668	0	24	14561
HS	667	0	21	14582
HS	666	0	29	14611
HS	665	0	25	14636
HS	664	0	21	14657
HS	663	0	17	14674
HS	662	0	25	14699
HS	661	0	21	14720
HS	660	0	34	14754
HS	659	0	21	14775
HS	658	0	26	14801
HS	657	0	29	14830
HS	656	0	28	14858
HS	655	0	25	14883
HS	654	0	31	14914
HS	653	0	40	14954
HS	652	0	25	14979
HS	651	0	31	15010
HS	650	0	26	15036
HS	649	0	34	15070
HS	648	0	25	15095
HS	647	0	26	15121
HS	646	0	20	15141
HS	645	0	35	15176
HS	644	0	22	15198
HS	643	0	33	15231
HS	642	0	22	15253
HS	641	0	30	15283
HS	640	0	25	15308
HS	639	0	29	15337
HS	638	0	30	15367
HS	637	0	32	15399
HS	636	0	32	15431
HS	635	0	27	15458
HS	634	0	43	15501
HS	633	0	36	15537
HS	632	0	37	15574
HS	631	0	28	15602
HS	630	0	29	15631
HS	629	0	32	15663
HS	628	0	33	15696
HS	627	0	43	15739
HS	626	0	33	15772
HS	625	0	30	15802
HS	624	0	25	15827
HS	623	0	30	15857
HS	622	0	33	15890
HS	621	0	35	15925
HS	620	0	56	15981
HS	619	0	29	16010
HS	618	0	41	16051
HS	617	0	53	16104
HS	616	0	34	16138
HS	615	0	46	16184
HS	614	0	28	16212
HS	613	0	41	16253
HS	612	0	37	16290
HS	611	0	53	16343
HS	610	0	47	16390
HS	609	0	48	16438
HS	608	0	45	16483
HS	607	0	44	16527
HS	606	0	47	16574
HS	605	0	52	16626
HS	604	0	57	16683
HS	603	0	63	16746
HS	602	0	48	16794
HS	601	0	59	16853
HS	600	0	68	16921
HS	599	0	54	16975
HS	598	0	54	17029
HS	597	0	58	17087
HS	596	0	40	17127
HS	595	0	61	17188
HS	594	0	66	17254
HS	593	0	53	17307
HS	592	0	51	17358
HS	591	0	57	17415
HS	590	0	64	17479
HS	589	0	56	17535
HS	588	0	75	17610
HS	587	0	61	17671
HS	586	0	59	17730
HS	585	0	59	17789
HS	584	0	72	17861
HS	583	0	76	17937
HS	582	0	74	18011
HS	581	0	83	18094
HS	580	0	78	18172
HS	579	0	66	18238
HS	578	0	65	18303
HS	577	0	77	18380
HS	576	0	84	18464
HS	575	0	78	18542
HS	574	0	86	18628
HS	573	0	94	18722
HS	572	0	85	18807
HS	571	0	93	18900
HS	570	0	84	18984
HS	569	0	92	19076
HS	568	0	81	19157
HS	567	0	84	19241
HS	566	0	100	19341
HS	565	0	99	19440
HS	564	0	91	19531
HS	563	0	94	19625
HS	562	0	118	19743
HS	561	0	100	19843
HS	560	0	115	19958
HS	559	0	113	20071
HS	558	0	139	20210
HS	557	0	123	20333
HS	556	0	114	20447
HS	555	0	128	20575
HS	554	0	124	20699
HS	553	0	120	20819
HS	552	0	135	20954
HS	551	0	121	21075
HS	550	0	155	21230
HS	549	0	152	21382
HS	548	0	151	21533
HS	547	0	147	21680
HS	546	0	158	21838
HS	545	0	172	22010
HS	544	0	161	22171
HS	543	0	163	22334
HS	542	0	167	22501
HS	541	0	170	22671
HS	540	0	193	22864
HS	539	0	193	23057
HS	538	0	183	23240
HS	537	0	179	23419
HS	536	0	193	23612
HS	535	0	199	23811
HS	534	0	182	23993
HS	533	0	204	24197
HS	532	0	208	24405
HS	531	0	197	24602
HS	530	0	220	24822
HS	529	0	251	25073
HS	528	0	256	25329
HS	527	0	240	25569
HS	526	0	245	25814
HS	525	0	230	26044
HS	524	0	279	26323
HS	523	0	275	26598
HS	522	0	283	26881
HS	521	0	274	27155
HS	520	0	290	27445
HS	519	0	255	27700
HS	518	0	297	27997
HS	517	0	319	28316
HS	516	0	286	28602
HS	515	0	307	28909
HS	514	0	310	29219
HS	513	0	309	29528
HS	512	0	347	29875
HS	511	0	338	30213
HS	510	0	363	30576
HS	509	0	378	30954
HS	508	0	390	31344
HS	507	0	430	31774
HS	506	0	455	32229
HS	505	0	420	32649
HS	504	0	454	33103
HS	503	0	438	33541
HS	502	0	516	34057
HS	501	0	489	34546
HS	500	0	453	34999
HS	499	0	565	35564
HS	498	0	518	36082
HS	497	0	515	36597
HS	496	0	586	37183
HS	495	0	583	37766
HS	494	0	668	38434
HS	493	0	588	39022
HS	492	0	690	39712
HS	491	0	693	40405
HS	490	0	636	41041
HS	489	0	693	41734
HS	488	0	726	42460
HS	487	0	764	43224
HS	486	0	730	43954
HS	485	0	827	44781
HS	484	0	781	45562
HS	483	0	748	46310
HS	482	0	823	47133
HS	481	0	868	48001
HS	480	0	867	48868
HS	479	0	924	49792
HS	478	0	946	50738
HS	477	0	995	51733
HS	476	0	977	52710
HS	475	0	991	53701
HS	474	0	962	54663
HS	473	0	1010	55673
HS	472	0	1023	56696
HS	471	0	1076	57772
HS	470	0	1035	58807
HS	469	0	1125	59932
HS	468	0	1112	61044
HS	467	0	1181	62225
HS	466	0	1157	63382
HS	465	0	1295	64677
HS	464	0	1239	65916
HS	463	0	1321	67237
HS	462	0	1272	68509
HS	461	0	1403	69912
HS	460	0	1425	71337
HS	459	0	1442	72779
HS	458	0	1454	74233
HS	457	0	1485	75718
HS	456	0	1490	77208
HS	455	0	1637	78845
HS	454	0	1570	80415
HS	453	0	1657	82072
HS	452	0	1683	83755
HS	451	0	1765	85520
HS	450	0	1778	87298
HS	449	0	1788	89086
HS	448	0	1837	90923
HS	447	0	1861	92784
HS	446	0	1878	94662
HS	445	0	1978	96640
HS	444	0	2055	98695
HS	443	0	2063	100758
HS	442	0	2069	102827
HS	441	0	2120	104947
HS	440	0	2159	107106
HS	439	0	2298	109404
HS	438	0	2257	111661
HS	437	0	2395	114056
HS	436	0	2379	116435
HS	435	0	2409	118844
HS	434	0	2483	121327
HS	433	0	2566	123893
HS	432	0	2684	126577
HS	431	0	2658	129235
HS	430	0	2660	131895
HS	429	0	2797	134692
HS	428	0	2776	137468
HS	427	0	2961	140429
HS	426	0	2962	143391
HS	425	0	3006	146397
HS	424	0	3123	149520
HS	423	0	3020	152540
HS	422	0	3335	155875
HS	421	0	3301	159176
HS	420	0	3307	162483
HS	419	0	3535	166018
HS	418	0	3583	169601
HS	417	0	3669	173270
HS	416	0	3805	177075
HS	415	0	3893	180968
HS	414	0	3848	184816
HS	413	0	3931	188747
HS	412	0	4047	192794
HS	411	0	4054	196848
HS	410	0	4198	201046
HS	409	0	4293	205339
HS	408	0	4505	209844
HS	407	0	4371	214215
HS	406	0	4625	218840
HS	405	0	4686	223526
HS	404	0	4785	228311
HS	403	0	4902	233213
HS	402	0	4839	238052
HS	401	0	5107	243159
HS	400	0	5176	248335
HS	399	0	5291	253626
HS	398	0	5267	258893
HS	397	0	5488	264381
HS	396	0	5566	269947
HS	395	0	5737	275684
HS	394	0	5659	281343
HS	393	0	5872	287215
HS	392	0	6054	293269
HS	391	0	6199	299468
HS	390	0	6457	305925
HS	389	0	6443	312368
HS	388	0	6618	318986
HS	387	0	6715	325701
HS	386	0	6695	332396
HS	385	0	6920	339316
HS	384	0	7022	346338
HS	383	0	6911	353249
HS	382	0	7119	360368
HS	381	0	7481	367849
HS	380	0	7612	375461
HS	379	0	7836	383297
HS	378	0	7854	391151
HS	377	0	8031	399182
HS	376	0	8067	407249
HS	375	0	8448	415697
HS	374	0	8701	424398
HS	373	0	8755	433153
HS	372	0	8729	441882
HS	371	0	9040	450922
HS	370	0	9108	460030
HS	369	0	9142	469172
HS	368	0	9338	478510
HS	367	0	9321	487831
HS	366	0	9618	497449
HS	365	0	9814	507263
HS	364	0	9880	517143
HS	363	0	10070	527213
HS	362	0	10225	537438
HS	361	0	10175	547613
HS	360	0	10389	558002
HS	359	0	10547	568549
HS	358	0	10728	579277
HS	357	0	11069	590346
HS	356	0	11299	601645
HS	355	0	11392	613037
HS	354	0	11518	624555
HS	353	0	11732	636287
HS	352	0	11848	648135
HS	351	0	11869	660004
HS	350	0	12021	672025
HS	349	0	12376	684401
HS	348	0	12503	696904
HS	347	0	12735	709639
HS	346	0	13092	722731
HS	345	0	13104	735835
HS	344	0	13274	749109
HS	343	0	13541	762650
HS	342	0	13824	776474
HS	341	0	13852	790326
HS	340	0	14099	804425
HS	339	0	14379	818804
HS	338	0	14527	833331
HS	337	0	14812	848143
HS	336	0	14818	862961
HS	335	0	14846	877807
HS	334	0	15387	893194
HS	333	0	15475	908669
HS	332	0	15564	924233
HS	331	0	16057	940290
HS	330	0	16218	956508
HS	329	0	16341	972849
HS	328	0	16454	989303
HS	327	0	17090	1006393
HS	326	0	17046	1023439
HS	325	0	17316	1040755
HS	324	0	17741	1058496
HS	323	0	17673	1076169
HS	322	0	17976	1094145
HS	321	0	18011	1112156
HS	320	0	18582	1130738
HS	319	0	18433	1149171
HS	318	0	18723	1167894
HS	317	0	18998	1186892
HS	316	0	19340	1206232
HS	315	0	19540	1225772
HS	314	0	19689	1245461
HS	313	0	19796	1265257
HS	312	0	19912	1285169
HS	311	0	20309	1305478
HS	310	0	20385	1325863
HS	309	0	20631	1346494
HS	308	0	20623	1367117
HS	307	0	21193	1388310
HS	306	0	21292	1409602
HS	305	0	21240	1430842
HS	304	0	21823	1452665
HS	303	0	21470	1474135
HS	302	0	21661	1495796
HS	301	0	21990	1517786
HS	300	0	22221	1540007
HS	299	0	22821	1562828
HS	298	0	22793	1585621
HS	297	0	22798	1608419
HS	296	0	23207	1631626
HS	295	0	23242	1654868
HS	294	0	23349	1678217
HS	293	0	23604	1701821
HS	292	0	23756	1725577
HS	291	0	23913	1749490
HS	290	0	23974	1773464
HS	289	0	24124	1797588
HS	288	0	24419	1822007
HS	287	0	24183	1846190
HS	286	0	24647	1870837
HS	285	0	24674	1895511
HS	284	0	24671	1920182
HS	283	0	25378	1945560
HS	282	0	25385	1970945
HS	281	0	25612	1996557
HS	280	0	25583	2022140
HS	279	0	25994	2048134
HS	278	0	25735	2073869
HS	277	0	25959	2099828
HS	276	0	26650	2126478
HS	275	0	26589	2153067
HS	274	0	26432	2179499
HS	273	0	26619	2206118
HS	272	0	26752	2232870
HS	271	0	27141	2260011
HS	270	0	27449	2287460
HS	269	0	27627	2315087
HS	268	0	27665	2342752
HS	267	0	28077	2370829
HS	266	0	27915	2398744
HS	265	0	27972	2426716
HS	264	0	28219	2454935
HS	263	0	28174	2483109
HS	262	0	28494	2511603
HS	261	0	28403	2540006
HS	260	0	28513	2568519
HS	259	0	28811	2597330
HS	258	0	28729	2626059
HS	257	0	28463	2654522
HS	256	0	28393	2682915
HS	255	0	28778	2711693
HS	254	0	28845	2740538
HS	253	0	28788	2769326
HS	252	0	28953	2798279
HS	251	0	28981	2827260
HS	250	0	29146	2856406
HS	249	0	28857	2885263
HS	248	0	29134	2914397
HS	247	0	29260	2943657
HS	246	0	29172	2972829
HS	245	0	29276	3002105
HS	244	0	29064	3031169
HS	243	0	29447	3060616
HS	242	0	29102	3089718
HS	241	0	29561	3119279
HS	240	0	29244	3148523
HS	239	0	29063	3177586
HS	238	0	29194	3206780
HS	237	0	29552	3236332
HS	236	0	29156	3265488
HS	235	0	29677	3295165
HS	234	0	29193	3324358
HS	233	0	29144	3353502
HS	232	0	28942	3382444
HS	231	0	28981	3411425
HS	230	0	28797	3440222
HS	229	0	28574	3468796
HS	228	0	28910	3497706
HS	227	0	28771	3526477
HS	226	0	28013	3554490
HS	225	0	28476	3582966
HS	224	0	28338	3611304
HS	223	0	27983	3639287
HS	222	0	28056	3667343
HS	221	0	27973	3695316
HS	220	0	28069	3723385
HS	219	0	27609	3750994
HS	218	0	27496	3778490
HS	217	0	27474	3805964
HS	216	0	27240	3833204
HS	215	0	27454	3860658
HS	214	0	26912	3887570
HS	213	0	26699	3914269
HS	212	0	26309	3940578
HS	211	0	25914	3966492
HS	210	0	25914	3992406
HS	209	0	25963	4018369
HS	208	0	25331	4043700
HS	207	0	25135	4068835
HS	206	0	24725	4093560
HS	205	0	24611	4118171
HS	204	0	24326	4142497
HS	203	0	24329	4166826
HS	202	0	24046	4190872
HS	201	0	23941	4214813
HS	200	0	24158	4238971
HS	199	0	23617	4262588
HS	198	0	22951	4285539
HS	197	0	22930	4308469
HS	196	0	22339	4330808
HS	195	0	22425	4353233
HS	194	0	22162	4375395
HS	193	0	21807	4397202
HS	192	0	21529	4418731
HS	191	0	21394	4440125
HS	190	0	21037	4461162
HS	189	0	20835	4481997
HS	188	0	20223	4502220
HS	187	0	19879	4522099
HS	186	0	19624	4541723
HS	185	0	19054	4560777
HS	184	0	18895	4579672
HS	183	0	18518	4598190
HS	182	0	18385	4616575
HS	181	0	17733	4634308
HS	180	0	17679	4651987
HS	179	0	17306	4669293
HS	178	0	16782	4686075
HS	177	0	16727	4702802
HS	176	0	16299	4719101
HS	175	0	15980	4735081
HS	174	0	15682	4750763
HS	173	0	15554	4766317
HS	172	0	14935	4781252
HS	171	0	15074	4796326
HS	170	0	14558	4810884
HS	169	0	14270	4825154
HS	168	0	13910	4839064
HS	167	0	13477	4852541
HS	166	0	13231	4865772
HS	165	0	12685	4878457
HS	164	0	12329	4890786
HS	163	0	12210	4902996
HS	162	0	11820	4914816
HS	161	0	11471	4926287
HS	160	0	11366	4937653
HS	159	0	10982	4948635
HS	158	0	10561	4959196
HS	157	0	10358	4969554
HS	156	0	9944	4979498
HS	155	0	9675	4989173
HS	154	0	9334	4998507
HS	153	0	8898	5007405
HS	152	0	8818	5016223
HS	151	0	8590	5024813
HS	150	0	8125	5032938
HS	149	0	7988	5040926
HS	148	0	7951	5048877
HS	147	0	7606	5056483
HS	146	0	7459	5063942
HS	145	0	7170	5071112
HS	144	0	6967	5078079
HS	143	0	6894	5084973
HS	142	0	6463	5091436
HS	141	0	6188	5097624
HS	140	0	5954	5103578
HS	139	0	5680	5109258
HS	138	0	5454	5114712
HS	137	0	5378	5120090
HS	136	0	5294	5125384
HS	135	0	4911	5130295
HS	134	0	4713	5135008
HS	133	0	4327	5139335
HS	132	0	4383	5143718
HS	131	0	4217	5147935
HS	130	0	4119	5152054
HS	129	0	4094	5156148
HS	128	0	3957	5160105
HS	127	0	3691	5163796
HS	126	0	3426	5167222
HS	125	0	3209	5170431
HS	124	0	3133	5173564
HS	123	0	2987	5176551
HS	122	0	2875	5179426
HS	121	0	2730	5182156
HS	120	0	2559	5184715
HS	119	0	2366	5187081
HS	118	0	2274	5189355
HS	117	0	2188	5191543
HS	116	0	2192	5193735
HS	115	0	1996	5195731
HS	114	0	2049	5197780
HS	113	0	1901	5199681
HS	112	0	1802	5201483
HS	111	0	1708	5203191
HS	110	0	1660	5204851
HS	109	0	1601	5206452
HS	108	0	1493	5207945
HS	107	0	1469	5209414
HS	106	0	1359	5210773
HS	105	0	1243	5212016
HS	104	0	1196	5213212
HS	103	0	1136	5214348
HS	102	0	1088	5215436
HS	101	0	963	5216399
HS	100	0	842	5217241
HS	99	0	842	5218083
HS	98	0	777	5218860
HS	97	0	835	5219695
HS	96	0	679	5220374
HS	95	0	684	5221058
HS	94	0	633	5221691
HS	93	0	629	5222320
HS	92	0	652	5222972
HS	91	0	550	5223522
HS	90	0	569	5224091
HS	89	0	538	5224629
HS	88	0	564	5225193
HS	87	0	530	5225723
HS	86	0	571	5226294
HS	85	0	487	5226781
HS	84	0	468	5227249
HS	83	0	456	5227705
HS	82	0	420	5228125
HS	81	0	504	5228629
HS	80	0	402	5229031
HS	79	0	407	5229438
HS	78	0	415	5229853
HS	77	0	380	5230233
HS	76	0	315	5230548
HS	75	0	302	5230850
HS	74	0	284	5231134
HS	73	0	300	5231434
HS	72	0	307	5231741
HS	71	0	312	5232053
HS	70	0	334	5232387
HS	69	0	333	5232720
HS	68	0	274	5232994
HS	67	0	288	5233282
HS	66	0	278	5233560
HS	65	0	292	5233852
HS	64	0	284	5234136
HS	63	0	247	5234383
HS	62	0	244	5234627
HS	61	0	296	5234923
HS	60	0	282	5235205
HS	59	0	275	5235480
HS	58	0	286	5235766
HS	57	0	283	5236049
HS	56	0	279	5236328
HS	55	0	290	5236618
HS	54	0	320	5236938
HS	53	0	331	5237269
HS	52	0	381	5237650
HS	51	0	381	5238031
HS	50	0	456	5238487
HS	49	0	524	5239011
HS	48	0	548	5239559
HS	47	0	522	5240081
HS	46	0	535	5240616
HS	45	0	588	5241204
HS	44	0	649	5241853
HS	43	0	634	5242487
HS	42	0	710	5243197
HS	41	0	840	5244037
HS	40	0	1014	5245051
HS	39	0	1170	5246221
HS	38	0	1210	5247431
HS	37	0	1398	5248829
HS	36	0	1559	5250388
HS	35	0	1757	5252145
HS	34	0	1908	5254053
HS	33	0	2094	5256147
HS	32	0	2344	5258491
HS	31	0	2573	5261064
HS	30	0	2983	5264047
HS	29	0	3322	5267369
HS	28	0	4202	5271571
HS	27	0	4933	5276504
HS	26	0	5297	5281801
HS	25	0	6159	5287960
HS	24	0	7538	5295498
HS	23	0	8029	5303527
HS	22	0	9758	5313285
HS	21	0	11626	5324911
HS	20	0	13414	5338325
HS	19	0	15566	5353891
HS	18	0	18007	5371898
HS	17	0	21660	5393558
HS	16	0	25917	5419475
HS	15	0	31917	5451392
HS	14	0	39223	5490615
HS	13	0	47234	5537849
HS	12	0	58948	5596797
HS	11	0	75696	5672493
HS	10	0	97929	5770422
HS	9	0	131993	5902415
HS	8	0	183716	6086131
HS	7	0	266215	6352346
HS	6	0	429324	6781670
HS	5	0	758246	7539916
HS	4	0	1577986	9117902
HS	3	0	4131622	13249524
HS	2	0	14844925	28094449
HS	1	0	0	28094449
HS	0	0	0	28094449
