CC	CT  kmer_occurrence    short_read_kmer_count  raw_input_kmer_count  adjusted_input_kmer_count
CC	FR  fpr_lower_bound    fpr_upper_bound
CC	ER  total_input_kmers  adjusted_error_kmers
CC	CV  coverage
CC	QV  raw_quality_value  adjusted_quality_value
CC
SQ	CP126080.1	4803959	4803929	4803929	99.00
CT	1023	51787	127038	127038.000
CT	1022	465	484	484.000
CT	1021	471	489	489.000
CT	1020	492	507	507.000
CT	1019	508	519	519.000
CT	1018	511	521	521.000
CT	1017	518	532	532.000
CT	1016	489	499	499.000
CT	1015	509	520	520.000
CT	1014	565	576	576.000
CT	1013	502	511	511.000
CT	1012	556	569	569.000
CT	1011	539	547	547.000
CT	1010	573	593	593.000
CT	1009	542	558	558.000
CT	1008	558	583	583.000
CT	1007	586	602	602.000
CT	1006	601	615	615.000
CT	1005	601	614	614.000
CT	1004	589	607	607.000
CT	1003	628	641	641.000
CT	1002	633	649	649.000
CT	1001	629	645	645.000
CT	1000	657	671	671.000
CT	999	647	667	667.000
CT	998	696	712	712.000
CT	997	679	688	688.000
CT	996	653	671	671.000
CT	995	751	768	768.000
CT	994	707	716	716.000
CT	993	721	731	731.000
CT	992	724	744	744.000
CT	991	772	783	783.000
CT	990	728	744	744.000
CT	989	740	748	748.000
CT	988	753	775	775.000
CT	987	770	794	794.000
CT	986	777	788	788.000
CT	985	748	764	764.000
CT	984	822	839	839.000
CT	983	858	871	871.000
CT	982	863	884	884.000
CT	981	801	815	815.000
CT	980	856	861	861.000
CT	979	869	885	885.000
CT	978	896	908	908.000
CT	977	856	872	872.000
CT	976	874	894	894.000
CT	975	855	867	867.000
CT	974	882	899	899.000
CT	973	923	936	936.000
CT	972	935	948	948.000
CT	971	869	884	884.000
CT	970	880	890	890.000
CT	969	962	967	967.000
CT	968	943	956	956.000
CT	967	937	948	948.000
CT	966	979	989	989.000
CT	965	1034	1043	1043.000
CT	964	961	968	968.000
CT	963	1003	1011	1011.000
CT	962	998	1012	1012.000
CT	961	1056	1061	1061.000
CT	960	1002	1009	1009.000
CT	959	1057	1068	1068.000
CT	958	1009	1016	1016.000
CT	957	1035	1038	1038.000
CT	956	1087	1095	1095.000
CT	955	1091	1100	1100.000
CT	954	1075	1088	1088.000
CT	953	1008	1019	1019.000
CT	952	1145	1155	1155.000
CT	951	1173	1186	1186.000
CT	950	1109	1121	1121.000
CT	949	1057	1066	1066.000
CT	948	1133	1142	1142.000
CT	947	1166	1177	1177.000
CT	946	1176	1182	1182.000
CT	945	1161	1169	1169.000
CT	944	1112	1121	1121.000
CT	943	1202	1207	1207.000
CT	942	1192	1201	1201.000
CT	941	1194	1204	1204.000
CT	940	1181	1187	1187.000
CT	939	1211	1223	1223.000
CT	938	1305	1317	1317.000
CT	937	1273	1283	1283.000
CT	936	1307	1317	1317.000
CT	935	1252	1267	1267.000
CT	934	1359	1370	1370.000
CT	933	1301	1311	1311.000
CT	932	1344	1353	1353.000
CT	931	1353	1363	1363.000
CT	930	1382	1393	1393.000
CT	929	1417	1432	1432.000
CT	928	1404	1418	1418.000
CT	927	1356	1365	1365.000
CT	926	1409	1418	1418.000
CT	925	1479	1488	1488.000
CT	924	1424	1431	1431.000
CT	923	1610	1621	1621.000
CT	922	1507	1524	1524.000
CT	921	1598	1606	1606.000
CT	920	1534	1550	1550.000
CT	919	1562	1570	1570.000
CT	918	1490	1498	1498.000
CT	917	1681	1687	1687.000
CT	916	1673	1682	1682.000
CT	915	1643	1654	1654.000
CT	914	1660	1670	1670.000
CT	913	1824	1832	1832.000
CT	912	1735	1740	1740.000
CT	911	1784	1795	1795.000
CT	910	1796	1806	1806.000
CT	909	1803	1812	1812.000
CT	908	1841	1853	1853.000
CT	907	1951	1961	1961.000
CT	906	1837	1846	1846.000
CT	905	1890	1898	1898.000
CT	904	1885	1894	1894.000
CT	903	1875	1881	1881.000
CT	902	1972	1979	1979.000
CT	901	1984	1993	1993.000
CT	900	1987	1995	1995.000
CT	899	2066	2073	2073.000
CT	898	2059	2068	2068.000
CT	897	2169	2173	2173.000
CT	896	2108	2114	2114.000
CT	895	2098	2108	2108.000
CT	894	2103	2115	2115.000
CT	893	2170	2177	2177.000
CT	892	2213	2222	2222.000
CT	891	2248	2259	2259.000
CT	890	2353	2366	2366.000
CT	889	2284	2296	2296.000
CT	888	2317	2329	2329.000
CT	887	2298	2308	2308.000
CT	886	2330	2342	2342.000
CT	885	2294	2307	2307.000
CT	884	2391	2401	2401.000
CT	883	2435	2442	2442.000
CT	882	2447	2460	2460.000
CT	881	2468	2475	2475.000
CT	880	2498	2512	2512.000
CT	879	2555	2564	2564.000
CT	878	2538	2545	2545.000
CT	877	2563	2576	2576.000
CT	876	2645	2658	2658.000
CT	875	2682	2691	2691.000
CT	874	2733	2741	2741.000
CT	873	2621	2630	2630.000
CT	872	2706	2709	2709.000
CT	871	2815	2822	2822.000
CT	870	2818	2827	2827.000
CT	869	2788	2800	2800.000
CT	868	2815	2833	2833.000
CT	867	2956	2963	2963.000
CT	866	2896	2907	2907.000
CT	865	2952	2960	2960.000
CT	864	2887	2896	2896.000
CT	863	3036	3047	3047.000
CT	862	2997	3007	3007.000
CT	861	3017	3023	3023.000
CT	860	3117	3137	3137.000
CT	859	3031	3047	3047.000
CT	858	3095	3114	3114.000
CT	857	3186	3197	3197.000
CT	856	3200	3211	3211.000
CT	855	3280	3295	3295.000
CT	854	3292	3303	3303.000
CT	853	3302	3321	3321.000
CT	852	3328	3336	3336.000
CT	851	3377	3391	3391.000
CT	850	3355	3374	3374.000
CT	849	3282	3293	3293.000
CT	848	3476	3493	3493.000
CT	847	3488	3496	3496.000
CT	846	3418	3438	3438.000
CT	845	3548	3563	3563.000
CT	844	3585	3596	3596.000
CT	843	3576	3587	3587.000
CT	842	3644	3662	3662.000
CT	841	3645	3662	3662.000
CT	840	3567	3584	3584.000
CT	839	3578	3592	3592.000
CT	838	3722	3732	3732.000
CT	837	3649	3666	3666.000
CT	836	3869	3878	3878.000
CT	835	3840	3854	3854.000
CT	834	3850	3862	3862.000
CT	833	3898	3910	3910.000
CT	832	3863	3874	3874.000
CT	831	3913	3921	3921.000
CT	830	4030	4040	4040.000
CT	829	4038	4047	4047.000
CT	828	4073	4086	4086.000
CT	827	4137	4145	4145.000
CT	826	4154	4163	4163.000
CT	825	4227	4231	4231.000
CT	824	4248	4257	4257.000
CT	823	4250	4258	4258.000
CT	822	4317	4324	4324.000
CT	821	4343	4349	4349.000
CT	820	4401	4406	4406.000
CT	819	4379	4391	4391.000
CT	818	4558	4565	4565.000
CT	817	4458	4463	4463.000
CT	816	4615	4622	4622.000
CT	815	4613	4624	4624.000
CT	814	4674	4682	4682.000
CT	813	4572	4589	4589.000
CT	812	4683	4690	4690.000
CT	811	4689	4695	4695.000
CT	810	4735	4740	4740.000
CT	809	4827	4831	4831.000
CT	808	4888	4897	4897.000
CT	807	4861	4868	4868.000
CT	806	4888	4898	4898.000
CT	805	4860	4868	4868.000
CT	804	4886	4891	4891.000
CT	803	5053	5056	5056.000
CT	802	5028	5029	5029.000
CT	801	5032	5035	5035.000
CT	800	5168	5186	5186.000
CT	799	5029	5038	5038.000
CT	798	5139	5148	5148.000
CT	797	5181	5189	5189.000
CT	796	5374	5378	5378.000
CT	795	5238	5248	5248.000
CT	794	5316	5324	5324.000
CT	793	5351	5354	5354.000
CT	792	5564	5567	5567.000
CT	791	5582	5582	5582.000
CT	790	5480	5482	5482.000
CT	789	5703	5711	5711.000
CT	788	5608	5609	5609.000
CT	787	5631	5633	5633.000
CT	786	5723	5729	5729.000
CT	785	5751	5755	5755.000
CT	784	5806	5811	5811.000
CT	783	5681	5682	5682.000
CT	782	5937	5942	5942.000
CT	781	5743	5746	5746.000
CT	780	5931	5930	5930.000
CT	779	6118	6121	6121.000
CT	778	6177	6181	6181.000
CT	777	6164	6165	6165.000
CT	776	6231	6234	6234.000
CT	775	6213	6216	6216.000
CT	774	6281	6280	6280.000
CT	773	6202	6204	6204.000
CT	772	6164	6170	6170.000
CT	771	6336	6337	6337.000
CT	770	6387	6391	6391.000
CT	769	6415	6414	6414.000
CT	768	6500	6507	6507.000
CT	767	6492	6492	6492.000
CT	766	6622	6629	6629.000
CT	765	6559	6563	6563.000
CT	764	6572	6573	6573.000
CT	763	6877	6878	6878.000
CT	762	6911	6914	6914.000
CT	761	6925	6927	6927.000
CT	760	7021	7021	7021.000
CT	759	6915	6915	6915.000
CT	758	6938	6938	6938.000
CT	757	6975	6974	6974.000
CT	756	6805	6809	6809.000
CT	755	6978	6976	6976.000
CT	754	7192	7196	7196.000
CT	753	7150	7149	7149.000
CT	752	7190	7196	7196.000
CT	751	7314	7313	7313.000
CT	750	7309	7308	7308.000
CT	749	7313	7314	7314.000
CT	748	7543	7548	7548.000
CT	747	7343	7348	7348.000
CT	746	7519	7524	7524.000
CT	745	7505	7509	7509.000
CT	744	7482	7484	7484.000
CT	743	7540	7545	7545.000
CT	742	7627	7630	7630.000
CT	741	7618	7623	7623.000
CT	740	7690	7691	7691.000
CT	739	7878	7881	7881.000
CT	738	7739	7743	7743.000
CT	737	7911	7911	7911.000
CT	736	7893	7899	7899.000
CT	735	7924	7930	7930.000
CT	734	8046	8051	8051.000
CT	733	8077	8077	8077.000
CT	732	7995	7997	7997.000
CT	731	8251	8252	8252.000
CT	730	8048	8055	8055.000
CT	729	8323	8326	8326.000
CT	728	8321	8323	8323.000
CT	727	8384	8388	8388.000
CT	726	8533	8536	8536.000
CT	725	8504	8508	8508.000
CT	724	8345	8344	8344.000
CT	723	8345	8345	8345.000
CT	722	8498	8496	8496.000
CT	721	8548	8545	8545.000
CT	720	8527	8525	8525.000
CT	719	8715	8714	8714.000
CT	718	8672	8675	8675.000
CT	717	8761	8762	8762.000
CT	716	9032	9036	9036.000
CT	715	8848	8846	8846.000
CT	714	8967	8968	8968.000
CT	713	9017	9019	9019.000
CT	712	9164	9161	9161.000
CT	711	9116	9117	9117.000
CT	710	9004	9006	9006.000
CT	709	9500	9498	9498.000
CT	708	9341	9348	9348.000
CT	707	9378	9377	9377.000
CT	706	9567	9571	9571.000
CT	705	9262	9263	9263.000
CT	704	9516	9520	9520.000
CT	703	9781	9782	9782.000
CT	702	9808	9809	9809.000
CT	701	9726	9728	9728.000
CT	700	9969	9969	9969.000
CT	699	10130	10126	10126.000
CT	698	10217	10217	10217.000
CT	697	10227	10230	10230.000
CT	696	10227	10229	10229.000
CT	695	10382	10385	10385.000
CT	694	10333	10333	10333.000
CT	693	10422	10423	10423.000
CT	692	10521	10520	10520.000
CT	691	10406	10409	10409.000
CT	690	10629	10632	10632.000
CT	689	10651	10652	10652.000
CT	688	10561	10563	10563.000
CT	687	10801	10803	10803.000
CT	686	10810	10814	10814.000
CT	685	10949	10949	10949.000
CT	684	10883	10887	10887.000
CT	683	10884	10885	10885.000
CT	682	11194	11197	11197.000
CT	681	10949	10952	10952.000
CT	680	11099	11101	11101.000
CT	679	11039	11041	11041.000
CT	678	11231	11231	11231.000
CT	677	11336	11339	11339.000
CT	676	11357	11360	11360.000
CT	675	11294	11302	11302.000
CT	674	11589	11597	11597.000
CT	673	11625	11631	11631.000
CT	672	11754	11759	11759.000
CT	671	11711	11718	11718.000
CT	670	11703	11712	11712.000
CT	669	11820	11829	11829.000
CT	668	11957	11968	11968.000
CT	667	11846	11850	11850.000
CT	666	12033	12036	12036.000
CT	665	12122	12128	12128.000
CT	664	12139	12140	12140.000
CT	663	12115	12119	12119.000
CT	662	11988	11983	11983.000
CT	661	12187	12187	12187.000
CT	660	12217	12217	12217.000
CT	659	12093	12098	12098.000
CT	658	12424	12424	12424.000
CT	657	12572	12574	12574.000
CT	656	12612	12612	12612.000
CT	655	12406	12409	12409.000
CT	654	12454	12452	12452.000
CT	653	12473	12474	12474.000
CT	652	12593	12595	12595.000
CT	651	12503	12503	12503.000
CT	650	12692	12694	12694.000
CT	649	12604	12606	12606.000
CT	648	12880	12882	12882.000
CT	647	13138	13138	13138.000
CT	646	12828	12825	12825.000
CT	645	12792	12789	12789.000
CT	644	12753	12754	12754.000
CT	643	13029	13030	13030.000
CT	642	12913	12915	12915.000
CT	641	13119	13119	13119.000
CT	640	13241	13239	13239.000
CT	639	13211	13212	13212.000
CT	638	13238	13234	13234.000
CT	637	13282	13283	13283.000
CT	636	13413	13412	13412.000
CT	635	13322	13321	13321.000
CT	634	13424	13426	13426.000
CT	633	13751	13753	13753.000
CT	632	13719	13718	13718.000
CT	631	13600	13604	13604.000
CT	630	13550	13548	13548.000
CT	629	13359	13360	13360.000
CT	628	13675	13675	13675.000
CT	627	13699	13693	13693.000
CT	626	13795	13792	13792.000
CT	625	13663	13662	13662.000
CT	624	13694	13691	13691.000
CT	623	13831	13831	13831.000
CT	622	13965	13964	13964.000
CT	621	13654	13651	13651.000
CT	620	13824	13821	13821.000
CT	619	14121	14120	14120.000
CT	618	13911	13910	13910.000
CT	617	14024	14022	14022.000
CT	616	14302	14301	14301.000
CT	615	14049	14049	14049.000
CT	614	14024	14022	14022.000
CT	613	13910	13909	13909.000
CT	612	14361	14359	14359.000
CT	611	14246	14245	14245.000
CT	610	14204	14201	14201.000
CT	609	14279	14276	14276.000
CT	608	14306	14305	14305.000
CT	607	14297	14299	14299.000
CT	606	14262	14264	14264.000
CT	605	14266	14266	14266.000
CT	604	14460	14456	14456.000
CT	603	14137	14133	14133.000
CT	602	14529	14530	14530.000
CT	601	14481	14479	14479.000
CT	600	14239	14239	14239.000
CT	599	14520	14519	14519.000
CT	598	14458	14457	14457.000
CT	597	14283	14279	14279.000
CT	596	14582	14580	14580.000
CT	595	14644	14641	14641.000
CT	594	14502	14499	14499.000
CT	593	14618	14614	14614.000
CT	592	14702	14699	14699.000
CT	591	14556	14554	14554.000
CT	590	14691	14690	14690.000
CT	589	14566	14567	14567.000
CT	588	14841	14835	14835.000
CT	587	14793	14794	14794.000
CT	586	14691	14692	14692.000
CT	585	14691	14690	14690.000
CT	584	14678	14674	14674.000
CT	583	14633	14635	14635.000
CT	582	14580	14579	14579.000
CT	581	14644	14643	14643.000
CT	580	14905	14905	14905.000
CT	579	14754	14749	14749.000
CT	578	14861	14861	14861.000
CT	577	14719	14720	14720.000
CT	576	14652	14652	14652.000
CT	575	14977	14977	14977.000
CT	574	14785	14781	14781.000
CT	573	14623	14620	14620.000
CT	572	14686	14683	14683.000
CT	571	14597	14595	14595.000
CT	570	14692	14690	14690.000
CT	569	14723	14722	14722.000
CT	568	14597	14593	14593.000
CT	567	14548	14547	14547.000
CT	566	14512	14506	14506.000
CT	565	14843	14839	14839.000
CT	564	14468	14466	14466.000
CT	563	14426	14423	14423.000
CT	562	14586	14585	14585.000
CT	561	14299	14298	14298.000
CT	560	14473	14472	14472.000
CT	559	14284	14280	14280.000
CT	558	14403	14403	14403.000
CT	557	14167	14166	14166.000
CT	556	14361	14359	14359.000
CT	555	14175	14170	14170.000
CT	554	14325	14320	14320.000
CT	553	14592	14589	14589.000
CT	552	14156	14153	14153.000
CT	551	14240	14237	14237.000
CT	550	14428	14427	14427.000
CT	549	14431	14425	14425.000
CT	548	14271	14269	14269.000
CT	547	14079	14075	14075.000
CT	546	14375	14371	14371.000
CT	545	14116	14110	14110.000
CT	544	14180	14178	14178.000
CT	543	13889	13887	13887.000
CT	542	14101	14094	14094.000
CT	541	14071	14069	14069.000
CT	540	14211	14207	14207.000
CT	539	14152	14150	14150.000
CT	538	14082	14081	14081.000
CT	537	13971	13963	13963.000
CT	536	13948	13944	13944.000
CT	535	13718	13717	13717.000
CT	534	13888	13885	13885.000
CT	533	13974	13971	13971.000
CT	532	13723	13720	13720.000
CT	531	13780	13778	13778.000
CT	530	13562	13559	13559.000
CT	529	13951	13947	13947.000
CT	528	13740	13737	13737.000
CT	527	13655	13654	13654.000
CT	526	13402	13399	13399.000
CT	525	13167	13166	13166.000
CT	524	13334	13332	13332.000
CT	523	13231	13227	13227.000
CT	522	13003	13002	13002.000
CT	521	12956	12953	12953.000
CT	520	12606	12605	12605.000
CT	519	12776	12772	12772.000
CT	518	12866	12864	12864.000
CT	517	12606	12603	12603.000
CT	516	12732	12727	12727.000
CT	515	12778	12775	12775.000
CT	514	12417	12412	12412.000
CT	513	12474	12469	12469.000
CT	512	12296	12295	12295.000
CT	511	12340	12340	12340.000
CT	510	12228	12228	12228.000
CT	509	12146	12141	12141.000
CT	508	11863	11861	11861.000
CT	507	12085	12085	12085.000
CT	506	11868	11867	11867.000
CT	505	11839	11838	11838.000
CT	504	11855	11853	11853.000
CT	503	11729	11727	11727.000
CT	502	11552	11552	11552.000
CT	501	11533	11533	11533.000
CT	500	11344	11342	11342.000
CT	499	11575	11574	11574.000
CT	498	10937	10936	10936.000
CT	497	11311	11309	11309.000
CT	496	11303	11303	11303.000
CT	495	11185	11184	11184.000
CT	494	10763	10763	10763.000
CT	493	10916	10915	10915.000
CT	492	10652	10652	10652.000
CT	491	10702	10701	10701.000
CT	490	10505	10505	10505.000
CT	489	10403	10403	10403.000
CT	488	10437	10437	10437.000
CT	487	10321	10321	10321.000
CT	486	10160	10160	10160.000
CT	485	10394	10394	10394.000
CT	484	10098	10098	10098.000
CT	483	9931	9931	9931.000
CT	482	10104	10104	10104.000
CT	481	9787	9787	9787.000
CT	480	9884	9884	9884.000
CT	479	9706	9706	9706.000
CT	478	9492	9492	9492.000
CT	477	9595	9595	9595.000
CT	476	9552	9552	9552.000
CT	475	9557	9557	9557.000
CT	474	9212	9212	9212.000
CT	473	9036	9035	9035.000
CT	472	8934	8934	8934.000
CT	471	8974	8974	8974.000
CT	470	8865	8865	8865.000
CT	469	8870	8870	8870.000
CT	468	8503	8503	8503.000
CT	467	8628	8628	8628.000
CT	466	8421	8421	8421.000
CT	465	8274	8274	8274.000
CT	464	8235	8235	8235.000
CT	463	8264	8263	8263.000
CT	462	8081	8081	8081.000
CT	461	7946	7946	7946.000
CT	460	7790	7790	7790.000
CT	459	7858	7857	7857.000
CT	458	7621	7621	7621.000
CT	457	7508	7507	7507.000
CT	456	7352	7350	7350.000
CT	455	7314	7314	7314.000
CT	454	7266	7266	7266.000
CT	453	7217	7217	7217.000
CT	452	7305	7305	7305.000
CT	451	6960	6958	6958.000
CT	450	6898	6898	6898.000
CT	449	6807	6807	6807.000
CT	448	6514	6514	6514.000
CT	447	6503	6502	6502.000
CT	446	6605	6605	6605.000
CT	445	6573	6573	6573.000
CT	444	6385	6384	6384.000
CT	443	6283	6281	6281.000
CT	442	6262	6261	6261.000
CT	441	6040	6039	6039.000
CT	440	6094	6090	6090.000
CT	439	5963	5959	5959.000
CT	438	5765	5764	5764.000
CT	437	5857	5856	5856.000
CT	436	5598	5595	5595.000
CT	435	5608	5606	5606.000
CT	434	5569	5565	5565.000
CT	433	5497	5495	5495.000
CT	432	5469	5466	5466.000
CT	431	5195	5188	5188.000
CT	430	5219	5216	5216.000
CT	429	5073	5071	5071.000
CT	428	4894	4892	4892.000
CT	427	4866	4865	4865.000
CT	426	4660	4657	4657.000
CT	425	4769	4768	4768.000
CT	424	4748	4746	4746.000
CT	423	4550	4549	4549.000
CT	422	4456	4456	4456.000
CT	421	4500	4500	4500.000
CT	420	4286	4286	4286.000
CT	419	4340	4340	4340.000
CT	418	4080	4080	4080.000
CT	417	4070	4070	4070.000
CT	416	4091	4091	4091.000
CT	415	3990	3988	3988.000
CT	414	3932	3932	3932.000
CT	413	3904	3901	3901.000
CT	412	3826	3826	3826.000
CT	411	3754	3754	3754.000
CT	410	3714	3714	3714.000
CT	409	3559	3558	3558.000
CT	408	3496	3494	3494.000
CT	407	3342	3342	3342.000
CT	406	3434	3432	3432.000
CT	405	3417	3415	3415.000
CT	404	3348	3347	3347.000
CT	403	3201	3201	3201.000
CT	402	3228	3228	3228.000
CT	401	3118	3117	3117.000
CT	400	3171	3170	3170.000
CT	399	3073	3072	3072.000
CT	398	2984	2984	2984.000
CT	397	2964	2964	2964.000
CT	396	2913	2912	2912.000
CT	395	2882	2881	2881.000
CT	394	2723	2723	2723.000
CT	393	2626	2624	2624.000
CT	392	2692	2692	2692.000
CT	391	2583	2582	2582.000
CT	390	2533	2533	2533.000
CT	389	2474	2474	2474.000
CT	388	2485	2485	2485.000
CT	387	2380	2375	2375.000
CT	386	2282	2281	2281.000
CT	385	2206	2205	2205.000
CT	384	2145	2145	2145.000
CT	383	2170	2168	2168.000
CT	382	2071	2070	2070.000
CT	381	2031	2031	2031.000
CT	380	1906	1906	1906.000
CT	379	1823	1822	1822.000
CT	378	1793	1790	1790.000
CT	377	1766	1765	1765.000
CT	376	1700	1700	1700.000
CT	375	1726	1725	1725.000
CT	374	1671	1671	1671.000
CT	373	1683	1683	1683.000
CT	372	1605	1604	1604.000
CT	371	1522	1522	1522.000
CT	370	1501	1501	1501.000
CT	369	1392	1392	1392.000
CT	368	1473	1473	1473.000
CT	367	1403	1403	1403.000
CT	366	1393	1393	1393.000
CT	365	1364	1364	1364.000
CT	364	1269	1269	1269.000
CT	363	1308	1308	1308.000
CT	362	1261	1261	1261.000
CT	361	1222	1221	1221.000
CT	360	1140	1140	1140.000
CT	359	1169	1169	1169.000
CT	358	1105	1105	1105.000
CT	357	1104	1104	1104.000
CT	356	1019	1019	1019.000
CT	355	1004	1003	1003.000
CT	354	932	932	932.000
CT	353	927	927	927.000
CT	352	855	854	854.000
CT	351	913	913	913.000
CT	350	832	830	830.000
CT	349	805	805	805.000
CT	348	808	807	807.000
CT	347	785	785	785.000
CT	346	734	734	734.000
CT	345	739	739	739.000
CT	344	735	735	735.000
CT	343	681	681	681.000
CT	342	657	657	657.000
CT	341	620	620	620.000
CT	340	617	617	617.000
CT	339	646	646	646.000
CT	338	585	585	585.000
CT	337	542	542	542.000
CT	336	552	552	552.000
CT	335	538	538	538.000
CT	334	481	480	480.000
CT	333	502	502	502.000
CT	332	498	496	496.000
CT	331	460	460	460.000
CT	330	419	418	418.000
CT	329	451	450	450.000
CT	328	453	452	452.000
CT	327	423	422	422.000
CT	326	396	394	394.000
CT	325	372	371	371.000
CT	324	334	334	334.000
CT	323	397	397	397.000
CT	322	396	396	396.000
CT	321	385	383	383.000
CT	320	331	331	331.000
CT	319	347	346	346.000
CT	318	320	319	319.000
CT	317	295	293	293.000
CT	316	307	306	306.000
CT	315	313	313	313.000
CT	314	298	298	298.000
CT	313	283	281	281.000
CT	312	278	277	277.000
CT	311	285	283	283.000
CT	310	282	282	282.000
CT	309	262	262	262.000
CT	308	250	247	247.000
CT	307	255	255	255.000
CT	306	250	248	248.000
CT	305	238	238	238.000
CT	304	236	233	233.000
CT	303	225	224	224.000
CT	302	205	203	203.000
CT	301	216	216	216.000
CT	300	244	242	242.000
CT	299	248	244	244.000
CT	298	201	197	197.000
CT	297	214	213	213.000
CT	296	202	199	199.000
CT	295	181	180	180.000
CT	294	178	176	176.000
CT	293	196	196	196.000
CT	292	212	211	211.000
CT	291	196	196	196.000
CT	290	163	163	163.000
CT	289	178	177	177.000
CT	288	180	180	180.000
CT	287	175	175	175.000
CT	286	172	172	172.000
CT	285	147	147	147.000
CT	284	124	124	124.000
CT	283	120	120	120.000
CT	282	108	108	108.000
CT	281	134	134	134.000
CT	280	108	107	107.000
CT	279	123	123	123.000
CT	278	117	115	115.000
CT	277	97	96	96.000
CT	276	97	97	97.000
CT	275	90	89	89.000
CT	274	88	88	88.000
CT	273	92	92	92.000
CT	272	91	89	89.000
CT	271	83	83	83.000
CT	270	79	78	78.000
CT	269	98	98	98.000
CT	268	88	87	87.000
CT	267	78	78	78.000
CT	266	87	86	86.000
CT	265	87	84	84.000
CT	264	94	92	92.000
CT	263	81	79	79.000
CT	262	82	78	78.000
CT	261	89	85	85.000
CT	260	78	77	77.000
CT	259	75	70	70.000
CT	258	63	61	61.000
CT	257	73	72	72.000
CT	256	59	57	57.000
CT	255	52	50	50.000
CT	254	45	44	44.000
CT	253	49	48	48.000
CT	252	46	45	45.000
CT	251	48	46	46.000
CT	250	50	49	49.000
CT	249	57	57	57.000
CT	248	42	41	41.000
CT	247	39	38	38.000
CT	246	50	48	48.000
CT	245	34	32	32.000
CT	244	41	41	41.000
CT	243	35	33	33.000
CT	242	53	52	52.000
CT	241	45	43	43.000
CT	240	40	36	36.000
CT	239	38	38	38.000
CT	238	50	48	48.000
CT	237	44	43	43.000
CT	236	33	33	33.000
CT	235	32	30	30.000
CT	234	26	26	26.000
CT	233	28	26	26.000
CT	232	20	18	18.000
CT	231	18	18	18.000
CT	230	16	15	15.000
CT	229	28	27	27.000
CT	228	19	18	18.000
CT	227	18	18	18.000
CT	226	13	10	10.000
CT	225	14	14	14.000
CT	224	17	12	12.000
CT	223	9	8	8.000
CT	222	12	10	10.000
CT	221	9	8	8.000
CT	220	9	5	5.000
CT	219	6	5	5.000
CT	218	7	5	5.000
CT	217	4	3	3.000
CT	216	11	9	9.000
CT	215	10	10	10.000
CT	214	8	8	8.000
CT	213	12	12	12.000
CT	212	5	4	4.000
CT	211	8	7	7.000
CT	210	6	5	5.000
CT	209	11	9	9.000
CT	208	5	3	3.000
CT	207	8	8	8.000
CT	206	7	5	5.000
CT	205	16	12	12.000
CT	204	9	9	9.000
CT	203	14	10	10.000
CT	202	12	10	10.000
CT	201	11	9	9.000
CT	200	5	2	2.000
CT	199	19	7	7.000
CT	198	4	3	3.000
CT	197	5	4	4.000
CT	196	7	3	3.000
CT	195	7	3	3.000
CT	194	4	1	1.000
CT	193	7	1	1.000
CT	192	8	3	3.000
CT	191	5	2	2.000
CT	190	8	1	1.000
CT	189	9	1	1.000
CT	188	5	0	0.000
CT	187	2	0	0.000
CT	186	5	0	0.000
CT	185	5	0	0.000
CT	184	1	0	0.000
CT	183	5	0	0.000
CT	182	4	1	1.000
CT	181	6	2	2.000
CT	180	7	1	1.000
CT	179	7	1	1.000
CT	178	4	2	2.000
CT	177	6	2	2.000
CT	176	14	2	2.000
CT	175	7	3	3.000
CT	174	1	0	0.000
CT	173	6	2	2.000
CT	172	6	0	0.000
CT	171	8	2	2.000
CT	170	8	0	0.000
CT	169	3	1	1.000
CT	168	3	0	0.000
CT	167	6	1	1.000
CT	166	7	0	0.000
CT	165	5	0	0.000
CT	164	9	0	0.000
CT	163	11	0	0.000
CT	162	5	1	1.000
CT	161	10	1	1.000
CT	160	8	1	1.000
CT	159	13	2	2.000
CT	158	6	1	1.000
CT	157	6	0	0.000
CT	156	9	1	1.000
CT	155	8	2	2.000
CT	154	3	2	2.000
CT	153	6	0	0.000
CT	152	8	1	1.000
CT	151	16	4	4.000
CT	150	4	2	2.000
CT	149	11	2	2.000
CT	148	5	1	1.000
CT	147	6	1	1.000
CT	146	12	1	1.000
CT	145	7	1	1.000
CT	144	5	0	0.000
CT	143	8	1	1.000
CT	142	12	1	1.000
CT	141	9	2	2.000
CT	140	10	3	3.000
CT	139	11	1	1.000
CT	138	15	1	1.000
CT	137	10	2	2.000
CT	136	10	1	1.000
CT	135	14	2	2.000
CT	134	15	1	1.000
CT	133	11	1	1.000
CT	132	11	1	1.000
CT	131	13	0	0.000
CT	130	10	0	0.000
CT	129	8	1	1.000
CT	128	14	1	1.000
CT	127	12	0	0.000
CT	126	10	0	0.000
CT	125	9	0	0.000
CT	124	13	0	0.000
CT	123	10	0	0.000
CT	122	21	1	1.000
CT	121	19	0	0.000
CT	120	17	1	1.000
CT	119	17	0	0.000
CT	118	16	0	0.000
CT	117	12	0	0.000
CT	116	23	0	0.000
CT	115	19	0	0.000
CT	114	20	0	0.000
CT	113	31	0	0.000
CT	112	41	1	1.000
CT	111	47	1	1.000
CT	110	35	0	0.000
CT	109	37	0	0.000
CT	108	34	0	0.000
CT	107	25	0	0.000
CT	106	43	0	0.000
CT	105	37	1	1.000
CT	104	43	2	2.000
CT	103	34	0	0.000
CT	102	36	1	1.000
CT	101	37	0	0.000
CT	100	46	0	0.000
CT	99	34	0	0.000
CT	98	39	0	0.000
CT	97	55	0	0.000
CT	96	51	0	0.000
CT	95	40	0	0.000
CT	94	52	0	0.000
CT	93	40	0	0.000
CT	92	47	0	0.000
CT	91	34	0	0.000
CT	90	42	0	0.000
CT	89	54	0	0.000
CT	88	59	0	0.000
CT	87	62	0	0.000
CT	86	63	0	0.000
CT	85	57	0	0.000
CT	84	63	0	0.000
CT	83	58	0	0.000
CT	82	63	0	0.000
CT	81	92	0	0.000
CT	80	87	0	0.000
CT	79	98	0	0.000
CT	78	92	0	0.000
CT	77	110	0	0.000
CT	76	134	0	0.000
CT	75	131	0	0.000
CT	74	137	0	0.000
CT	73	169	0	0.000
CT	72	194	0	0.000
CT	71	177	0	0.000
CT	70	172	0	0.000
CT	69	190	0	0.000
CT	68	222	0	0.000
CT	67	231	0	0.000
CT	66	264	0	0.000
CT	65	295	0	0.000
CT	64	329	0	0.000
CT	63	352	0	0.000
CT	62	311	0	0.000
CT	61	323	0	0.000
CT	60	327	0	0.000
CT	59	396	0	0.000
CT	58	430	0	0.000
CT	57	384	0	0.000
CT	56	481	0	0.000
CT	55	433	0	0.000
CT	54	490	0	0.000
CT	53	526	0	0.000
CT	52	589	0	0.000
CT	51	662	0	0.000
CT	50	714	0	0.000
CT	49	663	0	0.000
CT	48	798	0	0.000
CT	47	832	0	0.000
CT	46	895	0	0.000
CT	45	987	0	0.000
CT	44	1056	0	0.000
CT	43	1128	0	0.000
CT	42	1186	0	0.000
CT	41	1336	0	0.000
CT	40	1404	0	0.000
CT	39	1600	0	0.000
CT	38	1641	0	0.000
CT	37	1910	0	0.000
CT	36	1839	0	0.000
CT	35	2073	0	0.000
CT	34	2360	0	0.000
CT	33	2626	0	0.000
CT	32	3066	0	0.000
CT	31	3097	0	0.000
CT	30	3423	0	0.000
CT	29	3923	0	0.000
CT	28	4352	0	0.000
CT	27	4657	0	0.000
CT	26	5409	0	0.000
CT	25	6087	0	0.000
CT	24	7328	0	0.000
CT	23	7985	0	0.000
CT	22	9042	0	0.000
CT	21	10463	0	0.000
CT	20	12789	0	0.000
CT	19	14965	0	0.000
CT	18	18389	0	0.000
CT	17	22688	0	0.000
CT	16	27705	0	0.000
CT	15	34557	0	0.000
CT	14	43751	0	0.000
CT	13	57934	0	0.000
CT	12	77286	0	0.000
CT	11	107775	0	0.000
CT	10	156606	0	0.000
CT	9	232925	0	0.000
CT	8	364782	0	0.000
CT	7	599105	0	0.000
CT	6	1043298	0	0.000
CT	5	1939373	0	0.000
CT	4	4003910	0	0.000
CT	3	9532235	0	0.000
CT	2	28331586	0	0.000
CT	1	0	0	-nan
CT	0	0	0	-nan
FR	0	0
ER	4803929	0.000
CV	1.000
QV	inf	inf
