HS	1023	0	51787	51787
HS	1022	0	465	52252
HS	1021	0	471	52723
HS	1020	0	492	53215
HS	1019	0	508	53723
HS	1018	0	511	54234
HS	1017	0	518	54752
HS	1016	0	489	55241
HS	1015	0	509	55750
HS	1014	0	565	56315
HS	1013	0	502	56817
HS	1012	0	556	57373
HS	1011	0	539	57912
HS	1010	0	573	58485
HS	1009	0	542	59027
HS	1008	0	558	59585
HS	1007	0	586	60171
HS	1006	0	601	60772
HS	1005	0	601	61373
HS	1004	0	589	61962
HS	1003	0	628	62590
HS	1002	0	633	63223
HS	1001	0	629	63852
HS	1000	0	657	64509
HS	999	0	647	65156
HS	998	0	696	65852
HS	997	0	679	66531
HS	996	0	653	67184
HS	995	0	751	67935
HS	994	0	707	68642
HS	993	0	721	69363
HS	992	0	724	70087
HS	991	0	772	70859
HS	990	0	728	71587
HS	989	0	740	72327
HS	988	0	753	73080
HS	987	0	770	73850
HS	986	0	777	74627
HS	985	0	748	75375
HS	984	0	822	76197
HS	983	0	858	77055
HS	982	0	863	77918
HS	981	0	801	78719
HS	980	0	856	79575
HS	979	0	869	80444
HS	978	0	896	81340
HS	977	0	856	82196
HS	976	0	874	83070
HS	975	0	855	83925
HS	974	0	882	84807
HS	973	0	923	85730
HS	972	0	935	86665
HS	971	0	869	87534
HS	970	0	880	88414
HS	969	0	962	89376
HS	968	0	943	90319
HS	967	0	937	91256
HS	966	0	979	92235
HS	965	0	1034	93269
HS	964	0	961	94230
HS	963	0	1003	95233
HS	962	0	998	96231
HS	961	0	1056	97287
HS	960	0	1002	98289
HS	959	0	1057	99346
HS	958	0	1009	100355
HS	957	0	1035	101390
HS	956	0	1087	102477
HS	955	0	1091	103568
HS	954	0	1075	104643
HS	953	0	1008	105651
HS	952	0	1145	106796
HS	951	0	1173	107969
HS	950	0	1109	109078
HS	949	0	1057	110135
HS	948	0	1133	111268
HS	947	0	1166	112434
HS	946	0	1176	113610
HS	945	0	1161	114771
HS	944	0	1112	115883
HS	943	0	1202	117085
HS	942	0	1192	118277
HS	941	0	1194	119471
HS	940	0	1181	120652
HS	939	0	1211	121863
HS	938	0	1305	123168
HS	937	0	1273	124441
HS	936	0	1307	125748
HS	935	0	1252	127000
HS	934	0	1359	128359
HS	933	0	1301	129660
HS	932	0	1344	131004
HS	931	0	1353	132357
HS	930	0	1382	133739
HS	929	0	1417	135156
HS	928	0	1404	136560
HS	927	0	1356	137916
HS	926	0	1409	139325
HS	925	0	1479	140804
HS	924	0	1424	142228
HS	923	0	1610	143838
HS	922	0	1507	145345
HS	921	0	1598	146943
HS	920	0	1534	148477
HS	919	0	1562	150039
HS	918	0	1490	151529
HS	917	0	1681	153210
HS	916	0	1673	154883
HS	915	0	1643	156526
HS	914	0	1660	158186
HS	913	0	1824	160010
HS	912	0	1735	161745
HS	911	0	1784	163529
HS	910	0	1796	165325
HS	909	0	1803	167128
HS	908	0	1841	168969
HS	907	0	1951	170920
HS	906	0	1837	172757
HS	905	0	1890	174647
HS	904	0	1885	176532
HS	903	0	1875	178407
HS	902	0	1972	180379
HS	901	0	1984	182363
HS	900	0	1987	184350
HS	899	0	2066	186416
HS	898	0	2059	188475
HS	897	0	2169	190644
HS	896	0	2108	192752
HS	895	0	2098	194850
HS	894	0	2103	196953
HS	893	0	2170	199123
HS	892	0	2213	201336
HS	891	0	2248	203584
HS	890	0	2353	205937
HS	889	0	2284	208221
HS	888	0	2317	210538
HS	887	0	2298	212836
HS	886	0	2330	215166
HS	885	0	2294	217460
HS	884	0	2391	219851
HS	883	0	2435	222286
HS	882	0	2447	224733
HS	881	0	2468	227201
HS	880	0	2498	229699
HS	879	0	2555	232254
HS	878	0	2538	234792
HS	877	0	2563	237355
HS	876	0	2645	240000
HS	875	0	2682	242682
HS	874	0	2733	245415
HS	873	0	2621	248036
HS	872	0	2706	250742
HS	871	0	2815	253557
HS	870	0	2818	256375
HS	869	0	2788	259163
HS	868	0	2815	261978
HS	867	0	2956	264934
HS	866	0	2896	267830
HS	865	0	2952	270782
HS	864	0	2887	273669
HS	863	0	3036	276705
HS	862	0	2997	279702
HS	861	0	3017	282719
HS	860	0	3117	285836
HS	859	0	3031	288867
HS	858	0	3095	291962
HS	857	0	3186	295148
HS	856	0	3200	298348
HS	855	0	3280	301628
HS	854	0	3292	304920
HS	853	0	3302	308222
HS	852	0	3328	311550
HS	851	0	3377	314927
HS	850	0	3355	318282
HS	849	0	3282	321564
HS	848	0	3476	325040
HS	847	0	3488	328528
HS	846	0	3418	331946
HS	845	0	3548	335494
HS	844	0	3585	339079
HS	843	0	3576	342655
HS	842	0	3644	346299
HS	841	0	3645	349944
HS	840	0	3567	353511
HS	839	0	3578	357089
HS	838	0	3722	360811
HS	837	0	3649	364460
HS	836	0	3869	368329
HS	835	0	3840	372169
HS	834	0	3850	376019
HS	833	0	3898	379917
HS	832	0	3863	383780
HS	831	0	3913	387693
HS	830	0	4030	391723
HS	829	0	4038	395761
HS	828	0	4073	399834
HS	827	0	4137	403971
HS	826	0	4154	408125
HS	825	0	4227	412352
HS	824	0	4248	416600
HS	823	0	4250	420850
HS	822	0	4317	425167
HS	821	0	4343	429510
HS	820	0	4401	433911
HS	819	0	4379	438290
HS	818	0	4558	442848
HS	817	0	4458	447306
HS	816	0	4615	451921
HS	815	0	4613	456534
HS	814	0	4674	461208
HS	813	0	4572	465780
HS	812	0	4683	470463
HS	811	0	4689	475152
HS	810	0	4735	479887
HS	809	0	4827	484714
HS	808	0	4888	489602
HS	807	0	4861	494463
HS	806	0	4888	499351
HS	805	0	4860	504211
HS	804	0	4886	509097
HS	803	0	5053	514150
HS	802	0	5028	519178
HS	801	0	5032	524210
HS	800	0	5168	529378
HS	799	0	5029	534407
HS	798	0	5139	539546
HS	797	0	5181	544727
HS	796	0	5374	550101
HS	795	0	5238	555339
HS	794	0	5316	560655
HS	793	0	5351	566006
HS	792	0	5564	571570
HS	791	0	5582	577152
HS	790	0	5480	582632
HS	789	0	5703	588335
HS	788	0	5608	593943
HS	787	0	5631	599574
HS	786	0	5723	605297
HS	785	0	5751	611048
HS	784	0	5806	616854
HS	783	0	5681	622535
HS	782	0	5937	628472
HS	781	0	5743	634215
HS	780	0	5931	640146
HS	779	0	6118	646264
HS	778	0	6177	652441
HS	777	0	6164	658605
HS	776	0	6231	664836
HS	775	0	6213	671049
HS	774	0	6281	677330
HS	773	0	6202	683532
HS	772	0	6164	689696
HS	771	0	6336	696032
HS	770	0	6387	702419
HS	769	0	6415	708834
HS	768	0	6500	715334
HS	767	0	6492	721826
HS	766	0	6622	728448
HS	765	0	6559	735007
HS	764	0	6572	741579
HS	763	0	6877	748456
HS	762	0	6911	755367
HS	761	0	6925	762292
HS	760	0	7021	769313
HS	759	0	6915	776228
HS	758	0	6938	783166
HS	757	0	6975	790141
HS	756	0	6805	796946
HS	755	0	6978	803924
HS	754	0	7192	811116
HS	753	0	7150	818266
HS	752	0	7190	825456
HS	751	0	7314	832770
HS	750	0	7309	840079
HS	749	0	7313	847392
HS	748	0	7543	854935
HS	747	0	7343	862278
HS	746	0	7519	869797
HS	745	0	7505	877302
HS	744	0	7482	884784
HS	743	0	7540	892324
HS	742	0	7627	899951
HS	741	0	7618	907569
HS	740	0	7690	915259
HS	739	0	7878	923137
HS	738	0	7739	930876
HS	737	0	7911	938787
HS	736	0	7893	946680
HS	735	0	7924	954604
HS	734	0	8046	962650
HS	733	0	8077	970727
HS	732	0	7995	978722
HS	731	0	8251	986973
HS	730	0	8048	995021
HS	729	0	8323	1003344
HS	728	0	8321	1011665
HS	727	0	8384	1020049
HS	726	0	8533	1028582
HS	725	0	8504	1037086
HS	724	0	8345	1045431
HS	723	0	8345	1053776
HS	722	0	8498	1062274
HS	721	0	8548	1070822
HS	720	0	8527	1079349
HS	719	0	8715	1088064
HS	718	0	8672	1096736
HS	717	0	8761	1105497
HS	716	0	9032	1114529
HS	715	0	8848	1123377
HS	714	0	8967	1132344
HS	713	0	9017	1141361
HS	712	0	9164	1150525
HS	711	0	9116	1159641
HS	710	0	9004	1168645
HS	709	0	9500	1178145
HS	708	0	9341	1187486
HS	707	0	9378	1196864
HS	706	0	9567	1206431
HS	705	0	9262	1215693
HS	704	0	9516	1225209
HS	703	0	9781	1234990
HS	702	0	9808	1244798
HS	701	0	9726	1254524
HS	700	0	9969	1264493
HS	699	0	10130	1274623
HS	698	0	10217	1284840
HS	697	0	10227	1295067
HS	696	0	10227	1305294
HS	695	0	10382	1315676
HS	694	0	10333	1326009
HS	693	0	10422	1336431
HS	692	0	10521	1346952
HS	691	0	10406	1357358
HS	690	0	10629	1367987
HS	689	0	10651	1378638
HS	688	0	10561	1389199
HS	687	0	10801	1400000
HS	686	0	10810	1410810
HS	685	0	10949	1421759
HS	684	0	10883	1432642
HS	683	0	10884	1443526
HS	682	0	11194	1454720
HS	681	0	10949	1465669
HS	680	0	11099	1476768
HS	679	0	11039	1487807
HS	678	0	11231	1499038
HS	677	0	11336	1510374
HS	676	0	11357	1521731
HS	675	0	11294	1533025
HS	674	0	11589	1544614
HS	673	0	11625	1556239
HS	672	0	11754	1567993
HS	671	0	11711	1579704
HS	670	0	11703	1591407
HS	669	0	11820	1603227
HS	668	0	11957	1615184
HS	667	0	11846	1627030
HS	666	0	12033	1639063
HS	665	0	12122	1651185
HS	664	0	12139	1663324
HS	663	0	12115	1675439
HS	662	0	11988	1687427
HS	661	0	12187	1699614
HS	660	0	12217	1711831
HS	659	0	12093	1723924
HS	658	0	12424	1736348
HS	657	0	12572	1748920
HS	656	0	12612	1761532
HS	655	0	12406	1773938
HS	654	0	12454	1786392
HS	653	0	12473	1798865
HS	652	0	12593	1811458
HS	651	0	12503	1823961
HS	650	0	12692	1836653
HS	649	0	12604	1849257
HS	648	0	12880	1862137
HS	647	0	13138	1875275
HS	646	0	12828	1888103
HS	645	0	12792	1900895
HS	644	0	12753	1913648
HS	643	0	13029	1926677
HS	642	0	12913	1939590
HS	641	0	13119	1952709
HS	640	0	13241	1965950
HS	639	0	13211	1979161
HS	638	0	13238	1992399
HS	637	0	13282	2005681
HS	636	0	13413	2019094
HS	635	0	13322	2032416
HS	634	0	13424	2045840
HS	633	0	13751	2059591
HS	632	0	13719	2073310
HS	631	0	13600	2086910
HS	630	0	13550	2100460
HS	629	0	13359	2113819
HS	628	0	13675	2127494
HS	627	0	13699	2141193
HS	626	0	13795	2154988
HS	625	0	13663	2168651
HS	624	0	13694	2182345
HS	623	0	13831	2196176
HS	622	0	13965	2210141
HS	621	0	13654	2223795
HS	620	0	13824	2237619
HS	619	0	14121	2251740
HS	618	0	13911	2265651
HS	617	0	14024	2279675
HS	616	0	14302	2293977
HS	615	0	14049	2308026
HS	614	0	14024	2322050
HS	613	0	13910	2335960
HS	612	0	14361	2350321
HS	611	0	14246	2364567
HS	610	0	14204	2378771
HS	609	0	14279	2393050
HS	608	0	14306	2407356
HS	607	0	14297	2421653
HS	606	0	14262	2435915
HS	605	0	14266	2450181
HS	604	0	14460	2464641
HS	603	0	14137	2478778
HS	602	0	14529	2493307
HS	601	0	14481	2507788
HS	600	0	14239	2522027
HS	599	0	14520	2536547
HS	598	0	14458	2551005
HS	597	0	14283	2565288
HS	596	0	14582	2579870
HS	595	0	14644	2594514
HS	594	0	14502	2609016
HS	593	0	14618	2623634
HS	592	0	14702	2638336
HS	591	0	14556	2652892
HS	590	0	14691	2667583
HS	589	0	14566	2682149
HS	588	0	14841	2696990
HS	587	0	14793	2711783
HS	586	0	14691	2726474
HS	585	0	14691	2741165
HS	584	0	14678	2755843
HS	583	0	14633	2770476
HS	582	0	14580	2785056
HS	581	0	14644	2799700
HS	580	0	14905	2814605
HS	579	0	14754	2829359
HS	578	0	14861	2844220
HS	577	0	14719	2858939
HS	576	0	14652	2873591
HS	575	0	14977	2888568
HS	574	0	14785	2903353
HS	573	0	14623	2917976
HS	572	0	14686	2932662
HS	571	0	14597	2947259
HS	570	0	14692	2961951
HS	569	0	14723	2976674
HS	568	0	14597	2991271
HS	567	0	14548	3005819
HS	566	0	14512	3020331
HS	565	0	14843	3035174
HS	564	0	14468	3049642
HS	563	0	14426	3064068
HS	562	0	14586	3078654
HS	561	0	14299	3092953
HS	560	0	14473	3107426
HS	559	0	14284	3121710
HS	558	0	14403	3136113
HS	557	0	14167	3150280
HS	556	0	14361	3164641
HS	555	0	14175	3178816
HS	554	0	14325	3193141
HS	553	0	14592	3207733
HS	552	0	14156	3221889
HS	551	0	14240	3236129
HS	550	0	14428	3250557
HS	549	0	14431	3264988
HS	548	0	14271	3279259
HS	547	0	14079	3293338
HS	546	0	14375	3307713
HS	545	0	14116	3321829
HS	544	0	14180	3336009
HS	543	0	13889	3349898
HS	542	0	14101	3363999
HS	541	0	14071	3378070
HS	540	0	14211	3392281
HS	539	0	14152	3406433
HS	538	0	14082	3420515
HS	537	0	13971	3434486
HS	536	0	13948	3448434
HS	535	0	13718	3462152
HS	534	0	13888	3476040
HS	533	0	13974	3490014
HS	532	0	13723	3503737
HS	531	0	13780	3517517
HS	530	0	13562	3531079
HS	529	0	13951	3545030
HS	528	0	13740	3558770
HS	527	0	13655	3572425
HS	526	0	13402	3585827
HS	525	0	13167	3598994
HS	524	0	13334	3612328
HS	523	0	13231	3625559
HS	522	0	13003	3638562
HS	521	0	12956	3651518
HS	520	0	12606	3664124
HS	519	0	12776	3676900
HS	518	0	12866	3689766
HS	517	0	12606	3702372
HS	516	0	12732	3715104
HS	515	0	12778	3727882
HS	514	0	12417	3740299
HS	513	0	12474	3752773
HS	512	0	12296	3765069
HS	511	0	12340	3777409
HS	510	0	12228	3789637
HS	509	0	12146	3801783
HS	508	0	11863	3813646
HS	507	0	12085	3825731
HS	506	0	11868	3837599
HS	505	0	11839	3849438
HS	504	0	11855	3861293
HS	503	0	11729	3873022
HS	502	0	11552	3884574
HS	501	0	11533	3896107
HS	500	0	11344	3907451
HS	499	0	11575	3919026
HS	498	0	10937	3929963
HS	497	0	11311	3941274
HS	496	0	11303	3952577
HS	495	0	11185	3963762
HS	494	0	10763	3974525
HS	493	0	10916	3985441
HS	492	0	10652	3996093
HS	491	0	10702	4006795
HS	490	0	10505	4017300
HS	489	0	10403	4027703
HS	488	0	10437	4038140
HS	487	0	10321	4048461
HS	486	0	10160	4058621
HS	485	0	10394	4069015
HS	484	0	10098	4079113
HS	483	0	9931	4089044
HS	482	0	10104	4099148
HS	481	0	9787	4108935
HS	480	0	9884	4118819
HS	479	0	9706	4128525
HS	478	0	9492	4138017
HS	477	0	9595	4147612
HS	476	0	9552	4157164
HS	475	0	9557	4166721
HS	474	0	9212	4175933
HS	473	0	9036	4184969
HS	472	0	8934	4193903
HS	471	0	8974	4202877
HS	470	0	8865	4211742
HS	469	0	8870	4220612
HS	468	0	8503	4229115
HS	467	0	8628	4237743
HS	466	0	8421	4246164
HS	465	0	8274	4254438
HS	464	0	8235	4262673
HS	463	0	8264	4270937
HS	462	0	8081	4279018
HS	461	0	7946	4286964
HS	460	0	7790	4294754
HS	459	0	7858	4302612
HS	458	0	7621	4310233
HS	457	0	7508	4317741
HS	456	0	7352	4325093
HS	455	0	7314	4332407
HS	454	0	7266	4339673
HS	453	0	7217	4346890
HS	452	0	7305	4354195
HS	451	0	6960	4361155
HS	450	0	6898	4368053
HS	449	0	6807	4374860
HS	448	0	6514	4381374
HS	447	0	6503	4387877
HS	446	0	6605	4394482
HS	445	0	6573	4401055
HS	444	0	6385	4407440
HS	443	0	6283	4413723
HS	442	0	6262	4419985
HS	441	0	6040	4426025
HS	440	0	6094	4432119
HS	439	0	5963	4438082
HS	438	0	5765	4443847
HS	437	0	5857	4449704
HS	436	0	5598	4455302
HS	435	0	5608	4460910
HS	434	0	5569	4466479
HS	433	0	5497	4471976
HS	432	0	5469	4477445
HS	431	0	5195	4482640
HS	430	0	5219	4487859
HS	429	0	5073	4492932
HS	428	0	4894	4497826
HS	427	0	4866	4502692
HS	426	0	4660	4507352
HS	425	0	4769	4512121
HS	424	0	4748	4516869
HS	423	0	4550	4521419
HS	422	0	4456	4525875
HS	421	0	4500	4530375
HS	420	0	4286	4534661
HS	419	0	4340	4539001
HS	418	0	4080	4543081
HS	417	0	4070	4547151
HS	416	0	4091	4551242
HS	415	0	3990	4555232
HS	414	0	3932	4559164
HS	413	0	3904	4563068
HS	412	0	3826	4566894
HS	411	0	3754	4570648
HS	410	0	3714	4574362
HS	409	0	3559	4577921
HS	408	0	3496	4581417
HS	407	0	3342	4584759
HS	406	0	3434	4588193
HS	405	0	3417	4591610
HS	404	0	3348	4594958
HS	403	0	3201	4598159
HS	402	0	3228	4601387
HS	401	0	3118	4604505
HS	400	0	3171	4607676
HS	399	0	3073	4610749
HS	398	0	2984	4613733
HS	397	0	2964	4616697
HS	396	0	2913	4619610
HS	395	0	2882	4622492
HS	394	0	2723	4625215
HS	393	0	2626	4627841
HS	392	0	2692	4630533
HS	391	0	2583	4633116
HS	390	0	2533	4635649
HS	389	0	2474	4638123
HS	388	0	2485	4640608
HS	387	0	2380	4642988
HS	386	0	2282	4645270
HS	385	0	2206	4647476
HS	384	0	2145	4649621
HS	383	0	2170	4651791
HS	382	0	2071	4653862
HS	381	0	2031	4655893
HS	380	0	1906	4657799
HS	379	0	1823	4659622
HS	378	0	1793	4661415
HS	377	0	1766	4663181
HS	376	0	1700	4664881
HS	375	0	1726	4666607
HS	374	0	1671	4668278
HS	373	0	1683	4669961
HS	372	0	1605	4671566
HS	371	0	1522	4673088
HS	370	0	1501	4674589
HS	369	0	1392	4675981
HS	368	0	1473	4677454
HS	367	0	1403	4678857
HS	366	0	1393	4680250
HS	365	0	1364	4681614
HS	364	0	1269	4682883
HS	363	0	1308	4684191
HS	362	0	1261	4685452
HS	361	0	1222	4686674
HS	360	0	1140	4687814
HS	359	0	1169	4688983
HS	358	0	1105	4690088
HS	357	0	1104	4691192
HS	356	0	1019	4692211
HS	355	0	1004	4693215
HS	354	0	932	4694147
HS	353	0	927	4695074
HS	352	0	855	4695929
HS	351	0	913	4696842
HS	350	0	832	4697674
HS	349	0	805	4698479
HS	348	0	808	4699287
HS	347	0	785	4700072
HS	346	0	734	4700806
HS	345	0	739	4701545
HS	344	0	735	4702280
HS	343	0	681	4702961
HS	342	0	657	4703618
HS	341	0	620	4704238
HS	340	0	617	4704855
HS	339	0	646	4705501
HS	338	0	585	4706086
HS	337	0	542	4706628
HS	336	0	552	4707180
HS	335	0	538	4707718
HS	334	0	481	4708199
HS	333	0	502	4708701
HS	332	0	498	4709199
HS	331	0	460	4709659
HS	330	0	419	4710078
HS	329	0	451	4710529
HS	328	0	453	4710982
HS	327	0	423	4711405
HS	326	0	396	4711801
HS	325	0	372	4712173
HS	324	0	334	4712507
HS	323	0	397	4712904
HS	322	0	396	4713300
HS	321	0	385	4713685
HS	320	0	331	4714016
HS	319	0	347	4714363
HS	318	0	320	4714683
HS	317	0	295	4714978
HS	316	0	307	4715285
HS	315	0	313	4715598
HS	314	0	298	4715896
HS	313	0	283	4716179
HS	312	0	278	4716457
HS	311	0	285	4716742
HS	310	0	282	4717024
HS	309	0	262	4717286
HS	308	0	250	4717536
HS	307	0	255	4717791
HS	306	0	250	4718041
HS	305	0	238	4718279
HS	304	0	236	4718515
HS	303	0	225	4718740
HS	302	0	205	4718945
HS	301	0	216	4719161
HS	300	0	244	4719405
HS	299	0	248	4719653
HS	298	0	201	4719854
HS	297	0	214	4720068
HS	296	0	202	4720270
HS	295	0	181	4720451
HS	294	0	178	4720629
HS	293	0	196	4720825
HS	292	0	212	4721037
HS	291	0	196	4721233
HS	290	0	163	4721396
HS	289	0	178	4721574
HS	288	0	180	4721754
HS	287	0	175	4721929
HS	286	0	172	4722101
HS	285	0	147	4722248
HS	284	0	124	4722372
HS	283	0	120	4722492
HS	282	0	108	4722600
HS	281	0	134	4722734
HS	280	0	108	4722842
HS	279	0	123	4722965
HS	278	0	117	4723082
HS	277	0	97	4723179
HS	276	0	97	4723276
HS	275	0	90	4723366
HS	274	0	88	4723454
HS	273	0	92	4723546
HS	272	0	91	4723637
HS	271	0	83	4723720
HS	270	0	79	4723799
HS	269	0	98	4723897
HS	268	0	88	4723985
HS	267	0	78	4724063
HS	266	0	87	4724150
HS	265	0	87	4724237
HS	264	0	94	4724331
HS	263	0	81	4724412
HS	262	0	82	4724494
HS	261	0	89	4724583
HS	260	0	78	4724661
HS	259	0	75	4724736
HS	258	0	63	4724799
HS	257	0	73	4724872
HS	256	0	59	4724931
HS	255	0	52	4724983
HS	254	0	45	4725028
HS	253	0	49	4725077
HS	252	0	46	4725123
HS	251	0	48	4725171
HS	250	0	50	4725221
HS	249	0	57	4725278
HS	248	0	42	4725320
HS	247	0	39	4725359
HS	246	0	50	4725409
HS	245	0	34	4725443
HS	244	0	41	4725484
HS	243	0	35	4725519
HS	242	0	53	4725572
HS	241	0	45	4725617
HS	240	0	40	4725657
HS	239	0	38	4725695
HS	238	0	50	4725745
HS	237	0	44	4725789
HS	236	0	33	4725822
HS	235	0	32	4725854
HS	234	0	26	4725880
HS	233	0	28	4725908
HS	232	0	20	4725928
HS	231	0	18	4725946
HS	230	0	16	4725962
HS	229	0	28	4725990
HS	228	0	19	4726009
HS	227	0	18	4726027
HS	226	0	13	4726040
HS	225	0	14	4726054
HS	224	0	17	4726071
HS	223	0	9	4726080
HS	222	0	12	4726092
HS	221	0	9	4726101
HS	220	0	9	4726110
HS	219	0	6	4726116
HS	218	0	7	4726123
HS	217	0	4	4726127
HS	216	0	11	4726138
HS	215	0	10	4726148
HS	214	0	8	4726156
HS	213	0	12	4726168
HS	212	0	5	4726173
HS	211	0	8	4726181
HS	210	0	6	4726187
HS	209	0	11	4726198
HS	208	0	5	4726203
HS	207	0	8	4726211
HS	206	0	7	4726218
HS	205	0	16	4726234
HS	204	0	9	4726243
HS	203	0	14	4726257
HS	202	0	12	4726269
HS	201	0	11	4726280
HS	200	0	5	4726285
HS	199	0	19	4726304
HS	198	0	4	4726308
HS	197	0	5	4726313
HS	196	0	7	4726320
HS	195	0	7	4726327
HS	194	0	4	4726331
HS	193	0	7	4726338
HS	192	0	8	4726346
HS	191	0	5	4726351
HS	190	0	8	4726359
HS	189	0	9	4726368
HS	188	0	5	4726373
HS	187	0	2	4726375
HS	186	0	5	4726380
HS	185	0	5	4726385
HS	184	0	1	4726386
HS	183	0	5	4726391
HS	182	0	4	4726395
HS	181	0	6	4726401
HS	180	0	7	4726408
HS	179	0	7	4726415
HS	178	0	4	4726419
HS	177	0	6	4726425
HS	176	0	14	4726439
HS	175	0	7	4726446
HS	174	0	1	4726447
HS	173	0	6	4726453
HS	172	0	6	4726459
HS	171	0	8	4726467
HS	170	0	8	4726475
HS	169	0	3	4726478
HS	168	0	3	4726481
HS	167	0	6	4726487
HS	166	0	7	4726494
HS	165	0	5	4726499
HS	164	0	9	4726508
HS	163	0	11	4726519
HS	162	0	5	4726524
HS	161	0	10	4726534
HS	160	0	8	4726542
HS	159	0	13	4726555
HS	158	0	6	4726561
HS	157	0	6	4726567
HS	156	0	9	4726576
HS	155	0	8	4726584
HS	154	0	3	4726587
HS	153	0	6	4726593
HS	152	0	8	4726601
HS	151	0	16	4726617
HS	150	0	4	4726621
HS	149	0	11	4726632
HS	148	0	5	4726637
HS	147	0	6	4726643
HS	146	0	12	4726655
HS	145	0	7	4726662
HS	144	0	5	4726667
HS	143	0	8	4726675
HS	142	0	12	4726687
HS	141	0	9	4726696
HS	140	0	10	4726706
HS	139	0	11	4726717
HS	138	0	15	4726732
HS	137	0	10	4726742
HS	136	0	10	4726752
HS	135	0	14	4726766
HS	134	0	15	4726781
HS	133	0	11	4726792
HS	132	0	11	4726803
HS	131	0	13	4726816
HS	130	0	10	4726826
HS	129	0	8	4726834
HS	128	0	14	4726848
HS	127	0	12	4726860
HS	126	0	10	4726870
HS	125	0	9	4726879
HS	124	0	13	4726892
HS	123	0	10	4726902
HS	122	0	21	4726923
HS	121	0	19	4726942
HS	120	0	17	4726959
HS	119	0	17	4726976
HS	118	0	16	4726992
HS	117	0	12	4727004
HS	116	0	23	4727027
HS	115	0	19	4727046
HS	114	0	20	4727066
HS	113	0	31	4727097
HS	112	0	41	4727138
HS	111	0	47	4727185
HS	110	0	35	4727220
HS	109	0	37	4727257
HS	108	0	34	4727291
HS	107	0	25	4727316
HS	106	0	43	4727359
HS	105	0	37	4727396
HS	104	0	43	4727439
HS	103	0	34	4727473
HS	102	0	36	4727509
HS	101	0	37	4727546
HS	100	0	46	4727592
HS	99	0	34	4727626
HS	98	0	39	4727665
HS	97	0	55	4727720
HS	96	0	51	4727771
HS	95	0	40	4727811
HS	94	0	52	4727863
HS	93	0	40	4727903
HS	92	0	47	4727950
HS	91	0	34	4727984
HS	90	0	42	4728026
HS	89	0	54	4728080
HS	88	0	59	4728139
HS	87	0	62	4728201
HS	86	0	63	4728264
HS	85	0	57	4728321
HS	84	0	63	4728384
HS	83	0	58	4728442
HS	82	0	63	4728505
HS	81	0	92	4728597
HS	80	0	87	4728684
HS	79	0	98	4728782
HS	78	0	92	4728874
HS	77	0	110	4728984
HS	76	0	134	4729118
HS	75	0	131	4729249
HS	74	0	137	4729386
HS	73	0	169	4729555
HS	72	0	194	4729749
HS	71	0	177	4729926
HS	70	0	172	4730098
HS	69	0	190	4730288
HS	68	0	222	4730510
HS	67	0	231	4730741
HS	66	0	264	4731005
HS	65	0	295	4731300
HS	64	0	329	4731629
HS	63	0	352	4731981
HS	62	0	311	4732292
HS	61	0	323	4732615
HS	60	0	327	4732942
HS	59	0	396	4733338
HS	58	0	430	4733768
HS	57	0	384	4734152
HS	56	0	481	4734633
HS	55	0	433	4735066
HS	54	0	490	4735556
HS	53	0	526	4736082
HS	52	0	589	4736671
HS	51	0	662	4737333
HS	50	0	714	4738047
HS	49	0	663	4738710
HS	48	0	798	4739508
HS	47	0	832	4740340
HS	46	0	895	4741235
HS	45	0	987	4742222
HS	44	0	1056	4743278
HS	43	0	1128	4744406
HS	42	0	1186	4745592
HS	41	0	1336	4746928
HS	40	0	1404	4748332
HS	39	0	1600	4749932
HS	38	0	1641	4751573
HS	37	0	1910	4753483
HS	36	0	1839	4755322
HS	35	0	2073	4757395
HS	34	0	2360	4759755
HS	33	0	2626	4762381
HS	32	0	3066	4765447
HS	31	0	3097	4768544
HS	30	0	3423	4771967
HS	29	0	3923	4775890
HS	28	0	4352	4780242
HS	27	0	4657	4784899
HS	26	0	5409	4790308
HS	25	0	6087	4796395
HS	24	0	7328	4803723
HS	23	0	7985	4811708
HS	22	0	9042	4820750
HS	21	0	10463	4831213
HS	20	0	12789	4844002
HS	19	0	14965	4858967
HS	18	0	18389	4877356
HS	17	0	22688	4900044
HS	16	0	27705	4927749
HS	15	0	34557	4962306
HS	14	0	43751	5006057
HS	13	0	57934	5063991
HS	12	0	77286	5141277
HS	11	0	107775	5249052
HS	10	0	156606	5405658
HS	9	0	232925	5638583
HS	8	0	364782	6003365
HS	7	0	599105	6602470
HS	6	0	1043298	7645768
HS	5	0	1939373	9585141
HS	4	0	4003910	13589051
HS	3	0	9532235	23121286
HS	2	0	28331586	51452872
HS	1	0	0	51452872
HS	0	0	0	51452872
