HS	1023	0	7033	7033
HS	1022	0	1	7034
HS	1021	0	2	7036
HS	1020	0	2	7038
HS	1019	0	2	7040
HS	1018	0	1	7041
HS	1017	0	0	7041
HS	1016	0	0	7041
HS	1015	0	2	7043
HS	1014	0	3	7046
HS	1013	0	0	7046
HS	1012	0	1	7047
HS	1011	0	0	7047
HS	1010	0	1	7048
HS	1009	0	0	7048
HS	1008	0	2	7050
HS	1007	0	1	7051
HS	1006	0	1	7052
HS	1005	0	3	7055
HS	1004	0	6	7061
HS	1003	0	1	7062
HS	1002	0	2	7064
HS	1001	0	3	7067
HS	1000	0	3	7070
HS	999	0	0	7070
HS	998	0	2	7072
HS	997	0	0	7072
HS	996	0	2	7074
HS	995	0	0	7074
HS	994	0	0	7074
HS	993	0	3	7077
HS	992	0	2	7079
HS	991	0	5	7084
HS	990	0	3	7087
HS	989	0	4	7091
HS	988	0	2	7093
HS	987	0	5	7098
HS	986	0	0	7098
HS	985	0	2	7100
HS	984	0	3	7103
HS	983	0	1	7104
HS	982	0	2	7106
HS	981	0	2	7108
HS	980	0	5	7113
HS	979	0	5	7118
HS	978	0	3	7121
HS	977	0	4	7125
HS	976	0	5	7130
HS	975	0	0	7130
HS	974	0	4	7134
HS	973	0	3	7137
HS	972	0	2	7139
HS	971	0	0	7139
HS	970	0	1	7140
HS	969	0	3	7143
HS	968	0	1	7144
HS	967	0	6	7150
HS	966	0	4	7154
HS	965	0	4	7158
HS	964	0	3	7161
HS	963	0	3	7164
HS	962	0	1	7165
HS	961	0	7	7172
HS	960	0	5	7177
HS	959	0	4	7181
HS	958	0	5	7186
HS	957	0	2	7188
HS	956	0	6	7194
HS	955	0	4	7198
HS	954	0	1	7199
HS	953	0	3	7202
HS	952	0	3	7205
HS	951	0	6	7211
HS	950	0	1	7212
HS	949	0	5	7217
HS	948	0	2	7219
HS	947	0	4	7223
HS	946	0	3	7226
HS	945	0	5	7231
HS	944	0	4	7235
HS	943	0	1	7236
HS	942	0	2	7238
HS	941	0	1	7239
HS	940	0	3	7242
HS	939	0	1	7243
HS	938	0	4	7247
HS	937	0	4	7251
HS	936	0	1	7252
HS	935	0	2	7254
HS	934	0	2	7256
HS	933	0	1	7257
HS	932	0	2	7259
HS	931	0	1	7260
HS	930	0	2	7262
HS	929	0	1	7263
HS	928	0	2	7265
HS	927	0	2	7267
HS	926	0	1	7268
HS	925	0	2	7270
HS	924	0	0	7270
HS	923	0	2	7272
HS	922	0	0	7272
HS	921	0	4	7276
HS	920	0	2	7278
HS	919	0	2	7280
HS	918	0	0	7280
HS	917	0	1	7281
HS	916	0	1	7282
HS	915	0	1	7283
HS	914	0	6	7289
HS	913	0	1	7290
HS	912	0	3	7293
HS	911	0	1	7294
HS	910	0	2	7296
HS	909	0	4	7300
HS	908	0	4	7304
HS	907	0	6	7310
HS	906	0	0	7310
HS	905	0	3	7313
HS	904	0	2	7315
HS	903	0	3	7318
HS	902	0	3	7321
HS	901	0	1	7322
HS	900	0	2	7324
HS	899	0	1	7325
HS	898	0	2	7327
HS	897	0	3	7330
HS	896	0	1	7331
HS	895	0	2	7333
HS	894	0	1	7334
HS	893	0	4	7338
HS	892	0	3	7341
HS	891	0	1	7342
HS	890	0	2	7344
HS	889	0	3	7347
HS	888	0	0	7347
HS	887	0	1	7348
HS	886	0	1	7349
HS	885	0	1	7350
HS	884	0	2	7352
HS	883	0	1	7353
HS	882	0	4	7357
HS	881	0	2	7359
HS	880	0	2	7361
HS	879	0	1	7362
HS	878	0	0	7362
HS	877	0	1	7363
HS	876	0	1	7364
HS	875	0	1	7365
HS	874	0	0	7365
HS	873	0	0	7365
HS	872	0	1	7366
HS	871	0	2	7368
HS	870	0	1	7369
HS	869	0	0	7369
HS	868	0	1	7370
HS	867	0	0	7370
HS	866	0	2	7372
HS	865	0	2	7374
HS	864	0	0	7374
HS	863	0	0	7374
HS	862	0	0	7374
HS	861	0	2	7376
HS	860	0	0	7376
HS	859	0	1	7377
HS	858	0	2	7379
HS	857	0	5	7384
HS	856	0	3	7387
HS	855	0	5	7392
HS	854	0	2	7394
HS	853	0	1	7395
HS	852	0	3	7398
HS	851	0	1	7399
HS	850	0	1	7400
HS	849	0	1	7401
HS	848	0	3	7404
HS	847	0	3	7407
HS	846	0	3	7410
HS	845	0	3	7413
HS	844	0	3	7416
HS	843	0	4	7420
HS	842	0	2	7422
HS	841	0	3	7425
HS	840	0	0	7425
HS	839	0	2	7427
HS	838	0	1	7428
HS	837	0	2	7430
HS	836	0	3	7433
HS	835	0	1	7434
HS	834	0	4	7438
HS	833	0	2	7440
HS	832	0	0	7440
HS	831	0	2	7442
HS	830	0	4	7446
HS	829	0	0	7446
HS	828	0	4	7450
HS	827	0	1	7451
HS	826	0	1	7452
HS	825	0	1	7453
HS	824	0	1	7454
HS	823	0	0	7454
HS	822	0	2	7456
HS	821	0	2	7458
HS	820	0	1	7459
HS	819	0	2	7461
HS	818	0	1	7462
HS	817	0	1	7463
HS	816	0	2	7465
HS	815	0	1	7466
HS	814	0	2	7468
HS	813	0	2	7470
HS	812	0	3	7473
HS	811	0	2	7475
HS	810	0	3	7478
HS	809	0	1	7479
HS	808	0	2	7481
HS	807	0	0	7481
HS	806	0	2	7483
HS	805	0	1	7484
HS	804	0	0	7484
HS	803	0	2	7486
HS	802	0	0	7486
HS	801	0	2	7488
HS	800	0	1	7489
HS	799	0	1	7490
HS	798	0	0	7490
HS	797	0	2	7492
HS	796	0	1	7493
HS	795	0	0	7493
HS	794	0	0	7493
HS	793	0	1	7494
HS	792	0	1	7495
HS	791	0	0	7495
HS	790	0	1	7496
HS	789	0	4	7500
HS	788	0	1	7501
HS	787	0	0	7501
HS	786	0	1	7502
HS	785	0	0	7502
HS	784	0	0	7502
HS	783	0	0	7502
HS	782	0	3	7505
HS	781	0	2	7507
HS	780	0	1	7508
HS	779	0	1	7509
HS	778	0	3	7512
HS	777	0	4	7516
HS	776	0	4	7520
HS	775	0	1	7521
HS	774	0	1	7522
HS	773	0	5	7527
HS	772	0	3	7530
HS	771	0	1	7531
HS	770	0	4	7535
HS	769	0	6	7541
HS	768	0	7	7548
HS	767	0	4	7552
HS	766	0	4	7556
HS	765	0	6	7562
HS	764	0	5	7567
HS	763	0	8	7575
HS	762	0	2	7577
HS	761	0	9	7586
HS	760	0	9	7595
HS	759	0	3	7598
HS	758	0	4	7602
HS	757	0	3	7605
HS	756	0	2	7607
HS	755	0	4	7611
HS	754	0	4	7615
HS	753	0	6	7621
HS	752	0	4	7625
HS	751	0	8	7633
HS	750	0	11	7644
HS	749	0	6	7650
HS	748	0	9	7659
HS	747	0	8	7667
HS	746	0	5	7672
HS	745	0	8	7680
HS	744	0	9	7689
HS	743	0	5	7694
HS	742	0	10	7704
HS	741	0	15	7719
HS	740	0	8	7727
HS	739	0	13	7740
HS	738	0	5	7745
HS	737	0	8	7753
HS	736	0	12	7765
HS	735	0	9	7774
HS	734	0	6	7780
HS	733	0	7	7787
HS	732	0	4	7791
HS	731	0	4	7795
HS	730	0	11	7806
HS	729	0	5	7811
HS	728	0	10	7821
HS	727	0	8	7829
HS	726	0	10	7839
HS	725	0	10	7849
HS	724	0	8	7857
HS	723	0	9	7866
HS	722	0	6	7872
HS	721	0	2	7874
HS	720	0	9	7883
HS	719	0	11	7894
HS	718	0	5	7899
HS	717	0	4	7903
HS	716	0	8	7911
HS	715	0	5	7916
HS	714	0	9	7925
HS	713	0	2	7927
HS	712	0	6	7933
HS	711	0	9	7942
HS	710	0	7	7949
HS	709	0	3	7952
HS	708	0	7	7959
HS	707	0	8	7967
HS	706	0	13	7980
HS	705	0	11	7991
HS	704	0	8	7999
HS	703	0	11	8010
HS	702	0	15	8025
HS	701	0	16	8041
HS	700	0	14	8055
HS	699	0	20	8075
HS	698	0	5	8080
HS	697	0	14	8094
HS	696	0	7	8101
HS	695	0	15	8116
HS	694	0	14	8130
HS	693	0	11	8141
HS	692	0	16	8157
HS	691	0	17	8174
HS	690	0	10	8184
HS	689	0	11	8195
HS	688	0	9	8204
HS	687	0	7	8211
HS	686	0	11	8222
HS	685	0	17	8239
HS	684	0	7	8246
HS	683	0	18	8264
HS	682	0	9	8273
HS	681	0	8	8281
HS	680	0	11	8292
HS	679	0	12	8304
HS	678	0	14	8318
HS	677	0	12	8330
HS	676	0	12	8342
HS	675	0	10	8352
HS	674	0	14	8366
HS	673	0	14	8380
HS	672	0	4	8384
HS	671	0	12	8396
HS	670	0	14	8410
HS	669	0	12	8422
HS	668	0	19	8441
HS	667	0	16	8457
HS	666	0	11	8468
HS	665	0	12	8480
HS	664	0	6	8486
HS	663	0	14	8500
HS	662	0	15	8515
HS	661	0	12	8527
HS	660	0	7	8534
HS	659	0	16	8550
HS	658	0	7	8557
HS	657	0	5	8562
HS	656	0	6	8568
HS	655	0	14	8582
HS	654	0	13	8595
HS	653	0	9	8604
HS	652	0	8	8612
HS	651	0	8	8620
HS	650	0	8	8628
HS	649	0	8	8636
HS	648	0	11	8647
HS	647	0	12	8659
HS	646	0	11	8670
HS	645	0	12	8682
HS	644	0	11	8693
HS	643	0	12	8705
HS	642	0	6	8711
HS	641	0	12	8723
HS	640	0	18	8741
HS	639	0	15	8756
HS	638	0	9	8765
HS	637	0	13	8778
HS	636	0	13	8791
HS	635	0	14	8805
HS	634	0	13	8818
HS	633	0	12	8830
HS	632	0	11	8841
HS	631	0	24	8865
HS	630	0	11	8876
HS	629	0	8	8884
HS	628	0	21	8905
HS	627	0	16	8921
HS	626	0	13	8934
HS	625	0	15	8949
HS	624	0	10	8959
HS	623	0	17	8976
HS	622	0	19	8995
HS	621	0	12	9007
HS	620	0	20	9027
HS	619	0	9	9036
HS	618	0	19	9055
HS	617	0	10	9065
HS	616	0	23	9088
HS	615	0	24	9112
HS	614	0	19	9131
HS	613	0	17	9148
HS	612	0	18	9166
HS	611	0	13	9179
HS	610	0	13	9192
HS	609	0	25	9217
HS	608	0	17	9234
HS	607	0	14	9248
HS	606	0	14	9262
HS	605	0	16	9278
HS	604	0	13	9291
HS	603	0	23	9314
HS	602	0	19	9333
HS	601	0	22	9355
HS	600	0	14	9369
HS	599	0	22	9391
HS	598	0	14	9405
HS	597	0	10	9415
HS	596	0	19	9434
HS	595	0	16	9450
HS	594	0	9	9459
HS	593	0	11	9470
HS	592	0	10	9480
HS	591	0	11	9491
HS	590	0	18	9509
HS	589	0	10	9519
HS	588	0	9	9528
HS	587	0	12	9540
HS	586	0	14	9554
HS	585	0	16	9570
HS	584	0	13	9583
HS	583	0	20	9603
HS	582	0	10	9613
HS	581	0	16	9629
HS	580	0	16	9645
HS	579	0	23	9668
HS	578	0	16	9684
HS	577	0	16	9700
HS	576	0	21	9721
HS	575	0	13	9734
HS	574	0	13	9747
HS	573	0	16	9763
HS	572	0	20	9783
HS	571	0	8	9791
HS	570	0	10	9801
HS	569	0	12	9813
HS	568	0	21	9834
HS	567	0	12	9846
HS	566	0	16	9862
HS	565	0	13	9875
HS	564	0	14	9889
HS	563	0	17	9906
HS	562	0	14	9920
HS	561	0	17	9937
HS	560	0	19	9956
HS	559	0	19	9975
HS	558	0	15	9990
HS	557	0	28	10018
HS	556	0	19	10037
HS	555	0	21	10058
HS	554	0	18	10076
HS	553	0	20	10096
HS	552	0	28	10124
HS	551	0	19	10143
HS	550	0	23	10166
HS	549	0	30	10196
HS	548	0	19	10215
HS	547	0	27	10242
HS	546	0	33	10275
HS	545	0	31	10306
HS	544	0	35	10341
HS	543	0	21	10362
HS	542	0	24	10386
HS	541	0	37	10423
HS	540	0	36	10459
HS	539	0	27	10486
HS	538	0	35	10521
HS	537	0	38	10559
HS	536	0	33	10592
HS	535	0	34	10626
HS	534	0	28	10654
HS	533	0	37	10691
HS	532	0	27	10718
HS	531	0	30	10748
HS	530	0	49	10797
HS	529	0	30	10827
HS	528	0	42	10869
HS	527	0	30	10899
HS	526	0	43	10942
HS	525	0	27	10969
HS	524	0	36	11005
HS	523	0	33	11038
HS	522	0	45	11083
HS	521	0	20	11103
HS	520	0	36	11139
HS	519	0	43	11182
HS	518	0	52	11234
HS	517	0	32	11266
HS	516	0	42	11308
HS	515	0	30	11338
HS	514	0	45	11383
HS	513	0	49	11432
HS	512	0	48	11480
HS	511	0	45	11525
HS	510	0	42	11567
HS	509	0	43	11610
HS	508	0	46	11656
HS	507	0	55	11711
HS	506	0	49	11760
HS	505	0	44	11804
HS	504	0	50	11854
HS	503	0	49	11903
HS	502	0	38	11941
HS	501	0	39	11980
HS	500	0	56	12036
HS	499	0	52	12088
HS	498	0	50	12138
HS	497	0	55	12193
HS	496	0	51	12244
HS	495	0	66	12310
HS	494	0	63	12373
HS	493	0	61	12434
HS	492	0	65	12499
HS	491	0	59	12558
HS	490	0	53	12611
HS	489	0	54	12665
HS	488	0	59	12724
HS	487	0	62	12786
HS	486	0	57	12843
HS	485	0	72	12915
HS	484	0	82	12997
HS	483	0	75	13072
HS	482	0	70	13142
HS	481	0	75	13217
HS	480	0	70	13287
HS	479	0	85	13372
HS	478	0	92	13464
HS	477	0	66	13530
HS	476	0	80	13610
HS	475	0	67	13677
HS	474	0	83	13760
HS	473	0	65	13825
HS	472	0	93	13918
HS	471	0	83	14001
HS	470	0	91	14092
HS	469	0	88	14180
HS	468	0	91	14271
HS	467	0	86	14357
HS	466	0	85	14442
HS	465	0	88	14530
HS	464	0	105	14635
HS	463	0	107	14742
HS	462	0	112	14854
HS	461	0	127	14981
HS	460	0	120	15101
HS	459	0	107	15208
HS	458	0	105	15313
HS	457	0	106	15419
HS	456	0	120	15539
HS	455	0	112	15651
HS	454	0	123	15774
HS	453	0	126	15900
HS	452	0	132	16032
HS	451	0	137	16169
HS	450	0	137	16306
HS	449	0	128	16434
HS	448	0	152	16586
HS	447	0	173	16759
HS	446	0	170	16929
HS	445	0	170	17099
HS	444	0	165	17264
HS	443	0	162	17426
HS	442	0	197	17623
HS	441	0	171	17794
HS	440	0	191	17985
HS	439	0	239	18224
HS	438	0	214	18438
HS	437	0	226	18664
HS	436	0	210	18874
HS	435	0	261	19135
HS	434	0	249	19384
HS	433	0	241	19625
HS	432	0	238	19863
HS	431	0	270	20133
HS	430	0	289	20422
HS	429	0	290	20712
HS	428	0	319	21031
HS	427	0	326	21357
HS	426	0	293	21650
HS	425	0	327	21977
HS	424	0	312	22289
HS	423	0	383	22672
HS	422	0	382	23054
HS	421	0	377	23431
HS	420	0	434	23865
HS	419	0	446	24311
HS	418	0	423	24734
HS	417	0	466	25200
HS	416	0	481	25681
HS	415	0	475	26156
HS	414	0	497	26653
HS	413	0	529	27182
HS	412	0	571	27753
HS	411	0	582	28335
HS	410	0	606	28941
HS	409	0	614	29555
HS	408	0	648	30203
HS	407	0	646	30849
HS	406	0	691	31540
HS	405	0	715	32255
HS	404	0	754	33009
HS	403	0	802	33811
HS	402	0	783	34594
HS	401	0	801	35395
HS	400	0	811	36206
HS	399	0	843	37049
HS	398	0	853	37902
HS	397	0	983	38885
HS	396	0	975	39860
HS	395	0	997	40857
HS	394	0	1041	41898
HS	393	0	1098	42996
HS	392	0	1079	44075
HS	391	0	1175	45250
HS	390	0	1211	46461
HS	389	0	1259	47720
HS	388	0	1309	49029
HS	387	0	1386	50415
HS	386	0	1496	51911
HS	385	0	1518	53429
HS	384	0	1557	54986
HS	383	0	1550	56536
HS	382	0	1750	58286
HS	381	0	1720	60006
HS	380	0	1751	61757
HS	379	0	1865	63622
HS	378	0	1845	65467
HS	377	0	2044	67511
HS	376	0	2097	69608
HS	375	0	2143	71751
HS	374	0	2106	73857
HS	373	0	2280	76137
HS	372	0	2309	78446
HS	371	0	2374	80820
HS	370	0	2509	83329
HS	369	0	2522	85851
HS	368	0	2623	88474
HS	367	0	2822	91296
HS	366	0	2871	94167
HS	365	0	2894	97061
HS	364	0	2972	100033
HS	363	0	3133	103166
HS	362	0	3149	106315
HS	361	0	3413	109728
HS	360	0	3323	113051
HS	359	0	3520	116571
HS	358	0	3630	120201
HS	357	0	3590	123791
HS	356	0	3817	127608
HS	355	0	3868	131476
HS	354	0	4119	135595
HS	353	0	4080	139675
HS	352	0	4394	144069
HS	351	0	4590	148659
HS	350	0	4631	153290
HS	349	0	4719	158009
HS	348	0	4774	162783
HS	347	0	5006	167789
HS	346	0	5272	173061
HS	345	0	5392	178453
HS	344	0	5797	184250
HS	343	0	5954	190204
HS	342	0	6019	196223
HS	341	0	6165	202388
HS	340	0	6580	208968
HS	339	0	6589	215557
HS	338	0	6863	222420
HS	337	0	6874	229294
HS	336	0	7184	236478
HS	335	0	7482	243960
HS	334	0	7545	251505
HS	333	0	7641	259146
HS	332	0	8020	267166
HS	331	0	8232	275398
HS	330	0	8375	283773
HS	329	0	8652	292425
HS	328	0	8907	301332
HS	327	0	9007	310339
HS	326	0	9470	319809
HS	325	0	9531	329340
HS	324	0	9745	339085
HS	323	0	10083	349168
HS	322	0	10449	359617
HS	321	0	10567	370184
HS	320	0	11128	381312
HS	319	0	11455	392767
HS	318	0	11615	404382
HS	317	0	11865	416247
HS	316	0	12256	428503
HS	315	0	12478	440981
HS	314	0	12737	453718
HS	313	0	12877	466595
HS	312	0	13343	479938
HS	311	0	13424	493362
HS	310	0	13623	506985
HS	309	0	14005	520990
HS	308	0	14385	535375
HS	307	0	14794	550169
HS	306	0	15212	565381
HS	305	0	15553	580934
HS	304	0	15770	596704
HS	303	0	16231	612935
HS	302	0	16748	629683
HS	301	0	17094	646777
HS	300	0	17550	664327
HS	299	0	18091	682418
HS	298	0	18433	700851
HS	297	0	18881	719732
HS	296	0	19255	738987
HS	295	0	19396	758383
HS	294	0	19756	778139
HS	293	0	20161	798300
HS	292	0	20796	819096
HS	291	0	20775	839871
HS	290	0	21444	861315
HS	289	0	21654	882969
HS	288	0	22209	905178
HS	287	0	22468	927646
HS	286	0	23186	950832
HS	285	0	23350	974182
HS	284	0	23656	997838
HS	283	0	24115	1021953
HS	282	0	24247	1046200
HS	281	0	24781	1070981
HS	280	0	24777	1095758
HS	279	0	25453	1121211
HS	278	0	26252	1147463
HS	277	0	26535	1173998
HS	276	0	26517	1200515
HS	275	0	26984	1227499
HS	274	0	27217	1254716
HS	273	0	27592	1282308
HS	272	0	28301	1310609
HS	271	0	28450	1339059
HS	270	0	28930	1367989
HS	269	0	29205	1397194
HS	268	0	29226	1426420
HS	267	0	30089	1456509
HS	266	0	30657	1487166
HS	265	0	30977	1518143
HS	264	0	30872	1549015
HS	263	0	31805	1580820
HS	262	0	31934	1612754
HS	261	0	32686	1645440
HS	260	0	32776	1678216
HS	259	0	32800	1711016
HS	258	0	33093	1744109
HS	257	0	33690	1777799
HS	256	0	33932	1811731
HS	255	0	34236	1845967
HS	254	0	34364	1880331
HS	253	0	34784	1915115
HS	252	0	35009	1950124
HS	251	0	35232	1985356
HS	250	0	35944	2021300
HS	249	0	35988	2057288
HS	248	0	36592	2093880
HS	247	0	36763	2130643
HS	246	0	36929	2167572
HS	245	0	37520	2205092
HS	244	0	37831	2242923
HS	243	0	38173	2281096
HS	242	0	37940	2319036
HS	241	0	38328	2357364
HS	240	0	38182	2395546
HS	239	0	38530	2434076
HS	238	0	38270	2472346
HS	237	0	38238	2510584
HS	236	0	38893	2549477
HS	235	0	38574	2588051
HS	234	0	38444	2626495
HS	233	0	39124	2665619
HS	232	0	39058	2704677
HS	231	0	39165	2743842
HS	230	0	38843	2782685
HS	229	0	39173	2821858
HS	228	0	39130	2860988
HS	227	0	39121	2900109
HS	226	0	39273	2939382
HS	225	0	38990	2978372
HS	224	0	38936	3017308
HS	223	0	38601	3055909
HS	222	0	38655	3094564
HS	221	0	38428	3132992
HS	220	0	38032	3171024
HS	219	0	37842	3208866
HS	218	0	37718	3246584
HS	217	0	37682	3284266
HS	216	0	37116	3321382
HS	215	0	36995	3358377
HS	214	0	37127	3395504
HS	213	0	36815	3432319
HS	212	0	36717	3469036
HS	211	0	36396	3505432
HS	210	0	36466	3541898
HS	209	0	35762	3577660
HS	208	0	35497	3613157
HS	207	0	35098	3648255
HS	206	0	34671	3682926
HS	205	0	34349	3717275
HS	204	0	33874	3751149
HS	203	0	33709	3784858
HS	202	0	33314	3818172
HS	201	0	33128	3851300
HS	200	0	32563	3883863
HS	199	0	32311	3916174
HS	198	0	31889	3948063
HS	197	0	31206	3979269
HS	196	0	31078	4010347
HS	195	0	30417	4040764
HS	194	0	29681	4070445
HS	193	0	29359	4099804
HS	192	0	28977	4128781
HS	191	0	28707	4157488
HS	190	0	28077	4185565
HS	189	0	27514	4213079
HS	188	0	27314	4240393
HS	187	0	26760	4267153
HS	186	0	26256	4293409
HS	185	0	26062	4319471
HS	184	0	25786	4345257
HS	183	0	25407	4370664
HS	182	0	24761	4395425
HS	181	0	24264	4419689
HS	180	0	24345	4444034
HS	179	0	23825	4467859
HS	178	0	23253	4491112
HS	177	0	22561	4513673
HS	176	0	22207	4535880
HS	175	0	21522	4557402
HS	174	0	21032	4578434
HS	173	0	20514	4598948
HS	172	0	20474	4619422
HS	171	0	19883	4639305
HS	170	0	19363	4658668
HS	169	0	19275	4677943
HS	168	0	18630	4696573
HS	167	0	18241	4714814
HS	166	0	17531	4732345
HS	165	0	17466	4749811
HS	164	0	17117	4766928
HS	163	0	16782	4783710
HS	162	0	16264	4799974
HS	161	0	15793	4815767
HS	160	0	15235	4831002
HS	159	0	14730	4845732
HS	158	0	14497	4860229
HS	157	0	13908	4874137
HS	156	0	13738	4887875
HS	155	0	13212	4901087
HS	154	0	12859	4913946
HS	153	0	12578	4926524
HS	152	0	12167	4938691
HS	151	0	11966	4950657
HS	150	0	11545	4962202
HS	149	0	11010	4973212
HS	148	0	10879	4984091
HS	147	0	10651	4994742
HS	146	0	10193	5004935
HS	145	0	10104	5015039
HS	144	0	9680	5024719
HS	143	0	9129	5033848
HS	142	0	9111	5042959
HS	141	0	8638	5051597
HS	140	0	8260	5059857
HS	139	0	8286	5068143
HS	138	0	7841	5075984
HS	137	0	7795	5083779
HS	136	0	7494	5091273
HS	135	0	7285	5098558
HS	134	0	6948	5105506
HS	133	0	7039	5112545
HS	132	0	6912	5119457
HS	131	0	6920	5126377
HS	130	0	6748	5133125
HS	129	0	6592	5139717
HS	128	0	6445	5146162
HS	127	0	6328	5152490
HS	126	0	6373	5158863
HS	125	0	6345	5165208
HS	124	0	6377	5171585
HS	123	0	6269	5177854
HS	122	0	6112	5183966
HS	121	0	6299	5190265
HS	120	0	6173	5196438
HS	119	0	6212	5202650
HS	118	0	6239	5208889
HS	117	0	6321	5215210
HS	116	0	6344	5221554
HS	115	0	6407	5227961
HS	114	0	6509	5234470
HS	113	0	6373	5240843
HS	112	0	6573	5247416
HS	111	0	6535	5253951
HS	110	0	6672	5260623
HS	109	0	6928	5267551
HS	108	0	6937	5274488
HS	107	0	6950	5281438
HS	106	0	7237	5288675
HS	105	0	7519	5296194
HS	104	0	7200	5303394
HS	103	0	7285	5310679
HS	102	0	7422	5318101
HS	101	0	7461	5325562
HS	100	0	7577	5333139
HS	99	0	7836	5340975
HS	98	0	7815	5348790
HS	97	0	7768	5356558
HS	96	0	7681	5364239
HS	95	0	7716	5371955
HS	94	0	7667	5379622
HS	93	0	7481	5387103
HS	92	0	7506	5394609
HS	91	0	7816	5402425
HS	90	0	7742	5410167
HS	89	0	7916	5418083
HS	88	0	7881	5425964
HS	87	0	8072	5434036
HS	86	0	7983	5442019
HS	85	0	8134	5450153
HS	84	0	8100	5458253
HS	83	0	7862	5466115
HS	82	0	7744	5473859
HS	81	0	7335	5481194
HS	80	0	7182	5488376
HS	79	0	7196	5495572
HS	78	0	6828	5502400
HS	77	0	6865	5509265
HS	76	0	6469	5515734
HS	75	0	6681	5522415
HS	74	0	6334	5528749
HS	73	0	6125	5534874
HS	72	0	6068	5540942
HS	71	0	6123	5547065
HS	70	0	5613	5552678
HS	69	0	5390	5558068
HS	68	0	5366	5563434
HS	67	0	5126	5568560
HS	66	0	4925	5573485
HS	65	0	4797	5578282
HS	64	0	4598	5582880
HS	63	0	4458	5587338
HS	62	0	4184	5591522
HS	61	0	3969	5595491
HS	60	0	3741	5599232
HS	59	0	3625	5602857
HS	58	0	3278	5606135
HS	57	0	2900	5609035
HS	56	0	2802	5611837
HS	55	0	2584	5614421
HS	54	0	2335	5616756
HS	53	0	2172	5618928
HS	52	0	2096	5621024
HS	51	0	1914	5622938
HS	50	0	1800	5624738
HS	49	0	1603	5626341
HS	48	0	1494	5627835
HS	47	0	1284	5629119
HS	46	0	1197	5630316
HS	45	0	1092	5631408
HS	44	0	1109	5632517
HS	43	0	973	5633490
HS	42	0	1019	5634509
HS	41	0	939	5635448
HS	40	0	860	5636308
HS	39	0	854	5637162
HS	38	0	893	5638055
HS	37	0	901	5638956
HS	36	0	990	5639946
HS	35	0	999	5640945
HS	34	0	1106	5642051
HS	33	0	1257	5643308
HS	32	0	1321	5644629
HS	31	0	1363	5645992
HS	30	0	1683	5647675
HS	29	0	1943	5649618
HS	28	0	2215	5651833
HS	27	0	2425	5654258
HS	26	0	2738	5656996
HS	25	0	3212	5660208
HS	24	0	3777	5663985
HS	23	0	4286	5668271
HS	22	0	5281	5673552
HS	21	0	6463	5680015
HS	20	0	8426	5688441
HS	19	0	9521	5697962
HS	18	0	11962	5709924
HS	17	0	13843	5723767
HS	16	0	17348	5741115
HS	15	0	21084	5762199
HS	14	0	25662	5787861
HS	13	0	30906	5818767
HS	12	0	38202	5856969
HS	11	0	49850	5906819
HS	10	0	63936	5970755
HS	9	0	85606	6056361
HS	8	0	118135	6174496
HS	7	0	168647	6343143
HS	6	0	268065	6611208
HS	5	0	473062	7084270
HS	4	0	1000291	8084561
HS	3	0	2727151	10811712
HS	2	0	10693252	21504964
HS	1	0	0	21504964
HS	0	0	0	21504964
