CC	CT  kmer_occurrence    short_read_kmer_count  raw_input_kmer_count  adjusted_input_kmer_count
CC	FR  fpr_lower_bound    fpr_upper_bound
CC	ER  total_input_kmers  adjusted_error_kmers
CC	CV  coverage
CC	QV  raw_quality_value  adjusted_quality_value
CC
SQ	CP126105.1	3929586	3929556	3929556	99.00
CT	1023	4827	42621	42621.000
CT	1022	0	0	0.000
CT	1021	2	12	12.000
CT	1020	0	0	0.000
CT	1019	0	0	0.000
CT	1018	1	6	6.000
CT	1017	0	0	0.000
CT	1016	1	0	0.000
CT	1015	0	0	0.000
CT	1014	0	0	0.000
CT	1013	1	9	9.000
CT	1012	0	0	0.000
CT	1011	0	0	0.000
CT	1010	0	0	0.000
CT	1009	0	0	0.000
CT	1008	0	0	0.000
CT	1007	0	0	0.000
CT	1006	0	0	0.000
CT	1005	0	0	0.000
CT	1004	0	0	0.000
CT	1003	0	0	0.000
CT	1002	0	0	0.000
CT	1001	0	0	0.000
CT	1000	0	0	0.000
CT	999	1	6	6.000
CT	998	3	16	16.000
CT	997	0	0	0.000
CT	996	1	6	6.000
CT	995	0	0	0.000
CT	994	3	19	19.000
CT	993	1	9	9.000
CT	992	2	14	14.000
CT	991	0	0	0.000
CT	990	5	32	32.000
CT	989	1	5	5.000
CT	988	1	5	5.000
CT	987	3	19	19.000
CT	986	2	10	10.000
CT	985	1	9	9.000
CT	984	2	11	11.000
CT	983	2	8	8.000
CT	982	1	8	8.000
CT	981	2	13	13.000
CT	980	2	11	11.000
CT	979	1	9	9.000
CT	978	0	0	0.000
CT	977	2	14	14.000
CT	976	0	0	0.000
CT	975	1	8	8.000
CT	974	1	8	8.000
CT	973	2	10	10.000
CT	972	1	5	5.000
CT	971	2	10	10.000
CT	970	2	10	10.000
CT	969	1	5	5.000
CT	968	1	5	5.000
CT	967	0	0	0.000
CT	966	0	0	0.000
CT	965	1	5	5.000
CT	964	1	5	5.000
CT	963	1	5	5.000
CT	962	2	13	13.000
CT	961	0	0	0.000
CT	960	0	0	0.000
CT	959	0	0	0.000
CT	958	0	0	0.000
CT	957	0	0	0.000
CT	956	1	5	5.000
CT	955	3	18	18.000
CT	954	0	0	0.000
CT	953	0	0	0.000
CT	952	0	0	0.000
CT	951	2	10	10.000
CT	950	1	8	8.000
CT	949	3	10	10.000
CT	948	0	0	0.000
CT	947	1	5	5.000
CT	946	5	20	20.000
CT	945	0	0	0.000
CT	944	0	0	0.000
CT	943	0	0	0.000
CT	942	0	0	0.000
CT	941	0	0	0.000
CT	940	0	0	0.000
CT	939	1	5	5.000
CT	938	0	0	0.000
CT	937	0	0	0.000
CT	936	1	0	0.000
CT	935	1	0	0.000
CT	934	0	0	0.000
CT	933	1	8	8.000
CT	932	1	8	8.000
CT	931	0	0	0.000
CT	930	0	0	0.000
CT	929	0	0	0.000
CT	928	0	0	0.000
CT	927	0	0	0.000
CT	926	0	0	0.000
CT	925	1	4	4.000
CT	924	1	4	4.000
CT	923	1	4	4.000
CT	922	0	0	0.000
CT	921	0	0	0.000
CT	920	0	0	0.000
CT	919	0	0	0.000
CT	918	0	0	0.000
CT	917	1	4	4.000
CT	916	0	0	0.000
CT	915	1	4	4.000
CT	914	2	13	13.000
CT	913	0	0	0.000
CT	912	2	8	8.000
CT	911	0	0	0.000
CT	910	1	5	5.000
CT	909	2	12	12.000
CT	908	3	18	18.000
CT	907	1	4	4.000
CT	906	5	17	17.000
CT	905	1	4	4.000
CT	904	3	12	12.000
CT	903	2	16	16.000
CT	902	1	4	4.000
CT	901	1	4	4.000
CT	900	2	16	16.000
CT	899	0	0	0.000
CT	898	2	8	8.000
CT	897	1	8	8.000
CT	896	1	4	4.000
CT	895	1	4	4.000
CT	894	2	12	12.000
CT	893	1	8	8.000
CT	892	0	0	0.000
CT	891	0	0	0.000
CT	890	0	0	0.000
CT	889	1	4	4.000
CT	888	2	9	9.000
CT	887	0	0	0.000
CT	886	1	4	4.000
CT	885	3	12	12.000
CT	884	0	0	0.000
CT	883	3	14	14.000
CT	882	3	12	12.000
CT	881	2	8	8.000
CT	880	1	4	4.000
CT	879	1	4	4.000
CT	878	3	12	12.000
CT	877	1	4	4.000
CT	876	1	4	4.000
CT	875	0	0	0.000
CT	874	1	4	4.000
CT	873	2	4	4.000
CT	872	1	4	4.000
CT	871	1	0	0.000
CT	870	3	13	13.000
CT	869	1	5	5.000
CT	868	1	4	4.000
CT	867	1	4	4.000
CT	866	0	0	0.000
CT	865	0	0	0.000
CT	864	0	0	0.000
CT	863	0	0	0.000
CT	862	0	0	0.000
CT	861	2	8	8.000
CT	860	3	12	12.000
CT	859	2	7	7.000
CT	858	1	4	4.000
CT	857	2	8	8.000
CT	856	0	0	0.000
CT	855	0	0	0.000
CT	854	0	0	0.000
CT	853	1	4	4.000
CT	852	3	9	9.000
CT	851	2	8	8.000
CT	850	0	0	0.000
CT	849	4	10	10.000
CT	848	0	0	0.000
CT	847	0	0	0.000
CT	846	2	8	8.000
CT	845	2	8	8.000
CT	844	1	3	3.000
CT	843	1	3	3.000
CT	842	0	0	0.000
CT	841	5	20	20.000
CT	840	3	12	12.000
CT	839	1	0	0.000
CT	838	0	0	0.000
CT	837	2	8	8.000
CT	836	0	0	0.000
CT	835	2	7	7.000
CT	834	5	20	20.000
CT	833	4	16	16.000
CT	832	2	8	8.000
CT	831	3	13	13.000
CT	830	2	8	8.000
CT	829	2	8	8.000
CT	828	2	8	8.000
CT	827	3	8	8.000
CT	826	1	4	4.000
CT	825	1	4	4.000
CT	824	3	12	12.000
CT	823	2	8	8.000
CT	822	2	8	8.000
CT	821	0	0	0.000
CT	820	1	4	4.000
CT	819	1	4	4.000
CT	818	1	4	4.000
CT	817	2	9	9.000
CT	816	0	0	0.000
CT	815	3	8	8.000
CT	814	0	0	0.000
CT	813	2	9	9.000
CT	812	0	0	0.000
CT	811	0	0	0.000
CT	810	0	0	0.000
CT	809	0	0	0.000
CT	808	2	10	10.000
CT	807	1	5	5.000
CT	806	6	25	25.000
CT	805	1	4	4.000
CT	804	3	13	13.000
CT	803	1	5	5.000
CT	802	1	4	4.000
CT	801	0	0	0.000
CT	800	1	5	5.000
CT	799	0	0	0.000
CT	798	1	6	6.000
CT	797	2	8	8.000
CT	796	4	19	19.000
CT	795	1	4	4.000
CT	794	3	12	12.000
CT	793	3	14	14.000
CT	792	1	4	4.000
CT	791	2	12	12.000
CT	790	3	13	13.000
CT	789	6	25	25.000
CT	788	2	8	8.000
CT	787	4	17	17.000
CT	786	3	16	16.000
CT	785	8	32	32.000
CT	784	1	4	4.000
CT	783	1	4	4.000
CT	782	2	11	11.000
CT	781	0	0	0.000
CT	780	5	23	23.000
CT	779	2	12	12.000
CT	778	4	17	17.000
CT	777	1	4	4.000
CT	776	4	16	16.000
CT	775	1	4	4.000
CT	774	1	4	4.000
CT	773	2	9	9.000
CT	772	1	4	4.000
CT	771	3	10	10.000
CT	770	1	0	0.000
CT	769	5	21	21.000
CT	768	3	12	12.000
CT	767	4	16	16.000
CT	766	1	4	4.000
CT	765	4	14	14.000
CT	764	2	8	8.000
CT	763	2	10	10.000
CT	762	4	16	16.000
CT	761	2	8	8.000
CT	760	2	11	11.000
CT	759	7	33	33.000
CT	758	2	8	8.000
CT	757	7	29	29.000
CT	756	3	12	12.000
CT	755	1	3	3.000
CT	754	3	14	14.000
CT	753	3	10	10.000
CT	752	6	25	25.000
CT	751	5	15	15.000
CT	750	1	6	6.000
CT	749	1	6	6.000
CT	748	3	6	6.000
CT	747	1	6	6.000
CT	746	5	13	13.000
CT	745	3	11	11.000
CT	744	5	12	12.000
CT	743	5	16	16.000
CT	742	4	11	11.000
CT	741	2	5	5.000
CT	740	3	12	12.000
CT	739	4	15	15.000
CT	738	1	2	2.000
CT	737	4	9	9.000
CT	736	3	10	10.000
CT	735	3	10	10.000
CT	734	3	6	6.000
CT	733	3	9	9.000
CT	732	2	6	6.000
CT	731	4	14	14.000
CT	730	6	16	16.000
CT	729	3	10	10.000
CT	728	5	10	10.000
CT	727	1	2	2.000
CT	726	1	2	2.000
CT	725	1	3	3.000
CT	724	2	6	6.000
CT	723	6	21	21.000
CT	722	3	10	10.000
CT	721	7	19	19.000
CT	720	3	9	9.000
CT	719	2	8	8.000
CT	718	3	11	11.000
CT	717	3	10	10.000
CT	716	2	6	6.000
CT	715	3	9	9.000
CT	714	4	13	13.000
CT	713	4	11	11.000
CT	712	2	5	5.000
CT	711	4	13	13.000
CT	710	2	5	5.000
CT	709	1	3	3.000
CT	708	3	10	10.000
CT	707	2	6	6.000
CT	706	3	9	9.000
CT	705	1	2	2.000
CT	704	2	7	7.000
CT	703	5	14	14.000
CT	702	0	0	0.000
CT	701	5	12	12.000
CT	700	1	2	2.000
CT	699	4	11	11.000
CT	698	0	0	0.000
CT	697	2	4	4.000
CT	696	3	6	6.000
CT	695	3	7	7.000
CT	694	10	22	22.000
CT	693	2	5	5.000
CT	692	7	20	20.000
CT	691	2	4	4.000
CT	690	9	24	24.000
CT	689	5	13	13.000
CT	688	5	11	11.000
CT	687	7	17	17.000
CT	686	4	9	9.000
CT	685	3	6	6.000
CT	684	1	4	4.000
CT	683	7	15	15.000
CT	682	4	11	11.000
CT	681	8	19	19.000
CT	680	8	18	18.000
CT	679	9	18	18.000
CT	678	6	15	15.000
CT	677	7	22	22.000
CT	676	5	11	11.000
CT	675	4	10	10.000
CT	674	4	12	12.000
CT	673	5	13	13.000
CT	672	6	19	19.000
CT	671	4	8	8.000
CT	670	8	20	20.000
CT	669	4	9	9.000
CT	668	6	17	17.000
CT	667	1	2	2.000
CT	666	3	7	7.000
CT	665	4	9	9.000
CT	664	7	19	19.000
CT	663	4	12	12.000
CT	662	7	17	17.000
CT	661	9	21	21.000
CT	660	5	12	12.000
CT	659	9	24	24.000
CT	658	5	16	16.000
CT	657	2	6	6.000
CT	656	9	24	24.000
CT	655	7	17	17.000
CT	654	4	9	9.000
CT	653	4	10	10.000
CT	652	4	9	9.000
CT	651	7	19	19.000
CT	650	7	19	19.000
CT	649	6	15	15.000
CT	648	13	36	36.000
CT	647	16	40	40.000
CT	646	12	32	32.000
CT	645	9	21	21.000
CT	644	11	25	25.000
CT	643	13	27	27.000
CT	642	13	28	28.000
CT	641	16	30	30.000
CT	640	11	27	27.000
CT	639	13	28	28.000
CT	638	12	27	27.000
CT	637	13	29	29.000
CT	636	12	29	29.000
CT	635	16	41	41.000
CT	634	14	29	29.000
CT	633	14	31	31.000
CT	632	15	34	34.000
CT	631	13	28	28.000
CT	630	10	20	20.000
CT	629	7	16	16.000
CT	628	12	28	28.000
CT	627	11	22	22.000
CT	626	9	23	23.000
CT	625	14	33	33.000
CT	624	13	26	26.000
CT	623	11	26	26.000
CT	622	13	28	28.000
CT	621	6	14	14.000
CT	620	18	44	44.000
CT	619	10	21	21.000
CT	618	5	10	10.000
CT	617	14	31	31.000
CT	616	18	35	35.000
CT	615	16	33	33.000
CT	614	17	35	35.000
CT	613	23	45	45.000
CT	612	18	35	35.000
CT	611	16	31	31.000
CT	610	21	43	43.000
CT	609	17	32	32.000
CT	608	11	22	22.000
CT	607	14	29	29.000
CT	606	28	55	55.000
CT	605	22	44	44.000
CT	604	27	52	52.000
CT	603	25	48	48.000
CT	602	14	29	29.000
CT	601	29	59	59.000
CT	600	18	33	33.000
CT	599	19	41	41.000
CT	598	21	38	38.000
CT	597	19	37	37.000
CT	596	14	28	28.000
CT	595	15	29	29.000
CT	594	29	59	59.000
CT	593	19	33	33.000
CT	592	29	54	54.000
CT	591	26	53	53.000
CT	590	25	53	53.000
CT	589	19	40	40.000
CT	588	32	64	64.000
CT	587	30	61	61.000
CT	586	30	61	61.000
CT	585	32	67	67.000
CT	584	24	53	53.000
CT	583	20	35	35.000
CT	582	24	44	44.000
CT	581	22	47	47.000
CT	580	30	49	49.000
CT	579	22	47	47.000
CT	578	26	51	51.000
CT	577	27	48	48.000
CT	576	21	46	46.000
CT	575	22	44	44.000
CT	574	17	25	25.000
CT	573	39	74	74.000
CT	572	20	37	37.000
CT	571	26	51	51.000
CT	570	34	66	66.000
CT	569	24	52	52.000
CT	568	33	59	59.000
CT	567	35	69	69.000
CT	566	28	52	52.000
CT	565	21	40	40.000
CT	564	27	43	43.000
CT	563	22	38	38.000
CT	562	26	49	49.000
CT	561	29	54	54.000
CT	560	29	50	50.000
CT	559	25	43	43.000
CT	558	30	51	51.000
CT	557	28	56	56.000
CT	556	35	58	58.000
CT	555	21	37	37.000
CT	554	32	52	52.000
CT	553	25	42	42.000
CT	552	31	58	58.000
CT	551	22	34	34.000
CT	550	26	47	47.000
CT	549	30	49	49.000
CT	548	28	50	50.000
CT	547	26	43	43.000
CT	546	33	53	53.000
CT	545	25	41	41.000
CT	544	31	49	49.000
CT	543	37	55	55.000
CT	542	32	52	52.000
CT	541	26	35	35.000
CT	540	41	70	70.000
CT	539	32	44	44.000
CT	538	34	53	53.000
CT	537	29	37	37.000
CT	536	25	40	40.000
CT	535	34	48	48.000
CT	534	35	42	42.000
CT	533	23	34	34.000
CT	532	31	45	45.000
CT	531	31	37	37.000
CT	530	46	67	67.000
CT	529	34	45	45.000
CT	528	44	70	70.000
CT	527	51	75	75.000
CT	526	55	76	76.000
CT	525	39	58	58.000
CT	524	51	77	77.000
CT	523	55	70	70.000
CT	522	52	70	70.000
CT	521	58	80	80.000
CT	520	49	67	67.000
CT	519	56	78	78.000
CT	518	54	75	75.000
CT	517	59	77	77.000
CT	516	49	64	64.000
CT	515	59	78	78.000
CT	514	85	113	113.000
CT	513	72	96	96.000
CT	512	70	97	97.000
CT	511	80	95	95.000
CT	510	79	95	95.000
CT	509	87	111	111.000
CT	508	58	71	71.000
CT	507	79	94	94.000
CT	506	103	120	120.000
CT	505	94	111	111.000
CT	504	85	97	97.000
CT	503	97	110	110.000
CT	502	99	110	110.000
CT	501	98	106	106.000
CT	500	112	132	132.000
CT	499	108	122	122.000
CT	498	124	147	147.000
CT	497	119	128	128.000
CT	496	151	172	172.000
CT	495	143	159	159.000
CT	494	137	153	153.000
CT	493	124	134	134.000
CT	492	144	150	150.000
CT	491	158	167	167.000
CT	490	145	157	157.000
CT	489	146	156	156.000
CT	488	170	186	186.000
CT	487	161	177	177.000
CT	486	176	188	188.000
CT	485	173	185	185.000
CT	484	183	198	198.000
CT	483	163	178	178.000
CT	482	197	217	217.000
CT	481	162	176	176.000
CT	480	198	210	210.000
CT	479	196	218	218.000
CT	478	223	245	245.000
CT	477	240	261	261.000
CT	476	236	270	270.000
CT	475	265	283	283.000
CT	474	253	274	274.000
CT	473	245	270	270.000
CT	472	277	306	306.000
CT	471	282	308	308.000
CT	470	325	354	354.000
CT	469	308	331	331.000
CT	468	324	342	342.000
CT	467	310	327	327.000
CT	466	323	345	345.000
CT	465	332	347	347.000
CT	464	379	407	407.000
CT	463	366	389	389.000
CT	462	383	387	387.000
CT	461	370	383	383.000
CT	460	379	393	393.000
CT	459	444	464	464.000
CT	458	402	413	413.000
CT	457	472	499	499.000
CT	456	487	524	524.000
CT	455	516	533	533.000
CT	454	473	491	491.000
CT	453	538	562	562.000
CT	452	568	582	582.000
CT	451	619	634	634.000
CT	450	644	665	665.000
CT	449	620	630	630.000
CT	448	642	664	664.000
CT	447	641	656	656.000
CT	446	713	737	737.000
CT	445	748	767	767.000
CT	444	771	783	783.000
CT	443	766	778	778.000
CT	442	787	797	797.000
CT	441	837	851	851.000
CT	440	835	844	844.000
CT	439	833	843	843.000
CT	438	945	959	959.000
CT	437	911	922	922.000
CT	436	1022	1036	1036.000
CT	435	1016	1029	1029.000
CT	434	1008	1017	1017.000
CT	433	1040	1054	1054.000
CT	432	1054	1065	1065.000
CT	431	1060	1069	1069.000
CT	430	1149	1167	1167.000
CT	429	1197	1209	1209.000
CT	428	1207	1217	1217.000
CT	427	1294	1304	1304.000
CT	426	1246	1264	1264.000
CT	425	1324	1342	1342.000
CT	424	1348	1369	1369.000
CT	423	1407	1422	1422.000
CT	422	1394	1399	1399.000
CT	421	1550	1572	1572.000
CT	420	1600	1616	1616.000
CT	419	1625	1645	1645.000
CT	418	1665	1681	1681.000
CT	417	1810	1825	1825.000
CT	416	1797	1822	1822.000
CT	415	1805	1831	1831.000
CT	414	1866	1882	1882.000
CT	413	2034	2056	2056.000
CT	412	1952	1985	1985.000
CT	411	2025	2042	2042.000
CT	410	2174	2198	2198.000
CT	409	2169	2190	2190.000
CT	408	2161	2178	2178.000
CT	407	2215	2226	2226.000
CT	406	2206	2229	2229.000
CT	405	2280	2313	2313.000
CT	404	2360	2388	2388.000
CT	403	2425	2449	2449.000
CT	402	2543	2566	2566.000
CT	401	2728	2758	2758.000
CT	400	2621	2642	2642.000
CT	399	2674	2707	2707.000
CT	398	2690	2721	2721.000
CT	397	2855	2898	2898.000
CT	396	2935	2973	2973.000
CT	395	2995	3031	3031.000
CT	394	3065	3105	3105.000
CT	393	3154	3187	3187.000
CT	392	3281	3310	3310.000
CT	391	3274	3306	3306.000
CT	390	3447	3482	3482.000
CT	389	3566	3594	3594.000
CT	388	3637	3666	3666.000
CT	387	3812	3836	3836.000
CT	386	3851	3895	3895.000
CT	385	3982	4017	4017.000
CT	384	3968	4000	4000.000
CT	383	4259	4291	4291.000
CT	382	4266	4304	4304.000
CT	381	4348	4384	4384.000
CT	380	4600	4639	4639.000
CT	379	4553	4580	4580.000
CT	378	4843	4880	4880.000
CT	377	4844	4869	4869.000
CT	376	4977	5001	5001.000
CT	375	5015	5039	5039.000
CT	374	5312	5337	5337.000
CT	373	5355	5396	5396.000
CT	372	5515	5545	5545.000
CT	371	5702	5737	5737.000
CT	370	5798	5824	5824.000
CT	369	5948	5978	5978.000
CT	368	6086	6114	6114.000
CT	367	6368	6397	6397.000
CT	366	6317	6339	6339.000
CT	365	6546	6577	6577.000
CT	364	6541	6564	6564.000
CT	363	6684	6716	6716.000
CT	362	6769	6793	6793.000
CT	361	7101	7133	7133.000
CT	360	7277	7303	7303.000
CT	359	7617	7646	7646.000
CT	358	7524	7553	7553.000
CT	357	7730	7754	7754.000
CT	356	8150	8177	8177.000
CT	355	8156	8184	8184.000
CT	354	8298	8336	8336.000
CT	353	8474	8505	8505.000
CT	352	8479	8518	8518.000
CT	351	8927	8951	8951.000
CT	350	9222	9256	9256.000
CT	349	9295	9321	9321.000
CT	348	9552	9586	9586.000
CT	347	9562	9597	9597.000
CT	346	9872	9907	9907.000
CT	345	10119	10149	10149.000
CT	344	10242	10283	10283.000
CT	343	10586	10615	10615.000
CT	342	10799	10824	10824.000
CT	341	11121	11144	11144.000
CT	340	11344	11375	11375.000
CT	339	11574	11600	11600.000
CT	338	11862	11893	11893.000
CT	337	11945	11989	11989.000
CT	336	12231	12257	12257.000
CT	335	12438	12461	12461.000
CT	334	12732	12748	12748.000
CT	333	12948	12971	12971.000
CT	332	12942	12968	12968.000
CT	331	13294	13324	13324.000
CT	330	13244	13268	13268.000
CT	329	13572	13607	13607.000
CT	328	13827	13850	13850.000
CT	327	14487	14514	14514.000
CT	326	14378	14396	14396.000
CT	325	14847	14874	14874.000
CT	324	14968	14981	14981.000
CT	323	15386	15398	15398.000
CT	322	15525	15547	15547.000
CT	321	15815	15842	15842.000
CT	320	16252	16277	16277.000
CT	319	16547	16578	16578.000
CT	318	16803	16826	16826.000
CT	317	16943	16967	16967.000
CT	316	17339	17365	17365.000
CT	315	17548	17581	17581.000
CT	314	17802	17824	17824.000
CT	313	18314	18344	18344.000
CT	312	18393	18421	18421.000
CT	311	18582	18606	18606.000
CT	310	19024	19049	19049.000
CT	309	19475	19502	19502.000
CT	308	19602	19629	19629.000
CT	307	19519	19538	19538.000
CT	306	20072	20090	20090.000
CT	305	20352	20370	20370.000
CT	304	20202	20228	20228.000
CT	303	20544	20560	20560.000
CT	302	20690	20709	20709.000
CT	301	21188	21203	21203.000
CT	300	20901	20910	20910.000
CT	299	21431	21445	21445.000
CT	298	21744	21760	21760.000
CT	297	21802	21817	21817.000
CT	296	22226	22233	22233.000
CT	295	22340	22357	22357.000
CT	294	22194	22223	22223.000
CT	293	22865	22887	22887.000
CT	292	22903	22926	22926.000
CT	291	22697	22711	22711.000
CT	290	23200	23219	23219.000
CT	289	23529	23546	23546.000
CT	288	23282	23304	23304.000
CT	287	23602	23613	23613.000
CT	286	23823	23835	23835.000
CT	285	24295	24315	24315.000
CT	284	24134	24150	24150.000
CT	283	24842	24861	24861.000
CT	282	24519	24529	24529.000
CT	281	24915	24940	24940.000
CT	280	25283	25296	25296.000
CT	279	25230	25240	25240.000
CT	278	25389	25411	25411.000
CT	277	25759	25778	25778.000
CT	276	25694	25709	25709.000
CT	275	25983	26002	26002.000
CT	274	26116	26130	26130.000
CT	273	26177	26193	26193.000
CT	272	26387	26405	26405.000
CT	271	26819	26829	26829.000
CT	270	26614	26624	26624.000
CT	269	26976	26988	26988.000
CT	268	27014	27030	27030.000
CT	267	27136	27146	27146.000
CT	266	27469	27484	27484.000
CT	265	27435	27449	27449.000
CT	264	27119	27125	27125.000
CT	263	27136	27143	27143.000
CT	262	27380	27383	27383.000
CT	261	27352	27355	27355.000
CT	260	27141	27145	27145.000
CT	259	27437	27447	27447.000
CT	258	27414	27417	27417.000
CT	257	27551	27552	27552.000
CT	256	27217	27219	27219.000
CT	255	27278	27282	27282.000
CT	254	27154	27156	27156.000
CT	253	27084	27085	27085.000
CT	252	26856	26856	26856.000
CT	251	26985	26982	26982.000
CT	250	27033	27031	27031.000
CT	249	26402	26399	26399.000
CT	248	26361	26360	26360.000
CT	247	26358	26357	26357.000
CT	246	26561	26561	26561.000
CT	245	26173	26172	26172.000
CT	244	25957	25956	25956.000
CT	243	25771	25770	25770.000
CT	242	25824	25823	25823.000
CT	241	25582	25582	25582.000
CT	240	25048	25044	25044.000
CT	239	24877	24875	24875.000
CT	238	25124	25123	25123.000
CT	237	24474	24471	24471.000
CT	236	24528	24527	24527.000
CT	235	24044	24043	24043.000
CT	234	24334	24334	24334.000
CT	233	23924	23923	23923.000
CT	232	23640	23640	23640.000
CT	231	23467	23467	23467.000
CT	230	22951	22950	22950.000
CT	229	22701	22701	22701.000
CT	228	22461	22461	22461.000
CT	227	22433	22432	22432.000
CT	226	21790	21789	21789.000
CT	225	22067	22065	22065.000
CT	224	21279	21279	21279.000
CT	223	21294	21293	21293.000
CT	222	20743	20741	20741.000
CT	221	20519	20520	20520.000
CT	220	20481	20483	20483.000
CT	219	20307	20307	20307.000
CT	218	19994	19997	19997.000
CT	217	19628	19630	19630.000
CT	216	19132	19132	19132.000
CT	215	18715	18715	18715.000
CT	214	18521	18522	18522.000
CT	213	18287	18292	18292.000
CT	212	17639	17642	17642.000
CT	211	17578	17581	17581.000
CT	210	17082	17082	17082.000
CT	209	17027	17023	17023.000
CT	208	16482	16483	16483.000
CT	207	16234	16232	16232.000
CT	206	15958	15957	15957.000
CT	205	15788	15788	15788.000
CT	204	15463	15462	15462.000
CT	203	14833	14828	14828.000
CT	202	14685	14678	14678.000
CT	201	14052	14047	14047.000
CT	200	13707	13703	13703.000
CT	199	13327	13328	13328.000
CT	198	13170	13169	13169.000
CT	197	12638	12634	12634.000
CT	196	12393	12390	12390.000
CT	195	11987	11987	11987.000
CT	194	11785	11779	11779.000
CT	193	11609	11605	11605.000
CT	192	11156	11149	11149.000
CT	191	10986	10980	10980.000
CT	190	10677	10679	10679.000
CT	189	10615	10615	10615.000
CT	188	10190	10187	10187.000
CT	187	9864	9866	9866.000
CT	186	9635	9634	9634.000
CT	185	9183	9183	9183.000
CT	184	9060	9052	9052.000
CT	183	8969	8967	8967.000
CT	182	8616	8608	8608.000
CT	181	8453	8447	8447.000
CT	180	7867	7868	7868.000
CT	179	7705	7704	7704.000
CT	178	7559	7559	7559.000
CT	177	7332	7331	7331.000
CT	176	6922	6922	6922.000
CT	175	6775	6770	6770.000
CT	174	6476	6475	6475.000
CT	173	6466	6470	6470.000
CT	172	6324	6322	6322.000
CT	171	6146	6145	6145.000
CT	170	5917	5920	5920.000
CT	169	5858	5864	5864.000
CT	168	5714	5717	5717.000
CT	167	5531	5530	5530.000
CT	166	5331	5334	5334.000
CT	165	5096	5093	5093.000
CT	164	4897	4893	4893.000
CT	163	4652	4638	4638.000
CT	162	4522	4513	4513.000
CT	161	4296	4284	4284.000
CT	160	4065	4059	4059.000
CT	159	4024	4014	4014.000
CT	158	3960	3960	3960.000
CT	157	3641	3640	3640.000
CT	156	3553	3549	3549.000
CT	155	3348	3348	3348.000
CT	154	3265	3262	3262.000
CT	153	3041	3037	3037.000
CT	152	3070	3067	3067.000
CT	151	2845	2840	2840.000
CT	150	2763	2760	2760.000
CT	149	2684	2678	2678.000
CT	148	2573	2567	2567.000
CT	147	2500	2494	2494.000
CT	146	2269	2262	2262.000
CT	145	2344	2341	2341.000
CT	144	2098	2095	2095.000
CT	143	2033	2024	2024.000
CT	142	1963	1956	1956.000
CT	141	1757	1752	1752.000
CT	140	1755	1746	1746.000
CT	139	1702	1701	1701.000
CT	138	1500	1501	1501.000
CT	137	1475	1470	1470.000
CT	136	1455	1457	1457.000
CT	135	1374	1372	1372.000
CT	134	1302	1298	1298.000
CT	133	1265	1262	1262.000
CT	132	1156	1155	1155.000
CT	131	1093	1094	1094.000
CT	130	1074	1069	1069.000
CT	129	995	991	991.000
CT	128	1011	1006	1006.000
CT	127	982	978	978.000
CT	126	923	915	915.000
CT	125	936	931	931.000
CT	124	842	838	838.000
CT	123	841	834	834.000
CT	122	897	889	889.000
CT	121	833	832	832.000
CT	120	719	717	717.000
CT	119	710	704	704.000
CT	118	673	667	667.000
CT	117	729	719	719.000
CT	116	620	606	606.000
CT	115	625	619	619.000
CT	114	632	629	629.000
CT	113	604	603	603.000
CT	112	556	553	553.000
CT	111	509	506	506.000
CT	110	528	528	528.000
CT	109	464	463	463.000
CT	108	412	409	409.000
CT	107	446	444	444.000
CT	106	403	401	401.000
CT	105	410	406	406.000
CT	104	429	427	427.000
CT	103	457	457	457.000
CT	102	427	422	422.000
CT	101	384	381	381.000
CT	100	393	387	387.000
CT	99	400	396	396.000
CT	98	439	437	437.000
CT	97	397	393	393.000
CT	96	397	389	389.000
CT	95	403	399	399.000
CT	94	326	319	319.000
CT	93	342	338	338.000
CT	92	289	281	281.000
CT	91	278	267	267.000
CT	90	251	245	245.000
CT	89	290	284	284.000
CT	88	250	238	238.000
CT	87	272	261	261.000
CT	86	247	237	237.000
CT	85	213	206	206.000
CT	84	254	236	236.000
CT	83	242	234	234.000
CT	82	249	239	239.000
CT	81	296	272	272.000
CT	80	245	229	229.000
CT	79	208	190	190.000
CT	78	197	171	171.000
CT	77	208	179	179.000
CT	76	212	179	179.000
CT	75	200	173	173.000
CT	74	224	189	189.000
CT	73	251	193	193.000
CT	72	248	206	206.000
CT	71	221	166	166.000
CT	70	263	193	193.000
CT	69	238	153	153.000
CT	68	222	143	143.000
CT	67	222	119	119.000
CT	66	210	117	117.000
CT	65	230	97	97.000
CT	64	218	99	99.000
CT	63	221	93	93.000
CT	62	265	107	107.000
CT	61	260	109	109.000
CT	60	272	129	129.000
CT	59	310	122	122.000
CT	58	337	111	111.000
CT	57	359	89	89.000
CT	56	382	94	94.000
CT	55	316	53	53.000
CT	54	410	74	74.000
CT	53	389	66	66.000
CT	52	426	72	72.000
CT	51	412	64	64.000
CT	50	536	59	59.000
CT	49	626	52	52.000
CT	48	739	30	30.000
CT	47	676	37	37.000
CT	46	821	25	25.000
CT	45	884	25	25.000
CT	44	944	41	41.000
CT	43	992	37	37.000
CT	42	1156	39	39.000
CT	41	1467	28	28.000
CT	40	1532	45	45.000
CT	39	1825	53	53.000
CT	38	1970	55	55.000
CT	37	2379	51	51.000
CT	36	2893	26	26.000
CT	35	3086	32	32.000
CT	34	3560	21	21.000
CT	33	3969	13	13.000
CT	32	4469	15	15.000
CT	31	4967	19	19.000
CT	30	5667	14	14.000
CT	29	6468	14	14.000
CT	28	7425	5	5.000
CT	27	8099	2	2.000
CT	26	9089	4	4.000
CT	25	10338	4	4.000
CT	24	11981	4	4.000
CT	23	13589	0	0.000
CT	22	15640	0	0.000
CT	21	17965	0	0.000
CT	20	21118	0	0.000
CT	19	24047	0	0.000
CT	18	28050	0	0.000
CT	17	33299	0	0.000
CT	16	39613	0	0.000
CT	15	46689	0	0.000
CT	14	56831	0	0.000
CT	13	67892	0	0.000
CT	12	84499	0	0.000
CT	11	105534	0	0.000
CT	10	135788	0	0.000
CT	9	178703	0	0.000
CT	8	246577	0	0.000
CT	7	357871	0	0.000
CT	6	549933	0	0.000
CT	5	936413	0	0.000
CT	4	1811974	0	0.000
CT	3	4199270	0	0.000
CT	2	13192183	0	0.000
CT	1	0	0	-nan
CT	0	0	0	-nan
FR	0	0
ER	3929556	0.000
CV	1.000
QV	inf	inf
