HS	1023	0	4827	4827
HS	1022	0	0	4827
HS	1021	0	2	4829
HS	1020	0	0	4829
HS	1019	0	0	4829
HS	1018	0	1	4830
HS	1017	0	0	4830
HS	1016	0	1	4831
HS	1015	0	0	4831
HS	1014	0	0	4831
HS	1013	0	1	4832
HS	1012	0	0	4832
HS	1011	0	0	4832
HS	1010	0	0	4832
HS	1009	0	0	4832
HS	1008	0	0	4832
HS	1007	0	0	4832
HS	1006	0	0	4832
HS	1005	0	0	4832
HS	1004	0	0	4832
HS	1003	0	0	4832
HS	1002	0	0	4832
HS	1001	0	0	4832
HS	1000	0	0	4832
HS	999	0	1	4833
HS	998	0	3	4836
HS	997	0	0	4836
HS	996	0	1	4837
HS	995	0	0	4837
HS	994	0	3	4840
HS	993	0	1	4841
HS	992	0	2	4843
HS	991	0	0	4843
HS	990	0	5	4848
HS	989	0	1	4849
HS	988	0	1	4850
HS	987	0	3	4853
HS	986	0	2	4855
HS	985	0	1	4856
HS	984	0	2	4858
HS	983	0	2	4860
HS	982	0	1	4861
HS	981	0	2	4863
HS	980	0	2	4865
HS	979	0	1	4866
HS	978	0	0	4866
HS	977	0	2	4868
HS	976	0	0	4868
HS	975	0	1	4869
HS	974	0	1	4870
HS	973	0	2	4872
HS	972	0	1	4873
HS	971	0	2	4875
HS	970	0	2	4877
HS	969	0	1	4878
HS	968	0	1	4879
HS	967	0	0	4879
HS	966	0	0	4879
HS	965	0	1	4880
HS	964	0	1	4881
HS	963	0	1	4882
HS	962	0	2	4884
HS	961	0	0	4884
HS	960	0	0	4884
HS	959	0	0	4884
HS	958	0	0	4884
HS	957	0	0	4884
HS	956	0	1	4885
HS	955	0	3	4888
HS	954	0	0	4888
HS	953	0	0	4888
HS	952	0	0	4888
HS	951	0	2	4890
HS	950	0	1	4891
HS	949	0	3	4894
HS	948	0	0	4894
HS	947	0	1	4895
HS	946	0	5	4900
HS	945	0	0	4900
HS	944	0	0	4900
HS	943	0	0	4900
HS	942	0	0	4900
HS	941	0	0	4900
HS	940	0	0	4900
HS	939	0	1	4901
HS	938	0	0	4901
HS	937	0	0	4901
HS	936	0	1	4902
HS	935	0	1	4903
HS	934	0	0	4903
HS	933	0	1	4904
HS	932	0	1	4905
HS	931	0	0	4905
HS	930	0	0	4905
HS	929	0	0	4905
HS	928	0	0	4905
HS	927	0	0	4905
HS	926	0	0	4905
HS	925	0	1	4906
HS	924	0	1	4907
HS	923	0	1	4908
HS	922	0	0	4908
HS	921	0	0	4908
HS	920	0	0	4908
HS	919	0	0	4908
HS	918	0	0	4908
HS	917	0	1	4909
HS	916	0	0	4909
HS	915	0	1	4910
HS	914	0	2	4912
HS	913	0	0	4912
HS	912	0	2	4914
HS	911	0	0	4914
HS	910	0	1	4915
HS	909	0	2	4917
HS	908	0	3	4920
HS	907	0	1	4921
HS	906	0	5	4926
HS	905	0	1	4927
HS	904	0	3	4930
HS	903	0	2	4932
HS	902	0	1	4933
HS	901	0	1	4934
HS	900	0	2	4936
HS	899	0	0	4936
HS	898	0	2	4938
HS	897	0	1	4939
HS	896	0	1	4940
HS	895	0	1	4941
HS	894	0	2	4943
HS	893	0	1	4944
HS	892	0	0	4944
HS	891	0	0	4944
HS	890	0	0	4944
HS	889	0	1	4945
HS	888	0	2	4947
HS	887	0	0	4947
HS	886	0	1	4948
HS	885	0	3	4951
HS	884	0	0	4951
HS	883	0	3	4954
HS	882	0	3	4957
HS	881	0	2	4959
HS	880	0	1	4960
HS	879	0	1	4961
HS	878	0	3	4964
HS	877	0	1	4965
HS	876	0	1	4966
HS	875	0	0	4966
HS	874	0	1	4967
HS	873	0	2	4969
HS	872	0	1	4970
HS	871	0	1	4971
HS	870	0	3	4974
HS	869	0	1	4975
HS	868	0	1	4976
HS	867	0	1	4977
HS	866	0	0	4977
HS	865	0	0	4977
HS	864	0	0	4977
HS	863	0	0	4977
HS	862	0	0	4977
HS	861	0	2	4979
HS	860	0	3	4982
HS	859	0	2	4984
HS	858	0	1	4985
HS	857	0	2	4987
HS	856	0	0	4987
HS	855	0	0	4987
HS	854	0	0	4987
HS	853	0	1	4988
HS	852	0	3	4991
HS	851	0	2	4993
HS	850	0	0	4993
HS	849	0	4	4997
HS	848	0	0	4997
HS	847	0	0	4997
HS	846	0	2	4999
HS	845	0	2	5001
HS	844	0	1	5002
HS	843	0	1	5003
HS	842	0	0	5003
HS	841	0	5	5008
HS	840	0	3	5011
HS	839	0	1	5012
HS	838	0	0	5012
HS	837	0	2	5014
HS	836	0	0	5014
HS	835	0	2	5016
HS	834	0	5	5021
HS	833	0	4	5025
HS	832	0	2	5027
HS	831	0	3	5030
HS	830	0	2	5032
HS	829	0	2	5034
HS	828	0	2	5036
HS	827	0	3	5039
HS	826	0	1	5040
HS	825	0	1	5041
HS	824	0	3	5044
HS	823	0	2	5046
HS	822	0	2	5048
HS	821	0	0	5048
HS	820	0	1	5049
HS	819	0	1	5050
HS	818	0	1	5051
HS	817	0	2	5053
HS	816	0	0	5053
HS	815	0	3	5056
HS	814	0	0	5056
HS	813	0	2	5058
HS	812	0	0	5058
HS	811	0	0	5058
HS	810	0	0	5058
HS	809	0	0	5058
HS	808	0	2	5060
HS	807	0	1	5061
HS	806	0	6	5067
HS	805	0	1	5068
HS	804	0	3	5071
HS	803	0	1	5072
HS	802	0	1	5073
HS	801	0	0	5073
HS	800	0	1	5074
HS	799	0	0	5074
HS	798	0	1	5075
HS	797	0	2	5077
HS	796	0	4	5081
HS	795	0	1	5082
HS	794	0	3	5085
HS	793	0	3	5088
HS	792	0	1	5089
HS	791	0	2	5091
HS	790	0	3	5094
HS	789	0	6	5100
HS	788	0	2	5102
HS	787	0	4	5106
HS	786	0	3	5109
HS	785	0	8	5117
HS	784	0	1	5118
HS	783	0	1	5119
HS	782	0	2	5121
HS	781	0	0	5121
HS	780	0	5	5126
HS	779	0	2	5128
HS	778	0	4	5132
HS	777	0	1	5133
HS	776	0	4	5137
HS	775	0	1	5138
HS	774	0	1	5139
HS	773	0	2	5141
HS	772	0	1	5142
HS	771	0	3	5145
HS	770	0	1	5146
HS	769	0	5	5151
HS	768	0	3	5154
HS	767	0	4	5158
HS	766	0	1	5159
HS	765	0	4	5163
HS	764	0	2	5165
HS	763	0	2	5167
HS	762	0	4	5171
HS	761	0	2	5173
HS	760	0	2	5175
HS	759	0	7	5182
HS	758	0	2	5184
HS	757	0	7	5191
HS	756	0	3	5194
HS	755	0	1	5195
HS	754	0	3	5198
HS	753	0	3	5201
HS	752	0	6	5207
HS	751	0	5	5212
HS	750	0	1	5213
HS	749	0	1	5214
HS	748	0	3	5217
HS	747	0	1	5218
HS	746	0	5	5223
HS	745	0	3	5226
HS	744	0	5	5231
HS	743	0	5	5236
HS	742	0	4	5240
HS	741	0	2	5242
HS	740	0	3	5245
HS	739	0	4	5249
HS	738	0	1	5250
HS	737	0	4	5254
HS	736	0	3	5257
HS	735	0	3	5260
HS	734	0	3	5263
HS	733	0	3	5266
HS	732	0	2	5268
HS	731	0	4	5272
HS	730	0	6	5278
HS	729	0	3	5281
HS	728	0	5	5286
HS	727	0	1	5287
HS	726	0	1	5288
HS	725	0	1	5289
HS	724	0	2	5291
HS	723	0	6	5297
HS	722	0	3	5300
HS	721	0	7	5307
HS	720	0	3	5310
HS	719	0	2	5312
HS	718	0	3	5315
HS	717	0	3	5318
HS	716	0	2	5320
HS	715	0	3	5323
HS	714	0	4	5327
HS	713	0	4	5331
HS	712	0	2	5333
HS	711	0	4	5337
HS	710	0	2	5339
HS	709	0	1	5340
HS	708	0	3	5343
HS	707	0	2	5345
HS	706	0	3	5348
HS	705	0	1	5349
HS	704	0	2	5351
HS	703	0	5	5356
HS	702	0	0	5356
HS	701	0	5	5361
HS	700	0	1	5362
HS	699	0	4	5366
HS	698	0	0	5366
HS	697	0	2	5368
HS	696	0	3	5371
HS	695	0	3	5374
HS	694	0	10	5384
HS	693	0	2	5386
HS	692	0	7	5393
HS	691	0	2	5395
HS	690	0	9	5404
HS	689	0	5	5409
HS	688	0	5	5414
HS	687	0	7	5421
HS	686	0	4	5425
HS	685	0	3	5428
HS	684	0	1	5429
HS	683	0	7	5436
HS	682	0	4	5440
HS	681	0	8	5448
HS	680	0	8	5456
HS	679	0	9	5465
HS	678	0	6	5471
HS	677	0	7	5478
HS	676	0	5	5483
HS	675	0	4	5487
HS	674	0	4	5491
HS	673	0	5	5496
HS	672	0	6	5502
HS	671	0	4	5506
HS	670	0	8	5514
HS	669	0	4	5518
HS	668	0	6	5524
HS	667	0	1	5525
HS	666	0	3	5528
HS	665	0	4	5532
HS	664	0	7	5539
HS	663	0	4	5543
HS	662	0	7	5550
HS	661	0	9	5559
HS	660	0	5	5564
HS	659	0	9	5573
HS	658	0	5	5578
HS	657	0	2	5580
HS	656	0	9	5589
HS	655	0	7	5596
HS	654	0	4	5600
HS	653	0	4	5604
HS	652	0	4	5608
HS	651	0	7	5615
HS	650	0	7	5622
HS	649	0	6	5628
HS	648	0	13	5641
HS	647	0	16	5657
HS	646	0	12	5669
HS	645	0	9	5678
HS	644	0	11	5689
HS	643	0	13	5702
HS	642	0	13	5715
HS	641	0	16	5731
HS	640	0	11	5742
HS	639	0	13	5755
HS	638	0	12	5767
HS	637	0	13	5780
HS	636	0	12	5792
HS	635	0	16	5808
HS	634	0	14	5822
HS	633	0	14	5836
HS	632	0	15	5851
HS	631	0	13	5864
HS	630	0	10	5874
HS	629	0	7	5881
HS	628	0	12	5893
HS	627	0	11	5904
HS	626	0	9	5913
HS	625	0	14	5927
HS	624	0	13	5940
HS	623	0	11	5951
HS	622	0	13	5964
HS	621	0	6	5970
HS	620	0	18	5988
HS	619	0	10	5998
HS	618	0	5	6003
HS	617	0	14	6017
HS	616	0	18	6035
HS	615	0	16	6051
HS	614	0	17	6068
HS	613	0	23	6091
HS	612	0	18	6109
HS	611	0	16	6125
HS	610	0	21	6146
HS	609	0	17	6163
HS	608	0	11	6174
HS	607	0	14	6188
HS	606	0	28	6216
HS	605	0	22	6238
HS	604	0	27	6265
HS	603	0	25	6290
HS	602	0	14	6304
HS	601	0	29	6333
HS	600	0	18	6351
HS	599	0	19	6370
HS	598	0	21	6391
HS	597	0	19	6410
HS	596	0	14	6424
HS	595	0	15	6439
HS	594	0	29	6468
HS	593	0	19	6487
HS	592	0	29	6516
HS	591	0	26	6542
HS	590	0	25	6567
HS	589	0	19	6586
HS	588	0	32	6618
HS	587	0	30	6648
HS	586	0	30	6678
HS	585	0	32	6710
HS	584	0	24	6734
HS	583	0	20	6754
HS	582	0	24	6778
HS	581	0	22	6800
HS	580	0	30	6830
HS	579	0	22	6852
HS	578	0	26	6878
HS	577	0	27	6905
HS	576	0	21	6926
HS	575	0	22	6948
HS	574	0	17	6965
HS	573	0	39	7004
HS	572	0	20	7024
HS	571	0	26	7050
HS	570	0	34	7084
HS	569	0	24	7108
HS	568	0	33	7141
HS	567	0	35	7176
HS	566	0	28	7204
HS	565	0	21	7225
HS	564	0	27	7252
HS	563	0	22	7274
HS	562	0	26	7300
HS	561	0	29	7329
HS	560	0	29	7358
HS	559	0	25	7383
HS	558	0	30	7413
HS	557	0	28	7441
HS	556	0	35	7476
HS	555	0	21	7497
HS	554	0	32	7529
HS	553	0	25	7554
HS	552	0	31	7585
HS	551	0	22	7607
HS	550	0	26	7633
HS	549	0	30	7663
HS	548	0	28	7691
HS	547	0	26	7717
HS	546	0	33	7750
HS	545	0	25	7775
HS	544	0	31	7806
HS	543	0	37	7843
HS	542	0	32	7875
HS	541	0	26	7901
HS	540	0	41	7942
HS	539	0	32	7974
HS	538	0	34	8008
HS	537	0	29	8037
HS	536	0	25	8062
HS	535	0	34	8096
HS	534	0	35	8131
HS	533	0	23	8154
HS	532	0	31	8185
HS	531	0	31	8216
HS	530	0	46	8262
HS	529	0	34	8296
HS	528	0	44	8340
HS	527	0	51	8391
HS	526	0	55	8446
HS	525	0	39	8485
HS	524	0	51	8536
HS	523	0	55	8591
HS	522	0	52	8643
HS	521	0	58	8701
HS	520	0	49	8750
HS	519	0	56	8806
HS	518	0	54	8860
HS	517	0	59	8919
HS	516	0	49	8968
HS	515	0	59	9027
HS	514	0	85	9112
HS	513	0	72	9184
HS	512	0	70	9254
HS	511	0	80	9334
HS	510	0	79	9413
HS	509	0	87	9500
HS	508	0	58	9558
HS	507	0	79	9637
HS	506	0	103	9740
HS	505	0	94	9834
HS	504	0	85	9919
HS	503	0	97	10016
HS	502	0	99	10115
HS	501	0	98	10213
HS	500	0	112	10325
HS	499	0	108	10433
HS	498	0	124	10557
HS	497	0	119	10676
HS	496	0	151	10827
HS	495	0	143	10970
HS	494	0	137	11107
HS	493	0	124	11231
HS	492	0	144	11375
HS	491	0	158	11533
HS	490	0	145	11678
HS	489	0	146	11824
HS	488	0	170	11994
HS	487	0	161	12155
HS	486	0	176	12331
HS	485	0	173	12504
HS	484	0	183	12687
HS	483	0	163	12850
HS	482	0	197	13047
HS	481	0	162	13209
HS	480	0	198	13407
HS	479	0	196	13603
HS	478	0	223	13826
HS	477	0	240	14066
HS	476	0	236	14302
HS	475	0	265	14567
HS	474	0	253	14820
HS	473	0	245	15065
HS	472	0	277	15342
HS	471	0	282	15624
HS	470	0	325	15949
HS	469	0	308	16257
HS	468	0	324	16581
HS	467	0	310	16891
HS	466	0	323	17214
HS	465	0	332	17546
HS	464	0	379	17925
HS	463	0	366	18291
HS	462	0	383	18674
HS	461	0	370	19044
HS	460	0	379	19423
HS	459	0	444	19867
HS	458	0	402	20269
HS	457	0	472	20741
HS	456	0	487	21228
HS	455	0	516	21744
HS	454	0	473	22217
HS	453	0	538	22755
HS	452	0	568	23323
HS	451	0	619	23942
HS	450	0	644	24586
HS	449	0	620	25206
HS	448	0	642	25848
HS	447	0	641	26489
HS	446	0	713	27202
HS	445	0	748	27950
HS	444	0	771	28721
HS	443	0	766	29487
HS	442	0	787	30274
HS	441	0	837	31111
HS	440	0	835	31946
HS	439	0	833	32779
HS	438	0	945	33724
HS	437	0	911	34635
HS	436	0	1022	35657
HS	435	0	1016	36673
HS	434	0	1008	37681
HS	433	0	1040	38721
HS	432	0	1054	39775
HS	431	0	1060	40835
HS	430	0	1149	41984
HS	429	0	1197	43181
HS	428	0	1207	44388
HS	427	0	1294	45682
HS	426	0	1246	46928
HS	425	0	1324	48252
HS	424	0	1348	49600
HS	423	0	1407	51007
HS	422	0	1394	52401
HS	421	0	1550	53951
HS	420	0	1600	55551
HS	419	0	1625	57176
HS	418	0	1665	58841
HS	417	0	1810	60651
HS	416	0	1797	62448
HS	415	0	1805	64253
HS	414	0	1866	66119
HS	413	0	2034	68153
HS	412	0	1952	70105
HS	411	0	2025	72130
HS	410	0	2174	74304
HS	409	0	2169	76473
HS	408	0	2161	78634
HS	407	0	2215	80849
HS	406	0	2206	83055
HS	405	0	2280	85335
HS	404	0	2360	87695
HS	403	0	2425	90120
HS	402	0	2543	92663
HS	401	0	2728	95391
HS	400	0	2621	98012
HS	399	0	2674	100686
HS	398	0	2690	103376
HS	397	0	2855	106231
HS	396	0	2935	109166
HS	395	0	2995	112161
HS	394	0	3065	115226
HS	393	0	3154	118380
HS	392	0	3281	121661
HS	391	0	3274	124935
HS	390	0	3447	128382
HS	389	0	3566	131948
HS	388	0	3637	135585
HS	387	0	3812	139397
HS	386	0	3851	143248
HS	385	0	3982	147230
HS	384	0	3968	151198
HS	383	0	4259	155457
HS	382	0	4266	159723
HS	381	0	4348	164071
HS	380	0	4600	168671
HS	379	0	4553	173224
HS	378	0	4843	178067
HS	377	0	4844	182911
HS	376	0	4977	187888
HS	375	0	5015	192903
HS	374	0	5312	198215
HS	373	0	5355	203570
HS	372	0	5515	209085
HS	371	0	5702	214787
HS	370	0	5798	220585
HS	369	0	5948	226533
HS	368	0	6086	232619
HS	367	0	6368	238987
HS	366	0	6317	245304
HS	365	0	6546	251850
HS	364	0	6541	258391
HS	363	0	6684	265075
HS	362	0	6769	271844
HS	361	0	7101	278945
HS	360	0	7277	286222
HS	359	0	7617	293839
HS	358	0	7524	301363
HS	357	0	7730	309093
HS	356	0	8150	317243
HS	355	0	8156	325399
HS	354	0	8298	333697
HS	353	0	8474	342171
HS	352	0	8479	350650
HS	351	0	8927	359577
HS	350	0	9222	368799
HS	349	0	9295	378094
HS	348	0	9552	387646
HS	347	0	9562	397208
HS	346	0	9872	407080
HS	345	0	10119	417199
HS	344	0	10242	427441
HS	343	0	10586	438027
HS	342	0	10799	448826
HS	341	0	11121	459947
HS	340	0	11344	471291
HS	339	0	11574	482865
HS	338	0	11862	494727
HS	337	0	11945	506672
HS	336	0	12231	518903
HS	335	0	12438	531341
HS	334	0	12732	544073
HS	333	0	12948	557021
HS	332	0	12942	569963
HS	331	0	13294	583257
HS	330	0	13244	596501
HS	329	0	13572	610073
HS	328	0	13827	623900
HS	327	0	14487	638387
HS	326	0	14378	652765
HS	325	0	14847	667612
HS	324	0	14968	682580
HS	323	0	15386	697966
HS	322	0	15525	713491
HS	321	0	15815	729306
HS	320	0	16252	745558
HS	319	0	16547	762105
HS	318	0	16803	778908
HS	317	0	16943	795851
HS	316	0	17339	813190
HS	315	0	17548	830738
HS	314	0	17802	848540
HS	313	0	18314	866854
HS	312	0	18393	885247
HS	311	0	18582	903829
HS	310	0	19024	922853
HS	309	0	19475	942328
HS	308	0	19602	961930
HS	307	0	19519	981449
HS	306	0	20072	1001521
HS	305	0	20352	1021873
HS	304	0	20202	1042075
HS	303	0	20544	1062619
HS	302	0	20690	1083309
HS	301	0	21188	1104497
HS	300	0	20901	1125398
HS	299	0	21431	1146829
HS	298	0	21744	1168573
HS	297	0	21802	1190375
HS	296	0	22226	1212601
HS	295	0	22340	1234941
HS	294	0	22194	1257135
HS	293	0	22865	1280000
HS	292	0	22903	1302903
HS	291	0	22697	1325600
HS	290	0	23200	1348800
HS	289	0	23529	1372329
HS	288	0	23282	1395611
HS	287	0	23602	1419213
HS	286	0	23823	1443036
HS	285	0	24295	1467331
HS	284	0	24134	1491465
HS	283	0	24842	1516307
HS	282	0	24519	1540826
HS	281	0	24915	1565741
HS	280	0	25283	1591024
HS	279	0	25230	1616254
HS	278	0	25389	1641643
HS	277	0	25759	1667402
HS	276	0	25694	1693096
HS	275	0	25983	1719079
HS	274	0	26116	1745195
HS	273	0	26177	1771372
HS	272	0	26387	1797759
HS	271	0	26819	1824578
HS	270	0	26614	1851192
HS	269	0	26976	1878168
HS	268	0	27014	1905182
HS	267	0	27136	1932318
HS	266	0	27469	1959787
HS	265	0	27435	1987222
HS	264	0	27119	2014341
HS	263	0	27136	2041477
HS	262	0	27380	2068857
HS	261	0	27352	2096209
HS	260	0	27141	2123350
HS	259	0	27437	2150787
HS	258	0	27414	2178201
HS	257	0	27551	2205752
HS	256	0	27217	2232969
HS	255	0	27278	2260247
HS	254	0	27154	2287401
HS	253	0	27084	2314485
HS	252	0	26856	2341341
HS	251	0	26985	2368326
HS	250	0	27033	2395359
HS	249	0	26402	2421761
HS	248	0	26361	2448122
HS	247	0	26358	2474480
HS	246	0	26561	2501041
HS	245	0	26173	2527214
HS	244	0	25957	2553171
HS	243	0	25771	2578942
HS	242	0	25824	2604766
HS	241	0	25582	2630348
HS	240	0	25048	2655396
HS	239	0	24877	2680273
HS	238	0	25124	2705397
HS	237	0	24474	2729871
HS	236	0	24528	2754399
HS	235	0	24044	2778443
HS	234	0	24334	2802777
HS	233	0	23924	2826701
HS	232	0	23640	2850341
HS	231	0	23467	2873808
HS	230	0	22951	2896759
HS	229	0	22701	2919460
HS	228	0	22461	2941921
HS	227	0	22433	2964354
HS	226	0	21790	2986144
HS	225	0	22067	3008211
HS	224	0	21279	3029490
HS	223	0	21294	3050784
HS	222	0	20743	3071527
HS	221	0	20519	3092046
HS	220	0	20481	3112527
HS	219	0	20307	3132834
HS	218	0	19994	3152828
HS	217	0	19628	3172456
HS	216	0	19132	3191588
HS	215	0	18715	3210303
HS	214	0	18521	3228824
HS	213	0	18287	3247111
HS	212	0	17639	3264750
HS	211	0	17578	3282328
HS	210	0	17082	3299410
HS	209	0	17027	3316437
HS	208	0	16482	3332919
HS	207	0	16234	3349153
HS	206	0	15958	3365111
HS	205	0	15788	3380899
HS	204	0	15463	3396362
HS	203	0	14833	3411195
HS	202	0	14685	3425880
HS	201	0	14052	3439932
HS	200	0	13707	3453639
HS	199	0	13327	3466966
HS	198	0	13170	3480136
HS	197	0	12638	3492774
HS	196	0	12393	3505167
HS	195	0	11987	3517154
HS	194	0	11785	3528939
HS	193	0	11609	3540548
HS	192	0	11156	3551704
HS	191	0	10986	3562690
HS	190	0	10677	3573367
HS	189	0	10615	3583982
HS	188	0	10190	3594172
HS	187	0	9864	3604036
HS	186	0	9635	3613671
HS	185	0	9183	3622854
HS	184	0	9060	3631914
HS	183	0	8969	3640883
HS	182	0	8616	3649499
HS	181	0	8453	3657952
HS	180	0	7867	3665819
HS	179	0	7705	3673524
HS	178	0	7559	3681083
HS	177	0	7332	3688415
HS	176	0	6922	3695337
HS	175	0	6775	3702112
HS	174	0	6476	3708588
HS	173	0	6466	3715054
HS	172	0	6324	3721378
HS	171	0	6146	3727524
HS	170	0	5917	3733441
HS	169	0	5858	3739299
HS	168	0	5714	3745013
HS	167	0	5531	3750544
HS	166	0	5331	3755875
HS	165	0	5096	3760971
HS	164	0	4897	3765868
HS	163	0	4652	3770520
HS	162	0	4522	3775042
HS	161	0	4296	3779338
HS	160	0	4065	3783403
HS	159	0	4024	3787427
HS	158	0	3960	3791387
HS	157	0	3641	3795028
HS	156	0	3553	3798581
HS	155	0	3348	3801929
HS	154	0	3265	3805194
HS	153	0	3041	3808235
HS	152	0	3070	3811305
HS	151	0	2845	3814150
HS	150	0	2763	3816913
HS	149	0	2684	3819597
HS	148	0	2573	3822170
HS	147	0	2500	3824670
HS	146	0	2269	3826939
HS	145	0	2344	3829283
HS	144	0	2098	3831381
HS	143	0	2033	3833414
HS	142	0	1963	3835377
HS	141	0	1757	3837134
HS	140	0	1755	3838889
HS	139	0	1702	3840591
HS	138	0	1500	3842091
HS	137	0	1475	3843566
HS	136	0	1455	3845021
HS	135	0	1374	3846395
HS	134	0	1302	3847697
HS	133	0	1265	3848962
HS	132	0	1156	3850118
HS	131	0	1093	3851211
HS	130	0	1074	3852285
HS	129	0	995	3853280
HS	128	0	1011	3854291
HS	127	0	982	3855273
HS	126	0	923	3856196
HS	125	0	936	3857132
HS	124	0	842	3857974
HS	123	0	841	3858815
HS	122	0	897	3859712
HS	121	0	833	3860545
HS	120	0	719	3861264
HS	119	0	710	3861974
HS	118	0	673	3862647
HS	117	0	729	3863376
HS	116	0	620	3863996
HS	115	0	625	3864621
HS	114	0	632	3865253
HS	113	0	604	3865857
HS	112	0	556	3866413
HS	111	0	509	3866922
HS	110	0	528	3867450
HS	109	0	464	3867914
HS	108	0	412	3868326
HS	107	0	446	3868772
HS	106	0	403	3869175
HS	105	0	410	3869585
HS	104	0	429	3870014
HS	103	0	457	3870471
HS	102	0	427	3870898
HS	101	0	384	3871282
HS	100	0	393	3871675
HS	99	0	400	3872075
HS	98	0	439	3872514
HS	97	0	397	3872911
HS	96	0	397	3873308
HS	95	0	403	3873711
HS	94	0	326	3874037
HS	93	0	342	3874379
HS	92	0	289	3874668
HS	91	0	278	3874946
HS	90	0	251	3875197
HS	89	0	290	3875487
HS	88	0	250	3875737
HS	87	0	272	3876009
HS	86	0	247	3876256
HS	85	0	213	3876469
HS	84	0	254	3876723
HS	83	0	242	3876965
HS	82	0	249	3877214
HS	81	0	296	3877510
HS	80	0	245	3877755
HS	79	0	208	3877963
HS	78	0	197	3878160
HS	77	0	208	3878368
HS	76	0	212	3878580
HS	75	0	200	3878780
HS	74	0	224	3879004
HS	73	0	251	3879255
HS	72	0	248	3879503
HS	71	0	221	3879724
HS	70	0	263	3879987
HS	69	0	238	3880225
HS	68	0	222	3880447
HS	67	0	222	3880669
HS	66	0	210	3880879
HS	65	0	230	3881109
HS	64	0	218	3881327
HS	63	0	221	3881548
HS	62	0	265	3881813
HS	61	0	260	3882073
HS	60	0	272	3882345
HS	59	0	310	3882655
HS	58	0	337	3882992
HS	57	0	359	3883351
HS	56	0	382	3883733
HS	55	0	316	3884049
HS	54	0	410	3884459
HS	53	0	389	3884848
HS	52	0	426	3885274
HS	51	0	412	3885686
HS	50	0	536	3886222
HS	49	0	626	3886848
HS	48	0	739	3887587
HS	47	0	676	3888263
HS	46	0	821	3889084
HS	45	0	884	3889968
HS	44	0	944	3890912
HS	43	0	992	3891904
HS	42	0	1156	3893060
HS	41	0	1467	3894527
HS	40	0	1532	3896059
HS	39	0	1825	3897884
HS	38	0	1970	3899854
HS	37	0	2379	3902233
HS	36	0	2893	3905126
HS	35	0	3086	3908212
HS	34	0	3560	3911772
HS	33	0	3969	3915741
HS	32	0	4469	3920210
HS	31	0	4967	3925177
HS	30	0	5667	3930844
HS	29	0	6468	3937312
HS	28	0	7425	3944737
HS	27	0	8099	3952836
HS	26	0	9089	3961925
HS	25	0	10338	3972263
HS	24	0	11981	3984244
HS	23	0	13589	3997833
HS	22	0	15640	4013473
HS	21	0	17965	4031438
HS	20	0	21118	4052556
HS	19	0	24047	4076603
HS	18	0	28050	4104653
HS	17	0	33299	4137952
HS	16	0	39613	4177565
HS	15	0	46689	4224254
HS	14	0	56831	4281085
HS	13	0	67892	4348977
HS	12	0	84499	4433476
HS	11	0	105534	4539010
HS	10	0	135788	4674798
HS	9	0	178703	4853501
HS	8	0	246577	5100078
HS	7	0	357871	5457949
HS	6	0	549933	6007882
HS	5	0	936413	6944295
HS	4	0	1811974	8756269
HS	3	0	4199270	12955539
HS	2	0	13192183	26147722
HS	1	0	0	26147722
HS	0	0	0	26147722
