HS	1023	0	5376	5376
HS	1022	0	2	5378
HS	1021	0	5	5383
HS	1020	0	2	5385
HS	1019	0	2	5387
HS	1018	0	6	5393
HS	1017	0	2	5395
HS	1016	0	6	5401
HS	1015	0	5	5406
HS	1014	0	5	5411
HS	1013	0	1	5412
HS	1012	0	3	5415
HS	1011	0	3	5418
HS	1010	0	2	5420
HS	1009	0	3	5423
HS	1008	0	0	5423
HS	1007	0	7	5430
HS	1006	0	2	5432
HS	1005	0	2	5434
HS	1004	0	3	5437
HS	1003	0	4	5441
HS	1002	0	7	5448
HS	1001	0	1	5449
HS	1000	0	4	5453
HS	999	0	4	5457
HS	998	0	4	5461
HS	997	0	10	5471
HS	996	0	5	5476
HS	995	0	5	5481
HS	994	0	8	5489
HS	993	0	7	5496
HS	992	0	3	5499
HS	991	0	6	5505
HS	990	0	7	5512
HS	989	0	2	5514
HS	988	0	5	5519
HS	987	0	1	5520
HS	986	0	2	5522
HS	985	0	2	5524
HS	984	0	7	5531
HS	983	0	3	5534
HS	982	0	4	5538
HS	981	0	2	5540
HS	980	0	3	5543
HS	979	0	10	5553
HS	978	0	4	5557
HS	977	0	2	5559
HS	976	0	8	5567
HS	975	0	8	5575
HS	974	0	7	5582
HS	973	0	6	5588
HS	972	0	6	5594
HS	971	0	6	5600
HS	970	0	6	5606
HS	969	0	6	5612
HS	968	0	4	5616
HS	967	0	5	5621
HS	966	0	10	5631
HS	965	0	11	5642
HS	964	0	10	5652
HS	963	0	5	5657
HS	962	0	3	5660
HS	961	0	4	5664
HS	960	0	9	5673
HS	959	0	2	5675
HS	958	0	5	5680
HS	957	0	4	5684
HS	956	0	7	5691
HS	955	0	5	5696
HS	954	0	5	5701
HS	953	0	7	5708
HS	952	0	5	5713
HS	951	0	6	5719
HS	950	0	3	5722
HS	949	0	3	5725
HS	948	0	5	5730
HS	947	0	2	5732
HS	946	0	2	5734
HS	945	0	4	5738
HS	944	0	5	5743
HS	943	0	3	5746
HS	942	0	10	5756
HS	941	0	5	5761
HS	940	0	5	5766
HS	939	0	4	5770
HS	938	0	5	5775
HS	937	0	9	5784
HS	936	0	1	5785
HS	935	0	4	5789
HS	934	0	7	5796
HS	933	0	5	5801
HS	932	0	5	5806
HS	931	0	6	5812
HS	930	0	5	5817
HS	929	0	8	5825
HS	928	0	7	5832
HS	927	0	7	5839
HS	926	0	6	5845
HS	925	0	6	5851
HS	924	0	3	5854
HS	923	0	5	5859
HS	922	0	5	5864
HS	921	0	10	5874
HS	920	0	7	5881
HS	919	0	3	5884
HS	918	0	4	5888
HS	917	0	5	5893
HS	916	0	8	5901
HS	915	0	8	5909
HS	914	0	7	5916
HS	913	0	9	5925
HS	912	0	5	5930
HS	911	0	3	5933
HS	910	0	4	5937
HS	909	0	5	5942
HS	908	0	6	5948
HS	907	0	7	5955
HS	906	0	9	5964
HS	905	0	6	5970
HS	904	0	10	5980
HS	903	0	6	5986
HS	902	0	3	5989
HS	901	0	3	5992
HS	900	0	6	5998
HS	899	0	5	6003
HS	898	0	10	6013
HS	897	0	7	6020
HS	896	0	12	6032
HS	895	0	8	6040
HS	894	0	7	6047
HS	893	0	9	6056
HS	892	0	7	6063
HS	891	0	8	6071
HS	890	0	7	6078
HS	889	0	7	6085
HS	888	0	11	6096
HS	887	0	14	6110
HS	886	0	6	6116
HS	885	0	12	6128
HS	884	0	15	6143
HS	883	0	8	6151
HS	882	0	11	6162
HS	881	0	6	6168
HS	880	0	12	6180
HS	879	0	13	6193
HS	878	0	13	6206
HS	877	0	11	6217
HS	876	0	11	6228
HS	875	0	14	6242
HS	874	0	12	6254
HS	873	0	9	6263
HS	872	0	6	6269
HS	871	0	7	6276
HS	870	0	16	6292
HS	869	0	12	6304
HS	868	0	20	6324
HS	867	0	12	6336
HS	866	0	10	6346
HS	865	0	13	6359
HS	864	0	11	6370
HS	863	0	9	6379
HS	862	0	13	6392
HS	861	0	9	6401
HS	860	0	13	6414
HS	859	0	13	6427
HS	858	0	8	6435
HS	857	0	7	6442
HS	856	0	12	6454
HS	855	0	7	6461
HS	854	0	12	6473
HS	853	0	16	6489
HS	852	0	6	6495
HS	851	0	5	6500
HS	850	0	4	6504
HS	849	0	6	6510
HS	848	0	7	6517
HS	847	0	8	6525
HS	846	0	10	6535
HS	845	0	8	6543
HS	844	0	7	6550
HS	843	0	10	6560
HS	842	0	10	6570
HS	841	0	7	6577
HS	840	0	12	6589
HS	839	0	12	6601
HS	838	0	17	6618
HS	837	0	3	6621
HS	836	0	5	6626
HS	835	0	7	6633
HS	834	0	10	6643
HS	833	0	11	6654
HS	832	0	8	6662
HS	831	0	8	6670
HS	830	0	10	6680
HS	829	0	8	6688
HS	828	0	6	6694
HS	827	0	9	6703
HS	826	0	7	6710
HS	825	0	10	6720
HS	824	0	10	6730
HS	823	0	8	6738
HS	822	0	3	6741
HS	821	0	6	6747
HS	820	0	4	6751
HS	819	0	6	6757
HS	818	0	7	6764
HS	817	0	7	6771
HS	816	0	6	6777
HS	815	0	3	6780
HS	814	0	5	6785
HS	813	0	12	6797
HS	812	0	6	6803
HS	811	0	9	6812
HS	810	0	7	6819
HS	809	0	5	6824
HS	808	0	10	6834
HS	807	0	11	6845
HS	806	0	5	6850
HS	805	0	10	6860
HS	804	0	5	6865
HS	803	0	5	6870
HS	802	0	8	6878
HS	801	0	8	6886
HS	800	0	9	6895
HS	799	0	5	6900
HS	798	0	7	6907
HS	797	0	5	6912
HS	796	0	10	6922
HS	795	0	6	6928
HS	794	0	10	6938
HS	793	0	4	6942
HS	792	0	7	6949
HS	791	0	9	6958
HS	790	0	9	6967
HS	789	0	8	6975
HS	788	0	6	6981
HS	787	0	9	6990
HS	786	0	7	6997
HS	785	0	10	7007
HS	784	0	18	7025
HS	783	0	7	7032
HS	782	0	6	7038
HS	781	0	9	7047
HS	780	0	6	7053
HS	779	0	8	7061
HS	778	0	7	7068
HS	777	0	9	7077
HS	776	0	10	7087
HS	775	0	7	7094
HS	774	0	5	7099
HS	773	0	10	7109
HS	772	0	11	7120
HS	771	0	8	7128
HS	770	0	7	7135
HS	769	0	6	7141
HS	768	0	7	7148
HS	767	0	3	7151
HS	766	0	8	7159
HS	765	0	5	7164
HS	764	0	3	7167
HS	763	0	7	7174
HS	762	0	12	7186
HS	761	0	12	7198
HS	760	0	11	7209
HS	759	0	8	7217
HS	758	0	6	7223
HS	757	0	10	7233
HS	756	0	7	7240
HS	755	0	7	7247
HS	754	0	8	7255
HS	753	0	6	7261
HS	752	0	6	7267
HS	751	0	6	7273
HS	750	0	4	7277
HS	749	0	1	7278
HS	748	0	4	7282
HS	747	0	9	7291
HS	746	0	3	7294
HS	745	0	6	7300
HS	744	0	6	7306
HS	743	0	2	7308
HS	742	0	3	7311
HS	741	0	1	7312
HS	740	0	6	7318
HS	739	0	5	7323
HS	738	0	5	7328
HS	737	0	0	7328
HS	736	0	2	7330
HS	735	0	2	7332
HS	734	0	5	7337
HS	733	0	8	7345
HS	732	0	4	7349
HS	731	0	3	7352
HS	730	0	8	7360
HS	729	0	3	7363
HS	728	0	5	7368
HS	727	0	6	7374
HS	726	0	7	7381
HS	725	0	9	7390
HS	724	0	4	7394
HS	723	0	9	7403
HS	722	0	8	7411
HS	721	0	8	7419
HS	720	0	9	7428
HS	719	0	12	7440
HS	718	0	8	7448
HS	717	0	12	7460
HS	716	0	12	7472
HS	715	0	2	7474
HS	714	0	5	7479
HS	713	0	5	7484
HS	712	0	6	7490
HS	711	0	4	7494
HS	710	0	10	7504
HS	709	0	5	7509
HS	708	0	6	7515
HS	707	0	8	7523
HS	706	0	9	7532
HS	705	0	10	7542
HS	704	0	7	7549
HS	703	0	7	7556
HS	702	0	8	7564
HS	701	0	9	7573
HS	700	0	9	7582
HS	699	0	14	7596
HS	698	0	6	7602
HS	697	0	6	7608
HS	696	0	11	7619
HS	695	0	5	7624
HS	694	0	11	7635
HS	693	0	12	7647
HS	692	0	5	7652
HS	691	0	11	7663
HS	690	0	3	7666
HS	689	0	6	7672
HS	688	0	6	7678
HS	687	0	6	7684
HS	686	0	7	7691
HS	685	0	10	7701
HS	684	0	11	7712
HS	683	0	8	7720
HS	682	0	7	7727
HS	681	0	8	7735
HS	680	0	5	7740
HS	679	0	5	7745
HS	678	0	6	7751
HS	677	0	11	7762
HS	676	0	4	7766
HS	675	0	8	7774
HS	674	0	9	7783
HS	673	0	11	7794
HS	672	0	9	7803
HS	671	0	6	7809
HS	670	0	11	7820
HS	669	0	4	7824
HS	668	0	2	7826
HS	667	0	8	7834
HS	666	0	5	7839
HS	665	0	7	7846
HS	664	0	5	7851
HS	663	0	2	7853
HS	662	0	11	7864
HS	661	0	4	7868
HS	660	0	7	7875
HS	659	0	10	7885
HS	658	0	7	7892
HS	657	0	8	7900
HS	656	0	4	7904
HS	655	0	5	7909
HS	654	0	6	7915
HS	653	0	3	7918
HS	652	0	6	7924
HS	651	0	10	7934
HS	650	0	8	7942
HS	649	0	7	7949
HS	648	0	5	7954
HS	647	0	6	7960
HS	646	0	2	7962
HS	645	0	3	7965
HS	644	0	5	7970
HS	643	0	4	7974
HS	642	0	2	7976
HS	641	0	4	7980
HS	640	0	6	7986
HS	639	0	3	7989
HS	638	0	8	7997
HS	637	0	2	7999
HS	636	0	11	8010
HS	635	0	7	8017
HS	634	0	2	8019
HS	633	0	3	8022
HS	632	0	3	8025
HS	631	0	11	8036
HS	630	0	10	8046
HS	629	0	9	8055
HS	628	0	11	8066
HS	627	0	10	8076
HS	626	0	7	8083
HS	625	0	6	8089
HS	624	0	10	8099
HS	623	0	11	8110
HS	622	0	11	8121
HS	621	0	12	8133
HS	620	0	8	8141
HS	619	0	8	8149
HS	618	0	3	8152
HS	617	0	9	8161
HS	616	0	6	8167
HS	615	0	6	8173
HS	614	0	2	8175
HS	613	0	2	8177
HS	612	0	11	8188
HS	611	0	11	8199
HS	610	0	9	8208
HS	609	0	7	8215
HS	608	0	7	8222
HS	607	0	3	8225
HS	606	0	8	8233
HS	605	0	7	8240
HS	604	0	5	8245
HS	603	0	5	8250
HS	602	0	9	8259
HS	601	0	9	8268
HS	600	0	11	8279
HS	599	0	8	8287
HS	598	0	13	8300
HS	597	0	6	8306
HS	596	0	4	8310
HS	595	0	14	8324
HS	594	0	9	8333
HS	593	0	11	8344
HS	592	0	11	8355
HS	591	0	10	8365
HS	590	0	9	8374
HS	589	0	5	8379
HS	588	0	11	8390
HS	587	0	11	8401
HS	586	0	8	8409
HS	585	0	12	8421
HS	584	0	9	8430
HS	583	0	11	8441
HS	582	0	5	8446
HS	581	0	14	8460
HS	580	0	12	8472
HS	579	0	7	8479
HS	578	0	7	8486
HS	577	0	9	8495
HS	576	0	8	8503
HS	575	0	9	8512
HS	574	0	11	8523
HS	573	0	19	8542
HS	572	0	10	8552
HS	571	0	9	8561
HS	570	0	2	8563
HS	569	0	12	8575
HS	568	0	6	8581
HS	567	0	8	8589
HS	566	0	6	8595
HS	565	0	11	8606
HS	564	0	5	8611
HS	563	0	7	8618
HS	562	0	5	8623
HS	561	0	10	8633
HS	560	0	7	8640
HS	559	0	6	8646
HS	558	0	9	8655
HS	557	0	7	8662
HS	556	0	3	8665
HS	555	0	8	8673
HS	554	0	10	8683
HS	553	0	10	8693
HS	552	0	11	8704
HS	551	0	7	8711
HS	550	0	8	8719
HS	549	0	13	8732
HS	548	0	8	8740
HS	547	0	11	8751
HS	546	0	6	8757
HS	545	0	8	8765
HS	544	0	9	8774
HS	543	0	9	8783
HS	542	0	16	8799
HS	541	0	7	8806
HS	540	0	5	8811
HS	539	0	5	8816
HS	538	0	11	8827
HS	537	0	14	8841
HS	536	0	5	8846
HS	535	0	7	8853
HS	534	0	9	8862
HS	533	0	5	8867
HS	532	0	9	8876
HS	531	0	7	8883
HS	530	0	6	8889
HS	529	0	9	8898
HS	528	0	4	8902
HS	527	0	8	8910
HS	526	0	8	8918
HS	525	0	8	8926
HS	524	0	9	8935
HS	523	0	2	8937
HS	522	0	6	8943
HS	521	0	5	8948
HS	520	0	7	8955
HS	519	0	4	8959
HS	518	0	9	8968
HS	517	0	4	8972
HS	516	0	8	8980
HS	515	0	10	8990
HS	514	0	6	8996
HS	513	0	9	9005
HS	512	0	6	9011
HS	511	0	11	9022
HS	510	0	7	9029
HS	509	0	6	9035
HS	508	0	7	9042
HS	507	0	6	9048
HS	506	0	7	9055
HS	505	0	9	9064
HS	504	0	16	9080
HS	503	0	11	9091
HS	502	0	5	9096
HS	501	0	11	9107
HS	500	0	7	9114
HS	499	0	11	9125
HS	498	0	11	9136
HS	497	0	10	9146
HS	496	0	8	9154
HS	495	0	10	9164
HS	494	0	7	9171
HS	493	0	10	9181
HS	492	0	14	9195
HS	491	0	8	9203
HS	490	0	7	9210
HS	489	0	12	9222
HS	488	0	5	9227
HS	487	0	11	9238
HS	486	0	12	9250
HS	485	0	8	9258
HS	484	0	7	9265
HS	483	0	6	9271
HS	482	0	2	9273
HS	481	0	6	9279
HS	480	0	14	9293
HS	479	0	12	9305
HS	478	0	6	9311
HS	477	0	5	9316
HS	476	0	9	9325
HS	475	0	6	9331
HS	474	0	6	9337
HS	473	0	4	9341
HS	472	0	6	9347
HS	471	0	5	9352
HS	470	0	11	9363
HS	469	0	8	9371
HS	468	0	3	9374
HS	467	0	9	9383
HS	466	0	7	9390
HS	465	0	2	9392
HS	464	0	4	9396
HS	463	0	10	9406
HS	462	0	5	9411
HS	461	0	3	9414
HS	460	0	9	9423
HS	459	0	8	9431
HS	458	0	7	9438
HS	457	0	6	9444
HS	456	0	12	9456
HS	455	0	10	9466
HS	454	0	5	9471
HS	453	0	12	9483
HS	452	0	10	9493
HS	451	0	8	9501
HS	450	0	13	9514
HS	449	0	17	9531
HS	448	0	14	9545
HS	447	0	10	9555
HS	446	0	10	9565
HS	445	0	16	9581
HS	444	0	11	9592
HS	443	0	21	9613
HS	442	0	17	9630
HS	441	0	15	9645
HS	440	0	10	9655
HS	439	0	17	9672
HS	438	0	12	9684
HS	437	0	16	9700
HS	436	0	23	9723
HS	435	0	13	9736
HS	434	0	12	9748
HS	433	0	20	9768
HS	432	0	24	9792
HS	431	0	30	9822
HS	430	0	23	9845
HS	429	0	32	9877
HS	428	0	20	9897
HS	427	0	29	9926
HS	426	0	19	9945
HS	425	0	18	9963
HS	424	0	20	9983
HS	423	0	22	10005
HS	422	0	18	10023
HS	421	0	24	10047
HS	420	0	15	10062
HS	419	0	20	10082
HS	418	0	34	10116
HS	417	0	16	10132
HS	416	0	31	10163
HS	415	0	23	10186
HS	414	0	19	10205
HS	413	0	29	10234
HS	412	0	23	10257
HS	411	0	22	10279
HS	410	0	17	10296
HS	409	0	12	10308
HS	408	0	19	10327
HS	407	0	31	10358
HS	406	0	19	10377
HS	405	0	22	10399
HS	404	0	19	10418
HS	403	0	25	10443
HS	402	0	22	10465
HS	401	0	20	10485
HS	400	0	23	10508
HS	399	0	28	10536
HS	398	0	34	10570
HS	397	0	38	10608
HS	396	0	30	10638
HS	395	0	28	10666
HS	394	0	57	10723
HS	393	0	52	10775
HS	392	0	30	10805
HS	391	0	45	10850
HS	390	0	34	10884
HS	389	0	38	10922
HS	388	0	41	10963
HS	387	0	50	11013
HS	386	0	39	11052
HS	385	0	36	11088
HS	384	0	49	11137
HS	383	0	45	11182
HS	382	0	63	11245
HS	381	0	49	11294
HS	380	0	53	11347
HS	379	0	59	11406
HS	378	0	68	11474
HS	377	0	59	11533
HS	376	0	64	11597
HS	375	0	63	11660
HS	374	0	53	11713
HS	373	0	68	11781
HS	372	0	62	11843
HS	371	0	66	11909
HS	370	0	69	11978
HS	369	0	73	12051
HS	368	0	60	12111
HS	367	0	70	12181
HS	366	0	65	12246
HS	365	0	75	12321
HS	364	0	98	12419
HS	363	0	91	12510
HS	362	0	93	12603
HS	361	0	80	12683
HS	360	0	82	12765
HS	359	0	88	12853
HS	358	0	109	12962
HS	357	0	106	13068
HS	356	0	112	13180
HS	355	0	100	13280
HS	354	0	119	13399
HS	353	0	112	13511
HS	352	0	119	13630
HS	351	0	121	13751
HS	350	0	123	13874
HS	349	0	143	14017
HS	348	0	124	14141
HS	347	0	113	14254
HS	346	0	115	14369
HS	345	0	128	14497
HS	344	0	120	14617
HS	343	0	127	14744
HS	342	0	124	14868
HS	341	0	149	15017
HS	340	0	163	15180
HS	339	0	150	15330
HS	338	0	148	15478
HS	337	0	201	15679
HS	336	0	174	15853
HS	335	0	218	16071
HS	334	0	228	16299
HS	333	0	204	16503
HS	332	0	221	16724
HS	331	0	227	16951
HS	330	0	213	17164
HS	329	0	261	17425
HS	328	0	243	17668
HS	327	0	274	17942
HS	326	0	286	18228
HS	325	0	297	18525
HS	324	0	276	18801
HS	323	0	311	19112
HS	322	0	348	19460
HS	321	0	343	19803
HS	320	0	375	20178
HS	319	0	356	20534
HS	318	0	348	20882
HS	317	0	408	21290
HS	316	0	406	21696
HS	315	0	358	22054
HS	314	0	471	22525
HS	313	0	445	22970
HS	312	0	436	23406
HS	311	0	521	23927
HS	310	0	520	24447
HS	309	0	583	25030
HS	308	0	607	25637
HS	307	0	660	26297
HS	306	0	675	26972
HS	305	0	717	27689
HS	304	0	730	28419
HS	303	0	771	29190
HS	302	0	802	29992
HS	301	0	844	30836
HS	300	0	851	31687
HS	299	0	887	32574
HS	298	0	981	33555
HS	297	0	958	34513
HS	296	0	972	35485
HS	295	0	1124	36609
HS	294	0	1162	37771
HS	293	0	1219	38990
HS	292	0	1350	40340
HS	291	0	1416	41756
HS	290	0	1468	43224
HS	289	0	1558	44782
HS	288	0	1691	46473
HS	287	0	1655	48128
HS	286	0	1839	49967
HS	285	0	1912	51879
HS	284	0	1823	53702
HS	283	0	1987	55689
HS	282	0	2120	57809
HS	281	0	2248	60057
HS	280	0	2450	62507
HS	279	0	2429	64936
HS	278	0	2607	67543
HS	277	0	2677	70220
HS	276	0	2746	72966
HS	275	0	2893	75859
HS	274	0	3082	78941
HS	273	0	3201	82142
HS	272	0	3553	85695
HS	271	0	3678	89373
HS	270	0	3805	93178
HS	269	0	3777	96955
HS	268	0	4145	101100
HS	267	0	4315	105415
HS	266	0	4430	109845
HS	265	0	4726	114571
HS	264	0	4848	119419
HS	263	0	5060	124479
HS	262	0	5403	129882
HS	261	0	5493	135375
HS	260	0	5798	141173
HS	259	0	5909	147082
HS	258	0	6169	153251
HS	257	0	6652	159903
HS	256	0	6785	166688
HS	255	0	7205	173893
HS	254	0	7451	181344
HS	253	0	7886	189230
HS	252	0	8172	197402
HS	251	0	8516	205918
HS	250	0	8795	214713
HS	249	0	9195	223908
HS	248	0	9563	233471
HS	247	0	9932	243403
HS	246	0	10397	253800
HS	245	0	10733	264533
HS	244	0	10923	275456
HS	243	0	11696	287152
HS	242	0	11949	299101
HS	241	0	12453	311554
HS	240	0	12891	324445
HS	239	0	13409	337854
HS	238	0	13863	351717
HS	237	0	14234	365951
HS	236	0	15082	381033
HS	235	0	15589	396622
HS	234	0	15899	412521
HS	233	0	16321	428842
HS	232	0	17005	445847
HS	231	0	17601	463448
HS	230	0	18089	481537
HS	229	0	18811	500348
HS	228	0	19506	519854
HS	227	0	19875	539729
HS	226	0	20552	560281
HS	225	0	21452	581733
HS	224	0	21844	603577
HS	223	0	22947	626524
HS	222	0	23468	649992
HS	221	0	24244	674236
HS	220	0	25004	699240
HS	219	0	25713	724953
HS	218	0	26959	751912
HS	217	0	27504	779416
HS	216	0	28098	807514
HS	215	0	28609	836123
HS	214	0	29497	865620
HS	213	0	30457	896077
HS	212	0	31061	927138
HS	211	0	31324	958462
HS	210	0	32407	990869
HS	209	0	33191	1024060
HS	208	0	34013	1058073
HS	207	0	34883	1092956
HS	206	0	35694	1128650
HS	205	0	36604	1165254
HS	204	0	37514	1202768
HS	203	0	38158	1240926
HS	202	0	38963	1279889
HS	201	0	39315	1319204
HS	200	0	40483	1359687
HS	199	0	41615	1401302
HS	198	0	42049	1443351
HS	197	0	42749	1486100
HS	196	0	43620	1529720
HS	195	0	45014	1574734
HS	194	0	45263	1619997
HS	193	0	46140	1666137
HS	192	0	46792	1712929
HS	191	0	47252	1760181
HS	190	0	48007	1808188
HS	189	0	48280	1856468
HS	188	0	48955	1905423
HS	187	0	50268	1955691
HS	186	0	50654	2006345
HS	185	0	51706	2058051
HS	184	0	52368	2110419
HS	183	0	52670	2163089
HS	182	0	53417	2216506
HS	181	0	53404	2269910
HS	180	0	54481	2324391
HS	179	0	54720	2379111
HS	178	0	55076	2434187
HS	177	0	55335	2489522
HS	176	0	56458	2545980
HS	175	0	56440	2602420
HS	174	0	56764	2659184
HS	173	0	57452	2716636
HS	172	0	57950	2774586
HS	171	0	58185	2832771
HS	170	0	57782	2890553
HS	169	0	58087	2948640
HS	168	0	58175	3006815
HS	167	0	58139	3064954
HS	166	0	58540	3123494
HS	165	0	58538	3182032
HS	164	0	58870	3240902
HS	163	0	58706	3299608
HS	162	0	58954	3358562
HS	161	0	58856	3417418
HS	160	0	58277	3475695
HS	159	0	57959	3533654
HS	158	0	57799	3591453
HS	157	0	58054	3649507
HS	156	0	57949	3707456
HS	155	0	57320	3764776
HS	154	0	56956	3821732
HS	153	0	55895	3877627
HS	152	0	55739	3933366
HS	151	0	54540	3987906
HS	150	0	54335	4042241
HS	149	0	53602	4095843
HS	148	0	52691	4148534
HS	147	0	52628	4201162
HS	146	0	51412	4252574
HS	145	0	50573	4303147
HS	144	0	49628	4352775
HS	143	0	49031	4401806
HS	142	0	48461	4450267
HS	141	0	47796	4498063
HS	140	0	47433	4545496
HS	139	0	46049	4591545
HS	138	0	44930	4636475
HS	137	0	43888	4680363
HS	136	0	43272	4723635
HS	135	0	42502	4766137
HS	134	0	41692	4807829
HS	133	0	40491	4848320
HS	132	0	39448	4887768
HS	131	0	38703	4926471
HS	130	0	37942	4964413
HS	129	0	36877	5001290
HS	128	0	36010	5037300
HS	127	0	35048	5072348
HS	126	0	34054	5106402
HS	125	0	33560	5139962
HS	124	0	31930	5171892
HS	123	0	31358	5203250
HS	122	0	30284	5233534
HS	121	0	29749	5263283
HS	120	0	28269	5291552
HS	119	0	27436	5318988
HS	118	0	26489	5345477
HS	117	0	25833	5371310
HS	116	0	24797	5396107
HS	115	0	23948	5420055
HS	114	0	23347	5443402
HS	113	0	22694	5466096
HS	112	0	22060	5488156
HS	111	0	21477	5509633
HS	110	0	20479	5530112
HS	109	0	19758	5549870
HS	108	0	18807	5568677
HS	107	0	18169	5586846
HS	106	0	17964	5604810
HS	105	0	16938	5621748
HS	104	0	16207	5637955
HS	103	0	15600	5653555
HS	102	0	14746	5668301
HS	101	0	14135	5682436
HS	100	0	13489	5695925
HS	99	0	12913	5708838
HS	98	0	12558	5721396
HS	97	0	12003	5733399
HS	96	0	11363	5744762
HS	95	0	10718	5755480
HS	94	0	10359	5765839
HS	93	0	9705	5775544
HS	92	0	9254	5784798
HS	91	0	8984	5793782
HS	90	0	8513	5802295
HS	89	0	8160	5810455
HS	88	0	8062	5818517
HS	87	0	7454	5825971
HS	86	0	7270	5833241
HS	85	0	6910	5840151
HS	84	0	6480	5846631
HS	83	0	6098	5852729
HS	82	0	5932	5858661
HS	81	0	5716	5864377
HS	80	0	5365	5869742
HS	79	0	5042	5874784
HS	78	0	4661	5879445
HS	77	0	4487	5883932
HS	76	0	4354	5888286
HS	75	0	4092	5892378
HS	74	0	3890	5896268
HS	73	0	3849	5900117
HS	72	0	3784	5903901
HS	71	0	3521	5907422
HS	70	0	3368	5910790
HS	69	0	3293	5914083
HS	68	0	3084	5917167
HS	67	0	2849	5920016
HS	66	0	2676	5922692
HS	65	0	2584	5925276
HS	64	0	2521	5927797
HS	63	0	2422	5930219
HS	62	0	2276	5932495
HS	61	0	2186	5934681
HS	60	0	2152	5936833
HS	59	0	2027	5938860
HS	58	0	1928	5940788
HS	57	0	1738	5942526
HS	56	0	1677	5944203
HS	55	0	1624	5945827
HS	54	0	1633	5947460
HS	53	0	1561	5949021
HS	52	0	1393	5950414
HS	51	0	1361	5951775
HS	50	0	1196	5952971
HS	49	0	1197	5954168
HS	48	0	1186	5955354
HS	47	0	1077	5956431
HS	46	0	889	5957320
HS	45	0	870	5958190
HS	44	0	781	5958971
HS	43	0	732	5959703
HS	42	0	791	5960494
HS	41	0	795	5961289
HS	40	0	787	5962076
HS	39	0	720	5962796
HS	38	0	743	5963539
HS	37	0	783	5964322
HS	36	0	768	5965090
HS	35	0	770	5965860
HS	34	0	902	5966762
HS	33	0	914	5967676
HS	32	0	951	5968627
HS	31	0	1003	5969630
HS	30	0	1088	5970718
HS	29	0	1298	5972016
HS	28	0	1561	5973577
HS	27	0	1871	5975448
HS	26	0	2074	5977522
HS	25	0	2573	5980095
HS	24	0	3063	5983158
HS	23	0	3848	5987006
HS	22	0	4700	5991706
HS	21	0	5753	5997459
HS	20	0	6752	6004211
HS	19	0	8447	6012658
HS	18	0	9893	6022551
HS	17	0	12606	6035157
HS	16	0	15344	6050501
HS	15	0	19631	6070132
HS	14	0	23988	6094120
HS	13	0	30607	6124727
HS	12	0	38555	6163282
HS	11	0	50424	6213706
HS	10	0	68161	6281867
HS	9	0	90577	6372444
HS	8	0	126931	6499375
HS	7	0	184698	6684073
HS	6	0	294354	6978427
HS	5	0	510833	7489260
HS	4	0	1037541	8526801
HS	3	0	2701445	11228246
HS	2	0	10385799	21614045
HS	1	0	0	21614045
HS	0	0	0	21614045
