CC	CT  kmer_occurrence    short_read_kmer_count  raw_input_kmer_count  adjusted_input_kmer_count
CC	FR  fpr_lower_bound    fpr_upper_bound
CC	ER  total_input_kmers  adjusted_error_kmers
CC	CV  coverage
CC	QV  raw_quality_value  adjusted_quality_value
CC
SQ	JAUCEZ010000002.1	144810	144780	144780	99.00
SQ	JAUCEZ010000001.1	232754	232724	232724	99.00
SQ	JAUCEZ010000009.1	5024305	5024275	5024049	58.38
CT	1023	15896	171777	171777.000
CT	1022	21	162	162.000
CT	1021	22	148	148.000
CT	1020	22	158	158.000
CT	1019	16	117	117.000
CT	1018	20	141	141.000
CT	1017	16	108	108.000
CT	1016	19	126	126.000
CT	1015	13	99	99.000
CT	1014	10	76	76.000
CT	1013	24	160	160.000
CT	1012	21	173	173.000
CT	1011	17	117	117.000
CT	1010	18	124	124.000
CT	1009	21	154	154.000
CT	1008	17	130	130.000
CT	1007	19	145	145.000
CT	1006	19	117	117.000
CT	1005	27	190	190.000
CT	1004	16	105	105.000
CT	1003	18	137	137.000
CT	1002	20	149	149.000
CT	1001	13	104	104.000
CT	1000	24	171	171.000
CT	999	20	142	142.000
CT	998	12	85	85.000
CT	997	12	88	88.000
CT	996	21	159	159.000
CT	995	21	162	162.000
CT	994	18	117	117.000
CT	993	22	169	169.000
CT	992	19	138	138.000
CT	991	9	56	56.000
CT	990	17	106	106.000
CT	989	21	133	133.000
CT	988	20	137	137.000
CT	987	18	131	131.000
CT	986	24	167	167.000
CT	985	16	108	108.000
CT	984	22	153	153.000
CT	983	23	167	167.000
CT	982	21	131	131.000
CT	981	8	46	46.000
CT	980	24	168	168.000
CT	979	19	138	138.000
CT	978	20	147	147.000
CT	977	22	163	163.000
CT	976	16	114	114.000
CT	975	11	78	78.000
CT	974	16	108	108.000
CT	973	28	191	191.000
CT	972	20	131	131.000
CT	971	11	76	76.000
CT	970	21	139	139.000
CT	969	16	105	105.000
CT	968	10	72	72.000
CT	967	18	142	142.000
CT	966	11	67	67.000
CT	965	16	120	120.000
CT	964	19	132	132.000
CT	963	14	106	106.000
CT	962	13	80	80.000
CT	961	20	155	155.000
CT	960	14	93	93.000
CT	959	19	120	120.000
CT	958	16	101	101.000
CT	957	16	101	101.000
CT	956	15	100	100.000
CT	955	22	146	146.000
CT	954	16	116	116.000
CT	953	14	115	115.000
CT	952	8	61	61.000
CT	951	11	71	71.000
CT	950	24	158	158.000
CT	949	19	126	126.000
CT	948	21	145	145.000
CT	947	12	76	76.000
CT	946	15	105	105.000
CT	945	20	132	132.000
CT	944	13	83	83.000
CT	943	20	133	133.000
CT	942	25	160	160.000
CT	941	16	106	106.000
CT	940	15	93	93.000
CT	939	17	109	109.000
CT	938	16	104	104.000
CT	937	18	130	130.000
CT	936	18	122	122.000
CT	935	17	115	115.000
CT	934	17	103	103.000
CT	933	13	76	76.000
CT	932	16	105	105.000
CT	931	14	83	83.000
CT	930	14	88	88.000
CT	929	9	60	60.000
CT	928	9	66	66.000
CT	927	19	102	102.000
CT	926	19	122	122.000
CT	925	18	124	124.000
CT	924	19	129	129.000
CT	923	17	118	118.000
CT	922	20	122	122.000
CT	921	13	85	85.000
CT	920	16	111	111.000
CT	919	17	116	116.000
CT	918	18	107	107.000
CT	917	21	128	128.000
CT	916	20	127	127.000
CT	915	14	85	85.000
CT	914	9	58	58.000
CT	913	9	58	58.000
CT	912	19	119	119.000
CT	911	17	109	109.000
CT	910	11	71	71.000
CT	909	9	56	56.000
CT	908	20	127	127.000
CT	907	11	62	62.000
CT	906	17	99	99.000
CT	905	11	65	65.000
CT	904	20	125	125.000
CT	903	16	102	102.000
CT	902	14	89	89.000
CT	901	15	95	95.000
CT	900	14	87	87.000
CT	899	21	124	124.000
CT	898	12	76	76.000
CT	897	13	76	76.000
CT	896	24	153	153.000
CT	895	18	112	112.000
CT	894	14	103	103.000
CT	893	21	150	150.000
CT	892	18	110	110.000
CT	891	16	106	106.000
CT	890	21	124	124.000
CT	889	22	142	142.000
CT	888	18	116	116.000
CT	887	20	134	134.000
CT	886	17	129	129.000
CT	885	10	61	61.000
CT	884	18	114	114.000
CT	883	16	104	104.000
CT	882	17	109	109.000
CT	881	22	136	136.000
CT	880	15	97	97.000
CT	879	19	126	126.000
CT	878	12	94	94.000
CT	877	10	63	63.000
CT	876	12	73	73.000
CT	875	11	73	73.000
CT	874	22	139	139.000
CT	873	11	66	66.000
CT	872	13	85	85.000
CT	871	18	112	112.000
CT	870	18	107	107.000
CT	869	12	70	70.000
CT	868	16	101	101.000
CT	867	17	108	108.000
CT	866	20	125	125.000
CT	865	18	107	107.000
CT	864	18	117	117.000
CT	863	19	115	115.000
CT	862	22	130	130.000
CT	861	20	120	120.000
CT	860	22	142	142.000
CT	859	15	94	94.000
CT	858	26	169	169.000
CT	857	20	116	116.000
CT	856	21	131	131.000
CT	855	18	111	111.000
CT	854	18	112	112.000
CT	853	22	138	138.000
CT	852	14	99	99.000
CT	851	23	135	135.000
CT	850	17	106	106.000
CT	849	21	116	116.000
CT	848	16	98	98.000
CT	847	12	79	79.000
CT	846	19	97	97.000
CT	845	18	110	110.000
CT	844	22	131	131.000
CT	843	11	61	61.000
CT	842	31	178	178.000
CT	841	28	167	167.000
CT	840	18	112	112.000
CT	839	21	121	121.000
CT	838	20	122	122.000
CT	837	12	65	65.000
CT	836	22	125	125.000
CT	835	12	62	62.000
CT	834	12	71	71.000
CT	833	25	156	156.000
CT	832	14	90	90.000
CT	831	11	57	57.000
CT	830	16	87	87.000
CT	829	16	93	93.000
CT	828	15	84	84.000
CT	827	16	87	87.000
CT	826	23	137	137.000
CT	825	23	138	138.000
CT	824	23	133	133.000
CT	823	15	88	88.000
CT	822	22	122	122.000
CT	821	19	105	105.000
CT	820	26	162	162.000
CT	819	18	104	104.000
CT	818	18	103	103.000
CT	817	13	78	78.000
CT	816	16	95	95.000
CT	815	10	53	53.000
CT	814	12	63	63.000
CT	813	21	131	131.000
CT	812	19	101	101.000
CT	811	14	80	80.000
CT	810	15	74	74.000
CT	809	10	49	49.000
CT	808	15	85	85.000
CT	807	12	66	66.000
CT	806	9	49	49.000
CT	805	14	70	70.000
CT	804	12	63	63.000
CT	803	19	104	104.000
CT	802	16	89	89.000
CT	801	16	85	85.000
CT	800	14	69	69.000
CT	799	15	82	82.000
CT	798	12	68	68.000
CT	797	17	85	85.000
CT	796	15	81	81.000
CT	795	13	69	69.000
CT	794	13	69	69.000
CT	793	14	74	74.000
CT	792	13	67	67.000
CT	791	29	150	150.000
CT	790	14	67	67.000
CT	789	13	65	65.000
CT	788	16	84	84.000
CT	787	13	74	74.000
CT	786	15	76	76.000
CT	785	17	81	81.000
CT	784	24	134	134.000
CT	783	19	113	113.000
CT	782	14	78	78.000
CT	781	33	163	163.000
CT	780	29	137	137.000
CT	779	17	83	83.000
CT	778	20	101	101.000
CT	777	25	135	135.000
CT	776	22	112	112.000
CT	775	26	132	132.000
CT	774	26	128	128.000
CT	773	24	124	124.000
CT	772	30	152	152.000
CT	771	19	111	111.000
CT	770	25	123	123.000
CT	769	29	137	137.000
CT	768	28	141	141.000
CT	767	27	141	141.000
CT	766	20	97	97.000
CT	765	20	94	94.000
CT	764	33	179	179.000
CT	763	28	135	135.000
CT	762	18	86	86.000
CT	761	19	94	94.000
CT	760	20	106	106.000
CT	759	22	100	100.000
CT	758	21	101	101.000
CT	757	16	71	71.000
CT	756	20	107	107.000
CT	755	21	105	105.000
CT	754	21	111	111.000
CT	753	15	66	66.000
CT	752	13	64	64.000
CT	751	17	86	86.000
CT	750	18	90	90.000
CT	749	19	94	94.000
CT	748	18	97	97.000
CT	747	9	46	46.000
CT	746	10	46	46.000
CT	745	24	114	114.000
CT	744	14	80	80.000
CT	743	17	92	92.000
CT	742	16	79	79.000
CT	741	19	88	88.000
CT	740	27	124	124.000
CT	739	12	68	68.000
CT	738	24	113	113.000
CT	737	24	125	125.000
CT	736	15	77	77.000
CT	735	20	99	99.000
CT	734	20	94	94.000
CT	733	20	98	98.000
CT	732	15	72	72.000
CT	731	21	91	91.000
CT	730	18	80	80.000
CT	729	10	54	54.000
CT	728	11	55	55.000
CT	727	13	60	60.000
CT	726	22	91	91.000
CT	725	15	75	75.000
CT	724	25	128	128.000
CT	723	8	41	41.000
CT	722	17	102	102.000
CT	721	8	40	40.000
CT	720	13	59	59.000
CT	719	20	96	96.000
CT	718	16	81	81.000
CT	717	16	66	66.000
CT	716	16	78	78.000
CT	715	14	68	68.000
CT	714	12	51	51.000
CT	713	16	76	76.000
CT	712	10	42	42.000
CT	711	12	63	63.000
CT	710	17	69	69.000
CT	709	15	63	63.000
CT	708	15	47	47.000
CT	707	13	66	66.000
CT	706	17	72	72.000
CT	705	11	52	52.000
CT	704	14	67	67.000
CT	703	20	86	86.000
CT	702	12	59	59.000
CT	701	19	94	94.000
CT	700	18	87	87.000
CT	699	12	57	57.000
CT	698	17	73	73.000
CT	697	22	101	101.000
CT	696	15	58	58.000
CT	695	14	71	71.000
CT	694	14	62	62.000
CT	693	21	99	99.000
CT	692	16	66	66.000
CT	691	17	67	67.000
CT	690	16	69	69.000
CT	689	11	40	40.000
CT	688	14	63	63.000
CT	687	18	68	68.000
CT	686	11	44	44.000
CT	685	22	99	99.000
CT	684	13	48	48.000
CT	683	9	48	48.000
CT	682	22	104	104.000
CT	681	15	74	74.000
CT	680	17	80	80.000
CT	679	14	58	58.000
CT	678	11	52	52.000
CT	677	13	65	65.000
CT	676	11	46	46.000
CT	675	17	85	85.000
CT	674	13	53	53.000
CT	673	14	71	71.000
CT	672	19	77	77.000
CT	671	16	73	73.000
CT	670	11	39	39.000
CT	669	16	79	79.000
CT	668	14	54	54.000
CT	667	13	54	54.000
CT	666	9	41	41.000
CT	665	20	104	104.000
CT	664	9	49	49.000
CT	663	24	105	105.000
CT	662	20	100	100.000
CT	661	18	83	83.000
CT	660	9	37	37.000
CT	659	10	31	31.000
CT	658	12	60	60.000
CT	657	20	92	92.000
CT	656	16	90	90.000
CT	655	15	50	50.000
CT	654	13	60	60.000
CT	653	18	91	91.000
CT	652	19	95	95.000
CT	651	20	83	83.000
CT	650	21	94	94.000
CT	649	16	70	70.000
CT	648	15	66	66.000
CT	647	16	54	54.000
CT	646	9	32	32.000
CT	645	18	84	84.000
CT	644	12	54	54.000
CT	643	15	71	71.000
CT	642	16	68	68.000
CT	641	16	85	85.000
CT	640	17	71	71.000
CT	639	15	76	76.000
CT	638	16	76	76.000
CT	637	16	69	69.000
CT	636	21	96	96.000
CT	635	20	96	96.000
CT	634	7	35	35.000
CT	633	13	58	58.000
CT	632	16	77	77.000
CT	631	17	77	77.000
CT	630	15	74	74.000
CT	629	16	76	76.000
CT	628	9	42	42.000
CT	627	13	60	60.000
CT	626	15	62	62.000
CT	625	16	63	63.000
CT	624	12	48	48.000
CT	623	12	51	51.000
CT	622	13	50	50.000
CT	621	17	60	60.000
CT	620	6	31	31.000
CT	619	15	63	63.000
CT	618	17	61	61.000
CT	617	11	44	44.000
CT	616	14	62	62.000
CT	615	19	67	67.000
CT	614	21	85	85.000
CT	613	19	76	76.000
CT	612	25	98	98.000
CT	611	15	62	62.000
CT	610	20	99	99.000
CT	609	20	83	83.000
CT	608	17	62	62.000
CT	607	17	74	74.000
CT	606	13	67	67.000
CT	605	13	62	62.000
CT	604	21	91	91.000
CT	603	17	80	80.000
CT	602	23	100	100.000
CT	601	26	113	113.000
CT	600	26	103	103.000
CT	599	15	74	74.000
CT	598	16	56	56.000
CT	597	14	52	52.000
CT	596	29	109	109.000
CT	595	18	68	68.000
CT	594	26	113	113.000
CT	593	20	82	82.000
CT	592	22	79	79.000
CT	591	26	101	101.000
CT	590	25	100	100.000
CT	589	37	143	143.000
CT	588	17	71	71.000
CT	587	26	89	89.000
CT	586	25	97	97.000
CT	585	27	107	107.000
CT	584	18	84	84.000
CT	583	15	59	59.000
CT	582	25	83	83.000
CT	581	29	121	121.000
CT	580	25	91	91.000
CT	579	22	63	63.000
CT	578	24	90	90.000
CT	577	19	79	79.000
CT	576	34	129	129.000
CT	575	21	70	70.000
CT	574	26	95	95.000
CT	573	22	65	65.000
CT	572	22	83	83.000
CT	571	22	71	71.000
CT	570	31	107	107.000
CT	569	24	80	80.000
CT	568	18	61	61.000
CT	567	31	113	113.000
CT	566	32	108	108.000
CT	565	24	87	87.000
CT	564	24	74	74.000
CT	563	26	93	93.000
CT	562	43	135	135.000
CT	561	22	52	52.000
CT	560	24	85	85.000
CT	559	24	79	79.000
CT	558	34	116	116.000
CT	557	25	79	79.000
CT	556	35	112	112.000
CT	555	36	118	118.000
CT	554	26	82	82.000
CT	553	44	138	138.000
CT	552	33	122	122.000
CT	551	21	69	69.000
CT	550	30	93	93.000
CT	549	45	134	134.000
CT	548	26	83	83.000
CT	547	28	100	100.000
CT	546	27	74	74.000
CT	545	41	132	132.000
CT	544	31	98	98.000
CT	543	20	59	59.000
CT	542	27	82	82.000
CT	541	39	119	119.000
CT	540	29	98	98.000
CT	539	37	123	123.000
CT	538	30	101	101.000
CT	537	43	129	129.000
CT	536	34	92	92.000
CT	535	37	95	95.000
CT	534	33	95	95.000
CT	533	44	115	115.000
CT	532	42	113	113.000
CT	531	40	107	107.000
CT	530	46	133	133.000
CT	529	46	133	133.000
CT	528	36	110	110.000
CT	527	37	108	108.000
CT	526	50	168	168.000
CT	525	37	117	117.000
CT	524	42	134	134.000
CT	523	34	114	114.000
CT	522	33	108	108.000
CT	521	43	120	120.000
CT	520	44	157	157.000
CT	519	26	72	72.000
CT	518	42	129	129.000
CT	517	33	108	108.000
CT	516	35	106	106.000
CT	515	54	156	156.000
CT	514	45	115	115.000
CT	513	45	128	128.000
CT	512	44	128	128.000
CT	511	59	158	158.000
CT	510	58	166	166.000
CT	509	50	135	135.000
CT	508	51	158	158.000
CT	507	64	183	183.000
CT	506	61	176	176.000
CT	505	53	138	138.000
CT	504	47	116	116.000
CT	503	65	183	183.000
CT	502	58	168	168.000
CT	501	53	150	150.000
CT	500	61	162	162.000
CT	499	57	159	159.000
CT	498	45	121	121.000
CT	497	49	143	143.000
CT	496	68	170	170.000
CT	495	71	194	194.000
CT	494	44	118	118.000
CT	493	55	141	141.000
CT	492	65	170	170.000
CT	491	66	180	180.000
CT	490	65	165	165.000
CT	489	46	114	114.000
CT	488	47	133	133.000
CT	487	44	119	119.000
CT	486	63	152	152.000
CT	485	55	138	138.000
CT	484	60	150	150.000
CT	483	43	112	112.000
CT	482	47	114	114.000
CT	481	44	114	114.000
CT	480	55	117	117.000
CT	479	56	129	129.000
CT	478	61	151	151.000
CT	477	53	119	119.000
CT	476	46	105	105.000
CT	475	60	146	146.000
CT	474	51	126	126.000
CT	473	45	98	98.000
CT	472	68	167	167.000
CT	471	68	146	146.000
CT	470	65	157	157.000
CT	469	69	163	163.000
CT	468	54	128	128.000
CT	467	63	159	159.000
CT	466	53	121	121.000
CT	465	48	108	108.000
CT	464	62	153	153.000
CT	463	59	119	119.000
CT	462	53	136	136.000
CT	461	62	146	146.000
CT	460	56	139	139.000
CT	459	59	139	139.000
CT	458	74	199	199.000
CT	457	56	139	139.000
CT	456	55	133	133.000
CT	455	60	128	128.000
CT	454	65	138	138.000
CT	453	61	140	140.000
CT	452	54	110	110.000
CT	451	74	177	177.000
CT	450	75	166	166.000
CT	449	58	150	150.000
CT	448	53	125	125.000
CT	447	65	167	167.000
CT	446	74	186	186.000
CT	445	72	177	177.000
CT	444	52	132	132.000
CT	443	57	139	139.000
CT	442	74	163	163.000
CT	441	69	152	152.000
CT	440	63	142	142.000
CT	439	60	144	144.000
CT	438	63	159	159.000
CT	437	66	150	150.000
CT	436	63	155	155.000
CT	435	70	169	169.000
CT	434	70	163	163.000
CT	433	66	156	156.000
CT	432	83	185	185.000
CT	431	62	126	126.000
CT	430	65	147	147.000
CT	429	78	162	162.000
CT	428	70	155	155.000
CT	427	55	114	114.000
CT	426	63	139	139.000
CT	425	69	152	152.000
CT	424	58	135	135.000
CT	423	70	140	140.000
CT	422	78	167	167.000
CT	421	77	160	160.000
CT	420	82	168	168.000
CT	419	78	160	160.000
CT	418	78	161	161.000
CT	417	75	157	157.000
CT	416	64	141	141.000
CT	415	85	167	167.000
CT	414	112	227	227.000
CT	413	98	181	181.000
CT	412	103	203	203.000
CT	411	103	204	204.000
CT	410	97	191	191.000
CT	409	99	209	209.000
CT	408	92	189	189.000
CT	407	100	203	203.000
CT	406	96	189	189.000
CT	405	76	146	146.000
CT	404	99	205	205.000
CT	403	130	261	261.000
CT	402	116	242	242.000
CT	401	102	205	205.000
CT	400	97	205	205.000
CT	399	100	205	205.000
CT	398	98	200	200.000
CT	397	116	245	245.000
CT	396	100	232	232.000
CT	395	112	231	231.000
CT	394	101	209	209.000
CT	393	111	234	234.000
CT	392	95	201	201.000
CT	391	116	249	249.000
CT	390	108	225	225.000
CT	389	108	228	228.000
CT	388	114	229	229.000
CT	387	108	211	211.000
CT	386	109	221	221.000
CT	385	103	200	200.000
CT	384	132	241	241.000
CT	383	112	217	217.000
CT	382	136	255	255.000
CT	381	140	263	263.000
CT	380	135	232	232.000
CT	379	151	296	296.000
CT	378	136	251	251.000
CT	377	125	231	231.000
CT	376	139	252	252.000
CT	375	150	254	254.000
CT	374	161	263	263.000
CT	373	150	273	273.000
CT	372	182	306	306.000
CT	371	160	299	299.000
CT	370	167	288	288.000
CT	369	186	322	322.000
CT	368	179	313	313.000
CT	367	188	327	327.000
CT	366	178	323	323.000
CT	365	192	346	346.000
CT	364	166	280	280.000
CT	363	161	262	262.000
CT	362	186	308	308.000
CT	361	166	285	285.000
CT	360	215	352	352.000
CT	359	203	334	334.000
CT	358	222	345	345.000
CT	357	220	329	329.000
CT	356	226	339	339.000
CT	355	246	370	370.000
CT	354	260	389	389.000
CT	353	266	401	401.000
CT	352	271	416	416.000
CT	351	313	456	456.000
CT	350	278	418	418.000
CT	349	237	356	356.000
CT	348	297	454	454.000
CT	347	295	469	469.000
CT	346	294	443	443.000
CT	345	315	476	476.000
CT	344	312	473	473.000
CT	343	334	498	498.000
CT	342	298	457	457.000
CT	341	296	439	439.000
CT	340	303	455	455.000
CT	339	290	430	430.000
CT	338	298	462	462.000
CT	337	312	479	479.000
CT	336	327	502	502.000
CT	335	323	455	455.000
CT	334	292	427	427.000
CT	333	299	420	420.000
CT	332	333	481	481.000
CT	331	349	496	496.000
CT	330	359	495	495.000
CT	329	360	483	483.000
CT	328	357	489	489.000
CT	327	412	552	552.000
CT	326	392	535	535.000
CT	325	405	537	537.000
CT	324	412	541	541.000
CT	323	435	608	608.000
CT	322	420	566	566.000
CT	321	384	525	525.000
CT	320	455	605	605.000
CT	319	490	640	640.000
CT	318	460	606	606.000
CT	317	472	621	621.000
CT	316	456	603	603.000
CT	315	471	594	594.000
CT	314	491	622	622.000
CT	313	466	588	588.000
CT	312	537	676	676.000
CT	311	515	642	642.000
CT	310	508	624	624.000
CT	309	550	695	695.000
CT	308	576	686	686.000
CT	307	577	697	697.000
CT	306	586	709	709.000
CT	305	646	778	778.000
CT	304	598	723	723.000
CT	303	645	780	780.000
CT	302	719	863	863.000
CT	301	633	763	763.000
CT	300	672	809	809.000
CT	299	670	791	791.000
CT	298	738	859	859.000
CT	297	702	837	837.000
CT	296	825	988	988.000
CT	295	830	970	970.000
CT	294	869	1023	1023.000
CT	293	881	1041	1041.000
CT	292	906	1059	1059.000
CT	291	894	1011	1011.000
CT	290	923	1035	1035.000
CT	289	868	1011	1011.000
CT	288	931	1044	1044.000
CT	287	985	1100	1100.000
CT	286	983	1110	1110.000
CT	285	1000	1120	1120.000
CT	284	1087	1244	1244.000
CT	283	1061	1207	1207.000
CT	282	1086	1224	1224.000
CT	281	1121	1260	1260.000
CT	280	1094	1233	1233.000
CT	279	1150	1324	1324.000
CT	278	1163	1315	1315.000
CT	277	1251	1395	1395.000
CT	276	1226	1359	1359.000
CT	275	1333	1446	1446.000
CT	274	1246	1356	1356.000
CT	273	1343	1493	1493.000
CT	272	1308	1443	1443.000
CT	271	1379	1500	1500.000
CT	270	1328	1468	1468.000
CT	269	1411	1541	1541.000
CT	268	1439	1568	1568.000
CT	267	1477	1627	1627.000
CT	266	1477	1633	1633.000
CT	265	1526	1673	1673.000
CT	264	1547	1671	1671.000
CT	263	1644	1802	1802.000
CT	262	1665	1789	1789.000
CT	261	1684	1836	1836.000
CT	260	1736	1850	1850.000
CT	259	1777	1898	1898.000
CT	258	1940	2102	2102.000
CT	257	1939	2049	2049.000
CT	256	1903	2012	2012.000
CT	255	1922	2020	2020.000
CT	254	1965	2086	2086.000
CT	253	1972	2082	2082.000
CT	252	2090	2199	2199.000
CT	251	2130	2244	2244.000
CT	250	2198	2283	2283.000
CT	249	2287	2387	2387.000
CT	248	2379	2459	2459.000
CT	247	2323	2414	2414.000
CT	246	2414	2512	2512.000
CT	245	2537	2642	2642.000
CT	244	2490	2578	2578.000
CT	243	2653	2755	2755.000
CT	242	2780	2882	2882.000
CT	241	2813	2911	2911.000
CT	240	2820	2909	2909.000
CT	239	2832	2889	2889.000
CT	238	3136	3199	3199.000
CT	237	3217	3269	3269.000
CT	236	3330	3414	3414.000
CT	235	3418	3495	3495.000
CT	234	3543	3645	3645.000
CT	233	3785	3867	3867.000
CT	232	3882	3975	3975.000
CT	231	4105	4188	4188.000
CT	230	4288	4363	4363.000
CT	229	4464	4550	4550.000
CT	228	4640	4732	4732.000
CT	227	4841	4936	4936.000
CT	226	4844	4920	4920.000
CT	225	5092	5179	5179.000
CT	224	5350	5432	5432.000
CT	223	5446	5556	5556.000
CT	222	5755	5831	5831.000
CT	221	6052	6129	6129.000
CT	220	6306	6383	6383.000
CT	219	6512	6599	6599.000
CT	218	6821	6907	6907.000
CT	217	7108	7185	7185.000
CT	216	7389	7491	7491.000
CT	215	7717	7780	7780.000
CT	214	8185	8264	8264.000
CT	213	8340	8395	8395.000
CT	212	8670	8730	8730.000
CT	211	9207	9254	9254.000
CT	210	9431	9478	9478.000
CT	209	9832	9898	9898.000
CT	208	10297	10364	10364.000
CT	207	10739	10796	10796.000
CT	206	11006	11068	11068.000
CT	205	11658	11731	11731.000
CT	204	11922	11979	11979.000
CT	203	12437	12492	12492.000
CT	202	12837	12873	12873.000
CT	201	13237	13291	13291.000
CT	200	13829	13866	13866.000
CT	199	14222	14259	14259.000
CT	198	14878	14931	14931.000
CT	197	15600	15655	15655.000
CT	196	16096	16142	16142.000
CT	195	17033	17077	17077.000
CT	194	17657	17699	17699.000
CT	193	18205	18242	18242.000
CT	192	18836	18857	18857.000
CT	191	19662	19691	19691.000
CT	190	20347	20376	20376.000
CT	189	21480	21494	21494.000
CT	188	22056	22079	22079.000
CT	187	22831	22822	22822.000
CT	186	23481	23479	23479.000
CT	185	24424	24420	24420.000
CT	184	25245	25247	25247.000
CT	183	26035	26030	26030.000
CT	182	26845	26848	26848.000
CT	181	27689	27688	27688.000
CT	180	28802	28790	28790.000
CT	179	29673	29680	29680.000
CT	178	30926	30952	30952.000
CT	177	31658	31659	31659.000
CT	176	32395	32401	32401.000
CT	175	33203	33213	33213.000
CT	174	34726	34727	34727.000
CT	173	35235	35239	35239.000
CT	172	36886	36874	36874.000
CT	171	38244	38228	38228.000
CT	170	39439	39431	39431.000
CT	169	40600	40594	40594.000
CT	168	41595	41589	41589.000
CT	167	42865	42849	42849.000
CT	166	43679	43670	43670.000
CT	165	44533	44503	44503.000
CT	164	45406	45371	45371.000
CT	163	46728	46676	46676.000
CT	162	47354	47326	47326.000
CT	161	48172	48143	48143.000
CT	160	49764	49739	49739.000
CT	159	50880	50824	50824.000
CT	158	51790	51759	51759.000
CT	157	52366	52338	52338.000
CT	156	53208	53146	53146.000
CT	155	53991	53955	53955.000
CT	154	54969	54941	54941.000
CT	153	55472	55446	55446.000
CT	152	56198	56162	56162.000
CT	151	57162	57119	57119.000
CT	150	57326	57302	57302.000
CT	149	58500	58478	58478.000
CT	148	59294	59241	59241.000
CT	147	59870	59804	59804.000
CT	146	60336	60270	60270.000
CT	145	60540	60480	60480.000
CT	144	61165	61115	61115.000
CT	143	61597	61521	61521.000
CT	142	61621	61547	61547.000
CT	141	61679	61614	61614.000
CT	140	61743	61675	61675.000
CT	139	62407	62341	62341.000
CT	138	61949	61841	61841.000
CT	137	62030	61925	61925.000
CT	136	62324	62259	62259.000
CT	135	61959	61874	61874.000
CT	134	61704	61637	61637.000
CT	133	61892	61815	61815.000
CT	132	60847	60772	60772.000
CT	131	61031	60932	60932.000
CT	130	60305	60207	60207.000
CT	129	59853	59742	59742.000
CT	128	59828	59714	59714.000
CT	127	59339	59225	59225.000
CT	126	58735	58623	58623.000
CT	125	57675	57545	57545.000
CT	124	56728	56592	56592.000
CT	123	55982	55858	55858.000
CT	122	54848	54710	54710.000
CT	121	54074	53947	53947.000
CT	120	53062	52943	52943.000
CT	119	52028	51882	51882.000
CT	118	51255	51085	51085.000
CT	117	49500	49327	49327.000
CT	116	48236	48054	48054.000
CT	115	47835	47635	47635.000
CT	114	46190	46005	46005.000
CT	113	45149	44960	44960.000
CT	112	43450	43267	43267.000
CT	111	42275	42090	42090.000
CT	110	41404	41197	41197.000
CT	109	39548	39348	39348.000
CT	108	38262	38045	38045.000
CT	107	36410	36196	36196.000
CT	106	35115	34917	34917.000
CT	105	34024	33802	33802.000
CT	104	32594	32351	32351.000
CT	103	31494	31250	31250.000
CT	102	29613	29343	29343.000
CT	101	28595	28338	28338.000
CT	100	26598	26337	26337.000
CT	99	25446	25172	25172.000
CT	98	24355	24060	24060.000
CT	97	22801	22506	22506.000
CT	96	21671	21384	21384.000
CT	95	20597	20314	20314.000
CT	94	19494	19191	19191.000
CT	93	18301	17994	17994.000
CT	92	17479	17218	17218.000
CT	91	16461	16147	16147.000
CT	90	15465	15150	15150.000
CT	89	14348	14065	14065.000
CT	88	13475	13183	13183.000
CT	87	12660	12360	12360.000
CT	86	11825	11545	11545.000
CT	85	10913	10653	10653.000
CT	84	10087	9852	9852.000
CT	83	9601	9367	9367.000
CT	82	8920	8708	8708.000
CT	81	8401	8185	8185.000
CT	80	7883	7643	7643.000
CT	79	7291	7011	7011.000
CT	78	6727	6523	6523.000
CT	77	6269	6061	6061.000
CT	76	5863	5665	5665.000
CT	75	5425	5250	5250.000
CT	74	4854	4668	4668.000
CT	73	4538	4332	4332.000
CT	72	4274	4012	4012.000
CT	71	3778	3572	3572.000
CT	70	3554	3321	3321.000
CT	69	3168	2925	2925.000
CT	68	2976	2740	2740.000
CT	67	2719	2458	2458.000
CT	66	2469	2248	2248.000
CT	65	2276	2076	2076.000
CT	64	2005	1810	1810.000
CT	63	1770	1580	1580.000
CT	62	1754	1571	1571.000
CT	61	1620	1417	1417.000
CT	60	1453	1253	1253.000
CT	59	1319	1094	1094.000
CT	58	1238	1052	1052.000
CT	57	1189	923	923.000
CT	56	1092	881	881.000
CT	55	981	786	786.000
CT	54	912	637	637.000
CT	53	888	613	613.000
CT	52	883	598	598.000
CT	51	804	547	547.000
CT	50	755	476	476.000
CT	49	774	488	488.000
CT	48	687	472	472.000
CT	47	642	363	363.000
CT	46	649	384	384.000
CT	45	666	366	366.000
CT	44	587	286	286.000
CT	43	604	273	273.000
CT	42	661	271	271.000
CT	41	610	262	262.000
CT	40	640	225	225.000
CT	39	680	234	234.000
CT	38	757	198	197.999
CT	37	782	193	192.999
CT	36	806	163	162.999
CT	35	815	179	178.999
CT	34	857	137	136.999
CT	33	866	128	127.999
CT	32	869	88	87.999
CT	31	970	81	80.999
CT	30	1038	75	74.999
CT	29	1155	108	107.999
CT	28	1271	87	86.999
CT	27	1487	117	116.999
CT	26	1670	85	84.998
CT	25	2085	63	62.998
CT	24	2707	68	67.997
CT	23	3535	64	63.996
CT	22	4640	76	75.995
CT	21	6515	60	59.993
CT	20	9357	105	104.990
CT	19	13619	123	122.986
CT	18	19649	47	46.980
CT	17	28126	57	56.971
CT	16	41849	48	47.957
CT	15	61846	65	64.936
CT	14	89949	52	51.907
CT	13	130509	50	49.865
CT	12	186023	65	64.808
CT	11	260166	55	54.731
CT	10	355760	12	11.633
CT	9	468955	4	3.516
CT	8	595554	9	8.385
CT	7	759240	2	1.216
CT	6	929743	2	1.040
CT	5	1150829	4	0.524
CT	4	1555995	7	0.512
CT	3	2883996	3	0.507
CT	2	9648075	11	0.502
CT	1	0	0	0.497
CT	0	0	226	0.492
FR	1.03e-06	1.04e-06
ER	5401779	252.096
CV	0.999
QV	58.698	58.223
