CC	CT  kmer_occurrence    short_read_kmer_count  raw_input_kmer_count  adjusted_input_kmer_count
CC	FR  fpr_lower_bound    fpr_upper_bound
CC	ER  total_input_kmers  adjusted_error_kmers
CC	CV  coverage
CC	QV  raw_quality_value  adjusted_quality_value
CC
SQ	JAVIVY010000034.1	162909	162879	162879	99.00
SQ	JAVIVY010000032.1	381117	381087	381087	99.00
SQ	JAVIVY010000001.1	417488	417458	417458	99.00
SQ	JAVIVY010000033.1	209929	209899	209899	99.00
SQ	JAVIVY010000002.1	468393	468363	468363	99.00
SQ	JAVIVY010000035.1	114830	114800	114800	99.00
SQ	JAVIVY010000003.1	3898973	3898943	3898447	53.87
CT	1023	1223476	1152693	1152693.000
CT	1022	4572	4350	4350.000
CT	1021	4660	4470	4470.000
CT	1020	4791	4580	4580.000
CT	1019	4771	4526	4526.000
CT	1018	4735	4500	4500.000
CT	1017	4724	4497	4497.000
CT	1016	4730	4509	4509.000
CT	1015	4712	4496	4496.000
CT	1014	4788	4519	4519.000
CT	1013	4657	4419	4419.000
CT	1012	4804	4565	4565.000
CT	1011	4734	4500	4500.000
CT	1010	4875	4631	4631.000
CT	1009	4808	4578	4578.000
CT	1008	4838	4609	4609.000
CT	1007	4803	4549	4549.000
CT	1006	4768	4522	4522.000
CT	1005	4848	4602	4602.000
CT	1004	4950	4703	4703.000
CT	1003	4883	4650	4650.000
CT	1002	4917	4677	4677.000
CT	1001	4803	4576	4576.000
CT	1000	4837	4603	4603.000
CT	999	4877	4638	4638.000
CT	998	4922	4657	4657.000
CT	997	4779	4556	4556.000
CT	996	4790	4541	4541.000
CT	995	4953	4747	4747.000
CT	994	4937	4698	4698.000
CT	993	4809	4587	4587.000
CT	992	4914	4670	4670.000
CT	991	4926	4711	4711.000
CT	990	4981	4748	4748.000
CT	989	5022	4778	4778.000
CT	988	5009	4755	4755.000
CT	987	4878	4649	4649.000
CT	986	5127	4902	4902.000
CT	985	5157	4906	4906.000
CT	984	4897	4681	4681.000
CT	983	4873	4623	4623.000
CT	982	4993	4770	4770.000
CT	981	4892	4653	4653.000
CT	980	4906	4665	4665.000
CT	979	4995	4762	4762.000
CT	978	4920	4718	4718.000
CT	977	5132	4921	4921.000
CT	976	5006	4769	4769.000
CT	975	5076	4868	4868.000
CT	974	4920	4690	4690.000
CT	973	5045	4838	4838.000
CT	972	5130	4869	4869.000
CT	971	5016	4783	4783.000
CT	970	5077	4837	4837.000
CT	969	5204	4968	4968.000
CT	968	5097	4905	4905.000
CT	967	5161	4949	4949.000
CT	966	5284	5057	5057.000
CT	965	5155	4944	4944.000
CT	964	5206	5003	5003.000
CT	963	5162	4962	4962.000
CT	962	5025	4808	4808.000
CT	961	5045	4825	4825.000
CT	960	5315	5093	5093.000
CT	959	5086	4888	4888.000
CT	958	5145	4921	4921.000
CT	957	5312	5059	5059.000
CT	956	5253	5028	5028.000
CT	955	5345	5104	5104.000
CT	954	5176	4933	4933.000
CT	953	5246	5024	5024.000
CT	952	5306	5075	5075.000
CT	951	5338	5115	5115.000
CT	950	5185	4956	4956.000
CT	949	5276	5034	5034.000
CT	948	5310	5097	5097.000
CT	947	5276	5063	5063.000
CT	946	5366	5146	5146.000
CT	945	5252	5022	5022.000
CT	944	5204	4985	4985.000
CT	943	5172	4939	4939.000
CT	942	5288	5048	5048.000
CT	941	5120	4907	4907.000
CT	940	5319	5112	5112.000
CT	939	5341	5088	5088.000
CT	938	5310	5097	5097.000
CT	937	5281	5060	5060.000
CT	936	5345	5119	5119.000
CT	935	5253	4988	4988.000
CT	934	5341	5123	5123.000
CT	933	5360	5133	5133.000
CT	932	5281	5069	5069.000
CT	931	5362	5112	5112.000
CT	930	5293	5079	5079.000
CT	929	5385	5180	5180.000
CT	928	5377	5177	5177.000
CT	927	5328	5100	5100.000
CT	926	5452	5235	5235.000
CT	925	5453	5216	5216.000
CT	924	5464	5253	5253.000
CT	923	5599	5381	5381.000
CT	922	5463	5192	5192.000
CT	921	5668	5436	5436.000
CT	920	5530	5282	5282.000
CT	919	5383	5146	5146.000
CT	918	5501	5267	5267.000
CT	917	5529	5279	5279.000
CT	916	5551	5326	5326.000
CT	915	5645	5397	5397.000
CT	914	5440	5199	5199.000
CT	913	5610	5355	5355.000
CT	912	5556	5298	5298.000
CT	911	5593	5318	5318.000
CT	910	5641	5400	5400.000
CT	909	5604	5363	5363.000
CT	908	5514	5289	5289.000
CT	907	5679	5448	5448.000
CT	906	5787	5534	5534.000
CT	905	5749	5508	5508.000
CT	904	5604	5389	5389.000
CT	903	5648	5424	5424.000
CT	902	5807	5564	5564.000
CT	901	5643	5395	5395.000
CT	900	5888	5655	5655.000
CT	899	5865	5612	5612.000
CT	898	5783	5527	5527.000
CT	897	5815	5589	5589.000
CT	896	5820	5564	5564.000
CT	895	5815	5556	5556.000
CT	894	5793	5583	5583.000
CT	893	5845	5608	5608.000
CT	892	5739	5490	5490.000
CT	891	5919	5683	5683.000
CT	890	5920	5654	5654.000
CT	889	5952	5712	5712.000
CT	888	5857	5591	5591.000
CT	887	5967	5717	5717.000
CT	886	5931	5702	5702.000
CT	885	5944	5693	5693.000
CT	884	5956	5709	5709.000
CT	883	6017	5775	5775.000
CT	882	5855	5592	5592.000
CT	881	5973	5733	5733.000
CT	880	5897	5638	5638.000
CT	879	5828	5602	5602.000
CT	878	5826	5607	5607.000
CT	877	5992	5769	5769.000
CT	876	6023	5797	5797.000
CT	875	5985	5741	5741.000
CT	874	5988	5781	5781.000
CT	873	6040	5794	5794.000
CT	872	6193	5928	5928.000
CT	871	5859	5629	5629.000
CT	870	6147	5907	5907.000
CT	869	6148	5898	5898.000
CT	868	6123	5874	5874.000
CT	867	6141	5893	5893.000
CT	866	6086	5852	5852.000
CT	865	6071	5823	5823.000
CT	864	6106	5863	5863.000
CT	863	6164	5924	5924.000
CT	862	6000	5766	5766.000
CT	861	6046	5821	5821.000
CT	860	6271	6027	6027.000
CT	859	6128	5879	5879.000
CT	858	6180	5968	5968.000
CT	857	6105	5842	5842.000
CT	856	6282	6049	6049.000
CT	855	6148	5913	5913.000
CT	854	6299	6060	6060.000
CT	853	6315	6052	6052.000
CT	852	6270	6024	6024.000
CT	851	6431	6168	6168.000
CT	850	6335	6098	6098.000
CT	849	6231	6003	6003.000
CT	848	6251	6007	6007.000
CT	847	6281	6064	6064.000
CT	846	6416	6183	6183.000
CT	845	6468	6200	6200.000
CT	844	6334	6108	6108.000
CT	843	6431	6204	6204.000
CT	842	6372	6135	6135.000
CT	841	6396	6178	6178.000
CT	840	6259	6027	6027.000
CT	839	6475	6262	6262.000
CT	838	6494	6275	6275.000
CT	837	6477	6255	6255.000
CT	836	6498	6279	6279.000
CT	835	6443	6223	6223.000
CT	834	6523	6327	6327.000
CT	833	6512	6308	6308.000
CT	832	6530	6310	6310.000
CT	831	6557	6326	6326.000
CT	830	6758	6530	6530.000
CT	829	6718	6487	6487.000
CT	828	6588	6364	6364.000
CT	827	6795	6562	6562.000
CT	826	6654	6439	6439.000
CT	825	6677	6450	6450.000
CT	824	6613	6387	6387.000
CT	823	6588	6359	6359.000
CT	822	6637	6392	6392.000
CT	821	6621	6390	6390.000
CT	820	6806	6571	6571.000
CT	819	6706	6454	6454.000
CT	818	6682	6447	6447.000
CT	817	6755	6511	6511.000
CT	816	6669	6435	6435.000
CT	815	6737	6524	6524.000
CT	814	6791	6565	6565.000
CT	813	6757	6527	6527.000
CT	812	6725	6504	6504.000
CT	811	6765	6538	6538.000
CT	810	6978	6776	6776.000
CT	809	6881	6624	6624.000
CT	808	6874	6635	6635.000
CT	807	6921	6694	6694.000
CT	806	6808	6601	6601.000
CT	805	6795	6583	6583.000
CT	804	6866	6642	6642.000
CT	803	6843	6637	6637.000
CT	802	6793	6567	6567.000
CT	801	6978	6730	6730.000
CT	800	7062	6842	6842.000
CT	799	6973	6755	6755.000
CT	798	6928	6720	6720.000
CT	797	7048	6823	6823.000
CT	796	6956	6742	6742.000
CT	795	6934	6715	6715.000
CT	794	6931	6726	6726.000
CT	793	7262	7036	7036.000
CT	792	6900	6672	6672.000
CT	791	7179	6966	6966.000
CT	790	6991	6752	6752.000
CT	789	7165	6923	6923.000
CT	788	7108	6904	6904.000
CT	787	7200	7006	7006.000
CT	786	7140	6933	6933.000
CT	785	7198	6956	6956.000
CT	784	7242	6998	6998.000
CT	783	7334	7143	7143.000
CT	782	7142	6952	6952.000
CT	781	7057	6854	6854.000
CT	780	7169	6978	6978.000
CT	779	7277	7069	7069.000
CT	778	7228	7053	7053.000
CT	777	7233	7032	7032.000
CT	776	7345	7147	7147.000
CT	775	7324	7136	7136.000
CT	774	7390	7186	7186.000
CT	773	7230	7034	7034.000
CT	772	7386	7184	7184.000
CT	771	7358	7168	7168.000
CT	770	7133	6962	6962.000
CT	769	7329	7136	7136.000
CT	768	7359	7147	7147.000
CT	767	7251	7046	7046.000
CT	766	7517	7329	7329.000
CT	765	7347	7151	7151.000
CT	764	7319	7141	7141.000
CT	763	7370	7183	7183.000
CT	762	7223	7027	7027.000
CT	761	7422	7223	7223.000
CT	760	7507	7326	7326.000
CT	759	7306	7134	7134.000
CT	758	7458	7259	7259.000
CT	757	7348	7147	7147.000
CT	756	7441	7265	7265.000
CT	755	7517	7321	7321.000
CT	754	7410	7247	7247.000
CT	753	7398	7181	7181.000
CT	752	7444	7243	7243.000
CT	751	7623	7428	7428.000
CT	750	7590	7419	7419.000
CT	749	7611	7434	7434.000
CT	748	7483	7308	7308.000
CT	747	7638	7482	7482.000
CT	746	7448	7253	7253.000
CT	745	7515	7312	7312.000
CT	744	7587	7405	7405.000
CT	743	7508	7344	7344.000
CT	742	7536	7339	7339.000
CT	741	7694	7497	7497.000
CT	740	7621	7438	7438.000
CT	739	7662	7462	7462.000
CT	738	7662	7506	7506.000
CT	737	7532	7363	7363.000
CT	736	7503	7360	7360.000
CT	735	7515	7353	7353.000
CT	734	7631	7486	7486.000
CT	733	7671	7497	7497.000
CT	732	7609	7416	7416.000
CT	731	7554	7406	7406.000
CT	730	7583	7419	7419.000
CT	729	7716	7536	7536.000
CT	728	7529	7367	7367.000
CT	727	7628	7456	7456.000
CT	726	7493	7303	7303.000
CT	725	7626	7466	7466.000
CT	724	7576	7395	7395.000
CT	723	7657	7475	7475.000
CT	722	7543	7351	7351.000
CT	721	7750	7574	7574.000
CT	720	7544	7371	7371.000
CT	719	7574	7375	7375.000
CT	718	7646	7470	7470.000
CT	717	7538	7353	7353.000
CT	716	7443	7263	7263.000
CT	715	7642	7474	7474.000
CT	714	7535	7336	7336.000
CT	713	7662	7473	7473.000
CT	712	7511	7343	7343.000
CT	711	7711	7530	7530.000
CT	710	7704	7509	7509.000
CT	709	7579	7424	7424.000
CT	708	7587	7424	7424.000
CT	707	7698	7519	7519.000
CT	706	7546	7377	7377.000
CT	705	7544	7374	7374.000
CT	704	7700	7541	7541.000
CT	703	7784	7612	7612.000
CT	702	7536	7353	7353.000
CT	701	7696	7534	7534.000
CT	700	7591	7422	7422.000
CT	699	7592	7411	7411.000
CT	698	7478	7319	7319.000
CT	697	7573	7439	7439.000
CT	696	7530	7358	7358.000
CT	695	7696	7543	7543.000
CT	694	7558	7413	7413.000
CT	693	7590	7456	7456.000
CT	692	7709	7558	7558.000
CT	691	7528	7392	7392.000
CT	690	7635	7501	7501.000
CT	689	7775	7649	7649.000
CT	688	7651	7502	7502.000
CT	687	7572	7415	7415.000
CT	686	7552	7429	7429.000
CT	685	7659	7514	7514.000
CT	684	7603	7456	7456.000
CT	683	7719	7568	7568.000
CT	682	7523	7384	7384.000
CT	681	7603	7481	7481.000
CT	680	7597	7470	7470.000
CT	679	7519	7379	7379.000
CT	678	7694	7534	7534.000
CT	677	7639	7496	7496.000
CT	676	7561	7412	7412.000
CT	675	7589	7423	7423.000
CT	674	7620	7463	7463.000
CT	673	7765	7628	7628.000
CT	672	7710	7553	7553.000
CT	671	7594	7447	7447.000
CT	670	7574	7417	7417.000
CT	669	7565	7454	7454.000
CT	668	7775	7612	7612.000
CT	667	7755	7603	7603.000
CT	666	7623	7491	7491.000
CT	665	7525	7376	7376.000
CT	664	7710	7558	7558.000
CT	663	7580	7432	7432.000
CT	662	7458	7306	7306.000
CT	661	7565	7409	7409.000
CT	660	7514	7380	7380.000
CT	659	7540	7409	7409.000
CT	658	7584	7430	7430.000
CT	657	7349	7206	7206.000
CT	656	7589	7454	7454.000
CT	655	7579	7447	7447.000
CT	654	7622	7479	7479.000
CT	653	7456	7332	7332.000
CT	652	7480	7343	7343.000
CT	651	7552	7411	7411.000
CT	650	7510	7371	7371.000
CT	649	7574	7432	7432.000
CT	648	7676	7538	7538.000
CT	647	7616	7471	7471.000
CT	646	7687	7535	7535.000
CT	645	7545	7396	7396.000
CT	644	7647	7500	7500.000
CT	643	7700	7560	7560.000
CT	642	7697	7556	7556.000
CT	641	7565	7433	7433.000
CT	640	7539	7385	7385.000
CT	639	7403	7264	7264.000
CT	638	7368	7266	7266.000
CT	637	7530	7375	7375.000
CT	636	7501	7372	7372.000
CT	635	7542	7415	7415.000
CT	634	7466	7337	7337.000
CT	633	7382	7250	7250.000
CT	632	7549	7400	7400.000
CT	631	7416	7277	7277.000
CT	630	7478	7350	7350.000
CT	629	7522	7380	7380.000
CT	628	7479	7335	7335.000
CT	627	7255	7137	7137.000
CT	626	7471	7350	7350.000
CT	625	7545	7408	7408.000
CT	624	7334	7208	7208.000
CT	623	7413	7275	7275.000
CT	622	7390	7262	7262.000
CT	621	7411	7284	7284.000
CT	620	7458	7337	7337.000
CT	619	7444	7329	7329.000
CT	618	7413	7289	7289.000
CT	617	7462	7333	7333.000
CT	616	7460	7349	7349.000
CT	615	7404	7288	7288.000
CT	614	7397	7276	7276.000
CT	613	7469	7358	7358.000
CT	612	7311	7181	7181.000
CT	611	7372	7268	7268.000
CT	610	7305	7174	7174.000
CT	609	7243	7130	7130.000
CT	608	7277	7166	7166.000
CT	607	7203	7085	7085.000
CT	606	7316	7209	7209.000
CT	605	7192	7113	7113.000
CT	604	7417	7305	7305.000
CT	603	7255	7160	7160.000
CT	602	7392	7283	7283.000
CT	601	7377	7269	7269.000
CT	600	7260	7152	7152.000
CT	599	7323	7220	7220.000
CT	598	7399	7301	7301.000
CT	597	7156	7050	7050.000
CT	596	7240	7160	7160.000
CT	595	7375	7288	7288.000
CT	594	7215	7116	7116.000
CT	593	7231	7150	7150.000
CT	592	7252	7151	7151.000
CT	591	7232	7154	7154.000
CT	590	7259	7165	7165.000
CT	589	7135	7054	7054.000
CT	588	7258	7163	7163.000
CT	587	7295	7222	7222.000
CT	586	7216	7135	7135.000
CT	585	7197	7107	7107.000
CT	584	7279	7201	7201.000
CT	583	7203	7114	7114.000
CT	582	7303	7222	7222.000
CT	581	7142	7050	7050.000
CT	580	7227	7145	7145.000
CT	579	7186	7105	7105.000
CT	578	7179	7109	7109.000
CT	577	7146	7077	7077.000
CT	576	7225	7148	7148.000
CT	575	7052	6985	6985.000
CT	574	7044	6978	6978.000
CT	573	7127	7046	7046.000
CT	572	7212	7123	7123.000
CT	571	7050	6992	6992.000
CT	570	7306	7239	7239.000
CT	569	7317	7251	7251.000
CT	568	7180	7095	7095.000
CT	567	7188	7116	7116.000
CT	566	7115	7075	7075.000
CT	565	7203	7140	7140.000
CT	564	7109	7033	7033.000
CT	563	7139	7063	7063.000
CT	562	7212	7140	7140.000
CT	561	7153	7078	7078.000
CT	560	7126	7045	7045.000
CT	559	7078	7004	7004.000
CT	558	7068	7000	7000.000
CT	557	7038	6973	6973.000
CT	556	7100	7032	7032.000
CT	555	7130	7060	7060.000
CT	554	7191	7122	7122.000
CT	553	7138	7070	7070.000
CT	552	7222	7155	7155.000
CT	551	7077	7009	7009.000
CT	550	7175	7114	7114.000
CT	549	7254	7182	7182.000
CT	548	7327	7263	7263.000
CT	547	7200	7130	7130.000
CT	546	6927	6860	6860.000
CT	545	7299	7227	7227.000
CT	544	7296	7244	7244.000
CT	543	7087	6989	6989.000
CT	542	7410	7346	7346.000
CT	541	7085	7022	7022.000
CT	540	7250	7181	7181.000
CT	539	7218	7156	7156.000
CT	538	7139	7068	7068.000
CT	537	7089	7029	7029.000
CT	536	7136	7060	7060.000
CT	535	7092	7017	7017.000
CT	534	7087	7011	7011.000
CT	533	7044	6964	6964.000
CT	532	7243	7176	7176.000
CT	531	7132	7068	7068.000
CT	530	7127	7083	7083.000
CT	529	6971	6893	6893.000
CT	528	7038	6965	6965.000
CT	527	7098	7037	7037.000
CT	526	7192	7122	7122.000
CT	525	7059	7001	7001.000
CT	524	6872	6813	6813.000
CT	523	6954	6891	6891.000
CT	522	6934	6865	6865.000
CT	521	7023	6971	6971.000
CT	520	6987	6933	6933.000
CT	519	7025	6970	6970.000
CT	518	6884	6827	6827.000
CT	517	7037	6994	6994.000
CT	516	6958	6889	6889.000
CT	515	6815	6756	6756.000
CT	514	6996	6929	6929.000
CT	513	6972	6903	6903.000
CT	512	6857	6795	6795.000
CT	511	7036	6980	6980.000
CT	510	6921	6873	6873.000
CT	509	6952	6894	6894.000
CT	508	6949	6895	6895.000
CT	507	7070	7009	7009.000
CT	506	7172	7123	7123.000
CT	505	7001	6940	6940.000
CT	504	7170	7107	7107.000
CT	503	6977	6914	6914.000
CT	502	6939	6886	6886.000
CT	501	7119	7069	7069.000
CT	500	6933	6876	6876.000
CT	499	6887	6839	6839.000
CT	498	6942	6888	6888.000
CT	497	6970	6925	6925.000
CT	496	7031	6974	6974.000
CT	495	6868	6810	6810.000
CT	494	7147	7074	7074.000
CT	493	7009	6948	6948.000
CT	492	6994	6939	6939.000
CT	491	6928	6872	6872.000
CT	490	6957	6908	6908.000
CT	489	6857	6799	6799.000
CT	488	6891	6830	6830.000
CT	487	6784	6734	6734.000
CT	486	6750	6701	6701.000
CT	485	6868	6817	6817.000
CT	484	6684	6622	6622.000
CT	483	6825	6787	6787.000
CT	482	6803	6763	6763.000
CT	481	6847	6793	6793.000
CT	480	6786	6721	6721.000
CT	479	6856	6802	6802.000
CT	478	6869	6806	6806.000
CT	477	6705	6670	6670.000
CT	476	6750	6719	6719.000
CT	475	6695	6650	6650.000
CT	474	6810	6761	6761.000
CT	473	6635	6597	6597.000
CT	472	6727	6677	6677.000
CT	471	6784	6732	6732.000
CT	470	6641	6608	6608.000
CT	469	6699	6659	6659.000
CT	468	6559	6526	6526.000
CT	467	6546	6500	6500.000
CT	466	6748	6705	6705.000
CT	465	6634	6584	6584.000
CT	464	6615	6579	6579.000
CT	463	6727	6684	6684.000
CT	462	6588	6544	6544.000
CT	461	6655	6613	6613.000
CT	460	6532	6474	6474.000
CT	459	6460	6432	6432.000
CT	458	6524	6485	6485.000
CT	457	6622	6598	6598.000
CT	456	6506	6478	6478.000
CT	455	6533	6502	6502.000
CT	454	6563	6515	6515.000
CT	453	6438	6405	6405.000
CT	452	6518	6480	6480.000
CT	451	6375	6345	6345.000
CT	450	6422	6382	6382.000
CT	449	6524	6483	6483.000
CT	448	6182	6149	6149.000
CT	447	6299	6259	6259.000
CT	446	6251	6221	6221.000
CT	445	6144	6108	6108.000
CT	444	6322	6271	6271.000
CT	443	6186	6145	6145.000
CT	442	6133	6077	6077.000
CT	441	6125	6093	6093.000
CT	440	6068	6033	6033.000
CT	439	6133	6089	6089.000
CT	438	6273	6231	6231.000
CT	437	6200	6158	6158.000
CT	436	6110	6056	6056.000
CT	435	6082	6029	6029.000
CT	434	6046	6006	6006.000
CT	433	6029	5994	5994.000
CT	432	5910	5877	5877.000
CT	431	6115	6076	6076.000
CT	430	6108	6066	6066.000
CT	429	5890	5846	5846.000
CT	428	5973	5927	5927.000
CT	427	5860	5807	5807.000
CT	426	6048	5993	5993.000
CT	425	6003	5950	5950.000
CT	424	5880	5847	5847.000
CT	423	5898	5866	5866.000
CT	422	5991	5949	5949.000
CT	421	5837	5800	5800.000
CT	420	5930	5891	5891.000
CT	419	5701	5657	5657.000
CT	418	5714	5680	5680.000
CT	417	5676	5637	5637.000
CT	416	5627	5595	5595.000
CT	415	5641	5617	5617.000
CT	414	5579	5541	5541.000
CT	413	5619	5591	5591.000
CT	412	5540	5500	5500.000
CT	411	5475	5431	5431.000
CT	410	5420	5386	5386.000
CT	409	5552	5500	5500.000
CT	408	5496	5459	5459.000
CT	407	5458	5428	5428.000
CT	406	5210	5177	5177.000
CT	405	5329	5289	5289.000
CT	404	5275	5252	5252.000
CT	403	5281	5258	5258.000
CT	402	5029	4993	4993.000
CT	401	5043	5005	5005.000
CT	400	5103	5065	5065.000
CT	399	4967	4935	4935.000
CT	398	5023	4984	4984.000
CT	397	5077	5043	5043.000
CT	396	5022	4991	4991.000
CT	395	4965	4939	4939.000
CT	394	5010	4981	4981.000
CT	393	4903	4871	4871.000
CT	392	4842	4813	4813.000
CT	391	4831	4806	4806.000
CT	390	4946	4906	4906.000
CT	389	4691	4665	4665.000
CT	388	4816	4781	4781.000
CT	387	4912	4868	4868.000
CT	386	4707	4666	4666.000
CT	385	4700	4662	4662.000
CT	384	4640	4607	4607.000
CT	383	4567	4539	4539.000
CT	382	4528	4494	4494.000
CT	381	4489	4461	4461.000
CT	380	4437	4408	4408.000
CT	379	4395	4354	4354.000
CT	378	4257	4211	4211.000
CT	377	4139	4107	4107.000
CT	376	4150	4120	4120.000
CT	375	4098	4067	4067.000
CT	374	4014	3992	3992.000
CT	373	4008	3992	3992.000
CT	372	3853	3823	3823.000
CT	371	3965	3931	3931.000
CT	370	3858	3834	3834.000
CT	369	3699	3668	3668.000
CT	368	3812	3775	3775.000
CT	367	3676	3649	3649.000
CT	366	3727	3688	3688.000
CT	365	3657	3640	3640.000
CT	364	3603	3580	3580.000
CT	363	3445	3417	3417.000
CT	362	3546	3524	3524.000
CT	361	3414	3387	3387.000
CT	360	3245	3204	3204.000
CT	359	3454	3429	3429.000
CT	358	3321	3290	3290.000
CT	357	3324	3285	3285.000
CT	356	3252	3219	3219.000
CT	355	3157	3117	3117.000
CT	354	3173	3134	3134.000
CT	353	3093	3069	3069.000
CT	352	3093	3050	3050.000
CT	351	3110	3064	3064.000
CT	350	3051	3017	3017.000
CT	349	3076	3032	3032.000
CT	348	2931	2905	2905.000
CT	347	2984	2956	2956.000
CT	346	2898	2872	2872.000
CT	345	2865	2838	2838.000
CT	344	2983	2954	2954.000
CT	343	2877	2838	2838.000
CT	342	2904	2875	2875.000
CT	341	2787	2758	2758.000
CT	340	2861	2834	2834.000
CT	339	2766	2731	2731.000
CT	338	2645	2611	2611.000
CT	337	2802	2775	2775.000
CT	336	2677	2636	2636.000
CT	335	2667	2635	2635.000
CT	334	2587	2554	2554.000
CT	333	2518	2477	2477.000
CT	332	2468	2438	2438.000
CT	331	2540	2498	2498.000
CT	330	2431	2398	2398.000
CT	329	2441	2409	2409.000
CT	328	2489	2457	2457.000
CT	327	2519	2489	2489.000
CT	326	2331	2302	2302.000
CT	325	2289	2270	2270.000
CT	324	2246	2211	2211.000
CT	323	2259	2232	2232.000
CT	322	2177	2149	2149.000
CT	321	2238	2199	2199.000
CT	320	2284	2256	2256.000
CT	319	2290	2256	2256.000
CT	318	2193	2157	2157.000
CT	317	2228	2196	2196.000
CT	316	2123	2094	2094.000
CT	315	2142	2104	2104.000
CT	314	2080	2045	2045.000
CT	313	2028	1992	1992.000
CT	312	2130	2090	2090.000
CT	311	2044	2014	2014.000
CT	310	1978	1953	1953.000
CT	309	1917	1893	1893.000
CT	308	1994	1955	1955.000
CT	307	1878	1855	1855.000
CT	306	1880	1848	1848.000
CT	305	1886	1845	1845.000
CT	304	1827	1790	1790.000
CT	303	1862	1830	1830.000
CT	302	1888	1858	1858.000
CT	301	1741	1706	1706.000
CT	300	1768	1739	1739.000
CT	299	1733	1700	1700.000
CT	298	1757	1736	1736.000
CT	297	1719	1684	1684.000
CT	296	1737	1704	1704.000
CT	295	1686	1655	1655.000
CT	294	1607	1581	1581.000
CT	293	1631	1608	1608.000
CT	292	1582	1559	1559.000
CT	291	1597	1570	1570.000
CT	290	1605	1584	1584.000
CT	289	1550	1523	1523.000
CT	288	1586	1553	1553.000
CT	287	1483	1450	1450.000
CT	286	1562	1536	1536.000
CT	285	1559	1535	1535.000
CT	284	1532	1509	1509.000
CT	283	1499	1479	1479.000
CT	282	1454	1429	1429.000
CT	281	1473	1445	1445.000
CT	280	1319	1289	1289.000
CT	279	1423	1393	1393.000
CT	278	1420	1397	1397.000
CT	277	1404	1372	1372.000
CT	276	1439	1405	1405.000
CT	275	1474	1433	1433.000
CT	274	1393	1355	1355.000
CT	273	1302	1263	1263.000
CT	272	1507	1463	1463.000
CT	271	1428	1387	1387.000
CT	270	1385	1347	1347.000
CT	269	1369	1370	1370.000
CT	268	1349	1315	1315.000
CT	267	1410	1381	1381.000
CT	266	1414	1376	1376.000
CT	265	1407	1372	1372.000
CT	264	1304	1260	1260.000
CT	263	1311	1271	1271.000
CT	262	1329	1303	1303.000
CT	261	1297	1272	1272.000
CT	260	1268	1239	1239.000
CT	259	1236	1186	1186.000
CT	258	1237	1206	1206.000
CT	257	1197	1167	1167.000
CT	256	1181	1151	1151.000
CT	255	1241	1204	1204.000
CT	254	1203	1175	1175.000
CT	253	1140	1096	1096.000
CT	252	1078	1056	1056.000
CT	251	1087	1063	1063.000
CT	250	1053	1027	1027.000
CT	249	1154	1115	1115.000
CT	248	1121	1093	1093.000
CT	247	1150	1114	1114.000
CT	246	1218	1182	1182.000
CT	245	1201	1180	1180.000
CT	244	1102	1060	1060.000
CT	243	1125	1105	1105.000
CT	242	1090	1045	1045.000
CT	241	1074	1037	1037.000
CT	240	1088	1067	1067.000
CT	239	1078	1045	1045.000
CT	238	1054	1002	1002.000
CT	237	1093	1054	1054.000
CT	236	1043	1001	1001.000
CT	235	1104	1073	1073.000
CT	234	1003	967	967.000
CT	233	1027	993	993.000
CT	232	975	949	949.000
CT	231	1049	1012	1012.000
CT	230	1039	1011	1011.000
CT	229	1005	978	978.000
CT	228	953	934	934.000
CT	227	939	910	910.000
CT	226	931	908	908.000
CT	225	966	941	941.000
CT	224	913	892	892.000
CT	223	940	908	908.000
CT	222	979	941	941.000
CT	221	956	929	929.000
CT	220	949	932	932.000
CT	219	919	897	897.000
CT	218	914	888	888.000
CT	217	888	866	866.000
CT	216	892	874	874.000
CT	215	943	920	920.000
CT	214	896	872	872.000
CT	213	849	813	813.000
CT	212	825	798	798.000
CT	211	805	767	767.000
CT	210	854	826	826.000
CT	209	849	811	811.000
CT	208	821	794	794.000
CT	207	895	863	863.000
CT	206	914	886	886.000
CT	205	886	846	846.000
CT	204	896	851	851.000
CT	203	933	896	896.000
CT	202	869	830	830.000
CT	201	830	801	801.000
CT	200	785	752	752.000
CT	199	770	743	743.000
CT	198	800	762	762.000
CT	197	834	791	791.000
CT	196	814	784	784.000
CT	195	793	758	758.000
CT	194	832	795	795.000
CT	193	769	741	741.000
CT	192	756	714	714.000
CT	191	744	716	716.000
CT	190	744	706	706.000
CT	189	770	732	732.000
CT	188	770	743	743.000
CT	187	769	728	728.000
CT	186	838	792	792.000
CT	185	774	730	730.000
CT	184	856	807	807.000
CT	183	744	708	708.000
CT	182	733	689	689.000
CT	181	766	719	719.000
CT	180	724	681	681.000
CT	179	732	685	685.000
CT	178	678	633	633.000
CT	177	737	689	689.000
CT	176	712	642	642.000
CT	175	689	636	636.000
CT	174	674	621	621.000
CT	173	630	576	576.000
CT	172	666	633	633.000
CT	171	661	617	617.000
CT	170	639	597	597.000
CT	169	646	596	596.000
CT	168	666	614	614.000
CT	167	610	552	552.000
CT	166	644	589	589.000
CT	165	616	566	566.000
CT	164	672	619	619.000
CT	163	636	568	568.000
CT	162	591	523	523.000
CT	161	575	506	506.000
CT	160	575	507	507.000
CT	159	586	506	506.000
CT	158	564	501	501.000
CT	157	607	534	534.000
CT	156	612	535	535.000
CT	155	628	552	552.000
CT	154	613	528	528.000
CT	153	572	503	503.000
CT	152	578	511	511.000
CT	151	614	531	531.000
CT	150	538	478	478.000
CT	149	537	471	471.000
CT	148	553	472	472.000
CT	147	499	424	424.000
CT	146	531	448	448.000
CT	145	535	457	457.000
CT	144	529	441	441.000
CT	143	534	454	454.000
CT	142	537	462	462.000
CT	141	515	417	417.000
CT	140	560	465	465.000
CT	139	532	423	423.000
CT	138	572	452	452.000
CT	137	532	433	433.000
CT	136	506	397	397.000
CT	135	552	445	445.000
CT	134	527	425	425.000
CT	133	518	432	432.000
CT	132	499	405	405.000
CT	131	490	401	401.000
CT	130	456	374	374.000
CT	129	482	375	375.000
CT	128	483	367	367.000
CT	127	494	362	362.000
CT	126	480	362	362.000
CT	125	467	354	354.000
CT	124	486	335	335.000
CT	123	497	362	362.000
CT	122	424	328	328.000
CT	121	458	341	341.000
CT	120	427	280	280.000
CT	119	463	317	317.000
CT	118	443	306	306.000
CT	117	438	296	296.000
CT	116	471	328	328.000
CT	115	473	305	305.000
CT	114	499	321	321.000
CT	113	517	309	309.000
CT	112	462	268	268.000
CT	111	439	273	273.000
CT	110	455	253	253.000
CT	109	434	243	243.000
CT	108	420	270	270.000
CT	107	405	219	219.000
CT	106	450	238	238.000
CT	105	432	236	236.000
CT	104	363	187	187.000
CT	103	403	185	185.000
CT	102	371	169	169.000
CT	101	397	208	208.000
CT	100	432	216	216.000
CT	99	470	210	210.000
CT	98	423	190	190.000
CT	97	419	168	168.000
CT	96	439	177	177.000
CT	95	435	178	178.000
CT	94	416	142	142.000
CT	93	503	230	230.000
CT	92	499	210	210.000
CT	91	543	218	218.000
CT	90	538	201	201.000
CT	89	578	198	198.000
CT	88	635	214	214.000
CT	87	590	163	163.000
CT	86	572	171	171.000
CT	85	577	165	165.000
CT	84	603	172	172.000
CT	83	582	127	127.000
CT	82	553	130	130.000
CT	81	540	115	115.000
CT	80	652	133	133.000
CT	79	674	117	117.000
CT	78	624	106	106.000
CT	77	670	101	101.000
CT	76	681	108	108.000
CT	75	647	100	100.000
CT	74	765	90	90.000
CT	73	823	101	101.000
CT	72	838	105	105.000
CT	71	785	103	103.000
CT	70	827	89	89.000
CT	69	908	89	89.000
CT	68	988	76	76.000
CT	67	966	65	65.000
CT	66	1092	71	71.000
CT	65	1072	61	61.000
CT	64	1188	63	63.000
CT	63	1295	57	57.000
CT	62	1439	54	54.000
CT	61	1477	37	36.999
CT	60	1452	46	45.999
CT	59	1613	56	55.999
CT	58	1730	42	41.999
CT	57	1781	43	42.999
CT	56	1797	35	34.999
CT	55	1913	19	18.999
CT	54	2030	29	28.999
CT	53	2389	27	26.999
CT	52	2420	15	14.999
CT	51	2563	12	11.999
CT	50	2841	10	9.999
CT	49	2889	11	10.999
CT	48	3159	10	9.999
CT	47	3193	13	12.999
CT	46	3682	2	1.999
CT	45	4020	12	11.999
CT	44	4279	14	13.998
CT	43	4842	10	9.998
CT	42	5363	12	11.998
CT	41	5975	12	11.998
CT	40	6432	17	16.998
CT	39	7104	14	13.997
CT	38	7988	13	12.997
CT	37	8667	12	11.997
CT	36	9766	13	12.997
CT	35	10758	19	18.996
CT	34	11946	22	21.996
CT	33	13450	11	10.995
CT	32	14940	11	10.995
CT	31	16937	3	2.994
CT	30	19097	9	8.993
CT	29	21479	6	5.992
CT	28	24202	1	0.991
CT	27	27504	1	0.990
CT	26	31232	8	7.989
CT	25	36272	5	4.987
CT	24	41571	6	5.985
CT	23	47931	6	5.983
CT	22	55938	2	1.980
CT	21	64243	2	1.977
CT	20	73056	4	3.974
CT	19	85938	1	0.969
CT	18	101757	1	0.964
CT	17	121204	0	0.000
CT	16	143053	0	0.000
CT	15	172358	3	2.938
CT	14	208378	6	5.926
CT	13	252458	12	11.910
CT	12	311293	7	6.889
CT	11	394215	16	15.859
CT	10	506907	15	14.819
CT	9	677888	0	0.000
CT	8	928875	0	0.000
CT	7	1346472	0	0.000
CT	6	2075111	0	0.000
CT	5	3501457	0	0.000
CT	4	6685628	1	-nan
CT	3	14701307	3	-nan
CT	2	42670549	14	-nan
CT	1	0	0	-nan
CT	0	0	496	-nan
FR	3.63e-07	0
ER	5653429	0.000
CV	0.984
QV	55.482	55.482
