HS	1023	0	1223476	1223476
HS	1022	0	4572	1228048
HS	1021	0	4660	1232708
HS	1020	0	4791	1237499
HS	1019	0	4771	1242270
HS	1018	0	4735	1247005
HS	1017	0	4724	1251729
HS	1016	0	4730	1256459
HS	1015	0	4712	1261171
HS	1014	0	4788	1265959
HS	1013	0	4657	1270616
HS	1012	0	4804	1275420
HS	1011	0	4734	1280154
HS	1010	0	4875	1285029
HS	1009	0	4808	1289837
HS	1008	0	4838	1294675
HS	1007	0	4803	1299478
HS	1006	0	4768	1304246
HS	1005	0	4848	1309094
HS	1004	0	4950	1314044
HS	1003	0	4883	1318927
HS	1002	0	4917	1323844
HS	1001	0	4803	1328647
HS	1000	0	4837	1333484
HS	999	0	4877	1338361
HS	998	0	4922	1343283
HS	997	0	4779	1348062
HS	996	0	4790	1352852
HS	995	0	4953	1357805
HS	994	0	4937	1362742
HS	993	0	4809	1367551
HS	992	0	4914	1372465
HS	991	0	4926	1377391
HS	990	0	4981	1382372
HS	989	0	5022	1387394
HS	988	0	5009	1392403
HS	987	0	4878	1397281
HS	986	0	5127	1402408
HS	985	0	5157	1407565
HS	984	0	4897	1412462
HS	983	0	4873	1417335
HS	982	0	4993	1422328
HS	981	0	4892	1427220
HS	980	0	4906	1432126
HS	979	0	4995	1437121
HS	978	0	4920	1442041
HS	977	0	5132	1447173
HS	976	0	5006	1452179
HS	975	0	5076	1457255
HS	974	0	4920	1462175
HS	973	0	5045	1467220
HS	972	0	5130	1472350
HS	971	0	5016	1477366
HS	970	0	5077	1482443
HS	969	0	5204	1487647
HS	968	0	5097	1492744
HS	967	0	5161	1497905
HS	966	0	5284	1503189
HS	965	0	5155	1508344
HS	964	0	5206	1513550
HS	963	0	5162	1518712
HS	962	0	5025	1523737
HS	961	0	5045	1528782
HS	960	0	5315	1534097
HS	959	0	5086	1539183
HS	958	0	5145	1544328
HS	957	0	5312	1549640
HS	956	0	5253	1554893
HS	955	0	5345	1560238
HS	954	0	5176	1565414
HS	953	0	5246	1570660
HS	952	0	5306	1575966
HS	951	0	5338	1581304
HS	950	0	5185	1586489
HS	949	0	5276	1591765
HS	948	0	5310	1597075
HS	947	0	5276	1602351
HS	946	0	5366	1607717
HS	945	0	5252	1612969
HS	944	0	5204	1618173
HS	943	0	5172	1623345
HS	942	0	5288	1628633
HS	941	0	5120	1633753
HS	940	0	5319	1639072
HS	939	0	5341	1644413
HS	938	0	5310	1649723
HS	937	0	5281	1655004
HS	936	0	5345	1660349
HS	935	0	5253	1665602
HS	934	0	5341	1670943
HS	933	0	5360	1676303
HS	932	0	5281	1681584
HS	931	0	5362	1686946
HS	930	0	5293	1692239
HS	929	0	5385	1697624
HS	928	0	5377	1703001
HS	927	0	5328	1708329
HS	926	0	5452	1713781
HS	925	0	5453	1719234
HS	924	0	5464	1724698
HS	923	0	5599	1730297
HS	922	0	5463	1735760
HS	921	0	5668	1741428
HS	920	0	5530	1746958
HS	919	0	5383	1752341
HS	918	0	5501	1757842
HS	917	0	5529	1763371
HS	916	0	5551	1768922
HS	915	0	5645	1774567
HS	914	0	5440	1780007
HS	913	0	5610	1785617
HS	912	0	5556	1791173
HS	911	0	5593	1796766
HS	910	0	5641	1802407
HS	909	0	5604	1808011
HS	908	0	5514	1813525
HS	907	0	5679	1819204
HS	906	0	5787	1824991
HS	905	0	5749	1830740
HS	904	0	5604	1836344
HS	903	0	5648	1841992
HS	902	0	5807	1847799
HS	901	0	5643	1853442
HS	900	0	5888	1859330
HS	899	0	5865	1865195
HS	898	0	5783	1870978
HS	897	0	5815	1876793
HS	896	0	5820	1882613
HS	895	0	5815	1888428
HS	894	0	5793	1894221
HS	893	0	5845	1900066
HS	892	0	5739	1905805
HS	891	0	5919	1911724
HS	890	0	5920	1917644
HS	889	0	5952	1923596
HS	888	0	5857	1929453
HS	887	0	5967	1935420
HS	886	0	5931	1941351
HS	885	0	5944	1947295
HS	884	0	5956	1953251
HS	883	0	6017	1959268
HS	882	0	5855	1965123
HS	881	0	5973	1971096
HS	880	0	5897	1976993
HS	879	0	5828	1982821
HS	878	0	5826	1988647
HS	877	0	5992	1994639
HS	876	0	6023	2000662
HS	875	0	5985	2006647
HS	874	0	5988	2012635
HS	873	0	6040	2018675
HS	872	0	6193	2024868
HS	871	0	5859	2030727
HS	870	0	6147	2036874
HS	869	0	6148	2043022
HS	868	0	6123	2049145
HS	867	0	6141	2055286
HS	866	0	6086	2061372
HS	865	0	6071	2067443
HS	864	0	6106	2073549
HS	863	0	6164	2079713
HS	862	0	6000	2085713
HS	861	0	6046	2091759
HS	860	0	6271	2098030
HS	859	0	6128	2104158
HS	858	0	6180	2110338
HS	857	0	6105	2116443
HS	856	0	6282	2122725
HS	855	0	6148	2128873
HS	854	0	6299	2135172
HS	853	0	6315	2141487
HS	852	0	6270	2147757
HS	851	0	6431	2154188
HS	850	0	6335	2160523
HS	849	0	6231	2166754
HS	848	0	6251	2173005
HS	847	0	6281	2179286
HS	846	0	6416	2185702
HS	845	0	6468	2192170
HS	844	0	6334	2198504
HS	843	0	6431	2204935
HS	842	0	6372	2211307
HS	841	0	6396	2217703
HS	840	0	6259	2223962
HS	839	0	6475	2230437
HS	838	0	6494	2236931
HS	837	0	6477	2243408
HS	836	0	6498	2249906
HS	835	0	6443	2256349
HS	834	0	6523	2262872
HS	833	0	6512	2269384
HS	832	0	6530	2275914
HS	831	0	6557	2282471
HS	830	0	6758	2289229
HS	829	0	6718	2295947
HS	828	0	6588	2302535
HS	827	0	6795	2309330
HS	826	0	6654	2315984
HS	825	0	6677	2322661
HS	824	0	6613	2329274
HS	823	0	6588	2335862
HS	822	0	6637	2342499
HS	821	0	6621	2349120
HS	820	0	6806	2355926
HS	819	0	6706	2362632
HS	818	0	6682	2369314
HS	817	0	6755	2376069
HS	816	0	6669	2382738
HS	815	0	6737	2389475
HS	814	0	6791	2396266
HS	813	0	6757	2403023
HS	812	0	6725	2409748
HS	811	0	6765	2416513
HS	810	0	6978	2423491
HS	809	0	6881	2430372
HS	808	0	6874	2437246
HS	807	0	6921	2444167
HS	806	0	6808	2450975
HS	805	0	6795	2457770
HS	804	0	6866	2464636
HS	803	0	6843	2471479
HS	802	0	6793	2478272
HS	801	0	6978	2485250
HS	800	0	7062	2492312
HS	799	0	6973	2499285
HS	798	0	6928	2506213
HS	797	0	7048	2513261
HS	796	0	6956	2520217
HS	795	0	6934	2527151
HS	794	0	6931	2534082
HS	793	0	7262	2541344
HS	792	0	6900	2548244
HS	791	0	7179	2555423
HS	790	0	6991	2562414
HS	789	0	7165	2569579
HS	788	0	7108	2576687
HS	787	0	7200	2583887
HS	786	0	7140	2591027
HS	785	0	7198	2598225
HS	784	0	7242	2605467
HS	783	0	7334	2612801
HS	782	0	7142	2619943
HS	781	0	7057	2627000
HS	780	0	7169	2634169
HS	779	0	7277	2641446
HS	778	0	7228	2648674
HS	777	0	7233	2655907
HS	776	0	7345	2663252
HS	775	0	7324	2670576
HS	774	0	7390	2677966
HS	773	0	7230	2685196
HS	772	0	7386	2692582
HS	771	0	7358	2699940
HS	770	0	7133	2707073
HS	769	0	7329	2714402
HS	768	0	7359	2721761
HS	767	0	7251	2729012
HS	766	0	7517	2736529
HS	765	0	7347	2743876
HS	764	0	7319	2751195
HS	763	0	7370	2758565
HS	762	0	7223	2765788
HS	761	0	7422	2773210
HS	760	0	7507	2780717
HS	759	0	7306	2788023
HS	758	0	7458	2795481
HS	757	0	7348	2802829
HS	756	0	7441	2810270
HS	755	0	7517	2817787
HS	754	0	7410	2825197
HS	753	0	7398	2832595
HS	752	0	7444	2840039
HS	751	0	7623	2847662
HS	750	0	7590	2855252
HS	749	0	7611	2862863
HS	748	0	7483	2870346
HS	747	0	7638	2877984
HS	746	0	7448	2885432
HS	745	0	7515	2892947
HS	744	0	7587	2900534
HS	743	0	7508	2908042
HS	742	0	7536	2915578
HS	741	0	7694	2923272
HS	740	0	7621	2930893
HS	739	0	7662	2938555
HS	738	0	7662	2946217
HS	737	0	7532	2953749
HS	736	0	7503	2961252
HS	735	0	7515	2968767
HS	734	0	7631	2976398
HS	733	0	7671	2984069
HS	732	0	7609	2991678
HS	731	0	7554	2999232
HS	730	0	7583	3006815
HS	729	0	7716	3014531
HS	728	0	7529	3022060
HS	727	0	7628	3029688
HS	726	0	7493	3037181
HS	725	0	7626	3044807
HS	724	0	7576	3052383
HS	723	0	7657	3060040
HS	722	0	7543	3067583
HS	721	0	7750	3075333
HS	720	0	7544	3082877
HS	719	0	7574	3090451
HS	718	0	7646	3098097
HS	717	0	7538	3105635
HS	716	0	7443	3113078
HS	715	0	7642	3120720
HS	714	0	7535	3128255
HS	713	0	7662	3135917
HS	712	0	7511	3143428
HS	711	0	7711	3151139
HS	710	0	7704	3158843
HS	709	0	7579	3166422
HS	708	0	7587	3174009
HS	707	0	7698	3181707
HS	706	0	7546	3189253
HS	705	0	7544	3196797
HS	704	0	7700	3204497
HS	703	0	7784	3212281
HS	702	0	7536	3219817
HS	701	0	7696	3227513
HS	700	0	7591	3235104
HS	699	0	7592	3242696
HS	698	0	7478	3250174
HS	697	0	7573	3257747
HS	696	0	7530	3265277
HS	695	0	7696	3272973
HS	694	0	7558	3280531
HS	693	0	7590	3288121
HS	692	0	7709	3295830
HS	691	0	7528	3303358
HS	690	0	7635	3310993
HS	689	0	7775	3318768
HS	688	0	7651	3326419
HS	687	0	7572	3333991
HS	686	0	7552	3341543
HS	685	0	7659	3349202
HS	684	0	7603	3356805
HS	683	0	7719	3364524
HS	682	0	7523	3372047
HS	681	0	7603	3379650
HS	680	0	7597	3387247
HS	679	0	7519	3394766
HS	678	0	7694	3402460
HS	677	0	7639	3410099
HS	676	0	7561	3417660
HS	675	0	7589	3425249
HS	674	0	7620	3432869
HS	673	0	7765	3440634
HS	672	0	7710	3448344
HS	671	0	7594	3455938
HS	670	0	7574	3463512
HS	669	0	7565	3471077
HS	668	0	7775	3478852
HS	667	0	7755	3486607
HS	666	0	7623	3494230
HS	665	0	7525	3501755
HS	664	0	7710	3509465
HS	663	0	7580	3517045
HS	662	0	7458	3524503
HS	661	0	7565	3532068
HS	660	0	7514	3539582
HS	659	0	7540	3547122
HS	658	0	7584	3554706
HS	657	0	7349	3562055
HS	656	0	7589	3569644
HS	655	0	7579	3577223
HS	654	0	7622	3584845
HS	653	0	7456	3592301
HS	652	0	7480	3599781
HS	651	0	7552	3607333
HS	650	0	7510	3614843
HS	649	0	7574	3622417
HS	648	0	7676	3630093
HS	647	0	7616	3637709
HS	646	0	7687	3645396
HS	645	0	7545	3652941
HS	644	0	7647	3660588
HS	643	0	7700	3668288
HS	642	0	7697	3675985
HS	641	0	7565	3683550
HS	640	0	7539	3691089
HS	639	0	7403	3698492
HS	638	0	7368	3705860
HS	637	0	7530	3713390
HS	636	0	7501	3720891
HS	635	0	7542	3728433
HS	634	0	7466	3735899
HS	633	0	7382	3743281
HS	632	0	7549	3750830
HS	631	0	7416	3758246
HS	630	0	7478	3765724
HS	629	0	7522	3773246
HS	628	0	7479	3780725
HS	627	0	7255	3787980
HS	626	0	7471	3795451
HS	625	0	7545	3802996
HS	624	0	7334	3810330
HS	623	0	7413	3817743
HS	622	0	7390	3825133
HS	621	0	7411	3832544
HS	620	0	7458	3840002
HS	619	0	7444	3847446
HS	618	0	7413	3854859
HS	617	0	7462	3862321
HS	616	0	7460	3869781
HS	615	0	7404	3877185
HS	614	0	7397	3884582
HS	613	0	7469	3892051
HS	612	0	7311	3899362
HS	611	0	7372	3906734
HS	610	0	7305	3914039
HS	609	0	7243	3921282
HS	608	0	7277	3928559
HS	607	0	7203	3935762
HS	606	0	7316	3943078
HS	605	0	7192	3950270
HS	604	0	7417	3957687
HS	603	0	7255	3964942
HS	602	0	7392	3972334
HS	601	0	7377	3979711
HS	600	0	7260	3986971
HS	599	0	7323	3994294
HS	598	0	7399	4001693
HS	597	0	7156	4008849
HS	596	0	7240	4016089
HS	595	0	7375	4023464
HS	594	0	7215	4030679
HS	593	0	7231	4037910
HS	592	0	7252	4045162
HS	591	0	7232	4052394
HS	590	0	7259	4059653
HS	589	0	7135	4066788
HS	588	0	7258	4074046
HS	587	0	7295	4081341
HS	586	0	7216	4088557
HS	585	0	7197	4095754
HS	584	0	7279	4103033
HS	583	0	7203	4110236
HS	582	0	7303	4117539
HS	581	0	7142	4124681
HS	580	0	7227	4131908
HS	579	0	7186	4139094
HS	578	0	7179	4146273
HS	577	0	7146	4153419
HS	576	0	7225	4160644
HS	575	0	7052	4167696
HS	574	0	7044	4174740
HS	573	0	7127	4181867
HS	572	0	7212	4189079
HS	571	0	7050	4196129
HS	570	0	7306	4203435
HS	569	0	7317	4210752
HS	568	0	7180	4217932
HS	567	0	7188	4225120
HS	566	0	7115	4232235
HS	565	0	7203	4239438
HS	564	0	7109	4246547
HS	563	0	7139	4253686
HS	562	0	7212	4260898
HS	561	0	7153	4268051
HS	560	0	7126	4275177
HS	559	0	7078	4282255
HS	558	0	7068	4289323
HS	557	0	7038	4296361
HS	556	0	7100	4303461
HS	555	0	7130	4310591
HS	554	0	7191	4317782
HS	553	0	7138	4324920
HS	552	0	7222	4332142
HS	551	0	7077	4339219
HS	550	0	7175	4346394
HS	549	0	7254	4353648
HS	548	0	7327	4360975
HS	547	0	7200	4368175
HS	546	0	6927	4375102
HS	545	0	7299	4382401
HS	544	0	7296	4389697
HS	543	0	7087	4396784
HS	542	0	7410	4404194
HS	541	0	7085	4411279
HS	540	0	7250	4418529
HS	539	0	7218	4425747
HS	538	0	7139	4432886
HS	537	0	7089	4439975
HS	536	0	7136	4447111
HS	535	0	7092	4454203
HS	534	0	7087	4461290
HS	533	0	7044	4468334
HS	532	0	7243	4475577
HS	531	0	7132	4482709
HS	530	0	7127	4489836
HS	529	0	6971	4496807
HS	528	0	7038	4503845
HS	527	0	7098	4510943
HS	526	0	7192	4518135
HS	525	0	7059	4525194
HS	524	0	6872	4532066
HS	523	0	6954	4539020
HS	522	0	6934	4545954
HS	521	0	7023	4552977
HS	520	0	6987	4559964
HS	519	0	7025	4566989
HS	518	0	6884	4573873
HS	517	0	7037	4580910
HS	516	0	6958	4587868
HS	515	0	6815	4594683
HS	514	0	6996	4601679
HS	513	0	6972	4608651
HS	512	0	6857	4615508
HS	511	0	7036	4622544
HS	510	0	6921	4629465
HS	509	0	6952	4636417
HS	508	0	6949	4643366
HS	507	0	7070	4650436
HS	506	0	7172	4657608
HS	505	0	7001	4664609
HS	504	0	7170	4671779
HS	503	0	6977	4678756
HS	502	0	6939	4685695
HS	501	0	7119	4692814
HS	500	0	6933	4699747
HS	499	0	6887	4706634
HS	498	0	6942	4713576
HS	497	0	6970	4720546
HS	496	0	7031	4727577
HS	495	0	6868	4734445
HS	494	0	7147	4741592
HS	493	0	7009	4748601
HS	492	0	6994	4755595
HS	491	0	6928	4762523
HS	490	0	6957	4769480
HS	489	0	6857	4776337
HS	488	0	6891	4783228
HS	487	0	6784	4790012
HS	486	0	6750	4796762
HS	485	0	6868	4803630
HS	484	0	6684	4810314
HS	483	0	6825	4817139
HS	482	0	6803	4823942
HS	481	0	6847	4830789
HS	480	0	6786	4837575
HS	479	0	6856	4844431
HS	478	0	6869	4851300
HS	477	0	6705	4858005
HS	476	0	6750	4864755
HS	475	0	6695	4871450
HS	474	0	6810	4878260
HS	473	0	6635	4884895
HS	472	0	6727	4891622
HS	471	0	6784	4898406
HS	470	0	6641	4905047
HS	469	0	6699	4911746
HS	468	0	6559	4918305
HS	467	0	6546	4924851
HS	466	0	6748	4931599
HS	465	0	6634	4938233
HS	464	0	6615	4944848
HS	463	0	6727	4951575
HS	462	0	6588	4958163
HS	461	0	6655	4964818
HS	460	0	6532	4971350
HS	459	0	6460	4977810
HS	458	0	6524	4984334
HS	457	0	6622	4990956
HS	456	0	6506	4997462
HS	455	0	6533	5003995
HS	454	0	6563	5010558
HS	453	0	6438	5016996
HS	452	0	6518	5023514
HS	451	0	6375	5029889
HS	450	0	6422	5036311
HS	449	0	6524	5042835
HS	448	0	6182	5049017
HS	447	0	6299	5055316
HS	446	0	6251	5061567
HS	445	0	6144	5067711
HS	444	0	6322	5074033
HS	443	0	6186	5080219
HS	442	0	6133	5086352
HS	441	0	6125	5092477
HS	440	0	6068	5098545
HS	439	0	6133	5104678
HS	438	0	6273	5110951
HS	437	0	6200	5117151
HS	436	0	6110	5123261
HS	435	0	6082	5129343
HS	434	0	6046	5135389
HS	433	0	6029	5141418
HS	432	0	5910	5147328
HS	431	0	6115	5153443
HS	430	0	6108	5159551
HS	429	0	5890	5165441
HS	428	0	5973	5171414
HS	427	0	5860	5177274
HS	426	0	6048	5183322
HS	425	0	6003	5189325
HS	424	0	5880	5195205
HS	423	0	5898	5201103
HS	422	0	5991	5207094
HS	421	0	5837	5212931
HS	420	0	5930	5218861
HS	419	0	5701	5224562
HS	418	0	5714	5230276
HS	417	0	5676	5235952
HS	416	0	5627	5241579
HS	415	0	5641	5247220
HS	414	0	5579	5252799
HS	413	0	5619	5258418
HS	412	0	5540	5263958
HS	411	0	5475	5269433
HS	410	0	5420	5274853
HS	409	0	5552	5280405
HS	408	0	5496	5285901
HS	407	0	5458	5291359
HS	406	0	5210	5296569
HS	405	0	5329	5301898
HS	404	0	5275	5307173
HS	403	0	5281	5312454
HS	402	0	5029	5317483
HS	401	0	5043	5322526
HS	400	0	5103	5327629
HS	399	0	4967	5332596
HS	398	0	5023	5337619
HS	397	0	5077	5342696
HS	396	0	5022	5347718
HS	395	0	4965	5352683
HS	394	0	5010	5357693
HS	393	0	4903	5362596
HS	392	0	4842	5367438
HS	391	0	4831	5372269
HS	390	0	4946	5377215
HS	389	0	4691	5381906
HS	388	0	4816	5386722
HS	387	0	4912	5391634
HS	386	0	4707	5396341
HS	385	0	4700	5401041
HS	384	0	4640	5405681
HS	383	0	4567	5410248
HS	382	0	4528	5414776
HS	381	0	4489	5419265
HS	380	0	4437	5423702
HS	379	0	4395	5428097
HS	378	0	4257	5432354
HS	377	0	4139	5436493
HS	376	0	4150	5440643
HS	375	0	4098	5444741
HS	374	0	4014	5448755
HS	373	0	4008	5452763
HS	372	0	3853	5456616
HS	371	0	3965	5460581
HS	370	0	3858	5464439
HS	369	0	3699	5468138
HS	368	0	3812	5471950
HS	367	0	3676	5475626
HS	366	0	3727	5479353
HS	365	0	3657	5483010
HS	364	0	3603	5486613
HS	363	0	3445	5490058
HS	362	0	3546	5493604
HS	361	0	3414	5497018
HS	360	0	3245	5500263
HS	359	0	3454	5503717
HS	358	0	3321	5507038
HS	357	0	3324	5510362
HS	356	0	3252	5513614
HS	355	0	3157	5516771
HS	354	0	3173	5519944
HS	353	0	3093	5523037
HS	352	0	3093	5526130
HS	351	0	3110	5529240
HS	350	0	3051	5532291
HS	349	0	3076	5535367
HS	348	0	2931	5538298
HS	347	0	2984	5541282
HS	346	0	2898	5544180
HS	345	0	2865	5547045
HS	344	0	2983	5550028
HS	343	0	2877	5552905
HS	342	0	2904	5555809
HS	341	0	2787	5558596
HS	340	0	2861	5561457
HS	339	0	2766	5564223
HS	338	0	2645	5566868
HS	337	0	2802	5569670
HS	336	0	2677	5572347
HS	335	0	2667	5575014
HS	334	0	2587	5577601
HS	333	0	2518	5580119
HS	332	0	2468	5582587
HS	331	0	2540	5585127
HS	330	0	2431	5587558
HS	329	0	2441	5589999
HS	328	0	2489	5592488
HS	327	0	2519	5595007
HS	326	0	2331	5597338
HS	325	0	2289	5599627
HS	324	0	2246	5601873
HS	323	0	2259	5604132
HS	322	0	2177	5606309
HS	321	0	2238	5608547
HS	320	0	2284	5610831
HS	319	0	2290	5613121
HS	318	0	2193	5615314
HS	317	0	2228	5617542
HS	316	0	2123	5619665
HS	315	0	2142	5621807
HS	314	0	2080	5623887
HS	313	0	2028	5625915
HS	312	0	2130	5628045
HS	311	0	2044	5630089
HS	310	0	1978	5632067
HS	309	0	1917	5633984
HS	308	0	1994	5635978
HS	307	0	1878	5637856
HS	306	0	1880	5639736
HS	305	0	1886	5641622
HS	304	0	1827	5643449
HS	303	0	1862	5645311
HS	302	0	1888	5647199
HS	301	0	1741	5648940
HS	300	0	1768	5650708
HS	299	0	1733	5652441
HS	298	0	1757	5654198
HS	297	0	1719	5655917
HS	296	0	1737	5657654
HS	295	0	1686	5659340
HS	294	0	1607	5660947
HS	293	0	1631	5662578
HS	292	0	1582	5664160
HS	291	0	1597	5665757
HS	290	0	1605	5667362
HS	289	0	1550	5668912
HS	288	0	1586	5670498
HS	287	0	1483	5671981
HS	286	0	1562	5673543
HS	285	0	1559	5675102
HS	284	0	1532	5676634
HS	283	0	1499	5678133
HS	282	0	1454	5679587
HS	281	0	1473	5681060
HS	280	0	1319	5682379
HS	279	0	1423	5683802
HS	278	0	1420	5685222
HS	277	0	1404	5686626
HS	276	0	1439	5688065
HS	275	0	1474	5689539
HS	274	0	1393	5690932
HS	273	0	1302	5692234
HS	272	0	1507	5693741
HS	271	0	1428	5695169
HS	270	0	1385	5696554
HS	269	0	1369	5697923
HS	268	0	1349	5699272
HS	267	0	1410	5700682
HS	266	0	1414	5702096
HS	265	0	1407	5703503
HS	264	0	1304	5704807
HS	263	0	1311	5706118
HS	262	0	1329	5707447
HS	261	0	1297	5708744
HS	260	0	1268	5710012
HS	259	0	1236	5711248
HS	258	0	1237	5712485
HS	257	0	1197	5713682
HS	256	0	1181	5714863
HS	255	0	1241	5716104
HS	254	0	1203	5717307
HS	253	0	1140	5718447
HS	252	0	1078	5719525
HS	251	0	1087	5720612
HS	250	0	1053	5721665
HS	249	0	1154	5722819
HS	248	0	1121	5723940
HS	247	0	1150	5725090
HS	246	0	1218	5726308
HS	245	0	1201	5727509
HS	244	0	1102	5728611
HS	243	0	1125	5729736
HS	242	0	1090	5730826
HS	241	0	1074	5731900
HS	240	0	1088	5732988
HS	239	0	1078	5734066
HS	238	0	1054	5735120
HS	237	0	1093	5736213
HS	236	0	1043	5737256
HS	235	0	1104	5738360
HS	234	0	1003	5739363
HS	233	0	1027	5740390
HS	232	0	975	5741365
HS	231	0	1049	5742414
HS	230	0	1039	5743453
HS	229	0	1005	5744458
HS	228	0	953	5745411
HS	227	0	939	5746350
HS	226	0	931	5747281
HS	225	0	966	5748247
HS	224	0	913	5749160
HS	223	0	940	5750100
HS	222	0	979	5751079
HS	221	0	956	5752035
HS	220	0	949	5752984
HS	219	0	919	5753903
HS	218	0	914	5754817
HS	217	0	888	5755705
HS	216	0	892	5756597
HS	215	0	943	5757540
HS	214	0	896	5758436
HS	213	0	849	5759285
HS	212	0	825	5760110
HS	211	0	805	5760915
HS	210	0	854	5761769
HS	209	0	849	5762618
HS	208	0	821	5763439
HS	207	0	895	5764334
HS	206	0	914	5765248
HS	205	0	886	5766134
HS	204	0	896	5767030
HS	203	0	933	5767963
HS	202	0	869	5768832
HS	201	0	830	5769662
HS	200	0	785	5770447
HS	199	0	770	5771217
HS	198	0	800	5772017
HS	197	0	834	5772851
HS	196	0	814	5773665
HS	195	0	793	5774458
HS	194	0	832	5775290
HS	193	0	769	5776059
HS	192	0	756	5776815
HS	191	0	744	5777559
HS	190	0	744	5778303
HS	189	0	770	5779073
HS	188	0	770	5779843
HS	187	0	769	5780612
HS	186	0	838	5781450
HS	185	0	774	5782224
HS	184	0	856	5783080
HS	183	0	744	5783824
HS	182	0	733	5784557
HS	181	0	766	5785323
HS	180	0	724	5786047
HS	179	0	732	5786779
HS	178	0	678	5787457
HS	177	0	737	5788194
HS	176	0	712	5788906
HS	175	0	689	5789595
HS	174	0	674	5790269
HS	173	0	630	5790899
HS	172	0	666	5791565
HS	171	0	661	5792226
HS	170	0	639	5792865
HS	169	0	646	5793511
HS	168	0	666	5794177
HS	167	0	610	5794787
HS	166	0	644	5795431
HS	165	0	616	5796047
HS	164	0	672	5796719
HS	163	0	636	5797355
HS	162	0	591	5797946
HS	161	0	575	5798521
HS	160	0	575	5799096
HS	159	0	586	5799682
HS	158	0	564	5800246
HS	157	0	607	5800853
HS	156	0	612	5801465
HS	155	0	628	5802093
HS	154	0	613	5802706
HS	153	0	572	5803278
HS	152	0	578	5803856
HS	151	0	614	5804470
HS	150	0	538	5805008
HS	149	0	537	5805545
HS	148	0	553	5806098
HS	147	0	499	5806597
HS	146	0	531	5807128
HS	145	0	535	5807663
HS	144	0	529	5808192
HS	143	0	534	5808726
HS	142	0	537	5809263
HS	141	0	515	5809778
HS	140	0	560	5810338
HS	139	0	532	5810870
HS	138	0	572	5811442
HS	137	0	532	5811974
HS	136	0	506	5812480
HS	135	0	552	5813032
HS	134	0	527	5813559
HS	133	0	518	5814077
HS	132	0	499	5814576
HS	131	0	490	5815066
HS	130	0	456	5815522
HS	129	0	482	5816004
HS	128	0	483	5816487
HS	127	0	494	5816981
HS	126	0	480	5817461
HS	125	0	467	5817928
HS	124	0	486	5818414
HS	123	0	497	5818911
HS	122	0	424	5819335
HS	121	0	458	5819793
HS	120	0	427	5820220
HS	119	0	463	5820683
HS	118	0	443	5821126
HS	117	0	438	5821564
HS	116	0	471	5822035
HS	115	0	473	5822508
HS	114	0	499	5823007
HS	113	0	517	5823524
HS	112	0	462	5823986
HS	111	0	439	5824425
HS	110	0	455	5824880
HS	109	0	434	5825314
HS	108	0	420	5825734
HS	107	0	405	5826139
HS	106	0	450	5826589
HS	105	0	432	5827021
HS	104	0	363	5827384
HS	103	0	403	5827787
HS	102	0	371	5828158
HS	101	0	397	5828555
HS	100	0	432	5828987
HS	99	0	470	5829457
HS	98	0	423	5829880
HS	97	0	419	5830299
HS	96	0	439	5830738
HS	95	0	435	5831173
HS	94	0	416	5831589
HS	93	0	503	5832092
HS	92	0	499	5832591
HS	91	0	543	5833134
HS	90	0	538	5833672
HS	89	0	578	5834250
HS	88	0	635	5834885
HS	87	0	590	5835475
HS	86	0	572	5836047
HS	85	0	577	5836624
HS	84	0	603	5837227
HS	83	0	582	5837809
HS	82	0	553	5838362
HS	81	0	540	5838902
HS	80	0	652	5839554
HS	79	0	674	5840228
HS	78	0	624	5840852
HS	77	0	670	5841522
HS	76	0	681	5842203
HS	75	0	647	5842850
HS	74	0	765	5843615
HS	73	0	823	5844438
HS	72	0	838	5845276
HS	71	0	785	5846061
HS	70	0	827	5846888
HS	69	0	908	5847796
HS	68	0	988	5848784
HS	67	0	966	5849750
HS	66	0	1092	5850842
HS	65	0	1072	5851914
HS	64	0	1188	5853102
HS	63	0	1295	5854397
HS	62	0	1439	5855836
HS	61	0	1477	5857313
HS	60	0	1452	5858765
HS	59	0	1613	5860378
HS	58	0	1730	5862108
HS	57	0	1781	5863889
HS	56	0	1797	5865686
HS	55	0	1913	5867599
HS	54	0	2030	5869629
HS	53	0	2389	5872018
HS	52	0	2420	5874438
HS	51	0	2563	5877001
HS	50	0	2841	5879842
HS	49	0	2889	5882731
HS	48	0	3159	5885890
HS	47	0	3193	5889083
HS	46	0	3682	5892765
HS	45	0	4020	5896785
HS	44	0	4279	5901064
HS	43	0	4842	5905906
HS	42	0	5363	5911269
HS	41	0	5975	5917244
HS	40	0	6432	5923676
HS	39	0	7104	5930780
HS	38	0	7988	5938768
HS	37	0	8667	5947435
HS	36	0	9766	5957201
HS	35	0	10758	5967959
HS	34	0	11946	5979905
HS	33	0	13450	5993355
HS	32	0	14940	6008295
HS	31	0	16937	6025232
HS	30	0	19097	6044329
HS	29	0	21479	6065808
HS	28	0	24202	6090010
HS	27	0	27504	6117514
HS	26	0	31232	6148746
HS	25	0	36272	6185018
HS	24	0	41571	6226589
HS	23	0	47931	6274520
HS	22	0	55938	6330458
HS	21	0	64243	6394701
HS	20	0	73056	6467757
HS	19	0	85938	6553695
HS	18	0	101757	6655452
HS	17	0	121204	6776656
HS	16	0	143053	6919709
HS	15	0	172358	7092067
HS	14	0	208378	7300445
HS	13	0	252458	7552903
HS	12	0	311293	7864196
HS	11	0	394215	8258411
HS	10	0	506907	8765318
HS	9	0	677888	9443206
HS	8	0	928875	10372081
HS	7	0	1346472	11718553
HS	6	0	2075111	13793664
HS	5	0	3501457	17295121
HS	4	0	6685628	23980749
HS	3	0	14701307	38682056
HS	2	0	42670549	81352605
HS	1	0	0	81352605
HS	0	0	0	81352605
