CC	CT  kmer_occurrence    short_read_kmer_count  raw_input_kmer_count  adjusted_input_kmer_count
CC	FR  fpr_lower_bound    fpr_upper_bound
CC	ER  total_input_kmers  adjusted_error_kmers
CC	CV  coverage
CC	QV  raw_quality_value  adjusted_quality_value
CC
SQ	CP128144.1	252909	252879	252879	99.00
SQ	CP128143.1	435352	435322	435322	99.00
SQ	CP128149.1	5407614	5407584	5407584	99.00
CT	1023	359816	476364	476364.000
CT	1022	2454	2498	2498.000
CT	1021	2368	2396	2396.000
CT	1020	2449	2496	2496.000
CT	1019	2488	2525	2525.000
CT	1018	2549	2592	2592.000
CT	1017	2531	2577	2577.000
CT	1016	2515	2553	2553.000
CT	1015	2505	2539	2539.000
CT	1014	2558	2597	2597.000
CT	1013	2636	2688	2688.000
CT	1012	2539	2570	2570.000
CT	1011	2590	2644	2644.000
CT	1010	2604	2646	2646.000
CT	1009	2692	2741	2741.000
CT	1008	2615	2652	2652.000
CT	1007	2654	2708	2708.000
CT	1006	2846	2873	2873.000
CT	1005	2682	2734	2734.000
CT	1004	2648	2680	2680.000
CT	1003	2809	2848	2848.000
CT	1002	2860	2898	2898.000
CT	1001	2794	2843	2843.000
CT	1000	2751	2784	2784.000
CT	999	2833	2874	2874.000
CT	998	2872	2917	2917.000
CT	997	2830	2878	2878.000
CT	996	2864	2907	2907.000
CT	995	2866	2915	2915.000
CT	994	2880	2907	2907.000
CT	993	2940	2989	2989.000
CT	992	2801	2855	2855.000
CT	991	2952	3007	3007.000
CT	990	2928	2972	2972.000
CT	989	3025	3058	3058.000
CT	988	3069	3121	3121.000
CT	987	3036	3077	3077.000
CT	986	3094	3140	3140.000
CT	985	3150	3193	3193.000
CT	984	3038	3090	3090.000
CT	983	3212	3254	3254.000
CT	982	3057	3103	3103.000
CT	981	3229	3282	3282.000
CT	980	3254	3296	3296.000
CT	979	3266	3309	3309.000
CT	978	3177	3223	3223.000
CT	977	3325	3373	3373.000
CT	976	3323	3366	3366.000
CT	975	3301	3350	3350.000
CT	974	3406	3451	3451.000
CT	973	3399	3442	3442.000
CT	972	3396	3439	3439.000
CT	971	3453	3511	3511.000
CT	970	3307	3359	3359.000
CT	969	3351	3399	3399.000
CT	968	3477	3545	3545.000
CT	967	3497	3535	3535.000
CT	966	3433	3473	3473.000
CT	965	3532	3577	3577.000
CT	964	3466	3502	3502.000
CT	963	3552	3602	3602.000
CT	962	3572	3623	3623.000
CT	961	3694	3735	3735.000
CT	960	3663	3703	3703.000
CT	959	3649	3684	3684.000
CT	958	3791	3835	3835.000
CT	957	3772	3811	3811.000
CT	956	3719	3753	3753.000
CT	955	3860	3899	3899.000
CT	954	3718	3762	3762.000
CT	953	3829	3866	3866.000
CT	952	3770	3807	3807.000
CT	951	3895	3929	3929.000
CT	950	3880	3924	3924.000
CT	949	3822	3855	3855.000
CT	948	3941	3988	3988.000
CT	947	3959	3990	3990.000
CT	946	3968	4011	4011.000
CT	945	4038	4077	4077.000
CT	944	4001	4042	4042.000
CT	943	4084	4124	4124.000
CT	942	4103	4148	4148.000
CT	941	4100	4128	4128.000
CT	940	4080	4131	4131.000
CT	939	4157	4207	4207.000
CT	938	4168	4197	4197.000
CT	937	4208	4247	4247.000
CT	936	4279	4311	4311.000
CT	935	4406	4445	4445.000
CT	934	4287	4333	4333.000
CT	933	4328	4367	4367.000
CT	932	4369	4403	4403.000
CT	931	4418	4454	4454.000
CT	930	4440	4465	4465.000
CT	929	4420	4463	4463.000
CT	928	4558	4602	4602.000
CT	927	4375	4414	4414.000
CT	926	4413	4445	4445.000
CT	925	4550	4591	4591.000
CT	924	4519	4562	4562.000
CT	923	4568	4607	4607.000
CT	922	4499	4537	4537.000
CT	921	4580	4610	4610.000
CT	920	4692	4743	4743.000
CT	919	4603	4642	4642.000
CT	918	4714	4751	4751.000
CT	917	4632	4668	4668.000
CT	916	4688	4727	4727.000
CT	915	4648	4677	4677.000
CT	914	4787	4824	4824.000
CT	913	4760	4794	4794.000
CT	912	4739	4781	4781.000
CT	911	4766	4795	4795.000
CT	910	4830	4864	4864.000
CT	909	4901	4946	4946.000
CT	908	4882	4927	4927.000
CT	907	4958	4997	4997.000
CT	906	4818	4868	4868.000
CT	905	5016	5048	5048.000
CT	904	4892	4924	4924.000
CT	903	5094	5137	5137.000
CT	902	4993	5038	5038.000
CT	901	4967	5014	5014.000
CT	900	4903	4940	4940.000
CT	899	5010	5038	5038.000
CT	898	5195	5231	5231.000
CT	897	5143	5183	5183.000
CT	896	5229	5270	5270.000
CT	895	5316	5355	5355.000
CT	894	5286	5335	5335.000
CT	893	5182	5210	5210.000
CT	892	5271	5299	5299.000
CT	891	5263	5301	5301.000
CT	890	5228	5259	5259.000
CT	889	5444	5487	5487.000
CT	888	5285	5331	5331.000
CT	887	5479	5511	5511.000
CT	886	5203	5241	5241.000
CT	885	5491	5531	5531.000
CT	884	5475	5519	5519.000
CT	883	5499	5528	5528.000
CT	882	5473	5507	5507.000
CT	881	5549	5585	5585.000
CT	880	5466	5509	5509.000
CT	879	5479	5522	5522.000
CT	878	5637	5672	5672.000
CT	877	5565	5623	5623.000
CT	876	5548	5592	5592.000
CT	875	5689	5739	5739.000
CT	874	5632	5674	5674.000
CT	873	5780	5830	5830.000
CT	872	5800	5844	5844.000
CT	871	5624	5662	5662.000
CT	870	5781	5836	5836.000
CT	869	5852	5895	5895.000
CT	868	5727	5773	5773.000
CT	867	5935	5977	5977.000
CT	866	5846	5885	5885.000
CT	865	5786	5846	5846.000
CT	864	5861	5893	5893.000
CT	863	5866	5904	5904.000
CT	862	5884	5929	5929.000
CT	861	6059	6095	6095.000
CT	860	5971	6005	6005.000
CT	859	6009	6034	6034.000
CT	858	6045	6091	6091.000
CT	857	6016	6042	6042.000
CT	856	6112	6153	6153.000
CT	855	6075	6101	6101.000
CT	854	6016	6055	6055.000
CT	853	6126	6169	6169.000
CT	852	6275	6309	6309.000
CT	851	6333	6371	6371.000
CT	850	6220	6250	6250.000
CT	849	6249	6280	6280.000
CT	848	6259	6289	6289.000
CT	847	6274	6311	6311.000
CT	846	6329	6367	6367.000
CT	845	6320	6350	6350.000
CT	844	6306	6337	6337.000
CT	843	6213	6241	6241.000
CT	842	6369	6412	6412.000
CT	841	6263	6298	6298.000
CT	840	6404	6446	6446.000
CT	839	6284	6320	6320.000
CT	838	6269	6307	6307.000
CT	837	6433	6473	6473.000
CT	836	6364	6405	6405.000
CT	835	6441	6488	6488.000
CT	834	6340	6380	6380.000
CT	833	6629	6664	6664.000
CT	832	6394	6428	6428.000
CT	831	6488	6521	6521.000
CT	830	6553	6588	6588.000
CT	829	6405	6436	6436.000
CT	828	6631	6681	6681.000
CT	827	6596	6645	6645.000
CT	826	6706	6750	6750.000
CT	825	6504	6541	6541.000
CT	824	6545	6599	6599.000
CT	823	6591	6635	6635.000
CT	822	6507	6538	6538.000
CT	821	6728	6758	6758.000
CT	820	6585	6622	6622.000
CT	819	6659	6695	6695.000
CT	818	6681	6719	6719.000
CT	817	6850	6883	6883.000
CT	816	6729	6773	6773.000
CT	815	6791	6843	6843.000
CT	814	6702	6744	6744.000
CT	813	6861	6897	6897.000
CT	812	6747	6783	6783.000
CT	811	6770	6810	6810.000
CT	810	6804	6841	6841.000
CT	809	6817	6857	6857.000
CT	808	6835	6879	6879.000
CT	807	6706	6750	6750.000
CT	806	6871	6901	6901.000
CT	805	6680	6713	6713.000
CT	804	6822	6851	6851.000
CT	803	6853	6882	6882.000
CT	802	6833	6863	6863.000
CT	801	6749	6777	6777.000
CT	800	6836	6866	6866.000
CT	799	6831	6860	6860.000
CT	798	6861	6894	6894.000
CT	797	6851	6878	6878.000
CT	796	7056	7088	7088.000
CT	795	7209	7254	7254.000
CT	794	7072	7118	7118.000
CT	793	7145	7171	7171.000
CT	792	7207	7231	7231.000
CT	791	7043	7069	7069.000
CT	790	7143	7174	7174.000
CT	789	7244	7273	7273.000
CT	788	7461	7486	7486.000
CT	787	7269	7288	7288.000
CT	786	7127	7145	7145.000
CT	785	7254	7280	7280.000
CT	784	7287	7302	7302.000
CT	783	7441	7474	7474.000
CT	782	7416	7448	7448.000
CT	781	7173	7194	7194.000
CT	780	7423	7452	7452.000
CT	779	7358	7387	7387.000
CT	778	7379	7399	7399.000
CT	777	7278	7300	7300.000
CT	776	7279	7310	7310.000
CT	775	7332	7358	7358.000
CT	774	7300	7323	7323.000
CT	773	7516	7565	7565.000
CT	772	7303	7335	7335.000
CT	771	7478	7514	7514.000
CT	770	7405	7428	7428.000
CT	769	7516	7548	7548.000
CT	768	7619	7647	7647.000
CT	767	7533	7551	7551.000
CT	766	7449	7478	7478.000
CT	765	7514	7534	7534.000
CT	764	7448	7472	7472.000
CT	763	7604	7628	7628.000
CT	762	7498	7525	7525.000
CT	761	7561	7580	7580.000
CT	760	7530	7557	7557.000
CT	759	7599	7634	7634.000
CT	758	7536	7573	7573.000
CT	757	7633	7656	7656.000
CT	756	7714	7742	7742.000
CT	755	7934	7964	7964.000
CT	754	7902	7940	7940.000
CT	753	7848	7878	7878.000
CT	752	7709	7743	7743.000
CT	751	7736	7754	7754.000
CT	750	7766	7793	7793.000
CT	749	7787	7804	7804.000
CT	748	7764	7790	7790.000
CT	747	7747	7779	7779.000
CT	746	7896	7923	7923.000
CT	745	7790	7811	7811.000
CT	744	7755	7789	7789.000
CT	743	7817	7845	7845.000
CT	742	7896	7917	7917.000
CT	741	7869	7895	7895.000
CT	740	7894	7935	7935.000
CT	739	8053	8082	8082.000
CT	738	7836	7860	7860.000
CT	737	7861	7881	7881.000
CT	736	7883	7899	7899.000
CT	735	7876	7901	7901.000
CT	734	7962	7987	7987.000
CT	733	8074	8095	8095.000
CT	732	8107	8130	8130.000
CT	731	8086	8109	8109.000
CT	730	8061	8089	8089.000
CT	729	8050	8073	8073.000
CT	728	8187	8203	8203.000
CT	727	8217	8235	8235.000
CT	726	8186	8207	8207.000
CT	725	8154	8170	8170.000
CT	724	8140	8162	8162.000
CT	723	8329	8347	8347.000
CT	722	8265	8281	8281.000
CT	721	8168	8191	8191.000
CT	720	8010	8037	8037.000
CT	719	8118	8144	8144.000
CT	718	8228	8261	8261.000
CT	717	8354	8384	8384.000
CT	716	8468	8490	8490.000
CT	715	8213	8235	8235.000
CT	714	8254	8283	8283.000
CT	713	8300	8323	8323.000
CT	712	8291	8323	8323.000
CT	711	8445	8469	8469.000
CT	710	8257	8286	8286.000
CT	709	8493	8525	8525.000
CT	708	8583	8607	8607.000
CT	707	8562	8576	8576.000
CT	706	8425	8460	8460.000
CT	705	8336	8358	8358.000
CT	704	8488	8517	8517.000
CT	703	8438	8450	8450.000
CT	702	8462	8488	8488.000
CT	701	8491	8526	8526.000
CT	700	8584	8603	8603.000
CT	699	8530	8556	8556.000
CT	698	8410	8424	8424.000
CT	697	8408	8432	8432.000
CT	696	8667	8684	8684.000
CT	695	8553	8571	8571.000
CT	694	8427	8447	8447.000
CT	693	8634	8650	8650.000
CT	692	8647	8663	8663.000
CT	691	8768	8794	8794.000
CT	690	8713	8735	8735.000
CT	689	8782	8792	8792.000
CT	688	8698	8721	8721.000
CT	687	8835	8849	8849.000
CT	686	8730	8756	8756.000
CT	685	8738	8751	8751.000
CT	684	8866	8883	8883.000
CT	683	8927	8942	8942.000
CT	682	8745	8756	8756.000
CT	681	8766	8778	8778.000
CT	680	8885	8894	8894.000
CT	679	8884	8898	8898.000
CT	678	8847	8854	8854.000
CT	677	8902	8924	8924.000
CT	676	9039	9060	9060.000
CT	675	8666	8689	8689.000
CT	674	8787	8810	8810.000
CT	673	8744	8758	8758.000
CT	672	8899	8922	8922.000
CT	671	8985	9003	9003.000
CT	670	8957	8978	8978.000
CT	669	8916	8933	8933.000
CT	668	8836	8853	8853.000
CT	667	8970	8988	8988.000
CT	666	8919	8922	8922.000
CT	665	9051	9065	9065.000
CT	664	9037	9052	9052.000
CT	663	9169	9189	9189.000
CT	662	8970	8984	8984.000
CT	661	9271	9284	9284.000
CT	660	9125	9139	9139.000
CT	659	9155	9165	9165.000
CT	658	9360	9373	9373.000
CT	657	9121	9132	9132.000
CT	656	9311	9326	9326.000
CT	655	9214	9225	9225.000
CT	654	9294	9305	9305.000
CT	653	9211	9224	9224.000
CT	652	9199	9208	9208.000
CT	651	9493	9512	9512.000
CT	650	9304	9312	9312.000
CT	649	9227	9243	9243.000
CT	648	9309	9325	9325.000
CT	647	9182	9200	9200.000
CT	646	9469	9491	9491.000
CT	645	9432	9445	9445.000
CT	644	9479	9492	9492.000
CT	643	9469	9491	9491.000
CT	642	9468	9478	9478.000
CT	641	9532	9548	9548.000
CT	640	9480	9498	9498.000
CT	639	9582	9592	9592.000
CT	638	9599	9623	9623.000
CT	637	9638	9654	9654.000
CT	636	9837	9849	9849.000
CT	635	9748	9761	9761.000
CT	634	9781	9793	9793.000
CT	633	9697	9705	9705.000
CT	632	9762	9771	9771.000
CT	631	9747	9761	9761.000
CT	630	9820	9833	9833.000
CT	629	9592	9606	9606.000
CT	628	9944	9954	9954.000
CT	627	9576	9585	9585.000
CT	626	9963	9973	9973.000
CT	625	9894	9911	9911.000
CT	624	9699	9710	9710.000
CT	623	9730	9743	9743.000
CT	622	9737	9750	9750.000
CT	621	9714	9728	9728.000
CT	620	9808	9816	9816.000
CT	619	9735	9745	9745.000
CT	618	9896	9902	9902.000
CT	617	9924	9928	9928.000
CT	616	9931	9941	9941.000
CT	615	9791	9799	9799.000
CT	614	9778	9783	9783.000
CT	613	10036	10038	10038.000
CT	612	10040	10045	10045.000
CT	611	9804	9811	9811.000
CT	610	10043	10049	10049.000
CT	609	9689	9694	9694.000
CT	608	9819	9822	9822.000
CT	607	9996	9999	9999.000
CT	606	9899	9907	9907.000
CT	605	10123	10127	10127.000
CT	604	10020	10023	10023.000
CT	603	10256	10258	10258.000
CT	602	10192	10195	10195.000
CT	601	10179	10184	10184.000
CT	600	10142	10152	10152.000
CT	599	10261	10262	10262.000
CT	598	10188	10194	10194.000
CT	597	10006	10009	10009.000
CT	596	10103	10105	10105.000
CT	595	10080	10086	10086.000
CT	594	9990	9993	9993.000
CT	593	9996	10002	10002.000
CT	592	9965	9969	9969.000
CT	591	10002	10006	10006.000
CT	590	9991	9997	9997.000
CT	589	10033	10038	10038.000
CT	588	10177	10179	10179.000
CT	587	10114	10121	10121.000
CT	586	9980	9980	9980.000
CT	585	10251	10258	10258.000
CT	584	10311	10313	10313.000
CT	583	10349	10349	10349.000
CT	582	10233	10238	10238.000
CT	581	10117	10120	10120.000
CT	580	10225	10230	10230.000
CT	579	10316	10319	10319.000
CT	578	10219	10220	10220.000
CT	577	10182	10184	10184.000
CT	576	10291	10293	10293.000
CT	575	10352	10356	10356.000
CT	574	10215	10216	10216.000
CT	573	10540	10539	10539.000
CT	572	10347	10352	10352.000
CT	571	10325	10326	10326.000
CT	570	10320	10322	10322.000
CT	569	10448	10452	10452.000
CT	568	10447	10449	10449.000
CT	567	10451	10454	10454.000
CT	566	10397	10396	10396.000
CT	565	10583	10589	10589.000
CT	564	10677	10682	10682.000
CT	563	10219	10220	10220.000
CT	562	10412	10414	10414.000
CT	561	10390	10395	10395.000
CT	560	10456	10462	10462.000
CT	559	10412	10418	10418.000
CT	558	10426	10429	10429.000
CT	557	10541	10545	10545.000
CT	556	10582	10589	10589.000
CT	555	10558	10561	10561.000
CT	554	10558	10561	10561.000
CT	553	10586	10597	10597.000
CT	552	10643	10650	10650.000
CT	551	10774	10777	10777.000
CT	550	10642	10648	10648.000
CT	549	10648	10650	10650.000
CT	548	10749	10752	10752.000
CT	547	10664	10667	10667.000
CT	546	10654	10654	10654.000
CT	545	10770	10782	10782.000
CT	544	10578	10578	10578.000
CT	543	10730	10729	10729.000
CT	542	10768	10772	10772.000
CT	541	10751	10755	10755.000
CT	540	10751	10757	10757.000
CT	539	10582	10584	10584.000
CT	538	10616	10618	10618.000
CT	537	10649	10658	10658.000
CT	536	10619	10625	10625.000
CT	535	10839	10843	10843.000
CT	534	10834	10839	10839.000
CT	533	10742	10746	10746.000
CT	532	10822	10827	10827.000
CT	531	10793	10802	10802.000
CT	530	10798	10800	10800.000
CT	529	10725	10728	10728.000
CT	528	10704	10705	10705.000
CT	527	10654	10661	10661.000
CT	526	10541	10546	10546.000
CT	525	10907	10908	10908.000
CT	524	10755	10754	10754.000
CT	523	10442	10445	10445.000
CT	522	10767	10771	10771.000
CT	521	10718	10721	10721.000
CT	520	10625	10624	10624.000
CT	519	10725	10726	10726.000
CT	518	10599	10601	10601.000
CT	517	10587	10583	10583.000
CT	516	10558	10556	10556.000
CT	515	10542	10539	10539.000
CT	514	10452	10449	10449.000
CT	513	10542	10539	10539.000
CT	512	10734	10731	10731.000
CT	511	10600	10600	10600.000
CT	510	10366	10370	10370.000
CT	509	10965	10964	10964.000
CT	508	10773	10766	10766.000
CT	507	10913	10913	10913.000
CT	506	10894	10893	10893.000
CT	505	10933	10928	10928.000
CT	504	10737	10740	10740.000
CT	503	10654	10651	10651.000
CT	502	10779	10785	10785.000
CT	501	10714	10716	10716.000
CT	500	10658	10665	10665.000
CT	499	10793	10794	10794.000
CT	498	10738	10738	10738.000
CT	497	10948	10952	10952.000
CT	496	10737	10739	10739.000
CT	495	10557	10559	10559.000
CT	494	10769	10773	10773.000
CT	493	10628	10631	10631.000
CT	492	10733	10733	10733.000
CT	491	10585	10587	10587.000
CT	490	10517	10517	10517.000
CT	489	10478	10484	10484.000
CT	488	10667	10671	10671.000
CT	487	10490	10494	10494.000
CT	486	10653	10657	10657.000
CT	485	10625	10628	10628.000
CT	484	10466	10469	10469.000
CT	483	10592	10598	10598.000
CT	482	10398	10400	10400.000
CT	481	10375	10386	10386.000
CT	480	10461	10468	10468.000
CT	479	10554	10561	10561.000
CT	478	10429	10435	10435.000
CT	477	10292	10298	10298.000
CT	476	10470	10473	10473.000
CT	475	10355	10356	10356.000
CT	474	10560	10556	10556.000
CT	473	10555	10554	10554.000
CT	472	10534	10534	10534.000
CT	471	10698	10697	10697.000
CT	470	10620	10617	10617.000
CT	469	10444	10445	10445.000
CT	468	10502	10504	10504.000
CT	467	10352	10353	10353.000
CT	466	10257	10254	10254.000
CT	465	10400	10403	10403.000
CT	464	10409	10410	10410.000
CT	463	10324	10322	10322.000
CT	462	10443	10443	10443.000
CT	461	10420	10420	10420.000
CT	460	10340	10337	10337.000
CT	459	10307	10307	10307.000
CT	458	10319	10316	10316.000
CT	457	10278	10275	10275.000
CT	456	10294	10288	10288.000
CT	455	10409	10407	10407.000
CT	454	10171	10166	10166.000
CT	453	10301	10300	10300.000
CT	452	10526	10528	10528.000
CT	451	10551	10552	10552.000
CT	450	10360	10361	10361.000
CT	449	10557	10562	10562.000
CT	448	10501	10502	10502.000
CT	447	10526	10526	10526.000
CT	446	10378	10374	10374.000
CT	445	10403	10406	10406.000
CT	444	10332	10333	10333.000
CT	443	10558	10559	10559.000
CT	442	10362	10364	10364.000
CT	441	10254	10257	10257.000
CT	440	10423	10423	10423.000
CT	439	10060	10057	10057.000
CT	438	10268	10270	10270.000
CT	437	10138	10144	10144.000
CT	436	10312	10310	10310.000
CT	435	10218	10216	10216.000
CT	434	10323	10320	10320.000
CT	433	9983	9979	9979.000
CT	432	10131	10133	10133.000
CT	431	10049	10051	10051.000
CT	430	10066	10069	10069.000
CT	429	10273	10286	10286.000
CT	428	10030	10029	10029.000
CT	427	10101	10097	10097.000
CT	426	9871	9873	9873.000
CT	425	9932	9933	9933.000
CT	424	9906	9906	9906.000
CT	423	9781	9781	9781.000
CT	422	9899	9896	9896.000
CT	421	9903	9900	9900.000
CT	420	10114	10111	10111.000
CT	419	9908	9904	9904.000
CT	418	9940	9938	9938.000
CT	417	10074	10071	10071.000
CT	416	9952	9947	9947.000
CT	415	9915	9912	9912.000
CT	414	9930	9926	9926.000
CT	413	9719	9718	9718.000
CT	412	9796	9791	9791.000
CT	411	9760	9761	9761.000
CT	410	9934	9931	9931.000
CT	409	9803	9795	9795.000
CT	408	9876	9870	9870.000
CT	407	9843	9841	9841.000
CT	406	9784	9779	9779.000
CT	405	9506	9504	9504.000
CT	404	9352	9346	9346.000
CT	403	9611	9608	9608.000
CT	402	9494	9491	9491.000
CT	401	9486	9487	9487.000
CT	400	9450	9452	9452.000
CT	399	9331	9331	9331.000
CT	398	9476	9474	9474.000
CT	397	9485	9489	9489.000
CT	396	9174	9173	9173.000
CT	395	9248	9247	9247.000
CT	394	8943	8942	8942.000
CT	393	9211	9216	9216.000
CT	392	9017	9015	9015.000
CT	391	9069	9067	9067.000
CT	390	8944	8944	8944.000
CT	389	8904	8903	8903.000
CT	388	8680	8675	8675.000
CT	387	8632	8631	8631.000
CT	386	8772	8776	8776.000
CT	385	8774	8776	8776.000
CT	384	8795	8796	8796.000
CT	383	8668	8669	8669.000
CT	382	8637	8639	8639.000
CT	381	8649	8654	8654.000
CT	380	8734	8741	8741.000
CT	379	8358	8364	8364.000
CT	378	8428	8436	8436.000
CT	377	8452	8453	8453.000
CT	376	8427	8432	8432.000
CT	375	8451	8454	8454.000
CT	374	8154	8156	8156.000
CT	373	8180	8181	8181.000
CT	372	8247	8252	8252.000
CT	371	8230	8234	8234.000
CT	370	8185	8190	8190.000
CT	369	7888	7885	7885.000
CT	368	7878	7876	7876.000
CT	367	7863	7864	7864.000
CT	366	7901	7908	7908.000
CT	365	7823	7825	7825.000
CT	364	7939	7942	7942.000
CT	363	7867	7873	7873.000
CT	362	7846	7843	7843.000
CT	361	7627	7628	7628.000
CT	360	7495	7494	7494.000
CT	359	7631	7631	7631.000
CT	358	7532	7534	7534.000
CT	357	7462	7462	7462.000
CT	356	7246	7249	7249.000
CT	355	7163	7164	7164.000
CT	354	7076	7075	7075.000
CT	353	6978	6979	6979.000
CT	352	6844	6846	6846.000
CT	351	6950	6950	6950.000
CT	350	6948	6949	6949.000
CT	349	6647	6651	6651.000
CT	348	6563	6562	6562.000
CT	347	6577	6578	6578.000
CT	346	6517	6519	6519.000
CT	345	6524	6528	6528.000
CT	344	6215	6214	6214.000
CT	343	6324	6324	6324.000
CT	342	6179	6181	6181.000
CT	341	5955	5957	5957.000
CT	340	6038	6039	6039.000
CT	339	5879	5880	5880.000
CT	338	5742	5743	5743.000
CT	337	5732	5730	5730.000
CT	336	5610	5610	5610.000
CT	335	5615	5618	5618.000
CT	334	5441	5440	5440.000
CT	333	5377	5376	5376.000
CT	332	5492	5492	5492.000
CT	331	5308	5308	5308.000
CT	330	5168	5163	5163.000
CT	329	5015	5018	5018.000
CT	328	5139	5139	5139.000
CT	327	5049	5050	5050.000
CT	326	5018	5016	5016.000
CT	325	4796	4793	4793.000
CT	324	4878	4870	4870.000
CT	323	4727	4722	4722.000
CT	322	4656	4654	4654.000
CT	321	4632	4628	4628.000
CT	320	4497	4494	4494.000
CT	319	4503	4500	4500.000
CT	318	4296	4292	4292.000
CT	317	4329	4324	4324.000
CT	316	4255	4253	4253.000
CT	315	4186	4185	4185.000
CT	314	3988	3983	3983.000
CT	313	3959	3956	3956.000
CT	312	3972	3968	3968.000
CT	311	3796	3794	3794.000
CT	310	3712	3709	3709.000
CT	309	3600	3600	3600.000
CT	308	3657	3653	3653.000
CT	307	3585	3585	3585.000
CT	306	3436	3436	3436.000
CT	305	3488	3488	3488.000
CT	304	3406	3409	3409.000
CT	303	3310	3312	3312.000
CT	302	3248	3249	3249.000
CT	301	3168	3170	3170.000
CT	300	2969	2970	2970.000
CT	299	3012	3007	3007.000
CT	298	3002	2998	2998.000
CT	297	2914	2905	2905.000
CT	296	2808	2808	2808.000
CT	295	2749	2751	2751.000
CT	294	2622	2624	2624.000
CT	293	2598	2602	2602.000
CT	292	2524	2525	2525.000
CT	291	2421	2423	2423.000
CT	290	2329	2327	2327.000
CT	289	2263	2264	2264.000
CT	288	2271	2270	2270.000
CT	287	2148	2147	2147.000
CT	286	2187	2188	2188.000
CT	285	2145	2147	2147.000
CT	284	2124	2129	2129.000
CT	283	1997	2001	2001.000
CT	282	1958	1951	1951.000
CT	281	1852	1845	1845.000
CT	280	1876	1879	1879.000
CT	279	1748	1748	1748.000
CT	278	1824	1826	1826.000
CT	277	1708	1704	1704.000
CT	276	1634	1632	1632.000
CT	275	1566	1562	1562.000
CT	274	1556	1552	1552.000
CT	273	1518	1514	1514.000
CT	272	1406	1402	1402.000
CT	271	1410	1399	1399.000
CT	270	1368	1364	1364.000
CT	269	1328	1319	1319.000
CT	268	1191	1188	1188.000
CT	267	1157	1152	1152.000
CT	266	1157	1156	1156.000
CT	265	1111	1101	1101.000
CT	264	1078	1075	1075.000
CT	263	1072	1068	1068.000
CT	262	1085	1085	1085.000
CT	261	1053	1051	1051.000
CT	260	954	955	955.000
CT	259	934	929	929.000
CT	258	900	896	896.000
CT	257	882	876	876.000
CT	256	869	869	869.000
CT	255	859	858	858.000
CT	254	801	798	798.000
CT	253	866	864	864.000
CT	252	814	810	810.000
CT	251	797	797	797.000
CT	250	699	702	702.000
CT	249	674	669	669.000
CT	248	673	674	674.000
CT	247	680	675	675.000
CT	246	610	604	604.000
CT	245	623	615	615.000
CT	244	555	551	551.000
CT	243	571	565	565.000
CT	242	551	547	547.000
CT	241	524	527	527.000
CT	240	495	491	491.000
CT	239	506	495	495.000
CT	238	429	423	423.000
CT	237	405	399	399.000
CT	236	393	383	383.000
CT	235	388	374	374.000
CT	234	360	349	349.000
CT	233	316	306	306.000
CT	232	343	325	325.000
CT	231	315	300	300.000
CT	230	285	277	277.000
CT	229	272	257	257.000
CT	228	296	284	284.000
CT	227	272	266	266.000
CT	226	244	237	237.000
CT	225	235	217	217.000
CT	224	206	193	193.000
CT	223	215	207	207.000
CT	222	183	173	173.000
CT	221	179	166	166.000
CT	220	194	179	179.000
CT	219	181	169	169.000
CT	218	158	145	145.000
CT	217	152	143	143.000
CT	216	119	118	118.000
CT	215	147	146	146.000
CT	214	170	152	152.000
CT	213	164	153	153.000
CT	212	162	155	155.000
CT	211	144	137	137.000
CT	210	140	131	131.000
CT	209	142	140	140.000
CT	208	139	125	125.000
CT	207	124	116	116.000
CT	206	135	126	126.000
CT	205	137	122	122.000
CT	204	137	113	113.000
CT	203	121	108	108.000
CT	202	104	90	90.000
CT	201	106	85	85.000
CT	200	97	80	80.000
CT	199	89	72	72.000
CT	198	116	98	98.000
CT	197	109	94	94.000
CT	196	107	82	82.000
CT	195	106	86	86.000
CT	194	106	84	84.000
CT	193	88	61	61.000
CT	192	85	66	66.000
CT	191	101	80	80.000
CT	190	89	66	66.000
CT	189	77	58	58.000
CT	188	71	56	56.000
CT	187	72	57	57.000
CT	186	67	52	52.000
CT	185	66	54	54.000
CT	184	71	49	49.000
CT	183	66	49	49.000
CT	182	71	56	56.000
CT	181	84	63	63.000
CT	180	78	49	49.000
CT	179	76	53	53.000
CT	178	88	53	53.000
CT	177	67	42	42.000
CT	176	62	43	43.000
CT	175	68	49	49.000
CT	174	67	37	37.000
CT	173	63	36	36.000
CT	172	73	40	40.000
CT	171	67	35	35.000
CT	170	62	35	35.000
CT	169	73	45	45.000
CT	168	61	41	41.000
CT	167	60	40	40.000
CT	166	70	44	44.000
CT	165	64	37	37.000
CT	164	59	34	34.000
CT	163	79	36	36.000
CT	162	42	22	22.000
CT	161	64	40	40.000
CT	160	66	40	40.000
CT	159	47	25	25.000
CT	158	78	28	28.000
CT	157	54	24	24.000
CT	156	64	32	32.000
CT	155	72	30	30.000
CT	154	59	22	22.000
CT	153	74	25	25.000
CT	152	63	28	28.000
CT	151	78	31	31.000
CT	150	69	33	33.000
CT	149	67	30	30.000
CT	148	77	39	39.000
CT	147	80	28	28.000
CT	146	75	37	37.000
CT	145	82	37	37.000
CT	144	53	16	16.000
CT	143	76	27	27.000
CT	142	80	24	24.000
CT	141	66	18	18.000
CT	140	68	25	25.000
CT	139	66	32	32.000
CT	138	86	26	26.000
CT	137	80	27	27.000
CT	136	89	26	26.000
CT	135	78	26	26.000
CT	134	122	23	23.000
CT	133	84	30	30.000
CT	132	78	19	19.000
CT	131	75	20	20.000
CT	130	71	23	23.000
CT	129	92	26	26.000
CT	128	90	29	29.000
CT	127	83	23	23.000
CT	126	111	37	37.000
CT	125	101	28	28.000
CT	124	108	33	33.000
CT	123	103	27	27.000
CT	122	119	41	41.000
CT	121	107	43	43.000
CT	120	116	35	35.000
CT	119	107	34	34.000
CT	118	132	43	43.000
CT	117	118	38	38.000
CT	116	132	31	31.000
CT	115	128	35	35.000
CT	114	119	25	25.000
CT	113	133	27	27.000
CT	112	142	23	23.000
CT	111	145	30	30.000
CT	110	110	8	8.000
CT	109	132	18	18.000
CT	108	109	14	14.000
CT	107	129	11	11.000
CT	106	139	9	9.000
CT	105	166	16	16.000
CT	104	155	10	10.000
CT	103	150	16	16.000
CT	102	173	13	13.000
CT	101	150	19	19.000
CT	100	151	12	12.000
CT	99	147	17	17.000
CT	98	174	17	17.000
CT	97	148	20	20.000
CT	96	135	14	14.000
CT	95	157	12	12.000
CT	94	183	13	13.000
CT	93	151	6	6.000
CT	92	133	4	4.000
CT	91	170	2	2.000
CT	90	167	3	3.000
CT	89	183	6	6.000
CT	88	187	1	1.000
CT	87	187	4	4.000
CT	86	147	5	5.000
CT	85	176	5	5.000
CT	84	206	7	7.000
CT	83	192	7	7.000
CT	82	239	7	7.000
CT	81	262	5	5.000
CT	80	270	12	12.000
CT	79	249	8	8.000
CT	78	258	10	10.000
CT	77	284	6	6.000
CT	76	344	8	8.000
CT	75	317	8	8.000
CT	74	344	8	8.000
CT	73	330	5	5.000
CT	72	337	4	4.000
CT	71	360	6	6.000
CT	70	361	8	8.000
CT	69	315	12	12.000
CT	68	329	18	18.000
CT	67	417	11	11.000
CT	66	396	7	7.000
CT	65	474	11	11.000
CT	64	431	8	8.000
CT	63	450	10	10.000
CT	62	473	11	11.000
CT	61	584	6	6.000
CT	60	537	11	11.000
CT	59	664	14	14.000
CT	58	626	9	9.000
CT	57	680	15	15.000
CT	56	699	17	17.000
CT	55	801	18	18.000
CT	54	814	17	17.000
CT	53	910	17	17.000
CT	52	954	26	26.000
CT	51	995	21	21.000
CT	50	1107	11	11.000
CT	49	1082	16	16.000
CT	48	1177	29	29.000
CT	47	1202	24	24.000
CT	46	1399	25	25.000
CT	45	1485	12	12.000
CT	44	1727	16	16.000
CT	43	1907	19	19.000
CT	42	1965	16	16.000
CT	41	2251	24	24.000
CT	40	2497	20	20.000
CT	39	2817	23	23.000
CT	38	2830	22	22.000
CT	37	3447	12	12.000
CT	36	3895	9	9.000
CT	35	4397	3	3.000
CT	34	4993	0	0.000
CT	33	5626	0	0.000
CT	32	6256	1	1.000
CT	31	7297	0	0.000
CT	30	8056	2	2.000
CT	29	9382	0	0.000
CT	28	10271	0	0.000
CT	27	11882	0	0.000
CT	26	13606	0	0.000
CT	25	16170	0	0.000
CT	24	18842	0	0.000
CT	23	21819	0	0.000
CT	22	24858	0	0.000
CT	21	30043	0	0.000
CT	20	35559	0	0.000
CT	19	42894	0	0.000
CT	18	51281	0	0.000
CT	17	61483	0	0.000
CT	16	73130	0	0.000
CT	15	90442	0	0.000
CT	14	109775	0	0.000
CT	13	134981	0	0.000
CT	12	165111	0	0.000
CT	11	208357	0	0.000
CT	10	265758	0	0.000
CT	9	345694	0	0.000
CT	8	463774	0	0.000
CT	7	664736	0	0.000
CT	6	1048291	0	0.000
CT	5	1912285	0	0.000
CT	4	4163123	0	0.000
CT	3	10943522	0	0.000
CT	2	33889517	0	0.000
CT	1	0	0	-nan
CT	0	0	0	-nan
FR	0	0
ER	6095785	0.000
CV	1.000
QV	inf	inf
