HS	1023	0	359816	359816
HS	1022	0	2454	362270
HS	1021	0	2368	364638
HS	1020	0	2449	367087
HS	1019	0	2488	369575
HS	1018	0	2549	372124
HS	1017	0	2531	374655
HS	1016	0	2515	377170
HS	1015	0	2505	379675
HS	1014	0	2558	382233
HS	1013	0	2636	384869
HS	1012	0	2539	387408
HS	1011	0	2590	389998
HS	1010	0	2604	392602
HS	1009	0	2692	395294
HS	1008	0	2615	397909
HS	1007	0	2654	400563
HS	1006	0	2846	403409
HS	1005	0	2682	406091
HS	1004	0	2648	408739
HS	1003	0	2809	411548
HS	1002	0	2860	414408
HS	1001	0	2794	417202
HS	1000	0	2751	419953
HS	999	0	2833	422786
HS	998	0	2872	425658
HS	997	0	2830	428488
HS	996	0	2864	431352
HS	995	0	2866	434218
HS	994	0	2880	437098
HS	993	0	2940	440038
HS	992	0	2801	442839
HS	991	0	2952	445791
HS	990	0	2928	448719
HS	989	0	3025	451744
HS	988	0	3069	454813
HS	987	0	3036	457849
HS	986	0	3094	460943
HS	985	0	3150	464093
HS	984	0	3038	467131
HS	983	0	3212	470343
HS	982	0	3057	473400
HS	981	0	3229	476629
HS	980	0	3254	479883
HS	979	0	3266	483149
HS	978	0	3177	486326
HS	977	0	3325	489651
HS	976	0	3323	492974
HS	975	0	3301	496275
HS	974	0	3406	499681
HS	973	0	3399	503080
HS	972	0	3396	506476
HS	971	0	3453	509929
HS	970	0	3307	513236
HS	969	0	3351	516587
HS	968	0	3477	520064
HS	967	0	3497	523561
HS	966	0	3433	526994
HS	965	0	3532	530526
HS	964	0	3466	533992
HS	963	0	3552	537544
HS	962	0	3572	541116
HS	961	0	3694	544810
HS	960	0	3663	548473
HS	959	0	3649	552122
HS	958	0	3791	555913
HS	957	0	3772	559685
HS	956	0	3719	563404
HS	955	0	3860	567264
HS	954	0	3718	570982
HS	953	0	3829	574811
HS	952	0	3770	578581
HS	951	0	3895	582476
HS	950	0	3880	586356
HS	949	0	3822	590178
HS	948	0	3941	594119
HS	947	0	3959	598078
HS	946	0	3968	602046
HS	945	0	4038	606084
HS	944	0	4001	610085
HS	943	0	4084	614169
HS	942	0	4103	618272
HS	941	0	4100	622372
HS	940	0	4080	626452
HS	939	0	4157	630609
HS	938	0	4168	634777
HS	937	0	4208	638985
HS	936	0	4279	643264
HS	935	0	4406	647670
HS	934	0	4287	651957
HS	933	0	4328	656285
HS	932	0	4369	660654
HS	931	0	4418	665072
HS	930	0	4440	669512
HS	929	0	4420	673932
HS	928	0	4558	678490
HS	927	0	4375	682865
HS	926	0	4413	687278
HS	925	0	4550	691828
HS	924	0	4519	696347
HS	923	0	4568	700915
HS	922	0	4499	705414
HS	921	0	4580	709994
HS	920	0	4692	714686
HS	919	0	4603	719289
HS	918	0	4714	724003
HS	917	0	4632	728635
HS	916	0	4688	733323
HS	915	0	4648	737971
HS	914	0	4787	742758
HS	913	0	4760	747518
HS	912	0	4739	752257
HS	911	0	4766	757023
HS	910	0	4830	761853
HS	909	0	4901	766754
HS	908	0	4882	771636
HS	907	0	4958	776594
HS	906	0	4818	781412
HS	905	0	5016	786428
HS	904	0	4892	791320
HS	903	0	5094	796414
HS	902	0	4993	801407
HS	901	0	4967	806374
HS	900	0	4903	811277
HS	899	0	5010	816287
HS	898	0	5195	821482
HS	897	0	5143	826625
HS	896	0	5229	831854
HS	895	0	5316	837170
HS	894	0	5286	842456
HS	893	0	5182	847638
HS	892	0	5271	852909
HS	891	0	5263	858172
HS	890	0	5228	863400
HS	889	0	5444	868844
HS	888	0	5285	874129
HS	887	0	5479	879608
HS	886	0	5203	884811
HS	885	0	5491	890302
HS	884	0	5475	895777
HS	883	0	5499	901276
HS	882	0	5473	906749
HS	881	0	5549	912298
HS	880	0	5466	917764
HS	879	0	5479	923243
HS	878	0	5637	928880
HS	877	0	5565	934445
HS	876	0	5548	939993
HS	875	0	5689	945682
HS	874	0	5632	951314
HS	873	0	5780	957094
HS	872	0	5800	962894
HS	871	0	5624	968518
HS	870	0	5781	974299
HS	869	0	5852	980151
HS	868	0	5727	985878
HS	867	0	5935	991813
HS	866	0	5846	997659
HS	865	0	5786	1003445
HS	864	0	5861	1009306
HS	863	0	5866	1015172
HS	862	0	5884	1021056
HS	861	0	6059	1027115
HS	860	0	5971	1033086
HS	859	0	6009	1039095
HS	858	0	6045	1045140
HS	857	0	6016	1051156
HS	856	0	6112	1057268
HS	855	0	6075	1063343
HS	854	0	6016	1069359
HS	853	0	6126	1075485
HS	852	0	6275	1081760
HS	851	0	6333	1088093
HS	850	0	6220	1094313
HS	849	0	6249	1100562
HS	848	0	6259	1106821
HS	847	0	6274	1113095
HS	846	0	6329	1119424
HS	845	0	6320	1125744
HS	844	0	6306	1132050
HS	843	0	6213	1138263
HS	842	0	6369	1144632
HS	841	0	6263	1150895
HS	840	0	6404	1157299
HS	839	0	6284	1163583
HS	838	0	6269	1169852
HS	837	0	6433	1176285
HS	836	0	6364	1182649
HS	835	0	6441	1189090
HS	834	0	6340	1195430
HS	833	0	6629	1202059
HS	832	0	6394	1208453
HS	831	0	6488	1214941
HS	830	0	6553	1221494
HS	829	0	6405	1227899
HS	828	0	6631	1234530
HS	827	0	6596	1241126
HS	826	0	6706	1247832
HS	825	0	6504	1254336
HS	824	0	6545	1260881
HS	823	0	6591	1267472
HS	822	0	6507	1273979
HS	821	0	6728	1280707
HS	820	0	6585	1287292
HS	819	0	6659	1293951
HS	818	0	6681	1300632
HS	817	0	6850	1307482
HS	816	0	6729	1314211
HS	815	0	6791	1321002
HS	814	0	6702	1327704
HS	813	0	6861	1334565
HS	812	0	6747	1341312
HS	811	0	6770	1348082
HS	810	0	6804	1354886
HS	809	0	6817	1361703
HS	808	0	6835	1368538
HS	807	0	6706	1375244
HS	806	0	6871	1382115
HS	805	0	6680	1388795
HS	804	0	6822	1395617
HS	803	0	6853	1402470
HS	802	0	6833	1409303
HS	801	0	6749	1416052
HS	800	0	6836	1422888
HS	799	0	6831	1429719
HS	798	0	6861	1436580
HS	797	0	6851	1443431
HS	796	0	7056	1450487
HS	795	0	7209	1457696
HS	794	0	7072	1464768
HS	793	0	7145	1471913
HS	792	0	7207	1479120
HS	791	0	7043	1486163
HS	790	0	7143	1493306
HS	789	0	7244	1500550
HS	788	0	7461	1508011
HS	787	0	7269	1515280
HS	786	0	7127	1522407
HS	785	0	7254	1529661
HS	784	0	7287	1536948
HS	783	0	7441	1544389
HS	782	0	7416	1551805
HS	781	0	7173	1558978
HS	780	0	7423	1566401
HS	779	0	7358	1573759
HS	778	0	7379	1581138
HS	777	0	7278	1588416
HS	776	0	7279	1595695
HS	775	0	7332	1603027
HS	774	0	7300	1610327
HS	773	0	7516	1617843
HS	772	0	7303	1625146
HS	771	0	7478	1632624
HS	770	0	7405	1640029
HS	769	0	7516	1647545
HS	768	0	7619	1655164
HS	767	0	7533	1662697
HS	766	0	7449	1670146
HS	765	0	7514	1677660
HS	764	0	7448	1685108
HS	763	0	7604	1692712
HS	762	0	7498	1700210
HS	761	0	7561	1707771
HS	760	0	7530	1715301
HS	759	0	7599	1722900
HS	758	0	7536	1730436
HS	757	0	7633	1738069
HS	756	0	7714	1745783
HS	755	0	7934	1753717
HS	754	0	7902	1761619
HS	753	0	7848	1769467
HS	752	0	7709	1777176
HS	751	0	7736	1784912
HS	750	0	7766	1792678
HS	749	0	7787	1800465
HS	748	0	7764	1808229
HS	747	0	7747	1815976
HS	746	0	7896	1823872
HS	745	0	7790	1831662
HS	744	0	7755	1839417
HS	743	0	7817	1847234
HS	742	0	7896	1855130
HS	741	0	7869	1862999
HS	740	0	7894	1870893
HS	739	0	8053	1878946
HS	738	0	7836	1886782
HS	737	0	7861	1894643
HS	736	0	7883	1902526
HS	735	0	7876	1910402
HS	734	0	7962	1918364
HS	733	0	8074	1926438
HS	732	0	8107	1934545
HS	731	0	8086	1942631
HS	730	0	8061	1950692
HS	729	0	8050	1958742
HS	728	0	8187	1966929
HS	727	0	8217	1975146
HS	726	0	8186	1983332
HS	725	0	8154	1991486
HS	724	0	8140	1999626
HS	723	0	8329	2007955
HS	722	0	8265	2016220
HS	721	0	8168	2024388
HS	720	0	8010	2032398
HS	719	0	8118	2040516
HS	718	0	8228	2048744
HS	717	0	8354	2057098
HS	716	0	8468	2065566
HS	715	0	8213	2073779
HS	714	0	8254	2082033
HS	713	0	8300	2090333
HS	712	0	8291	2098624
HS	711	0	8445	2107069
HS	710	0	8257	2115326
HS	709	0	8493	2123819
HS	708	0	8583	2132402
HS	707	0	8562	2140964
HS	706	0	8425	2149389
HS	705	0	8336	2157725
HS	704	0	8488	2166213
HS	703	0	8438	2174651
HS	702	0	8462	2183113
HS	701	0	8491	2191604
HS	700	0	8584	2200188
HS	699	0	8530	2208718
HS	698	0	8410	2217128
HS	697	0	8408	2225536
HS	696	0	8667	2234203
HS	695	0	8553	2242756
HS	694	0	8427	2251183
HS	693	0	8634	2259817
HS	692	0	8647	2268464
HS	691	0	8768	2277232
HS	690	0	8713	2285945
HS	689	0	8782	2294727
HS	688	0	8698	2303425
HS	687	0	8835	2312260
HS	686	0	8730	2320990
HS	685	0	8738	2329728
HS	684	0	8866	2338594
HS	683	0	8927	2347521
HS	682	0	8745	2356266
HS	681	0	8766	2365032
HS	680	0	8885	2373917
HS	679	0	8884	2382801
HS	678	0	8847	2391648
HS	677	0	8902	2400550
HS	676	0	9039	2409589
HS	675	0	8666	2418255
HS	674	0	8787	2427042
HS	673	0	8744	2435786
HS	672	0	8899	2444685
HS	671	0	8985	2453670
HS	670	0	8957	2462627
HS	669	0	8916	2471543
HS	668	0	8836	2480379
HS	667	0	8970	2489349
HS	666	0	8919	2498268
HS	665	0	9051	2507319
HS	664	0	9037	2516356
HS	663	0	9169	2525525
HS	662	0	8970	2534495
HS	661	0	9271	2543766
HS	660	0	9125	2552891
HS	659	0	9155	2562046
HS	658	0	9360	2571406
HS	657	0	9121	2580527
HS	656	0	9311	2589838
HS	655	0	9214	2599052
HS	654	0	9294	2608346
HS	653	0	9211	2617557
HS	652	0	9199	2626756
HS	651	0	9493	2636249
HS	650	0	9304	2645553
HS	649	0	9227	2654780
HS	648	0	9309	2664089
HS	647	0	9182	2673271
HS	646	0	9469	2682740
HS	645	0	9432	2692172
HS	644	0	9479	2701651
HS	643	0	9469	2711120
HS	642	0	9468	2720588
HS	641	0	9532	2730120
HS	640	0	9480	2739600
HS	639	0	9582	2749182
HS	638	0	9599	2758781
HS	637	0	9638	2768419
HS	636	0	9837	2778256
HS	635	0	9748	2788004
HS	634	0	9781	2797785
HS	633	0	9697	2807482
HS	632	0	9762	2817244
HS	631	0	9747	2826991
HS	630	0	9820	2836811
HS	629	0	9592	2846403
HS	628	0	9944	2856347
HS	627	0	9576	2865923
HS	626	0	9963	2875886
HS	625	0	9894	2885780
HS	624	0	9699	2895479
HS	623	0	9730	2905209
HS	622	0	9737	2914946
HS	621	0	9714	2924660
HS	620	0	9808	2934468
HS	619	0	9735	2944203
HS	618	0	9896	2954099
HS	617	0	9924	2964023
HS	616	0	9931	2973954
HS	615	0	9791	2983745
HS	614	0	9778	2993523
HS	613	0	10036	3003559
HS	612	0	10040	3013599
HS	611	0	9804	3023403
HS	610	0	10043	3033446
HS	609	0	9689	3043135
HS	608	0	9819	3052954
HS	607	0	9996	3062950
HS	606	0	9899	3072849
HS	605	0	10123	3082972
HS	604	0	10020	3092992
HS	603	0	10256	3103248
HS	602	0	10192	3113440
HS	601	0	10179	3123619
HS	600	0	10142	3133761
HS	599	0	10261	3144022
HS	598	0	10188	3154210
HS	597	0	10006	3164216
HS	596	0	10103	3174319
HS	595	0	10080	3184399
HS	594	0	9990	3194389
HS	593	0	9996	3204385
HS	592	0	9965	3214350
HS	591	0	10002	3224352
HS	590	0	9991	3234343
HS	589	0	10033	3244376
HS	588	0	10177	3254553
HS	587	0	10114	3264667
HS	586	0	9980	3274647
HS	585	0	10251	3284898
HS	584	0	10311	3295209
HS	583	0	10349	3305558
HS	582	0	10233	3315791
HS	581	0	10117	3325908
HS	580	0	10225	3336133
HS	579	0	10316	3346449
HS	578	0	10219	3356668
HS	577	0	10182	3366850
HS	576	0	10291	3377141
HS	575	0	10352	3387493
HS	574	0	10215	3397708
HS	573	0	10540	3408248
HS	572	0	10347	3418595
HS	571	0	10325	3428920
HS	570	0	10320	3439240
HS	569	0	10448	3449688
HS	568	0	10447	3460135
HS	567	0	10451	3470586
HS	566	0	10397	3480983
HS	565	0	10583	3491566
HS	564	0	10677	3502243
HS	563	0	10219	3512462
HS	562	0	10412	3522874
HS	561	0	10390	3533264
HS	560	0	10456	3543720
HS	559	0	10412	3554132
HS	558	0	10426	3564558
HS	557	0	10541	3575099
HS	556	0	10582	3585681
HS	555	0	10558	3596239
HS	554	0	10558	3606797
HS	553	0	10586	3617383
HS	552	0	10643	3628026
HS	551	0	10774	3638800
HS	550	0	10642	3649442
HS	549	0	10648	3660090
HS	548	0	10749	3670839
HS	547	0	10664	3681503
HS	546	0	10654	3692157
HS	545	0	10770	3702927
HS	544	0	10578	3713505
HS	543	0	10730	3724235
HS	542	0	10768	3735003
HS	541	0	10751	3745754
HS	540	0	10751	3756505
HS	539	0	10582	3767087
HS	538	0	10616	3777703
HS	537	0	10649	3788352
HS	536	0	10619	3798971
HS	535	0	10839	3809810
HS	534	0	10834	3820644
HS	533	0	10742	3831386
HS	532	0	10822	3842208
HS	531	0	10793	3853001
HS	530	0	10798	3863799
HS	529	0	10725	3874524
HS	528	0	10704	3885228
HS	527	0	10654	3895882
HS	526	0	10541	3906423
HS	525	0	10907	3917330
HS	524	0	10755	3928085
HS	523	0	10442	3938527
HS	522	0	10767	3949294
HS	521	0	10718	3960012
HS	520	0	10625	3970637
HS	519	0	10725	3981362
HS	518	0	10599	3991961
HS	517	0	10587	4002548
HS	516	0	10558	4013106
HS	515	0	10542	4023648
HS	514	0	10452	4034100
HS	513	0	10542	4044642
HS	512	0	10734	4055376
HS	511	0	10600	4065976
HS	510	0	10366	4076342
HS	509	0	10965	4087307
HS	508	0	10773	4098080
HS	507	0	10913	4108993
HS	506	0	10894	4119887
HS	505	0	10933	4130820
HS	504	0	10737	4141557
HS	503	0	10654	4152211
HS	502	0	10779	4162990
HS	501	0	10714	4173704
HS	500	0	10658	4184362
HS	499	0	10793	4195155
HS	498	0	10738	4205893
HS	497	0	10948	4216841
HS	496	0	10737	4227578
HS	495	0	10557	4238135
HS	494	0	10769	4248904
HS	493	0	10628	4259532
HS	492	0	10733	4270265
HS	491	0	10585	4280850
HS	490	0	10517	4291367
HS	489	0	10478	4301845
HS	488	0	10667	4312512
HS	487	0	10490	4323002
HS	486	0	10653	4333655
HS	485	0	10625	4344280
HS	484	0	10466	4354746
HS	483	0	10592	4365338
HS	482	0	10398	4375736
HS	481	0	10375	4386111
HS	480	0	10461	4396572
HS	479	0	10554	4407126
HS	478	0	10429	4417555
HS	477	0	10292	4427847
HS	476	0	10470	4438317
HS	475	0	10355	4448672
HS	474	0	10560	4459232
HS	473	0	10555	4469787
HS	472	0	10534	4480321
HS	471	0	10698	4491019
HS	470	0	10620	4501639
HS	469	0	10444	4512083
HS	468	0	10502	4522585
HS	467	0	10352	4532937
HS	466	0	10257	4543194
HS	465	0	10400	4553594
HS	464	0	10409	4564003
HS	463	0	10324	4574327
HS	462	0	10443	4584770
HS	461	0	10420	4595190
HS	460	0	10340	4605530
HS	459	0	10307	4615837
HS	458	0	10319	4626156
HS	457	0	10278	4636434
HS	456	0	10294	4646728
HS	455	0	10409	4657137
HS	454	0	10171	4667308
HS	453	0	10301	4677609
HS	452	0	10526	4688135
HS	451	0	10551	4698686
HS	450	0	10360	4709046
HS	449	0	10557	4719603
HS	448	0	10501	4730104
HS	447	0	10526	4740630
HS	446	0	10378	4751008
HS	445	0	10403	4761411
HS	444	0	10332	4771743
HS	443	0	10558	4782301
HS	442	0	10362	4792663
HS	441	0	10254	4802917
HS	440	0	10423	4813340
HS	439	0	10060	4823400
HS	438	0	10268	4833668
HS	437	0	10138	4843806
HS	436	0	10312	4854118
HS	435	0	10218	4864336
HS	434	0	10323	4874659
HS	433	0	9983	4884642
HS	432	0	10131	4894773
HS	431	0	10049	4904822
HS	430	0	10066	4914888
HS	429	0	10273	4925161
HS	428	0	10030	4935191
HS	427	0	10101	4945292
HS	426	0	9871	4955163
HS	425	0	9932	4965095
HS	424	0	9906	4975001
HS	423	0	9781	4984782
HS	422	0	9899	4994681
HS	421	0	9903	5004584
HS	420	0	10114	5014698
HS	419	0	9908	5024606
HS	418	0	9940	5034546
HS	417	0	10074	5044620
HS	416	0	9952	5054572
HS	415	0	9915	5064487
HS	414	0	9930	5074417
HS	413	0	9719	5084136
HS	412	0	9796	5093932
HS	411	0	9760	5103692
HS	410	0	9934	5113626
HS	409	0	9803	5123429
HS	408	0	9876	5133305
HS	407	0	9843	5143148
HS	406	0	9784	5152932
HS	405	0	9506	5162438
HS	404	0	9352	5171790
HS	403	0	9611	5181401
HS	402	0	9494	5190895
HS	401	0	9486	5200381
HS	400	0	9450	5209831
HS	399	0	9331	5219162
HS	398	0	9476	5228638
HS	397	0	9485	5238123
HS	396	0	9174	5247297
HS	395	0	9248	5256545
HS	394	0	8943	5265488
HS	393	0	9211	5274699
HS	392	0	9017	5283716
HS	391	0	9069	5292785
HS	390	0	8944	5301729
HS	389	0	8904	5310633
HS	388	0	8680	5319313
HS	387	0	8632	5327945
HS	386	0	8772	5336717
HS	385	0	8774	5345491
HS	384	0	8795	5354286
HS	383	0	8668	5362954
HS	382	0	8637	5371591
HS	381	0	8649	5380240
HS	380	0	8734	5388974
HS	379	0	8358	5397332
HS	378	0	8428	5405760
HS	377	0	8452	5414212
HS	376	0	8427	5422639
HS	375	0	8451	5431090
HS	374	0	8154	5439244
HS	373	0	8180	5447424
HS	372	0	8247	5455671
HS	371	0	8230	5463901
HS	370	0	8185	5472086
HS	369	0	7888	5479974
HS	368	0	7878	5487852
HS	367	0	7863	5495715
HS	366	0	7901	5503616
HS	365	0	7823	5511439
HS	364	0	7939	5519378
HS	363	0	7867	5527245
HS	362	0	7846	5535091
HS	361	0	7627	5542718
HS	360	0	7495	5550213
HS	359	0	7631	5557844
HS	358	0	7532	5565376
HS	357	0	7462	5572838
HS	356	0	7246	5580084
HS	355	0	7163	5587247
HS	354	0	7076	5594323
HS	353	0	6978	5601301
HS	352	0	6844	5608145
HS	351	0	6950	5615095
HS	350	0	6948	5622043
HS	349	0	6647	5628690
HS	348	0	6563	5635253
HS	347	0	6577	5641830
HS	346	0	6517	5648347
HS	345	0	6524	5654871
HS	344	0	6215	5661086
HS	343	0	6324	5667410
HS	342	0	6179	5673589
HS	341	0	5955	5679544
HS	340	0	6038	5685582
HS	339	0	5879	5691461
HS	338	0	5742	5697203
HS	337	0	5732	5702935
HS	336	0	5610	5708545
HS	335	0	5615	5714160
HS	334	0	5441	5719601
HS	333	0	5377	5724978
HS	332	0	5492	5730470
HS	331	0	5308	5735778
HS	330	0	5168	5740946
HS	329	0	5015	5745961
HS	328	0	5139	5751100
HS	327	0	5049	5756149
HS	326	0	5018	5761167
HS	325	0	4796	5765963
HS	324	0	4878	5770841
HS	323	0	4727	5775568
HS	322	0	4656	5780224
HS	321	0	4632	5784856
HS	320	0	4497	5789353
HS	319	0	4503	5793856
HS	318	0	4296	5798152
HS	317	0	4329	5802481
HS	316	0	4255	5806736
HS	315	0	4186	5810922
HS	314	0	3988	5814910
HS	313	0	3959	5818869
HS	312	0	3972	5822841
HS	311	0	3796	5826637
HS	310	0	3712	5830349
HS	309	0	3600	5833949
HS	308	0	3657	5837606
HS	307	0	3585	5841191
HS	306	0	3436	5844627
HS	305	0	3488	5848115
HS	304	0	3406	5851521
HS	303	0	3310	5854831
HS	302	0	3248	5858079
HS	301	0	3168	5861247
HS	300	0	2969	5864216
HS	299	0	3012	5867228
HS	298	0	3002	5870230
HS	297	0	2914	5873144
HS	296	0	2808	5875952
HS	295	0	2749	5878701
HS	294	0	2622	5881323
HS	293	0	2598	5883921
HS	292	0	2524	5886445
HS	291	0	2421	5888866
HS	290	0	2329	5891195
HS	289	0	2263	5893458
HS	288	0	2271	5895729
HS	287	0	2148	5897877
HS	286	0	2187	5900064
HS	285	0	2145	5902209
HS	284	0	2124	5904333
HS	283	0	1997	5906330
HS	282	0	1958	5908288
HS	281	0	1852	5910140
HS	280	0	1876	5912016
HS	279	0	1748	5913764
HS	278	0	1824	5915588
HS	277	0	1708	5917296
HS	276	0	1634	5918930
HS	275	0	1566	5920496
HS	274	0	1556	5922052
HS	273	0	1518	5923570
HS	272	0	1406	5924976
HS	271	0	1410	5926386
HS	270	0	1368	5927754
HS	269	0	1328	5929082
HS	268	0	1191	5930273
HS	267	0	1157	5931430
HS	266	0	1157	5932587
HS	265	0	1111	5933698
HS	264	0	1078	5934776
HS	263	0	1072	5935848
HS	262	0	1085	5936933
HS	261	0	1053	5937986
HS	260	0	954	5938940
HS	259	0	934	5939874
HS	258	0	900	5940774
HS	257	0	882	5941656
HS	256	0	869	5942525
HS	255	0	859	5943384
HS	254	0	801	5944185
HS	253	0	866	5945051
HS	252	0	814	5945865
HS	251	0	797	5946662
HS	250	0	699	5947361
HS	249	0	674	5948035
HS	248	0	673	5948708
HS	247	0	680	5949388
HS	246	0	610	5949998
HS	245	0	623	5950621
HS	244	0	555	5951176
HS	243	0	571	5951747
HS	242	0	551	5952298
HS	241	0	524	5952822
HS	240	0	495	5953317
HS	239	0	506	5953823
HS	238	0	429	5954252
HS	237	0	405	5954657
HS	236	0	393	5955050
HS	235	0	388	5955438
HS	234	0	360	5955798
HS	233	0	316	5956114
HS	232	0	343	5956457
HS	231	0	315	5956772
HS	230	0	285	5957057
HS	229	0	272	5957329
HS	228	0	296	5957625
HS	227	0	272	5957897
HS	226	0	244	5958141
HS	225	0	235	5958376
HS	224	0	206	5958582
HS	223	0	215	5958797
HS	222	0	183	5958980
HS	221	0	179	5959159
HS	220	0	194	5959353
HS	219	0	181	5959534
HS	218	0	158	5959692
HS	217	0	152	5959844
HS	216	0	119	5959963
HS	215	0	147	5960110
HS	214	0	170	5960280
HS	213	0	164	5960444
HS	212	0	162	5960606
HS	211	0	144	5960750
HS	210	0	140	5960890
HS	209	0	142	5961032
HS	208	0	139	5961171
HS	207	0	124	5961295
HS	206	0	135	5961430
HS	205	0	137	5961567
HS	204	0	137	5961704
HS	203	0	121	5961825
HS	202	0	104	5961929
HS	201	0	106	5962035
HS	200	0	97	5962132
HS	199	0	89	5962221
HS	198	0	116	5962337
HS	197	0	109	5962446
HS	196	0	107	5962553
HS	195	0	106	5962659
HS	194	0	106	5962765
HS	193	0	88	5962853
HS	192	0	85	5962938
HS	191	0	101	5963039
HS	190	0	89	5963128
HS	189	0	77	5963205
HS	188	0	71	5963276
HS	187	0	72	5963348
HS	186	0	67	5963415
HS	185	0	66	5963481
HS	184	0	71	5963552
HS	183	0	66	5963618
HS	182	0	71	5963689
HS	181	0	84	5963773
HS	180	0	78	5963851
HS	179	0	76	5963927
HS	178	0	88	5964015
HS	177	0	67	5964082
HS	176	0	62	5964144
HS	175	0	68	5964212
HS	174	0	67	5964279
HS	173	0	63	5964342
HS	172	0	73	5964415
HS	171	0	67	5964482
HS	170	0	62	5964544
HS	169	0	73	5964617
HS	168	0	61	5964678
HS	167	0	60	5964738
HS	166	0	70	5964808
HS	165	0	64	5964872
HS	164	0	59	5964931
HS	163	0	79	5965010
HS	162	0	42	5965052
HS	161	0	64	5965116
HS	160	0	66	5965182
HS	159	0	47	5965229
HS	158	0	78	5965307
HS	157	0	54	5965361
HS	156	0	64	5965425
HS	155	0	72	5965497
HS	154	0	59	5965556
HS	153	0	74	5965630
HS	152	0	63	5965693
HS	151	0	78	5965771
HS	150	0	69	5965840
HS	149	0	67	5965907
HS	148	0	77	5965984
HS	147	0	80	5966064
HS	146	0	75	5966139
HS	145	0	82	5966221
HS	144	0	53	5966274
HS	143	0	76	5966350
HS	142	0	80	5966430
HS	141	0	66	5966496
HS	140	0	68	5966564
HS	139	0	66	5966630
HS	138	0	86	5966716
HS	137	0	80	5966796
HS	136	0	89	5966885
HS	135	0	78	5966963
HS	134	0	122	5967085
HS	133	0	84	5967169
HS	132	0	78	5967247
HS	131	0	75	5967322
HS	130	0	71	5967393
HS	129	0	92	5967485
HS	128	0	90	5967575
HS	127	0	83	5967658
HS	126	0	111	5967769
HS	125	0	101	5967870
HS	124	0	108	5967978
HS	123	0	103	5968081
HS	122	0	119	5968200
HS	121	0	107	5968307
HS	120	0	116	5968423
HS	119	0	107	5968530
HS	118	0	132	5968662
HS	117	0	118	5968780
HS	116	0	132	5968912
HS	115	0	128	5969040
HS	114	0	119	5969159
HS	113	0	133	5969292
HS	112	0	142	5969434
HS	111	0	145	5969579
HS	110	0	110	5969689
HS	109	0	132	5969821
HS	108	0	109	5969930
HS	107	0	129	5970059
HS	106	0	139	5970198
HS	105	0	166	5970364
HS	104	0	155	5970519
HS	103	0	150	5970669
HS	102	0	173	5970842
HS	101	0	150	5970992
HS	100	0	151	5971143
HS	99	0	147	5971290
HS	98	0	174	5971464
HS	97	0	148	5971612
HS	96	0	135	5971747
HS	95	0	157	5971904
HS	94	0	183	5972087
HS	93	0	151	5972238
HS	92	0	133	5972371
HS	91	0	170	5972541
HS	90	0	167	5972708
HS	89	0	183	5972891
HS	88	0	187	5973078
HS	87	0	187	5973265
HS	86	0	147	5973412
HS	85	0	176	5973588
HS	84	0	206	5973794
HS	83	0	192	5973986
HS	82	0	239	5974225
HS	81	0	262	5974487
HS	80	0	270	5974757
HS	79	0	249	5975006
HS	78	0	258	5975264
HS	77	0	284	5975548
HS	76	0	344	5975892
HS	75	0	317	5976209
HS	74	0	344	5976553
HS	73	0	330	5976883
HS	72	0	337	5977220
HS	71	0	360	5977580
HS	70	0	361	5977941
HS	69	0	315	5978256
HS	68	0	329	5978585
HS	67	0	417	5979002
HS	66	0	396	5979398
HS	65	0	474	5979872
HS	64	0	431	5980303
HS	63	0	450	5980753
HS	62	0	473	5981226
HS	61	0	584	5981810
HS	60	0	537	5982347
HS	59	0	664	5983011
HS	58	0	626	5983637
HS	57	0	680	5984317
HS	56	0	699	5985016
HS	55	0	801	5985817
HS	54	0	814	5986631
HS	53	0	910	5987541
HS	52	0	954	5988495
HS	51	0	995	5989490
HS	50	0	1107	5990597
HS	49	0	1082	5991679
HS	48	0	1177	5992856
HS	47	0	1202	5994058
HS	46	0	1399	5995457
HS	45	0	1485	5996942
HS	44	0	1727	5998669
HS	43	0	1907	6000576
HS	42	0	1965	6002541
HS	41	0	2251	6004792
HS	40	0	2497	6007289
HS	39	0	2817	6010106
HS	38	0	2830	6012936
HS	37	0	3447	6016383
HS	36	0	3895	6020278
HS	35	0	4397	6024675
HS	34	0	4993	6029668
HS	33	0	5626	6035294
HS	32	0	6256	6041550
HS	31	0	7297	6048847
HS	30	0	8056	6056903
HS	29	0	9382	6066285
HS	28	0	10271	6076556
HS	27	0	11882	6088438
HS	26	0	13606	6102044
HS	25	0	16170	6118214
HS	24	0	18842	6137056
HS	23	0	21819	6158875
HS	22	0	24858	6183733
HS	21	0	30043	6213776
HS	20	0	35559	6249335
HS	19	0	42894	6292229
HS	18	0	51281	6343510
HS	17	0	61483	6404993
HS	16	0	73130	6478123
HS	15	0	90442	6568565
HS	14	0	109775	6678340
HS	13	0	134981	6813321
HS	12	0	165111	6978432
HS	11	0	208357	7186789
HS	10	0	265758	7452547
HS	9	0	345694	7798241
HS	8	0	463774	8262015
HS	7	0	664736	8926751
HS	6	0	1048291	9975042
HS	5	0	1912285	11887327
HS	4	0	4163123	16050450
HS	3	0	10943522	26993972
HS	2	0	33889517	60883489
HS	1	0	0	60883489
HS	0	0	0	60883489
