CC	CT  kmer_occurrence    short_read_kmer_count  raw_input_kmer_count  adjusted_input_kmer_count
CC	FR  fpr_lower_bound    fpr_upper_bound
CC	ER  total_input_kmers  adjusted_error_kmers
CC	CV  coverage
CC	QV  raw_quality_value  adjusted_quality_value
CC
SQ	CP128114.1	3670853	3670823	3670769	63.24
CT	1023	11367	40018	40018.000
CT	1022	3	0	0.000
CT	1021	8	22	22.000
CT	1020	6	19	19.000
CT	1019	9	19	19.000
CT	1018	11	41	41.000
CT	1017	14	50	50.000
CT	1016	5	20	20.000
CT	1015	5	27	27.000
CT	1014	8	27	27.000
CT	1013	6	23	23.000
CT	1012	6	16	16.000
CT	1011	7	24	24.000
CT	1010	7	19	19.000
CT	1009	6	17	17.000
CT	1008	7	37	37.000
CT	1007	4	0	0.000
CT	1006	7	33	33.000
CT	1005	6	5	5.000
CT	1004	4	32	32.000
CT	1003	7	34	34.000
CT	1002	7	32	32.000
CT	1001	1	11	11.000
CT	1000	3	16	16.000
CT	999	5	20	20.000
CT	998	5	21	21.000
CT	997	3	0	0.000
CT	996	6	20	20.000
CT	995	6	16	16.000
CT	994	6	32	32.000
CT	993	4	17	17.000
CT	992	4	13	13.000
CT	991	2	2	2.000
CT	990	5	30	30.000
CT	989	5	21	21.000
CT	988	2	11	11.000
CT	987	4	35	35.000
CT	986	5	19	19.000
CT	985	6	25	25.000
CT	984	3	14	14.000
CT	983	4	11	11.000
CT	982	4	35	35.000
CT	981	2	8	8.000
CT	980	3	19	19.000
CT	979	4	9	9.000
CT	978	4	30	30.000
CT	977	3	8	8.000
CT	976	2	8	8.000
CT	975	6	26	26.000
CT	974	5	15	15.000
CT	973	1	11	11.000
CT	972	3	18	18.000
CT	971	3	5	5.000
CT	970	5	9	9.000
CT	969	2	3	3.000
CT	968	1	8	8.000
CT	967	7	32	32.000
CT	966	6	32	32.000
CT	965	3	27	27.000
CT	964	3	11	11.000
CT	963	3	9	9.000
CT	962	4	22	22.000
CT	961	1	3	3.000
CT	960	4	14	14.000
CT	959	2	13	13.000
CT	958	4	18	18.000
CT	957	1	8	8.000
CT	956	0	0	0.000
CT	955	3	27	27.000
CT	954	3	21	21.000
CT	953	1	7	7.000
CT	952	1	5	5.000
CT	951	3	13	13.000
CT	950	2	12	12.000
CT	949	3	8	8.000
CT	948	0	0	0.000
CT	947	3	7	7.000
CT	946	4	18	18.000
CT	945	2	13	13.000
CT	944	2	5	5.000
CT	943	4	8	8.000
CT	942	1	5	5.000
CT	941	0	0	0.000
CT	940	2	16	16.000
CT	939	4	19	19.000
CT	938	6	29	29.000
CT	937	2	3	3.000
CT	936	3	19	19.000
CT	935	5	18	18.000
CT	934	4	14	14.000
CT	933	9	16	16.000
CT	932	3	8	8.000
CT	931	4	15	15.000
CT	930	1	3	3.000
CT	929	4	17	17.000
CT	928	3	13	13.000
CT	927	2	11	11.000
CT	926	3	11	11.000
CT	925	4	27	27.000
CT	924	5	28	28.000
CT	923	7	37	37.000
CT	922	0	0	0.000
CT	921	0	0	0.000
CT	920	2	16	16.000
CT	919	9	49	49.000
CT	918	6	43	43.000
CT	917	2	4	4.000
CT	916	2	16	16.000
CT	915	5	11	11.000
CT	914	3	23	23.000
CT	913	4	8	8.000
CT	912	4	21	21.000
CT	911	6	20	20.000
CT	910	2	15	15.000
CT	909	1	4	4.000
CT	908	4	20	20.000
CT	907	2	7	7.000
CT	906	2	8	8.000
CT	905	3	8	8.000
CT	904	3	16	16.000
CT	903	6	33	33.000
CT	902	7	32	32.000
CT	901	2	8	8.000
CT	900	7	38	38.000
CT	899	5	18	18.000
CT	898	8	42	42.000
CT	897	7	42	42.000
CT	896	8	21	21.000
CT	895	7	28	28.000
CT	894	14	70	70.000
CT	893	6	22	22.000
CT	892	7	22	22.000
CT	891	6	26	26.000
CT	890	8	38	38.000
CT	889	5	23	23.000
CT	888	8	38	38.000
CT	887	7	42	42.000
CT	886	2	4	4.000
CT	885	9	41	41.000
CT	884	6	28	28.000
CT	883	7	28	28.000
CT	882	7	33	33.000
CT	881	3	10	10.000
CT	880	9	23	23.000
CT	879	4	9	9.000
CT	878	9	18	18.000
CT	877	6	21	21.000
CT	876	7	23	23.000
CT	875	7	20	20.000
CT	874	5	20	20.000
CT	873	3	8	8.000
CT	872	14	58	58.000
CT	871	8	28	28.000
CT	870	7	35	35.000
CT	869	6	22	22.000
CT	868	10	45	45.000
CT	867	4	18	18.000
CT	866	8	30	30.000
CT	865	2	12	12.000
CT	864	8	27	27.000
CT	863	4	19	19.000
CT	862	8	26	26.000
CT	861	8	32	32.000
CT	860	11	38	38.000
CT	859	12	37	37.000
CT	858	2	10	10.000
CT	857	11	34	34.000
CT	856	7	28	28.000
CT	855	7	16	16.000
CT	854	5	20	20.000
CT	853	3	7	7.000
CT	852	7	29	29.000
CT	851	7	25	25.000
CT	850	2	12	12.000
CT	849	8	24	24.000
CT	848	5	18	18.000
CT	847	7	21	21.000
CT	846	2	3	3.000
CT	845	3	15	15.000
CT	844	2	8	8.000
CT	843	4	16	16.000
CT	842	5	22	22.000
CT	841	5	21	21.000
CT	840	2	11	11.000
CT	839	5	20	20.000
CT	838	3	3	3.000
CT	837	5	24	24.000
CT	836	3	16	16.000
CT	835	9	32	32.000
CT	834	3	17	17.000
CT	833	4	14	14.000
CT	832	3	11	11.000
CT	831	7	28	28.000
CT	830	10	44	44.000
CT	829	7	23	23.000
CT	828	8	31	31.000
CT	827	5	21	21.000
CT	826	7	43	43.000
CT	825	6	28	28.000
CT	824	5	16	16.000
CT	823	4	10	10.000
CT	822	7	23	23.000
CT	821	7	23	23.000
CT	820	6	23	23.000
CT	819	9	28	28.000
CT	818	6	22	22.000
CT	817	10	33	33.000
CT	816	3	17	17.000
CT	815	4	12	12.000
CT	814	4	16	16.000
CT	813	5	20	20.000
CT	812	4	15	15.000
CT	811	7	29	29.000
CT	810	9	27	27.000
CT	809	6	18	18.000
CT	808	3	8	8.000
CT	807	6	21	21.000
CT	806	6	21	21.000
CT	805	9	20	20.000
CT	804	2	7	7.000
CT	803	6	24	24.000
CT	802	9	31	31.000
CT	801	5	15	15.000
CT	800	4	7	7.000
CT	799	9	25	25.000
CT	798	8	30	30.000
CT	797	9	20	20.000
CT	796	7	19	19.000
CT	795	10	23	23.000
CT	794	7	19	19.000
CT	793	4	9	9.000
CT	792	11	21	21.000
CT	791	12	41	41.000
CT	790	10	26	26.000
CT	789	11	31	31.000
CT	788	7	21	21.000
CT	787	9	17	17.000
CT	786	9	29	29.000
CT	785	6	7	7.000
CT	784	10	37	37.000
CT	783	15	34	34.000
CT	782	11	15	15.000
CT	781	12	36	36.000
CT	780	8	16	16.000
CT	779	9	22	22.000
CT	778	10	20	20.000
CT	777	10	12	12.000
CT	776	9	10	10.000
CT	775	5	9	9.000
CT	774	10	31	31.000
CT	773	8	20	20.000
CT	772	12	25	25.000
CT	771	12	22	22.000
CT	770	7	15	15.000
CT	769	11	30	30.000
CT	768	16	39	39.000
CT	767	6	7	7.000
CT	766	10	22	22.000
CT	765	8	19	19.000
CT	764	9	11	11.000
CT	763	10	32	32.000
CT	762	8	23	23.000
CT	761	13	35	35.000
CT	760	9	10	10.000
CT	759	10	19	19.000
CT	758	9	21	21.000
CT	757	14	36	36.000
CT	756	13	37	37.000
CT	755	12	24	24.000
CT	754	10	21	21.000
CT	753	7	9	9.000
CT	752	9	27	27.000
CT	751	9	12	12.000
CT	750	18	30	30.000
CT	749	8	19	19.000
CT	748	10	15	15.000
CT	747	15	21	21.000
CT	746	15	31	31.000
CT	745	12	18	18.000
CT	744	3	4	4.000
CT	743	16	31	31.000
CT	742	8	20	20.000
CT	741	11	17	17.000
CT	740	16	33	33.000
CT	739	20	34	34.000
CT	738	24	45	45.000
CT	737	19	28	28.000
CT	736	9	13	13.000
CT	735	20	29	29.000
CT	734	16	30	30.000
CT	733	27	52	52.000
CT	732	24	39	39.000
CT	731	20	29	29.000
CT	730	25	51	51.000
CT	729	17	26	26.000
CT	728	22	34	34.000
CT	727	28	41	41.000
CT	726	20	31	31.000
CT	725	25	45	45.000
CT	724	33	53	53.000
CT	723	21	42	42.000
CT	722	21	38	38.000
CT	721	27	32	32.000
CT	720	27	44	44.000
CT	719	29	49	49.000
CT	718	35	47	47.000
CT	717	34	40	40.000
CT	716	35	42	42.000
CT	715	40	45	45.000
CT	714	37	50	50.000
CT	713	49	77	77.000
CT	712	43	61	61.000
CT	711	55	63	63.000
CT	710	50	65	65.000
CT	709	58	71	71.000
CT	708	33	35	35.000
CT	707	53	60	60.000
CT	706	53	71	71.000
CT	705	48	63	63.000
CT	704	41	42	42.000
CT	703	43	58	58.000
CT	702	44	49	49.000
CT	701	62	77	77.000
CT	700	59	68	68.000
CT	699	54	55	55.000
CT	698	68	71	71.000
CT	697	54	62	62.000
CT	696	61	74	74.000
CT	695	49	65	65.000
CT	694	52	60	60.000
CT	693	58	61	61.000
CT	692	49	56	56.000
CT	691	56	62	62.000
CT	690	60	73	73.000
CT	689	57	58	58.000
CT	688	68	73	73.000
CT	687	65	74	74.000
CT	686	60	78	78.000
CT	685	50	58	58.000
CT	684	71	85	85.000
CT	683	64	84	84.000
CT	682	64	69	69.000
CT	681	63	71	71.000
CT	680	76	98	98.000
CT	679	57	62	62.000
CT	678	62	63	63.000
CT	677	67	86	86.000
CT	676	75	91	91.000
CT	675	74	90	90.000
CT	674	83	100	100.000
CT	673	81	98	98.000
CT	672	69	77	77.000
CT	671	83	102	102.000
CT	670	87	103	103.000
CT	669	64	81	81.000
CT	668	92	94	94.000
CT	667	86	116	116.000
CT	666	89	103	103.000
CT	665	80	92	92.000
CT	664	71	95	95.000
CT	663	87	112	112.000
CT	662	89	113	113.000
CT	661	77	84	84.000
CT	660	82	94	94.000
CT	659	100	112	112.000
CT	658	92	111	111.000
CT	657	93	109	109.000
CT	656	94	104	104.000
CT	655	84	122	122.000
CT	654	82	104	104.000
CT	653	102	130	130.000
CT	652	85	92	92.000
CT	651	102	129	129.000
CT	650	94	117	117.000
CT	649	82	100	100.000
CT	648	104	124	124.000
CT	647	121	148	148.000
CT	646	109	122	122.000
CT	645	99	110	110.000
CT	644	117	147	147.000
CT	643	118	156	156.000
CT	642	117	141	141.000
CT	641	133	168	168.000
CT	640	121	169	169.000
CT	639	134	179	179.000
CT	638	148	165	165.000
CT	637	150	175	175.000
CT	636	155	176	176.000
CT	635	175	227	227.000
CT	634	186	235	235.000
CT	633	167	201	201.000
CT	632	187	230	230.000
CT	631	175	189	189.000
CT	630	177	209	209.000
CT	629	183	213	213.000
CT	628	197	235	235.000
CT	627	206	234	234.000
CT	626	193	222	222.000
CT	625	221	250	250.000
CT	624	212	232	232.000
CT	623	229	255	255.000
CT	622	226	273	273.000
CT	621	218	240	240.000
CT	620	242	260	260.000
CT	619	240	266	266.000
CT	618	249	266	266.000
CT	617	251	264	264.000
CT	616	245	277	277.000
CT	615	248	267	267.000
CT	614	255	275	275.000
CT	613	256	278	278.000
CT	612	259	291	291.000
CT	611	242	253	253.000
CT	610	274	291	291.000
CT	609	284	308	308.000
CT	608	299	323	323.000
CT	607	269	291	291.000
CT	606	300	331	331.000
CT	605	293	309	309.000
CT	604	321	367	367.000
CT	603	300	317	317.000
CT	602	312	338	338.000
CT	601	318	344	344.000
CT	600	318	334	334.000
CT	599	327	347	347.000
CT	598	377	404	404.000
CT	597	355	381	381.000
CT	596	423	449	449.000
CT	595	401	423	423.000
CT	594	399	417	417.000
CT	593	429	453	453.000
CT	592	384	402	402.000
CT	591	406	412	412.000
CT	590	458	478	478.000
CT	589	454	470	470.000
CT	588	434	461	461.000
CT	587	445	478	478.000
CT	586	481	518	518.000
CT	585	456	467	467.000
CT	584	517	544	544.000
CT	583	499	519	519.000
CT	582	489	501	501.000
CT	581	542	561	561.000
CT	580	571	591	591.000
CT	579	540	553	553.000
CT	578	534	545	545.000
CT	577	570	579	579.000
CT	576	603	610	610.000
CT	575	624	634	634.000
CT	574	581	598	598.000
CT	573	577	592	592.000
CT	572	639	653	653.000
CT	571	633	645	645.000
CT	570	604	610	610.000
CT	569	648	659	659.000
CT	568	681	689	689.000
CT	567	690	703	703.000
CT	566	736	746	746.000
CT	565	763	778	778.000
CT	564	716	722	722.000
CT	563	733	746	746.000
CT	562	751	754	754.000
CT	561	735	744	744.000
CT	560	807	811	811.000
CT	559	777	789	789.000
CT	558	816	835	835.000
CT	557	856	859	859.000
CT	556	855	858	858.000
CT	555	875	886	886.000
CT	554	866	879	879.000
CT	553	857	863	863.000
CT	552	935	943	943.000
CT	551	978	989	989.000
CT	550	912	931	931.000
CT	549	970	977	977.000
CT	548	989	990	990.000
CT	547	1006	1010	1010.000
CT	546	964	971	971.000
CT	545	1059	1076	1076.000
CT	544	1074	1089	1089.000
CT	543	1094	1106	1106.000
CT	542	1081	1092	1092.000
CT	541	1170	1186	1186.000
CT	540	1179	1201	1201.000
CT	539	1208	1215	1215.000
CT	538	1194	1210	1210.000
CT	537	1227	1242	1242.000
CT	536	1329	1341	1341.000
CT	535	1322	1343	1343.000
CT	534	1404	1422	1422.000
CT	533	1366	1385	1385.000
CT	532	1379	1401	1401.000
CT	531	1457	1467	1467.000
CT	530	1537	1569	1569.000
CT	529	1548	1563	1563.000
CT	528	1551	1565	1565.000
CT	527	1559	1574	1574.000
CT	526	1657	1677	1677.000
CT	525	1587	1615	1615.000
CT	524	1620	1642	1642.000
CT	523	1632	1648	1648.000
CT	522	1702	1715	1715.000
CT	521	1700	1706	1706.000
CT	520	1790	1817	1817.000
CT	519	1787	1810	1810.000
CT	518	1866	1884	1884.000
CT	517	1866	1884	1884.000
CT	516	1898	1911	1911.000
CT	515	1933	1948	1948.000
CT	514	1964	1976	1976.000
CT	513	2074	2086	2086.000
CT	512	2107	2116	2116.000
CT	511	2123	2141	2141.000
CT	510	2179	2185	2185.000
CT	509	2258	2270	2270.000
CT	508	2314	2329	2329.000
CT	507	2257	2277	2277.000
CT	506	2403	2423	2423.000
CT	505	2415	2426	2426.000
CT	504	2540	2557	2557.000
CT	503	2546	2568	2568.000
CT	502	2618	2632	2632.000
CT	501	2716	2738	2738.000
CT	500	2710	2719	2719.000
CT	499	2818	2837	2837.000
CT	498	2918	2950	2950.000
CT	497	2931	2942	2942.000
CT	496	3089	3101	3101.000
CT	495	3035	3054	3054.000
CT	494	3092	3102	3102.000
CT	493	3242	3258	3258.000
CT	492	3211	3219	3219.000
CT	491	3304	3328	3328.000
CT	490	3432	3446	3446.000
CT	489	3466	3485	3485.000
CT	488	3388	3416	3416.000
CT	487	3508	3510	3510.000
CT	486	3614	3625	3625.000
CT	485	3725	3737	3737.000
CT	484	3623	3640	3640.000
CT	483	3739	3748	3748.000
CT	482	3764	3771	3771.000
CT	481	3923	3931	3931.000
CT	480	3977	3992	3992.000
CT	479	4118	4138	4138.000
CT	478	4245	4262	4262.000
CT	477	4310	4324	4324.000
CT	476	4224	4231	4231.000
CT	475	4482	4489	4489.000
CT	474	4519	4532	4532.000
CT	473	4465	4479	4479.000
CT	472	4714	4722	4722.000
CT	471	4747	4769	4769.000
CT	470	4619	4622	4622.000
CT	469	4753	4763	4763.000
CT	468	4868	4880	4880.000
CT	467	5150	5159	5159.000
CT	466	5130	5141	5141.000
CT	465	5185	5195	5195.000
CT	464	5160	5190	5190.000
CT	463	5377	5407	5407.000
CT	462	5549	5568	5568.000
CT	461	5412	5418	5418.000
CT	460	5624	5636	5636.000
CT	459	5878	5901	5901.000
CT	458	5839	5867	5867.000
CT	457	6042	6074	6074.000
CT	456	5995	6026	6026.000
CT	455	6066	6082	6082.000
CT	454	6421	6449	6449.000
CT	453	6298	6318	6318.000
CT	452	6639	6658	6658.000
CT	451	6774	6795	6795.000
CT	450	6705	6722	6722.000
CT	449	6825	6848	6848.000
CT	448	7170	7185	7185.000
CT	447	7244	7260	7260.000
CT	446	7388	7408	7408.000
CT	445	7355	7376	7376.000
CT	444	7562	7587	7587.000
CT	443	7718	7740	7740.000
CT	442	7757	7783	7783.000
CT	441	7836	7845	7845.000
CT	440	8011	8026	8026.000
CT	439	8177	8191	8191.000
CT	438	8347	8364	8364.000
CT	437	8778	8790	8790.000
CT	436	8603	8625	8625.000
CT	435	8532	8553	8553.000
CT	434	8829	8844	8844.000
CT	433	8837	8847	8847.000
CT	432	9161	9171	9171.000
CT	431	9202	9216	9216.000
CT	430	9368	9381	9381.000
CT	429	9566	9578	9578.000
CT	428	9629	9647	9647.000
CT	427	9682	9689	9689.000
CT	426	10070	10090	10090.000
CT	425	9944	9962	9962.000
CT	424	10365	10390	10390.000
CT	423	10118	10133	10133.000
CT	422	10485	10500	10500.000
CT	421	10661	10678	10678.000
CT	420	10725	10741	10741.000
CT	419	11027	11055	11055.000
CT	418	11107	11124	11124.000
CT	417	11235	11248	11248.000
CT	416	11313	11331	11331.000
CT	415	11451	11478	11478.000
CT	414	11704	11729	11729.000
CT	413	11701	11721	11721.000
CT	412	11948	11964	11964.000
CT	411	12185	12203	12203.000
CT	410	12085	12110	12110.000
CT	409	12298	12319	12319.000
CT	408	12518	12546	12546.000
CT	407	12574	12599	12599.000
CT	406	12773	12787	12787.000
CT	405	13027	13054	13054.000
CT	404	12794	12829	12829.000
CT	403	13220	13258	13258.000
CT	402	13338	13361	13361.000
CT	401	13538	13567	13567.000
CT	400	13657	13683	13683.000
CT	399	13689	13723	13723.000
CT	398	14141	14161	14161.000
CT	397	14268	14288	14288.000
CT	396	14401	14430	14430.000
CT	395	14536	14553	14553.000
CT	394	14632	14652	14652.000
CT	393	14803	14819	14819.000
CT	392	14646	14667	14667.000
CT	391	15157	15180	15180.000
CT	390	15307	15338	15338.000
CT	389	15443	15453	15453.000
CT	388	15592	15619	15619.000
CT	387	15733	15754	15754.000
CT	386	15786	15820	15820.000
CT	385	15949	15969	15969.000
CT	384	16137	16167	16167.000
CT	383	16262	16288	16288.000
CT	382	16606	16628	16628.000
CT	381	16586	16600	16600.000
CT	380	16762	16786	16786.000
CT	379	16907	16927	16927.000
CT	378	16960	16976	16976.000
CT	377	17101	17124	17124.000
CT	376	17525	17547	17547.000
CT	375	17267	17290	17290.000
CT	374	17553	17576	17576.000
CT	373	17740	17762	17762.000
CT	372	17666	17678	17678.000
CT	371	17522	17545	17545.000
CT	370	17876	17891	17891.000
CT	369	18033	18049	18049.000
CT	368	18252	18268	18268.000
CT	367	17822	17830	17830.000
CT	366	18340	18355	18355.000
CT	365	18530	18541	18541.000
CT	364	18453	18468	18468.000
CT	363	18698	18716	18716.000
CT	362	18738	18756	18756.000
CT	361	18931	18942	18942.000
CT	360	18768	18789	18789.000
CT	359	19032	19043	19043.000
CT	358	19113	19140	19140.000
CT	357	19275	19298	19298.000
CT	356	19006	19027	19027.000
CT	355	19115	19139	19139.000
CT	354	19533	19555	19555.000
CT	353	19284	19304	19304.000
CT	352	19317	19333	19333.000
CT	351	19379	19395	19395.000
CT	350	19530	19535	19535.000
CT	349	19673	19688	19688.000
CT	348	20008	20024	20024.000
CT	347	19722	19730	19730.000
CT	346	19979	19998	19998.000
CT	345	19978	19987	19987.000
CT	344	19743	19751	19751.000
CT	343	19954	19962	19962.000
CT	342	20276	20286	20286.000
CT	341	20176	20192	20192.000
CT	340	19851	19864	19864.000
CT	339	20220	20231	20231.000
CT	338	19992	20005	20005.000
CT	337	20166	20174	20174.000
CT	336	20172	20183	20183.000
CT	335	20079	20086	20086.000
CT	334	20318	20329	20329.000
CT	333	20194	20202	20202.000
CT	332	20248	20258	20258.000
CT	331	19968	19983	19983.000
CT	330	20039	20049	20049.000
CT	329	19892	19900	19900.000
CT	328	19887	19897	19897.000
CT	327	19808	19828	19828.000
CT	326	19815	19821	19821.000
CT	325	19720	19730	19730.000
CT	324	19535	19537	19537.000
CT	323	19384	19387	19387.000
CT	322	19696	19706	19706.000
CT	321	19532	19543	19543.000
CT	320	19466	19478	19478.000
CT	319	19500	19500	19500.000
CT	318	19544	19554	19554.000
CT	317	19288	19306	19306.000
CT	316	19133	19137	19137.000
CT	315	19337	19343	19343.000
CT	314	19558	19568	19568.000
CT	313	19213	19213	19213.000
CT	312	19128	19135	19135.000
CT	311	18980	18983	18983.000
CT	310	19068	19068	19068.000
CT	309	18835	18836	18836.000
CT	308	18808	18813	18813.000
CT	307	18753	18754	18754.000
CT	306	18377	18384	18384.000
CT	305	18448	18452	18452.000
CT	304	18471	18475	18475.000
CT	303	18112	18117	18117.000
CT	302	18122	18127	18127.000
CT	301	17866	17872	17872.000
CT	300	17671	17678	17678.000
CT	299	17597	17599	17599.000
CT	298	17726	17726	17726.000
CT	297	17090	17091	17091.000
CT	296	17270	17270	17270.000
CT	295	16964	16964	16964.000
CT	294	16735	16735	16735.000
CT	293	16664	16664	16664.000
CT	292	16288	16287	16287.000
CT	291	16286	16287	16287.000
CT	290	16305	16307	16307.000
CT	289	16259	16258	16258.000
CT	288	15721	15721	15721.000
CT	287	15837	15836	15836.000
CT	286	15484	15484	15484.000
CT	285	15521	15523	15523.000
CT	284	15109	15111	15111.000
CT	283	14982	14986	14986.000
CT	282	14938	14942	14942.000
CT	281	14810	14812	14812.000
CT	280	14460	14460	14460.000
CT	279	14222	14229	14229.000
CT	278	14014	14016	14016.000
CT	277	13844	13846	13846.000
CT	276	13690	13689	13689.000
CT	275	13480	13480	13480.000
CT	274	13351	13351	13351.000
CT	273	12969	12970	12970.000
CT	272	12818	12821	12821.000
CT	271	12446	12453	12453.000
CT	270	12218	12225	12225.000
CT	269	12046	12050	12050.000
CT	268	11743	11743	11743.000
CT	267	11588	11590	11590.000
CT	266	11530	11536	11536.000
CT	265	11223	11226	11226.000
CT	264	11097	11099	11099.000
CT	263	10678	10682	10682.000
CT	262	10621	10620	10620.000
CT	261	10452	10456	10456.000
CT	260	10054	10052	10052.000
CT	259	9877	9878	9878.000
CT	258	9669	9669	9669.000
CT	257	9418	9418	9418.000
CT	256	9278	9279	9279.000
CT	255	9055	9054	9054.000
CT	254	9083	9088	9088.000
CT	253	8802	8803	8803.000
CT	252	8624	8630	8630.000
CT	251	8294	8298	8298.000
CT	250	8143	8146	8146.000
CT	249	7871	7871	7871.000
CT	248	7672	7678	7678.000
CT	247	7563	7567	7567.000
CT	246	7245	7243	7243.000
CT	245	7023	7026	7026.000
CT	244	6972	6978	6978.000
CT	243	6752	6756	6756.000
CT	242	6618	6627	6627.000
CT	241	6458	6466	6466.000
CT	240	6366	6382	6382.000
CT	239	6071	6077	6077.000
CT	238	5950	5952	5952.000
CT	237	5792	5801	5801.000
CT	236	5661	5669	5669.000
CT	235	5533	5541	5541.000
CT	234	5339	5344	5344.000
CT	233	5202	5210	5210.000
CT	232	5079	5083	5083.000
CT	231	4928	4930	4930.000
CT	230	4721	4729	4729.000
CT	229	4670	4669	4669.000
CT	228	4525	4528	4528.000
CT	227	4498	4497	4497.000
CT	226	4248	4250	4250.000
CT	225	3924	3925	3925.000
CT	224	3972	3973	3973.000
CT	223	3832	3829	3829.000
CT	222	3768	3769	3769.000
CT	221	3621	3621	3621.000
CT	220	3530	3524	3524.000
CT	219	3402	3402	3402.000
CT	218	3283	3285	3285.000
CT	217	3172	3172	3172.000
CT	216	3063	3064	3064.000
CT	215	2992	2992	2992.000
CT	214	2849	2850	2850.000
CT	213	2884	2883	2883.000
CT	212	2744	2744	2744.000
CT	211	2664	2664	2664.000
CT	210	2590	2587	2587.000
CT	209	2541	2540	2540.000
CT	208	2427	2425	2425.000
CT	207	2392	2392	2392.000
CT	206	2366	2363	2363.000
CT	205	2284	2278	2278.000
CT	204	2121	2118	2118.000
CT	203	2066	2063	2063.000
CT	202	2008	2007	2007.000
CT	201	1970	1965	1965.000
CT	200	1796	1786	1786.000
CT	199	1686	1679	1679.000
CT	198	1657	1656	1656.000
CT	197	1649	1645	1645.000
CT	196	1489	1492	1492.000
CT	195	1452	1444	1444.000
CT	194	1391	1389	1389.000
CT	193	1398	1392	1392.000
CT	192	1301	1299	1299.000
CT	191	1285	1278	1278.000
CT	190	1220	1220	1220.000
CT	189	1224	1216	1216.000
CT	188	1151	1148	1148.000
CT	187	1105	1100	1100.000
CT	186	1050	1044	1044.000
CT	185	1017	1013	1013.000
CT	184	1017	1004	1004.000
CT	183	937	929	929.000
CT	182	887	875	875.000
CT	181	814	804	804.000
CT	180	858	851	851.000
CT	179	810	799	799.000
CT	178	769	759	759.000
CT	177	757	746	746.000
CT	176	746	739	739.000
CT	175	779	771	771.000
CT	174	692	683	683.000
CT	173	714	705	705.000
CT	172	642	637	637.000
CT	171	654	649	649.000
CT	170	685	679	679.000
CT	169	587	582	582.000
CT	168	485	482	482.000
CT	167	498	488	488.000
CT	166	471	468	468.000
CT	165	469	465	465.000
CT	164	402	401	401.000
CT	163	426	423	423.000
CT	162	367	366	366.000
CT	161	367	363	363.000
CT	160	363	363	363.000
CT	159	363	360	360.000
CT	158	327	342	342.000
CT	157	345	350	350.000
CT	156	301	307	307.000
CT	155	284	287	287.000
CT	154	297	303	303.000
CT	153	289	292	292.000
CT	152	266	269	269.000
CT	151	252	253	253.000
CT	150	253	258	258.000
CT	149	237	247	247.000
CT	148	207	212	212.000
CT	147	209	206	206.000
CT	146	212	221	221.000
CT	145	207	218	218.000
CT	144	213	231	231.000
CT	143	188	203	203.000
CT	142	189	211	211.000
CT	141	170	188	188.000
CT	140	151	168	168.000
CT	139	148	160	160.000
CT	138	174	189	189.000
CT	137	150	160	160.000
CT	136	152	161	161.000
CT	135	148	160	160.000
CT	134	131	144	144.000
CT	133	128	138	138.000
CT	132	138	151	151.000
CT	131	141	150	150.000
CT	130	123	127	127.000
CT	129	126	123	123.000
CT	128	128	133	133.000
CT	127	86	81	81.000
CT	126	105	105	105.000
CT	125	101	96	96.000
CT	124	98	102	102.000
CT	123	90	82	82.000
CT	122	104	97	97.000
CT	121	107	98	98.000
CT	120	99	95	95.000
CT	119	93	91	91.000
CT	118	82	72	72.000
CT	117	92	70	70.000
CT	116	67	57	57.000
CT	115	68	51	51.000
CT	114	86	57	57.000
CT	113	53	33	33.000
CT	112	53	29	29.000
CT	111	79	46	46.000
CT	110	75	47	47.000
CT	109	77	55	55.000
CT	108	67	45	45.000
CT	107	66	51	51.000
CT	106	55	32	32.000
CT	105	58	40	40.000
CT	104	66	38	38.000
CT	103	49	36	36.000
CT	102	55	32	32.000
CT	101	36	21	21.000
CT	100	27	19	19.000
CT	99	32	19	19.000
CT	98	31	19	19.000
CT	97	32	20	20.000
CT	96	41	15	15.000
CT	95	27	13	13.000
CT	94	28	16	16.000
CT	93	30	16	16.000
CT	92	22	11	11.000
CT	91	20	12	12.000
CT	90	28	12	12.000
CT	89	42	16	16.000
CT	88	27	12	12.000
CT	87	51	8	8.000
CT	86	29	8	8.000
CT	85	25	5	5.000
CT	84	31	5	5.000
CT	83	44	6	6.000
CT	82	41	5	5.000
CT	81	51	11	11.000
CT	80	60	14	14.000
CT	79	48	10	10.000
CT	78	58	9	9.000
CT	77	59	11	11.000
CT	76	47	7	7.000
CT	75	57	8	8.000
CT	74	85	11	11.000
CT	73	90	11	11.000
CT	72	105	12	12.000
CT	71	125	9	9.000
CT	70	113	12	12.000
CT	69	115	11	11.000
CT	68	137	6	6.000
CT	67	137	8	8.000
CT	66	114	10	10.000
CT	65	128	3	3.000
CT	64	150	2	2.000
CT	63	118	0	0.000
CT	62	130	0	0.000
CT	61	160	1	1.000
CT	60	228	1	1.000
CT	59	243	2	2.000
CT	58	274	1	1.000
CT	57	323	3	3.000
CT	56	350	5	5.000
CT	55	333	3	3.000
CT	54	444	4	4.000
CT	53	407	4	4.000
CT	52	468	9	9.000
CT	51	518	1	1.000
CT	50	531	2	2.000
CT	49	651	1	1.000
CT	48	706	0	0.000
CT	47	815	1	1.000
CT	46	964	0	0.000
CT	45	1051	0	0.000
CT	44	1076	0	0.000
CT	43	1315	0	0.000
CT	42	1270	0	0.000
CT	41	1418	0	0.000
CT	40	1527	0	0.000
CT	39	1770	0	0.000
CT	38	2034	1	1.000
CT	37	2209	0	0.000
CT	36	2615	0	0.000
CT	35	2748	0	0.000
CT	34	2994	0	0.000
CT	33	3540	1	1.000
CT	32	3832	0	0.000
CT	31	4357	1	1.000
CT	30	4985	0	0.000
CT	29	5702	0	0.000
CT	28	6469	5	5.000
CT	27	7475	0	0.000
CT	26	8387	3	3.000
CT	25	9233	0	0.000
CT	24	10473	1	1.000
CT	23	11670	2	2.000
CT	22	13075	0	0.000
CT	21	15107	2	2.000
CT	20	17630	3	3.000
CT	19	20622	2	2.000
CT	18	23728	1	1.000
CT	17	27865	3	3.000
CT	16	33760	1	1.000
CT	15	39541	1	1.000
CT	14	48573	3	3.000
CT	13	59389	1	1.000
CT	12	75152	2	2.000
CT	11	97186	1	1.000
CT	10	126252	2	2.000
CT	9	171180	2	2.000
CT	8	244074	2	2.000
CT	7	367592	1	1.000
CT	6	586490	10	10.000
CT	5	1029181	0	0.000
CT	4	2035742	0	0.000
CT	3	4750017	0	0.000
CT	2	14486455	0	0.000
CT	1	0	0	-nan
CT	0	0	54	-nan
FR	0	0
ER	3670823	0.000
CV	1.001
QV	63.237	63.237
