HS	1023	0	11367	11367
HS	1022	0	3	11370
HS	1021	0	8	11378
HS	1020	0	6	11384
HS	1019	0	9	11393
HS	1018	0	11	11404
HS	1017	0	14	11418
HS	1016	0	5	11423
HS	1015	0	5	11428
HS	1014	0	8	11436
HS	1013	0	6	11442
HS	1012	0	6	11448
HS	1011	0	7	11455
HS	1010	0	7	11462
HS	1009	0	6	11468
HS	1008	0	7	11475
HS	1007	0	4	11479
HS	1006	0	7	11486
HS	1005	0	6	11492
HS	1004	0	4	11496
HS	1003	0	7	11503
HS	1002	0	7	11510
HS	1001	0	1	11511
HS	1000	0	3	11514
HS	999	0	5	11519
HS	998	0	5	11524
HS	997	0	3	11527
HS	996	0	6	11533
HS	995	0	6	11539
HS	994	0	6	11545
HS	993	0	4	11549
HS	992	0	4	11553
HS	991	0	2	11555
HS	990	0	5	11560
HS	989	0	5	11565
HS	988	0	2	11567
HS	987	0	4	11571
HS	986	0	5	11576
HS	985	0	6	11582
HS	984	0	3	11585
HS	983	0	4	11589
HS	982	0	4	11593
HS	981	0	2	11595
HS	980	0	3	11598
HS	979	0	4	11602
HS	978	0	4	11606
HS	977	0	3	11609
HS	976	0	2	11611
HS	975	0	6	11617
HS	974	0	5	11622
HS	973	0	1	11623
HS	972	0	3	11626
HS	971	0	3	11629
HS	970	0	5	11634
HS	969	0	2	11636
HS	968	0	1	11637
HS	967	0	7	11644
HS	966	0	6	11650
HS	965	0	3	11653
HS	964	0	3	11656
HS	963	0	3	11659
HS	962	0	4	11663
HS	961	0	1	11664
HS	960	0	4	11668
HS	959	0	2	11670
HS	958	0	4	11674
HS	957	0	1	11675
HS	956	0	0	11675
HS	955	0	3	11678
HS	954	0	3	11681
HS	953	0	1	11682
HS	952	0	1	11683
HS	951	0	3	11686
HS	950	0	2	11688
HS	949	0	3	11691
HS	948	0	0	11691
HS	947	0	3	11694
HS	946	0	4	11698
HS	945	0	2	11700
HS	944	0	2	11702
HS	943	0	4	11706
HS	942	0	1	11707
HS	941	0	0	11707
HS	940	0	2	11709
HS	939	0	4	11713
HS	938	0	6	11719
HS	937	0	2	11721
HS	936	0	3	11724
HS	935	0	5	11729
HS	934	0	4	11733
HS	933	0	9	11742
HS	932	0	3	11745
HS	931	0	4	11749
HS	930	0	1	11750
HS	929	0	4	11754
HS	928	0	3	11757
HS	927	0	2	11759
HS	926	0	3	11762
HS	925	0	4	11766
HS	924	0	5	11771
HS	923	0	7	11778
HS	922	0	0	11778
HS	921	0	0	11778
HS	920	0	2	11780
HS	919	0	9	11789
HS	918	0	6	11795
HS	917	0	2	11797
HS	916	0	2	11799
HS	915	0	5	11804
HS	914	0	3	11807
HS	913	0	4	11811
HS	912	0	4	11815
HS	911	0	6	11821
HS	910	0	2	11823
HS	909	0	1	11824
HS	908	0	4	11828
HS	907	0	2	11830
HS	906	0	2	11832
HS	905	0	3	11835
HS	904	0	3	11838
HS	903	0	6	11844
HS	902	0	7	11851
HS	901	0	2	11853
HS	900	0	7	11860
HS	899	0	5	11865
HS	898	0	8	11873
HS	897	0	7	11880
HS	896	0	8	11888
HS	895	0	7	11895
HS	894	0	14	11909
HS	893	0	6	11915
HS	892	0	7	11922
HS	891	0	6	11928
HS	890	0	8	11936
HS	889	0	5	11941
HS	888	0	8	11949
HS	887	0	7	11956
HS	886	0	2	11958
HS	885	0	9	11967
HS	884	0	6	11973
HS	883	0	7	11980
HS	882	0	7	11987
HS	881	0	3	11990
HS	880	0	9	11999
HS	879	0	4	12003
HS	878	0	9	12012
HS	877	0	6	12018
HS	876	0	7	12025
HS	875	0	7	12032
HS	874	0	5	12037
HS	873	0	3	12040
HS	872	0	14	12054
HS	871	0	8	12062
HS	870	0	7	12069
HS	869	0	6	12075
HS	868	0	10	12085
HS	867	0	4	12089
HS	866	0	8	12097
HS	865	0	2	12099
HS	864	0	8	12107
HS	863	0	4	12111
HS	862	0	8	12119
HS	861	0	8	12127
HS	860	0	11	12138
HS	859	0	12	12150
HS	858	0	2	12152
HS	857	0	11	12163
HS	856	0	7	12170
HS	855	0	7	12177
HS	854	0	5	12182
HS	853	0	3	12185
HS	852	0	7	12192
HS	851	0	7	12199
HS	850	0	2	12201
HS	849	0	8	12209
HS	848	0	5	12214
HS	847	0	7	12221
HS	846	0	2	12223
HS	845	0	3	12226
HS	844	0	2	12228
HS	843	0	4	12232
HS	842	0	5	12237
HS	841	0	5	12242
HS	840	0	2	12244
HS	839	0	5	12249
HS	838	0	3	12252
HS	837	0	5	12257
HS	836	0	3	12260
HS	835	0	9	12269
HS	834	0	3	12272
HS	833	0	4	12276
HS	832	0	3	12279
HS	831	0	7	12286
HS	830	0	10	12296
HS	829	0	7	12303
HS	828	0	8	12311
HS	827	0	5	12316
HS	826	0	7	12323
HS	825	0	6	12329
HS	824	0	5	12334
HS	823	0	4	12338
HS	822	0	7	12345
HS	821	0	7	12352
HS	820	0	6	12358
HS	819	0	9	12367
HS	818	0	6	12373
HS	817	0	10	12383
HS	816	0	3	12386
HS	815	0	4	12390
HS	814	0	4	12394
HS	813	0	5	12399
HS	812	0	4	12403
HS	811	0	7	12410
HS	810	0	9	12419
HS	809	0	6	12425
HS	808	0	3	12428
HS	807	0	6	12434
HS	806	0	6	12440
HS	805	0	9	12449
HS	804	0	2	12451
HS	803	0	6	12457
HS	802	0	9	12466
HS	801	0	5	12471
HS	800	0	4	12475
HS	799	0	9	12484
HS	798	0	8	12492
HS	797	0	9	12501
HS	796	0	7	12508
HS	795	0	10	12518
HS	794	0	7	12525
HS	793	0	4	12529
HS	792	0	11	12540
HS	791	0	12	12552
HS	790	0	10	12562
HS	789	0	11	12573
HS	788	0	7	12580
HS	787	0	9	12589
HS	786	0	9	12598
HS	785	0	6	12604
HS	784	0	10	12614
HS	783	0	15	12629
HS	782	0	11	12640
HS	781	0	12	12652
HS	780	0	8	12660
HS	779	0	9	12669
HS	778	0	10	12679
HS	777	0	10	12689
HS	776	0	9	12698
HS	775	0	5	12703
HS	774	0	10	12713
HS	773	0	8	12721
HS	772	0	12	12733
HS	771	0	12	12745
HS	770	0	7	12752
HS	769	0	11	12763
HS	768	0	16	12779
HS	767	0	6	12785
HS	766	0	10	12795
HS	765	0	8	12803
HS	764	0	9	12812
HS	763	0	10	12822
HS	762	0	8	12830
HS	761	0	13	12843
HS	760	0	9	12852
HS	759	0	10	12862
HS	758	0	9	12871
HS	757	0	14	12885
HS	756	0	13	12898
HS	755	0	12	12910
HS	754	0	10	12920
HS	753	0	7	12927
HS	752	0	9	12936
HS	751	0	9	12945
HS	750	0	18	12963
HS	749	0	8	12971
HS	748	0	10	12981
HS	747	0	15	12996
HS	746	0	15	13011
HS	745	0	12	13023
HS	744	0	3	13026
HS	743	0	16	13042
HS	742	0	8	13050
HS	741	0	11	13061
HS	740	0	16	13077
HS	739	0	20	13097
HS	738	0	24	13121
HS	737	0	19	13140
HS	736	0	9	13149
HS	735	0	20	13169
HS	734	0	16	13185
HS	733	0	27	13212
HS	732	0	24	13236
HS	731	0	20	13256
HS	730	0	25	13281
HS	729	0	17	13298
HS	728	0	22	13320
HS	727	0	28	13348
HS	726	0	20	13368
HS	725	0	25	13393
HS	724	0	33	13426
HS	723	0	21	13447
HS	722	0	21	13468
HS	721	0	27	13495
HS	720	0	27	13522
HS	719	0	29	13551
HS	718	0	35	13586
HS	717	0	34	13620
HS	716	0	35	13655
HS	715	0	40	13695
HS	714	0	37	13732
HS	713	0	49	13781
HS	712	0	43	13824
HS	711	0	55	13879
HS	710	0	50	13929
HS	709	0	58	13987
HS	708	0	33	14020
HS	707	0	53	14073
HS	706	0	53	14126
HS	705	0	48	14174
HS	704	0	41	14215
HS	703	0	43	14258
HS	702	0	44	14302
HS	701	0	62	14364
HS	700	0	59	14423
HS	699	0	54	14477
HS	698	0	68	14545
HS	697	0	54	14599
HS	696	0	61	14660
HS	695	0	49	14709
HS	694	0	52	14761
HS	693	0	58	14819
HS	692	0	49	14868
HS	691	0	56	14924
HS	690	0	60	14984
HS	689	0	57	15041
HS	688	0	68	15109
HS	687	0	65	15174
HS	686	0	60	15234
HS	685	0	50	15284
HS	684	0	71	15355
HS	683	0	64	15419
HS	682	0	64	15483
HS	681	0	63	15546
HS	680	0	76	15622
HS	679	0	57	15679
HS	678	0	62	15741
HS	677	0	67	15808
HS	676	0	75	15883
HS	675	0	74	15957
HS	674	0	83	16040
HS	673	0	81	16121
HS	672	0	69	16190
HS	671	0	83	16273
HS	670	0	87	16360
HS	669	0	64	16424
HS	668	0	92	16516
HS	667	0	86	16602
HS	666	0	89	16691
HS	665	0	80	16771
HS	664	0	71	16842
HS	663	0	87	16929
HS	662	0	89	17018
HS	661	0	77	17095
HS	660	0	82	17177
HS	659	0	100	17277
HS	658	0	92	17369
HS	657	0	93	17462
HS	656	0	94	17556
HS	655	0	84	17640
HS	654	0	82	17722
HS	653	0	102	17824
HS	652	0	85	17909
HS	651	0	102	18011
HS	650	0	94	18105
HS	649	0	82	18187
HS	648	0	104	18291
HS	647	0	121	18412
HS	646	0	109	18521
HS	645	0	99	18620
HS	644	0	117	18737
HS	643	0	118	18855
HS	642	0	117	18972
HS	641	0	133	19105
HS	640	0	121	19226
HS	639	0	134	19360
HS	638	0	148	19508
HS	637	0	150	19658
HS	636	0	155	19813
HS	635	0	175	19988
HS	634	0	186	20174
HS	633	0	167	20341
HS	632	0	187	20528
HS	631	0	175	20703
HS	630	0	177	20880
HS	629	0	183	21063
HS	628	0	197	21260
HS	627	0	206	21466
HS	626	0	193	21659
HS	625	0	221	21880
HS	624	0	212	22092
HS	623	0	229	22321
HS	622	0	226	22547
HS	621	0	218	22765
HS	620	0	242	23007
HS	619	0	240	23247
HS	618	0	249	23496
HS	617	0	251	23747
HS	616	0	245	23992
HS	615	0	248	24240
HS	614	0	255	24495
HS	613	0	256	24751
HS	612	0	259	25010
HS	611	0	242	25252
HS	610	0	274	25526
HS	609	0	284	25810
HS	608	0	299	26109
HS	607	0	269	26378
HS	606	0	300	26678
HS	605	0	293	26971
HS	604	0	321	27292
HS	603	0	300	27592
HS	602	0	312	27904
HS	601	0	318	28222
HS	600	0	318	28540
HS	599	0	327	28867
HS	598	0	377	29244
HS	597	0	355	29599
HS	596	0	423	30022
HS	595	0	401	30423
HS	594	0	399	30822
HS	593	0	429	31251
HS	592	0	384	31635
HS	591	0	406	32041
HS	590	0	458	32499
HS	589	0	454	32953
HS	588	0	434	33387
HS	587	0	445	33832
HS	586	0	481	34313
HS	585	0	456	34769
HS	584	0	517	35286
HS	583	0	499	35785
HS	582	0	489	36274
HS	581	0	542	36816
HS	580	0	571	37387
HS	579	0	540	37927
HS	578	0	534	38461
HS	577	0	570	39031
HS	576	0	603	39634
HS	575	0	624	40258
HS	574	0	581	40839
HS	573	0	577	41416
HS	572	0	639	42055
HS	571	0	633	42688
HS	570	0	604	43292
HS	569	0	648	43940
HS	568	0	681	44621
HS	567	0	690	45311
HS	566	0	736	46047
HS	565	0	763	46810
HS	564	0	716	47526
HS	563	0	733	48259
HS	562	0	751	49010
HS	561	0	735	49745
HS	560	0	807	50552
HS	559	0	777	51329
HS	558	0	816	52145
HS	557	0	856	53001
HS	556	0	855	53856
HS	555	0	875	54731
HS	554	0	866	55597
HS	553	0	857	56454
HS	552	0	935	57389
HS	551	0	978	58367
HS	550	0	912	59279
HS	549	0	970	60249
HS	548	0	989	61238
HS	547	0	1006	62244
HS	546	0	964	63208
HS	545	0	1059	64267
HS	544	0	1074	65341
HS	543	0	1094	66435
HS	542	0	1081	67516
HS	541	0	1170	68686
HS	540	0	1179	69865
HS	539	0	1208	71073
HS	538	0	1194	72267
HS	537	0	1227	73494
HS	536	0	1329	74823
HS	535	0	1322	76145
HS	534	0	1404	77549
HS	533	0	1366	78915
HS	532	0	1379	80294
HS	531	0	1457	81751
HS	530	0	1537	83288
HS	529	0	1548	84836
HS	528	0	1551	86387
HS	527	0	1559	87946
HS	526	0	1657	89603
HS	525	0	1587	91190
HS	524	0	1620	92810
HS	523	0	1632	94442
HS	522	0	1702	96144
HS	521	0	1700	97844
HS	520	0	1790	99634
HS	519	0	1787	101421
HS	518	0	1866	103287
HS	517	0	1866	105153
HS	516	0	1898	107051
HS	515	0	1933	108984
HS	514	0	1964	110948
HS	513	0	2074	113022
HS	512	0	2107	115129
HS	511	0	2123	117252
HS	510	0	2179	119431
HS	509	0	2258	121689
HS	508	0	2314	124003
HS	507	0	2257	126260
HS	506	0	2403	128663
HS	505	0	2415	131078
HS	504	0	2540	133618
HS	503	0	2546	136164
HS	502	0	2618	138782
HS	501	0	2716	141498
HS	500	0	2710	144208
HS	499	0	2818	147026
HS	498	0	2918	149944
HS	497	0	2931	152875
HS	496	0	3089	155964
HS	495	0	3035	158999
HS	494	0	3092	162091
HS	493	0	3242	165333
HS	492	0	3211	168544
HS	491	0	3304	171848
HS	490	0	3432	175280
HS	489	0	3466	178746
HS	488	0	3388	182134
HS	487	0	3508	185642
HS	486	0	3614	189256
HS	485	0	3725	192981
HS	484	0	3623	196604
HS	483	0	3739	200343
HS	482	0	3764	204107
HS	481	0	3923	208030
HS	480	0	3977	212007
HS	479	0	4118	216125
HS	478	0	4245	220370
HS	477	0	4310	224680
HS	476	0	4224	228904
HS	475	0	4482	233386
HS	474	0	4519	237905
HS	473	0	4465	242370
HS	472	0	4714	247084
HS	471	0	4747	251831
HS	470	0	4619	256450
HS	469	0	4753	261203
HS	468	0	4868	266071
HS	467	0	5150	271221
HS	466	0	5130	276351
HS	465	0	5185	281536
HS	464	0	5160	286696
HS	463	0	5377	292073
HS	462	0	5549	297622
HS	461	0	5412	303034
HS	460	0	5624	308658
HS	459	0	5878	314536
HS	458	0	5839	320375
HS	457	0	6042	326417
HS	456	0	5995	332412
HS	455	0	6066	338478
HS	454	0	6421	344899
HS	453	0	6298	351197
HS	452	0	6639	357836
HS	451	0	6774	364610
HS	450	0	6705	371315
HS	449	0	6825	378140
HS	448	0	7170	385310
HS	447	0	7244	392554
HS	446	0	7388	399942
HS	445	0	7355	407297
HS	444	0	7562	414859
HS	443	0	7718	422577
HS	442	0	7757	430334
HS	441	0	7836	438170
HS	440	0	8011	446181
HS	439	0	8177	454358
HS	438	0	8347	462705
HS	437	0	8778	471483
HS	436	0	8603	480086
HS	435	0	8532	488618
HS	434	0	8829	497447
HS	433	0	8837	506284
HS	432	0	9161	515445
HS	431	0	9202	524647
HS	430	0	9368	534015
HS	429	0	9566	543581
HS	428	0	9629	553210
HS	427	0	9682	562892
HS	426	0	10070	572962
HS	425	0	9944	582906
HS	424	0	10365	593271
HS	423	0	10118	603389
HS	422	0	10485	613874
HS	421	0	10661	624535
HS	420	0	10725	635260
HS	419	0	11027	646287
HS	418	0	11107	657394
HS	417	0	11235	668629
HS	416	0	11313	679942
HS	415	0	11451	691393
HS	414	0	11704	703097
HS	413	0	11701	714798
HS	412	0	11948	726746
HS	411	0	12185	738931
HS	410	0	12085	751016
HS	409	0	12298	763314
HS	408	0	12518	775832
HS	407	0	12574	788406
HS	406	0	12773	801179
HS	405	0	13027	814206
HS	404	0	12794	827000
HS	403	0	13220	840220
HS	402	0	13338	853558
HS	401	0	13538	867096
HS	400	0	13657	880753
HS	399	0	13689	894442
HS	398	0	14141	908583
HS	397	0	14268	922851
HS	396	0	14401	937252
HS	395	0	14536	951788
HS	394	0	14632	966420
HS	393	0	14803	981223
HS	392	0	14646	995869
HS	391	0	15157	1011026
HS	390	0	15307	1026333
HS	389	0	15443	1041776
HS	388	0	15592	1057368
HS	387	0	15733	1073101
HS	386	0	15786	1088887
HS	385	0	15949	1104836
HS	384	0	16137	1120973
HS	383	0	16262	1137235
HS	382	0	16606	1153841
HS	381	0	16586	1170427
HS	380	0	16762	1187189
HS	379	0	16907	1204096
HS	378	0	16960	1221056
HS	377	0	17101	1238157
HS	376	0	17525	1255682
HS	375	0	17267	1272949
HS	374	0	17553	1290502
HS	373	0	17740	1308242
HS	372	0	17666	1325908
HS	371	0	17522	1343430
HS	370	0	17876	1361306
HS	369	0	18033	1379339
HS	368	0	18252	1397591
HS	367	0	17822	1415413
HS	366	0	18340	1433753
HS	365	0	18530	1452283
HS	364	0	18453	1470736
HS	363	0	18698	1489434
HS	362	0	18738	1508172
HS	361	0	18931	1527103
HS	360	0	18768	1545871
HS	359	0	19032	1564903
HS	358	0	19113	1584016
HS	357	0	19275	1603291
HS	356	0	19006	1622297
HS	355	0	19115	1641412
HS	354	0	19533	1660945
HS	353	0	19284	1680229
HS	352	0	19317	1699546
HS	351	0	19379	1718925
HS	350	0	19530	1738455
HS	349	0	19673	1758128
HS	348	0	20008	1778136
HS	347	0	19722	1797858
HS	346	0	19979	1817837
HS	345	0	19978	1837815
HS	344	0	19743	1857558
HS	343	0	19954	1877512
HS	342	0	20276	1897788
HS	341	0	20176	1917964
HS	340	0	19851	1937815
HS	339	0	20220	1958035
HS	338	0	19992	1978027
HS	337	0	20166	1998193
HS	336	0	20172	2018365
HS	335	0	20079	2038444
HS	334	0	20318	2058762
HS	333	0	20194	2078956
HS	332	0	20248	2099204
HS	331	0	19968	2119172
HS	330	0	20039	2139211
HS	329	0	19892	2159103
HS	328	0	19887	2178990
HS	327	0	19808	2198798
HS	326	0	19815	2218613
HS	325	0	19720	2238333
HS	324	0	19535	2257868
HS	323	0	19384	2277252
HS	322	0	19696	2296948
HS	321	0	19532	2316480
HS	320	0	19466	2335946
HS	319	0	19500	2355446
HS	318	0	19544	2374990
HS	317	0	19288	2394278
HS	316	0	19133	2413411
HS	315	0	19337	2432748
HS	314	0	19558	2452306
HS	313	0	19213	2471519
HS	312	0	19128	2490647
HS	311	0	18980	2509627
HS	310	0	19068	2528695
HS	309	0	18835	2547530
HS	308	0	18808	2566338
HS	307	0	18753	2585091
HS	306	0	18377	2603468
HS	305	0	18448	2621916
HS	304	0	18471	2640387
HS	303	0	18112	2658499
HS	302	0	18122	2676621
HS	301	0	17866	2694487
HS	300	0	17671	2712158
HS	299	0	17597	2729755
HS	298	0	17726	2747481
HS	297	0	17090	2764571
HS	296	0	17270	2781841
HS	295	0	16964	2798805
HS	294	0	16735	2815540
HS	293	0	16664	2832204
HS	292	0	16288	2848492
HS	291	0	16286	2864778
HS	290	0	16305	2881083
HS	289	0	16259	2897342
HS	288	0	15721	2913063
HS	287	0	15837	2928900
HS	286	0	15484	2944384
HS	285	0	15521	2959905
HS	284	0	15109	2975014
HS	283	0	14982	2989996
HS	282	0	14938	3004934
HS	281	0	14810	3019744
HS	280	0	14460	3034204
HS	279	0	14222	3048426
HS	278	0	14014	3062440
HS	277	0	13844	3076284
HS	276	0	13690	3089974
HS	275	0	13480	3103454
HS	274	0	13351	3116805
HS	273	0	12969	3129774
HS	272	0	12818	3142592
HS	271	0	12446	3155038
HS	270	0	12218	3167256
HS	269	0	12046	3179302
HS	268	0	11743	3191045
HS	267	0	11588	3202633
HS	266	0	11530	3214163
HS	265	0	11223	3225386
HS	264	0	11097	3236483
HS	263	0	10678	3247161
HS	262	0	10621	3257782
HS	261	0	10452	3268234
HS	260	0	10054	3278288
HS	259	0	9877	3288165
HS	258	0	9669	3297834
HS	257	0	9418	3307252
HS	256	0	9278	3316530
HS	255	0	9055	3325585
HS	254	0	9083	3334668
HS	253	0	8802	3343470
HS	252	0	8624	3352094
HS	251	0	8294	3360388
HS	250	0	8143	3368531
HS	249	0	7871	3376402
HS	248	0	7672	3384074
HS	247	0	7563	3391637
HS	246	0	7245	3398882
HS	245	0	7023	3405905
HS	244	0	6972	3412877
HS	243	0	6752	3419629
HS	242	0	6618	3426247
HS	241	0	6458	3432705
HS	240	0	6366	3439071
HS	239	0	6071	3445142
HS	238	0	5950	3451092
HS	237	0	5792	3456884
HS	236	0	5661	3462545
HS	235	0	5533	3468078
HS	234	0	5339	3473417
HS	233	0	5202	3478619
HS	232	0	5079	3483698
HS	231	0	4928	3488626
HS	230	0	4721	3493347
HS	229	0	4670	3498017
HS	228	0	4525	3502542
HS	227	0	4498	3507040
HS	226	0	4248	3511288
HS	225	0	3924	3515212
HS	224	0	3972	3519184
HS	223	0	3832	3523016
HS	222	0	3768	3526784
HS	221	0	3621	3530405
HS	220	0	3530	3533935
HS	219	0	3402	3537337
HS	218	0	3283	3540620
HS	217	0	3172	3543792
HS	216	0	3063	3546855
HS	215	0	2992	3549847
HS	214	0	2849	3552696
HS	213	0	2884	3555580
HS	212	0	2744	3558324
HS	211	0	2664	3560988
HS	210	0	2590	3563578
HS	209	0	2541	3566119
HS	208	0	2427	3568546
HS	207	0	2392	3570938
HS	206	0	2366	3573304
HS	205	0	2284	3575588
HS	204	0	2121	3577709
HS	203	0	2066	3579775
HS	202	0	2008	3581783
HS	201	0	1970	3583753
HS	200	0	1796	3585549
HS	199	0	1686	3587235
HS	198	0	1657	3588892
HS	197	0	1649	3590541
HS	196	0	1489	3592030
HS	195	0	1452	3593482
HS	194	0	1391	3594873
HS	193	0	1398	3596271
HS	192	0	1301	3597572
HS	191	0	1285	3598857
HS	190	0	1220	3600077
HS	189	0	1224	3601301
HS	188	0	1151	3602452
HS	187	0	1105	3603557
HS	186	0	1050	3604607
HS	185	0	1017	3605624
HS	184	0	1017	3606641
HS	183	0	937	3607578
HS	182	0	887	3608465
HS	181	0	814	3609279
HS	180	0	858	3610137
HS	179	0	810	3610947
HS	178	0	769	3611716
HS	177	0	757	3612473
HS	176	0	746	3613219
HS	175	0	779	3613998
HS	174	0	692	3614690
HS	173	0	714	3615404
HS	172	0	642	3616046
HS	171	0	654	3616700
HS	170	0	685	3617385
HS	169	0	587	3617972
HS	168	0	485	3618457
HS	167	0	498	3618955
HS	166	0	471	3619426
HS	165	0	469	3619895
HS	164	0	402	3620297
HS	163	0	426	3620723
HS	162	0	367	3621090
HS	161	0	367	3621457
HS	160	0	363	3621820
HS	159	0	363	3622183
HS	158	0	327	3622510
HS	157	0	345	3622855
HS	156	0	301	3623156
HS	155	0	284	3623440
HS	154	0	297	3623737
HS	153	0	289	3624026
HS	152	0	266	3624292
HS	151	0	252	3624544
HS	150	0	253	3624797
HS	149	0	237	3625034
HS	148	0	207	3625241
HS	147	0	209	3625450
HS	146	0	212	3625662
HS	145	0	207	3625869
HS	144	0	213	3626082
HS	143	0	188	3626270
HS	142	0	189	3626459
HS	141	0	170	3626629
HS	140	0	151	3626780
HS	139	0	148	3626928
HS	138	0	174	3627102
HS	137	0	150	3627252
HS	136	0	152	3627404
HS	135	0	148	3627552
HS	134	0	131	3627683
HS	133	0	128	3627811
HS	132	0	138	3627949
HS	131	0	141	3628090
HS	130	0	123	3628213
HS	129	0	126	3628339
HS	128	0	128	3628467
HS	127	0	86	3628553
HS	126	0	105	3628658
HS	125	0	101	3628759
HS	124	0	98	3628857
HS	123	0	90	3628947
HS	122	0	104	3629051
HS	121	0	107	3629158
HS	120	0	99	3629257
HS	119	0	93	3629350
HS	118	0	82	3629432
HS	117	0	92	3629524
HS	116	0	67	3629591
HS	115	0	68	3629659
HS	114	0	86	3629745
HS	113	0	53	3629798
HS	112	0	53	3629851
HS	111	0	79	3629930
HS	110	0	75	3630005
HS	109	0	77	3630082
HS	108	0	67	3630149
HS	107	0	66	3630215
HS	106	0	55	3630270
HS	105	0	58	3630328
HS	104	0	66	3630394
HS	103	0	49	3630443
HS	102	0	55	3630498
HS	101	0	36	3630534
HS	100	0	27	3630561
HS	99	0	32	3630593
HS	98	0	31	3630624
HS	97	0	32	3630656
HS	96	0	41	3630697
HS	95	0	27	3630724
HS	94	0	28	3630752
HS	93	0	30	3630782
HS	92	0	22	3630804
HS	91	0	20	3630824
HS	90	0	28	3630852
HS	89	0	42	3630894
HS	88	0	27	3630921
HS	87	0	51	3630972
HS	86	0	29	3631001
HS	85	0	25	3631026
HS	84	0	31	3631057
HS	83	0	44	3631101
HS	82	0	41	3631142
HS	81	0	51	3631193
HS	80	0	60	3631253
HS	79	0	48	3631301
HS	78	0	58	3631359
HS	77	0	59	3631418
HS	76	0	47	3631465
HS	75	0	57	3631522
HS	74	0	85	3631607
HS	73	0	90	3631697
HS	72	0	105	3631802
HS	71	0	125	3631927
HS	70	0	113	3632040
HS	69	0	115	3632155
HS	68	0	137	3632292
HS	67	0	137	3632429
HS	66	0	114	3632543
HS	65	0	128	3632671
HS	64	0	150	3632821
HS	63	0	118	3632939
HS	62	0	130	3633069
HS	61	0	160	3633229
HS	60	0	228	3633457
HS	59	0	243	3633700
HS	58	0	274	3633974
HS	57	0	323	3634297
HS	56	0	350	3634647
HS	55	0	333	3634980
HS	54	0	444	3635424
HS	53	0	407	3635831
HS	52	0	468	3636299
HS	51	0	518	3636817
HS	50	0	531	3637348
HS	49	0	651	3637999
HS	48	0	706	3638705
HS	47	0	815	3639520
HS	46	0	964	3640484
HS	45	0	1051	3641535
HS	44	0	1076	3642611
HS	43	0	1315	3643926
HS	42	0	1270	3645196
HS	41	0	1418	3646614
HS	40	0	1527	3648141
HS	39	0	1770	3649911
HS	38	0	2034	3651945
HS	37	0	2209	3654154
HS	36	0	2615	3656769
HS	35	0	2748	3659517
HS	34	0	2994	3662511
HS	33	0	3540	3666051
HS	32	0	3832	3669883
HS	31	0	4357	3674240
HS	30	0	4985	3679225
HS	29	0	5702	3684927
HS	28	0	6469	3691396
HS	27	0	7475	3698871
HS	26	0	8387	3707258
HS	25	0	9233	3716491
HS	24	0	10473	3726964
HS	23	0	11670	3738634
HS	22	0	13075	3751709
HS	21	0	15107	3766816
HS	20	0	17630	3784446
HS	19	0	20622	3805068
HS	18	0	23728	3828796
HS	17	0	27865	3856661
HS	16	0	33760	3890421
HS	15	0	39541	3929962
HS	14	0	48573	3978535
HS	13	0	59389	4037924
HS	12	0	75152	4113076
HS	11	0	97186	4210262
HS	10	0	126252	4336514
HS	9	0	171180	4507694
HS	8	0	244074	4751768
HS	7	0	367592	5119360
HS	6	0	586490	5705850
HS	5	0	1029181	6735031
HS	4	0	2035742	8770773
HS	3	0	4750017	13520790
HS	2	0	14486455	28007245
HS	1	0	0	28007245
HS	0	0	0	28007245
