CC	CT  kmer_occurrence    short_read_kmer_count  raw_input_kmer_count  adjusted_input_kmer_count
CC	FR  fpr_lower_bound    fpr_upper_bound
CC	ER  total_input_kmers  adjusted_error_kmers
CC	CV  coverage
CC	QV  raw_quality_value  adjusted_quality_value
CC
SQ	JAUCFY010000001.1	356616	356586	356586	99.00
SQ	JAUCFY010000002.1	4807694	4807664	4806131	49.88
CT	1023	2580	18607	18607.000
CT	1022	5	40	40.000
CT	1021	14	112	112.000
CT	1020	19	144	144.000
CT	1019	18	144	144.000
CT	1018	11	88	88.000
CT	1017	12	80	80.000
CT	1016	11	88	88.000
CT	1015	12	88	88.000
CT	1014	11	88	88.000
CT	1013	10	72	72.000
CT	1012	12	96	96.000
CT	1011	8	64	64.000
CT	1010	9	72	72.000
CT	1009	15	112	112.000
CT	1008	17	136	136.000
CT	1007	11	80	80.000
CT	1006	9	72	72.000
CT	1005	13	104	104.000
CT	1004	14	112	112.000
CT	1003	8	64	64.000
CT	1002	15	112	112.000
CT	1001	10	80	80.000
CT	1000	12	96	96.000
CT	999	20	160	160.000
CT	998	7	56	56.000
CT	997	9	72	72.000
CT	996	16	128	128.000
CT	995	17	136	136.000
CT	994	21	168	168.000
CT	993	17	136	136.000
CT	992	15	120	120.000
CT	991	17	136	136.000
CT	990	10	80	80.000
CT	989	12	88	88.000
CT	988	13	104	104.000
CT	987	9	72	72.000
CT	986	11	88	88.000
CT	985	13	104	104.000
CT	984	14	112	112.000
CT	983	21	168	168.000
CT	982	16	120	120.000
CT	981	14	112	112.000
CT	980	14	112	112.000
CT	979	17	128	128.000
CT	978	18	136	136.000
CT	977	22	168	168.000
CT	976	14	112	112.000
CT	975	15	112	112.000
CT	974	8	64	64.000
CT	973	17	128	128.000
CT	972	11	88	88.000
CT	971	22	168	168.000
CT	970	14	104	104.000
CT	969	16	128	128.000
CT	968	15	80	80.000
CT	967	11	88	88.000
CT	966	18	136	136.000
CT	965	19	152	152.000
CT	964	15	120	120.000
CT	963	12	96	96.000
CT	962	19	136	136.000
CT	961	21	160	160.000
CT	960	7	56	56.000
CT	959	12	96	96.000
CT	958	14	96	96.000
CT	957	16	128	128.000
CT	956	13	104	104.000
CT	955	12	88	88.000
CT	954	19	144	144.000
CT	953	8	64	64.000
CT	952	12	96	96.000
CT	951	11	88	88.000
CT	950	6	48	48.000
CT	949	10	80	80.000
CT	948	7	56	56.000
CT	947	11	88	88.000
CT	946	9	72	72.000
CT	945	6	48	48.000
CT	944	11	88	88.000
CT	943	10	80	80.000
CT	942	5	40	40.000
CT	941	5	40	40.000
CT	940	7	56	56.000
CT	939	11	88	88.000
CT	938	4	32	32.000
CT	937	7	56	56.000
CT	936	16	128	128.000
CT	935	9	56	56.000
CT	934	7	56	56.000
CT	933	7	56	56.000
CT	932	8	64	64.000
CT	931	7	56	56.000
CT	930	8	64	64.000
CT	929	7	56	56.000
CT	928	11	88	88.000
CT	927	9	70	70.000
CT	926	2	8	8.000
CT	925	11	78	78.000
CT	924	8	64	64.000
CT	923	6	48	48.000
CT	922	3	24	24.000
CT	921	7	56	56.000
CT	920	11	88	88.000
CT	919	5	40	40.000
CT	918	12	96	96.000
CT	917	8	56	56.000
CT	916	10	80	80.000
CT	915	7	56	56.000
CT	914	9	70	70.000
CT	913	9	56	56.000
CT	912	7	54	54.000
CT	911	9	70	70.000
CT	910	5	40	40.000
CT	909	6	48	48.000
CT	908	9	66	66.000
CT	907	8	56	56.000
CT	906	5	38	38.000
CT	905	11	88	88.000
CT	904	10	80	80.000
CT	903	11	88	88.000
CT	902	9	68	68.000
CT	901	7	52	52.000
CT	900	6	48	48.000
CT	899	6	48	48.000
CT	898	15	116	116.000
CT	897	9	62	62.000
CT	896	7	56	56.000
CT	895	10	78	78.000
CT	894	7	56	56.000
CT	893	14	110	110.000
CT	892	10	80	80.000
CT	891	14	104	104.000
CT	890	9	70	70.000
CT	889	12	96	96.000
CT	888	10	80	80.000
CT	887	10	80	80.000
CT	886	4	32	32.000
CT	885	10	80	80.000
CT	884	12	96	96.000
CT	883	13	104	104.000
CT	882	5	40	40.000
CT	881	3	24	24.000
CT	880	7	56	56.000
CT	879	6	48	48.000
CT	878	8	64	64.000
CT	877	3	24	24.000
CT	876	6	40	40.000
CT	875	4	32	32.000
CT	874	6	48	48.000
CT	873	8	56	56.000
CT	872	6	48	48.000
CT	871	7	48	48.000
CT	870	7	37	37.000
CT	869	4	24	24.000
CT	868	4	32	32.000
CT	867	10	80	80.000
CT	866	4	24	24.000
CT	865	3	21	21.000
CT	864	6	48	48.000
CT	863	6	48	48.000
CT	862	4	32	32.000
CT	861	9	53	53.000
CT	860	5	29	29.000
CT	859	5	37	37.000
CT	858	10	68	68.000
CT	857	5	40	40.000
CT	856	4	32	32.000
CT	855	4	32	32.000
CT	854	7	39	39.000
CT	853	3	13	13.000
CT	852	8	55	55.000
CT	851	3	21	21.000
CT	850	5	37	37.000
CT	849	9	66	66.000
CT	848	7	50	50.000
CT	847	5	32	32.000
CT	846	5	29	29.000
CT	845	6	48	48.000
CT	844	13	101	101.000
CT	843	9	72	72.000
CT	842	6	37	37.000
CT	841	4	32	32.000
CT	840	5	34	34.000
CT	839	10	77	77.000
CT	838	7	48	48.000
CT	837	5	34	34.000
CT	836	7	48	48.000
CT	835	5	29	29.000
CT	834	5	40	40.000
CT	833	9	64	64.000
CT	832	8	64	64.000
CT	831	3	16	16.000
CT	830	3	24	24.000
CT	829	7	48	48.000
CT	828	2	16	16.000
CT	827	10	56	56.000
CT	826	9	72	72.000
CT	825	4	32	32.000
CT	824	7	48	48.000
CT	823	5	38	38.000
CT	822	9	60	60.000
CT	821	5	18	18.000
CT	820	7	48	48.000
CT	819	4	32	32.000
CT	818	4	26	26.000
CT	817	6	44	44.000
CT	816	11	80	80.000
CT	815	5	40	40.000
CT	814	6	46	46.000
CT	813	4	6	6.000
CT	812	7	40	40.000
CT	811	3	22	22.000
CT	810	4	24	24.000
CT	809	3	24	24.000
CT	808	5	32	32.000
CT	807	3	24	24.000
CT	806	3	22	22.000
CT	805	2	8	8.000
CT	804	3	24	24.000
CT	803	4	24	24.000
CT	802	3	24	24.000
CT	801	2	16	16.000
CT	800	3	22	22.000
CT	799	2	8	8.000
CT	798	4	31	31.000
CT	797	3	14	14.000
CT	796	2	14	14.000
CT	795	1	8	8.000
CT	794	4	32	32.000
CT	793	1	6	6.000
CT	792	3	22	22.000
CT	791	3	15	15.000
CT	790	5	37	37.000
CT	789	6	37	37.000
CT	788	3	16	16.000
CT	787	4	30	30.000
CT	786	5	30	30.000
CT	785	8	54	54.000
CT	784	7	54	54.000
CT	783	5	40	40.000
CT	782	6	32	32.000
CT	781	4	23	23.000
CT	780	7	48	48.000
CT	779	3	24	24.000
CT	778	7	56	56.000
CT	777	12	87	87.000
CT	776	4	32	32.000
CT	775	4	32	32.000
CT	774	5	22	22.000
CT	773	4	24	24.000
CT	772	6	39	39.000
CT	771	3	24	24.000
CT	770	6	42	42.000
CT	769	8	45	45.000
CT	768	3	16	16.000
CT	767	12	66	66.000
CT	766	5	40	40.000
CT	765	8	36	36.000
CT	764	5	30	30.000
CT	763	2	13	13.000
CT	762	12	80	80.000
CT	761	5	24	24.000
CT	760	3	24	24.000
CT	759	4	18	18.000
CT	758	9	48	48.000
CT	757	6	31	31.000
CT	756	6	40	40.000
CT	755	12	65	65.000
CT	754	7	53	53.000
CT	753	8	48	48.000
CT	752	5	32	32.000
CT	751	11	53	53.000
CT	750	3	16	16.000
CT	749	6	24	24.000
CT	748	9	40	40.000
CT	747	2	16	16.000
CT	746	2	5	5.000
CT	745	7	50	50.000
CT	744	4	29	29.000
CT	743	4	21	21.000
CT	742	4	13	13.000
CT	741	4	8	8.000
CT	740	6	32	32.000
CT	739	2	16	16.000
CT	738	3	13	13.000
CT	737	3	13	13.000
CT	736	7	48	48.000
CT	735	3	8	8.000
CT	734	7	40	40.000
CT	733	4	16	16.000
CT	732	7	36	36.000
CT	731	5	16	16.000
CT	730	3	17	17.000
CT	729	2	13	13.000
CT	728	6	24	24.000
CT	727	6	32	32.000
CT	726	4	16	16.000
CT	725	8	48	48.000
CT	724	4	29	29.000
CT	723	11	47	47.000
CT	722	4	16	16.000
CT	721	3	16	16.000
CT	720	4	16	16.000
CT	719	6	29	29.000
CT	718	1	0	0.000
CT	717	10	66	66.000
CT	716	3	16	16.000
CT	715	6	40	40.000
CT	714	2	5	5.000
CT	713	5	16	16.000
CT	712	4	29	29.000
CT	711	9	50	50.000
CT	710	8	48	48.000
CT	709	6	20	20.000
CT	708	8	52	52.000
CT	707	3	24	24.000
CT	706	2	8	8.000
CT	705	2	16	16.000
CT	704	12	39	39.000
CT	703	8	48	48.000
CT	702	3	24	24.000
CT	701	4	16	16.000
CT	700	4	16	16.000
CT	699	7	30	30.000
CT	698	6	31	31.000
CT	697	4	24	24.000
CT	696	3	8	8.000
CT	695	8	62	62.000
CT	694	7	46	46.000
CT	693	7	32	32.000
CT	692	4	22	22.000
CT	691	6	23	23.000
CT	690	8	23	23.000
CT	689	7	45	45.000
CT	688	7	46	46.000
CT	687	3	22	22.000
CT	686	5	31	31.000
CT	685	6	37	37.000
CT	684	2	8	8.000
CT	683	6	31	31.000
CT	682	6	31	31.000
CT	681	2	8	8.000
CT	680	3	15	15.000
CT	679	3	15	15.000
CT	678	5	32	32.000
CT	677	2	15	15.000
CT	676	4	15	15.000
CT	675	6	30	30.000
CT	674	2	15	15.000
CT	673	2	8	8.000
CT	672	4	24	24.000
CT	671	6	32	32.000
CT	670	2	16	16.000
CT	669	4	24	24.000
CT	668	2	8	8.000
CT	667	8	47	47.000
CT	666	5	31	31.000
CT	665	7	31	31.000
CT	664	4	23	23.000
CT	663	5	40	40.000
CT	662	9	51	51.000
CT	661	2	16	16.000
CT	660	3	7	7.000
CT	659	2	2	2.000
CT	658	3	16	16.000
CT	657	3	4	4.000
CT	656	3	16	16.000
CT	655	5	12	12.000
CT	654	4	9	9.000
CT	653	2	0	0.000
CT	652	2	2	2.000
CT	651	4	8	8.000
CT	650	4	18	18.000
CT	649	6	18	18.000
CT	648	1	7	7.000
CT	647	2	10	10.000
CT	646	3	23	23.000
CT	645	10	38	38.000
CT	644	7	20	20.000
CT	643	0	0	0.000
CT	642	7	40	40.000
CT	641	5	24	24.000
CT	640	9	30	30.000
CT	639	6	17	17.000
CT	638	5	15	15.000
CT	637	2	8	8.000
CT	636	5	6	6.000
CT	635	3	9	9.000
CT	634	8	33	33.000
CT	633	8	24	24.000
CT	632	5	22	22.000
CT	631	6	22	22.000
CT	630	4	13	13.000
CT	629	5	23	23.000
CT	628	10	37	37.000
CT	627	4	15	15.000
CT	626	6	11	11.000
CT	625	9	36	36.000
CT	624	7	29	29.000
CT	623	8	17	17.000
CT	622	12	43	43.000
CT	621	11	24	24.000
CT	620	10	23	23.000
CT	619	7	16	16.000
CT	618	10	33	33.000
CT	617	14	32	32.000
CT	616	16	38	38.000
CT	615	9	27	27.000
CT	614	7	17	17.000
CT	613	14	45	45.000
CT	612	16	48	48.000
CT	611	5	6	6.000
CT	610	7	14	14.000
CT	609	8	17	17.000
CT	608	9	12	12.000
CT	607	17	36	36.000
CT	606	16	39	39.000
CT	605	12	25	25.000
CT	604	13	27	27.000
CT	603	15	34	34.000
CT	602	18	35	35.000
CT	601	13	22	22.000
CT	600	15	20	20.000
CT	599	12	22	22.000
CT	598	14	27	27.000
CT	597	21	42	42.000
CT	596	18	37	37.000
CT	595	12	27	27.000
CT	594	7	19	19.000
CT	593	11	22	22.000
CT	592	21	53	53.000
CT	591	5	9	9.000
CT	590	19	49	49.000
CT	589	10	21	21.000
CT	588	12	39	39.000
CT	587	8	28	28.000
CT	586	12	37	37.000
CT	585	8	29	29.000
CT	584	15	53	53.000
CT	583	13	35	35.000
CT	582	12	31	31.000
CT	581	10	32	32.000
CT	580	12	37	37.000
CT	579	14	32	32.000
CT	578	15	47	47.000
CT	577	11	23	23.000
CT	576	19	61	61.000
CT	575	16	47	47.000
CT	574	8	24	24.000
CT	573	16	54	54.000
CT	572	8	21	21.000
CT	571	16	59	59.000
CT	570	12	31	31.000
CT	569	9	24	24.000
CT	568	12	34	34.000
CT	567	13	26	26.000
CT	566	10	24	24.000
CT	565	7	10	10.000
CT	564	13	30	30.000
CT	563	9	14	14.000
CT	562	10	18	18.000
CT	561	12	24	24.000
CT	560	6	12	12.000
CT	559	12	22	22.000
CT	558	10	18	18.000
CT	557	7	8	8.000
CT	556	12	24	24.000
CT	555	12	20	20.000
CT	554	7	20	20.000
CT	553	16	30	30.000
CT	552	12	33	33.000
CT	551	13	28	28.000
CT	550	13	24	24.000
CT	549	9	20	20.000
CT	548	12	28	28.000
CT	547	16	36	36.000
CT	546	15	33	33.000
CT	545	11	23	23.000
CT	544	14	31	31.000
CT	543	11	21	21.000
CT	542	4	7	7.000
CT	541	14	23	23.000
CT	540	7	16	16.000
CT	539	5	9	9.000
CT	538	8	11	11.000
CT	537	7	18	18.000
CT	536	7	15	15.000
CT	535	3	5	5.000
CT	534	6	11	11.000
CT	533	2	2	2.000
CT	532	3	9	9.000
CT	531	7	8	8.000
CT	530	8	10	10.000
CT	529	4	12	12.000
CT	528	6	8	8.000
CT	527	14	34	34.000
CT	526	15	40	40.000
CT	525	13	24	24.000
CT	524	9	16	16.000
CT	523	14	30	30.000
CT	522	13	33	33.000
CT	521	10	23	23.000
CT	520	9	21	21.000
CT	519	12	25	25.000
CT	518	15	35	35.000
CT	517	8	19	19.000
CT	516	16	35	35.000
CT	515	11	22	22.000
CT	514	19	42	42.000
CT	513	20	52	52.000
CT	512	10	20	20.000
CT	511	9	14	14.000
CT	510	18	39	39.000
CT	509	18	40	40.000
CT	508	18	37	37.000
CT	507	6	8	8.000
CT	506	12	25	25.000
CT	505	21	47	47.000
CT	504	14	35	35.000
CT	503	20	35	35.000
CT	502	13	24	24.000
CT	501	15	27	27.000
CT	500	28	53	53.000
CT	499	9	18	18.000
CT	498	11	21	21.000
CT	497	19	51	51.000
CT	496	14	29	29.000
CT	495	16	28	28.000
CT	494	17	34	34.000
CT	493	19	43	43.000
CT	492	24	49	49.000
CT	491	22	50	50.000
CT	490	15	35	35.000
CT	489	23	50	50.000
CT	488	23	42	42.000
CT	487	19	34	34.000
CT	486	33	63	63.000
CT	485	25	48	48.000
CT	484	18	37	37.000
CT	483	27	58	58.000
CT	482	20	39	39.000
CT	481	31	59	59.000
CT	480	34	75	75.000
CT	479	32	69	69.000
CT	478	26	51	51.000
CT	477	28	54	54.000
CT	476	31	61	61.000
CT	475	33	68	68.000
CT	474	31	63	63.000
CT	473	38	69	69.000
CT	472	38	79	79.000
CT	471	48	79	79.000
CT	470	31	62	62.000
CT	469	32	63	63.000
CT	468	46	97	97.000
CT	467	48	89	89.000
CT	466	39	83	83.000
CT	465	40	91	91.000
CT	464	36	70	70.000
CT	463	41	87	87.000
CT	462	34	62	62.000
CT	461	27	49	49.000
CT	460	32	61	61.000
CT	459	37	71	71.000
CT	458	28	59	59.000
CT	457	39	78	78.000
CT	456	33	69	69.000
CT	455	38	69	69.000
CT	454	29	54	54.000
CT	453	40	84	84.000
CT	452	49	102	102.000
CT	451	40	85	85.000
CT	450	43	89	89.000
CT	449	33	69	69.000
CT	448	35	90	90.000
CT	447	35	68	68.000
CT	446	52	96	96.000
CT	445	41	80	80.000
CT	444	25	60	60.000
CT	443	47	89	89.000
CT	442	49	103	103.000
CT	441	34	84	84.000
CT	440	41	81	81.000
CT	439	35	69	69.000
CT	438	43	83	83.000
CT	437	49	100	100.000
CT	436	57	106	106.000
CT	435	37	65	65.000
CT	434	34	72	72.000
CT	433	49	97	97.000
CT	432	54	92	92.000
CT	431	44	77	77.000
CT	430	60	100	100.000
CT	429	49	91	91.000
CT	428	57	103	103.000
CT	427	49	79	79.000
CT	426	60	109	109.000
CT	425	42	69	69.000
CT	424	53	99	99.000
CT	423	44	88	88.000
CT	422	51	86	86.000
CT	421	59	101	101.000
CT	420	53	86	86.000
CT	419	41	70	70.000
CT	418	59	107	107.000
CT	417	45	65	65.000
CT	416	45	78	78.000
CT	415	51	91	91.000
CT	414	55	90	90.000
CT	413	43	70	70.000
CT	412	45	67	67.000
CT	411	54	87	87.000
CT	410	54	72	72.000
CT	409	61	92	92.000
CT	408	61	83	83.000
CT	407	49	69	69.000
CT	406	71	99	99.000
CT	405	59	82	82.000
CT	404	63	95	95.000
CT	403	65	96	96.000
CT	402	61	85	85.000
CT	401	72	94	94.000
CT	400	58	83	83.000
CT	399	71	103	103.000
CT	398	68	97	97.000
CT	397	64	89	89.000
CT	396	51	73	73.000
CT	395	81	103	103.000
CT	394	60	91	91.000
CT	393	66	96	96.000
CT	392	68	91	91.000
CT	391	85	111	111.000
CT	390	83	109	109.000
CT	389	66	98	98.000
CT	388	69	97	97.000
CT	387	74	101	101.000
CT	386	99	128	128.000
CT	385	74	96	96.000
CT	384	84	109	109.000
CT	383	82	104	104.000
CT	382	103	125	125.000
CT	381	91	119	119.000
CT	380	95	115	115.000
CT	379	101	125	125.000
CT	378	141	174	174.000
CT	377	110	140	140.000
CT	376	111	144	144.000
CT	375	128	170	170.000
CT	374	143	168	168.000
CT	373	131	162	162.000
CT	372	123	141	141.000
CT	371	153	187	187.000
CT	370	146	173	173.000
CT	369	159	186	186.000
CT	368	143	159	159.000
CT	367	187	214	214.000
CT	366	162	188	188.000
CT	365	172	209	209.000
CT	364	159	193	193.000
CT	363	195	225	225.000
CT	362	176	205	205.000
CT	361	190	217	217.000
CT	360	223	251	251.000
CT	359	205	224	224.000
CT	358	278	308	308.000
CT	357	246	254	254.000
CT	356	286	312	312.000
CT	355	225	244	244.000
CT	354	272	290	290.000
CT	353	297	327	327.000
CT	352	283	315	315.000
CT	351	333	361	361.000
CT	350	353	367	367.000
CT	349	347	375	375.000
CT	348	366	397	397.000
CT	347	362	388	388.000
CT	346	390	419	419.000
CT	345	387	396	396.000
CT	344	442	473	473.000
CT	343	404	431	431.000
CT	342	456	486	486.000
CT	341	427	452	452.000
CT	340	483	509	509.000
CT	339	489	518	518.000
CT	338	563	598	598.000
CT	337	549	594	594.000
CT	336	590	623	623.000
CT	335	599	632	632.000
CT	334	631	674	674.000
CT	333	610	642	642.000
CT	332	651	679	679.000
CT	331	667	694	694.000
CT	330	719	752	752.000
CT	329	747	781	781.000
CT	328	781	825	825.000
CT	327	848	880	880.000
CT	326	840	882	882.000
CT	325	935	995	995.000
CT	324	1009	1057	1057.000
CT	323	982	1026	1026.000
CT	322	1012	1052	1052.000
CT	321	1068	1102	1102.000
CT	320	1057	1076	1076.000
CT	319	1041	1079	1079.000
CT	318	1019	1042	1042.000
CT	317	1165	1199	1199.000
CT	316	1203	1240	1240.000
CT	315	1250	1268	1268.000
CT	314	1331	1358	1358.000
CT	313	1341	1357	1357.000
CT	312	1417	1436	1436.000
CT	311	1432	1442	1442.000
CT	310	1448	1463	1463.000
CT	309	1551	1565	1565.000
CT	308	1613	1626	1626.000
CT	307	1735	1745	1745.000
CT	306	1724	1726	1726.000
CT	305	1831	1837	1837.000
CT	304	1852	1867	1867.000
CT	303	1945	1956	1956.000
CT	302	1990	1995	1995.000
CT	301	2094	2103	2103.000
CT	300	2183	2193	2193.000
CT	299	2275	2292	2292.000
CT	298	2381	2418	2418.000
CT	297	2521	2534	2534.000
CT	296	2623	2637	2637.000
CT	295	2769	2798	2798.000
CT	294	2811	2841	2841.000
CT	293	2866	2893	2893.000
CT	292	2976	3010	3010.000
CT	291	3130	3155	3155.000
CT	290	3243	3270	3270.000
CT	289	3321	3341	3341.000
CT	288	3532	3544	3544.000
CT	287	3729	3753	3753.000
CT	286	3781	3809	3809.000
CT	285	3820	3842	3842.000
CT	284	4144	4165	4165.000
CT	283	4269	4291	4291.000
CT	282	4448	4474	4474.000
CT	281	4747	4764	4764.000
CT	280	4783	4793	4793.000
CT	279	5016	5028	5028.000
CT	278	5246	5263	5263.000
CT	277	5393	5410	5410.000
CT	276	5676	5701	5701.000
CT	275	5902	5924	5924.000
CT	274	6107	6130	6130.000
CT	273	6560	6577	6577.000
CT	272	6788	6803	6803.000
CT	271	6711	6722	6722.000
CT	270	7194	7213	7213.000
CT	269	7225	7229	7229.000
CT	268	7558	7579	7579.000
CT	267	7594	7608	7608.000
CT	266	8036	8050	8050.000
CT	265	8275	8302	8302.000
CT	264	8630	8645	8645.000
CT	263	9048	9075	9075.000
CT	262	9161	9188	9188.000
CT	261	9530	9557	9557.000
CT	260	9914	9926	9926.000
CT	259	10357	10383	10383.000
CT	258	10573	10592	10592.000
CT	257	11000	11020	11020.000
CT	256	11494	11517	11517.000
CT	255	11741	11759	11759.000
CT	254	11952	11962	11962.000
CT	253	12315	12336	12336.000
CT	252	12679	12689	12689.000
CT	251	13305	13316	13316.000
CT	250	13574	13590	13590.000
CT	249	14228	14245	14245.000
CT	248	14781	14791	14791.000
CT	247	15139	15146	15146.000
CT	246	15575	15598	15598.000
CT	245	16304	16313	16313.000
CT	244	16585	16592	16592.000
CT	243	17005	17006	17006.000
CT	242	17452	17449	17449.000
CT	241	18193	18206	18206.000
CT	240	18475	18475	18475.000
CT	239	19005	19002	19002.000
CT	238	19703	19699	19699.000
CT	237	20072	20060	20060.000
CT	236	20473	20474	20474.000
CT	235	21334	21332	21332.000
CT	234	21877	21878	21878.000
CT	233	22431	22429	22429.000
CT	232	23058	23044	23044.000
CT	231	23587	23585	23585.000
CT	230	24133	24113	24113.000
CT	229	24668	24669	24669.000
CT	228	25498	25497	25497.000
CT	227	26318	26321	26321.000
CT	226	26698	26704	26704.000
CT	225	27368	27365	27365.000
CT	224	28543	28542	28542.000
CT	223	28708	28718	28718.000
CT	222	29097	29112	29112.000
CT	221	29885	29892	29892.000
CT	220	30940	30932	30932.000
CT	219	31028	31033	31033.000
CT	218	31676	31682	31682.000
CT	217	32603	32601	32601.000
CT	216	33160	33151	33151.000
CT	215	34131	34120	34120.000
CT	214	34175	34170	34170.000
CT	213	35415	35410	35410.000
CT	212	36479	36475	36475.000
CT	211	36997	36992	36992.000
CT	210	37184	37183	37183.000
CT	209	38209	38208	38208.000
CT	208	39048	39043	39043.000
CT	207	39521	39519	39519.000
CT	206	39769	39767	39767.000
CT	205	41028	41021	41021.000
CT	204	41499	41487	41487.000
CT	203	42495	42484	42484.000
CT	202	42698	42702	42702.000
CT	201	43811	43807	43807.000
CT	200	43572	43572	43572.000
CT	199	44666	44669	44669.000
CT	198	44940	44937	44937.000
CT	197	45452	45438	45438.000
CT	196	45789	45783	45783.000
CT	195	46335	46326	46326.000
CT	194	46899	46887	46887.000
CT	193	47400	47375	47375.000
CT	192	47230	47215	47215.000
CT	191	48299	48289	48289.000
CT	190	48577	48546	48546.000
CT	189	49269	49257	49257.000
CT	188	49119	49096	49096.000
CT	187	49059	49041	49041.000
CT	186	49670	49646	49646.000
CT	185	50323	50299	50299.000
CT	184	50228	50206	50206.000
CT	183	50426	50398	50398.000
CT	182	50715	50681	50681.000
CT	181	51036	51006	51006.000
CT	180	51215	51184	51184.000
CT	179	51569	51535	51535.000
CT	178	51397	51370	51370.000
CT	177	51898	51869	51869.000
CT	176	51938	51919	51919.000
CT	175	51543	51527	51527.000
CT	174	51261	51250	51250.000
CT	173	51516	51502	51502.000
CT	172	51115	51096	51096.000
CT	171	50780	50757	50757.000
CT	170	50521	50493	50493.000
CT	169	50152	50123	50123.000
CT	168	50434	50405	50405.000
CT	167	49575	49555	49555.000
CT	166	49637	49618	49618.000
CT	165	49051	49038	49038.000
CT	164	48649	48627	48627.000
CT	163	47448	47436	47436.000
CT	162	47249	47233	47233.000
CT	161	46819	46799	46799.000
CT	160	45969	45935	45935.000
CT	159	45232	45210	45210.000
CT	158	45181	45149	45149.000
CT	157	43769	43730	43730.000
CT	156	43079	43056	43056.000
CT	155	42549	42532	42532.000
CT	154	41783	41756	41756.000
CT	153	41008	40983	40983.000
CT	152	40044	40019	40019.000
CT	151	39499	39467	39467.000
CT	150	38342	38322	38322.000
CT	149	37825	37811	37811.000
CT	148	36930	36905	36905.000
CT	147	36271	36234	36234.000
CT	146	35401	35368	35368.000
CT	145	34218	34184	34184.000
CT	144	33411	33392	33392.000
CT	143	32768	32746	32746.000
CT	142	31510	31485	31485.000
CT	141	30936	30902	30902.000
CT	140	29845	29819	29819.000
CT	139	29264	29247	29247.000
CT	138	28020	28002	28002.000
CT	137	26954	26930	26930.000
CT	136	26081	26059	26059.000
CT	135	25187	25173	25173.000
CT	134	24228	24199	24199.000
CT	133	23146	23125	23125.000
CT	132	22379	22362	22362.000
CT	131	21461	21444	21444.000
CT	130	20185	20166	20166.000
CT	129	19629	19610	19610.000
CT	128	18799	18785	18785.000
CT	127	17907	17898	17898.000
CT	126	17402	17388	17388.000
CT	125	16463	16450	16450.000
CT	124	15774	15755	15755.000
CT	123	14944	14915	14915.000
CT	122	14248	14227	14227.000
CT	121	13486	13453	13453.000
CT	120	12662	12645	12645.000
CT	119	12208	12186	12186.000
CT	118	11436	11412	11412.000
CT	117	10591	10575	10575.000
CT	116	9971	9947	9947.000
CT	115	9469	9441	9441.000
CT	114	8893	8872	8872.000
CT	113	8403	8382	8382.000
CT	112	7869	7843	7843.000
CT	111	7291	7271	7271.000
CT	110	6893	6875	6875.000
CT	109	6535	6513	6513.000
CT	108	6045	6025	6025.000
CT	107	5373	5359	5359.000
CT	106	5107	5084	5084.000
CT	105	4710	4687	4687.000
CT	104	4449	4431	4431.000
CT	103	4259	4246	4246.000
CT	102	3883	3870	3870.000
CT	101	3516	3505	3505.000
CT	100	3312	3283	3283.000
CT	99	2969	2950	2950.000
CT	98	2756	2732	2732.000
CT	97	2454	2440	2440.000
CT	96	2255	2237	2237.000
CT	95	2199	2183	2183.000
CT	94	1941	1929	1929.000
CT	93	1906	1885	1885.000
CT	92	1743	1723	1723.000
CT	91	1610	1583	1583.000
CT	90	1512	1482	1482.000
CT	89	1409	1377	1377.000
CT	88	1232	1210	1210.000
CT	87	1176	1150	1150.000
CT	86	1027	999	999.000
CT	85	950	925	925.000
CT	84	945	915	915.000
CT	83	883	859	859.000
CT	82	799	776	776.000
CT	81	677	650	650.000
CT	80	638	609	609.000
CT	79	568	543	543.000
CT	78	476	448	448.000
CT	77	470	442	442.000
CT	76	429	398	398.000
CT	75	378	351	351.000
CT	74	340	309	309.000
CT	73	277	244	244.000
CT	72	229	191	191.000
CT	71	220	178	178.000
CT	70	202	173	173.000
CT	69	209	173	173.000
CT	68	218	181	181.000
CT	67	181	133	133.000
CT	66	186	151	151.000
CT	65	197	154	154.000
CT	64	201	151	151.000
CT	63	182	144	144.000
CT	62	183	120	120.000
CT	61	151	90	90.000
CT	60	132	81	81.000
CT	59	112	51	51.000
CT	58	101	45	45.000
CT	57	107	58	58.000
CT	56	106	64	64.000
CT	55	112	50	50.000
CT	54	126	47	47.000
CT	53	104	34	34.000
CT	52	96	30	30.000
CT	51	107	42	42.000
CT	50	97	36	36.000
CT	49	137	50	49.999
CT	48	128	43	42.999
CT	47	127	38	37.999
CT	46	127	38	37.999
CT	45	141	34	33.999
CT	44	106	14	13.999
CT	43	134	25	24.999
CT	42	114	13	12.999
CT	41	128	15	14.999
CT	40	146	17	16.999
CT	39	178	16	15.999
CT	38	200	8	7.999
CT	37	156	13	12.999
CT	36	172	6	5.999
CT	35	176	9	8.999
CT	34	214	13	12.999
CT	33	242	5	4.999
CT	32	244	8	7.999
CT	31	267	6	5.998
CT	30	281	9	8.998
CT	29	347	8	7.998
CT	28	389	17	16.998
CT	27	447	11	10.997
CT	26	476	14	13.997
CT	25	500	16	15.997
CT	24	583	12	11.997
CT	23	597	9	8.996
CT	22	715	2	1.996
CT	21	886	6	5.995
CT	20	1008	5	4.994
CT	19	1233	2	1.993
CT	18	1424	0	0.000
CT	17	1706	3	2.990
CT	16	2199	3	2.987
CT	15	2694	0	0.000
CT	14	3459	1	0.979
CT	13	4272	4	3.974
CT	12	5625	0	0.000
CT	11	7826	0	0.000
CT	10	11090	0	0.000
CT	9	15386	0	0.000
CT	8	24777	1	-nan
CT	7	41495	3	-nan
CT	6	78092	4	-nan
CT	5	171431	5	-nan
CT	4	446125	2	-nan
CT	3	1436975	7	-nan
CT	2	8734921	53	-nan
CT	1	0	0	-nan
CT	0	0	1533	-nan
FR	6.08e-06	0
ER	5164250	0.000
CV	1.000
QV	50.188	50.188
