HS	1023	0	2580	2580
HS	1022	0	5	2585
HS	1021	0	14	2599
HS	1020	0	19	2618
HS	1019	0	18	2636
HS	1018	0	11	2647
HS	1017	0	12	2659
HS	1016	0	11	2670
HS	1015	0	12	2682
HS	1014	0	11	2693
HS	1013	0	10	2703
HS	1012	0	12	2715
HS	1011	0	8	2723
HS	1010	0	9	2732
HS	1009	0	15	2747
HS	1008	0	17	2764
HS	1007	0	11	2775
HS	1006	0	9	2784
HS	1005	0	13	2797
HS	1004	0	14	2811
HS	1003	0	8	2819
HS	1002	0	15	2834
HS	1001	0	10	2844
HS	1000	0	12	2856
HS	999	0	20	2876
HS	998	0	7	2883
HS	997	0	9	2892
HS	996	0	16	2908
HS	995	0	17	2925
HS	994	0	21	2946
HS	993	0	17	2963
HS	992	0	15	2978
HS	991	0	17	2995
HS	990	0	10	3005
HS	989	0	12	3017
HS	988	0	13	3030
HS	987	0	9	3039
HS	986	0	11	3050
HS	985	0	13	3063
HS	984	0	14	3077
HS	983	0	21	3098
HS	982	0	16	3114
HS	981	0	14	3128
HS	980	0	14	3142
HS	979	0	17	3159
HS	978	0	18	3177
HS	977	0	22	3199
HS	976	0	14	3213
HS	975	0	15	3228
HS	974	0	8	3236
HS	973	0	17	3253
HS	972	0	11	3264
HS	971	0	22	3286
HS	970	0	14	3300
HS	969	0	16	3316
HS	968	0	15	3331
HS	967	0	11	3342
HS	966	0	18	3360
HS	965	0	19	3379
HS	964	0	15	3394
HS	963	0	12	3406
HS	962	0	19	3425
HS	961	0	21	3446
HS	960	0	7	3453
HS	959	0	12	3465
HS	958	0	14	3479
HS	957	0	16	3495
HS	956	0	13	3508
HS	955	0	12	3520
HS	954	0	19	3539
HS	953	0	8	3547
HS	952	0	12	3559
HS	951	0	11	3570
HS	950	0	6	3576
HS	949	0	10	3586
HS	948	0	7	3593
HS	947	0	11	3604
HS	946	0	9	3613
HS	945	0	6	3619
HS	944	0	11	3630
HS	943	0	10	3640
HS	942	0	5	3645
HS	941	0	5	3650
HS	940	0	7	3657
HS	939	0	11	3668
HS	938	0	4	3672
HS	937	0	7	3679
HS	936	0	16	3695
HS	935	0	9	3704
HS	934	0	7	3711
HS	933	0	7	3718
HS	932	0	8	3726
HS	931	0	7	3733
HS	930	0	8	3741
HS	929	0	7	3748
HS	928	0	11	3759
HS	927	0	9	3768
HS	926	0	2	3770
HS	925	0	11	3781
HS	924	0	8	3789
HS	923	0	6	3795
HS	922	0	3	3798
HS	921	0	7	3805
HS	920	0	11	3816
HS	919	0	5	3821
HS	918	0	12	3833
HS	917	0	8	3841
HS	916	0	10	3851
HS	915	0	7	3858
HS	914	0	9	3867
HS	913	0	9	3876
HS	912	0	7	3883
HS	911	0	9	3892
HS	910	0	5	3897
HS	909	0	6	3903
HS	908	0	9	3912
HS	907	0	8	3920
HS	906	0	5	3925
HS	905	0	11	3936
HS	904	0	10	3946
HS	903	0	11	3957
HS	902	0	9	3966
HS	901	0	7	3973
HS	900	0	6	3979
HS	899	0	6	3985
HS	898	0	15	4000
HS	897	0	9	4009
HS	896	0	7	4016
HS	895	0	10	4026
HS	894	0	7	4033
HS	893	0	14	4047
HS	892	0	10	4057
HS	891	0	14	4071
HS	890	0	9	4080
HS	889	0	12	4092
HS	888	0	10	4102
HS	887	0	10	4112
HS	886	0	4	4116
HS	885	0	10	4126
HS	884	0	12	4138
HS	883	0	13	4151
HS	882	0	5	4156
HS	881	0	3	4159
HS	880	0	7	4166
HS	879	0	6	4172
HS	878	0	8	4180
HS	877	0	3	4183
HS	876	0	6	4189
HS	875	0	4	4193
HS	874	0	6	4199
HS	873	0	8	4207
HS	872	0	6	4213
HS	871	0	7	4220
HS	870	0	7	4227
HS	869	0	4	4231
HS	868	0	4	4235
HS	867	0	10	4245
HS	866	0	4	4249
HS	865	0	3	4252
HS	864	0	6	4258
HS	863	0	6	4264
HS	862	0	4	4268
HS	861	0	9	4277
HS	860	0	5	4282
HS	859	0	5	4287
HS	858	0	10	4297
HS	857	0	5	4302
HS	856	0	4	4306
HS	855	0	4	4310
HS	854	0	7	4317
HS	853	0	3	4320
HS	852	0	8	4328
HS	851	0	3	4331
HS	850	0	5	4336
HS	849	0	9	4345
HS	848	0	7	4352
HS	847	0	5	4357
HS	846	0	5	4362
HS	845	0	6	4368
HS	844	0	13	4381
HS	843	0	9	4390
HS	842	0	6	4396
HS	841	0	4	4400
HS	840	0	5	4405
HS	839	0	10	4415
HS	838	0	7	4422
HS	837	0	5	4427
HS	836	0	7	4434
HS	835	0	5	4439
HS	834	0	5	4444
HS	833	0	9	4453
HS	832	0	8	4461
HS	831	0	3	4464
HS	830	0	3	4467
HS	829	0	7	4474
HS	828	0	2	4476
HS	827	0	10	4486
HS	826	0	9	4495
HS	825	0	4	4499
HS	824	0	7	4506
HS	823	0	5	4511
HS	822	0	9	4520
HS	821	0	5	4525
HS	820	0	7	4532
HS	819	0	4	4536
HS	818	0	4	4540
HS	817	0	6	4546
HS	816	0	11	4557
HS	815	0	5	4562
HS	814	0	6	4568
HS	813	0	4	4572
HS	812	0	7	4579
HS	811	0	3	4582
HS	810	0	4	4586
HS	809	0	3	4589
HS	808	0	5	4594
HS	807	0	3	4597
HS	806	0	3	4600
HS	805	0	2	4602
HS	804	0	3	4605
HS	803	0	4	4609
HS	802	0	3	4612
HS	801	0	2	4614
HS	800	0	3	4617
HS	799	0	2	4619
HS	798	0	4	4623
HS	797	0	3	4626
HS	796	0	2	4628
HS	795	0	1	4629
HS	794	0	4	4633
HS	793	0	1	4634
HS	792	0	3	4637
HS	791	0	3	4640
HS	790	0	5	4645
HS	789	0	6	4651
HS	788	0	3	4654
HS	787	0	4	4658
HS	786	0	5	4663
HS	785	0	8	4671
HS	784	0	7	4678
HS	783	0	5	4683
HS	782	0	6	4689
HS	781	0	4	4693
HS	780	0	7	4700
HS	779	0	3	4703
HS	778	0	7	4710
HS	777	0	12	4722
HS	776	0	4	4726
HS	775	0	4	4730
HS	774	0	5	4735
HS	773	0	4	4739
HS	772	0	6	4745
HS	771	0	3	4748
HS	770	0	6	4754
HS	769	0	8	4762
HS	768	0	3	4765
HS	767	0	12	4777
HS	766	0	5	4782
HS	765	0	8	4790
HS	764	0	5	4795
HS	763	0	2	4797
HS	762	0	12	4809
HS	761	0	5	4814
HS	760	0	3	4817
HS	759	0	4	4821
HS	758	0	9	4830
HS	757	0	6	4836
HS	756	0	6	4842
HS	755	0	12	4854
HS	754	0	7	4861
HS	753	0	8	4869
HS	752	0	5	4874
HS	751	0	11	4885
HS	750	0	3	4888
HS	749	0	6	4894
HS	748	0	9	4903
HS	747	0	2	4905
HS	746	0	2	4907
HS	745	0	7	4914
HS	744	0	4	4918
HS	743	0	4	4922
HS	742	0	4	4926
HS	741	0	4	4930
HS	740	0	6	4936
HS	739	0	2	4938
HS	738	0	3	4941
HS	737	0	3	4944
HS	736	0	7	4951
HS	735	0	3	4954
HS	734	0	7	4961
HS	733	0	4	4965
HS	732	0	7	4972
HS	731	0	5	4977
HS	730	0	3	4980
HS	729	0	2	4982
HS	728	0	6	4988
HS	727	0	6	4994
HS	726	0	4	4998
HS	725	0	8	5006
HS	724	0	4	5010
HS	723	0	11	5021
HS	722	0	4	5025
HS	721	0	3	5028
HS	720	0	4	5032
HS	719	0	6	5038
HS	718	0	1	5039
HS	717	0	10	5049
HS	716	0	3	5052
HS	715	0	6	5058
HS	714	0	2	5060
HS	713	0	5	5065
HS	712	0	4	5069
HS	711	0	9	5078
HS	710	0	8	5086
HS	709	0	6	5092
HS	708	0	8	5100
HS	707	0	3	5103
HS	706	0	2	5105
HS	705	0	2	5107
HS	704	0	12	5119
HS	703	0	8	5127
HS	702	0	3	5130
HS	701	0	4	5134
HS	700	0	4	5138
HS	699	0	7	5145
HS	698	0	6	5151
HS	697	0	4	5155
HS	696	0	3	5158
HS	695	0	8	5166
HS	694	0	7	5173
HS	693	0	7	5180
HS	692	0	4	5184
HS	691	0	6	5190
HS	690	0	8	5198
HS	689	0	7	5205
HS	688	0	7	5212
HS	687	0	3	5215
HS	686	0	5	5220
HS	685	0	6	5226
HS	684	0	2	5228
HS	683	0	6	5234
HS	682	0	6	5240
HS	681	0	2	5242
HS	680	0	3	5245
HS	679	0	3	5248
HS	678	0	5	5253
HS	677	0	2	5255
HS	676	0	4	5259
HS	675	0	6	5265
HS	674	0	2	5267
HS	673	0	2	5269
HS	672	0	4	5273
HS	671	0	6	5279
HS	670	0	2	5281
HS	669	0	4	5285
HS	668	0	2	5287
HS	667	0	8	5295
HS	666	0	5	5300
HS	665	0	7	5307
HS	664	0	4	5311
HS	663	0	5	5316
HS	662	0	9	5325
HS	661	0	2	5327
HS	660	0	3	5330
HS	659	0	2	5332
HS	658	0	3	5335
HS	657	0	3	5338
HS	656	0	3	5341
HS	655	0	5	5346
HS	654	0	4	5350
HS	653	0	2	5352
HS	652	0	2	5354
HS	651	0	4	5358
HS	650	0	4	5362
HS	649	0	6	5368
HS	648	0	1	5369
HS	647	0	2	5371
HS	646	0	3	5374
HS	645	0	10	5384
HS	644	0	7	5391
HS	643	0	0	5391
HS	642	0	7	5398
HS	641	0	5	5403
HS	640	0	9	5412
HS	639	0	6	5418
HS	638	0	5	5423
HS	637	0	2	5425
HS	636	0	5	5430
HS	635	0	3	5433
HS	634	0	8	5441
HS	633	0	8	5449
HS	632	0	5	5454
HS	631	0	6	5460
HS	630	0	4	5464
HS	629	0	5	5469
HS	628	0	10	5479
HS	627	0	4	5483
HS	626	0	6	5489
HS	625	0	9	5498
HS	624	0	7	5505
HS	623	0	8	5513
HS	622	0	12	5525
HS	621	0	11	5536
HS	620	0	10	5546
HS	619	0	7	5553
HS	618	0	10	5563
HS	617	0	14	5577
HS	616	0	16	5593
HS	615	0	9	5602
HS	614	0	7	5609
HS	613	0	14	5623
HS	612	0	16	5639
HS	611	0	5	5644
HS	610	0	7	5651
HS	609	0	8	5659
HS	608	0	9	5668
HS	607	0	17	5685
HS	606	0	16	5701
HS	605	0	12	5713
HS	604	0	13	5726
HS	603	0	15	5741
HS	602	0	18	5759
HS	601	0	13	5772
HS	600	0	15	5787
HS	599	0	12	5799
HS	598	0	14	5813
HS	597	0	21	5834
HS	596	0	18	5852
HS	595	0	12	5864
HS	594	0	7	5871
HS	593	0	11	5882
HS	592	0	21	5903
HS	591	0	5	5908
HS	590	0	19	5927
HS	589	0	10	5937
HS	588	0	12	5949
HS	587	0	8	5957
HS	586	0	12	5969
HS	585	0	8	5977
HS	584	0	15	5992
HS	583	0	13	6005
HS	582	0	12	6017
HS	581	0	10	6027
HS	580	0	12	6039
HS	579	0	14	6053
HS	578	0	15	6068
HS	577	0	11	6079
HS	576	0	19	6098
HS	575	0	16	6114
HS	574	0	8	6122
HS	573	0	16	6138
HS	572	0	8	6146
HS	571	0	16	6162
HS	570	0	12	6174
HS	569	0	9	6183
HS	568	0	12	6195
HS	567	0	13	6208
HS	566	0	10	6218
HS	565	0	7	6225
HS	564	0	13	6238
HS	563	0	9	6247
HS	562	0	10	6257
HS	561	0	12	6269
HS	560	0	6	6275
HS	559	0	12	6287
HS	558	0	10	6297
HS	557	0	7	6304
HS	556	0	12	6316
HS	555	0	12	6328
HS	554	0	7	6335
HS	553	0	16	6351
HS	552	0	12	6363
HS	551	0	13	6376
HS	550	0	13	6389
HS	549	0	9	6398
HS	548	0	12	6410
HS	547	0	16	6426
HS	546	0	15	6441
HS	545	0	11	6452
HS	544	0	14	6466
HS	543	0	11	6477
HS	542	0	4	6481
HS	541	0	14	6495
HS	540	0	7	6502
HS	539	0	5	6507
HS	538	0	8	6515
HS	537	0	7	6522
HS	536	0	7	6529
HS	535	0	3	6532
HS	534	0	6	6538
HS	533	0	2	6540
HS	532	0	3	6543
HS	531	0	7	6550
HS	530	0	8	6558
HS	529	0	4	6562
HS	528	0	6	6568
HS	527	0	14	6582
HS	526	0	15	6597
HS	525	0	13	6610
HS	524	0	9	6619
HS	523	0	14	6633
HS	522	0	13	6646
HS	521	0	10	6656
HS	520	0	9	6665
HS	519	0	12	6677
HS	518	0	15	6692
HS	517	0	8	6700
HS	516	0	16	6716
HS	515	0	11	6727
HS	514	0	19	6746
HS	513	0	20	6766
HS	512	0	10	6776
HS	511	0	9	6785
HS	510	0	18	6803
HS	509	0	18	6821
HS	508	0	18	6839
HS	507	0	6	6845
HS	506	0	12	6857
HS	505	0	21	6878
HS	504	0	14	6892
HS	503	0	20	6912
HS	502	0	13	6925
HS	501	0	15	6940
HS	500	0	28	6968
HS	499	0	9	6977
HS	498	0	11	6988
HS	497	0	19	7007
HS	496	0	14	7021
HS	495	0	16	7037
HS	494	0	17	7054
HS	493	0	19	7073
HS	492	0	24	7097
HS	491	0	22	7119
HS	490	0	15	7134
HS	489	0	23	7157
HS	488	0	23	7180
HS	487	0	19	7199
HS	486	0	33	7232
HS	485	0	25	7257
HS	484	0	18	7275
HS	483	0	27	7302
HS	482	0	20	7322
HS	481	0	31	7353
HS	480	0	34	7387
HS	479	0	32	7419
HS	478	0	26	7445
HS	477	0	28	7473
HS	476	0	31	7504
HS	475	0	33	7537
HS	474	0	31	7568
HS	473	0	38	7606
HS	472	0	38	7644
HS	471	0	48	7692
HS	470	0	31	7723
HS	469	0	32	7755
HS	468	0	46	7801
HS	467	0	48	7849
HS	466	0	39	7888
HS	465	0	40	7928
HS	464	0	36	7964
HS	463	0	41	8005
HS	462	0	34	8039
HS	461	0	27	8066
HS	460	0	32	8098
HS	459	0	37	8135
HS	458	0	28	8163
HS	457	0	39	8202
HS	456	0	33	8235
HS	455	0	38	8273
HS	454	0	29	8302
HS	453	0	40	8342
HS	452	0	49	8391
HS	451	0	40	8431
HS	450	0	43	8474
HS	449	0	33	8507
HS	448	0	35	8542
HS	447	0	35	8577
HS	446	0	52	8629
HS	445	0	41	8670
HS	444	0	25	8695
HS	443	0	47	8742
HS	442	0	49	8791
HS	441	0	34	8825
HS	440	0	41	8866
HS	439	0	35	8901
HS	438	0	43	8944
HS	437	0	49	8993
HS	436	0	57	9050
HS	435	0	37	9087
HS	434	0	34	9121
HS	433	0	49	9170
HS	432	0	54	9224
HS	431	0	44	9268
HS	430	0	60	9328
HS	429	0	49	9377
HS	428	0	57	9434
HS	427	0	49	9483
HS	426	0	60	9543
HS	425	0	42	9585
HS	424	0	53	9638
HS	423	0	44	9682
HS	422	0	51	9733
HS	421	0	59	9792
HS	420	0	53	9845
HS	419	0	41	9886
HS	418	0	59	9945
HS	417	0	45	9990
HS	416	0	45	10035
HS	415	0	51	10086
HS	414	0	55	10141
HS	413	0	43	10184
HS	412	0	45	10229
HS	411	0	54	10283
HS	410	0	54	10337
HS	409	0	61	10398
HS	408	0	61	10459
HS	407	0	49	10508
HS	406	0	71	10579
HS	405	0	59	10638
HS	404	0	63	10701
HS	403	0	65	10766
HS	402	0	61	10827
HS	401	0	72	10899
HS	400	0	58	10957
HS	399	0	71	11028
HS	398	0	68	11096
HS	397	0	64	11160
HS	396	0	51	11211
HS	395	0	81	11292
HS	394	0	60	11352
HS	393	0	66	11418
HS	392	0	68	11486
HS	391	0	85	11571
HS	390	0	83	11654
HS	389	0	66	11720
HS	388	0	69	11789
HS	387	0	74	11863
HS	386	0	99	11962
HS	385	0	74	12036
HS	384	0	84	12120
HS	383	0	82	12202
HS	382	0	103	12305
HS	381	0	91	12396
HS	380	0	95	12491
HS	379	0	101	12592
HS	378	0	141	12733
HS	377	0	110	12843
HS	376	0	111	12954
HS	375	0	128	13082
HS	374	0	143	13225
HS	373	0	131	13356
HS	372	0	123	13479
HS	371	0	153	13632
HS	370	0	146	13778
HS	369	0	159	13937
HS	368	0	143	14080
HS	367	0	187	14267
HS	366	0	162	14429
HS	365	0	172	14601
HS	364	0	159	14760
HS	363	0	195	14955
HS	362	0	176	15131
HS	361	0	190	15321
HS	360	0	223	15544
HS	359	0	205	15749
HS	358	0	278	16027
HS	357	0	246	16273
HS	356	0	286	16559
HS	355	0	225	16784
HS	354	0	272	17056
HS	353	0	297	17353
HS	352	0	283	17636
HS	351	0	333	17969
HS	350	0	353	18322
HS	349	0	347	18669
HS	348	0	366	19035
HS	347	0	362	19397
HS	346	0	390	19787
HS	345	0	387	20174
HS	344	0	442	20616
HS	343	0	404	21020
HS	342	0	456	21476
HS	341	0	427	21903
HS	340	0	483	22386
HS	339	0	489	22875
HS	338	0	563	23438
HS	337	0	549	23987
HS	336	0	590	24577
HS	335	0	599	25176
HS	334	0	631	25807
HS	333	0	610	26417
HS	332	0	651	27068
HS	331	0	667	27735
HS	330	0	719	28454
HS	329	0	747	29201
HS	328	0	781	29982
HS	327	0	848	30830
HS	326	0	840	31670
HS	325	0	935	32605
HS	324	0	1009	33614
HS	323	0	982	34596
HS	322	0	1012	35608
HS	321	0	1068	36676
HS	320	0	1057	37733
HS	319	0	1041	38774
HS	318	0	1019	39793
HS	317	0	1165	40958
HS	316	0	1203	42161
HS	315	0	1250	43411
HS	314	0	1331	44742
HS	313	0	1341	46083
HS	312	0	1417	47500
HS	311	0	1432	48932
HS	310	0	1448	50380
HS	309	0	1551	51931
HS	308	0	1613	53544
HS	307	0	1735	55279
HS	306	0	1724	57003
HS	305	0	1831	58834
HS	304	0	1852	60686
HS	303	0	1945	62631
HS	302	0	1990	64621
HS	301	0	2094	66715
HS	300	0	2183	68898
HS	299	0	2275	71173
HS	298	0	2381	73554
HS	297	0	2521	76075
HS	296	0	2623	78698
HS	295	0	2769	81467
HS	294	0	2811	84278
HS	293	0	2866	87144
HS	292	0	2976	90120
HS	291	0	3130	93250
HS	290	0	3243	96493
HS	289	0	3321	99814
HS	288	0	3532	103346
HS	287	0	3729	107075
HS	286	0	3781	110856
HS	285	0	3820	114676
HS	284	0	4144	118820
HS	283	0	4269	123089
HS	282	0	4448	127537
HS	281	0	4747	132284
HS	280	0	4783	137067
HS	279	0	5016	142083
HS	278	0	5246	147329
HS	277	0	5393	152722
HS	276	0	5676	158398
HS	275	0	5902	164300
HS	274	0	6107	170407
HS	273	0	6560	176967
HS	272	0	6788	183755
HS	271	0	6711	190466
HS	270	0	7194	197660
HS	269	0	7225	204885
HS	268	0	7558	212443
HS	267	0	7594	220037
HS	266	0	8036	228073
HS	265	0	8275	236348
HS	264	0	8630	244978
HS	263	0	9048	254026
HS	262	0	9161	263187
HS	261	0	9530	272717
HS	260	0	9914	282631
HS	259	0	10357	292988
HS	258	0	10573	303561
HS	257	0	11000	314561
HS	256	0	11494	326055
HS	255	0	11741	337796
HS	254	0	11952	349748
HS	253	0	12315	362063
HS	252	0	12679	374742
HS	251	0	13305	388047
HS	250	0	13574	401621
HS	249	0	14228	415849
HS	248	0	14781	430630
HS	247	0	15139	445769
HS	246	0	15575	461344
HS	245	0	16304	477648
HS	244	0	16585	494233
HS	243	0	17005	511238
HS	242	0	17452	528690
HS	241	0	18193	546883
HS	240	0	18475	565358
HS	239	0	19005	584363
HS	238	0	19703	604066
HS	237	0	20072	624138
HS	236	0	20473	644611
HS	235	0	21334	665945
HS	234	0	21877	687822
HS	233	0	22431	710253
HS	232	0	23058	733311
HS	231	0	23587	756898
HS	230	0	24133	781031
HS	229	0	24668	805699
HS	228	0	25498	831197
HS	227	0	26318	857515
HS	226	0	26698	884213
HS	225	0	27368	911581
HS	224	0	28543	940124
HS	223	0	28708	968832
HS	222	0	29097	997929
HS	221	0	29885	1027814
HS	220	0	30940	1058754
HS	219	0	31028	1089782
HS	218	0	31676	1121458
HS	217	0	32603	1154061
HS	216	0	33160	1187221
HS	215	0	34131	1221352
HS	214	0	34175	1255527
HS	213	0	35415	1290942
HS	212	0	36479	1327421
HS	211	0	36997	1364418
HS	210	0	37184	1401602
HS	209	0	38209	1439811
HS	208	0	39048	1478859
HS	207	0	39521	1518380
HS	206	0	39769	1558149
HS	205	0	41028	1599177
HS	204	0	41499	1640676
HS	203	0	42495	1683171
HS	202	0	42698	1725869
HS	201	0	43811	1769680
HS	200	0	43572	1813252
HS	199	0	44666	1857918
HS	198	0	44940	1902858
HS	197	0	45452	1948310
HS	196	0	45789	1994099
HS	195	0	46335	2040434
HS	194	0	46899	2087333
HS	193	0	47400	2134733
HS	192	0	47230	2181963
HS	191	0	48299	2230262
HS	190	0	48577	2278839
HS	189	0	49269	2328108
HS	188	0	49119	2377227
HS	187	0	49059	2426286
HS	186	0	49670	2475956
HS	185	0	50323	2526279
HS	184	0	50228	2576507
HS	183	0	50426	2626933
HS	182	0	50715	2677648
HS	181	0	51036	2728684
HS	180	0	51215	2779899
HS	179	0	51569	2831468
HS	178	0	51397	2882865
HS	177	0	51898	2934763
HS	176	0	51938	2986701
HS	175	0	51543	3038244
HS	174	0	51261	3089505
HS	173	0	51516	3141021
HS	172	0	51115	3192136
HS	171	0	50780	3242916
HS	170	0	50521	3293437
HS	169	0	50152	3343589
HS	168	0	50434	3394023
HS	167	0	49575	3443598
HS	166	0	49637	3493235
HS	165	0	49051	3542286
HS	164	0	48649	3590935
HS	163	0	47448	3638383
HS	162	0	47249	3685632
HS	161	0	46819	3732451
HS	160	0	45969	3778420
HS	159	0	45232	3823652
HS	158	0	45181	3868833
HS	157	0	43769	3912602
HS	156	0	43079	3955681
HS	155	0	42549	3998230
HS	154	0	41783	4040013
HS	153	0	41008	4081021
HS	152	0	40044	4121065
HS	151	0	39499	4160564
HS	150	0	38342	4198906
HS	149	0	37825	4236731
HS	148	0	36930	4273661
HS	147	0	36271	4309932
HS	146	0	35401	4345333
HS	145	0	34218	4379551
HS	144	0	33411	4412962
HS	143	0	32768	4445730
HS	142	0	31510	4477240
HS	141	0	30936	4508176
HS	140	0	29845	4538021
HS	139	0	29264	4567285
HS	138	0	28020	4595305
HS	137	0	26954	4622259
HS	136	0	26081	4648340
HS	135	0	25187	4673527
HS	134	0	24228	4697755
HS	133	0	23146	4720901
HS	132	0	22379	4743280
HS	131	0	21461	4764741
HS	130	0	20185	4784926
HS	129	0	19629	4804555
HS	128	0	18799	4823354
HS	127	0	17907	4841261
HS	126	0	17402	4858663
HS	125	0	16463	4875126
HS	124	0	15774	4890900
HS	123	0	14944	4905844
HS	122	0	14248	4920092
HS	121	0	13486	4933578
HS	120	0	12662	4946240
HS	119	0	12208	4958448
HS	118	0	11436	4969884
HS	117	0	10591	4980475
HS	116	0	9971	4990446
HS	115	0	9469	4999915
HS	114	0	8893	5008808
HS	113	0	8403	5017211
HS	112	0	7869	5025080
HS	111	0	7291	5032371
HS	110	0	6893	5039264
HS	109	0	6535	5045799
HS	108	0	6045	5051844
HS	107	0	5373	5057217
HS	106	0	5107	5062324
HS	105	0	4710	5067034
HS	104	0	4449	5071483
HS	103	0	4259	5075742
HS	102	0	3883	5079625
HS	101	0	3516	5083141
HS	100	0	3312	5086453
HS	99	0	2969	5089422
HS	98	0	2756	5092178
HS	97	0	2454	5094632
HS	96	0	2255	5096887
HS	95	0	2199	5099086
HS	94	0	1941	5101027
HS	93	0	1906	5102933
HS	92	0	1743	5104676
HS	91	0	1610	5106286
HS	90	0	1512	5107798
HS	89	0	1409	5109207
HS	88	0	1232	5110439
HS	87	0	1176	5111615
HS	86	0	1027	5112642
HS	85	0	950	5113592
HS	84	0	945	5114537
HS	83	0	883	5115420
HS	82	0	799	5116219
HS	81	0	677	5116896
HS	80	0	638	5117534
HS	79	0	568	5118102
HS	78	0	476	5118578
HS	77	0	470	5119048
HS	76	0	429	5119477
HS	75	0	378	5119855
HS	74	0	340	5120195
HS	73	0	277	5120472
HS	72	0	229	5120701
HS	71	0	220	5120921
HS	70	0	202	5121123
HS	69	0	209	5121332
HS	68	0	218	5121550
HS	67	0	181	5121731
HS	66	0	186	5121917
HS	65	0	197	5122114
HS	64	0	201	5122315
HS	63	0	182	5122497
HS	62	0	183	5122680
HS	61	0	151	5122831
HS	60	0	132	5122963
HS	59	0	112	5123075
HS	58	0	101	5123176
HS	57	0	107	5123283
HS	56	0	106	5123389
HS	55	0	112	5123501
HS	54	0	126	5123627
HS	53	0	104	5123731
HS	52	0	96	5123827
HS	51	0	107	5123934
HS	50	0	97	5124031
HS	49	0	137	5124168
HS	48	0	128	5124296
HS	47	0	127	5124423
HS	46	0	127	5124550
HS	45	0	141	5124691
HS	44	0	106	5124797
HS	43	0	134	5124931
HS	42	0	114	5125045
HS	41	0	128	5125173
HS	40	0	146	5125319
HS	39	0	178	5125497
HS	38	0	200	5125697
HS	37	0	156	5125853
HS	36	0	172	5126025
HS	35	0	176	5126201
HS	34	0	214	5126415
HS	33	0	242	5126657
HS	32	0	244	5126901
HS	31	0	267	5127168
HS	30	0	281	5127449
HS	29	0	347	5127796
HS	28	0	389	5128185
HS	27	0	447	5128632
HS	26	0	476	5129108
HS	25	0	500	5129608
HS	24	0	583	5130191
HS	23	0	597	5130788
HS	22	0	715	5131503
HS	21	0	886	5132389
HS	20	0	1008	5133397
HS	19	0	1233	5134630
HS	18	0	1424	5136054
HS	17	0	1706	5137760
HS	16	0	2199	5139959
HS	15	0	2694	5142653
HS	14	0	3459	5146112
HS	13	0	4272	5150384
HS	12	0	5625	5156009
HS	11	0	7826	5163835
HS	10	0	11090	5174925
HS	9	0	15386	5190311
HS	8	0	24777	5215088
HS	7	0	41495	5256583
HS	6	0	78092	5334675
HS	5	0	171431	5506106
HS	4	0	446125	5952231
HS	3	0	1436975	7389206
HS	2	0	8734921	16124127
HS	1	0	0	16124127
HS	0	0	0	16124127
