CC	CT  kmer_occurrence    short_read_kmer_count  raw_input_kmer_count  adjusted_input_kmer_count
CC	FR  fpr_lower_bound    fpr_upper_bound
CC	ER  total_input_kmers  adjusted_error_kmers
CC	CV  coverage
CC	QV  raw_quality_value  adjusted_quality_value
CC
SQ	CP126521.1	3813964	3813934	3813827	60.43
CT	1023	9123	66015	66015.000
CT	1022	9	29	29.000
CT	1021	6	16	16.000
CT	1020	10	27	27.000
CT	1019	9	35	35.000
CT	1018	8	21	21.000
CT	1017	5	18	18.000
CT	1016	13	48	48.000
CT	1015	9	25	25.000
CT	1014	5	16	16.000
CT	1013	7	19	19.000
CT	1012	8	21	21.000
CT	1011	8	22	22.000
CT	1010	3	12	12.000
CT	1009	8	16	16.000
CT	1008	11	34	34.000
CT	1007	8	20	20.000
CT	1006	4	18	18.000
CT	1005	6	15	15.000
CT	1004	8	19	19.000
CT	1003	4	12	12.000
CT	1002	7	22	22.000
CT	1001	4	14	14.000
CT	1000	2	4	4.000
CT	999	5	18	18.000
CT	998	6	20	20.000
CT	997	5	17	17.000
CT	996	11	48	48.000
CT	995	7	29	29.000
CT	994	6	16	16.000
CT	993	6	26	26.000
CT	992	6	26	26.000
CT	991	9	45	45.000
CT	990	5	22	22.000
CT	989	6	31	31.000
CT	988	5	22	22.000
CT	987	7	29	29.000
CT	986	5	16	16.000
CT	985	7	22	22.000
CT	984	3	16	16.000
CT	983	6	22	22.000
CT	982	5	14	14.000
CT	981	3	8	8.000
CT	980	7	29	29.000
CT	979	8	28	28.000
CT	978	4	6	6.000
CT	977	5	17	17.000
CT	976	6	24	24.000
CT	975	8	27	27.000
CT	974	10	22	22.000
CT	973	6	18	18.000
CT	972	6	25	25.000
CT	971	14	51	51.000
CT	970	11	32	32.000
CT	969	6	22	22.000
CT	968	7	27	27.000
CT	967	9	30	30.000
CT	966	8	30	30.000
CT	965	7	18	18.000
CT	964	7	16	16.000
CT	963	12	36	36.000
CT	962	6	19	19.000
CT	961	5	24	24.000
CT	960	10	34	34.000
CT	959	3	11	11.000
CT	958	7	24	24.000
CT	957	7	22	22.000
CT	956	8	29	29.000
CT	955	12	43	43.000
CT	954	8	23	23.000
CT	953	6	20	20.000
CT	952	11	37	37.000
CT	951	4	12	12.000
CT	950	8	30	30.000
CT	949	7	22	22.000
CT	948	13	41	41.000
CT	947	9	23	23.000
CT	946	5	14	14.000
CT	945	8	29	29.000
CT	944	10	30	30.000
CT	943	6	17	17.000
CT	942	10	23	23.000
CT	941	5	14	14.000
CT	940	8	22	22.000
CT	939	11	35	35.000
CT	938	5	14	14.000
CT	937	6	20	20.000
CT	936	7	22	22.000
CT	935	6	18	18.000
CT	934	7	24	24.000
CT	933	2	5	5.000
CT	932	4	14	14.000
CT	931	3	12	12.000
CT	930	3	8	8.000
CT	929	5	17	17.000
CT	928	4	13	13.000
CT	927	9	33	33.000
CT	926	8	27	27.000
CT	925	6	20	20.000
CT	924	6	16	16.000
CT	923	7	20	20.000
CT	922	5	16	16.000
CT	921	9	26	26.000
CT	920	3	10	10.000
CT	919	9	23	23.000
CT	918	7	20	20.000
CT	917	8	23	23.000
CT	916	4	11	11.000
CT	915	2	8	8.000
CT	914	6	20	20.000
CT	913	9	29	29.000
CT	912	6	20	20.000
CT	911	3	5	5.000
CT	910	3	15	15.000
CT	909	4	2	2.000
CT	908	4	12	12.000
CT	907	8	21	21.000
CT	906	7	14	14.000
CT	905	8	15	15.000
CT	904	10	19	19.000
CT	903	7	21	21.000
CT	902	5	15	15.000
CT	901	3	7	7.000
CT	900	4	10	10.000
CT	899	5	14	14.000
CT	898	9	33	33.000
CT	897	3	7	7.000
CT	896	3	9	9.000
CT	895	5	14	14.000
CT	894	8	20	20.000
CT	893	13	26	26.000
CT	892	7	19	19.000
CT	891	6	12	12.000
CT	890	8	19	19.000
CT	889	5	15	15.000
CT	888	6	21	21.000
CT	887	6	17	17.000
CT	886	8	24	24.000
CT	885	5	17	17.000
CT	884	6	18	18.000
CT	883	5	17	17.000
CT	882	6	20	20.000
CT	881	10	31	31.000
CT	880	13	42	42.000
CT	879	6	17	17.000
CT	878	6	17	17.000
CT	877	7	20	20.000
CT	876	10	30	30.000
CT	875	6	20	20.000
CT	874	6	17	17.000
CT	873	7	24	24.000
CT	872	9	28	28.000
CT	871	9	32	32.000
CT	870	10	32	32.000
CT	869	4	7	7.000
CT	868	11	29	29.000
CT	867	10	31	31.000
CT	866	12	22	22.000
CT	865	7	17	17.000
CT	864	14	38	38.000
CT	863	8	17	17.000
CT	862	10	33	33.000
CT	861	11	26	26.000
CT	860	10	21	21.000
CT	859	10	26	26.000
CT	858	8	26	26.000
CT	857	10	22	22.000
CT	856	16	30	30.000
CT	855	9	18	18.000
CT	854	9	23	23.000
CT	853	8	21	21.000
CT	852	8	19	19.000
CT	851	10	30	30.000
CT	850	9	27	27.000
CT	849	6	10	10.000
CT	848	12	25	25.000
CT	847	5	9	9.000
CT	846	10	35	35.000
CT	845	7	23	23.000
CT	844	12	45	45.000
CT	843	10	27	27.000
CT	842	11	26	26.000
CT	841	15	41	41.000
CT	840	10	29	29.000
CT	839	6	19	19.000
CT	838	9	16	16.000
CT	837	10	21	21.000
CT	836	17	44	44.000
CT	835	10	26	26.000
CT	834	9	21	21.000
CT	833	5	15	15.000
CT	832	8	21	21.000
CT	831	4	10	10.000
CT	830	11	31	31.000
CT	829	8	22	22.000
CT	828	4	11	11.000
CT	827	11	22	22.000
CT	826	14	44	44.000
CT	825	14	27	27.000
CT	824	11	23	23.000
CT	823	7	14	14.000
CT	822	8	14	14.000
CT	821	9	19	19.000
CT	820	10	26	26.000
CT	819	9	18	18.000
CT	818	3	4	4.000
CT	817	3	3	3.000
CT	816	6	11	11.000
CT	815	4	9	9.000
CT	814	10	27	27.000
CT	813	7	16	16.000
CT	812	5	13	13.000
CT	811	4	9	9.000
CT	810	8	13	13.000
CT	809	13	23	23.000
CT	808	6	9	9.000
CT	807	8	18	18.000
CT	806	9	15	15.000
CT	805	11	20	20.000
CT	804	12	26	26.000
CT	803	13	25	25.000
CT	802	10	24	24.000
CT	801	13	27	27.000
CT	800	10	14	14.000
CT	799	14	20	20.000
CT	798	17	23	23.000
CT	797	7	11	11.000
CT	796	11	18	18.000
CT	795	14	25	25.000
CT	794	14	26	26.000
CT	793	20	33	33.000
CT	792	10	17	17.000
CT	791	11	20	20.000
CT	790	19	34	34.000
CT	789	14	18	18.000
CT	788	15	18	18.000
CT	787	13	22	22.000
CT	786	11	15	15.000
CT	785	18	31	31.000
CT	784	17	25	25.000
CT	783	17	21	21.000
CT	782	14	14	14.000
CT	781	12	19	19.000
CT	780	17	23	23.000
CT	779	15	21	21.000
CT	778	21	39	39.000
CT	777	16	29	29.000
CT	776	28	44	44.000
CT	775	20	37	37.000
CT	774	18	26	26.000
CT	773	12	23	23.000
CT	772	17	31	31.000
CT	771	16	24	24.000
CT	770	11	21	21.000
CT	769	19	40	40.000
CT	768	17	25	25.000
CT	767	17	28	28.000
CT	766	19	21	21.000
CT	765	20	29	29.000
CT	764	11	16	16.000
CT	763	29	43	43.000
CT	762	20	37	37.000
CT	761	17	27	27.000
CT	760	21	35	35.000
CT	759	25	35	35.000
CT	758	21	30	30.000
CT	757	21	31	31.000
CT	756	27	37	37.000
CT	755	23	39	39.000
CT	754	24	44	44.000
CT	753	30	39	39.000
CT	752	21	23	23.000
CT	751	20	36	36.000
CT	750	15	20	20.000
CT	749	19	26	26.000
CT	748	26	36	36.000
CT	747	24	35	35.000
CT	746	15	21	21.000
CT	745	23	37	37.000
CT	744	26	33	33.000
CT	743	29	47	47.000
CT	742	26	45	45.000
CT	741	32	51	51.000
CT	740	25	36	36.000
CT	739	25	31	31.000
CT	738	36	50	50.000
CT	737	34	41	41.000
CT	736	32	43	43.000
CT	735	27	38	38.000
CT	734	31	41	41.000
CT	733	34	47	47.000
CT	732	26	42	42.000
CT	731	33	34	34.000
CT	730	41	61	61.000
CT	729	32	42	42.000
CT	728	48	65	65.000
CT	727	39	48	48.000
CT	726	37	51	51.000
CT	725	46	56	56.000
CT	724	48	64	64.000
CT	723	54	68	68.000
CT	722	43	52	52.000
CT	721	40	57	57.000
CT	720	45	53	53.000
CT	719	45	53	53.000
CT	718	62	85	85.000
CT	717	53	70	70.000
CT	716	46	63	63.000
CT	715	61	78	78.000
CT	714	49	64	64.000
CT	713	46	57	57.000
CT	712	49	60	60.000
CT	711	56	59	59.000
CT	710	44	53	53.000
CT	709	43	58	58.000
CT	708	54	66	66.000
CT	707	53	73	73.000
CT	706	63	85	85.000
CT	705	59	84	84.000
CT	704	60	74	74.000
CT	703	52	64	64.000
CT	702	76	91	91.000
CT	701	74	89	89.000
CT	700	64	79	79.000
CT	699	77	91	91.000
CT	698	85	103	103.000
CT	697	79	102	102.000
CT	696	89	114	114.000
CT	695	79	95	95.000
CT	694	82	101	101.000
CT	693	90	114	114.000
CT	692	97	123	123.000
CT	691	104	133	133.000
CT	690	95	116	116.000
CT	689	96	113	113.000
CT	688	94	108	108.000
CT	687	84	102	102.000
CT	686	95	117	117.000
CT	685	104	136	136.000
CT	684	121	133	133.000
CT	683	112	134	134.000
CT	682	105	121	121.000
CT	681	107	124	124.000
CT	680	101	107	107.000
CT	679	114	124	124.000
CT	678	143	156	156.000
CT	677	128	142	142.000
CT	676	126	143	143.000
CT	675	119	128	128.000
CT	674	118	124	124.000
CT	673	132	140	140.000
CT	672	122	148	148.000
CT	671	134	154	154.000
CT	670	124	135	135.000
CT	669	148	160	160.000
CT	668	126	138	138.000
CT	667	152	163	163.000
CT	666	162	178	178.000
CT	665	142	155	155.000
CT	664	144	151	151.000
CT	663	154	165	165.000
CT	662	177	191	191.000
CT	661	147	159	159.000
CT	660	185	203	203.000
CT	659	161	180	180.000
CT	658	151	161	161.000
CT	657	155	169	169.000
CT	656	171	197	197.000
CT	655	160	169	169.000
CT	654	171	186	186.000
CT	653	190	202	202.000
CT	652	188	206	206.000
CT	651	195	215	215.000
CT	650	199	217	217.000
CT	649	203	226	226.000
CT	648	228	256	256.000
CT	647	228	251	251.000
CT	646	230	257	257.000
CT	645	232	261	261.000
CT	644	258	285	285.000
CT	643	233	250	250.000
CT	642	258	293	293.000
CT	641	274	299	299.000
CT	640	256	283	283.000
CT	639	283	303	303.000
CT	638	272	297	297.000
CT	637	304	325	325.000
CT	636	294	331	331.000
CT	635	245	272	272.000
CT	634	294	312	312.000
CT	633	333	359	359.000
CT	632	323	352	352.000
CT	631	341	369	369.000
CT	630	339	352	352.000
CT	629	323	345	345.000
CT	628	315	338	338.000
CT	627	382	406	406.000
CT	626	365	381	381.000
CT	625	337	349	349.000
CT	624	350	371	371.000
CT	623	372	387	387.000
CT	622	396	421	421.000
CT	621	379	400	400.000
CT	620	370	384	384.000
CT	619	421	437	437.000
CT	618	410	425	425.000
CT	617	432	451	451.000
CT	616	455	463	463.000
CT	615	471	492	492.000
CT	614	506	517	517.000
CT	613	470	489	489.000
CT	612	499	515	515.000
CT	611	493	513	513.000
CT	610	583	601	601.000
CT	609	562	581	581.000
CT	608	528	557	557.000
CT	607	598	615	615.000
CT	606	619	639	639.000
CT	605	629	639	639.000
CT	604	618	631	631.000
CT	603	613	624	624.000
CT	602	669	688	688.000
CT	601	666	687	687.000
CT	600	654	666	666.000
CT	599	748	763	763.000
CT	598	713	727	727.000
CT	597	717	731	731.000
CT	596	708	731	731.000
CT	595	759	768	768.000
CT	594	781	803	803.000
CT	593	777	791	791.000
CT	592	756	773	773.000
CT	591	816	840	840.000
CT	590	803	820	820.000
CT	589	821	842	842.000
CT	588	798	816	816.000
CT	587	937	958	958.000
CT	586	911	927	927.000
CT	585	942	957	957.000
CT	584	945	959	959.000
CT	583	927	944	944.000
CT	582	971	990	990.000
CT	581	944	955	955.000
CT	580	980	1000	1000.000
CT	579	1023	1044	1044.000
CT	578	1022	1033	1033.000
CT	577	1076	1093	1093.000
CT	576	1107	1113	1113.000
CT	575	1141	1155	1155.000
CT	574	1134	1151	1151.000
CT	573	1178	1204	1204.000
CT	572	1246	1270	1270.000
CT	571	1217	1236	1236.000
CT	570	1319	1338	1338.000
CT	569	1326	1349	1349.000
CT	568	1343	1363	1363.000
CT	567	1379	1406	1406.000
CT	566	1382	1413	1413.000
CT	565	1422	1443	1443.000
CT	564	1412	1434	1434.000
CT	563	1417	1442	1442.000
CT	562	1452	1477	1477.000
CT	561	1555	1581	1581.000
CT	560	1488	1507	1507.000
CT	559	1539	1557	1557.000
CT	558	1595	1607	1607.000
CT	557	1621	1637	1637.000
CT	556	1657	1675	1675.000
CT	555	1740	1762	1762.000
CT	554	1810	1831	1831.000
CT	553	1764	1785	1785.000
CT	552	1824	1837	1837.000
CT	551	1909	1927	1927.000
CT	550	1911	1926	1926.000
CT	549	1958	1982	1982.000
CT	548	1942	1960	1960.000
CT	547	1995	2014	2014.000
CT	546	1985	2000	2000.000
CT	545	2094	2110	2110.000
CT	544	2047	2072	2072.000
CT	543	2114	2130	2130.000
CT	542	2121	2138	2138.000
CT	541	2306	2331	2331.000
CT	540	2221	2247	2247.000
CT	539	2235	2250	2250.000
CT	538	2384	2405	2405.000
CT	537	2345	2363	2363.000
CT	536	2392	2410	2410.000
CT	535	2558	2576	2576.000
CT	534	2541	2561	2561.000
CT	533	2565	2582	2582.000
CT	532	2694	2711	2711.000
CT	531	2684	2705	2705.000
CT	530	2715	2723	2723.000
CT	529	2798	2802	2802.000
CT	528	2844	2865	2865.000
CT	527	2842	2858	2858.000
CT	526	2978	2992	2992.000
CT	525	2958	2971	2971.000
CT	524	2999	3013	3013.000
CT	523	3022	3033	3033.000
CT	522	3054	3059	3059.000
CT	521	3155	3163	3163.000
CT	520	3051	3059	3059.000
CT	519	3204	3210	3210.000
CT	518	3287	3293	3293.000
CT	517	3306	3319	3319.000
CT	516	3394	3399	3399.000
CT	515	3552	3566	3566.000
CT	514	3573	3580	3580.000
CT	513	3693	3700	3700.000
CT	512	3618	3624	3624.000
CT	511	3793	3809	3809.000
CT	510	3807	3816	3816.000
CT	509	3953	3965	3965.000
CT	508	3959	3975	3975.000
CT	507	3919	3928	3928.000
CT	506	4107	4120	4120.000
CT	505	4226	4231	4231.000
CT	504	4105	4122	4122.000
CT	503	4277	4288	4288.000
CT	502	4427	4438	4438.000
CT	501	4479	4487	4487.000
CT	500	4460	4468	4468.000
CT	499	4599	4604	4604.000
CT	498	4684	4693	4693.000
CT	497	4652	4662	4662.000
CT	496	4699	4707	4707.000
CT	495	4878	4885	4885.000
CT	494	4949	4955	4955.000
CT	493	5140	5148	5148.000
CT	492	5216	5222	5222.000
CT	491	5306	5316	5316.000
CT	490	5426	5440	5440.000
CT	489	5354	5371	5371.000
CT	488	5552	5563	5563.000
CT	487	5618	5638	5638.000
CT	486	5821	5834	5834.000
CT	485	6037	6055	6055.000
CT	484	5947	5968	5968.000
CT	483	6015	6044	6044.000
CT	482	6068	6086	6086.000
CT	481	6105	6130	6130.000
CT	480	6166	6185	6185.000
CT	479	6358	6373	6373.000
CT	478	6423	6437	6437.000
CT	477	6545	6553	6553.000
CT	476	6602	6611	6611.000
CT	475	6724	6741	6741.000
CT	474	6920	6932	6932.000
CT	473	6916	6926	6926.000
CT	472	7156	7169	7169.000
CT	471	7279	7290	7290.000
CT	470	7320	7333	7333.000
CT	469	7435	7448	7448.000
CT	468	7534	7545	7545.000
CT	467	7661	7671	7671.000
CT	466	7905	7913	7913.000
CT	465	8004	8020	8020.000
CT	464	8020	8028	8028.000
CT	463	8338	8349	8349.000
CT	462	8289	8291	8291.000
CT	461	8436	8440	8440.000
CT	460	8497	8501	8501.000
CT	459	8469	8478	8478.000
CT	458	8835	8848	8848.000
CT	457	8959	8963	8963.000
CT	456	8934	8951	8951.000
CT	455	9013	9021	9021.000
CT	454	9123	9133	9133.000
CT	453	9150	9158	9158.000
CT	452	9310	9318	9318.000
CT	451	9377	9391	9391.000
CT	450	9628	9636	9636.000
CT	449	9761	9773	9773.000
CT	448	10016	10020	10020.000
CT	447	9892	9897	9897.000
CT	446	10250	10259	10259.000
CT	445	10247	10256	10256.000
CT	444	10556	10565	10565.000
CT	443	10375	10386	10386.000
CT	442	10757	10765	10765.000
CT	441	10801	10808	10808.000
CT	440	10637	10654	10654.000
CT	439	10993	11003	11003.000
CT	438	10987	10993	10993.000
CT	437	11007	11020	11020.000
CT	436	11317	11323	11323.000
CT	435	11281	11299	11299.000
CT	434	11394	11405	11405.000
CT	433	11463	11467	11467.000
CT	432	11756	11763	11763.000
CT	431	11727	11734	11734.000
CT	430	12052	12059	12059.000
CT	429	12301	12308	12308.000
CT	428	12051	12058	12058.000
CT	427	12412	12419	12419.000
CT	426	12772	12779	12779.000
CT	425	12773	12775	12775.000
CT	424	12875	12882	12882.000
CT	423	13152	13155	13155.000
CT	422	13212	13224	13224.000
CT	421	13148	13161	13161.000
CT	420	13633	13643	13643.000
CT	419	13676	13681	13681.000
CT	418	13885	13892	13892.000
CT	417	13967	13982	13982.000
CT	416	14284	14288	14288.000
CT	415	14154	14162	14162.000
CT	414	14334	14338	14338.000
CT	413	14617	14620	14620.000
CT	412	14725	14723	14723.000
CT	411	14863	14863	14863.000
CT	410	15180	15186	15186.000
CT	409	15129	15129	15129.000
CT	408	15433	15435	15435.000
CT	407	15232	15235	15235.000
CT	406	15768	15774	15774.000
CT	405	15625	15636	15636.000
CT	404	15728	15731	15731.000
CT	403	16150	16154	16154.000
CT	402	16273	16284	16284.000
CT	401	16264	16270	16270.000
CT	400	16326	16336	16336.000
CT	399	16464	16475	16475.000
CT	398	16632	16639	16639.000
CT	397	16698	16702	16702.000
CT	396	16770	16773	16773.000
CT	395	16829	16829	16829.000
CT	394	16918	16915	16915.000
CT	393	16989	17002	17002.000
CT	392	17157	17159	17159.000
CT	391	17458	17463	17463.000
CT	390	17532	17542	17542.000
CT	389	17430	17439	17439.000
CT	388	17595	17603	17603.000
CT	387	17694	17700	17700.000
CT	386	17605	17609	17609.000
CT	385	17557	17553	17553.000
CT	384	18221	18225	18225.000
CT	383	17950	17954	17954.000
CT	382	18213	18216	18216.000
CT	381	18221	18219	18219.000
CT	380	18154	18155	18155.000
CT	379	18534	18538	18538.000
CT	378	18509	18515	18515.000
CT	377	18258	18253	18253.000
CT	376	18733	18731	18731.000
CT	375	18677	18677	18677.000
CT	374	18627	18621	18621.000
CT	373	18591	18583	18583.000
CT	372	18701	18701	18701.000
CT	371	18813	18807	18807.000
CT	370	19190	19191	19191.000
CT	369	18887	18880	18880.000
CT	368	18678	18675	18675.000
CT	367	19024	19023	19023.000
CT	366	18907	18908	18908.000
CT	365	18942	18944	18944.000
CT	364	18885	18890	18890.000
CT	363	18964	18965	18965.000
CT	362	18958	18964	18964.000
CT	361	19025	19027	19027.000
CT	360	19005	19006	19006.000
CT	359	19191	19192	19192.000
CT	358	19252	19254	19254.000
CT	357	19250	19257	19257.000
CT	356	19240	19246	19246.000
CT	355	18886	18892	18892.000
CT	354	19242	19247	19247.000
CT	353	18946	18953	18953.000
CT	352	19046	19054	19054.000
CT	351	18972	18975	18975.000
CT	350	18952	18958	18958.000
CT	349	19246	19260	19260.000
CT	348	19025	19037	19037.000
CT	347	19069	19072	19072.000
CT	346	19066	19073	19073.000
CT	345	18920	18927	18927.000
CT	344	19076	19081	19081.000
CT	343	18742	18743	18743.000
CT	342	19002	19006	19006.000
CT	341	18854	18857	18857.000
CT	340	18639	18648	18648.000
CT	339	18566	18569	18569.000
CT	338	18471	18482	18482.000
CT	337	18303	18311	18311.000
CT	336	18043	18047	18047.000
CT	335	18456	18466	18466.000
CT	334	18078	18083	18083.000
CT	333	17935	17939	17939.000
CT	332	17888	17895	17895.000
CT	331	17995	17997	17997.000
CT	330	18225	18227	18227.000
CT	329	17699	17701	17701.000
CT	328	17714	17713	17713.000
CT	327	17640	17644	17644.000
CT	326	18003	18008	18008.000
CT	325	17470	17472	17472.000
CT	324	17392	17393	17393.000
CT	323	17374	17375	17375.000
CT	322	17365	17378	17378.000
CT	321	17016	17019	17019.000
CT	320	16908	16908	16908.000
CT	319	16696	16699	16699.000
CT	318	16638	16637	16637.000
CT	317	16317	16323	16323.000
CT	316	16560	16564	16564.000
CT	315	16264	16267	16267.000
CT	314	16444	16453	16453.000
CT	313	16350	16347	16347.000
CT	312	16195	16198	16198.000
CT	311	16020	16019	16019.000
CT	310	16033	16034	16034.000
CT	309	15547	15549	15549.000
CT	308	15570	15575	15575.000
CT	307	15484	15494	15494.000
CT	306	15363	15369	15369.000
CT	305	15264	15274	15274.000
CT	304	15093	15102	15102.000
CT	303	14985	14991	14991.000
CT	302	14762	14768	14768.000
CT	301	14639	14644	14644.000
CT	300	14325	14330	14330.000
CT	299	14141	14144	14144.000
CT	298	14096	14104	14104.000
CT	297	13966	13969	13969.000
CT	296	13873	13877	13877.000
CT	295	13767	13771	13771.000
CT	294	13594	13594	13594.000
CT	293	13475	13477	13477.000
CT	292	13341	13344	13344.000
CT	291	13050	13050	13050.000
CT	290	12658	12657	12657.000
CT	289	12680	12680	12680.000
CT	288	12370	12372	12372.000
CT	287	12273	12273	12273.000
CT	286	12160	12162	12162.000
CT	285	11991	11993	11993.000
CT	284	11723	11725	11725.000
CT	283	11824	11827	11827.000
CT	282	11447	11447	11447.000
CT	281	11377	11378	11378.000
CT	280	11166	11172	11172.000
CT	279	11111	11117	11117.000
CT	278	10988	10986	10986.000
CT	277	10707	10708	10708.000
CT	276	10609	10610	10610.000
CT	275	10368	10371	10371.000
CT	274	10227	10229	10229.000
CT	273	10056	10051	10051.000
CT	272	9810	9805	9805.000
CT	271	9721	9721	9721.000
CT	270	9567	9568	9568.000
CT	269	9550	9552	9552.000
CT	268	9240	9240	9240.000
CT	267	8991	8995	8995.000
CT	266	8914	8921	8921.000
CT	265	8560	8563	8563.000
CT	264	8089	8092	8092.000
CT	263	8100	8102	8102.000
CT	262	7770	7772	7772.000
CT	261	7773	7782	7782.000
CT	260	7596	7598	7598.000
CT	259	7438	7442	7442.000
CT	258	7244	7245	7245.000
CT	257	7130	7135	7135.000
CT	256	7011	7014	7014.000
CT	255	6846	6844	6844.000
CT	254	6780	6780	6780.000
CT	253	6550	6549	6549.000
CT	252	6439	6440	6440.000
CT	251	6440	6441	6441.000
CT	250	6226	6226	6226.000
CT	249	5979	5975	5975.000
CT	248	6000	6003	6003.000
CT	247	5881	5880	5880.000
CT	246	5586	5589	5589.000
CT	245	5372	5372	5372.000
CT	244	5328	5324	5324.000
CT	243	5313	5310	5310.000
CT	242	5118	5114	5114.000
CT	241	4925	4920	4920.000
CT	240	4996	4998	4998.000
CT	239	4713	4710	4710.000
CT	238	4740	4737	4737.000
CT	237	4576	4575	4575.000
CT	236	4633	4633	4633.000
CT	235	4415	4413	4413.000
CT	234	4391	4391	4391.000
CT	233	4277	4281	4281.000
CT	232	4030	4029	4029.000
CT	231	3889	3888	3888.000
CT	230	3979	3977	3977.000
CT	229	3754	3753	3753.000
CT	228	3643	3640	3640.000
CT	227	3559	3559	3559.000
CT	226	3506	3505	3505.000
CT	225	3336	3335	3335.000
CT	224	3387	3386	3386.000
CT	223	3250	3249	3249.000
CT	222	3039	3039	3039.000
CT	221	3039	3039	3039.000
CT	220	2873	2873	2873.000
CT	219	2846	2846	2846.000
CT	218	2889	2889	2889.000
CT	217	2730	2730	2730.000
CT	216	2699	2699	2699.000
CT	215	2460	2460	2460.000
CT	214	2355	2353	2353.000
CT	213	2296	2295	2295.000
CT	212	2263	2260	2260.000
CT	211	2209	2209	2209.000
CT	210	2087	2079	2079.000
CT	209	1962	1958	1958.000
CT	208	1999	1995	1995.000
CT	207	1894	1887	1887.000
CT	206	1836	1833	1833.000
CT	205	1788	1789	1789.000
CT	204	1718	1721	1721.000
CT	203	1662	1662	1662.000
CT	202	1593	1594	1594.000
CT	201	1574	1574	1574.000
CT	200	1485	1484	1484.000
CT	199	1457	1457	1457.000
CT	198	1443	1443	1443.000
CT	197	1366	1366	1366.000
CT	196	1297	1296	1296.000
CT	195	1206	1206	1206.000
CT	194	1343	1343	1343.000
CT	193	1220	1220	1220.000
CT	192	1190	1189	1189.000
CT	191	1121	1118	1118.000
CT	190	1119	1117	1117.000
CT	189	1104	1104	1104.000
CT	188	1056	1055	1055.000
CT	187	994	994	994.000
CT	186	1035	1035	1035.000
CT	185	936	936	936.000
CT	184	896	894	894.000
CT	183	876	875	875.000
CT	182	864	864	864.000
CT	181	800	798	798.000
CT	180	863	862	862.000
CT	179	803	803	803.000
CT	178	740	740	740.000
CT	177	697	696	696.000
CT	176	676	674	674.000
CT	175	714	713	713.000
CT	174	672	671	671.000
CT	173	645	645	645.000
CT	172	589	589	589.000
CT	171	563	560	560.000
CT	170	537	537	537.000
CT	169	497	496	496.000
CT	168	456	455	455.000
CT	167	421	420	420.000
CT	166	465	464	464.000
CT	165	458	457	457.000
CT	164	404	401	401.000
CT	163	364	362	362.000
CT	162	378	378	378.000
CT	161	324	322	322.000
CT	160	365	364	364.000
CT	159	338	337	337.000
CT	158	318	316	316.000
CT	157	320	319	319.000
CT	156	320	320	320.000
CT	155	294	294	294.000
CT	154	281	280	280.000
CT	153	280	278	278.000
CT	152	261	260	260.000
CT	151	235	233	233.000
CT	150	257	255	255.000
CT	149	242	241	241.000
CT	148	208	205	205.000
CT	147	239	238	238.000
CT	146	189	189	189.000
CT	145	222	221	221.000
CT	144	196	194	194.000
CT	143	156	153	153.000
CT	142	161	156	156.000
CT	141	154	151	151.000
CT	140	116	113	113.000
CT	139	116	114	114.000
CT	138	115	113	113.000
CT	137	101	100	100.000
CT	136	110	108	108.000
CT	135	98	96	96.000
CT	134	94	93	93.000
CT	133	90	88	88.000
CT	132	107	101	101.000
CT	131	92	89	89.000
CT	130	84	80	80.000
CT	129	84	82	82.000
CT	128	84	81	81.000
CT	127	60	58	58.000
CT	126	67	66	66.000
CT	125	53	52	52.000
CT	124	66	63	63.000
CT	123	47	47	47.000
CT	122	65	63	63.000
CT	121	38	31	31.000
CT	120	37	35	35.000
CT	119	53	43	43.000
CT	118	37	28	28.000
CT	117	43	32	32.000
CT	116	49	37	37.000
CT	115	63	56	56.000
CT	114	46	39	39.000
CT	113	35	29	29.000
CT	112	48	46	46.000
CT	111	34	26	26.000
CT	110	35	33	33.000
CT	109	28	25	25.000
CT	108	40	28	28.000
CT	107	31	25	25.000
CT	106	29	19	19.000
CT	105	32	19	19.000
CT	104	18	14	14.000
CT	103	19	15	15.000
CT	102	17	13	13.000
CT	101	19	13	13.000
CT	100	21	12	12.000
CT	99	19	8	8.000
CT	98	14	8	8.000
CT	97	19	9	9.000
CT	96	22	9	9.000
CT	95	13	6	6.000
CT	94	36	12	12.000
CT	93	33	12	12.000
CT	92	15	5	5.000
CT	91	34	5	5.000
CT	90	39	14	14.000
CT	89	42	16	16.000
CT	88	44	18	18.000
CT	87	28	12	12.000
CT	86	30	11	11.000
CT	85	50	31	31.000
CT	84	32	21	21.000
CT	83	39	20	20.000
CT	82	50	20	20.000
CT	81	35	20	20.000
CT	80	37	8	8.000
CT	79	56	24	24.000
CT	78	63	19	19.000
CT	77	59	26	26.000
CT	76	67	19	19.000
CT	75	50	6	6.000
CT	74	75	7	7.000
CT	73	69	16	16.000
CT	72	82	16	16.000
CT	71	82	12	12.000
CT	70	83	6	6.000
CT	69	106	7	7.000
CT	68	131	16	16.000
CT	67	122	6	6.000
CT	66	89	11	11.000
CT	65	123	9	9.000
CT	64	127	5	5.000
CT	63	152	1	1.000
CT	62	148	1	1.000
CT	61	198	0	0.000
CT	60	246	0	0.000
CT	59	266	0	0.000
CT	58	278	0	0.000
CT	57	354	0	0.000
CT	56	405	0	0.000
CT	55	470	0	0.000
CT	54	479	0	0.000
CT	53	451	0	0.000
CT	52	492	0	0.000
CT	51	518	0	0.000
CT	50	608	0	0.000
CT	49	694	0	0.000
CT	48	756	0	0.000
CT	47	840	0	0.000
CT	46	965	0	0.000
CT	45	1101	0	0.000
CT	44	1240	0	0.000
CT	43	1367	0	0.000
CT	42	1402	0	0.000
CT	41	1614	0	0.000
CT	40	1764	0	0.000
CT	39	1913	0	0.000
CT	38	2233	0	0.000
CT	37	2306	0	0.000
CT	36	2763	0	0.000
CT	35	3083	0	0.000
CT	34	3371	0	0.000
CT	33	3873	0	0.000
CT	32	4174	0	0.000
CT	31	4881	0	0.000
CT	30	5374	0	0.000
CT	29	5868	0	0.000
CT	28	6430	0	0.000
CT	27	7479	0	0.000
CT	26	8187	0	0.000
CT	25	9649	0	0.000
CT	24	10726	0	0.000
CT	23	12397	0	0.000
CT	22	14383	0	0.000
CT	21	15536	0	0.000
CT	20	18226	0	0.000
CT	19	21782	0	0.000
CT	18	25247	0	0.000
CT	17	29677	0	0.000
CT	16	35345	0	0.000
CT	15	42086	0	0.000
CT	14	49565	0	0.000
CT	13	60737	0	0.000
CT	12	74809	0	0.000
CT	11	96283	0	0.000
CT	10	125747	0	0.000
CT	9	172177	0	0.000
CT	8	243965	0	0.000
CT	7	362941	0	0.000
CT	6	574120	0	0.000
CT	5	1007360	0	0.000
CT	4	1998759	1	-nan
CT	3	4720750	2	-nan
CT	2	14673148	1	-nan
CT	1	0	0	-nan
CT	0	0	107	-nan
FR	7.31e-08	0
ER	3813934	0.000
CV	1.001
QV	60.433	60.433
