HS	1023	0	9123	9123
HS	1022	0	9	9132
HS	1021	0	6	9138
HS	1020	0	10	9148
HS	1019	0	9	9157
HS	1018	0	8	9165
HS	1017	0	5	9170
HS	1016	0	13	9183
HS	1015	0	9	9192
HS	1014	0	5	9197
HS	1013	0	7	9204
HS	1012	0	8	9212
HS	1011	0	8	9220
HS	1010	0	3	9223
HS	1009	0	8	9231
HS	1008	0	11	9242
HS	1007	0	8	9250
HS	1006	0	4	9254
HS	1005	0	6	9260
HS	1004	0	8	9268
HS	1003	0	4	9272
HS	1002	0	7	9279
HS	1001	0	4	9283
HS	1000	0	2	9285
HS	999	0	5	9290
HS	998	0	6	9296
HS	997	0	5	9301
HS	996	0	11	9312
HS	995	0	7	9319
HS	994	0	6	9325
HS	993	0	6	9331
HS	992	0	6	9337
HS	991	0	9	9346
HS	990	0	5	9351
HS	989	0	6	9357
HS	988	0	5	9362
HS	987	0	7	9369
HS	986	0	5	9374
HS	985	0	7	9381
HS	984	0	3	9384
HS	983	0	6	9390
HS	982	0	5	9395
HS	981	0	3	9398
HS	980	0	7	9405
HS	979	0	8	9413
HS	978	0	4	9417
HS	977	0	5	9422
HS	976	0	6	9428
HS	975	0	8	9436
HS	974	0	10	9446
HS	973	0	6	9452
HS	972	0	6	9458
HS	971	0	14	9472
HS	970	0	11	9483
HS	969	0	6	9489
HS	968	0	7	9496
HS	967	0	9	9505
HS	966	0	8	9513
HS	965	0	7	9520
HS	964	0	7	9527
HS	963	0	12	9539
HS	962	0	6	9545
HS	961	0	5	9550
HS	960	0	10	9560
HS	959	0	3	9563
HS	958	0	7	9570
HS	957	0	7	9577
HS	956	0	8	9585
HS	955	0	12	9597
HS	954	0	8	9605
HS	953	0	6	9611
HS	952	0	11	9622
HS	951	0	4	9626
HS	950	0	8	9634
HS	949	0	7	9641
HS	948	0	13	9654
HS	947	0	9	9663
HS	946	0	5	9668
HS	945	0	8	9676
HS	944	0	10	9686
HS	943	0	6	9692
HS	942	0	10	9702
HS	941	0	5	9707
HS	940	0	8	9715
HS	939	0	11	9726
HS	938	0	5	9731
HS	937	0	6	9737
HS	936	0	7	9744
HS	935	0	6	9750
HS	934	0	7	9757
HS	933	0	2	9759
HS	932	0	4	9763
HS	931	0	3	9766
HS	930	0	3	9769
HS	929	0	5	9774
HS	928	0	4	9778
HS	927	0	9	9787
HS	926	0	8	9795
HS	925	0	6	9801
HS	924	0	6	9807
HS	923	0	7	9814
HS	922	0	5	9819
HS	921	0	9	9828
HS	920	0	3	9831
HS	919	0	9	9840
HS	918	0	7	9847
HS	917	0	8	9855
HS	916	0	4	9859
HS	915	0	2	9861
HS	914	0	6	9867
HS	913	0	9	9876
HS	912	0	6	9882
HS	911	0	3	9885
HS	910	0	3	9888
HS	909	0	4	9892
HS	908	0	4	9896
HS	907	0	8	9904
HS	906	0	7	9911
HS	905	0	8	9919
HS	904	0	10	9929
HS	903	0	7	9936
HS	902	0	5	9941
HS	901	0	3	9944
HS	900	0	4	9948
HS	899	0	5	9953
HS	898	0	9	9962
HS	897	0	3	9965
HS	896	0	3	9968
HS	895	0	5	9973
HS	894	0	8	9981
HS	893	0	13	9994
HS	892	0	7	10001
HS	891	0	6	10007
HS	890	0	8	10015
HS	889	0	5	10020
HS	888	0	6	10026
HS	887	0	6	10032
HS	886	0	8	10040
HS	885	0	5	10045
HS	884	0	6	10051
HS	883	0	5	10056
HS	882	0	6	10062
HS	881	0	10	10072
HS	880	0	13	10085
HS	879	0	6	10091
HS	878	0	6	10097
HS	877	0	7	10104
HS	876	0	10	10114
HS	875	0	6	10120
HS	874	0	6	10126
HS	873	0	7	10133
HS	872	0	9	10142
HS	871	0	9	10151
HS	870	0	10	10161
HS	869	0	4	10165
HS	868	0	11	10176
HS	867	0	10	10186
HS	866	0	12	10198
HS	865	0	7	10205
HS	864	0	14	10219
HS	863	0	8	10227
HS	862	0	10	10237
HS	861	0	11	10248
HS	860	0	10	10258
HS	859	0	10	10268
HS	858	0	8	10276
HS	857	0	10	10286
HS	856	0	16	10302
HS	855	0	9	10311
HS	854	0	9	10320
HS	853	0	8	10328
HS	852	0	8	10336
HS	851	0	10	10346
HS	850	0	9	10355
HS	849	0	6	10361
HS	848	0	12	10373
HS	847	0	5	10378
HS	846	0	10	10388
HS	845	0	7	10395
HS	844	0	12	10407
HS	843	0	10	10417
HS	842	0	11	10428
HS	841	0	15	10443
HS	840	0	10	10453
HS	839	0	6	10459
HS	838	0	9	10468
HS	837	0	10	10478
HS	836	0	17	10495
HS	835	0	10	10505
HS	834	0	9	10514
HS	833	0	5	10519
HS	832	0	8	10527
HS	831	0	4	10531
HS	830	0	11	10542
HS	829	0	8	10550
HS	828	0	4	10554
HS	827	0	11	10565
HS	826	0	14	10579
HS	825	0	14	10593
HS	824	0	11	10604
HS	823	0	7	10611
HS	822	0	8	10619
HS	821	0	9	10628
HS	820	0	10	10638
HS	819	0	9	10647
HS	818	0	3	10650
HS	817	0	3	10653
HS	816	0	6	10659
HS	815	0	4	10663
HS	814	0	10	10673
HS	813	0	7	10680
HS	812	0	5	10685
HS	811	0	4	10689
HS	810	0	8	10697
HS	809	0	13	10710
HS	808	0	6	10716
HS	807	0	8	10724
HS	806	0	9	10733
HS	805	0	11	10744
HS	804	0	12	10756
HS	803	0	13	10769
HS	802	0	10	10779
HS	801	0	13	10792
HS	800	0	10	10802
HS	799	0	14	10816
HS	798	0	17	10833
HS	797	0	7	10840
HS	796	0	11	10851
HS	795	0	14	10865
HS	794	0	14	10879
HS	793	0	20	10899
HS	792	0	10	10909
HS	791	0	11	10920
HS	790	0	19	10939
HS	789	0	14	10953
HS	788	0	15	10968
HS	787	0	13	10981
HS	786	0	11	10992
HS	785	0	18	11010
HS	784	0	17	11027
HS	783	0	17	11044
HS	782	0	14	11058
HS	781	0	12	11070
HS	780	0	17	11087
HS	779	0	15	11102
HS	778	0	21	11123
HS	777	0	16	11139
HS	776	0	28	11167
HS	775	0	20	11187
HS	774	0	18	11205
HS	773	0	12	11217
HS	772	0	17	11234
HS	771	0	16	11250
HS	770	0	11	11261
HS	769	0	19	11280
HS	768	0	17	11297
HS	767	0	17	11314
HS	766	0	19	11333
HS	765	0	20	11353
HS	764	0	11	11364
HS	763	0	29	11393
HS	762	0	20	11413
HS	761	0	17	11430
HS	760	0	21	11451
HS	759	0	25	11476
HS	758	0	21	11497
HS	757	0	21	11518
HS	756	0	27	11545
HS	755	0	23	11568
HS	754	0	24	11592
HS	753	0	30	11622
HS	752	0	21	11643
HS	751	0	20	11663
HS	750	0	15	11678
HS	749	0	19	11697
HS	748	0	26	11723
HS	747	0	24	11747
HS	746	0	15	11762
HS	745	0	23	11785
HS	744	0	26	11811
HS	743	0	29	11840
HS	742	0	26	11866
HS	741	0	32	11898
HS	740	0	25	11923
HS	739	0	25	11948
HS	738	0	36	11984
HS	737	0	34	12018
HS	736	0	32	12050
HS	735	0	27	12077
HS	734	0	31	12108
HS	733	0	34	12142
HS	732	0	26	12168
HS	731	0	33	12201
HS	730	0	41	12242
HS	729	0	32	12274
HS	728	0	48	12322
HS	727	0	39	12361
HS	726	0	37	12398
HS	725	0	46	12444
HS	724	0	48	12492
HS	723	0	54	12546
HS	722	0	43	12589
HS	721	0	40	12629
HS	720	0	45	12674
HS	719	0	45	12719
HS	718	0	62	12781
HS	717	0	53	12834
HS	716	0	46	12880
HS	715	0	61	12941
HS	714	0	49	12990
HS	713	0	46	13036
HS	712	0	49	13085
HS	711	0	56	13141
HS	710	0	44	13185
HS	709	0	43	13228
HS	708	0	54	13282
HS	707	0	53	13335
HS	706	0	63	13398
HS	705	0	59	13457
HS	704	0	60	13517
HS	703	0	52	13569
HS	702	0	76	13645
HS	701	0	74	13719
HS	700	0	64	13783
HS	699	0	77	13860
HS	698	0	85	13945
HS	697	0	79	14024
HS	696	0	89	14113
HS	695	0	79	14192
HS	694	0	82	14274
HS	693	0	90	14364
HS	692	0	97	14461
HS	691	0	104	14565
HS	690	0	95	14660
HS	689	0	96	14756
HS	688	0	94	14850
HS	687	0	84	14934
HS	686	0	95	15029
HS	685	0	104	15133
HS	684	0	121	15254
HS	683	0	112	15366
HS	682	0	105	15471
HS	681	0	107	15578
HS	680	0	101	15679
HS	679	0	114	15793
HS	678	0	143	15936
HS	677	0	128	16064
HS	676	0	126	16190
HS	675	0	119	16309
HS	674	0	118	16427
HS	673	0	132	16559
HS	672	0	122	16681
HS	671	0	134	16815
HS	670	0	124	16939
HS	669	0	148	17087
HS	668	0	126	17213
HS	667	0	152	17365
HS	666	0	162	17527
HS	665	0	142	17669
HS	664	0	144	17813
HS	663	0	154	17967
HS	662	0	177	18144
HS	661	0	147	18291
HS	660	0	185	18476
HS	659	0	161	18637
HS	658	0	151	18788
HS	657	0	155	18943
HS	656	0	171	19114
HS	655	0	160	19274
HS	654	0	171	19445
HS	653	0	190	19635
HS	652	0	188	19823
HS	651	0	195	20018
HS	650	0	199	20217
HS	649	0	203	20420
HS	648	0	228	20648
HS	647	0	228	20876
HS	646	0	230	21106
HS	645	0	232	21338
HS	644	0	258	21596
HS	643	0	233	21829
HS	642	0	258	22087
HS	641	0	274	22361
HS	640	0	256	22617
HS	639	0	283	22900
HS	638	0	272	23172
HS	637	0	304	23476
HS	636	0	294	23770
HS	635	0	245	24015
HS	634	0	294	24309
HS	633	0	333	24642
HS	632	0	323	24965
HS	631	0	341	25306
HS	630	0	339	25645
HS	629	0	323	25968
HS	628	0	315	26283
HS	627	0	382	26665
HS	626	0	365	27030
HS	625	0	337	27367
HS	624	0	350	27717
HS	623	0	372	28089
HS	622	0	396	28485
HS	621	0	379	28864
HS	620	0	370	29234
HS	619	0	421	29655
HS	618	0	410	30065
HS	617	0	432	30497
HS	616	0	455	30952
HS	615	0	471	31423
HS	614	0	506	31929
HS	613	0	470	32399
HS	612	0	499	32898
HS	611	0	493	33391
HS	610	0	583	33974
HS	609	0	562	34536
HS	608	0	528	35064
HS	607	0	598	35662
HS	606	0	619	36281
HS	605	0	629	36910
HS	604	0	618	37528
HS	603	0	613	38141
HS	602	0	669	38810
HS	601	0	666	39476
HS	600	0	654	40130
HS	599	0	748	40878
HS	598	0	713	41591
HS	597	0	717	42308
HS	596	0	708	43016
HS	595	0	759	43775
HS	594	0	781	44556
HS	593	0	777	45333
HS	592	0	756	46089
HS	591	0	816	46905
HS	590	0	803	47708
HS	589	0	821	48529
HS	588	0	798	49327
HS	587	0	937	50264
HS	586	0	911	51175
HS	585	0	942	52117
HS	584	0	945	53062
HS	583	0	927	53989
HS	582	0	971	54960
HS	581	0	944	55904
HS	580	0	980	56884
HS	579	0	1023	57907
HS	578	0	1022	58929
HS	577	0	1076	60005
HS	576	0	1107	61112
HS	575	0	1141	62253
HS	574	0	1134	63387
HS	573	0	1178	64565
HS	572	0	1246	65811
HS	571	0	1217	67028
HS	570	0	1319	68347
HS	569	0	1326	69673
HS	568	0	1343	71016
HS	567	0	1379	72395
HS	566	0	1382	73777
HS	565	0	1422	75199
HS	564	0	1412	76611
HS	563	0	1417	78028
HS	562	0	1452	79480
HS	561	0	1555	81035
HS	560	0	1488	82523
HS	559	0	1539	84062
HS	558	0	1595	85657
HS	557	0	1621	87278
HS	556	0	1657	88935
HS	555	0	1740	90675
HS	554	0	1810	92485
HS	553	0	1764	94249
HS	552	0	1824	96073
HS	551	0	1909	97982
HS	550	0	1911	99893
HS	549	0	1958	101851
HS	548	0	1942	103793
HS	547	0	1995	105788
HS	546	0	1985	107773
HS	545	0	2094	109867
HS	544	0	2047	111914
HS	543	0	2114	114028
HS	542	0	2121	116149
HS	541	0	2306	118455
HS	540	0	2221	120676
HS	539	0	2235	122911
HS	538	0	2384	125295
HS	537	0	2345	127640
HS	536	0	2392	130032
HS	535	0	2558	132590
HS	534	0	2541	135131
HS	533	0	2565	137696
HS	532	0	2694	140390
HS	531	0	2684	143074
HS	530	0	2715	145789
HS	529	0	2798	148587
HS	528	0	2844	151431
HS	527	0	2842	154273
HS	526	0	2978	157251
HS	525	0	2958	160209
HS	524	0	2999	163208
HS	523	0	3022	166230
HS	522	0	3054	169284
HS	521	0	3155	172439
HS	520	0	3051	175490
HS	519	0	3204	178694
HS	518	0	3287	181981
HS	517	0	3306	185287
HS	516	0	3394	188681
HS	515	0	3552	192233
HS	514	0	3573	195806
HS	513	0	3693	199499
HS	512	0	3618	203117
HS	511	0	3793	206910
HS	510	0	3807	210717
HS	509	0	3953	214670
HS	508	0	3959	218629
HS	507	0	3919	222548
HS	506	0	4107	226655
HS	505	0	4226	230881
HS	504	0	4105	234986
HS	503	0	4277	239263
HS	502	0	4427	243690
HS	501	0	4479	248169
HS	500	0	4460	252629
HS	499	0	4599	257228
HS	498	0	4684	261912
HS	497	0	4652	266564
HS	496	0	4699	271263
HS	495	0	4878	276141
HS	494	0	4949	281090
HS	493	0	5140	286230
HS	492	0	5216	291446
HS	491	0	5306	296752
HS	490	0	5426	302178
HS	489	0	5354	307532
HS	488	0	5552	313084
HS	487	0	5618	318702
HS	486	0	5821	324523
HS	485	0	6037	330560
HS	484	0	5947	336507
HS	483	0	6015	342522
HS	482	0	6068	348590
HS	481	0	6105	354695
HS	480	0	6166	360861
HS	479	0	6358	367219
HS	478	0	6423	373642
HS	477	0	6545	380187
HS	476	0	6602	386789
HS	475	0	6724	393513
HS	474	0	6920	400433
HS	473	0	6916	407349
HS	472	0	7156	414505
HS	471	0	7279	421784
HS	470	0	7320	429104
HS	469	0	7435	436539
HS	468	0	7534	444073
HS	467	0	7661	451734
HS	466	0	7905	459639
HS	465	0	8004	467643
HS	464	0	8020	475663
HS	463	0	8338	484001
HS	462	0	8289	492290
HS	461	0	8436	500726
HS	460	0	8497	509223
HS	459	0	8469	517692
HS	458	0	8835	526527
HS	457	0	8959	535486
HS	456	0	8934	544420
HS	455	0	9013	553433
HS	454	0	9123	562556
HS	453	0	9150	571706
HS	452	0	9310	581016
HS	451	0	9377	590393
HS	450	0	9628	600021
HS	449	0	9761	609782
HS	448	0	10016	619798
HS	447	0	9892	629690
HS	446	0	10250	639940
HS	445	0	10247	650187
HS	444	0	10556	660743
HS	443	0	10375	671118
HS	442	0	10757	681875
HS	441	0	10801	692676
HS	440	0	10637	703313
HS	439	0	10993	714306
HS	438	0	10987	725293
HS	437	0	11007	736300
HS	436	0	11317	747617
HS	435	0	11281	758898
HS	434	0	11394	770292
HS	433	0	11463	781755
HS	432	0	11756	793511
HS	431	0	11727	805238
HS	430	0	12052	817290
HS	429	0	12301	829591
HS	428	0	12051	841642
HS	427	0	12412	854054
HS	426	0	12772	866826
HS	425	0	12773	879599
HS	424	0	12875	892474
HS	423	0	13152	905626
HS	422	0	13212	918838
HS	421	0	13148	931986
HS	420	0	13633	945619
HS	419	0	13676	959295
HS	418	0	13885	973180
HS	417	0	13967	987147
HS	416	0	14284	1001431
HS	415	0	14154	1015585
HS	414	0	14334	1029919
HS	413	0	14617	1044536
HS	412	0	14725	1059261
HS	411	0	14863	1074124
HS	410	0	15180	1089304
HS	409	0	15129	1104433
HS	408	0	15433	1119866
HS	407	0	15232	1135098
HS	406	0	15768	1150866
HS	405	0	15625	1166491
HS	404	0	15728	1182219
HS	403	0	16150	1198369
HS	402	0	16273	1214642
HS	401	0	16264	1230906
HS	400	0	16326	1247232
HS	399	0	16464	1263696
HS	398	0	16632	1280328
HS	397	0	16698	1297026
HS	396	0	16770	1313796
HS	395	0	16829	1330625
HS	394	0	16918	1347543
HS	393	0	16989	1364532
HS	392	0	17157	1381689
HS	391	0	17458	1399147
HS	390	0	17532	1416679
HS	389	0	17430	1434109
HS	388	0	17595	1451704
HS	387	0	17694	1469398
HS	386	0	17605	1487003
HS	385	0	17557	1504560
HS	384	0	18221	1522781
HS	383	0	17950	1540731
HS	382	0	18213	1558944
HS	381	0	18221	1577165
HS	380	0	18154	1595319
HS	379	0	18534	1613853
HS	378	0	18509	1632362
HS	377	0	18258	1650620
HS	376	0	18733	1669353
HS	375	0	18677	1688030
HS	374	0	18627	1706657
HS	373	0	18591	1725248
HS	372	0	18701	1743949
HS	371	0	18813	1762762
HS	370	0	19190	1781952
HS	369	0	18887	1800839
HS	368	0	18678	1819517
HS	367	0	19024	1838541
HS	366	0	18907	1857448
HS	365	0	18942	1876390
HS	364	0	18885	1895275
HS	363	0	18964	1914239
HS	362	0	18958	1933197
HS	361	0	19025	1952222
HS	360	0	19005	1971227
HS	359	0	19191	1990418
HS	358	0	19252	2009670
HS	357	0	19250	2028920
HS	356	0	19240	2048160
HS	355	0	18886	2067046
HS	354	0	19242	2086288
HS	353	0	18946	2105234
HS	352	0	19046	2124280
HS	351	0	18972	2143252
HS	350	0	18952	2162204
HS	349	0	19246	2181450
HS	348	0	19025	2200475
HS	347	0	19069	2219544
HS	346	0	19066	2238610
HS	345	0	18920	2257530
HS	344	0	19076	2276606
HS	343	0	18742	2295348
HS	342	0	19002	2314350
HS	341	0	18854	2333204
HS	340	0	18639	2351843
HS	339	0	18566	2370409
HS	338	0	18471	2388880
HS	337	0	18303	2407183
HS	336	0	18043	2425226
HS	335	0	18456	2443682
HS	334	0	18078	2461760
HS	333	0	17935	2479695
HS	332	0	17888	2497583
HS	331	0	17995	2515578
HS	330	0	18225	2533803
HS	329	0	17699	2551502
HS	328	0	17714	2569216
HS	327	0	17640	2586856
HS	326	0	18003	2604859
HS	325	0	17470	2622329
HS	324	0	17392	2639721
HS	323	0	17374	2657095
HS	322	0	17365	2674460
HS	321	0	17016	2691476
HS	320	0	16908	2708384
HS	319	0	16696	2725080
HS	318	0	16638	2741718
HS	317	0	16317	2758035
HS	316	0	16560	2774595
HS	315	0	16264	2790859
HS	314	0	16444	2807303
HS	313	0	16350	2823653
HS	312	0	16195	2839848
HS	311	0	16020	2855868
HS	310	0	16033	2871901
HS	309	0	15547	2887448
HS	308	0	15570	2903018
HS	307	0	15484	2918502
HS	306	0	15363	2933865
HS	305	0	15264	2949129
HS	304	0	15093	2964222
HS	303	0	14985	2979207
HS	302	0	14762	2993969
HS	301	0	14639	3008608
HS	300	0	14325	3022933
HS	299	0	14141	3037074
HS	298	0	14096	3051170
HS	297	0	13966	3065136
HS	296	0	13873	3079009
HS	295	0	13767	3092776
HS	294	0	13594	3106370
HS	293	0	13475	3119845
HS	292	0	13341	3133186
HS	291	0	13050	3146236
HS	290	0	12658	3158894
HS	289	0	12680	3171574
HS	288	0	12370	3183944
HS	287	0	12273	3196217
HS	286	0	12160	3208377
HS	285	0	11991	3220368
HS	284	0	11723	3232091
HS	283	0	11824	3243915
HS	282	0	11447	3255362
HS	281	0	11377	3266739
HS	280	0	11166	3277905
HS	279	0	11111	3289016
HS	278	0	10988	3300004
HS	277	0	10707	3310711
HS	276	0	10609	3321320
HS	275	0	10368	3331688
HS	274	0	10227	3341915
HS	273	0	10056	3351971
HS	272	0	9810	3361781
HS	271	0	9721	3371502
HS	270	0	9567	3381069
HS	269	0	9550	3390619
HS	268	0	9240	3399859
HS	267	0	8991	3408850
HS	266	0	8914	3417764
HS	265	0	8560	3426324
HS	264	0	8089	3434413
HS	263	0	8100	3442513
HS	262	0	7770	3450283
HS	261	0	7773	3458056
HS	260	0	7596	3465652
HS	259	0	7438	3473090
HS	258	0	7244	3480334
HS	257	0	7130	3487464
HS	256	0	7011	3494475
HS	255	0	6846	3501321
HS	254	0	6780	3508101
HS	253	0	6550	3514651
HS	252	0	6439	3521090
HS	251	0	6440	3527530
HS	250	0	6226	3533756
HS	249	0	5979	3539735
HS	248	0	6000	3545735
HS	247	0	5881	3551616
HS	246	0	5586	3557202
HS	245	0	5372	3562574
HS	244	0	5328	3567902
HS	243	0	5313	3573215
HS	242	0	5118	3578333
HS	241	0	4925	3583258
HS	240	0	4996	3588254
HS	239	0	4713	3592967
HS	238	0	4740	3597707
HS	237	0	4576	3602283
HS	236	0	4633	3606916
HS	235	0	4415	3611331
HS	234	0	4391	3615722
HS	233	0	4277	3619999
HS	232	0	4030	3624029
HS	231	0	3889	3627918
HS	230	0	3979	3631897
HS	229	0	3754	3635651
HS	228	0	3643	3639294
HS	227	0	3559	3642853
HS	226	0	3506	3646359
HS	225	0	3336	3649695
HS	224	0	3387	3653082
HS	223	0	3250	3656332
HS	222	0	3039	3659371
HS	221	0	3039	3662410
HS	220	0	2873	3665283
HS	219	0	2846	3668129
HS	218	0	2889	3671018
HS	217	0	2730	3673748
HS	216	0	2699	3676447
HS	215	0	2460	3678907
HS	214	0	2355	3681262
HS	213	0	2296	3683558
HS	212	0	2263	3685821
HS	211	0	2209	3688030
HS	210	0	2087	3690117
HS	209	0	1962	3692079
HS	208	0	1999	3694078
HS	207	0	1894	3695972
HS	206	0	1836	3697808
HS	205	0	1788	3699596
HS	204	0	1718	3701314
HS	203	0	1662	3702976
HS	202	0	1593	3704569
HS	201	0	1574	3706143
HS	200	0	1485	3707628
HS	199	0	1457	3709085
HS	198	0	1443	3710528
HS	197	0	1366	3711894
HS	196	0	1297	3713191
HS	195	0	1206	3714397
HS	194	0	1343	3715740
HS	193	0	1220	3716960
HS	192	0	1190	3718150
HS	191	0	1121	3719271
HS	190	0	1119	3720390
HS	189	0	1104	3721494
HS	188	0	1056	3722550
HS	187	0	994	3723544
HS	186	0	1035	3724579
HS	185	0	936	3725515
HS	184	0	896	3726411
HS	183	0	876	3727287
HS	182	0	864	3728151
HS	181	0	800	3728951
HS	180	0	863	3729814
HS	179	0	803	3730617
HS	178	0	740	3731357
HS	177	0	697	3732054
HS	176	0	676	3732730
HS	175	0	714	3733444
HS	174	0	672	3734116
HS	173	0	645	3734761
HS	172	0	589	3735350
HS	171	0	563	3735913
HS	170	0	537	3736450
HS	169	0	497	3736947
HS	168	0	456	3737403
HS	167	0	421	3737824
HS	166	0	465	3738289
HS	165	0	458	3738747
HS	164	0	404	3739151
HS	163	0	364	3739515
HS	162	0	378	3739893
HS	161	0	324	3740217
HS	160	0	365	3740582
HS	159	0	338	3740920
HS	158	0	318	3741238
HS	157	0	320	3741558
HS	156	0	320	3741878
HS	155	0	294	3742172
HS	154	0	281	3742453
HS	153	0	280	3742733
HS	152	0	261	3742994
HS	151	0	235	3743229
HS	150	0	257	3743486
HS	149	0	242	3743728
HS	148	0	208	3743936
HS	147	0	239	3744175
HS	146	0	189	3744364
HS	145	0	222	3744586
HS	144	0	196	3744782
HS	143	0	156	3744938
HS	142	0	161	3745099
HS	141	0	154	3745253
HS	140	0	116	3745369
HS	139	0	116	3745485
HS	138	0	115	3745600
HS	137	0	101	3745701
HS	136	0	110	3745811
HS	135	0	98	3745909
HS	134	0	94	3746003
HS	133	0	90	3746093
HS	132	0	107	3746200
HS	131	0	92	3746292
HS	130	0	84	3746376
HS	129	0	84	3746460
HS	128	0	84	3746544
HS	127	0	60	3746604
HS	126	0	67	3746671
HS	125	0	53	3746724
HS	124	0	66	3746790
HS	123	0	47	3746837
HS	122	0	65	3746902
HS	121	0	38	3746940
HS	120	0	37	3746977
HS	119	0	53	3747030
HS	118	0	37	3747067
HS	117	0	43	3747110
HS	116	0	49	3747159
HS	115	0	63	3747222
HS	114	0	46	3747268
HS	113	0	35	3747303
HS	112	0	48	3747351
HS	111	0	34	3747385
HS	110	0	35	3747420
HS	109	0	28	3747448
HS	108	0	40	3747488
HS	107	0	31	3747519
HS	106	0	29	3747548
HS	105	0	32	3747580
HS	104	0	18	3747598
HS	103	0	19	3747617
HS	102	0	17	3747634
HS	101	0	19	3747653
HS	100	0	21	3747674
HS	99	0	19	3747693
HS	98	0	14	3747707
HS	97	0	19	3747726
HS	96	0	22	3747748
HS	95	0	13	3747761
HS	94	0	36	3747797
HS	93	0	33	3747830
HS	92	0	15	3747845
HS	91	0	34	3747879
HS	90	0	39	3747918
HS	89	0	42	3747960
HS	88	0	44	3748004
HS	87	0	28	3748032
HS	86	0	30	3748062
HS	85	0	50	3748112
HS	84	0	32	3748144
HS	83	0	39	3748183
HS	82	0	50	3748233
HS	81	0	35	3748268
HS	80	0	37	3748305
HS	79	0	56	3748361
HS	78	0	63	3748424
HS	77	0	59	3748483
HS	76	0	67	3748550
HS	75	0	50	3748600
HS	74	0	75	3748675
HS	73	0	69	3748744
HS	72	0	82	3748826
HS	71	0	82	3748908
HS	70	0	83	3748991
HS	69	0	106	3749097
HS	68	0	131	3749228
HS	67	0	122	3749350
HS	66	0	89	3749439
HS	65	0	123	3749562
HS	64	0	127	3749689
HS	63	0	152	3749841
HS	62	0	148	3749989
HS	61	0	198	3750187
HS	60	0	246	3750433
HS	59	0	266	3750699
HS	58	0	278	3750977
HS	57	0	354	3751331
HS	56	0	405	3751736
HS	55	0	470	3752206
HS	54	0	479	3752685
HS	53	0	451	3753136
HS	52	0	492	3753628
HS	51	0	518	3754146
HS	50	0	608	3754754
HS	49	0	694	3755448
HS	48	0	756	3756204
HS	47	0	840	3757044
HS	46	0	965	3758009
HS	45	0	1101	3759110
HS	44	0	1240	3760350
HS	43	0	1367	3761717
HS	42	0	1402	3763119
HS	41	0	1614	3764733
HS	40	0	1764	3766497
HS	39	0	1913	3768410
HS	38	0	2233	3770643
HS	37	0	2306	3772949
HS	36	0	2763	3775712
HS	35	0	3083	3778795
HS	34	0	3371	3782166
HS	33	0	3873	3786039
HS	32	0	4174	3790213
HS	31	0	4881	3795094
HS	30	0	5374	3800468
HS	29	0	5868	3806336
HS	28	0	6430	3812766
HS	27	0	7479	3820245
HS	26	0	8187	3828432
HS	25	0	9649	3838081
HS	24	0	10726	3848807
HS	23	0	12397	3861204
HS	22	0	14383	3875587
HS	21	0	15536	3891123
HS	20	0	18226	3909349
HS	19	0	21782	3931131
HS	18	0	25247	3956378
HS	17	0	29677	3986055
HS	16	0	35345	4021400
HS	15	0	42086	4063486
HS	14	0	49565	4113051
HS	13	0	60737	4173788
HS	12	0	74809	4248597
HS	11	0	96283	4344880
HS	10	0	125747	4470627
HS	9	0	172177	4642804
HS	8	0	243965	4886769
HS	7	0	362941	5249710
HS	6	0	574120	5823830
HS	5	0	1007360	6831190
HS	4	0	1998759	8829949
HS	3	0	4720750	13550699
HS	2	0	14673148	28223847
HS	1	0	0	28223847
HS	0	0	0	28223847
