CC	CT  kmer_occurrence    short_read_kmer_count  raw_input_kmer_count  adjusted_input_kmer_count
CC	FR  fpr_lower_bound    fpr_upper_bound
CC	ER  total_input_kmers  adjusted_error_kmers
CC	CV  coverage
CC	QV  raw_quality_value  adjusted_quality_value
CC
SQ	JAUCFD010000009.1	4291760	4291730	4289808	48.40
CT	1023	12842	41491	41491.000
CT	1022	12	44	44.000
CT	1021	6	32	32.000
CT	1020	7	36	36.000
CT	1019	12	56	56.000
CT	1018	8	39	39.000
CT	1017	5	24	24.000
CT	1016	6	22	22.000
CT	1015	6	24	24.000
CT	1014	6	12	12.000
CT	1013	4	8	8.000
CT	1012	6	20	20.000
CT	1011	6	23	23.000
CT	1010	9	42	42.000
CT	1009	4	12	12.000
CT	1008	5	14	14.000
CT	1007	8	27	27.000
CT	1006	6	17	17.000
CT	1005	4	12	12.000
CT	1004	3	0	0.000
CT	1003	5	25	25.000
CT	1002	8	33	33.000
CT	1001	4	25	25.000
CT	1000	6	11	11.000
CT	999	5	19	19.000
CT	998	10	27	27.000
CT	997	5	28	28.000
CT	996	8	24	24.000
CT	995	9	31	31.000
CT	994	1	0	0.000
CT	993	6	16	16.000
CT	992	4	15	15.000
CT	991	6	12	12.000
CT	990	4	23	23.000
CT	989	8	38	38.000
CT	988	8	32	32.000
CT	987	5	20	20.000
CT	986	6	15	15.000
CT	985	6	24	24.000
CT	984	6	19	19.000
CT	983	5	16	16.000
CT	982	5	33	33.000
CT	981	5	27	27.000
CT	980	5	9	9.000
CT	979	9	27	27.000
CT	978	2	3	3.000
CT	977	5	16	16.000
CT	976	3	8	8.000
CT	975	4	16	16.000
CT	974	2	12	12.000
CT	973	1	4	4.000
CT	972	9	29	29.000
CT	971	5	12	12.000
CT	970	3	11	11.000
CT	969	4	7	7.000
CT	968	4	16	16.000
CT	967	4	8	8.000
CT	966	7	20	20.000
CT	965	7	24	24.000
CT	964	4	0	0.000
CT	963	6	3	3.000
CT	962	4	4	4.000
CT	961	6	4	4.000
CT	960	4	14	14.000
CT	959	6	24	24.000
CT	958	4	4	4.000
CT	957	3	0	0.000
CT	956	6	16	16.000
CT	955	2	0	0.000
CT	954	7	15	15.000
CT	953	3	3	3.000
CT	952	8	24	24.000
CT	951	10	19	19.000
CT	950	11	21	21.000
CT	949	1	4	4.000
CT	948	5	12	12.000
CT	947	6	17	17.000
CT	946	8	14	14.000
CT	945	6	19	19.000
CT	944	3	18	18.000
CT	943	10	40	40.000
CT	942	9	31	31.000
CT	941	4	6	6.000
CT	940	9	47	47.000
CT	939	4	9	9.000
CT	938	6	20	20.000
CT	937	7	22	22.000
CT	936	6	21	21.000
CT	935	6	21	21.000
CT	934	4	8	8.000
CT	933	8	22	22.000
CT	932	7	16	16.000
CT	931	5	30	30.000
CT	930	8	33	33.000
CT	929	6	17	17.000
CT	928	8	15	15.000
CT	927	9	27	27.000
CT	926	6	12	12.000
CT	925	5	23	23.000
CT	924	3	8	8.000
CT	923	2	0	0.000
CT	922	6	26	26.000
CT	921	3	4	4.000
CT	920	5	21	21.000
CT	919	2	0	0.000
CT	918	2	3	3.000
CT	917	3	8	8.000
CT	916	5	12	12.000
CT	915	7	14	14.000
CT	914	3	11	11.000
CT	913	2	8	8.000
CT	912	7	9	9.000
CT	911	5	11	11.000
CT	910	3	12	12.000
CT	909	4	9	9.000
CT	908	0	0	0.000
CT	907	6	21	21.000
CT	906	0	0	0.000
CT	905	5	14	14.000
CT	904	6	36	36.000
CT	903	4	3	3.000
CT	902	2	7	7.000
CT	901	3	12	12.000
CT	900	2	8	8.000
CT	899	1	0	0.000
CT	898	2	11	11.000
CT	897	3	11	11.000
CT	896	7	20	20.000
CT	895	5	26	26.000
CT	894	2	12	12.000
CT	893	2	11	11.000
CT	892	5	27	27.000
CT	891	4	10	10.000
CT	890	1	0	0.000
CT	889	2	10	10.000
CT	888	4	10	10.000
CT	887	6	35	35.000
CT	886	3	10	10.000
CT	885	1	0	0.000
CT	884	5	18	18.000
CT	883	3	18	18.000
CT	882	1	2	2.000
CT	881	4	22	22.000
CT	880	5	9	9.000
CT	879	4	13	13.000
CT	878	7	30	30.000
CT	877	3	4	4.000
CT	876	7	23	23.000
CT	875	3	2	2.000
CT	874	6	8	8.000
CT	873	7	16	16.000
CT	872	6	19	19.000
CT	871	2	2	2.000
CT	870	9	20	20.000
CT	869	4	9	9.000
CT	868	2	10	10.000
CT	867	9	17	17.000
CT	866	5	9	9.000
CT	865	3	2	2.000
CT	864	13	30	30.000
CT	863	8	16	16.000
CT	862	8	14	14.000
CT	861	7	15	15.000
CT	860	10	14	14.000
CT	859	4	9	9.000
CT	858	4	12	12.000
CT	857	5	12	12.000
CT	856	6	10	10.000
CT	855	9	15	15.000
CT	854	1	2	2.000
CT	853	9	20	20.000
CT	852	4	13	13.000
CT	851	4	11	11.000
CT	850	7	20	20.000
CT	849	5	11	11.000
CT	848	14	37	37.000
CT	847	7	16	16.000
CT	846	8	19	19.000
CT	845	6	11	11.000
CT	844	4	8	8.000
CT	843	7	10	10.000
CT	842	11	27	27.000
CT	841	5	10	10.000
CT	840	10	24	24.000
CT	839	8	23	23.000
CT	838	12	27	27.000
CT	837	13	34	34.000
CT	836	11	37	37.000
CT	835	8	19	19.000
CT	834	9	20	20.000
CT	833	13	36	36.000
CT	832	9	30	30.000
CT	831	11	26	26.000
CT	830	13	37	37.000
CT	829	12	26	26.000
CT	828	6	16	16.000
CT	827	8	27	27.000
CT	826	9	18	18.000
CT	825	8	12	12.000
CT	824	3	14	14.000
CT	823	9	21	21.000
CT	822	6	16	16.000
CT	821	5	16	16.000
CT	820	11	24	24.000
CT	819	8	23	23.000
CT	818	6	14	14.000
CT	817	4	12	12.000
CT	816	4	12	12.000
CT	815	10	17	17.000
CT	814	11	23	23.000
CT	813	6	4	4.000
CT	812	12	42	42.000
CT	811	7	10	10.000
CT	810	4	5	5.000
CT	809	7	18	18.000
CT	808	10	23	23.000
CT	807	8	15	15.000
CT	806	6	22	22.000
CT	805	13	22	22.000
CT	804	11	33	33.000
CT	803	8	32	32.000
CT	802	13	24	24.000
CT	801	8	16	16.000
CT	800	5	6	6.000
CT	799	10	23	23.000
CT	798	7	14	14.000
CT	797	15	27	27.000
CT	796	12	23	23.000
CT	795	10	14	14.000
CT	794	11	20	20.000
CT	793	15	33	33.000
CT	792	14	18	18.000
CT	791	11	21	21.000
CT	790	15	28	28.000
CT	789	9	21	21.000
CT	788	23	33	33.000
CT	787	12	13	13.000
CT	786	18	24	24.000
CT	785	16	22	22.000
CT	784	15	24	24.000
CT	783	13	26	26.000
CT	782	18	33	33.000
CT	781	14	31	31.000
CT	780	17	29	29.000
CT	779	17	25	25.000
CT	778	19	37	37.000
CT	777	15	30	30.000
CT	776	17	21	21.000
CT	775	24	36	36.000
CT	774	12	18	18.000
CT	773	22	32	32.000
CT	772	19	29	29.000
CT	771	26	35	35.000
CT	770	21	33	33.000
CT	769	17	16	16.000
CT	768	26	32	32.000
CT	767	22	44	44.000
CT	766	29	43	43.000
CT	765	36	73	73.000
CT	764	21	31	31.000
CT	763	29	41	41.000
CT	762	19	41	41.000
CT	761	12	10	10.000
CT	760	21	33	33.000
CT	759	27	29	29.000
CT	758	25	33	33.000
CT	757	30	29	29.000
CT	756	22	24	24.000
CT	755	20	43	43.000
CT	754	19	27	27.000
CT	753	24	20	20.000
CT	752	20	25	25.000
CT	751	23	38	38.000
CT	750	24	35	35.000
CT	749	25	38	38.000
CT	748	34	35	35.000
CT	747	31	31	31.000
CT	746	36	38	38.000
CT	745	30	33	33.000
CT	744	32	38	38.000
CT	743	26	35	35.000
CT	742	33	47	47.000
CT	741	29	32	32.000
CT	740	23	23	23.000
CT	739	33	43	43.000
CT	738	31	42	42.000
CT	737	27	36	36.000
CT	736	15	17	17.000
CT	735	31	31	31.000
CT	734	28	25	25.000
CT	733	25	30	30.000
CT	732	29	33	33.000
CT	731	24	26	26.000
CT	730	25	35	35.000
CT	729	38	36	36.000
CT	728	18	21	21.000
CT	727	22	29	29.000
CT	726	23	37	37.000
CT	725	21	23	23.000
CT	724	24	37	37.000
CT	723	24	28	28.000
CT	722	31	58	58.000
CT	721	39	52	52.000
CT	720	23	30	30.000
CT	719	33	35	35.000
CT	718	26	25	25.000
CT	717	40	52	52.000
CT	716	34	45	45.000
CT	715	28	27	27.000
CT	714	30	52	52.000
CT	713	30	33	33.000
CT	712	34	47	47.000
CT	711	35	39	39.000
CT	710	31	34	34.000
CT	709	34	32	32.000
CT	708	27	34	34.000
CT	707	38	44	44.000
CT	706	31	32	32.000
CT	705	37	45	45.000
CT	704	34	40	40.000
CT	703	36	41	41.000
CT	702	46	57	57.000
CT	701	43	54	54.000
CT	700	46	46	46.000
CT	699	40	41	41.000
CT	698	32	31	31.000
CT	697	38	41	41.000
CT	696	39	51	51.000
CT	695	63	69	69.000
CT	694	39	44	44.000
CT	693	49	54	54.000
CT	692	42	39	39.000
CT	691	40	40	40.000
CT	690	36	35	35.000
CT	689	52	57	57.000
CT	688	49	48	48.000
CT	687	52	60	60.000
CT	686	62	68	68.000
CT	685	73	76	76.000
CT	684	67	72	72.000
CT	683	53	74	74.000
CT	682	58	66	66.000
CT	681	54	47	47.000
CT	680	51	52	52.000
CT	679	59	55	55.000
CT	678	50	52	52.000
CT	677	67	74	74.000
CT	676	56	54	54.000
CT	675	64	71	71.000
CT	674	71	65	65.000
CT	673	66	66	66.000
CT	672	53	48	48.000
CT	671	64	66	66.000
CT	670	63	59	59.000
CT	669	65	58	58.000
CT	668	53	48	48.000
CT	667	73	69	69.000
CT	666	77	83	83.000
CT	665	67	66	66.000
CT	664	81	72	72.000
CT	663	74	72	72.000
CT	662	76	75	75.000
CT	661	105	97	97.000
CT	660	83	80	80.000
CT	659	79	83	83.000
CT	658	92	87	87.000
CT	657	74	61	61.000
CT	656	115	112	112.000
CT	655	96	85	85.000
CT	654	97	101	101.000
CT	653	89	87	87.000
CT	652	101	109	109.000
CT	651	101	101	101.000
CT	650	104	96	96.000
CT	649	110	117	117.000
CT	648	100	106	106.000
CT	647	109	108	108.000
CT	646	111	112	112.000
CT	645	104	107	107.000
CT	644	119	131	131.000
CT	643	127	135	135.000
CT	642	128	125	125.000
CT	641	123	131	131.000
CT	640	138	131	131.000
CT	639	120	112	112.000
CT	638	124	126	126.000
CT	637	142	139	139.000
CT	636	134	124	124.000
CT	635	132	119	119.000
CT	634	179	177	177.000
CT	633	163	149	149.000
CT	632	150	143	143.000
CT	631	157	143	143.000
CT	630	166	156	156.000
CT	629	175	160	160.000
CT	628	167	152	152.000
CT	627	185	187	187.000
CT	626	172	169	169.000
CT	625	172	160	160.000
CT	624	162	151	151.000
CT	623	171	150	150.000
CT	622	167	154	154.000
CT	621	172	166	166.000
CT	620	165	147	147.000
CT	619	167	149	149.000
CT	618	176	155	155.000
CT	617	195	174	174.000
CT	616	197	171	171.000
CT	615	215	208	208.000
CT	614	222	203	203.000
CT	613	204	185	185.000
CT	612	234	197	197.000
CT	611	253	223	223.000
CT	610	231	219	219.000
CT	609	255	245	245.000
CT	608	242	222	222.000
CT	607	229	219	219.000
CT	606	246	208	208.000
CT	605	261	247	247.000
CT	604	255	234	234.000
CT	603	264	240	240.000
CT	602	278	255	255.000
CT	601	260	230	230.000
CT	600	252	228	228.000
CT	599	295	268	268.000
CT	598	267	237	237.000
CT	597	253	234	234.000
CT	596	295	270	270.000
CT	595	293	275	275.000
CT	594	298	277	277.000
CT	593	287	256	256.000
CT	592	282	248	248.000
CT	591	299	267	267.000
CT	590	315	298	298.000
CT	589	321	293	293.000
CT	588	320	297	297.000
CT	587	366	336	336.000
CT	586	335	301	301.000
CT	585	324	295	295.000
CT	584	318	290	290.000
CT	583	324	297	297.000
CT	582	382	352	352.000
CT	581	373	329	329.000
CT	580	371	332	332.000
CT	579	371	351	351.000
CT	578	366	328	328.000
CT	577	338	318	318.000
CT	576	385	348	348.000
CT	575	374	350	350.000
CT	574	395	366	366.000
CT	573	417	388	388.000
CT	572	382	340	340.000
CT	571	419	377	377.000
CT	570	432	399	399.000
CT	569	436	403	403.000
CT	568	437	408	408.000
CT	567	476	431	431.000
CT	566	441	414	414.000
CT	565	438	406	406.000
CT	564	492	453	453.000
CT	563	442	401	401.000
CT	562	486	442	442.000
CT	561	475	443	443.000
CT	560	501	481	481.000
CT	559	507	460	460.000
CT	558	485	457	457.000
CT	557	527	496	496.000
CT	556	558	507	507.000
CT	555	603	564	564.000
CT	554	565	536	536.000
CT	553	551	512	512.000
CT	552	579	551	551.000
CT	551	633	594	594.000
CT	550	589	547	547.000
CT	549	634	586	586.000
CT	548	654	604	604.000
CT	547	699	657	657.000
CT	546	627	580	580.000
CT	545	719	675	675.000
CT	544	714	654	654.000
CT	543	790	730	730.000
CT	542	738	701	701.000
CT	541	843	785	785.000
CT	540	811	757	757.000
CT	539	856	795	795.000
CT	538	820	748	748.000
CT	537	862	813	813.000
CT	536	858	804	804.000
CT	535	871	825	825.000
CT	534	893	842	842.000
CT	533	908	841	841.000
CT	532	951	862	862.000
CT	531	945	873	873.000
CT	530	954	871	871.000
CT	529	984	905	905.000
CT	528	940	877	877.000
CT	527	990	899	899.000
CT	526	993	912	912.000
CT	525	997	924	924.000
CT	524	1092	1023	1023.000
CT	523	1043	961	961.000
CT	522	1101	1017	1017.000
CT	521	1096	998	998.000
CT	520	1102	1034	1034.000
CT	519	1159	1053	1053.000
CT	518	1169	1072	1072.000
CT	517	1195	1095	1095.000
CT	516	1211	1129	1129.000
CT	515	1177	1081	1081.000
CT	514	1274	1161	1161.000
CT	513	1190	1113	1113.000
CT	512	1279	1196	1196.000
CT	511	1219	1133	1133.000
CT	510	1261	1186	1186.000
CT	509	1309	1207	1207.000
CT	508	1332	1228	1228.000
CT	507	1363	1261	1261.000
CT	506	1449	1355	1355.000
CT	505	1408	1300	1300.000
CT	504	1464	1377	1377.000
CT	503	1528	1428	1428.000
CT	502	1551	1461	1461.000
CT	501	1587	1499	1499.000
CT	500	1551	1451	1451.000
CT	499	1656	1565	1565.000
CT	498	1645	1561	1561.000
CT	497	1725	1638	1638.000
CT	496	1669	1571	1571.000
CT	495	1646	1556	1556.000
CT	494	1803	1712	1712.000
CT	493	1730	1641	1641.000
CT	492	1819	1710	1710.000
CT	491	1789	1689	1689.000
CT	490	1880	1756	1756.000
CT	489	1875	1775	1775.000
CT	488	1953	1838	1838.000
CT	487	1946	1803	1803.000
CT	486	1958	1840	1840.000
CT	485	2012	1878	1878.000
CT	484	2039	1911	1911.000
CT	483	2072	1932	1932.000
CT	482	2152	2018	2018.000
CT	481	2126	1990	1990.000
CT	480	2252	2112	2112.000
CT	479	2265	2134	2134.000
CT	478	2292	2156	2156.000
CT	477	2333	2200	2200.000
CT	476	2427	2273	2273.000
CT	475	2494	2324	2324.000
CT	474	2484	2326	2326.000
CT	473	2404	2247	2247.000
CT	472	2439	2287	2287.000
CT	471	2519	2377	2377.000
CT	470	2618	2437	2437.000
CT	469	2552	2381	2381.000
CT	468	2583	2421	2421.000
CT	467	2588	2418	2418.000
CT	466	2709	2524	2524.000
CT	465	2725	2543	2543.000
CT	464	2691	2533	2533.000
CT	463	2909	2713	2713.000
CT	462	2825	2645	2645.000
CT	461	2794	2605	2605.000
CT	460	2758	2598	2598.000
CT	459	2840	2668	2668.000
CT	458	2997	2817	2817.000
CT	457	3086	2882	2882.000
CT	456	3046	2846	2846.000
CT	455	3143	2959	2959.000
CT	454	3304	3092	3092.000
CT	453	3275	3057	3057.000
CT	452	3376	3171	3171.000
CT	451	3398	3157	3157.000
CT	450	3383	3164	3164.000
CT	449	3508	3288	3288.000
CT	448	3508	3289	3289.000
CT	447	3723	3483	3483.000
CT	446	3680	3445	3445.000
CT	445	3847	3629	3629.000
CT	444	3835	3607	3607.000
CT	443	3795	3589	3589.000
CT	442	3939	3734	3734.000
CT	441	4009	3789	3789.000
CT	440	4063	3854	3854.000
CT	439	4243	4028	4028.000
CT	438	4196	3980	3980.000
CT	437	4368	4117	4117.000
CT	436	4352	4134	4134.000
CT	435	4423	4207	4207.000
CT	434	4497	4262	4262.000
CT	433	4716	4449	4449.000
CT	432	4649	4395	4395.000
CT	431	4827	4590	4590.000
CT	430	4845	4578	4578.000
CT	429	5058	4808	4808.000
CT	428	5073	4809	4809.000
CT	427	5110	4858	4858.000
CT	426	5215	4963	4963.000
CT	425	5137	4892	4892.000
CT	424	5179	4932	4932.000
CT	423	5339	5109	5109.000
CT	422	5344	5060	5060.000
CT	421	5325	5064	5064.000
CT	420	5429	5142	5142.000
CT	419	5579	5357	5357.000
CT	418	5562	5326	5326.000
CT	417	5806	5551	5551.000
CT	416	5811	5552	5552.000
CT	415	5807	5539	5539.000
CT	414	5923	5638	5638.000
CT	413	5998	5737	5737.000
CT	412	6192	5878	5878.000
CT	411	6164	5887	5887.000
CT	410	6400	6077	6077.000
CT	409	6257	5983	5983.000
CT	408	6432	6132	6132.000
CT	407	6600	6301	6301.000
CT	406	6459	6192	6192.000
CT	405	6693	6419	6419.000
CT	404	6725	6434	6434.000
CT	403	6736	6448	6448.000
CT	402	6969	6705	6705.000
CT	401	6865	6589	6589.000
CT	400	7046	6765	6765.000
CT	399	7182	6903	6903.000
CT	398	7192	6885	6885.000
CT	397	7365	7072	7072.000
CT	396	7386	7081	7081.000
CT	395	7540	7262	7262.000
CT	394	7646	7356	7356.000
CT	393	7745	7469	7469.000
CT	392	7732	7437	7437.000
CT	391	7847	7563	7563.000
CT	390	7951	7661	7661.000
CT	389	7903	7616	7616.000
CT	388	8109	7848	7848.000
CT	387	8148	7851	7851.000
CT	386	8232	7944	7944.000
CT	385	8413	8095	8095.000
CT	384	8546	8234	8234.000
CT	383	8671	8321	8321.000
CT	382	8843	8508	8508.000
CT	381	8941	8618	8618.000
CT	380	9079	8748	8748.000
CT	379	9121	8796	8796.000
CT	378	9214	8915	8915.000
CT	377	9210	8875	8875.000
CT	376	9359	9061	9061.000
CT	375	9633	9316	9316.000
CT	374	9587	9264	9264.000
CT	373	9879	9562	9562.000
CT	372	9932	9622	9622.000
CT	371	10040	9733	9733.000
CT	370	10364	10036	10036.000
CT	369	10221	9896	9896.000
CT	368	10279	9945	9945.000
CT	367	10463	10116	10116.000
CT	366	10766	10403	10403.000
CT	365	10837	10500	10500.000
CT	364	11022	10672	10672.000
CT	363	10854	10488	10488.000
CT	362	11188	10815	10815.000
CT	361	11236	10878	10878.000
CT	360	11325	10980	10980.000
CT	359	11482	11120	11120.000
CT	358	11667	11298	11298.000
CT	357	11730	11378	11378.000
CT	356	11882	11513	11513.000
CT	355	12077	11713	11713.000
CT	354	12007	11666	11666.000
CT	353	12069	11722	11722.000
CT	352	12323	11961	11961.000
CT	351	12311	11947	11947.000
CT	350	12710	12329	12329.000
CT	349	12618	12265	12265.000
CT	348	12871	12535	12535.000
CT	347	13223	12857	12857.000
CT	346	13263	12897	12897.000
CT	345	13344	12999	12999.000
CT	344	13388	13030	13030.000
CT	343	13287	12948	12948.000
CT	342	13459	13145	13145.000
CT	341	13412	13094	13094.000
CT	340	13738	13383	13383.000
CT	339	13678	13327	13327.000
CT	338	13950	13603	13603.000
CT	337	13984	13633	13633.000
CT	336	14338	13996	13996.000
CT	335	14456	14150	14150.000
CT	334	14395	14095	14095.000
CT	333	14238	13921	13921.000
CT	332	14579	14304	14304.000
CT	331	14625	14299	14299.000
CT	330	14841	14513	14513.000
CT	329	14855	14564	14564.000
CT	328	15184	14895	14895.000
CT	327	14993	14718	14718.000
CT	326	15655	15362	15362.000
CT	325	15543	15276	15276.000
CT	324	15771	15484	15484.000
CT	323	16011	15723	15723.000
CT	322	16185	15898	15898.000
CT	321	16304	15996	15996.000
CT	320	16443	16153	16153.000
CT	319	16752	16459	16459.000
CT	318	16796	16521	16521.000
CT	317	16783	16534	16534.000
CT	316	16850	16630	16630.000
CT	315	16965	16712	16712.000
CT	314	17298	17052	17052.000
CT	313	17323	17094	17094.000
CT	312	17314	17094	17094.000
CT	311	17335	17079	17079.000
CT	310	17801	17569	17569.000
CT	309	17730	17466	17466.000
CT	308	17902	17639	17639.000
CT	307	17840	17585	17585.000
CT	306	17994	17750	17750.000
CT	305	18058	17822	17822.000
CT	304	18221	17981	17981.000
CT	303	18330	18052	18052.000
CT	302	18459	18204	18204.000
CT	301	18409	18208	18208.000
CT	300	18439	18191	18191.000
CT	299	18974	18730	18730.000
CT	298	19002	18758	18758.000
CT	297	18819	18584	18584.000
CT	296	18995	18769	18769.000
CT	295	18876	18675	18675.000
CT	294	19452	19237	19237.000
CT	293	19351	19131	19131.000
CT	292	19475	19274	19274.000
CT	291	19500	19298	19298.000
CT	290	19797	19587	19587.000
CT	289	19988	19768	19768.000
CT	288	19881	19686	19686.000
CT	287	20251	20033	20033.000
CT	286	20330	20110	20110.000
CT	285	20416	20203	20203.000
CT	284	20675	20467	20467.000
CT	283	20586	20404	20404.000
CT	282	20650	20455	20455.000
CT	281	20744	20555	20555.000
CT	280	20765	20563	20563.000
CT	279	20502	20330	20330.000
CT	278	20827	20642	20642.000
CT	277	20912	20734	20734.000
CT	276	20765	20558	20558.000
CT	275	20891	20700	20700.000
CT	274	21322	21133	21133.000
CT	273	20865	20693	20693.000
CT	272	21306	21126	21126.000
CT	271	21239	21047	21047.000
CT	270	21029	20846	20846.000
CT	269	21306	21179	21179.000
CT	268	21385	21224	21224.000
CT	267	21426	21234	21234.000
CT	266	21385	21228	21228.000
CT	265	21361	21217	21217.000
CT	264	21643	21493	21493.000
CT	263	21608	21450	21450.000
CT	262	21663	21525	21525.000
CT	261	21760	21623	21623.000
CT	260	21689	21576	21576.000
CT	259	21947	21832	21832.000
CT	258	22129	22008	22008.000
CT	257	21665	21575	21575.000
CT	256	21940	21827	21827.000
CT	255	21701	21579	21579.000
CT	254	21855	21724	21724.000
CT	253	21950	21832	21832.000
CT	252	22000	21892	21892.000
CT	251	22195	22095	22095.000
CT	250	21930	21844	21844.000
CT	249	21817	21723	21723.000
CT	248	21626	21537	21537.000
CT	247	21676	21582	21582.000
CT	246	21742	21644	21644.000
CT	245	21754	21636	21636.000
CT	244	21444	21340	21340.000
CT	243	21543	21437	21437.000
CT	242	21433	21336	21336.000
CT	241	21587	21475	21475.000
CT	240	21353	21252	21252.000
CT	239	21523	21410	21410.000
CT	238	21285	21170	21170.000
CT	237	21342	21232	21232.000
CT	236	21076	20976	20976.000
CT	235	21109	20977	20977.000
CT	234	20881	20765	20765.000
CT	233	20872	20744	20744.000
CT	232	20546	20425	20425.000
CT	231	20505	20386	20386.000
CT	230	20507	20381	20381.000
CT	229	20322	20228	20228.000
CT	228	20399	20304	20304.000
CT	227	20276	20162	20162.000
CT	226	20076	19975	19975.000
CT	225	19928	19829	19829.000
CT	224	19884	19773	19773.000
CT	223	19693	19605	19605.000
CT	222	19618	19532	19532.000
CT	221	19495	19424	19424.000
CT	220	19250	19171	19171.000
CT	219	19435	19359	19359.000
CT	218	18867	18792	18792.000
CT	217	18911	18841	18841.000
CT	216	18418	18325	18325.000
CT	215	18371	18286	18286.000
CT	214	18060	17992	17992.000
CT	213	17769	17700	17700.000
CT	212	17780	17706	17706.000
CT	211	17456	17392	17392.000
CT	210	17244	17185	17185.000
CT	209	17287	17205	17205.000
CT	208	16918	16843	16843.000
CT	207	16671	16595	16595.000
CT	206	16697	16625	16625.000
CT	205	16318	16242	16242.000
CT	204	16023	15967	15967.000
CT	203	15967	15903	15903.000
CT	202	15786	15723	15723.000
CT	201	15288	15226	15226.000
CT	200	15148	15071	15071.000
CT	199	14996	14930	14930.000
CT	198	14865	14805	14805.000
CT	197	14527	14460	14460.000
CT	196	14824	14741	14741.000
CT	195	14428	14355	14355.000
CT	194	13865	13790	13790.000
CT	193	13706	13637	13637.000
CT	192	13347	13280	13280.000
CT	191	13308	13234	13234.000
CT	190	13178	13127	13127.000
CT	189	12973	12900	12900.000
CT	188	12470	12395	12395.000
CT	187	12551	12475	12475.000
CT	186	12051	11984	11984.000
CT	185	12157	12093	12093.000
CT	184	11866	11810	11810.000
CT	183	11484	11423	11423.000
CT	182	11286	11223	11223.000
CT	181	10862	10807	10807.000
CT	180	10822	10768	10768.000
CT	179	10360	10306	10306.000
CT	178	10341	10292	10292.000
CT	177	9919	9871	9871.000
CT	176	9793	9745	9745.000
CT	175	9590	9549	9549.000
CT	174	9138	9099	9099.000
CT	173	9099	9063	9063.000
CT	172	8689	8636	8636.000
CT	171	8467	8421	8421.000
CT	170	8216	8177	8177.000
CT	169	7960	7912	7912.000
CT	168	7669	7594	7594.000
CT	167	7709	7652	7652.000
CT	166	7281	7227	7227.000
CT	165	6980	6935	6935.000
CT	164	6813	6778	6778.000
CT	163	6744	6709	6709.000
CT	162	6362	6332	6332.000
CT	161	6285	6251	6251.000
CT	160	6138	6107	6107.000
CT	159	5729	5687	5687.000
CT	158	5522	5491	5491.000
CT	157	5563	5532	5532.000
CT	156	5550	5519	5519.000
CT	155	5306	5280	5280.000
CT	154	5073	5056	5056.000
CT	153	4837	4810	4810.000
CT	152	4770	4741	4741.000
CT	151	4735	4712	4712.000
CT	150	4378	4353	4353.000
CT	149	4390	4368	4368.000
CT	148	4087	4064	4064.000
CT	147	3978	3943	3943.000
CT	146	4005	3985	3985.000
CT	145	3796	3787	3787.000
CT	144	3684	3653	3653.000
CT	143	3424	3404	3404.000
CT	142	3278	3260	3260.000
CT	141	3113	3091	3091.000
CT	140	3032	3022	3022.000
CT	139	2764	2753	2753.000
CT	138	2737	2716	2716.000
CT	137	2627	2607	2607.000
CT	136	2349	2332	2332.000
CT	135	2254	2241	2241.000
CT	134	2217	2194	2194.000
CT	133	2188	2169	2169.000
CT	132	2058	2034	2034.000
CT	131	1866	1843	1843.000
CT	130	1828	1795	1795.000
CT	129	1631	1609	1609.000
CT	128	1725	1693	1693.000
CT	127	1683	1643	1643.000
CT	126	1530	1491	1491.000
CT	125	1508	1476	1476.000
CT	124	1456	1423	1423.000
CT	123	1333	1300	1300.000
CT	122	1277	1239	1239.000
CT	121	1296	1256	1256.000
CT	120	1152	1122	1122.000
CT	119	1099	1062	1062.000
CT	118	996	959	959.000
CT	117	1032	980	980.000
CT	116	936	894	894.000
CT	115	893	859	859.000
CT	114	820	780	780.000
CT	113	800	766	766.000
CT	112	688	636	636.000
CT	111	694	651	651.000
CT	110	643	598	598.000
CT	109	568	526	526.000
CT	108	548	509	509.000
CT	107	529	483	483.000
CT	106	481	448	448.000
CT	105	479	436	436.000
CT	104	439	386	386.000
CT	103	417	376	376.000
CT	102	374	320	320.000
CT	101	371	312	312.000
CT	100	362	300	300.000
CT	99	326	268	268.000
CT	98	329	279	279.000
CT	97	267	227	227.000
CT	96	274	217	217.000
CT	95	253	192	192.000
CT	94	251	193	193.000
CT	93	233	200	200.000
CT	92	195	146	146.000
CT	91	216	145	144.999
CT	90	194	119	118.999
CT	89	187	126	126.000
CT	88	221	132	131.999
CT	87	203	113	112.999
CT	86	187	111	110.999
CT	85	156	88	87.999
CT	84	172	78	77.999
CT	83	173	83	82.999
CT	82	212	116	115.999
CT	81	176	78	77.999
CT	80	142	70	69.999
CT	79	182	74	73.999
CT	78	238	88	87.999
CT	77	199	89	88.999
CT	76	229	82	81.999
CT	75	246	105	104.999
CT	74	232	87	86.999
CT	73	186	62	61.999
CT	72	188	64	63.999
CT	71	173	52	51.999
CT	70	216	58	57.999
CT	69	196	60	59.999
CT	68	224	54	53.999
CT	67	211	50	49.999
CT	66	222	56	55.999
CT	65	202	69	68.999
CT	64	239	49	48.999
CT	63	245	52	51.998
CT	62	250	47	46.998
CT	61	274	74	73.998
CT	60	340	74	73.998
CT	59	338	72	71.998
CT	58	382	59	58.997
CT	57	418	63	62.997
CT	56	435	46	45.997
CT	55	513	40	39.996
CT	54	477	35	34.997
CT	53	519	43	42.996
CT	52	583	42	41.996
CT	51	649	32	31.995
CT	50	651	30	29.995
CT	49	736	32	31.994
CT	48	765	26	25.994
CT	47	838	12	11.994
CT	46	1002	24	23.992
CT	45	1099	18	17.991
CT	44	1198	21	20.991
CT	43	1384	8	7.989
CT	42	1423	15	14.989
CT	41	1517	13	12.988
CT	40	1777	9	8.986
CT	39	2072	10	9.984
CT	38	2364	9	8.981
CT	37	2535	6	5.980
CT	36	2749	7	6.978
CT	35	3041	9	8.976
CT	34	3413	11	10.973
CT	33	3983	15	14.969
CT	32	4249	4	3.967
CT	31	4992	8	7.961
CT	30	5655	10	9.956
CT	29	6385	2	1.950
CT	28	7305	6	5.943
CT	27	8145	8	7.936
CT	26	9104	9	8.928
CT	25	10685	6	5.916
CT	24	12662	6	5.900
CT	23	13720	9	8.892
CT	22	15727	6	5.876
CT	21	18564	2	1.854
CT	20	21475	1	0.831
CT	19	25694	3	2.798
CT	18	30332	1	0.761
CT	17	35112	5	4.724
CT	16	41279	0	0.000
CT	15	49544	0	0.000
CT	14	60226	0	0.000
CT	13	74822	0	0.000
CT	12	93060	0	0.000
CT	11	119209	0	0.000
CT	10	155012	0	0.000
CT	9	209144	0	0.000
CT	8	291999	0	0.000
CT	7	430185	0	0.000
CT	6	677840	1	-nan
CT	5	1159691	2	-nan
CT	4	2248380	15	-nan
CT	3	5201158	38	-nan
CT	2	16061006	123	-nan
CT	1	0	0	-nan
CT	0	0	1922	-nan
FR	7.9e-06	0
ER	4291730	0.000
CV	0.995
QV	48.401	48.401
