HS	1023	0	12842	12842
HS	1022	0	12	12854
HS	1021	0	6	12860
HS	1020	0	7	12867
HS	1019	0	12	12879
HS	1018	0	8	12887
HS	1017	0	5	12892
HS	1016	0	6	12898
HS	1015	0	6	12904
HS	1014	0	6	12910
HS	1013	0	4	12914
HS	1012	0	6	12920
HS	1011	0	6	12926
HS	1010	0	9	12935
HS	1009	0	4	12939
HS	1008	0	5	12944
HS	1007	0	8	12952
HS	1006	0	6	12958
HS	1005	0	4	12962
HS	1004	0	3	12965
HS	1003	0	5	12970
HS	1002	0	8	12978
HS	1001	0	4	12982
HS	1000	0	6	12988
HS	999	0	5	12993
HS	998	0	10	13003
HS	997	0	5	13008
HS	996	0	8	13016
HS	995	0	9	13025
HS	994	0	1	13026
HS	993	0	6	13032
HS	992	0	4	13036
HS	991	0	6	13042
HS	990	0	4	13046
HS	989	0	8	13054
HS	988	0	8	13062
HS	987	0	5	13067
HS	986	0	6	13073
HS	985	0	6	13079
HS	984	0	6	13085
HS	983	0	5	13090
HS	982	0	5	13095
HS	981	0	5	13100
HS	980	0	5	13105
HS	979	0	9	13114
HS	978	0	2	13116
HS	977	0	5	13121
HS	976	0	3	13124
HS	975	0	4	13128
HS	974	0	2	13130
HS	973	0	1	13131
HS	972	0	9	13140
HS	971	0	5	13145
HS	970	0	3	13148
HS	969	0	4	13152
HS	968	0	4	13156
HS	967	0	4	13160
HS	966	0	7	13167
HS	965	0	7	13174
HS	964	0	4	13178
HS	963	0	6	13184
HS	962	0	4	13188
HS	961	0	6	13194
HS	960	0	4	13198
HS	959	0	6	13204
HS	958	0	4	13208
HS	957	0	3	13211
HS	956	0	6	13217
HS	955	0	2	13219
HS	954	0	7	13226
HS	953	0	3	13229
HS	952	0	8	13237
HS	951	0	10	13247
HS	950	0	11	13258
HS	949	0	1	13259
HS	948	0	5	13264
HS	947	0	6	13270
HS	946	0	8	13278
HS	945	0	6	13284
HS	944	0	3	13287
HS	943	0	10	13297
HS	942	0	9	13306
HS	941	0	4	13310
HS	940	0	9	13319
HS	939	0	4	13323
HS	938	0	6	13329
HS	937	0	7	13336
HS	936	0	6	13342
HS	935	0	6	13348
HS	934	0	4	13352
HS	933	0	8	13360
HS	932	0	7	13367
HS	931	0	5	13372
HS	930	0	8	13380
HS	929	0	6	13386
HS	928	0	8	13394
HS	927	0	9	13403
HS	926	0	6	13409
HS	925	0	5	13414
HS	924	0	3	13417
HS	923	0	2	13419
HS	922	0	6	13425
HS	921	0	3	13428
HS	920	0	5	13433
HS	919	0	2	13435
HS	918	0	2	13437
HS	917	0	3	13440
HS	916	0	5	13445
HS	915	0	7	13452
HS	914	0	3	13455
HS	913	0	2	13457
HS	912	0	7	13464
HS	911	0	5	13469
HS	910	0	3	13472
HS	909	0	4	13476
HS	908	0	0	13476
HS	907	0	6	13482
HS	906	0	0	13482
HS	905	0	5	13487
HS	904	0	6	13493
HS	903	0	4	13497
HS	902	0	2	13499
HS	901	0	3	13502
HS	900	0	2	13504
HS	899	0	1	13505
HS	898	0	2	13507
HS	897	0	3	13510
HS	896	0	7	13517
HS	895	0	5	13522
HS	894	0	2	13524
HS	893	0	2	13526
HS	892	0	5	13531
HS	891	0	4	13535
HS	890	0	1	13536
HS	889	0	2	13538
HS	888	0	4	13542
HS	887	0	6	13548
HS	886	0	3	13551
HS	885	0	1	13552
HS	884	0	5	13557
HS	883	0	3	13560
HS	882	0	1	13561
HS	881	0	4	13565
HS	880	0	5	13570
HS	879	0	4	13574
HS	878	0	7	13581
HS	877	0	3	13584
HS	876	0	7	13591
HS	875	0	3	13594
HS	874	0	6	13600
HS	873	0	7	13607
HS	872	0	6	13613
HS	871	0	2	13615
HS	870	0	9	13624
HS	869	0	4	13628
HS	868	0	2	13630
HS	867	0	9	13639
HS	866	0	5	13644
HS	865	0	3	13647
HS	864	0	13	13660
HS	863	0	8	13668
HS	862	0	8	13676
HS	861	0	7	13683
HS	860	0	10	13693
HS	859	0	4	13697
HS	858	0	4	13701
HS	857	0	5	13706
HS	856	0	6	13712
HS	855	0	9	13721
HS	854	0	1	13722
HS	853	0	9	13731
HS	852	0	4	13735
HS	851	0	4	13739
HS	850	0	7	13746
HS	849	0	5	13751
HS	848	0	14	13765
HS	847	0	7	13772
HS	846	0	8	13780
HS	845	0	6	13786
HS	844	0	4	13790
HS	843	0	7	13797
HS	842	0	11	13808
HS	841	0	5	13813
HS	840	0	10	13823
HS	839	0	8	13831
HS	838	0	12	13843
HS	837	0	13	13856
HS	836	0	11	13867
HS	835	0	8	13875
HS	834	0	9	13884
HS	833	0	13	13897
HS	832	0	9	13906
HS	831	0	11	13917
HS	830	0	13	13930
HS	829	0	12	13942
HS	828	0	6	13948
HS	827	0	8	13956
HS	826	0	9	13965
HS	825	0	8	13973
HS	824	0	3	13976
HS	823	0	9	13985
HS	822	0	6	13991
HS	821	0	5	13996
HS	820	0	11	14007
HS	819	0	8	14015
HS	818	0	6	14021
HS	817	0	4	14025
HS	816	0	4	14029
HS	815	0	10	14039
HS	814	0	11	14050
HS	813	0	6	14056
HS	812	0	12	14068
HS	811	0	7	14075
HS	810	0	4	14079
HS	809	0	7	14086
HS	808	0	10	14096
HS	807	0	8	14104
HS	806	0	6	14110
HS	805	0	13	14123
HS	804	0	11	14134
HS	803	0	8	14142
HS	802	0	13	14155
HS	801	0	8	14163
HS	800	0	5	14168
HS	799	0	10	14178
HS	798	0	7	14185
HS	797	0	15	14200
HS	796	0	12	14212
HS	795	0	10	14222
HS	794	0	11	14233
HS	793	0	15	14248
HS	792	0	14	14262
HS	791	0	11	14273
HS	790	0	15	14288
HS	789	0	9	14297
HS	788	0	23	14320
HS	787	0	12	14332
HS	786	0	18	14350
HS	785	0	16	14366
HS	784	0	15	14381
HS	783	0	13	14394
HS	782	0	18	14412
HS	781	0	14	14426
HS	780	0	17	14443
HS	779	0	17	14460
HS	778	0	19	14479
HS	777	0	15	14494
HS	776	0	17	14511
HS	775	0	24	14535
HS	774	0	12	14547
HS	773	0	22	14569
HS	772	0	19	14588
HS	771	0	26	14614
HS	770	0	21	14635
HS	769	0	17	14652
HS	768	0	26	14678
HS	767	0	22	14700
HS	766	0	29	14729
HS	765	0	36	14765
HS	764	0	21	14786
HS	763	0	29	14815
HS	762	0	19	14834
HS	761	0	12	14846
HS	760	0	21	14867
HS	759	0	27	14894
HS	758	0	25	14919
HS	757	0	30	14949
HS	756	0	22	14971
HS	755	0	20	14991
HS	754	0	19	15010
HS	753	0	24	15034
HS	752	0	20	15054
HS	751	0	23	15077
HS	750	0	24	15101
HS	749	0	25	15126
HS	748	0	34	15160
HS	747	0	31	15191
HS	746	0	36	15227
HS	745	0	30	15257
HS	744	0	32	15289
HS	743	0	26	15315
HS	742	0	33	15348
HS	741	0	29	15377
HS	740	0	23	15400
HS	739	0	33	15433
HS	738	0	31	15464
HS	737	0	27	15491
HS	736	0	15	15506
HS	735	0	31	15537
HS	734	0	28	15565
HS	733	0	25	15590
HS	732	0	29	15619
HS	731	0	24	15643
HS	730	0	25	15668
HS	729	0	38	15706
HS	728	0	18	15724
HS	727	0	22	15746
HS	726	0	23	15769
HS	725	0	21	15790
HS	724	0	24	15814
HS	723	0	24	15838
HS	722	0	31	15869
HS	721	0	39	15908
HS	720	0	23	15931
HS	719	0	33	15964
HS	718	0	26	15990
HS	717	0	40	16030
HS	716	0	34	16064
HS	715	0	28	16092
HS	714	0	30	16122
HS	713	0	30	16152
HS	712	0	34	16186
HS	711	0	35	16221
HS	710	0	31	16252
HS	709	0	34	16286
HS	708	0	27	16313
HS	707	0	38	16351
HS	706	0	31	16382
HS	705	0	37	16419
HS	704	0	34	16453
HS	703	0	36	16489
HS	702	0	46	16535
HS	701	0	43	16578
HS	700	0	46	16624
HS	699	0	40	16664
HS	698	0	32	16696
HS	697	0	38	16734
HS	696	0	39	16773
HS	695	0	63	16836
HS	694	0	39	16875
HS	693	0	49	16924
HS	692	0	42	16966
HS	691	0	40	17006
HS	690	0	36	17042
HS	689	0	52	17094
HS	688	0	49	17143
HS	687	0	52	17195
HS	686	0	62	17257
HS	685	0	73	17330
HS	684	0	67	17397
HS	683	0	53	17450
HS	682	0	58	17508
HS	681	0	54	17562
HS	680	0	51	17613
HS	679	0	59	17672
HS	678	0	50	17722
HS	677	0	67	17789
HS	676	0	56	17845
HS	675	0	64	17909
HS	674	0	71	17980
HS	673	0	66	18046
HS	672	0	53	18099
HS	671	0	64	18163
HS	670	0	63	18226
HS	669	0	65	18291
HS	668	0	53	18344
HS	667	0	73	18417
HS	666	0	77	18494
HS	665	0	67	18561
HS	664	0	81	18642
HS	663	0	74	18716
HS	662	0	76	18792
HS	661	0	105	18897
HS	660	0	83	18980
HS	659	0	79	19059
HS	658	0	92	19151
HS	657	0	74	19225
HS	656	0	115	19340
HS	655	0	96	19436
HS	654	0	97	19533
HS	653	0	89	19622
HS	652	0	101	19723
HS	651	0	101	19824
HS	650	0	104	19928
HS	649	0	110	20038
HS	648	0	100	20138
HS	647	0	109	20247
HS	646	0	111	20358
HS	645	0	104	20462
HS	644	0	119	20581
HS	643	0	127	20708
HS	642	0	128	20836
HS	641	0	123	20959
HS	640	0	138	21097
HS	639	0	120	21217
HS	638	0	124	21341
HS	637	0	142	21483
HS	636	0	134	21617
HS	635	0	132	21749
HS	634	0	179	21928
HS	633	0	163	22091
HS	632	0	150	22241
HS	631	0	157	22398
HS	630	0	166	22564
HS	629	0	175	22739
HS	628	0	167	22906
HS	627	0	185	23091
HS	626	0	172	23263
HS	625	0	172	23435
HS	624	0	162	23597
HS	623	0	171	23768
HS	622	0	167	23935
HS	621	0	172	24107
HS	620	0	165	24272
HS	619	0	167	24439
HS	618	0	176	24615
HS	617	0	195	24810
HS	616	0	197	25007
HS	615	0	215	25222
HS	614	0	222	25444
HS	613	0	204	25648
HS	612	0	234	25882
HS	611	0	253	26135
HS	610	0	231	26366
HS	609	0	255	26621
HS	608	0	242	26863
HS	607	0	229	27092
HS	606	0	246	27338
HS	605	0	261	27599
HS	604	0	255	27854
HS	603	0	264	28118
HS	602	0	278	28396
HS	601	0	260	28656
HS	600	0	252	28908
HS	599	0	295	29203
HS	598	0	267	29470
HS	597	0	253	29723
HS	596	0	295	30018
HS	595	0	293	30311
HS	594	0	298	30609
HS	593	0	287	30896
HS	592	0	282	31178
HS	591	0	299	31477
HS	590	0	315	31792
HS	589	0	321	32113
HS	588	0	320	32433
HS	587	0	366	32799
HS	586	0	335	33134
HS	585	0	324	33458
HS	584	0	318	33776
HS	583	0	324	34100
HS	582	0	382	34482
HS	581	0	373	34855
HS	580	0	371	35226
HS	579	0	371	35597
HS	578	0	366	35963
HS	577	0	338	36301
HS	576	0	385	36686
HS	575	0	374	37060
HS	574	0	395	37455
HS	573	0	417	37872
HS	572	0	382	38254
HS	571	0	419	38673
HS	570	0	432	39105
HS	569	0	436	39541
HS	568	0	437	39978
HS	567	0	476	40454
HS	566	0	441	40895
HS	565	0	438	41333
HS	564	0	492	41825
HS	563	0	442	42267
HS	562	0	486	42753
HS	561	0	475	43228
HS	560	0	501	43729
HS	559	0	507	44236
HS	558	0	485	44721
HS	557	0	527	45248
HS	556	0	558	45806
HS	555	0	603	46409
HS	554	0	565	46974
HS	553	0	551	47525
HS	552	0	579	48104
HS	551	0	633	48737
HS	550	0	589	49326
HS	549	0	634	49960
HS	548	0	654	50614
HS	547	0	699	51313
HS	546	0	627	51940
HS	545	0	719	52659
HS	544	0	714	53373
HS	543	0	790	54163
HS	542	0	738	54901
HS	541	0	843	55744
HS	540	0	811	56555
HS	539	0	856	57411
HS	538	0	820	58231
HS	537	0	862	59093
HS	536	0	858	59951
HS	535	0	871	60822
HS	534	0	893	61715
HS	533	0	908	62623
HS	532	0	951	63574
HS	531	0	945	64519
HS	530	0	954	65473
HS	529	0	984	66457
HS	528	0	940	67397
HS	527	0	990	68387
HS	526	0	993	69380
HS	525	0	997	70377
HS	524	0	1092	71469
HS	523	0	1043	72512
HS	522	0	1101	73613
HS	521	0	1096	74709
HS	520	0	1102	75811
HS	519	0	1159	76970
HS	518	0	1169	78139
HS	517	0	1195	79334
HS	516	0	1211	80545
HS	515	0	1177	81722
HS	514	0	1274	82996
HS	513	0	1190	84186
HS	512	0	1279	85465
HS	511	0	1219	86684
HS	510	0	1261	87945
HS	509	0	1309	89254
HS	508	0	1332	90586
HS	507	0	1363	91949
HS	506	0	1449	93398
HS	505	0	1408	94806
HS	504	0	1464	96270
HS	503	0	1528	97798
HS	502	0	1551	99349
HS	501	0	1587	100936
HS	500	0	1551	102487
HS	499	0	1656	104143
HS	498	0	1645	105788
HS	497	0	1725	107513
HS	496	0	1669	109182
HS	495	0	1646	110828
HS	494	0	1803	112631
HS	493	0	1730	114361
HS	492	0	1819	116180
HS	491	0	1789	117969
HS	490	0	1880	119849
HS	489	0	1875	121724
HS	488	0	1953	123677
HS	487	0	1946	125623
HS	486	0	1958	127581
HS	485	0	2012	129593
HS	484	0	2039	131632
HS	483	0	2072	133704
HS	482	0	2152	135856
HS	481	0	2126	137982
HS	480	0	2252	140234
HS	479	0	2265	142499
HS	478	0	2292	144791
HS	477	0	2333	147124
HS	476	0	2427	149551
HS	475	0	2494	152045
HS	474	0	2484	154529
HS	473	0	2404	156933
HS	472	0	2439	159372
HS	471	0	2519	161891
HS	470	0	2618	164509
HS	469	0	2552	167061
HS	468	0	2583	169644
HS	467	0	2588	172232
HS	466	0	2709	174941
HS	465	0	2725	177666
HS	464	0	2691	180357
HS	463	0	2909	183266
HS	462	0	2825	186091
HS	461	0	2794	188885
HS	460	0	2758	191643
HS	459	0	2840	194483
HS	458	0	2997	197480
HS	457	0	3086	200566
HS	456	0	3046	203612
HS	455	0	3143	206755
HS	454	0	3304	210059
HS	453	0	3275	213334
HS	452	0	3376	216710
HS	451	0	3398	220108
HS	450	0	3383	223491
HS	449	0	3508	226999
HS	448	0	3508	230507
HS	447	0	3723	234230
HS	446	0	3680	237910
HS	445	0	3847	241757
HS	444	0	3835	245592
HS	443	0	3795	249387
HS	442	0	3939	253326
HS	441	0	4009	257335
HS	440	0	4063	261398
HS	439	0	4243	265641
HS	438	0	4196	269837
HS	437	0	4368	274205
HS	436	0	4352	278557
HS	435	0	4423	282980
HS	434	0	4497	287477
HS	433	0	4716	292193
HS	432	0	4649	296842
HS	431	0	4827	301669
HS	430	0	4845	306514
HS	429	0	5058	311572
HS	428	0	5073	316645
HS	427	0	5110	321755
HS	426	0	5215	326970
HS	425	0	5137	332107
HS	424	0	5179	337286
HS	423	0	5339	342625
HS	422	0	5344	347969
HS	421	0	5325	353294
HS	420	0	5429	358723
HS	419	0	5579	364302
HS	418	0	5562	369864
HS	417	0	5806	375670
HS	416	0	5811	381481
HS	415	0	5807	387288
HS	414	0	5923	393211
HS	413	0	5998	399209
HS	412	0	6192	405401
HS	411	0	6164	411565
HS	410	0	6400	417965
HS	409	0	6257	424222
HS	408	0	6432	430654
HS	407	0	6600	437254
HS	406	0	6459	443713
HS	405	0	6693	450406
HS	404	0	6725	457131
HS	403	0	6736	463867
HS	402	0	6969	470836
HS	401	0	6865	477701
HS	400	0	7046	484747
HS	399	0	7182	491929
HS	398	0	7192	499121
HS	397	0	7365	506486
HS	396	0	7386	513872
HS	395	0	7540	521412
HS	394	0	7646	529058
HS	393	0	7745	536803
HS	392	0	7732	544535
HS	391	0	7847	552382
HS	390	0	7951	560333
HS	389	0	7903	568236
HS	388	0	8109	576345
HS	387	0	8148	584493
HS	386	0	8232	592725
HS	385	0	8413	601138
HS	384	0	8546	609684
HS	383	0	8671	618355
HS	382	0	8843	627198
HS	381	0	8941	636139
HS	380	0	9079	645218
HS	379	0	9121	654339
HS	378	0	9214	663553
HS	377	0	9210	672763
HS	376	0	9359	682122
HS	375	0	9633	691755
HS	374	0	9587	701342
HS	373	0	9879	711221
HS	372	0	9932	721153
HS	371	0	10040	731193
HS	370	0	10364	741557
HS	369	0	10221	751778
HS	368	0	10279	762057
HS	367	0	10463	772520
HS	366	0	10766	783286
HS	365	0	10837	794123
HS	364	0	11022	805145
HS	363	0	10854	815999
HS	362	0	11188	827187
HS	361	0	11236	838423
HS	360	0	11325	849748
HS	359	0	11482	861230
HS	358	0	11667	872897
HS	357	0	11730	884627
HS	356	0	11882	896509
HS	355	0	12077	908586
HS	354	0	12007	920593
HS	353	0	12069	932662
HS	352	0	12323	944985
HS	351	0	12311	957296
HS	350	0	12710	970006
HS	349	0	12618	982624
HS	348	0	12871	995495
HS	347	0	13223	1008718
HS	346	0	13263	1021981
HS	345	0	13344	1035325
HS	344	0	13388	1048713
HS	343	0	13287	1062000
HS	342	0	13459	1075459
HS	341	0	13412	1088871
HS	340	0	13738	1102609
HS	339	0	13678	1116287
HS	338	0	13950	1130237
HS	337	0	13984	1144221
HS	336	0	14338	1158559
HS	335	0	14456	1173015
HS	334	0	14395	1187410
HS	333	0	14238	1201648
HS	332	0	14579	1216227
HS	331	0	14625	1230852
HS	330	0	14841	1245693
HS	329	0	14855	1260548
HS	328	0	15184	1275732
HS	327	0	14993	1290725
HS	326	0	15655	1306380
HS	325	0	15543	1321923
HS	324	0	15771	1337694
HS	323	0	16011	1353705
HS	322	0	16185	1369890
HS	321	0	16304	1386194
HS	320	0	16443	1402637
HS	319	0	16752	1419389
HS	318	0	16796	1436185
HS	317	0	16783	1452968
HS	316	0	16850	1469818
HS	315	0	16965	1486783
HS	314	0	17298	1504081
HS	313	0	17323	1521404
HS	312	0	17314	1538718
HS	311	0	17335	1556053
HS	310	0	17801	1573854
HS	309	0	17730	1591584
HS	308	0	17902	1609486
HS	307	0	17840	1627326
HS	306	0	17994	1645320
HS	305	0	18058	1663378
HS	304	0	18221	1681599
HS	303	0	18330	1699929
HS	302	0	18459	1718388
HS	301	0	18409	1736797
HS	300	0	18439	1755236
HS	299	0	18974	1774210
HS	298	0	19002	1793212
HS	297	0	18819	1812031
HS	296	0	18995	1831026
HS	295	0	18876	1849902
HS	294	0	19452	1869354
HS	293	0	19351	1888705
HS	292	0	19475	1908180
HS	291	0	19500	1927680
HS	290	0	19797	1947477
HS	289	0	19988	1967465
HS	288	0	19881	1987346
HS	287	0	20251	2007597
HS	286	0	20330	2027927
HS	285	0	20416	2048343
HS	284	0	20675	2069018
HS	283	0	20586	2089604
HS	282	0	20650	2110254
HS	281	0	20744	2130998
HS	280	0	20765	2151763
HS	279	0	20502	2172265
HS	278	0	20827	2193092
HS	277	0	20912	2214004
HS	276	0	20765	2234769
HS	275	0	20891	2255660
HS	274	0	21322	2276982
HS	273	0	20865	2297847
HS	272	0	21306	2319153
HS	271	0	21239	2340392
HS	270	0	21029	2361421
HS	269	0	21306	2382727
HS	268	0	21385	2404112
HS	267	0	21426	2425538
HS	266	0	21385	2446923
HS	265	0	21361	2468284
HS	264	0	21643	2489927
HS	263	0	21608	2511535
HS	262	0	21663	2533198
HS	261	0	21760	2554958
HS	260	0	21689	2576647
HS	259	0	21947	2598594
HS	258	0	22129	2620723
HS	257	0	21665	2642388
HS	256	0	21940	2664328
HS	255	0	21701	2686029
HS	254	0	21855	2707884
HS	253	0	21950	2729834
HS	252	0	22000	2751834
HS	251	0	22195	2774029
HS	250	0	21930	2795959
HS	249	0	21817	2817776
HS	248	0	21626	2839402
HS	247	0	21676	2861078
HS	246	0	21742	2882820
HS	245	0	21754	2904574
HS	244	0	21444	2926018
HS	243	0	21543	2947561
HS	242	0	21433	2968994
HS	241	0	21587	2990581
HS	240	0	21353	3011934
HS	239	0	21523	3033457
HS	238	0	21285	3054742
HS	237	0	21342	3076084
HS	236	0	21076	3097160
HS	235	0	21109	3118269
HS	234	0	20881	3139150
HS	233	0	20872	3160022
HS	232	0	20546	3180568
HS	231	0	20505	3201073
HS	230	0	20507	3221580
HS	229	0	20322	3241902
HS	228	0	20399	3262301
HS	227	0	20276	3282577
HS	226	0	20076	3302653
HS	225	0	19928	3322581
HS	224	0	19884	3342465
HS	223	0	19693	3362158
HS	222	0	19618	3381776
HS	221	0	19495	3401271
HS	220	0	19250	3420521
HS	219	0	19435	3439956
HS	218	0	18867	3458823
HS	217	0	18911	3477734
HS	216	0	18418	3496152
HS	215	0	18371	3514523
HS	214	0	18060	3532583
HS	213	0	17769	3550352
HS	212	0	17780	3568132
HS	211	0	17456	3585588
HS	210	0	17244	3602832
HS	209	0	17287	3620119
HS	208	0	16918	3637037
HS	207	0	16671	3653708
HS	206	0	16697	3670405
HS	205	0	16318	3686723
HS	204	0	16023	3702746
HS	203	0	15967	3718713
HS	202	0	15786	3734499
HS	201	0	15288	3749787
HS	200	0	15148	3764935
HS	199	0	14996	3779931
HS	198	0	14865	3794796
HS	197	0	14527	3809323
HS	196	0	14824	3824147
HS	195	0	14428	3838575
HS	194	0	13865	3852440
HS	193	0	13706	3866146
HS	192	0	13347	3879493
HS	191	0	13308	3892801
HS	190	0	13178	3905979
HS	189	0	12973	3918952
HS	188	0	12470	3931422
HS	187	0	12551	3943973
HS	186	0	12051	3956024
HS	185	0	12157	3968181
HS	184	0	11866	3980047
HS	183	0	11484	3991531
HS	182	0	11286	4002817
HS	181	0	10862	4013679
HS	180	0	10822	4024501
HS	179	0	10360	4034861
HS	178	0	10341	4045202
HS	177	0	9919	4055121
HS	176	0	9793	4064914
HS	175	0	9590	4074504
HS	174	0	9138	4083642
HS	173	0	9099	4092741
HS	172	0	8689	4101430
HS	171	0	8467	4109897
HS	170	0	8216	4118113
HS	169	0	7960	4126073
HS	168	0	7669	4133742
HS	167	0	7709	4141451
HS	166	0	7281	4148732
HS	165	0	6980	4155712
HS	164	0	6813	4162525
HS	163	0	6744	4169269
HS	162	0	6362	4175631
HS	161	0	6285	4181916
HS	160	0	6138	4188054
HS	159	0	5729	4193783
HS	158	0	5522	4199305
HS	157	0	5563	4204868
HS	156	0	5550	4210418
HS	155	0	5306	4215724
HS	154	0	5073	4220797
HS	153	0	4837	4225634
HS	152	0	4770	4230404
HS	151	0	4735	4235139
HS	150	0	4378	4239517
HS	149	0	4390	4243907
HS	148	0	4087	4247994
HS	147	0	3978	4251972
HS	146	0	4005	4255977
HS	145	0	3796	4259773
HS	144	0	3684	4263457
HS	143	0	3424	4266881
HS	142	0	3278	4270159
HS	141	0	3113	4273272
HS	140	0	3032	4276304
HS	139	0	2764	4279068
HS	138	0	2737	4281805
HS	137	0	2627	4284432
HS	136	0	2349	4286781
HS	135	0	2254	4289035
HS	134	0	2217	4291252
HS	133	0	2188	4293440
HS	132	0	2058	4295498
HS	131	0	1866	4297364
HS	130	0	1828	4299192
HS	129	0	1631	4300823
HS	128	0	1725	4302548
HS	127	0	1683	4304231
HS	126	0	1530	4305761
HS	125	0	1508	4307269
HS	124	0	1456	4308725
HS	123	0	1333	4310058
HS	122	0	1277	4311335
HS	121	0	1296	4312631
HS	120	0	1152	4313783
HS	119	0	1099	4314882
HS	118	0	996	4315878
HS	117	0	1032	4316910
HS	116	0	936	4317846
HS	115	0	893	4318739
HS	114	0	820	4319559
HS	113	0	800	4320359
HS	112	0	688	4321047
HS	111	0	694	4321741
HS	110	0	643	4322384
HS	109	0	568	4322952
HS	108	0	548	4323500
HS	107	0	529	4324029
HS	106	0	481	4324510
HS	105	0	479	4324989
HS	104	0	439	4325428
HS	103	0	417	4325845
HS	102	0	374	4326219
HS	101	0	371	4326590
HS	100	0	362	4326952
HS	99	0	326	4327278
HS	98	0	329	4327607
HS	97	0	267	4327874
HS	96	0	274	4328148
HS	95	0	253	4328401
HS	94	0	251	4328652
HS	93	0	233	4328885
HS	92	0	195	4329080
HS	91	0	216	4329296
HS	90	0	194	4329490
HS	89	0	187	4329677
HS	88	0	221	4329898
HS	87	0	203	4330101
HS	86	0	187	4330288
HS	85	0	156	4330444
HS	84	0	172	4330616
HS	83	0	173	4330789
HS	82	0	212	4331001
HS	81	0	176	4331177
HS	80	0	142	4331319
HS	79	0	182	4331501
HS	78	0	238	4331739
HS	77	0	199	4331938
HS	76	0	229	4332167
HS	75	0	246	4332413
HS	74	0	232	4332645
HS	73	0	186	4332831
HS	72	0	188	4333019
HS	71	0	173	4333192
HS	70	0	216	4333408
HS	69	0	196	4333604
HS	68	0	224	4333828
HS	67	0	211	4334039
HS	66	0	222	4334261
HS	65	0	202	4334463
HS	64	0	239	4334702
HS	63	0	245	4334947
HS	62	0	250	4335197
HS	61	0	274	4335471
HS	60	0	340	4335811
HS	59	0	338	4336149
HS	58	0	382	4336531
HS	57	0	418	4336949
HS	56	0	435	4337384
HS	55	0	513	4337897
HS	54	0	477	4338374
HS	53	0	519	4338893
HS	52	0	583	4339476
HS	51	0	649	4340125
HS	50	0	651	4340776
HS	49	0	736	4341512
HS	48	0	765	4342277
HS	47	0	838	4343115
HS	46	0	1002	4344117
HS	45	0	1099	4345216
HS	44	0	1198	4346414
HS	43	0	1384	4347798
HS	42	0	1423	4349221
HS	41	0	1517	4350738
HS	40	0	1777	4352515
HS	39	0	2072	4354587
HS	38	0	2364	4356951
HS	37	0	2535	4359486
HS	36	0	2749	4362235
HS	35	0	3041	4365276
HS	34	0	3413	4368689
HS	33	0	3983	4372672
HS	32	0	4249	4376921
HS	31	0	4992	4381913
HS	30	0	5655	4387568
HS	29	0	6385	4393953
HS	28	0	7305	4401258
HS	27	0	8145	4409403
HS	26	0	9104	4418507
HS	25	0	10685	4429192
HS	24	0	12662	4441854
HS	23	0	13720	4455574
HS	22	0	15727	4471301
HS	21	0	18564	4489865
HS	20	0	21475	4511340
HS	19	0	25694	4537034
HS	18	0	30332	4567366
HS	17	0	35112	4602478
HS	16	0	41279	4643757
HS	15	0	49544	4693301
HS	14	0	60226	4753527
HS	13	0	74822	4828349
HS	12	0	93060	4921409
HS	11	0	119209	5040618
HS	10	0	155012	5195630
HS	9	0	209144	5404774
HS	8	0	291999	5696773
HS	7	0	430185	6126958
HS	6	0	677840	6804798
HS	5	0	1159691	7964489
HS	4	0	2248380	10212869
HS	3	0	5201158	15414027
HS	2	0	16061006	31475033
HS	1	0	0	31475033
HS	0	0	0	31475033
