CC	CT  kmer_occurrence    short_read_kmer_count  raw_input_kmer_count  adjusted_input_kmer_count
CC	FR  fpr_lower_bound    fpr_upper_bound
CC	ER  total_input_kmers  adjusted_error_kmers
CC	CV  coverage
CC	QV  raw_quality_value  adjusted_quality_value
CC
SQ	JAUCFF010000009.1	4132083	4132053	4132053	99.00
CT	1023	4850	23087	23087.000
CT	1022	2	6	6.000
CT	1021	1	1	1.000
CT	1020	2	10	10.000
CT	1019	0	0	0.000
CT	1018	0	0	0.000
CT	1017	1	5	5.000
CT	1016	3	10	10.000
CT	1015	0	0	0.000
CT	1014	3	10	10.000
CT	1013	2	10	10.000
CT	1012	1	4	4.000
CT	1011	3	15	15.000
CT	1010	2	10	10.000
CT	1009	1	5	5.000
CT	1008	3	13	13.000
CT	1007	2	9	9.000
CT	1006	4	17	17.000
CT	1005	2	10	10.000
CT	1004	1	3	3.000
CT	1003	0	0	0.000
CT	1002	1	3	3.000
CT	1001	1	5	5.000
CT	1000	2	8	8.000
CT	999	2	8	8.000
CT	998	1	5	5.000
CT	997	0	0	0.000
CT	996	1	4	4.000
CT	995	2	6	6.000
CT	994	1	5	5.000
CT	993	1	5	5.000
CT	992	1	4	4.000
CT	991	3	14	14.000
CT	990	0	0	0.000
CT	989	2	5	5.000
CT	988	0	0	0.000
CT	987	1	5	5.000
CT	986	1	5	5.000
CT	985	1	4	4.000
CT	984	0	0	0.000
CT	983	0	0	0.000
CT	982	0	0	0.000
CT	981	0	0	0.000
CT	980	0	0	0.000
CT	979	0	0	0.000
CT	978	0	0	0.000
CT	977	0	0	0.000
CT	976	0	0	0.000
CT	975	0	0	0.000
CT	974	2	10	10.000
CT	973	0	0	0.000
CT	972	3	15	15.000
CT	971	1	5	5.000
CT	970	1	0	0.000
CT	969	1	5	5.000
CT	968	1	0	0.000
CT	967	3	10	10.000
CT	966	1	5	5.000
CT	965	1	5	5.000
CT	964	4	15	15.000
CT	963	2	5	5.000
CT	962	1	0	0.000
CT	961	2	10	10.000
CT	960	0	0	0.000
CT	959	1	0	0.000
CT	958	2	10	10.000
CT	957	1	5	5.000
CT	956	1	0	0.000
CT	955	2	5	5.000
CT	954	5	20	20.000
CT	953	0	0	0.000
CT	952	0	0	0.000
CT	951	0	0	0.000
CT	950	3	9	9.000
CT	949	2	10	10.000
CT	948	0	0	0.000
CT	947	0	0	0.000
CT	946	1	5	5.000
CT	945	1	5	5.000
CT	944	0	0	0.000
CT	943	0	0	0.000
CT	942	1	5	5.000
CT	941	0	0	0.000
CT	940	1	2	2.000
CT	939	2	7	7.000
CT	938	1	5	5.000
CT	937	0	0	0.000
CT	936	0	0	0.000
CT	935	1	5	5.000
CT	934	1	5	5.000
CT	933	0	0	0.000
CT	932	0	0	0.000
CT	931	1	3	3.000
CT	930	1	3	3.000
CT	929	0	0	0.000
CT	928	4	20	20.000
CT	927	1	3	3.000
CT	926	1	2	2.000
CT	925	1	5	5.000
CT	924	2	6	6.000
CT	923	0	0	0.000
CT	922	0	0	0.000
CT	921	0	0	0.000
CT	920	0	0	0.000
CT	919	0	0	0.000
CT	918	1	0	0.000
CT	917	1	2	2.000
CT	916	0	0	0.000
CT	915	1	2	2.000
CT	914	1	3	3.000
CT	913	1	3	3.000
CT	912	0	0	0.000
CT	911	2	4	4.000
CT	910	3	9	9.000
CT	909	1	5	5.000
CT	908	2	8	8.000
CT	907	2	5	5.000
CT	906	2	8	8.000
CT	905	0	0	0.000
CT	904	0	0	0.000
CT	903	1	3	3.000
CT	902	3	7	7.000
CT	901	2	8	8.000
CT	900	2	4	4.000
CT	899	2	6	6.000
CT	898	1	3	3.000
CT	897	3	5	5.000
CT	896	2	8	8.000
CT	895	1	5	5.000
CT	894	2	5	5.000
CT	893	1	2	2.000
CT	892	1	2	2.000
CT	891	4	6	6.000
CT	890	2	0	0.000
CT	889	1	5	5.000
CT	888	2	4	4.000
CT	887	0	0	0.000
CT	886	2	6	6.000
CT	885	1	3	3.000
CT	884	1	5	5.000
CT	883	0	0	0.000
CT	882	1	5	5.000
CT	881	0	0	0.000
CT	880	1	2	2.000
CT	879	0	0	0.000
CT	878	0	0	0.000
CT	877	1	3	3.000
CT	876	1	3	3.000
CT	875	0	0	0.000
CT	874	0	0	0.000
CT	873	0	0	0.000
CT	872	2	5	5.000
CT	871	1	3	3.000
CT	870	2	6	6.000
CT	869	0	0	0.000
CT	868	0	0	0.000
CT	867	1	3	3.000
CT	866	1	2	2.000
CT	865	1	5	5.000
CT	864	0	0	0.000
CT	863	1	2	2.000
CT	862	0	0	0.000
CT	861	0	0	0.000
CT	860	0	0	0.000
CT	859	0	0	0.000
CT	858	1	0	0.000
CT	857	2	7	7.000
CT	856	1	2	2.000
CT	855	0	0	0.000
CT	854	1	5	5.000
CT	853	0	0	0.000
CT	852	1	0	0.000
CT	851	0	0	0.000
CT	850	1	2	2.000
CT	849	3	6	6.000
CT	848	3	4	4.000
CT	847	3	6	6.000
CT	846	4	7	7.000
CT	845	0	0	0.000
CT	844	1	2	2.000
CT	843	2	1	1.000
CT	842	1	0	0.000
CT	841	2	2	2.000
CT	840	0	0	0.000
CT	839	2	0	0.000
CT	838	3	2	2.000
CT	837	1	2	2.000
CT	836	3	2	2.000
CT	835	4	6	6.000
CT	834	3	6	6.000
CT	833	3	3	3.000
CT	832	0	0	0.000
CT	831	1	1	1.000
CT	830	2	2	2.000
CT	829	4	9	9.000
CT	828	4	6	6.000
CT	827	3	6	6.000
CT	826	6	6	6.000
CT	825	6	9	9.000
CT	824	4	5	5.000
CT	823	5	7	7.000
CT	822	9	11	11.000
CT	821	5	14	14.000
CT	820	6	10	10.000
CT	819	7	10	10.000
CT	818	4	10	10.000
CT	817	5	8	8.000
CT	816	5	8	8.000
CT	815	7	11	11.000
CT	814	6	12	12.000
CT	813	6	12	12.000
CT	812	6	13	13.000
CT	811	5	9	9.000
CT	810	9	15	15.000
CT	809	12	18	18.000
CT	808	1	1	1.000
CT	807	5	10	10.000
CT	806	4	8	8.000
CT	805	1	2	2.000
CT	804	5	9	9.000
CT	803	7	11	11.000
CT	802	7	14	14.000
CT	801	5	7	7.000
CT	800	1	2	2.000
CT	799	5	8	8.000
CT	798	4	6	6.000
CT	797	3	12	12.000
CT	796	5	12	12.000
CT	795	3	9	9.000
CT	794	14	35	35.000
CT	793	8	20	20.000
CT	792	2	3	3.000
CT	791	8	14	14.000
CT	790	8	15	15.000
CT	789	9	17	17.000
CT	788	6	12	12.000
CT	787	8	16	16.000
CT	786	3	5	5.000
CT	785	5	10	10.000
CT	784	10	20	20.000
CT	783	8	17	17.000
CT	782	7	15	15.000
CT	781	7	13	13.000
CT	780	6	12	12.000
CT	779	3	6	6.000
CT	778	10	20	20.000
CT	777	8	12	12.000
CT	776	7	16	16.000
CT	775	11	24	24.000
CT	774	7	15	15.000
CT	773	6	13	13.000
CT	772	5	10	10.000
CT	771	8	19	19.000
CT	770	9	18	18.000
CT	769	6	12	12.000
CT	768	8	16	16.000
CT	767	9	19	19.000
CT	766	4	10	10.000
CT	765	9	22	22.000
CT	764	15	29	29.000
CT	763	7	12	12.000
CT	762	10	20	20.000
CT	761	10	19	19.000
CT	760	7	13	13.000
CT	759	11	22	22.000
CT	758	14	25	25.000
CT	757	11	26	26.000
CT	756	6	11	11.000
CT	755	13	20	20.000
CT	754	17	29	29.000
CT	753	8	13	13.000
CT	752	13	26	26.000
CT	751	13	24	24.000
CT	750	14	28	28.000
CT	749	10	19	19.000
CT	748	10	21	21.000
CT	747	9	18	18.000
CT	746	11	20	20.000
CT	745	10	19	19.000
CT	744	12	21	21.000
CT	743	15	28	28.000
CT	742	7	12	12.000
CT	741	9	17	17.000
CT	740	11	24	24.000
CT	739	13	25	25.000
CT	738	7	13	13.000
CT	737	10	22	22.000
CT	736	10	19	19.000
CT	735	11	22	22.000
CT	734	11	24	24.000
CT	733	7	16	16.000
CT	732	9	19	19.000
CT	731	10	20	20.000
CT	730	10	21	21.000
CT	729	8	15	15.000
CT	728	10	24	24.000
CT	727	9	17	17.000
CT	726	17	33	33.000
CT	725	8	16	16.000
CT	724	8	18	18.000
CT	723	12	24	24.000
CT	722	6	13	13.000
CT	721	5	10	10.000
CT	720	15	30	30.000
CT	719	14	26	26.000
CT	718	10	21	21.000
CT	717	11	24	24.000
CT	716	8	14	14.000
CT	715	14	29	29.000
CT	714	9	17	17.000
CT	713	11	20	20.000
CT	712	12	29	29.000
CT	711	12	19	19.000
CT	710	12	22	22.000
CT	709	10	22	22.000
CT	708	9	17	17.000
CT	707	10	22	22.000
CT	706	10	20	20.000
CT	705	8	19	19.000
CT	704	9	22	22.000
CT	703	10	22	22.000
CT	702	8	16	16.000
CT	701	15	26	26.000
CT	700	10	19	19.000
CT	699	13	28	28.000
CT	698	13	23	23.000
CT	697	13	24	24.000
CT	696	11	22	22.000
CT	695	16	35	35.000
CT	694	16	33	33.000
CT	693	16	28	28.000
CT	692	7	12	12.000
CT	691	8	17	17.000
CT	690	18	30	30.000
CT	689	13	25	25.000
CT	688	19	34	34.000
CT	687	20	30	30.000
CT	686	14	21	21.000
CT	685	15	25	25.000
CT	684	15	24	24.000
CT	683	18	24	24.000
CT	682	12	19	19.000
CT	681	20	29	29.000
CT	680	14	19	19.000
CT	679	22	36	36.000
CT	678	21	27	27.000
CT	677	22	27	27.000
CT	676	23	28	28.000
CT	675	21	25	25.000
CT	674	19	24	24.000
CT	673	21	27	27.000
CT	672	24	35	35.000
CT	671	22	27	27.000
CT	670	25	36	36.000
CT	669	23	34	34.000
CT	668	23	31	31.000
CT	667	25	42	42.000
CT	666	23	28	28.000
CT	665	27	32	32.000
CT	664	25	32	32.000
CT	663	27	31	31.000
CT	662	24	30	30.000
CT	661	24	36	36.000
CT	660	22	34	34.000
CT	659	22	33	33.000
CT	658	29	36	36.000
CT	657	22	25	25.000
CT	656	30	36	36.000
CT	655	25	41	41.000
CT	654	26	29	29.000
CT	653	22	30	30.000
CT	652	36	46	46.000
CT	651	25	31	31.000
CT	650	24	28	28.000
CT	649	16	18	18.000
CT	648	34	38	38.000
CT	647	33	41	41.000
CT	646	33	43	43.000
CT	645	32	38	38.000
CT	644	39	44	44.000
CT	643	40	49	49.000
CT	642	26	31	31.000
CT	641	46	55	55.000
CT	640	46	57	57.000
CT	639	31	37	37.000
CT	638	27	31	31.000
CT	637	40	50	50.000
CT	636	32	41	41.000
CT	635	34	40	40.000
CT	634	49	66	66.000
CT	633	54	75	75.000
CT	632	57	80	80.000
CT	631	53	74	74.000
CT	630	46	58	58.000
CT	629	54	63	63.000
CT	628	45	50	50.000
CT	627	44	58	58.000
CT	626	39	47	47.000
CT	625	45	51	51.000
CT	624	50	56	56.000
CT	623	50	47	47.000
CT	622	60	75	75.000
CT	621	68	82	82.000
CT	620	51	61	61.000
CT	619	60	69	69.000
CT	618	59	71	71.000
CT	617	66	83	83.000
CT	616	57	65	65.000
CT	615	62	67	67.000
CT	614	66	83	83.000
CT	613	53	57	57.000
CT	612	71	75	75.000
CT	611	66	78	78.000
CT	610	66	77	77.000
CT	609	71	81	81.000
CT	608	60	74	74.000
CT	607	83	92	92.000
CT	606	75	80	80.000
CT	605	82	95	95.000
CT	604	71	74	74.000
CT	603	88	106	106.000
CT	602	87	96	96.000
CT	601	79	84	84.000
CT	600	72	91	91.000
CT	599	84	92	92.000
CT	598	70	83	83.000
CT	597	81	89	89.000
CT	596	99	109	109.000
CT	595	104	120	120.000
CT	594	104	112	112.000
CT	593	97	103	103.000
CT	592	85	92	92.000
CT	591	85	87	87.000
CT	590	93	103	103.000
CT	589	85	85	85.000
CT	588	90	96	96.000
CT	587	91	94	94.000
CT	586	128	135	135.000
CT	585	88	89	89.000
CT	584	96	109	109.000
CT	583	102	111	111.000
CT	582	123	124	124.000
CT	581	116	133	133.000
CT	580	100	99	99.000
CT	579	146	148	148.000
CT	578	104	112	112.000
CT	577	113	122	122.000
CT	576	130	138	138.000
CT	575	125	132	132.000
CT	574	142	149	149.000
CT	573	126	136	136.000
CT	572	125	133	133.000
CT	571	133	137	137.000
CT	570	132	144	144.000
CT	569	157	165	165.000
CT	568	145	144	144.000
CT	567	160	163	163.000
CT	566	142	149	149.000
CT	565	167	168	168.000
CT	564	169	175	175.000
CT	563	174	182	182.000
CT	562	164	176	176.000
CT	561	168	179	179.000
CT	560	152	156	156.000
CT	559	169	178	178.000
CT	558	171	177	177.000
CT	557	173	184	184.000
CT	556	179	186	186.000
CT	555	187	197	197.000
CT	554	187	192	192.000
CT	553	180	188	188.000
CT	552	182	182	182.000
CT	551	217	229	229.000
CT	550	215	227	227.000
CT	549	220	221	221.000
CT	548	224	231	231.000
CT	547	237	244	244.000
CT	546	233	238	238.000
CT	545	236	240	240.000
CT	544	251	265	265.000
CT	543	246	253	253.000
CT	542	267	291	291.000
CT	541	255	265	265.000
CT	540	250	271	271.000
CT	539	265	279	279.000
CT	538	266	285	285.000
CT	537	278	292	292.000
CT	536	267	287	287.000
CT	535	281	288	288.000
CT	534	331	346	346.000
CT	533	292	306	306.000
CT	532	307	331	331.000
CT	531	336	357	357.000
CT	530	293	310	310.000
CT	529	313	334	334.000
CT	528	325	338	338.000
CT	527	327	358	358.000
CT	526	326	358	358.000
CT	525	379	403	403.000
CT	524	354	368	368.000
CT	523	356	377	377.000
CT	522	367	384	384.000
CT	521	380	403	403.000
CT	520	349	357	357.000
CT	519	377	406	406.000
CT	518	402	421	421.000
CT	517	390	401	401.000
CT	516	396	418	418.000
CT	515	392	409	409.000
CT	514	373	383	383.000
CT	513	391	409	409.000
CT	512	379	401	401.000
CT	511	413	422	422.000
CT	510	420	427	427.000
CT	509	482	492	492.000
CT	508	447	457	457.000
CT	507	482	489	489.000
CT	506	485	503	503.000
CT	505	461	485	485.000
CT	504	494	501	501.000
CT	503	477	483	483.000
CT	502	503	505	505.000
CT	501	505	525	525.000
CT	500	541	549	549.000
CT	499	530	536	536.000
CT	498	545	558	558.000
CT	497	569	582	582.000
CT	496	601	608	608.000
CT	495	625	631	631.000
CT	494	596	602	602.000
CT	493	641	644	644.000
CT	492	665	650	650.000
CT	491	638	637	637.000
CT	490	646	647	647.000
CT	489	621	621	621.000
CT	488	709	716	716.000
CT	487	711	703	703.000
CT	486	711	712	712.000
CT	485	732	728	728.000
CT	484	750	742	742.000
CT	483	774	778	778.000
CT	482	739	748	748.000
CT	481	766	758	758.000
CT	480	770	761	761.000
CT	479	798	791	791.000
CT	478	811	811	811.000
CT	477	881	869	869.000
CT	476	901	898	898.000
CT	475	903	897	897.000
CT	474	919	918	918.000
CT	473	908	890	890.000
CT	472	952	943	943.000
CT	471	931	930	930.000
CT	470	962	975	975.000
CT	469	976	981	981.000
CT	468	969	970	970.000
CT	467	1047	1040	1040.000
CT	466	1061	1057	1057.000
CT	465	1046	1028	1028.000
CT	464	1092	1099	1099.000
CT	463	1125	1117	1117.000
CT	462	1065	1072	1072.000
CT	461	1148	1137	1137.000
CT	460	1170	1171	1171.000
CT	459	1173	1163	1163.000
CT	458	1193	1188	1188.000
CT	457	1242	1242	1242.000
CT	456	1249	1259	1259.000
CT	455	1191	1195	1195.000
CT	454	1314	1328	1328.000
CT	453	1225	1251	1251.000
CT	452	1349	1332	1332.000
CT	451	1303	1301	1301.000
CT	450	1370	1361	1361.000
CT	449	1448	1446	1446.000
CT	448	1369	1371	1371.000
CT	447	1456	1447	1447.000
CT	446	1499	1506	1506.000
CT	445	1516	1513	1513.000
CT	444	1479	1477	1477.000
CT	443	1592	1582	1582.000
CT	442	1582	1573	1573.000
CT	441	1552	1553	1553.000
CT	440	1636	1606	1606.000
CT	439	1766	1750	1750.000
CT	438	1667	1667	1667.000
CT	437	1774	1768	1768.000
CT	436	1779	1764	1764.000
CT	435	1763	1760	1760.000
CT	434	1920	1908	1908.000
CT	433	1905	1886	1886.000
CT	432	1855	1833	1833.000
CT	431	1981	1975	1975.000
CT	430	2017	1972	1972.000
CT	429	2055	2045	2045.000
CT	428	2065	2030	2030.000
CT	427	2122	2086	2086.000
CT	426	2118	2105	2105.000
CT	425	2144	2123	2123.000
CT	424	2214	2173	2173.000
CT	423	2255	2215	2215.000
CT	422	2320	2282	2282.000
CT	421	2397	2365	2365.000
CT	420	2349	2308	2308.000
CT	419	2445	2406	2406.000
CT	418	2487	2442	2442.000
CT	417	2480	2440	2440.000
CT	416	2626	2575	2575.000
CT	415	2702	2656	2656.000
CT	414	2707	2662	2662.000
CT	413	2711	2667	2667.000
CT	412	2821	2771	2771.000
CT	411	2851	2794	2794.000
CT	410	2931	2880	2880.000
CT	409	3132	3086	3086.000
CT	408	3094	3038	3038.000
CT	407	3084	3040	3040.000
CT	406	3044	3003	3003.000
CT	405	3183	3106	3106.000
CT	404	3238	3178	3178.000
CT	403	3216	3137	3137.000
CT	402	3347	3258	3258.000
CT	401	3455	3375	3375.000
CT	400	3519	3429	3429.000
CT	399	3560	3470	3470.000
CT	398	3786	3699	3699.000
CT	397	3692	3612	3612.000
CT	396	3844	3752	3752.000
CT	395	3895	3799	3799.000
CT	394	3910	3820	3820.000
CT	393	3980	3880	3880.000
CT	392	4015	3922	3922.000
CT	391	4157	4078	4078.000
CT	390	4240	4156	4156.000
CT	389	4304	4209	4209.000
CT	388	4358	4265	4265.000
CT	387	4406	4304	4304.000
CT	386	4557	4451	4451.000
CT	385	4614	4499	4499.000
CT	384	4599	4489	4489.000
CT	383	4698	4605	4605.000
CT	382	4767	4673	4673.000
CT	381	5078	4986	4986.000
CT	380	5210	5097	5097.000
CT	379	5314	5214	5214.000
CT	378	5181	5060	5060.000
CT	377	5594	5493	5493.000
CT	376	5563	5451	5451.000
CT	375	5866	5732	5732.000
CT	374	5885	5751	5751.000
CT	373	5827	5686	5686.000
CT	372	5945	5812	5812.000
CT	371	6150	6012	6012.000
CT	370	6102	5967	5967.000
CT	369	6107	5949	5949.000
CT	368	6319	6160	6160.000
CT	367	6407	6259	6259.000
CT	366	6487	6338	6338.000
CT	365	6635	6483	6483.000
CT	364	6905	6757	6757.000
CT	363	6997	6837	6837.000
CT	362	6953	6792	6792.000
CT	361	7143	6951	6951.000
CT	360	7289	7111	7111.000
CT	359	7377	7222	7222.000
CT	358	7656	7467	7467.000
CT	357	7615	7442	7442.000
CT	356	7906	7722	7722.000
CT	355	7981	7773	7773.000
CT	354	8206	7991	7991.000
CT	353	8318	8113	8113.000
CT	352	8385	8174	8174.000
CT	351	8654	8428	8428.000
CT	350	8636	8407	8407.000
CT	349	8817	8568	8568.000
CT	348	9254	8973	8973.000
CT	347	9059	8804	8804.000
CT	346	9245	8959	8959.000
CT	345	9524	9208	9208.000
CT	344	9566	9292	9292.000
CT	343	9637	9358	9358.000
CT	342	10112	9809	9809.000
CT	341	10181	9886	9886.000
CT	340	10310	10008	10008.000
CT	339	10570	10249	10249.000
CT	338	10721	10394	10394.000
CT	337	10921	10534	10534.000
CT	336	11273	10918	10918.000
CT	335	11214	10851	10851.000
CT	334	11468	11087	11087.000
CT	333	11736	11322	11322.000
CT	332	11918	11543	11543.000
CT	331	11993	11560	11560.000
CT	330	12065	11627	11627.000
CT	329	12212	11820	11820.000
CT	328	12312	11893	11893.000
CT	327	12579	12121	12121.000
CT	326	12867	12434	12434.000
CT	325	13027	12555	12555.000
CT	324	13300	12843	12843.000
CT	323	13290	12856	12856.000
CT	322	13577	13093	13093.000
CT	321	13750	13257	13257.000
CT	320	13909	13397	13397.000
CT	319	14198	13733	13733.000
CT	318	14352	13866	13866.000
CT	317	14538	14120	14120.000
CT	316	14933	14432	14432.000
CT	315	15240	14719	14719.000
CT	314	15513	14966	14966.000
CT	313	15461	14956	14956.000
CT	312	15339	14812	14812.000
CT	311	15417	14850	14850.000
CT	310	15767	15160	15160.000
CT	309	16083	15525	15525.000
CT	308	16279	15743	15743.000
CT	307	16632	16107	16107.000
CT	306	16553	15946	15946.000
CT	305	16960	16401	16401.000
CT	304	17061	16481	16481.000
CT	303	17227	16631	16631.000
CT	302	17721	17095	17095.000
CT	301	18210	17592	17592.000
CT	300	18009	17397	17397.000
CT	299	18351	17743	17743.000
CT	298	18573	17943	17943.000
CT	297	18577	17964	17964.000
CT	296	18751	18091	18091.000
CT	295	19185	18542	18542.000
CT	294	19322	18690	18690.000
CT	293	19722	19068	19068.000
CT	292	19493	18864	18864.000
CT	291	19807	19173	19173.000
CT	290	19833	19242	19242.000
CT	289	20409	19764	19764.000
CT	288	20481	19823	19823.000
CT	287	20656	20020	20020.000
CT	286	20894	20192	20192.000
CT	285	21284	20598	20598.000
CT	284	21447	20773	20773.000
CT	283	21641	20943	20943.000
CT	282	21846	21100	21100.000
CT	281	22335	21584	21584.000
CT	280	22654	21924	21924.000
CT	279	22083	21290	21290.000
CT	278	22371	21618	21618.000
CT	277	22625	21860	21860.000
CT	276	22491	21726	21726.000
CT	275	22972	22160	22160.000
CT	274	22850	22099	22099.000
CT	273	23169	22423	22423.000
CT	272	23243	22500	22500.000
CT	271	23288	22564	22564.000
CT	270	23535	22763	22763.000
CT	269	23681	22929	22929.000
CT	268	24021	23208	23208.000
CT	267	24343	23564	23564.000
CT	266	24664	23818	23818.000
CT	265	24344	23499	23499.000
CT	264	24675	23840	23840.000
CT	263	25005	24176	24176.000
CT	262	25341	24422	24422.000
CT	261	25299	24369	24369.000
CT	260	25553	24547	24547.000
CT	259	25583	24606	24606.000
CT	258	25750	24830	24830.000
CT	257	25883	24947	24947.000
CT	256	25701	24779	24779.000
CT	255	25713	24800	24800.000
CT	254	25673	24720	24720.000
CT	253	25777	24916	24916.000
CT	252	25612	24743	24743.000
CT	251	25897	24985	24985.000
CT	250	25928	25028	25028.000
CT	249	26077	25123	25123.000
CT	248	25942	24978	24978.000
CT	247	25924	24935	24935.000
CT	246	25919	24910	24910.000
CT	245	26012	25055	25055.000
CT	244	25912	24958	24958.000
CT	243	26356	25404	25404.000
CT	242	26509	25544	25544.000
CT	241	26527	25620	25620.000
CT	240	26428	25478	25478.000
CT	239	26621	25541	25541.000
CT	238	26092	25092	25092.000
CT	237	26549	25639	25639.000
CT	236	26115	25160	25160.000
CT	235	26470	25530	25530.000
CT	234	26315	25355	25355.000
CT	233	26251	25355	25355.000
CT	232	26172	25315	25315.000
CT	231	25917	24989	24989.000
CT	230	26038	25167	25167.000
CT	229	26030	25134	25134.000
CT	228	25990	25135	25135.000
CT	227	25804	24898	24898.000
CT	226	25853	24931	24931.000
CT	225	25472	24588	24588.000
CT	224	25767	24896	24896.000
CT	223	25256	24380	24380.000
CT	222	25388	24496	24496.000
CT	221	25337	24413	24413.000
CT	220	24708	23821	23821.000
CT	219	24899	23944	23944.000
CT	218	24610	23771	23771.000
CT	217	24125	23207	23207.000
CT	216	24091	23214	23214.000
CT	215	23957	23085	23085.000
CT	214	23605	22737	22737.000
CT	213	23682	22855	22855.000
CT	212	23254	22404	22404.000
CT	211	23184	22379	22379.000
CT	210	23082	22265	22265.000
CT	209	23013	22159	22159.000
CT	208	22702	21953	21953.000
CT	207	22726	21937	21937.000
CT	206	22101	21292	21292.000
CT	205	21986	21251	21251.000
CT	204	21454	20736	20736.000
CT	203	21285	20604	20604.000
CT	202	20835	20147	20147.000
CT	201	20748	20058	20058.000
CT	200	20507	19828	19828.000
CT	199	20181	19583	19583.000
CT	198	19793	19138	19138.000
CT	197	19458	18837	18837.000
CT	196	19305	18666	18666.000
CT	195	18963	18316	18316.000
CT	194	18584	17940	17940.000
CT	193	17922	17320	17320.000
CT	192	17961	17352	17352.000
CT	191	17696	17171	17171.000
CT	190	17086	16536	16536.000
CT	189	16606	16046	16046.000
CT	188	16794	16255	16255.000
CT	187	16437	15913	15913.000
CT	186	16024	15476	15476.000
CT	185	16028	15536	15536.000
CT	184	15442	14971	14971.000
CT	183	15151	14672	14672.000
CT	182	14739	14254	14254.000
CT	181	14479	13981	13981.000
CT	180	14059	13568	13568.000
CT	179	14042	13552	13552.000
CT	178	13662	13094	13094.000
CT	177	13442	12898	12898.000
CT	176	13261	12765	12765.000
CT	175	13169	12689	12689.000
CT	174	12612	12129	12129.000
CT	173	12171	11667	11667.000
CT	172	12029	11573	11573.000
CT	171	11696	11248	11248.000
CT	170	11250	10802	10802.000
CT	169	10815	10386	10386.000
CT	168	10320	9910	9910.000
CT	167	10301	9878	9878.000
CT	166	9998	9611	9611.000
CT	165	9489	9124	9124.000
CT	164	9202	8896	8896.000
CT	163	8982	8635	8635.000
CT	162	8699	8394	8394.000
CT	161	8363	8038	8038.000
CT	160	8027	7732	7732.000
CT	159	7716	7441	7441.000
CT	158	7512	7246	7246.000
CT	157	7331	7034	7034.000
CT	156	6975	6693	6693.000
CT	155	6812	6574	6574.000
CT	154	6489	6237	6237.000
CT	153	6254	5953	5953.000
CT	152	5998	5713	5713.000
CT	151	5708	5440	5440.000
CT	150	5535	5317	5317.000
CT	149	5369	5129	5129.000
CT	148	5035	4832	4832.000
CT	147	4825	4641	4641.000
CT	146	4658	4484	4484.000
CT	145	4379	4210	4210.000
CT	144	4231	4062	4062.000
CT	143	4013	3849	3849.000
CT	142	3831	3653	3653.000
CT	141	3597	3435	3435.000
CT	140	3387	3257	3257.000
CT	139	3276	3148	3148.000
CT	138	2884	2769	2769.000
CT	137	2817	2680	2680.000
CT	136	2776	2647	2647.000
CT	135	2505	2392	2392.000
CT	134	2499	2365	2365.000
CT	133	2358	2232	2232.000
CT	132	2213	2125	2125.000
CT	131	2136	2033	2033.000
CT	130	1929	1862	1862.000
CT	129	1934	1879	1879.000
CT	128	1735	1679	1679.000
CT	127	1595	1553	1553.000
CT	126	1498	1435	1435.000
CT	125	1493	1423	1423.000
CT	124	1392	1344	1344.000
CT	123	1256	1195	1195.000
CT	122	1127	1068	1068.000
CT	121	1064	996	996.000
CT	120	1021	965	965.000
CT	119	998	942	942.000
CT	118	950	920	920.000
CT	117	874	842	842.000
CT	116	825	790	790.000
CT	115	748	723	723.000
CT	114	815	755	755.000
CT	113	697	686	686.000
CT	112	662	634	634.000
CT	111	622	592	592.000
CT	110	550	512	512.000
CT	109	513	484	484.000
CT	108	539	492	492.000
CT	107	476	442	442.000
CT	106	461	405	405.000
CT	105	442	404	404.000
CT	104	371	344	344.000
CT	103	376	339	339.000
CT	102	363	317	317.000
CT	101	357	331	331.000
CT	100	291	268	268.000
CT	99	275	262	262.000
CT	98	290	260	260.000
CT	97	237	218	218.000
CT	96	213	190	190.000
CT	95	169	143	143.000
CT	94	188	148	148.000
CT	93	186	151	151.000
CT	92	160	126	126.000
CT	91	150	116	116.000
CT	90	159	136	136.000
CT	89	139	115	115.000
CT	88	126	105	105.000
CT	87	114	95	95.000
CT	86	116	95	95.000
CT	85	137	118	118.000
CT	84	144	122	122.000
CT	83	105	92	92.000
CT	82	93	77	77.000
CT	81	83	64	64.000
CT	80	82	56	56.000
CT	79	85	60	60.000
CT	78	82	60	60.000
CT	77	68	39	39.000
CT	76	76	45	45.000
CT	75	77	35	35.000
CT	74	58	24	24.000
CT	73	64	34	34.000
CT	72	62	28	28.000
CT	71	63	26	26.000
CT	70	48	15	15.000
CT	69	53	25	25.000
CT	68	51	14	14.000
CT	67	68	19	19.000
CT	66	70	14	14.000
CT	65	78	17	17.000
CT	64	103	18	18.000
CT	63	108	14	14.000
CT	62	95	12	12.000
CT	61	91	8	8.000
CT	60	114	10	10.000
CT	59	143	12	12.000
CT	58	148	5	5.000
CT	57	160	7	7.000
CT	56	134	8	8.000
CT	55	144	4	4.000
CT	54	142	1	1.000
CT	53	161	2	2.000
CT	52	175	5	5.000
CT	51	195	4	4.000
CT	50	236	5	5.000
CT	49	228	4	4.000
CT	48	302	1	1.000
CT	47	325	2	2.000
CT	46	335	0	0.000
CT	45	410	0	0.000
CT	44	493	0	0.000
CT	43	640	0	0.000
CT	42	644	0	0.000
CT	41	710	5	5.000
CT	40	854	3	3.000
CT	39	941	5	5.000
CT	38	1041	0	0.000
CT	37	1196	2	2.000
CT	36	1334	0	0.000
CT	35	1417	1	1.000
CT	34	1808	2	2.000
CT	33	1827	0	0.000
CT	32	2277	0	0.000
CT	31	2611	0	0.000
CT	30	3035	0	0.000
CT	29	3313	0	0.000
CT	28	3689	0	0.000
CT	27	4495	0	0.000
CT	26	4865	0	0.000
CT	25	5780	0	0.000
CT	24	6541	0	0.000
CT	23	7730	0	0.000
CT	22	9317	0	0.000
CT	21	10642	0	0.000
CT	20	12668	0	0.000
CT	19	14168	0	0.000
CT	18	16835	0	0.000
CT	17	20193	0	0.000
CT	16	24438	0	0.000
CT	15	29671	0	0.000
CT	14	35180	0	0.000
CT	13	43270	0	0.000
CT	12	55025	0	0.000
CT	11	68813	0	0.000
CT	10	88200	0	0.000
CT	9	119949	0	0.000
CT	8	168477	0	0.000
CT	7	253137	0	0.000
CT	6	415839	0	0.000
CT	5	763944	0	0.000
CT	4	1596545	0	0.000
CT	3	3909219	0	0.000
CT	2	12664022	0	0.000
CT	1	0	0	-nan
CT	0	0	0	-nan
FR	0	0
ER	4132053	0.000
CV	0.966
QV	inf	inf
