HS	1023	0	4850	4850
HS	1022	0	2	4852
HS	1021	0	1	4853
HS	1020	0	2	4855
HS	1019	0	0	4855
HS	1018	0	0	4855
HS	1017	0	1	4856
HS	1016	0	3	4859
HS	1015	0	0	4859
HS	1014	0	3	4862
HS	1013	0	2	4864
HS	1012	0	1	4865
HS	1011	0	3	4868
HS	1010	0	2	4870
HS	1009	0	1	4871
HS	1008	0	3	4874
HS	1007	0	2	4876
HS	1006	0	4	4880
HS	1005	0	2	4882
HS	1004	0	1	4883
HS	1003	0	0	4883
HS	1002	0	1	4884
HS	1001	0	1	4885
HS	1000	0	2	4887
HS	999	0	2	4889
HS	998	0	1	4890
HS	997	0	0	4890
HS	996	0	1	4891
HS	995	0	2	4893
HS	994	0	1	4894
HS	993	0	1	4895
HS	992	0	1	4896
HS	991	0	3	4899
HS	990	0	0	4899
HS	989	0	2	4901
HS	988	0	0	4901
HS	987	0	1	4902
HS	986	0	1	4903
HS	985	0	1	4904
HS	984	0	0	4904
HS	983	0	0	4904
HS	982	0	0	4904
HS	981	0	0	4904
HS	980	0	0	4904
HS	979	0	0	4904
HS	978	0	0	4904
HS	977	0	0	4904
HS	976	0	0	4904
HS	975	0	0	4904
HS	974	0	2	4906
HS	973	0	0	4906
HS	972	0	3	4909
HS	971	0	1	4910
HS	970	0	1	4911
HS	969	0	1	4912
HS	968	0	1	4913
HS	967	0	3	4916
HS	966	0	1	4917
HS	965	0	1	4918
HS	964	0	4	4922
HS	963	0	2	4924
HS	962	0	1	4925
HS	961	0	2	4927
HS	960	0	0	4927
HS	959	0	1	4928
HS	958	0	2	4930
HS	957	0	1	4931
HS	956	0	1	4932
HS	955	0	2	4934
HS	954	0	5	4939
HS	953	0	0	4939
HS	952	0	0	4939
HS	951	0	0	4939
HS	950	0	3	4942
HS	949	0	2	4944
HS	948	0	0	4944
HS	947	0	0	4944
HS	946	0	1	4945
HS	945	0	1	4946
HS	944	0	0	4946
HS	943	0	0	4946
HS	942	0	1	4947
HS	941	0	0	4947
HS	940	0	1	4948
HS	939	0	2	4950
HS	938	0	1	4951
HS	937	0	0	4951
HS	936	0	0	4951
HS	935	0	1	4952
HS	934	0	1	4953
HS	933	0	0	4953
HS	932	0	0	4953
HS	931	0	1	4954
HS	930	0	1	4955
HS	929	0	0	4955
HS	928	0	4	4959
HS	927	0	1	4960
HS	926	0	1	4961
HS	925	0	1	4962
HS	924	0	2	4964
HS	923	0	0	4964
HS	922	0	0	4964
HS	921	0	0	4964
HS	920	0	0	4964
HS	919	0	0	4964
HS	918	0	1	4965
HS	917	0	1	4966
HS	916	0	0	4966
HS	915	0	1	4967
HS	914	0	1	4968
HS	913	0	1	4969
HS	912	0	0	4969
HS	911	0	2	4971
HS	910	0	3	4974
HS	909	0	1	4975
HS	908	0	2	4977
HS	907	0	2	4979
HS	906	0	2	4981
HS	905	0	0	4981
HS	904	0	0	4981
HS	903	0	1	4982
HS	902	0	3	4985
HS	901	0	2	4987
HS	900	0	2	4989
HS	899	0	2	4991
HS	898	0	1	4992
HS	897	0	3	4995
HS	896	0	2	4997
HS	895	0	1	4998
HS	894	0	2	5000
HS	893	0	1	5001
HS	892	0	1	5002
HS	891	0	4	5006
HS	890	0	2	5008
HS	889	0	1	5009
HS	888	0	2	5011
HS	887	0	0	5011
HS	886	0	2	5013
HS	885	0	1	5014
HS	884	0	1	5015
HS	883	0	0	5015
HS	882	0	1	5016
HS	881	0	0	5016
HS	880	0	1	5017
HS	879	0	0	5017
HS	878	0	0	5017
HS	877	0	1	5018
HS	876	0	1	5019
HS	875	0	0	5019
HS	874	0	0	5019
HS	873	0	0	5019
HS	872	0	2	5021
HS	871	0	1	5022
HS	870	0	2	5024
HS	869	0	0	5024
HS	868	0	0	5024
HS	867	0	1	5025
HS	866	0	1	5026
HS	865	0	1	5027
HS	864	0	0	5027
HS	863	0	1	5028
HS	862	0	0	5028
HS	861	0	0	5028
HS	860	0	0	5028
HS	859	0	0	5028
HS	858	0	1	5029
HS	857	0	2	5031
HS	856	0	1	5032
HS	855	0	0	5032
HS	854	0	1	5033
HS	853	0	0	5033
HS	852	0	1	5034
HS	851	0	0	5034
HS	850	0	1	5035
HS	849	0	3	5038
HS	848	0	3	5041
HS	847	0	3	5044
HS	846	0	4	5048
HS	845	0	0	5048
HS	844	0	1	5049
HS	843	0	2	5051
HS	842	0	1	5052
HS	841	0	2	5054
HS	840	0	0	5054
HS	839	0	2	5056
HS	838	0	3	5059
HS	837	0	1	5060
HS	836	0	3	5063
HS	835	0	4	5067
HS	834	0	3	5070
HS	833	0	3	5073
HS	832	0	0	5073
HS	831	0	1	5074
HS	830	0	2	5076
HS	829	0	4	5080
HS	828	0	4	5084
HS	827	0	3	5087
HS	826	0	6	5093
HS	825	0	6	5099
HS	824	0	4	5103
HS	823	0	5	5108
HS	822	0	9	5117
HS	821	0	5	5122
HS	820	0	6	5128
HS	819	0	7	5135
HS	818	0	4	5139
HS	817	0	5	5144
HS	816	0	5	5149
HS	815	0	7	5156
HS	814	0	6	5162
HS	813	0	6	5168
HS	812	0	6	5174
HS	811	0	5	5179
HS	810	0	9	5188
HS	809	0	12	5200
HS	808	0	1	5201
HS	807	0	5	5206
HS	806	0	4	5210
HS	805	0	1	5211
HS	804	0	5	5216
HS	803	0	7	5223
HS	802	0	7	5230
HS	801	0	5	5235
HS	800	0	1	5236
HS	799	0	5	5241
HS	798	0	4	5245
HS	797	0	3	5248
HS	796	0	5	5253
HS	795	0	3	5256
HS	794	0	14	5270
HS	793	0	8	5278
HS	792	0	2	5280
HS	791	0	8	5288
HS	790	0	8	5296
HS	789	0	9	5305
HS	788	0	6	5311
HS	787	0	8	5319
HS	786	0	3	5322
HS	785	0	5	5327
HS	784	0	10	5337
HS	783	0	8	5345
HS	782	0	7	5352
HS	781	0	7	5359
HS	780	0	6	5365
HS	779	0	3	5368
HS	778	0	10	5378
HS	777	0	8	5386
HS	776	0	7	5393
HS	775	0	11	5404
HS	774	0	7	5411
HS	773	0	6	5417
HS	772	0	5	5422
HS	771	0	8	5430
HS	770	0	9	5439
HS	769	0	6	5445
HS	768	0	8	5453
HS	767	0	9	5462
HS	766	0	4	5466
HS	765	0	9	5475
HS	764	0	15	5490
HS	763	0	7	5497
HS	762	0	10	5507
HS	761	0	10	5517
HS	760	0	7	5524
HS	759	0	11	5535
HS	758	0	14	5549
HS	757	0	11	5560
HS	756	0	6	5566
HS	755	0	13	5579
HS	754	0	17	5596
HS	753	0	8	5604
HS	752	0	13	5617
HS	751	0	13	5630
HS	750	0	14	5644
HS	749	0	10	5654
HS	748	0	10	5664
HS	747	0	9	5673
HS	746	0	11	5684
HS	745	0	10	5694
HS	744	0	12	5706
HS	743	0	15	5721
HS	742	0	7	5728
HS	741	0	9	5737
HS	740	0	11	5748
HS	739	0	13	5761
HS	738	0	7	5768
HS	737	0	10	5778
HS	736	0	10	5788
HS	735	0	11	5799
HS	734	0	11	5810
HS	733	0	7	5817
HS	732	0	9	5826
HS	731	0	10	5836
HS	730	0	10	5846
HS	729	0	8	5854
HS	728	0	10	5864
HS	727	0	9	5873
HS	726	0	17	5890
HS	725	0	8	5898
HS	724	0	8	5906
HS	723	0	12	5918
HS	722	0	6	5924
HS	721	0	5	5929
HS	720	0	15	5944
HS	719	0	14	5958
HS	718	0	10	5968
HS	717	0	11	5979
HS	716	0	8	5987
HS	715	0	14	6001
HS	714	0	9	6010
HS	713	0	11	6021
HS	712	0	12	6033
HS	711	0	12	6045
HS	710	0	12	6057
HS	709	0	10	6067
HS	708	0	9	6076
HS	707	0	10	6086
HS	706	0	10	6096
HS	705	0	8	6104
HS	704	0	9	6113
HS	703	0	10	6123
HS	702	0	8	6131
HS	701	0	15	6146
HS	700	0	10	6156
HS	699	0	13	6169
HS	698	0	13	6182
HS	697	0	13	6195
HS	696	0	11	6206
HS	695	0	16	6222
HS	694	0	16	6238
HS	693	0	16	6254
HS	692	0	7	6261
HS	691	0	8	6269
HS	690	0	18	6287
HS	689	0	13	6300
HS	688	0	19	6319
HS	687	0	20	6339
HS	686	0	14	6353
HS	685	0	15	6368
HS	684	0	15	6383
HS	683	0	18	6401
HS	682	0	12	6413
HS	681	0	20	6433
HS	680	0	14	6447
HS	679	0	22	6469
HS	678	0	21	6490
HS	677	0	22	6512
HS	676	0	23	6535
HS	675	0	21	6556
HS	674	0	19	6575
HS	673	0	21	6596
HS	672	0	24	6620
HS	671	0	22	6642
HS	670	0	25	6667
HS	669	0	23	6690
HS	668	0	23	6713
HS	667	0	25	6738
HS	666	0	23	6761
HS	665	0	27	6788
HS	664	0	25	6813
HS	663	0	27	6840
HS	662	0	24	6864
HS	661	0	24	6888
HS	660	0	22	6910
HS	659	0	22	6932
HS	658	0	29	6961
HS	657	0	22	6983
HS	656	0	30	7013
HS	655	0	25	7038
HS	654	0	26	7064
HS	653	0	22	7086
HS	652	0	36	7122
HS	651	0	25	7147
HS	650	0	24	7171
HS	649	0	16	7187
HS	648	0	34	7221
HS	647	0	33	7254
HS	646	0	33	7287
HS	645	0	32	7319
HS	644	0	39	7358
HS	643	0	40	7398
HS	642	0	26	7424
HS	641	0	46	7470
HS	640	0	46	7516
HS	639	0	31	7547
HS	638	0	27	7574
HS	637	0	40	7614
HS	636	0	32	7646
HS	635	0	34	7680
HS	634	0	49	7729
HS	633	0	54	7783
HS	632	0	57	7840
HS	631	0	53	7893
HS	630	0	46	7939
HS	629	0	54	7993
HS	628	0	45	8038
HS	627	0	44	8082
HS	626	0	39	8121
HS	625	0	45	8166
HS	624	0	50	8216
HS	623	0	50	8266
HS	622	0	60	8326
HS	621	0	68	8394
HS	620	0	51	8445
HS	619	0	60	8505
HS	618	0	59	8564
HS	617	0	66	8630
HS	616	0	57	8687
HS	615	0	62	8749
HS	614	0	66	8815
HS	613	0	53	8868
HS	612	0	71	8939
HS	611	0	66	9005
HS	610	0	66	9071
HS	609	0	71	9142
HS	608	0	60	9202
HS	607	0	83	9285
HS	606	0	75	9360
HS	605	0	82	9442
HS	604	0	71	9513
HS	603	0	88	9601
HS	602	0	87	9688
HS	601	0	79	9767
HS	600	0	72	9839
HS	599	0	84	9923
HS	598	0	70	9993
HS	597	0	81	10074
HS	596	0	99	10173
HS	595	0	104	10277
HS	594	0	104	10381
HS	593	0	97	10478
HS	592	0	85	10563
HS	591	0	85	10648
HS	590	0	93	10741
HS	589	0	85	10826
HS	588	0	90	10916
HS	587	0	91	11007
HS	586	0	128	11135
HS	585	0	88	11223
HS	584	0	96	11319
HS	583	0	102	11421
HS	582	0	123	11544
HS	581	0	116	11660
HS	580	0	100	11760
HS	579	0	146	11906
HS	578	0	104	12010
HS	577	0	113	12123
HS	576	0	130	12253
HS	575	0	125	12378
HS	574	0	142	12520
HS	573	0	126	12646
HS	572	0	125	12771
HS	571	0	133	12904
HS	570	0	132	13036
HS	569	0	157	13193
HS	568	0	145	13338
HS	567	0	160	13498
HS	566	0	142	13640
HS	565	0	167	13807
HS	564	0	169	13976
HS	563	0	174	14150
HS	562	0	164	14314
HS	561	0	168	14482
HS	560	0	152	14634
HS	559	0	169	14803
HS	558	0	171	14974
HS	557	0	173	15147
HS	556	0	179	15326
HS	555	0	187	15513
HS	554	0	187	15700
HS	553	0	180	15880
HS	552	0	182	16062
HS	551	0	217	16279
HS	550	0	215	16494
HS	549	0	220	16714
HS	548	0	224	16938
HS	547	0	237	17175
HS	546	0	233	17408
HS	545	0	236	17644
HS	544	0	251	17895
HS	543	0	246	18141
HS	542	0	267	18408
HS	541	0	255	18663
HS	540	0	250	18913
HS	539	0	265	19178
HS	538	0	266	19444
HS	537	0	278	19722
HS	536	0	267	19989
HS	535	0	281	20270
HS	534	0	331	20601
HS	533	0	292	20893
HS	532	0	307	21200
HS	531	0	336	21536
HS	530	0	293	21829
HS	529	0	313	22142
HS	528	0	325	22467
HS	527	0	327	22794
HS	526	0	326	23120
HS	525	0	379	23499
HS	524	0	354	23853
HS	523	0	356	24209
HS	522	0	367	24576
HS	521	0	380	24956
HS	520	0	349	25305
HS	519	0	377	25682
HS	518	0	402	26084
HS	517	0	390	26474
HS	516	0	396	26870
HS	515	0	392	27262
HS	514	0	373	27635
HS	513	0	391	28026
HS	512	0	379	28405
HS	511	0	413	28818
HS	510	0	420	29238
HS	509	0	482	29720
HS	508	0	447	30167
HS	507	0	482	30649
HS	506	0	485	31134
HS	505	0	461	31595
HS	504	0	494	32089
HS	503	0	477	32566
HS	502	0	503	33069
HS	501	0	505	33574
HS	500	0	541	34115
HS	499	0	530	34645
HS	498	0	545	35190
HS	497	0	569	35759
HS	496	0	601	36360
HS	495	0	625	36985
HS	494	0	596	37581
HS	493	0	641	38222
HS	492	0	665	38887
HS	491	0	638	39525
HS	490	0	646	40171
HS	489	0	621	40792
HS	488	0	709	41501
HS	487	0	711	42212
HS	486	0	711	42923
HS	485	0	732	43655
HS	484	0	750	44405
HS	483	0	774	45179
HS	482	0	739	45918
HS	481	0	766	46684
HS	480	0	770	47454
HS	479	0	798	48252
HS	478	0	811	49063
HS	477	0	881	49944
HS	476	0	901	50845
HS	475	0	903	51748
HS	474	0	919	52667
HS	473	0	908	53575
HS	472	0	952	54527
HS	471	0	931	55458
HS	470	0	962	56420
HS	469	0	976	57396
HS	468	0	969	58365
HS	467	0	1047	59412
HS	466	0	1061	60473
HS	465	0	1046	61519
HS	464	0	1092	62611
HS	463	0	1125	63736
HS	462	0	1065	64801
HS	461	0	1148	65949
HS	460	0	1170	67119
HS	459	0	1173	68292
HS	458	0	1193	69485
HS	457	0	1242	70727
HS	456	0	1249	71976
HS	455	0	1191	73167
HS	454	0	1314	74481
HS	453	0	1225	75706
HS	452	0	1349	77055
HS	451	0	1303	78358
HS	450	0	1370	79728
HS	449	0	1448	81176
HS	448	0	1369	82545
HS	447	0	1456	84001
HS	446	0	1499	85500
HS	445	0	1516	87016
HS	444	0	1479	88495
HS	443	0	1592	90087
HS	442	0	1582	91669
HS	441	0	1552	93221
HS	440	0	1636	94857
HS	439	0	1766	96623
HS	438	0	1667	98290
HS	437	0	1774	100064
HS	436	0	1779	101843
HS	435	0	1763	103606
HS	434	0	1920	105526
HS	433	0	1905	107431
HS	432	0	1855	109286
HS	431	0	1981	111267
HS	430	0	2017	113284
HS	429	0	2055	115339
HS	428	0	2065	117404
HS	427	0	2122	119526
HS	426	0	2118	121644
HS	425	0	2144	123788
HS	424	0	2214	126002
HS	423	0	2255	128257
HS	422	0	2320	130577
HS	421	0	2397	132974
HS	420	0	2349	135323
HS	419	0	2445	137768
HS	418	0	2487	140255
HS	417	0	2480	142735
HS	416	0	2626	145361
HS	415	0	2702	148063
HS	414	0	2707	150770
HS	413	0	2711	153481
HS	412	0	2821	156302
HS	411	0	2851	159153
HS	410	0	2931	162084
HS	409	0	3132	165216
HS	408	0	3094	168310
HS	407	0	3084	171394
HS	406	0	3044	174438
HS	405	0	3183	177621
HS	404	0	3238	180859
HS	403	0	3216	184075
HS	402	0	3347	187422
HS	401	0	3455	190877
HS	400	0	3519	194396
HS	399	0	3560	197956
HS	398	0	3786	201742
HS	397	0	3692	205434
HS	396	0	3844	209278
HS	395	0	3895	213173
HS	394	0	3910	217083
HS	393	0	3980	221063
HS	392	0	4015	225078
HS	391	0	4157	229235
HS	390	0	4240	233475
HS	389	0	4304	237779
HS	388	0	4358	242137
HS	387	0	4406	246543
HS	386	0	4557	251100
HS	385	0	4614	255714
HS	384	0	4599	260313
HS	383	0	4698	265011
HS	382	0	4767	269778
HS	381	0	5078	274856
HS	380	0	5210	280066
HS	379	0	5314	285380
HS	378	0	5181	290561
HS	377	0	5594	296155
HS	376	0	5563	301718
HS	375	0	5866	307584
HS	374	0	5885	313469
HS	373	0	5827	319296
HS	372	0	5945	325241
HS	371	0	6150	331391
HS	370	0	6102	337493
HS	369	0	6107	343600
HS	368	0	6319	349919
HS	367	0	6407	356326
HS	366	0	6487	362813
HS	365	0	6635	369448
HS	364	0	6905	376353
HS	363	0	6997	383350
HS	362	0	6953	390303
HS	361	0	7143	397446
HS	360	0	7289	404735
HS	359	0	7377	412112
HS	358	0	7656	419768
HS	357	0	7615	427383
HS	356	0	7906	435289
HS	355	0	7981	443270
HS	354	0	8206	451476
HS	353	0	8318	459794
HS	352	0	8385	468179
HS	351	0	8654	476833
HS	350	0	8636	485469
HS	349	0	8817	494286
HS	348	0	9254	503540
HS	347	0	9059	512599
HS	346	0	9245	521844
HS	345	0	9524	531368
HS	344	0	9566	540934
HS	343	0	9637	550571
HS	342	0	10112	560683
HS	341	0	10181	570864
HS	340	0	10310	581174
HS	339	0	10570	591744
HS	338	0	10721	602465
HS	337	0	10921	613386
HS	336	0	11273	624659
HS	335	0	11214	635873
HS	334	0	11468	647341
HS	333	0	11736	659077
HS	332	0	11918	670995
HS	331	0	11993	682988
HS	330	0	12065	695053
HS	329	0	12212	707265
HS	328	0	12312	719577
HS	327	0	12579	732156
HS	326	0	12867	745023
HS	325	0	13027	758050
HS	324	0	13300	771350
HS	323	0	13290	784640
HS	322	0	13577	798217
HS	321	0	13750	811967
HS	320	0	13909	825876
HS	319	0	14198	840074
HS	318	0	14352	854426
HS	317	0	14538	868964
HS	316	0	14933	883897
HS	315	0	15240	899137
HS	314	0	15513	914650
HS	313	0	15461	930111
HS	312	0	15339	945450
HS	311	0	15417	960867
HS	310	0	15767	976634
HS	309	0	16083	992717
HS	308	0	16279	1008996
HS	307	0	16632	1025628
HS	306	0	16553	1042181
HS	305	0	16960	1059141
HS	304	0	17061	1076202
HS	303	0	17227	1093429
HS	302	0	17721	1111150
HS	301	0	18210	1129360
HS	300	0	18009	1147369
HS	299	0	18351	1165720
HS	298	0	18573	1184293
HS	297	0	18577	1202870
HS	296	0	18751	1221621
HS	295	0	19185	1240806
HS	294	0	19322	1260128
HS	293	0	19722	1279850
HS	292	0	19493	1299343
HS	291	0	19807	1319150
HS	290	0	19833	1338983
HS	289	0	20409	1359392
HS	288	0	20481	1379873
HS	287	0	20656	1400529
HS	286	0	20894	1421423
HS	285	0	21284	1442707
HS	284	0	21447	1464154
HS	283	0	21641	1485795
HS	282	0	21846	1507641
HS	281	0	22335	1529976
HS	280	0	22654	1552630
HS	279	0	22083	1574713
HS	278	0	22371	1597084
HS	277	0	22625	1619709
HS	276	0	22491	1642200
HS	275	0	22972	1665172
HS	274	0	22850	1688022
HS	273	0	23169	1711191
HS	272	0	23243	1734434
HS	271	0	23288	1757722
HS	270	0	23535	1781257
HS	269	0	23681	1804938
HS	268	0	24021	1828959
HS	267	0	24343	1853302
HS	266	0	24664	1877966
HS	265	0	24344	1902310
HS	264	0	24675	1926985
HS	263	0	25005	1951990
HS	262	0	25341	1977331
HS	261	0	25299	2002630
HS	260	0	25553	2028183
HS	259	0	25583	2053766
HS	258	0	25750	2079516
HS	257	0	25883	2105399
HS	256	0	25701	2131100
HS	255	0	25713	2156813
HS	254	0	25673	2182486
HS	253	0	25777	2208263
HS	252	0	25612	2233875
HS	251	0	25897	2259772
HS	250	0	25928	2285700
HS	249	0	26077	2311777
HS	248	0	25942	2337719
HS	247	0	25924	2363643
HS	246	0	25919	2389562
HS	245	0	26012	2415574
HS	244	0	25912	2441486
HS	243	0	26356	2467842
HS	242	0	26509	2494351
HS	241	0	26527	2520878
HS	240	0	26428	2547306
HS	239	0	26621	2573927
HS	238	0	26092	2600019
HS	237	0	26549	2626568
HS	236	0	26115	2652683
HS	235	0	26470	2679153
HS	234	0	26315	2705468
HS	233	0	26251	2731719
HS	232	0	26172	2757891
HS	231	0	25917	2783808
HS	230	0	26038	2809846
HS	229	0	26030	2835876
HS	228	0	25990	2861866
HS	227	0	25804	2887670
HS	226	0	25853	2913523
HS	225	0	25472	2938995
HS	224	0	25767	2964762
HS	223	0	25256	2990018
HS	222	0	25388	3015406
HS	221	0	25337	3040743
HS	220	0	24708	3065451
HS	219	0	24899	3090350
HS	218	0	24610	3114960
HS	217	0	24125	3139085
HS	216	0	24091	3163176
HS	215	0	23957	3187133
HS	214	0	23605	3210738
HS	213	0	23682	3234420
HS	212	0	23254	3257674
HS	211	0	23184	3280858
HS	210	0	23082	3303940
HS	209	0	23013	3326953
HS	208	0	22702	3349655
HS	207	0	22726	3372381
HS	206	0	22101	3394482
HS	205	0	21986	3416468
HS	204	0	21454	3437922
HS	203	0	21285	3459207
HS	202	0	20835	3480042
HS	201	0	20748	3500790
HS	200	0	20507	3521297
HS	199	0	20181	3541478
HS	198	0	19793	3561271
HS	197	0	19458	3580729
HS	196	0	19305	3600034
HS	195	0	18963	3618997
HS	194	0	18584	3637581
HS	193	0	17922	3655503
HS	192	0	17961	3673464
HS	191	0	17696	3691160
HS	190	0	17086	3708246
HS	189	0	16606	3724852
HS	188	0	16794	3741646
HS	187	0	16437	3758083
HS	186	0	16024	3774107
HS	185	0	16028	3790135
HS	184	0	15442	3805577
HS	183	0	15151	3820728
HS	182	0	14739	3835467
HS	181	0	14479	3849946
HS	180	0	14059	3864005
HS	179	0	14042	3878047
HS	178	0	13662	3891709
HS	177	0	13442	3905151
HS	176	0	13261	3918412
HS	175	0	13169	3931581
HS	174	0	12612	3944193
HS	173	0	12171	3956364
HS	172	0	12029	3968393
HS	171	0	11696	3980089
HS	170	0	11250	3991339
HS	169	0	10815	4002154
HS	168	0	10320	4012474
HS	167	0	10301	4022775
HS	166	0	9998	4032773
HS	165	0	9489	4042262
HS	164	0	9202	4051464
HS	163	0	8982	4060446
HS	162	0	8699	4069145
HS	161	0	8363	4077508
HS	160	0	8027	4085535
HS	159	0	7716	4093251
HS	158	0	7512	4100763
HS	157	0	7331	4108094
HS	156	0	6975	4115069
HS	155	0	6812	4121881
HS	154	0	6489	4128370
HS	153	0	6254	4134624
HS	152	0	5998	4140622
HS	151	0	5708	4146330
HS	150	0	5535	4151865
HS	149	0	5369	4157234
HS	148	0	5035	4162269
HS	147	0	4825	4167094
HS	146	0	4658	4171752
HS	145	0	4379	4176131
HS	144	0	4231	4180362
HS	143	0	4013	4184375
HS	142	0	3831	4188206
HS	141	0	3597	4191803
HS	140	0	3387	4195190
HS	139	0	3276	4198466
HS	138	0	2884	4201350
HS	137	0	2817	4204167
HS	136	0	2776	4206943
HS	135	0	2505	4209448
HS	134	0	2499	4211947
HS	133	0	2358	4214305
HS	132	0	2213	4216518
HS	131	0	2136	4218654
HS	130	0	1929	4220583
HS	129	0	1934	4222517
HS	128	0	1735	4224252
HS	127	0	1595	4225847
HS	126	0	1498	4227345
HS	125	0	1493	4228838
HS	124	0	1392	4230230
HS	123	0	1256	4231486
HS	122	0	1127	4232613
HS	121	0	1064	4233677
HS	120	0	1021	4234698
HS	119	0	998	4235696
HS	118	0	950	4236646
HS	117	0	874	4237520
HS	116	0	825	4238345
HS	115	0	748	4239093
HS	114	0	815	4239908
HS	113	0	697	4240605
HS	112	0	662	4241267
HS	111	0	622	4241889
HS	110	0	550	4242439
HS	109	0	513	4242952
HS	108	0	539	4243491
HS	107	0	476	4243967
HS	106	0	461	4244428
HS	105	0	442	4244870
HS	104	0	371	4245241
HS	103	0	376	4245617
HS	102	0	363	4245980
HS	101	0	357	4246337
HS	100	0	291	4246628
HS	99	0	275	4246903
HS	98	0	290	4247193
HS	97	0	237	4247430
HS	96	0	213	4247643
HS	95	0	169	4247812
HS	94	0	188	4248000
HS	93	0	186	4248186
HS	92	0	160	4248346
HS	91	0	150	4248496
HS	90	0	159	4248655
HS	89	0	139	4248794
HS	88	0	126	4248920
HS	87	0	114	4249034
HS	86	0	116	4249150
HS	85	0	137	4249287
HS	84	0	144	4249431
HS	83	0	105	4249536
HS	82	0	93	4249629
HS	81	0	83	4249712
HS	80	0	82	4249794
HS	79	0	85	4249879
HS	78	0	82	4249961
HS	77	0	68	4250029
HS	76	0	76	4250105
HS	75	0	77	4250182
HS	74	0	58	4250240
HS	73	0	64	4250304
HS	72	0	62	4250366
HS	71	0	63	4250429
HS	70	0	48	4250477
HS	69	0	53	4250530
HS	68	0	51	4250581
HS	67	0	68	4250649
HS	66	0	70	4250719
HS	65	0	78	4250797
HS	64	0	103	4250900
HS	63	0	108	4251008
HS	62	0	95	4251103
HS	61	0	91	4251194
HS	60	0	114	4251308
HS	59	0	143	4251451
HS	58	0	148	4251599
HS	57	0	160	4251759
HS	56	0	134	4251893
HS	55	0	144	4252037
HS	54	0	142	4252179
HS	53	0	161	4252340
HS	52	0	175	4252515
HS	51	0	195	4252710
HS	50	0	236	4252946
HS	49	0	228	4253174
HS	48	0	302	4253476
HS	47	0	325	4253801
HS	46	0	335	4254136
HS	45	0	410	4254546
HS	44	0	493	4255039
HS	43	0	640	4255679
HS	42	0	644	4256323
HS	41	0	710	4257033
HS	40	0	854	4257887
HS	39	0	941	4258828
HS	38	0	1041	4259869
HS	37	0	1196	4261065
HS	36	0	1334	4262399
HS	35	0	1417	4263816
HS	34	0	1808	4265624
HS	33	0	1827	4267451
HS	32	0	2277	4269728
HS	31	0	2611	4272339
HS	30	0	3035	4275374
HS	29	0	3313	4278687
HS	28	0	3689	4282376
HS	27	0	4495	4286871
HS	26	0	4865	4291736
HS	25	0	5780	4297516
HS	24	0	6541	4304057
HS	23	0	7730	4311787
HS	22	0	9317	4321104
HS	21	0	10642	4331746
HS	20	0	12668	4344414
HS	19	0	14168	4358582
HS	18	0	16835	4375417
HS	17	0	20193	4395610
HS	16	0	24438	4420048
HS	15	0	29671	4449719
HS	14	0	35180	4484899
HS	13	0	43270	4528169
HS	12	0	55025	4583194
HS	11	0	68813	4652007
HS	10	0	88200	4740207
HS	9	0	119949	4860156
HS	8	0	168477	5028633
HS	7	0	253137	5281770
HS	6	0	415839	5697609
HS	5	0	763944	6461553
HS	4	0	1596545	8058098
HS	3	0	3909219	11967317
HS	2	0	12664022	24631339
HS	1	0	0	24631339
HS	0	0	0	24631339
