HS	1023	0	5158	5158
HS	1022	0	4	5162
HS	1021	0	9	5171
HS	1020	0	12	5183
HS	1019	0	7	5190
HS	1018	0	8	5198
HS	1017	0	7	5205
HS	1016	0	6	5211
HS	1015	0	11	5222
HS	1014	0	9	5231
HS	1013	0	8	5239
HS	1012	0	8	5247
HS	1011	0	4	5251
HS	1010	0	6	5257
HS	1009	0	3	5260
HS	1008	0	9	5269
HS	1007	0	3	5272
HS	1006	0	7	5279
HS	1005	0	5	5284
HS	1004	0	5	5289
HS	1003	0	6	5295
HS	1002	0	4	5299
HS	1001	0	13	5312
HS	1000	0	3	5315
HS	999	0	10	5325
HS	998	0	5	5330
HS	997	0	14	5344
HS	996	0	3	5347
HS	995	0	6	5353
HS	994	0	4	5357
HS	993	0	3	5360
HS	992	0	6	5366
HS	991	0	7	5373
HS	990	0	2	5375
HS	989	0	3	5378
HS	988	0	4	5382
HS	987	0	2	5384
HS	986	0	4	5388
HS	985	0	4	5392
HS	984	0	4	5396
HS	983	0	5	5401
HS	982	0	4	5405
HS	981	0	5	5410
HS	980	0	5	5415
HS	979	0	3	5418
HS	978	0	6	5424
HS	977	0	0	5424
HS	976	0	4	5428
HS	975	0	4	5432
HS	974	0	3	5435
HS	973	0	5	5440
HS	972	0	4	5444
HS	971	0	3	5447
HS	970	0	3	5450
HS	969	0	2	5452
HS	968	0	1	5453
HS	967	0	5	5458
HS	966	0	0	5458
HS	965	0	4	5462
HS	964	0	8	5470
HS	963	0	2	5472
HS	962	0	5	5477
HS	961	0	8	5485
HS	960	0	3	5488
HS	959	0	6	5494
HS	958	0	6	5500
HS	957	0	6	5506
HS	956	0	4	5510
HS	955	0	6	5516
HS	954	0	2	5518
HS	953	0	2	5520
HS	952	0	5	5525
HS	951	0	4	5529
HS	950	0	2	5531
HS	949	0	1	5532
HS	948	0	2	5534
HS	947	0	4	5538
HS	946	0	2	5540
HS	945	0	3	5543
HS	944	0	2	5545
HS	943	0	3	5548
HS	942	0	0	5548
HS	941	0	3	5551
HS	940	0	2	5553
HS	939	0	2	5555
HS	938	0	1	5556
HS	937	0	4	5560
HS	936	0	2	5562
HS	935	0	2	5564
HS	934	0	4	5568
HS	933	0	3	5571
HS	932	0	4	5575
HS	931	0	3	5578
HS	930	0	2	5580
HS	929	0	1	5581
HS	928	0	3	5584
HS	927	0	1	5585
HS	926	0	3	5588
HS	925	0	4	5592
HS	924	0	3	5595
HS	923	0	2	5597
HS	922	0	2	5599
HS	921	0	2	5601
HS	920	0	4	5605
HS	919	0	3	5608
HS	918	0	2	5610
HS	917	0	3	5613
HS	916	0	2	5615
HS	915	0	5	5620
HS	914	0	3	5623
HS	913	0	6	5629
HS	912	0	3	5632
HS	911	0	3	5635
HS	910	0	1	5636
HS	909	0	5	5641
HS	908	0	2	5643
HS	907	0	2	5645
HS	906	0	1	5646
HS	905	0	2	5648
HS	904	0	4	5652
HS	903	0	1	5653
HS	902	0	0	5653
HS	901	0	2	5655
HS	900	0	2	5657
HS	899	0	2	5659
HS	898	0	2	5661
HS	897	0	4	5665
HS	896	0	1	5666
HS	895	0	0	5666
HS	894	0	1	5667
HS	893	0	0	5667
HS	892	0	2	5669
HS	891	0	1	5670
HS	890	0	0	5670
HS	889	0	2	5672
HS	888	0	2	5674
HS	887	0	1	5675
HS	886	0	1	5676
HS	885	0	4	5680
HS	884	0	0	5680
HS	883	0	2	5682
HS	882	0	2	5684
HS	881	0	0	5684
HS	880	0	1	5685
HS	879	0	4	5689
HS	878	0	2	5691
HS	877	0	3	5694
HS	876	0	1	5695
HS	875	0	1	5696
HS	874	0	3	5699
HS	873	0	2	5701
HS	872	0	3	5704
HS	871	0	2	5706
HS	870	0	5	5711
HS	869	0	2	5713
HS	868	0	1	5714
HS	867	0	4	5718
HS	866	0	5	5723
HS	865	0	5	5728
HS	864	0	9	5737
HS	863	0	1	5738
HS	862	0	4	5742
HS	861	0	1	5743
HS	860	0	7	5750
HS	859	0	3	5753
HS	858	0	9	5762
HS	857	0	1	5763
HS	856	0	4	5767
HS	855	0	3	5770
HS	854	0	5	5775
HS	853	0	4	5779
HS	852	0	2	5781
HS	851	0	3	5784
HS	850	0	2	5786
HS	849	0	7	5793
HS	848	0	1	5794
HS	847	0	3	5797
HS	846	0	1	5798
HS	845	0	2	5800
HS	844	0	1	5801
HS	843	0	1	5802
HS	842	0	5	5807
HS	841	0	7	5814
HS	840	0	2	5816
HS	839	0	4	5820
HS	838	0	4	5824
HS	837	0	2	5826
HS	836	0	3	5829
HS	835	0	3	5832
HS	834	0	3	5835
HS	833	0	2	5837
HS	832	0	3	5840
HS	831	0	4	5844
HS	830	0	8	5852
HS	829	0	4	5856
HS	828	0	4	5860
HS	827	0	2	5862
HS	826	0	11	5873
HS	825	0	5	5878
HS	824	0	4	5882
HS	823	0	8	5890
HS	822	0	8	5898
HS	821	0	3	5901
HS	820	0	7	5908
HS	819	0	4	5912
HS	818	0	5	5917
HS	817	0	5	5922
HS	816	0	3	5925
HS	815	0	3	5928
HS	814	0	1	5929
HS	813	0	1	5930
HS	812	0	6	5936
HS	811	0	8	5944
HS	810	0	6	5950
HS	809	0	5	5955
HS	808	0	5	5960
HS	807	0	6	5966
HS	806	0	2	5968
HS	805	0	6	5974
HS	804	0	5	5979
HS	803	0	1	5980
HS	802	0	3	5983
HS	801	0	2	5985
HS	800	0	2	5987
HS	799	0	6	5993
HS	798	0	12	6005
HS	797	0	8	6013
HS	796	0	5	6018
HS	795	0	0	6018
HS	794	0	9	6027
HS	793	0	6	6033
HS	792	0	4	6037
HS	791	0	6	6043
HS	790	0	3	6046
HS	789	0	4	6050
HS	788	0	3	6053
HS	787	0	3	6056
HS	786	0	1	6057
HS	785	0	3	6060
HS	784	0	7	6067
HS	783	0	1	6068
HS	782	0	1	6069
HS	781	0	3	6072
HS	780	0	3	6075
HS	779	0	6	6081
HS	778	0	5	6086
HS	777	0	6	6092
HS	776	0	5	6097
HS	775	0	4	6101
HS	774	0	2	6103
HS	773	0	4	6107
HS	772	0	6	6113
HS	771	0	9	6122
HS	770	0	9	6131
HS	769	0	5	6136
HS	768	0	6	6142
HS	767	0	6	6148
HS	766	0	13	6161
HS	765	0	8	6169
HS	764	0	7	6176
HS	763	0	7	6183
HS	762	0	4	6187
HS	761	0	5	6192
HS	760	0	6	6198
HS	759	0	10	6208
HS	758	0	8	6216
HS	757	0	7	6223
HS	756	0	5	6228
HS	755	0	6	6234
HS	754	0	7	6241
HS	753	0	5	6246
HS	752	0	7	6253
HS	751	0	6	6259
HS	750	0	3	6262
HS	749	0	9	6271
HS	748	0	6	6277
HS	747	0	4	6281
HS	746	0	5	6286
HS	745	0	10	6296
HS	744	0	15	6311
HS	743	0	14	6325
HS	742	0	8	6333
HS	741	0	8	6341
HS	740	0	10	6351
HS	739	0	10	6361
HS	738	0	7	6368
HS	737	0	6	6374
HS	736	0	15	6389
HS	735	0	14	6403
HS	734	0	14	6417
HS	733	0	13	6430
HS	732	0	8	6438
HS	731	0	11	6449
HS	730	0	11	6460
HS	729	0	18	6478
HS	728	0	22	6500
HS	727	0	16	6516
HS	726	0	13	6529
HS	725	0	26	6555
HS	724	0	18	6573
HS	723	0	21	6594
HS	722	0	20	6614
HS	721	0	13	6627
HS	720	0	21	6648
HS	719	0	20	6668
HS	718	0	21	6689
HS	717	0	15	6704
HS	716	0	18	6722
HS	715	0	25	6747
HS	714	0	22	6769
HS	713	0	19	6788
HS	712	0	20	6808
HS	711	0	22	6830
HS	710	0	19	6849
HS	709	0	14	6863
HS	708	0	23	6886
HS	707	0	16	6902
HS	706	0	23	6925
HS	705	0	10	6935
HS	704	0	20	6955
HS	703	0	21	6976
HS	702	0	32	7008
HS	701	0	30	7038
HS	700	0	23	7061
HS	699	0	15	7076
HS	698	0	19	7095
HS	697	0	24	7119
HS	696	0	30	7149
HS	695	0	18	7167
HS	694	0	26	7193
HS	693	0	35	7228
HS	692	0	29	7257
HS	691	0	28	7285
HS	690	0	30	7315
HS	689	0	37	7352
HS	688	0	32	7384
HS	687	0	30	7414
HS	686	0	35	7449
HS	685	0	39	7488
HS	684	0	29	7517
HS	683	0	45	7562
HS	682	0	42	7604
HS	681	0	31	7635
HS	680	0	35	7670
HS	679	0	34	7704
HS	678	0	24	7728
HS	677	0	37	7765
HS	676	0	27	7792
HS	675	0	33	7825
HS	674	0	35	7860
HS	673	0	29	7889
HS	672	0	41	7930
HS	671	0	44	7974
HS	670	0	45	8019
HS	669	0	43	8062
HS	668	0	31	8093
HS	667	0	31	8124
HS	666	0	37	8161
HS	665	0	30	8191
HS	664	0	46	8237
HS	663	0	45	8282
HS	662	0	30	8312
HS	661	0	41	8353
HS	660	0	36	8389
HS	659	0	38	8427
HS	658	0	46	8473
HS	657	0	38	8511
HS	656	0	50	8561
HS	655	0	47	8608
HS	654	0	37	8645
HS	653	0	49	8694
HS	652	0	52	8746
HS	651	0	32	8778
HS	650	0	48	8826
HS	649	0	49	8875
HS	648	0	48	8923
HS	647	0	52	8975
HS	646	0	53	9028
HS	645	0	59	9087
HS	644	0	45	9132
HS	643	0	47	9179
HS	642	0	40	9219
HS	641	0	65	9284
HS	640	0	58	9342
HS	639	0	50	9392
HS	638	0	54	9446
HS	637	0	43	9489
HS	636	0	44	9533
HS	635	0	55	9588
HS	634	0	51	9639
HS	633	0	57	9696
HS	632	0	56	9752
HS	631	0	51	9803
HS	630	0	41	9844
HS	629	0	49	9893
HS	628	0	52	9945
HS	627	0	47	9992
HS	626	0	60	10052
HS	625	0	51	10103
HS	624	0	71	10174
HS	623	0	69	10243
HS	622	0	56	10299
HS	621	0	60	10359
HS	620	0	54	10413
HS	619	0	60	10473
HS	618	0	54	10527
HS	617	0	72	10599
HS	616	0	63	10662
HS	615	0	71	10733
HS	614	0	57	10790
HS	613	0	69	10859
HS	612	0	54	10913
HS	611	0	80	10993
HS	610	0	64	11057
HS	609	0	90	11147
HS	608	0	69	11216
HS	607	0	89	11305
HS	606	0	81	11386
HS	605	0	70	11456
HS	604	0	75	11531
HS	603	0	85	11616
HS	602	0	53	11669
HS	601	0	92	11761
HS	600	0	85	11846
HS	599	0	85	11931
HS	598	0	92	12023
HS	597	0	83	12106
HS	596	0	81	12187
HS	595	0	80	12267
HS	594	0	82	12349
HS	593	0	93	12442
HS	592	0	83	12525
HS	591	0	116	12641
HS	590	0	88	12729
HS	589	0	91	12820
HS	588	0	99	12919
HS	587	0	97	13016
HS	586	0	97	13113
HS	585	0	95	13208
HS	584	0	119	13327
HS	583	0	92	13419
HS	582	0	119	13538
HS	581	0	116	13654
HS	580	0	96	13750
HS	579	0	123	13873
HS	578	0	109	13982
HS	577	0	103	14085
HS	576	0	94	14179
HS	575	0	96	14275
HS	574	0	134	14409
HS	573	0	136	14545
HS	572	0	122	14667
HS	571	0	124	14791
HS	570	0	127	14918
HS	569	0	103	15021
HS	568	0	118	15139
HS	567	0	109	15248
HS	566	0	115	15363
HS	565	0	127	15490
HS	564	0	131	15621
HS	563	0	137	15758
HS	562	0	129	15887
HS	561	0	122	16009
HS	560	0	132	16141
HS	559	0	126	16267
HS	558	0	152	16419
HS	557	0	138	16557
HS	556	0	136	16693
HS	555	0	148	16841
HS	554	0	146	16987
HS	553	0	171	17158
HS	552	0	150	17308
HS	551	0	152	17460
HS	550	0	140	17600
HS	549	0	152	17752
HS	548	0	148	17900
HS	547	0	160	18060
HS	546	0	176	18236
HS	545	0	181	18417
HS	544	0	189	18606
HS	543	0	179	18785
HS	542	0	157	18942
HS	541	0	197	19139
HS	540	0	176	19315
HS	539	0	150	19465
HS	538	0	194	19659
HS	537	0	165	19824
HS	536	0	192	20016
HS	535	0	183	20199
HS	534	0	200	20399
HS	533	0	172	20571
HS	532	0	189	20760
HS	531	0	192	20952
HS	530	0	211	21163
HS	529	0	228	21391
HS	528	0	185	21576
HS	527	0	192	21768
HS	526	0	192	21960
HS	525	0	203	22163
HS	524	0	200	22363
HS	523	0	233	22596
HS	522	0	210	22806
HS	521	0	244	23050
HS	520	0	215	23265
HS	519	0	222	23487
HS	518	0	207	23694
HS	517	0	223	23917
HS	516	0	204	24121
HS	515	0	210	24331
HS	514	0	229	24560
HS	513	0	215	24775
HS	512	0	228	25003
HS	511	0	202	25205
HS	510	0	209	25414
HS	509	0	229	25643
HS	508	0	210	25853
HS	507	0	238	26091
HS	506	0	205	26296
HS	505	0	250	26546
HS	504	0	225	26771
HS	503	0	204	26975
HS	502	0	275	27250
HS	501	0	229	27479
HS	500	0	264	27743
HS	499	0	248	27991
HS	498	0	270	28261
HS	497	0	281	28542
HS	496	0	277	28819
HS	495	0	264	29083
HS	494	0	255	29338
HS	493	0	266	29604
HS	492	0	270	29874
HS	491	0	245	30119
HS	490	0	254	30373
HS	489	0	272	30645
HS	488	0	306	30951
HS	487	0	273	31224
HS	486	0	287	31511
HS	485	0	279	31790
HS	484	0	277	32067
HS	483	0	316	32383
HS	482	0	286	32669
HS	481	0	315	32984
HS	480	0	320	33304
HS	479	0	337	33641
HS	478	0	338	33979
HS	477	0	337	34316
HS	476	0	390	34706
HS	475	0	361	35067
HS	474	0	348	35415
HS	473	0	375	35790
HS	472	0	358	36148
HS	471	0	370	36518
HS	470	0	365	36883
HS	469	0	400	37283
HS	468	0	377	37660
HS	467	0	398	38058
HS	466	0	400	38458
HS	465	0	417	38875
HS	464	0	410	39285
HS	463	0	387	39672
HS	462	0	395	40067
HS	461	0	396	40463
HS	460	0	399	40862
HS	459	0	395	41257
HS	458	0	403	41660
HS	457	0	404	42064
HS	456	0	431	42495
HS	455	0	426	42921
HS	454	0	454	43375
HS	453	0	441	43816
HS	452	0	451	44267
HS	451	0	469	44736
HS	450	0	436	45172
HS	449	0	450	45622
HS	448	0	516	46138
HS	447	0	488	46626
HS	446	0	518	47144
HS	445	0	511	47655
HS	444	0	536	48191
HS	443	0	531	48722
HS	442	0	525	49247
HS	441	0	568	49815
HS	440	0	572	50387
HS	439	0	515	50902
HS	438	0	641	51543
HS	437	0	626	52169
HS	436	0	611	52780
HS	435	0	656	53436
HS	434	0	626	54062
HS	433	0	630	54692
HS	432	0	605	55297
HS	431	0	645	55942
HS	430	0	677	56619
HS	429	0	676	57295
HS	428	0	649	57944
HS	427	0	683	58627
HS	426	0	713	59340
HS	425	0	723	60063
HS	424	0	677	60740
HS	423	0	728	61468
HS	422	0	688	62156
HS	421	0	752	62908
HS	420	0	759	63667
HS	419	0	778	64445
HS	418	0	777	65222
HS	417	0	794	66016
HS	416	0	800	66816
HS	415	0	785	67601
HS	414	0	801	68402
HS	413	0	751	69153
HS	412	0	807	69960
HS	411	0	898	70858
HS	410	0	818	71676
HS	409	0	895	72571
HS	408	0	870	73441
HS	407	0	867	74308
HS	406	0	900	75208
HS	405	0	921	76129
HS	404	0	922	77051
HS	403	0	919	77970
HS	402	0	931	78901
HS	401	0	959	79860
HS	400	0	933	80793
HS	399	0	959	81752
HS	398	0	1048	82800
HS	397	0	927	83727
HS	396	0	968	84695
HS	395	0	969	85664
HS	394	0	952	86616
HS	393	0	1054	87670
HS	392	0	1030	88700
HS	391	0	1028	89728
HS	390	0	1055	90783
HS	389	0	1078	91861
HS	388	0	1093	92954
HS	387	0	1040	93994
HS	386	0	1116	95110
HS	385	0	1204	96314
HS	384	0	1181	97495
HS	383	0	1140	98635
HS	382	0	1176	99811
HS	381	0	1236	101047
HS	380	0	1293	102340
HS	379	0	1299	103639
HS	378	0	1255	104894
HS	377	0	1256	106150
HS	376	0	1223	107373
HS	375	0	1222	108595
HS	374	0	1279	109874
HS	373	0	1314	111188
HS	372	0	1304	112492
HS	371	0	1256	113748
HS	370	0	1319	115067
HS	369	0	1332	116399
HS	368	0	1358	117757
HS	367	0	1331	119088
HS	366	0	1355	120443
HS	365	0	1430	121873
HS	364	0	1387	123260
HS	363	0	1545	124805
HS	362	0	1475	126280
HS	361	0	1468	127748
HS	360	0	1565	129313
HS	359	0	1567	130880
HS	358	0	1591	132471
HS	357	0	1562	134033
HS	356	0	1522	135555
HS	355	0	1523	137078
HS	354	0	1659	138737
HS	353	0	1673	140410
HS	352	0	1637	142047
HS	351	0	1617	143664
HS	350	0	1705	145369
HS	349	0	1699	147068
HS	348	0	1617	148685
HS	347	0	1730	150415
HS	346	0	1743	152158
HS	345	0	1693	153851
HS	344	0	1748	155599
HS	343	0	1751	157350
HS	342	0	1732	159082
HS	341	0	1764	160846
HS	340	0	1842	162688
HS	339	0	1813	164501
HS	338	0	1853	166354
HS	337	0	1942	168296
HS	336	0	2104	170400
HS	335	0	1964	172364
HS	334	0	2009	174373
HS	333	0	2026	176399
HS	332	0	2006	178405
HS	331	0	2070	180475
HS	330	0	2062	182537
HS	329	0	2082	184619
HS	328	0	2224	186843
HS	327	0	2211	189054
HS	326	0	2228	191282
HS	325	0	2244	193526
HS	324	0	2277	195803
HS	323	0	2265	198068
HS	322	0	2345	200413
HS	321	0	2311	202724
HS	320	0	2481	205205
HS	319	0	2303	207508
HS	318	0	2427	209935
HS	317	0	2499	212434
HS	316	0	2570	215004
HS	315	0	2471	217475
HS	314	0	2625	220100
HS	313	0	2629	222729
HS	312	0	2753	225482
HS	311	0	2838	228320
HS	310	0	2904	231224
HS	309	0	2855	234079
HS	308	0	3003	237082
HS	307	0	3013	240095
HS	306	0	3010	243105
HS	305	0	3159	246264
HS	304	0	3131	249395
HS	303	0	3156	252551
HS	302	0	3262	255813
HS	301	0	3416	259229
HS	300	0	3388	262617
HS	299	0	3462	266079
HS	298	0	3647	269726
HS	297	0	3558	273284
HS	296	0	3734	277018
HS	295	0	3867	280885
HS	294	0	3883	284768
HS	293	0	3977	288745
HS	292	0	4031	292776
HS	291	0	4234	297010
HS	290	0	4320	301330
HS	289	0	4429	305759
HS	288	0	4499	310258
HS	287	0	4546	314804
HS	286	0	4652	319456
HS	285	0	4695	324151
HS	284	0	4805	328956
HS	283	0	5046	334002
HS	282	0	5218	339220
HS	281	0	5291	344511
HS	280	0	5111	349622
HS	279	0	5544	355166
HS	278	0	5855	361021
HS	277	0	5847	366868
HS	276	0	5930	372798
HS	275	0	6201	378999
HS	274	0	6371	385370
HS	273	0	6595	391965
HS	272	0	6754	398719
HS	271	0	6905	405624
HS	270	0	7310	412934
HS	269	0	7335	420269
HS	268	0	7470	427739
HS	267	0	7682	435421
HS	266	0	7875	443296
HS	265	0	8325	451621
HS	264	0	8579	460200
HS	263	0	8852	469052
HS	262	0	8898	477950
HS	261	0	9018	486968
HS	260	0	9157	496125
HS	259	0	9655	505780
HS	258	0	9778	515558
HS	257	0	10196	525754
HS	256	0	10592	536346
HS	255	0	10783	547129
HS	254	0	11206	558335
HS	253	0	11454	569789
HS	252	0	11741	581530
HS	251	0	12522	594052
HS	250	0	12633	606685
HS	249	0	13157	619842
HS	248	0	13239	633081
HS	247	0	13783	646864
HS	246	0	14371	661235
HS	245	0	14844	676079
HS	244	0	15027	691106
HS	243	0	15505	706611
HS	242	0	15944	722555
HS	241	0	16581	739136
HS	240	0	16986	756122
HS	239	0	17630	773752
HS	238	0	17792	791544
HS	237	0	18465	810009
HS	236	0	18970	828979
HS	235	0	19270	848249
HS	234	0	19834	868083
HS	233	0	20832	888915
HS	232	0	21187	910102
HS	231	0	21902	932004
HS	230	0	22035	954039
HS	229	0	22963	977002
HS	228	0	23018	1000020
HS	227	0	23894	1023914
HS	226	0	24350	1048264
HS	225	0	25170	1073434
HS	224	0	25719	1099153
HS	223	0	26080	1125233
HS	222	0	26530	1151763
HS	221	0	27239	1179002
HS	220	0	27958	1206960
HS	219	0	28123	1235083
HS	218	0	28848	1263931
HS	217	0	29588	1293519
HS	216	0	30123	1323642
HS	215	0	30729	1354371
HS	214	0	31466	1385837
HS	213	0	32326	1418163
HS	212	0	32846	1451009
HS	211	0	33519	1484528
HS	210	0	34577	1519105
HS	209	0	35081	1554186
HS	208	0	36172	1590358
HS	207	0	36818	1627176
HS	206	0	37379	1664555
HS	205	0	37999	1702554
HS	204	0	38297	1740851
HS	203	0	38560	1779411
HS	202	0	39365	1818776
HS	201	0	39998	1858774
HS	200	0	40284	1899058
HS	199	0	41194	1940252
HS	198	0	41593	1981845
HS	197	0	41765	2023610
HS	196	0	42078	2065688
HS	195	0	42958	2108646
HS	194	0	43221	2151867
HS	193	0	44120	2195987
HS	192	0	44186	2240173
HS	191	0	44397	2284570
HS	190	0	44718	2329288
HS	189	0	45521	2374809
HS	188	0	45686	2420495
HS	187	0	46359	2466854
HS	186	0	46781	2513635
HS	185	0	46998	2560633
HS	184	0	48033	2608666
HS	183	0	48159	2656825
HS	182	0	48122	2704947
HS	181	0	49252	2754199
HS	180	0	49053	2803252
HS	179	0	49171	2852423
HS	178	0	49822	2902245
HS	177	0	49451	2951696
HS	176	0	49259	3000955
HS	175	0	49847	3050802
HS	174	0	49103	3099905
HS	173	0	49260	3149165
HS	172	0	49457	3198622
HS	171	0	49183	3247805
HS	170	0	49423	3297228
HS	169	0	49575	3346803
HS	168	0	49423	3396226
HS	167	0	49472	3445698
HS	166	0	49346	3495044
HS	165	0	49245	3544289
HS	164	0	48561	3592850
HS	163	0	48144	3640994
HS	162	0	47567	3688561
HS	161	0	47533	3736094
HS	160	0	47155	3783249
HS	159	0	47030	3830279
HS	158	0	46251	3876530
HS	157	0	46000	3922530
HS	156	0	45115	3967645
HS	155	0	45016	4012661
HS	154	0	44343	4057004
HS	153	0	43561	4100565
HS	152	0	43032	4143597
HS	151	0	42583	4186180
HS	150	0	42089	4228269
HS	149	0	41999	4270268
HS	148	0	41202	4311470
HS	147	0	40253	4351723
HS	146	0	39889	4391612
HS	145	0	39396	4431008
HS	144	0	38406	4469414
HS	143	0	37927	4507341
HS	142	0	36961	4544302
HS	141	0	36156	4580458
HS	140	0	35607	4616065
HS	139	0	34996	4651061
HS	138	0	34157	4685218
HS	137	0	33355	4718573
HS	136	0	32305	4750878
HS	135	0	31754	4782632
HS	134	0	31235	4813867
HS	133	0	30481	4844348
HS	132	0	29764	4874112
HS	131	0	29110	4903222
HS	130	0	28271	4931493
HS	129	0	27768	4959261
HS	128	0	26604	4985865
HS	127	0	25936	5011801
HS	126	0	25419	5037220
HS	125	0	24602	5061822
HS	124	0	23651	5085473
HS	123	0	22664	5108137
HS	122	0	21780	5129917
HS	121	0	21423	5151340
HS	120	0	20389	5171729
HS	119	0	19617	5191346
HS	118	0	19033	5210379
HS	117	0	18131	5228510
HS	116	0	17937	5246447
HS	115	0	16870	5263317
HS	114	0	16242	5279559
HS	113	0	15735	5295294
HS	112	0	14849	5310143
HS	111	0	14150	5324293
HS	110	0	13613	5337906
HS	109	0	12838	5350744
HS	108	0	12534	5363278
HS	107	0	11758	5375036
HS	106	0	11203	5386239
HS	105	0	10849	5397088
HS	104	0	10288	5407376
HS	103	0	9891	5417267
HS	102	0	9539	5426806
HS	101	0	9400	5436206
HS	100	0	8984	5445190
HS	99	0	8305	5453495
HS	98	0	8006	5461501
HS	97	0	7716	5469217
HS	96	0	7106	5476323
HS	95	0	6745	5483068
HS	94	0	6483	5489551
HS	93	0	6143	5495694
HS	92	0	5845	5501539
HS	91	0	5534	5507073
HS	90	0	5204	5512277
HS	89	0	4795	5517072
HS	88	0	4733	5521805
HS	87	0	4431	5526236
HS	86	0	4097	5530333
HS	85	0	4063	5534396
HS	84	0	3832	5538228
HS	83	0	3627	5541855
HS	82	0	3349	5545204
HS	81	0	3041	5548245
HS	80	0	2768	5551013
HS	79	0	2692	5553705
HS	78	0	2421	5556126
HS	77	0	2232	5558358
HS	76	0	2133	5560491
HS	75	0	1937	5562428
HS	74	0	1788	5564216
HS	73	0	1674	5565890
HS	72	0	1571	5567461
HS	71	0	1517	5568978
HS	70	0	1425	5570403
HS	69	0	1383	5571786
HS	68	0	1336	5573122
HS	67	0	1210	5574332
HS	66	0	1161	5575493
HS	65	0	1052	5576545
HS	64	0	918	5577463
HS	63	0	876	5578339
HS	62	0	819	5579158
HS	61	0	732	5579890
HS	60	0	672	5580562
HS	59	0	655	5581217
HS	58	0	525	5581742
HS	57	0	524	5582266
HS	56	0	431	5582697
HS	55	0	402	5583099
HS	54	0	427	5583526
HS	53	0	379	5583905
HS	52	0	383	5584288
HS	51	0	378	5584666
HS	50	0	309	5584975
HS	49	0	325	5585300
HS	48	0	333	5585633
HS	47	0	344	5585977
HS	46	0	303	5586280
HS	45	0	328	5586608
HS	44	0	320	5586928
HS	43	0	390	5587318
HS	42	0	380	5587698
HS	41	0	352	5588050
HS	40	0	368	5588418
HS	39	0	332	5588750
HS	38	0	391	5589141
HS	37	0	377	5589518
HS	36	0	441	5589959
HS	35	0	448	5590407
HS	34	0	504	5590911
HS	33	0	606	5591517
HS	32	0	577	5592094
HS	31	0	718	5592812
HS	30	0	850	5593662
HS	29	0	930	5594592
HS	28	0	1074	5595666
HS	27	0	1431	5597097
HS	26	0	1621	5598718
HS	25	0	1835	5600553
HS	24	0	2145	5602698
HS	23	0	2717	5605415
HS	22	0	3363	5608778
HS	21	0	3964	5612742
HS	20	0	4908	5617650
HS	19	0	5979	5623629
HS	18	0	7425	5631054
HS	17	0	8961	5640015
HS	16	0	11053	5651068
HS	15	0	14064	5665132
HS	14	0	17771	5682903
HS	13	0	22543	5705446
HS	12	0	28239	5733685
HS	11	0	37142	5770827
HS	10	0	48475	5819302
HS	9	0	66861	5886163
HS	8	0	95019	5981182
HS	7	0	136500	6117682
HS	6	0	212072	6329754
HS	5	0	367179	6696933
HS	4	0	746172	7443105
HS	3	0	2013080	9456185
HS	2	0	8433770	17889955
HS	1	0	0	17889955
HS	0	0	0	17889955
