CC	CT  kmer_occurrence    short_read_kmer_count  raw_input_kmer_count  adjusted_input_kmer_count
CC	FR  fpr_lower_bound    fpr_upper_bound
CC	ER  total_input_kmers  adjusted_error_kmers
CC	CV  coverage
CC	QV  raw_quality_value  adjusted_quality_value
CC
SQ	CP126089.1	5436505	5436475	5436444	67.35
CT	1023	65705	176658	176658.000
CT	1022	839	848	848.000
CT	1021	828	833	833.000
CT	1020	880	887	887.000
CT	1019	892	895	895.000
CT	1018	808	812	812.000
CT	1017	868	868	868.000
CT	1016	916	922	922.000
CT	1015	920	923	923.000
CT	1014	983	991	991.000
CT	1013	989	996	996.000
CT	1012	953	964	964.000
CT	1011	1051	1060	1060.000
CT	1010	1033	1042	1042.000
CT	1009	1043	1047	1047.000
CT	1008	1108	1116	1116.000
CT	1007	1057	1063	1063.000
CT	1006	1079	1088	1088.000
CT	1005	1101	1104	1104.000
CT	1004	1126	1133	1133.000
CT	1003	1181	1188	1188.000
CT	1002	1208	1210	1210.000
CT	1001	1161	1165	1165.000
CT	1000	1272	1274	1274.000
CT	999	1254	1255	1255.000
CT	998	1217	1219	1219.000
CT	997	1286	1288	1288.000
CT	996	1315	1317	1317.000
CT	995	1384	1386	1386.000
CT	994	1417	1417	1417.000
CT	993	1411	1413	1413.000
CT	992	1430	1434	1434.000
CT	991	1439	1441	1441.000
CT	990	1421	1421	1421.000
CT	989	1513	1513	1513.000
CT	988	1584	1584	1584.000
CT	987	1662	1664	1664.000
CT	986	1608	1608	1608.000
CT	985	1593	1595	1595.000
CT	984	1557	1558	1558.000
CT	983	1604	1606	1606.000
CT	982	1695	1697	1697.000
CT	981	1703	1703	1703.000
CT	980	1663	1664	1664.000
CT	979	1793	1794	1794.000
CT	978	1788	1790	1790.000
CT	977	1773	1773	1773.000
CT	976	1786	1787	1787.000
CT	975	1889	1889	1889.000
CT	974	1836	1837	1837.000
CT	973	1934	1933	1933.000
CT	972	1957	1958	1958.000
CT	971	1890	1890	1890.000
CT	970	2083	2083	2083.000
CT	969	2079	2079	2079.000
CT	968	2106	2107	2107.000
CT	967	2080	2080	2080.000
CT	966	2072	2072	2072.000
CT	965	2148	2150	2150.000
CT	964	2194	2197	2197.000
CT	963	2247	2248	2248.000
CT	962	2418	2417	2417.000
CT	961	2334	2334	2334.000
CT	960	2389	2391	2391.000
CT	959	2412	2413	2413.000
CT	958	2431	2431	2431.000
CT	957	2420	2419	2419.000
CT	956	2552	2555	2555.000
CT	955	2547	2548	2548.000
CT	954	2666	2667	2667.000
CT	953	2656	2658	2658.000
CT	952	2670	2670	2670.000
CT	951	2785	2787	2787.000
CT	950	2739	2740	2740.000
CT	949	2905	2906	2906.000
CT	948	2909	2911	2911.000
CT	947	2908	2909	2909.000
CT	946	3029	3030	3030.000
CT	945	3063	3066	3066.000
CT	944	3052	3051	3051.000
CT	943	3118	3119	3119.000
CT	942	3192	3190	3190.000
CT	941	3181	3182	3182.000
CT	940	3315	3316	3316.000
CT	939	3424	3427	3427.000
CT	938	3445	3447	3447.000
CT	937	3462	3461	3461.000
CT	936	3415	3416	3416.000
CT	935	3546	3548	3548.000
CT	934	3803	3805	3805.000
CT	933	3821	3816	3816.000
CT	932	3749	3750	3750.000
CT	931	3753	3755	3755.000
CT	930	3855	3854	3854.000
CT	929	3968	3971	3971.000
CT	928	4036	4035	4035.000
CT	927	4128	4130	4130.000
CT	926	4097	4096	4096.000
CT	925	4148	4150	4150.000
CT	924	4369	4372	4372.000
CT	923	4276	4280	4280.000
CT	922	4418	4418	4418.000
CT	921	4498	4501	4501.000
CT	920	4582	4583	4583.000
CT	919	4658	4660	4660.000
CT	918	4743	4744	4744.000
CT	917	4788	4791	4791.000
CT	916	4735	4737	4737.000
CT	915	4905	4905	4905.000
CT	914	5039	5042	5042.000
CT	913	5072	5074	5074.000
CT	912	5088	5087	5087.000
CT	911	5150	5150	5150.000
CT	910	5278	5279	5279.000
CT	909	5384	5385	5385.000
CT	908	5611	5611	5611.000
CT	907	5520	5520	5520.000
CT	906	5673	5673	5673.000
CT	905	5648	5647	5647.000
CT	904	5767	5769	5769.000
CT	903	5874	5875	5875.000
CT	902	5881	5881	5881.000
CT	901	6244	6240	6240.000
CT	900	6327	6327	6327.000
CT	899	6234	6238	6238.000
CT	898	6225	6226	6226.000
CT	897	6471	6472	6472.000
CT	896	6329	6328	6328.000
CT	895	6516	6514	6514.000
CT	894	6554	6553	6553.000
CT	893	6637	6637	6637.000
CT	892	6844	6843	6843.000
CT	891	6877	6877	6877.000
CT	890	6975	6974	6974.000
CT	889	7106	7106	7106.000
CT	888	7266	7267	7267.000
CT	887	7366	7361	7361.000
CT	886	7394	7396	7396.000
CT	885	7486	7484	7484.000
CT	884	7487	7488	7488.000
CT	883	7446	7446	7446.000
CT	882	7774	7777	7777.000
CT	881	7818	7818	7818.000
CT	880	7902	7902	7902.000
CT	879	8097	8095	8095.000
CT	878	8181	8181	8181.000
CT	877	8266	8268	8268.000
CT	876	8414	8415	8415.000
CT	875	8381	8382	8382.000
CT	874	8550	8550	8550.000
CT	873	8715	8719	8719.000
CT	872	8844	8844	8844.000
CT	871	8818	8819	8819.000
CT	870	8927	8929	8929.000
CT	869	9151	9151	9151.000
CT	868	9156	9155	9155.000
CT	867	9388	9388	9388.000
CT	866	9485	9487	9487.000
CT	865	9549	9549	9549.000
CT	864	9686	9686	9686.000
CT	863	9741	9741	9741.000
CT	862	9907	9908	9908.000
CT	861	9814	9812	9812.000
CT	860	10140	10142	10142.000
CT	859	10306	10306	10306.000
CT	858	10391	10390	10390.000
CT	857	10405	10404	10404.000
CT	856	10594	10592	10592.000
CT	855	10497	10497	10497.000
CT	854	10556	10556	10556.000
CT	853	10693	10692	10692.000
CT	852	10784	10784	10784.000
CT	851	10884	10884	10884.000
CT	850	11157	11158	11158.000
CT	849	11289	11289	11289.000
CT	848	11335	11335	11335.000
CT	847	11645	11645	11645.000
CT	846	11727	11727	11727.000
CT	845	11741	11740	11740.000
CT	844	11927	11927	11927.000
CT	843	11980	11979	11979.000
CT	842	12146	12144	12144.000
CT	841	12438	12438	12438.000
CT	840	12391	12389	12389.000
CT	839	12555	12554	12554.000
CT	838	12613	12610	12610.000
CT	837	12695	12693	12693.000
CT	836	13109	13105	13105.000
CT	835	12909	12907	12907.000
CT	834	12941	12938	12938.000
CT	833	13251	13249	13249.000
CT	832	13584	13583	13583.000
CT	831	13534	13532	13532.000
CT	830	13768	13766	13766.000
CT	829	13758	13757	13757.000
CT	828	13960	13959	13959.000
CT	827	13995	13993	13993.000
CT	826	14178	14178	14178.000
CT	825	14499	14494	14494.000
CT	824	14505	14499	14499.000
CT	823	14516	14513	14513.000
CT	822	14628	14627	14627.000
CT	821	14606	14600	14600.000
CT	820	14770	14771	14771.000
CT	819	14867	14863	14863.000
CT	818	15104	15101	15101.000
CT	817	15179	15177	15177.000
CT	816	15414	15411	15411.000
CT	815	15567	15561	15561.000
CT	814	15655	15655	15655.000
CT	813	15782	15785	15785.000
CT	812	15760	15760	15760.000
CT	811	16113	16113	16113.000
CT	810	16106	16104	16104.000
CT	809	16269	16262	16262.000
CT	808	16213	16215	16215.000
CT	807	16424	16424	16424.000
CT	806	16511	16507	16507.000
CT	805	16644	16643	16643.000
CT	804	16535	16534	16534.000
CT	803	16664	16662	16662.000
CT	802	16812	16808	16808.000
CT	801	16856	16856	16856.000
CT	800	17205	17208	17208.000
CT	799	17438	17436	17436.000
CT	798	17212	17211	17211.000
CT	797	17371	17368	17368.000
CT	796	17779	17778	17778.000
CT	795	17434	17433	17433.000
CT	794	17913	17911	17911.000
CT	793	17864	17862	17862.000
CT	792	17909	17908	17908.000
CT	791	18174	18175	18175.000
CT	790	18156	18154	18154.000
CT	789	18259	18253	18253.000
CT	788	18521	18519	18519.000
CT	787	18619	18615	18615.000
CT	786	18321	18318	18318.000
CT	785	19019	19023	19023.000
CT	784	18876	18880	18880.000
CT	783	18900	18898	18898.000
CT	782	18964	18963	18963.000
CT	781	18975	18976	18976.000
CT	780	19167	19174	19174.000
CT	779	19578	19577	19577.000
CT	778	19475	19475	19475.000
CT	777	19407	19405	19405.000
CT	776	19827	19826	19826.000
CT	775	19405	19406	19406.000
CT	774	19907	19907	19907.000
CT	773	20134	20133	20133.000
CT	772	19784	19786	19786.000
CT	771	19858	19855	19855.000
CT	770	20030	20029	20029.000
CT	769	19993	19994	19994.000
CT	768	19822	19821	19821.000
CT	767	20529	20528	20528.000
CT	766	20590	20588	20588.000
CT	765	20490	20492	20492.000
CT	764	20641	20644	20644.000
CT	763	20675	20674	20674.000
CT	762	20534	20533	20533.000
CT	761	20699	20696	20696.000
CT	760	20887	20887	20887.000
CT	759	20806	20804	20804.000
CT	758	21180	21179	21179.000
CT	757	20846	20845	20845.000
CT	756	21038	21038	21038.000
CT	755	20885	20885	20885.000
CT	754	21355	21354	21354.000
CT	753	21200	21200	21200.000
CT	752	21239	21240	21240.000
CT	751	21590	21588	21588.000
CT	750	21611	21611	21611.000
CT	749	21412	21409	21409.000
CT	748	21724	21723	21723.000
CT	747	21613	21611	21611.000
CT	746	21464	21464	21464.000
CT	745	21626	21626	21626.000
CT	744	21641	21638	21638.000
CT	743	21736	21735	21735.000
CT	742	21738	21738	21738.000
CT	741	21649	21649	21649.000
CT	740	21951	21947	21947.000
CT	739	21712	21714	21714.000
CT	738	21740	21740	21740.000
CT	737	22040	22041	22041.000
CT	736	21964	21965	21965.000
CT	735	21755	21756	21756.000
CT	734	21561	21561	21561.000
CT	733	21814	21816	21816.000
CT	732	21783	21780	21780.000
CT	731	21961	21965	21965.000
CT	730	21706	21707	21707.000
CT	729	21767	21765	21765.000
CT	728	21818	21822	21822.000
CT	727	21880	21879	21879.000
CT	726	21790	21789	21789.000
CT	725	21762	21763	21763.000
CT	724	21958	21957	21957.000
CT	723	21679	21676	21676.000
CT	722	21653	21657	21657.000
CT	721	21450	21452	21452.000
CT	720	21650	21648	21648.000
CT	719	21725	21724	21724.000
CT	718	21733	21729	21729.000
CT	717	21208	21207	21207.000
CT	716	21710	21709	21709.000
CT	715	21714	21714	21714.000
CT	714	21596	21597	21597.000
CT	713	21289	21291	21291.000
CT	712	21462	21458	21458.000
CT	711	21202	21203	21203.000
CT	710	21320	21319	21319.000
CT	709	20923	20923	20923.000
CT	708	21373	21371	21371.000
CT	707	20982	20979	20979.000
CT	706	21128	21128	21128.000
CT	705	21026	21026	21026.000
CT	704	21107	21108	21108.000
CT	703	20689	20689	20689.000
CT	702	20673	20673	20673.000
CT	701	20593	20589	20589.000
CT	700	20712	20712	20712.000
CT	699	20464	20466	20466.000
CT	698	20508	20509	20509.000
CT	697	20368	20369	20369.000
CT	696	20190	20193	20193.000
CT	695	19994	19997	19997.000
CT	694	20200	20201	20201.000
CT	693	20082	20084	20084.000
CT	692	19786	19786	19786.000
CT	691	19562	19561	19561.000
CT	690	19393	19392	19392.000
CT	689	19396	19394	19394.000
CT	688	19291	19292	19292.000
CT	687	19036	19036	19036.000
CT	686	19408	19407	19407.000
CT	685	18972	18972	18972.000
CT	684	18949	18948	18948.000
CT	683	18987	18988	18988.000
CT	682	18747	18748	18748.000
CT	681	18878	18877	18877.000
CT	680	18247	18247	18247.000
CT	679	18360	18359	18359.000
CT	678	18457	18453	18453.000
CT	677	18195	18197	18197.000
CT	676	18354	18352	18352.000
CT	675	18581	18581	18581.000
CT	674	17673	17675	17675.000
CT	673	17815	17815	17815.000
CT	672	17692	17691	17691.000
CT	671	17543	17543	17543.000
CT	670	17481	17481	17481.000
CT	669	17390	17389	17389.000
CT	668	17358	17357	17357.000
CT	667	16823	16823	16823.000
CT	666	16903	16903	16903.000
CT	665	16634	16634	16634.000
CT	664	16399	16399	16399.000
CT	663	16338	16339	16339.000
CT	662	16383	16382	16382.000
CT	661	16257	16257	16257.000
CT	660	15757	15757	15757.000
CT	659	15692	15692	15692.000
CT	658	15847	15848	15848.000
CT	657	15448	15447	15447.000
CT	656	15389	15389	15389.000
CT	655	15281	15280	15280.000
CT	654	14913	14914	14914.000
CT	653	15176	15176	15176.000
CT	652	14809	14809	14809.000
CT	651	14561	14562	14562.000
CT	650	14658	14660	14660.000
CT	649	14634	14635	14635.000
CT	648	14541	14541	14541.000
CT	647	14263	14264	14264.000
CT	646	14010	14011	14011.000
CT	645	13728	13727	13727.000
CT	644	13765	13767	13767.000
CT	643	13660	13661	13661.000
CT	642	13420	13418	13418.000
CT	641	13269	13269	13269.000
CT	640	12960	12960	12960.000
CT	639	12805	12805	12805.000
CT	638	12689	12689	12689.000
CT	637	12697	12697	12697.000
CT	636	12576	12576	12576.000
CT	635	12316	12316	12316.000
CT	634	12300	12300	12300.000
CT	633	12315	12314	12314.000
CT	632	11978	11978	11978.000
CT	631	11904	11904	11904.000
CT	630	11637	11636	11636.000
CT	629	11579	11579	11579.000
CT	628	11320	11320	11320.000
CT	627	11098	11097	11097.000
CT	626	10933	10933	10933.000
CT	625	10771	10770	10770.000
CT	624	10632	10634	10634.000
CT	623	10633	10634	10634.000
CT	622	10309	10310	10310.000
CT	621	10175	10177	10177.000
CT	620	9985	9985	9985.000
CT	619	9759	9759	9759.000
CT	618	9775	9774	9774.000
CT	617	9571	9572	9572.000
CT	616	9375	9375	9375.000
CT	615	9108	9106	9106.000
CT	614	9168	9168	9168.000
CT	613	8929	8927	8927.000
CT	612	8849	8849	8849.000
CT	611	8460	8459	8459.000
CT	610	8655	8653	8653.000
CT	609	8411	8410	8410.000
CT	608	8186	8184	8184.000
CT	607	8014	8013	8013.000
CT	606	7961	7960	7960.000
CT	605	7877	7872	7872.000
CT	604	7889	7885	7885.000
CT	603	7504	7501	7501.000
CT	602	7315	7315	7315.000
CT	601	7400	7396	7396.000
CT	600	7258	7252	7252.000
CT	599	6905	6901	6901.000
CT	598	7007	6999	6999.000
CT	597	6620	6614	6614.000
CT	596	6622	6613	6613.000
CT	595	6582	6572	6572.000
CT	594	6461	6456	6456.000
CT	593	6329	6321	6321.000
CT	592	6105	6097	6097.000
CT	591	6120	6116	6116.000
CT	590	5990	5987	5987.000
CT	589	5842	5841	5841.000
CT	588	5771	5764	5764.000
CT	587	5565	5564	5564.000
CT	586	5475	5470	5470.000
CT	585	5330	5325	5325.000
CT	584	5298	5297	5297.000
CT	583	5159	5157	5157.000
CT	582	5124	5122	5122.000
CT	581	4877	4875	4875.000
CT	580	4679	4680	4680.000
CT	579	4796	4795	4795.000
CT	578	4611	4612	4612.000
CT	577	4542	4541	4541.000
CT	576	4384	4389	4389.000
CT	575	4281	4287	4287.000
CT	574	4250	4257	4257.000
CT	573	3979	3980	3980.000
CT	572	4041	4045	4045.000
CT	571	4003	4004	4004.000
CT	570	3641	3642	3642.000
CT	569	3648	3647	3647.000
CT	568	3715	3714	3714.000
CT	567	3651	3649	3649.000
CT	566	3430	3433	3433.000
CT	565	3285	3288	3288.000
CT	564	3369	3372	3372.000
CT	563	3214	3216	3216.000
CT	562	3156	3155	3155.000
CT	561	3114	3113	3113.000
CT	560	2945	2945	2945.000
CT	559	2899	2899	2899.000
CT	558	2821	2821	2821.000
CT	557	2739	2738	2738.000
CT	556	2670	2669	2669.000
CT	555	2557	2557	2557.000
CT	554	2584	2578	2578.000
CT	553	2480	2476	2476.000
CT	552	2540	2535	2535.000
CT	551	2419	2413	2413.000
CT	550	2334	2331	2331.000
CT	549	2261	2255	2255.000
CT	548	2183	2179	2179.000
CT	547	2114	2109	2109.000
CT	546	2066	2063	2063.000
CT	545	2003	2003	2003.000
CT	544	1941	1937	1937.000
CT	543	1934	1927	1927.000
CT	542	1891	1889	1889.000
CT	541	1795	1793	1793.000
CT	540	1781	1776	1776.000
CT	539	1661	1660	1660.000
CT	538	1631	1631	1631.000
CT	537	1595	1594	1594.000
CT	536	1464	1465	1465.000
CT	535	1465	1464	1464.000
CT	534	1467	1469	1469.000
CT	533	1431	1430	1430.000
CT	532	1378	1377	1377.000
CT	531	1319	1316	1316.000
CT	530	1319	1319	1319.000
CT	529	1265	1263	1263.000
CT	528	1173	1172	1172.000
CT	527	1212	1214	1214.000
CT	526	1153	1156	1156.000
CT	525	1062	1065	1065.000
CT	524	1108	1108	1108.000
CT	523	1049	1049	1049.000
CT	522	1057	1056	1056.000
CT	521	1040	1040	1040.000
CT	520	949	949	949.000
CT	519	1004	1006	1006.000
CT	518	910	910	910.000
CT	517	915	915	915.000
CT	516	799	798	798.000
CT	515	833	830	830.000
CT	514	778	781	781.000
CT	513	772	772	772.000
CT	512	736	736	736.000
CT	511	765	764	764.000
CT	510	682	682	682.000
CT	509	744	744	744.000
CT	508	661	661	661.000
CT	507	701	700	700.000
CT	506	692	691	691.000
CT	505	662	660	660.000
CT	504	588	588	588.000
CT	503	560	559	559.000
CT	502	577	577	577.000
CT	501	582	582	582.000
CT	500	529	529	529.000
CT	499	506	505	505.000
CT	498	450	450	450.000
CT	497	458	458	458.000
CT	496	408	408	408.000
CT	495	457	455	455.000
CT	494	439	439	439.000
CT	493	449	449	449.000
CT	492	440	440	440.000
CT	491	389	389	389.000
CT	490	384	383	383.000
CT	489	350	350	350.000
CT	488	333	333	333.000
CT	487	342	342	342.000
CT	486	386	386	386.000
CT	485	342	341	341.000
CT	484	328	328	328.000
CT	483	285	285	285.000
CT	482	298	297	297.000
CT	481	302	302	302.000
CT	480	293	291	291.000
CT	479	292	291	291.000
CT	478	248	247	247.000
CT	477	251	251	251.000
CT	476	235	235	235.000
CT	475	251	251	251.000
CT	474	233	231	231.000
CT	473	227	227	227.000
CT	472	231	230	230.000
CT	471	245	244	244.000
CT	470	208	207	207.000
CT	469	177	175	175.000
CT	468	173	173	173.000
CT	467	158	157	157.000
CT	466	162	162	162.000
CT	465	158	157	157.000
CT	464	151	151	151.000
CT	463	138	136	136.000
CT	462	128	125	125.000
CT	461	159	159	159.000
CT	460	151	150	150.000
CT	459	132	130	130.000
CT	458	142	142	142.000
CT	457	130	129	129.000
CT	456	120	120	120.000
CT	455	133	132	132.000
CT	454	104	102	102.000
CT	453	101	100	100.000
CT	452	115	114	114.000
CT	451	107	106	106.000
CT	450	118	116	116.000
CT	449	111	109	109.000
CT	448	107	106	106.000
CT	447	100	100	100.000
CT	446	109	108	108.000
CT	445	86	86	86.000
CT	444	97	96	96.000
CT	443	87	87	87.000
CT	442	95	94	94.000
CT	441	85	83	83.000
CT	440	83	74	74.000
CT	439	95	91	91.000
CT	438	82	82	82.000
CT	437	85	84	84.000
CT	436	70	70	70.000
CT	435	66	66	66.000
CT	434	83	82	82.000
CT	433	60	60	60.000
CT	432	69	68	68.000
CT	431	76	75	75.000
CT	430	60	58	58.000
CT	429	56	55	55.000
CT	428	57	57	57.000
CT	427	42	42	42.000
CT	426	53	52	52.000
CT	425	63	62	62.000
CT	424	57	56	56.000
CT	423	52	50	50.000
CT	422	64	61	61.000
CT	421	56	55	55.000
CT	420	45	43	43.000
CT	419	47	46	46.000
CT	418	52	52	52.000
CT	417	41	41	41.000
CT	416	36	36	36.000
CT	415	46	47	47.000
CT	414	42	42	42.000
CT	413	34	33	33.000
CT	412	44	46	46.000
CT	411	47	47	47.000
CT	410	48	47	47.000
CT	409	39	38	38.000
CT	408	33	32	32.000
CT	407	31	29	29.000
CT	406	37	35	35.000
CT	405	20	20	20.000
CT	404	37	37	37.000
CT	403	31	30	30.000
CT	402	34	33	33.000
CT	401	30	29	29.000
CT	400	31	30	30.000
CT	399	24	24	24.000
CT	398	18	18	18.000
CT	397	27	27	27.000
CT	396	30	30	30.000
CT	395	32	32	32.000
CT	394	23	23	23.000
CT	393	32	32	32.000
CT	392	35	33	33.000
CT	391	38	38	38.000
CT	390	40	40	40.000
CT	389	33	33	33.000
CT	388	26	26	26.000
CT	387	36	36	36.000
CT	386	47	47	47.000
CT	385	33	33	33.000
CT	384	42	42	42.000
CT	383	33	33	33.000
CT	382	44	44	44.000
CT	381	40	39	39.000
CT	380	32	32	32.000
CT	379	42	41	41.000
CT	378	34	35	35.000
CT	377	33	31	31.000
CT	376	25	25	25.000
CT	375	35	32	32.000
CT	374	34	33	33.000
CT	373	33	29	29.000
CT	372	25	24	24.000
CT	371	45	43	43.000
CT	370	34	34	34.000
CT	369	31	31	31.000
CT	368	23	23	23.000
CT	367	25	24	24.000
CT	366	18	18	18.000
CT	365	30	28	28.000
CT	364	47	50	50.000
CT	363	39	36	36.000
CT	362	36	34	34.000
CT	361	24	24	24.000
CT	360	41	41	41.000
CT	359	36	32	32.000
CT	358	37	35	35.000
CT	357	41	40	40.000
CT	356	30	28	28.000
CT	355	23	23	23.000
CT	354	26	25	25.000
CT	353	25	24	24.000
CT	352	29	26	26.000
CT	351	17	14	14.000
CT	350	17	15	15.000
CT	349	16	16	16.000
CT	348	21	16	16.000
CT	347	18	18	18.000
CT	346	9	8	8.000
CT	345	17	16	16.000
CT	344	19	19	19.000
CT	343	18	17	17.000
CT	342	14	14	14.000
CT	341	25	22	22.000
CT	340	25	24	24.000
CT	339	19	18	18.000
CT	338	17	17	17.000
CT	337	25	19	19.000
CT	336	12	12	12.000
CT	335	12	12	12.000
CT	334	12	9	9.000
CT	333	12	9	9.000
CT	332	18	15	15.000
CT	331	7	4	4.000
CT	330	14	9	9.000
CT	329	14	10	10.000
CT	328	12	9	9.000
CT	327	15	11	11.000
CT	326	15	9	9.000
CT	325	4	2	2.000
CT	324	6	5	5.000
CT	323	4	4	4.000
CT	322	8	3	3.000
CT	321	4	3	3.000
CT	320	11	7	7.000
CT	319	8	5	5.000
CT	318	3	0	0.000
CT	317	10	6	6.000
CT	316	4	3	3.000
CT	315	7	4	4.000
CT	314	9	7	7.000
CT	313	7	4	4.000
CT	312	12	6	6.000
CT	311	5	1	1.000
CT	310	11	4	4.000
CT	309	7	3	3.000
CT	308	5	4	4.000
CT	307	7	5	5.000
CT	306	12	8	8.000
CT	305	10	4	4.000
CT	304	8	4	4.000
CT	303	9	4	4.000
CT	302	13	5	5.000
CT	301	12	5	5.000
CT	300	10	5	5.000
CT	299	1	0	0.000
CT	298	15	7	7.000
CT	297	7	4	4.000
CT	296	3	2	2.000
CT	295	7	8	8.000
CT	294	8	11	11.000
CT	293	10	7	7.000
CT	292	12	12	12.000
CT	291	14	10	10.000
CT	290	9	11	11.000
CT	289	9	4	4.000
CT	288	9	8	8.000
CT	287	9	6	6.000
CT	286	9	2	2.000
CT	285	3	1	1.000
CT	284	5	4	4.000
CT	283	4	1	1.000
CT	282	6	4	4.000
CT	281	11	6	6.000
CT	280	8	5	5.000
CT	279	7	5	5.000
CT	278	1	1	1.000
CT	277	9	4	4.000
CT	276	12	6	6.000
CT	275	11	10	10.000
CT	274	9	9	9.000
CT	273	6	5	5.000
CT	272	7	6	6.000
CT	271	11	9	9.000
CT	270	8	7	7.000
CT	269	8	7	7.000
CT	268	4	5	5.000
CT	267	10	11	11.000
CT	266	7	6	6.000
CT	265	12	9	9.000
CT	264	8	7	7.000
CT	263	9	8	8.000
CT	262	11	9	9.000
CT	261	10	6	6.000
CT	260	6	7	7.000
CT	259	2	2	2.000
CT	258	3	3	3.000
CT	257	2	1	1.000
CT	256	8	5	5.000
CT	255	3	3	3.000
CT	254	9	4	4.000
CT	253	0	0	0.000
CT	252	6	4	4.000
CT	251	3	1	1.000
CT	250	11	4	4.000
CT	249	9	5	5.000
CT	248	5	3	3.000
CT	247	6	2	2.000
CT	246	7	5	5.000
CT	245	5	1	1.000
CT	244	3	0	0.000
CT	243	7	1	1.000
CT	242	7	2	2.000
CT	241	5	1	1.000
CT	240	3	0	0.000
CT	239	3	0	0.000
CT	238	8	1	1.000
CT	237	4	2	2.000
CT	236	9	3	3.000
CT	235	5	2	2.000
CT	234	1	0	0.000
CT	233	1	1	1.000
CT	232	2	0	0.000
CT	231	2	2	2.000
CT	230	6	2	2.000
CT	229	1	0	0.000
CT	228	6	3	3.000
CT	227	9	1	1.000
CT	226	10	4	4.000
CT	225	7	1	1.000
CT	224	6	0	0.000
CT	223	8	1	1.000
CT	222	7	0	0.000
CT	221	9	1	1.000
CT	220	3	0	0.000
CT	219	8	1	1.000
CT	218	4	0	0.000
CT	217	5	0	0.000
CT	216	2	0	0.000
CT	215	4	0	0.000
CT	214	4	1	1.000
CT	213	6	1	1.000
CT	212	5	1	1.000
CT	211	0	0	0.000
CT	210	5	1	1.000
CT	209	4	0	0.000
CT	208	3	0	0.000
CT	207	5	1	1.000
CT	206	2	0	0.000
CT	205	3	0	0.000
CT	204	4	1	1.000
CT	203	4	0	0.000
CT	202	6	1	1.000
CT	201	9	0	0.000
CT	200	8	1	1.000
CT	199	3	0	0.000
CT	198	6	0	0.000
CT	197	9	0	0.000
CT	196	10	1	1.000
CT	195	8	0	0.000
CT	194	8	1	1.000
CT	193	4	0	0.000
CT	192	4	0	0.000
CT	191	5	1	1.000
CT	190	9	2	2.000
CT	189	8	0	0.000
CT	188	5	0	0.000
CT	187	5	0	0.000
CT	186	3	0	0.000
CT	185	7	0	0.000
CT	184	4	1	1.000
CT	183	7	0	0.000
CT	182	6	0	0.000
CT	181	5	0	0.000
CT	180	9	0	0.000
CT	179	14	0	0.000
CT	178	13	0	0.000
CT	177	5	0	0.000
CT	176	6	0	0.000
CT	175	11	1	1.000
CT	174	10	2	2.000
CT	173	12	0	0.000
CT	172	6	1	1.000
CT	171	12	1	1.000
CT	170	15	1	1.000
CT	169	15	0	0.000
CT	168	16	2	2.000
CT	167	13	1	1.000
CT	166	15	1	1.000
CT	165	15	1	1.000
CT	164	14	1	1.000
CT	163	12	0	0.000
CT	162	10	0	0.000
CT	161	10	0	0.000
CT	160	11	1	1.000
CT	159	12	0	0.000
CT	158	15	0	0.000
CT	157	23	2	2.000
CT	156	23	3	3.000
CT	155	16	0	0.000
CT	154	19	4	4.000
CT	153	12	0	0.000
CT	152	19	0	0.000
CT	151	12	1	1.000
CT	150	20	1	1.000
CT	149	18	0	0.000
CT	148	27	1	1.000
CT	147	28	0	0.000
CT	146	27	1	1.000
CT	145	23	0	0.000
CT	144	27	1	1.000
CT	143	28	1	1.000
CT	142	18	0	0.000
CT	141	19	0	0.000
CT	140	13	0	0.000
CT	139	19	0	0.000
CT	138	16	0	0.000
CT	137	14	0	0.000
CT	136	25	0	0.000
CT	135	17	0	0.000
CT	134	22	0	0.000
CT	133	22	0	0.000
CT	132	22	0	0.000
CT	131	22	0	0.000
CT	130	17	0	0.000
CT	129	25	0	0.000
CT	128	30	0	0.000
CT	127	22	0	0.000
CT	126	24	0	0.000
CT	125	25	1	1.000
CT	124	25	2	2.000
CT	123	48	4	4.000
CT	122	35	0	0.000
CT	121	35	0	0.000
CT	120	41	1	1.000
CT	119	30	4	4.000
CT	118	44	10	10.000
CT	117	37	6	6.000
CT	116	49	4	4.000
CT	115	45	2	2.000
CT	114	50	1	1.000
CT	113	39	1	1.000
CT	112	48	1	1.000
CT	111	44	0	0.000
CT	110	54	4	4.000
CT	109	63	1	1.000
CT	108	67	1	1.000
CT	107	63	0	0.000
CT	106	63	0	0.000
CT	105	61	0	0.000
CT	104	71	0	0.000
CT	103	67	0	0.000
CT	102	81	0	0.000
CT	101	74	0	0.000
CT	100	81	0	0.000
CT	99	64	0	0.000
CT	98	97	0	0.000
CT	97	70	0	0.000
CT	96	81	0	0.000
CT	95	108	0	0.000
CT	94	107	0	0.000
CT	93	103	0	0.000
CT	92	118	0	0.000
CT	91	103	0	0.000
CT	90	136	0	0.000
CT	89	126	0	0.000
CT	88	127	0	0.000
CT	87	133	0	0.000
CT	86	150	0	0.000
CT	85	135	0	0.000
CT	84	123	0	0.000
CT	83	133	0	0.000
CT	82	143	0	0.000
CT	81	183	0	0.000
CT	80	167	0	0.000
CT	79	206	0	0.000
CT	78	216	0	0.000
CT	77	255	0	0.000
CT	76	215	0	0.000
CT	75	203	0	0.000
CT	74	248	0	0.000
CT	73	280	0	0.000
CT	72	292	0	0.000
CT	71	332	0	0.000
CT	70	361	0	0.000
CT	69	360	0	0.000
CT	68	360	0	0.000
CT	67	364	0	0.000
CT	66	365	0	0.000
CT	65	413	0	0.000
CT	64	423	0	0.000
CT	63	499	0	0.000
CT	62	548	0	0.000
CT	61	656	0	0.000
CT	60	617	0	0.000
CT	59	670	0	0.000
CT	58	661	0	0.000
CT	57	748	0	0.000
CT	56	749	0	0.000
CT	55	866	0	0.000
CT	54	934	0	0.000
CT	53	1002	0	0.000
CT	52	1028	0	0.000
CT	51	1008	0	0.000
CT	50	1073	0	0.000
CT	49	1120	0	0.000
CT	48	1212	0	0.000
CT	47	1280	0	0.000
CT	46	1529	0	0.000
CT	45	1564	0	0.000
CT	44	1711	0	0.000
CT	43	1795	0	0.000
CT	42	1878	0	0.000
CT	41	2073	0	0.000
CT	40	2166	0	0.000
CT	39	2447	0	0.000
CT	38	2619	0	0.000
CT	37	2825	0	0.000
CT	36	3122	0	0.000
CT	35	3385	0	0.000
CT	34	3809	0	0.000
CT	33	4219	0	0.000
CT	32	4732	0	0.000
CT	31	5039	0	0.000
CT	30	5549	0	0.000
CT	29	6029	0	0.000
CT	28	6220	0	0.000
CT	27	6999	0	0.000
CT	26	8102	0	0.000
CT	25	9292	0	0.000
CT	24	10919	0	0.000
CT	23	12219	0	0.000
CT	22	14059	0	0.000
CT	21	16020	0	0.000
CT	20	18810	0	0.000
CT	19	22361	0	0.000
CT	18	26020	0	0.000
CT	17	31504	0	0.000
CT	16	38720	0	0.000
CT	15	47578	0	0.000
CT	14	61747	0	0.000
CT	13	81302	0	0.000
CT	12	109841	0	0.000
CT	11	149826	0	0.000
CT	10	213956	0	0.000
CT	9	316287	0	0.000
CT	8	487826	0	0.000
CT	7	799396	0	0.000
CT	6	1379231	0	0.000
CT	5	2568296	0	0.000
CT	4	5315173	0	0.000
CT	3	12714161	0	0.000
CT	2	36580997	0	0.000
CT	1	0	0	-nan
CT	0	0	31	-nan
FR	0	0
ER	5436475	0.000
CV	1.000
QV	67.353	67.353
