HS	1023	0	65705	65705
HS	1022	0	839	66544
HS	1021	0	828	67372
HS	1020	0	880	68252
HS	1019	0	892	69144
HS	1018	0	808	69952
HS	1017	0	868	70820
HS	1016	0	916	71736
HS	1015	0	920	72656
HS	1014	0	983	73639
HS	1013	0	989	74628
HS	1012	0	953	75581
HS	1011	0	1051	76632
HS	1010	0	1033	77665
HS	1009	0	1043	78708
HS	1008	0	1108	79816
HS	1007	0	1057	80873
HS	1006	0	1079	81952
HS	1005	0	1101	83053
HS	1004	0	1126	84179
HS	1003	0	1181	85360
HS	1002	0	1208	86568
HS	1001	0	1161	87729
HS	1000	0	1272	89001
HS	999	0	1254	90255
HS	998	0	1217	91472
HS	997	0	1286	92758
HS	996	0	1315	94073
HS	995	0	1384	95457
HS	994	0	1417	96874
HS	993	0	1411	98285
HS	992	0	1430	99715
HS	991	0	1439	101154
HS	990	0	1421	102575
HS	989	0	1513	104088
HS	988	0	1584	105672
HS	987	0	1662	107334
HS	986	0	1608	108942
HS	985	0	1593	110535
HS	984	0	1557	112092
HS	983	0	1604	113696
HS	982	0	1695	115391
HS	981	0	1703	117094
HS	980	0	1663	118757
HS	979	0	1793	120550
HS	978	0	1788	122338
HS	977	0	1773	124111
HS	976	0	1786	125897
HS	975	0	1889	127786
HS	974	0	1836	129622
HS	973	0	1934	131556
HS	972	0	1957	133513
HS	971	0	1890	135403
HS	970	0	2083	137486
HS	969	0	2079	139565
HS	968	0	2106	141671
HS	967	0	2080	143751
HS	966	0	2072	145823
HS	965	0	2148	147971
HS	964	0	2194	150165
HS	963	0	2247	152412
HS	962	0	2418	154830
HS	961	0	2334	157164
HS	960	0	2389	159553
HS	959	0	2412	161965
HS	958	0	2431	164396
HS	957	0	2420	166816
HS	956	0	2552	169368
HS	955	0	2547	171915
HS	954	0	2666	174581
HS	953	0	2656	177237
HS	952	0	2670	179907
HS	951	0	2785	182692
HS	950	0	2739	185431
HS	949	0	2905	188336
HS	948	0	2909	191245
HS	947	0	2908	194153
HS	946	0	3029	197182
HS	945	0	3063	200245
HS	944	0	3052	203297
HS	943	0	3118	206415
HS	942	0	3192	209607
HS	941	0	3181	212788
HS	940	0	3315	216103
HS	939	0	3424	219527
HS	938	0	3445	222972
HS	937	0	3462	226434
HS	936	0	3415	229849
HS	935	0	3546	233395
HS	934	0	3803	237198
HS	933	0	3821	241019
HS	932	0	3749	244768
HS	931	0	3753	248521
HS	930	0	3855	252376
HS	929	0	3968	256344
HS	928	0	4036	260380
HS	927	0	4128	264508
HS	926	0	4097	268605
HS	925	0	4148	272753
HS	924	0	4369	277122
HS	923	0	4276	281398
HS	922	0	4418	285816
HS	921	0	4498	290314
HS	920	0	4582	294896
HS	919	0	4658	299554
HS	918	0	4743	304297
HS	917	0	4788	309085
HS	916	0	4735	313820
HS	915	0	4905	318725
HS	914	0	5039	323764
HS	913	0	5072	328836
HS	912	0	5088	333924
HS	911	0	5150	339074
HS	910	0	5278	344352
HS	909	0	5384	349736
HS	908	0	5611	355347
HS	907	0	5520	360867
HS	906	0	5673	366540
HS	905	0	5648	372188
HS	904	0	5767	377955
HS	903	0	5874	383829
HS	902	0	5881	389710
HS	901	0	6244	395954
HS	900	0	6327	402281
HS	899	0	6234	408515
HS	898	0	6225	414740
HS	897	0	6471	421211
HS	896	0	6329	427540
HS	895	0	6516	434056
HS	894	0	6554	440610
HS	893	0	6637	447247
HS	892	0	6844	454091
HS	891	0	6877	460968
HS	890	0	6975	467943
HS	889	0	7106	475049
HS	888	0	7266	482315
HS	887	0	7366	489681
HS	886	0	7394	497075
HS	885	0	7486	504561
HS	884	0	7487	512048
HS	883	0	7446	519494
HS	882	0	7774	527268
HS	881	0	7818	535086
HS	880	0	7902	542988
HS	879	0	8097	551085
HS	878	0	8181	559266
HS	877	0	8266	567532
HS	876	0	8414	575946
HS	875	0	8381	584327
HS	874	0	8550	592877
HS	873	0	8715	601592
HS	872	0	8844	610436
HS	871	0	8818	619254
HS	870	0	8927	628181
HS	869	0	9151	637332
HS	868	0	9156	646488
HS	867	0	9388	655876
HS	866	0	9485	665361
HS	865	0	9549	674910
HS	864	0	9686	684596
HS	863	0	9741	694337
HS	862	0	9907	704244
HS	861	0	9814	714058
HS	860	0	10140	724198
HS	859	0	10306	734504
HS	858	0	10391	744895
HS	857	0	10405	755300
HS	856	0	10594	765894
HS	855	0	10497	776391
HS	854	0	10556	786947
HS	853	0	10693	797640
HS	852	0	10784	808424
HS	851	0	10884	819308
HS	850	0	11157	830465
HS	849	0	11289	841754
HS	848	0	11335	853089
HS	847	0	11645	864734
HS	846	0	11727	876461
HS	845	0	11741	888202
HS	844	0	11927	900129
HS	843	0	11980	912109
HS	842	0	12146	924255
HS	841	0	12438	936693
HS	840	0	12391	949084
HS	839	0	12555	961639
HS	838	0	12613	974252
HS	837	0	12695	986947
HS	836	0	13109	1000056
HS	835	0	12909	1012965
HS	834	0	12941	1025906
HS	833	0	13251	1039157
HS	832	0	13584	1052741
HS	831	0	13534	1066275
HS	830	0	13768	1080043
HS	829	0	13758	1093801
HS	828	0	13960	1107761
HS	827	0	13995	1121756
HS	826	0	14178	1135934
HS	825	0	14499	1150433
HS	824	0	14505	1164938
HS	823	0	14516	1179454
HS	822	0	14628	1194082
HS	821	0	14606	1208688
HS	820	0	14770	1223458
HS	819	0	14867	1238325
HS	818	0	15104	1253429
HS	817	0	15179	1268608
HS	816	0	15414	1284022
HS	815	0	15567	1299589
HS	814	0	15655	1315244
HS	813	0	15782	1331026
HS	812	0	15760	1346786
HS	811	0	16113	1362899
HS	810	0	16106	1379005
HS	809	0	16269	1395274
HS	808	0	16213	1411487
HS	807	0	16424	1427911
HS	806	0	16511	1444422
HS	805	0	16644	1461066
HS	804	0	16535	1477601
HS	803	0	16664	1494265
HS	802	0	16812	1511077
HS	801	0	16856	1527933
HS	800	0	17205	1545138
HS	799	0	17438	1562576
HS	798	0	17212	1579788
HS	797	0	17371	1597159
HS	796	0	17779	1614938
HS	795	0	17434	1632372
HS	794	0	17913	1650285
HS	793	0	17864	1668149
HS	792	0	17909	1686058
HS	791	0	18174	1704232
HS	790	0	18156	1722388
HS	789	0	18259	1740647
HS	788	0	18521	1759168
HS	787	0	18619	1777787
HS	786	0	18321	1796108
HS	785	0	19019	1815127
HS	784	0	18876	1834003
HS	783	0	18900	1852903
HS	782	0	18964	1871867
HS	781	0	18975	1890842
HS	780	0	19167	1910009
HS	779	0	19578	1929587
HS	778	0	19475	1949062
HS	777	0	19407	1968469
HS	776	0	19827	1988296
HS	775	0	19405	2007701
HS	774	0	19907	2027608
HS	773	0	20134	2047742
HS	772	0	19784	2067526
HS	771	0	19858	2087384
HS	770	0	20030	2107414
HS	769	0	19993	2127407
HS	768	0	19822	2147229
HS	767	0	20529	2167758
HS	766	0	20590	2188348
HS	765	0	20490	2208838
HS	764	0	20641	2229479
HS	763	0	20675	2250154
HS	762	0	20534	2270688
HS	761	0	20699	2291387
HS	760	0	20887	2312274
HS	759	0	20806	2333080
HS	758	0	21180	2354260
HS	757	0	20846	2375106
HS	756	0	21038	2396144
HS	755	0	20885	2417029
HS	754	0	21355	2438384
HS	753	0	21200	2459584
HS	752	0	21239	2480823
HS	751	0	21590	2502413
HS	750	0	21611	2524024
HS	749	0	21412	2545436
HS	748	0	21724	2567160
HS	747	0	21613	2588773
HS	746	0	21464	2610237
HS	745	0	21626	2631863
HS	744	0	21641	2653504
HS	743	0	21736	2675240
HS	742	0	21738	2696978
HS	741	0	21649	2718627
HS	740	0	21951	2740578
HS	739	0	21712	2762290
HS	738	0	21740	2784030
HS	737	0	22040	2806070
HS	736	0	21964	2828034
HS	735	0	21755	2849789
HS	734	0	21561	2871350
HS	733	0	21814	2893164
HS	732	0	21783	2914947
HS	731	0	21961	2936908
HS	730	0	21706	2958614
HS	729	0	21767	2980381
HS	728	0	21818	3002199
HS	727	0	21880	3024079
HS	726	0	21790	3045869
HS	725	0	21762	3067631
HS	724	0	21958	3089589
HS	723	0	21679	3111268
HS	722	0	21653	3132921
HS	721	0	21450	3154371
HS	720	0	21650	3176021
HS	719	0	21725	3197746
HS	718	0	21733	3219479
HS	717	0	21208	3240687
HS	716	0	21710	3262397
HS	715	0	21714	3284111
HS	714	0	21596	3305707
HS	713	0	21289	3326996
HS	712	0	21462	3348458
HS	711	0	21202	3369660
HS	710	0	21320	3390980
HS	709	0	20923	3411903
HS	708	0	21373	3433276
HS	707	0	20982	3454258
HS	706	0	21128	3475386
HS	705	0	21026	3496412
HS	704	0	21107	3517519
HS	703	0	20689	3538208
HS	702	0	20673	3558881
HS	701	0	20593	3579474
HS	700	0	20712	3600186
HS	699	0	20464	3620650
HS	698	0	20508	3641158
HS	697	0	20368	3661526
HS	696	0	20190	3681716
HS	695	0	19994	3701710
HS	694	0	20200	3721910
HS	693	0	20082	3741992
HS	692	0	19786	3761778
HS	691	0	19562	3781340
HS	690	0	19393	3800733
HS	689	0	19396	3820129
HS	688	0	19291	3839420
HS	687	0	19036	3858456
HS	686	0	19408	3877864
HS	685	0	18972	3896836
HS	684	0	18949	3915785
HS	683	0	18987	3934772
HS	682	0	18747	3953519
HS	681	0	18878	3972397
HS	680	0	18247	3990644
HS	679	0	18360	4009004
HS	678	0	18457	4027461
HS	677	0	18195	4045656
HS	676	0	18354	4064010
HS	675	0	18581	4082591
HS	674	0	17673	4100264
HS	673	0	17815	4118079
HS	672	0	17692	4135771
HS	671	0	17543	4153314
HS	670	0	17481	4170795
HS	669	0	17390	4188185
HS	668	0	17358	4205543
HS	667	0	16823	4222366
HS	666	0	16903	4239269
HS	665	0	16634	4255903
HS	664	0	16399	4272302
HS	663	0	16338	4288640
HS	662	0	16383	4305023
HS	661	0	16257	4321280
HS	660	0	15757	4337037
HS	659	0	15692	4352729
HS	658	0	15847	4368576
HS	657	0	15448	4384024
HS	656	0	15389	4399413
HS	655	0	15281	4414694
HS	654	0	14913	4429607
HS	653	0	15176	4444783
HS	652	0	14809	4459592
HS	651	0	14561	4474153
HS	650	0	14658	4488811
HS	649	0	14634	4503445
HS	648	0	14541	4517986
HS	647	0	14263	4532249
HS	646	0	14010	4546259
HS	645	0	13728	4559987
HS	644	0	13765	4573752
HS	643	0	13660	4587412
HS	642	0	13420	4600832
HS	641	0	13269	4614101
HS	640	0	12960	4627061
HS	639	0	12805	4639866
HS	638	0	12689	4652555
HS	637	0	12697	4665252
HS	636	0	12576	4677828
HS	635	0	12316	4690144
HS	634	0	12300	4702444
HS	633	0	12315	4714759
HS	632	0	11978	4726737
HS	631	0	11904	4738641
HS	630	0	11637	4750278
HS	629	0	11579	4761857
HS	628	0	11320	4773177
HS	627	0	11098	4784275
HS	626	0	10933	4795208
HS	625	0	10771	4805979
HS	624	0	10632	4816611
HS	623	0	10633	4827244
HS	622	0	10309	4837553
HS	621	0	10175	4847728
HS	620	0	9985	4857713
HS	619	0	9759	4867472
HS	618	0	9775	4877247
HS	617	0	9571	4886818
HS	616	0	9375	4896193
HS	615	0	9108	4905301
HS	614	0	9168	4914469
HS	613	0	8929	4923398
HS	612	0	8849	4932247
HS	611	0	8460	4940707
HS	610	0	8655	4949362
HS	609	0	8411	4957773
HS	608	0	8186	4965959
HS	607	0	8014	4973973
HS	606	0	7961	4981934
HS	605	0	7877	4989811
HS	604	0	7889	4997700
HS	603	0	7504	5005204
HS	602	0	7315	5012519
HS	601	0	7400	5019919
HS	600	0	7258	5027177
HS	599	0	6905	5034082
HS	598	0	7007	5041089
HS	597	0	6620	5047709
HS	596	0	6622	5054331
HS	595	0	6582	5060913
HS	594	0	6461	5067374
HS	593	0	6329	5073703
HS	592	0	6105	5079808
HS	591	0	6120	5085928
HS	590	0	5990	5091918
HS	589	0	5842	5097760
HS	588	0	5771	5103531
HS	587	0	5565	5109096
HS	586	0	5475	5114571
HS	585	0	5330	5119901
HS	584	0	5298	5125199
HS	583	0	5159	5130358
HS	582	0	5124	5135482
HS	581	0	4877	5140359
HS	580	0	4679	5145038
HS	579	0	4796	5149834
HS	578	0	4611	5154445
HS	577	0	4542	5158987
HS	576	0	4384	5163371
HS	575	0	4281	5167652
HS	574	0	4250	5171902
HS	573	0	3979	5175881
HS	572	0	4041	5179922
HS	571	0	4003	5183925
HS	570	0	3641	5187566
HS	569	0	3648	5191214
HS	568	0	3715	5194929
HS	567	0	3651	5198580
HS	566	0	3430	5202010
HS	565	0	3285	5205295
HS	564	0	3369	5208664
HS	563	0	3214	5211878
HS	562	0	3156	5215034
HS	561	0	3114	5218148
HS	560	0	2945	5221093
HS	559	0	2899	5223992
HS	558	0	2821	5226813
HS	557	0	2739	5229552
HS	556	0	2670	5232222
HS	555	0	2557	5234779
HS	554	0	2584	5237363
HS	553	0	2480	5239843
HS	552	0	2540	5242383
HS	551	0	2419	5244802
HS	550	0	2334	5247136
HS	549	0	2261	5249397
HS	548	0	2183	5251580
HS	547	0	2114	5253694
HS	546	0	2066	5255760
HS	545	0	2003	5257763
HS	544	0	1941	5259704
HS	543	0	1934	5261638
HS	542	0	1891	5263529
HS	541	0	1795	5265324
HS	540	0	1781	5267105
HS	539	0	1661	5268766
HS	538	0	1631	5270397
HS	537	0	1595	5271992
HS	536	0	1464	5273456
HS	535	0	1465	5274921
HS	534	0	1467	5276388
HS	533	0	1431	5277819
HS	532	0	1378	5279197
HS	531	0	1319	5280516
HS	530	0	1319	5281835
HS	529	0	1265	5283100
HS	528	0	1173	5284273
HS	527	0	1212	5285485
HS	526	0	1153	5286638
HS	525	0	1062	5287700
HS	524	0	1108	5288808
HS	523	0	1049	5289857
HS	522	0	1057	5290914
HS	521	0	1040	5291954
HS	520	0	949	5292903
HS	519	0	1004	5293907
HS	518	0	910	5294817
HS	517	0	915	5295732
HS	516	0	799	5296531
HS	515	0	833	5297364
HS	514	0	778	5298142
HS	513	0	772	5298914
HS	512	0	736	5299650
HS	511	0	765	5300415
HS	510	0	682	5301097
HS	509	0	744	5301841
HS	508	0	661	5302502
HS	507	0	701	5303203
HS	506	0	692	5303895
HS	505	0	662	5304557
HS	504	0	588	5305145
HS	503	0	560	5305705
HS	502	0	577	5306282
HS	501	0	582	5306864
HS	500	0	529	5307393
HS	499	0	506	5307899
HS	498	0	450	5308349
HS	497	0	458	5308807
HS	496	0	408	5309215
HS	495	0	457	5309672
HS	494	0	439	5310111
HS	493	0	449	5310560
HS	492	0	440	5311000
HS	491	0	389	5311389
HS	490	0	384	5311773
HS	489	0	350	5312123
HS	488	0	333	5312456
HS	487	0	342	5312798
HS	486	0	386	5313184
HS	485	0	342	5313526
HS	484	0	328	5313854
HS	483	0	285	5314139
HS	482	0	298	5314437
HS	481	0	302	5314739
HS	480	0	293	5315032
HS	479	0	292	5315324
HS	478	0	248	5315572
HS	477	0	251	5315823
HS	476	0	235	5316058
HS	475	0	251	5316309
HS	474	0	233	5316542
HS	473	0	227	5316769
HS	472	0	231	5317000
HS	471	0	245	5317245
HS	470	0	208	5317453
HS	469	0	177	5317630
HS	468	0	173	5317803
HS	467	0	158	5317961
HS	466	0	162	5318123
HS	465	0	158	5318281
HS	464	0	151	5318432
HS	463	0	138	5318570
HS	462	0	128	5318698
HS	461	0	159	5318857
HS	460	0	151	5319008
HS	459	0	132	5319140
HS	458	0	142	5319282
HS	457	0	130	5319412
HS	456	0	120	5319532
HS	455	0	133	5319665
HS	454	0	104	5319769
HS	453	0	101	5319870
HS	452	0	115	5319985
HS	451	0	107	5320092
HS	450	0	118	5320210
HS	449	0	111	5320321
HS	448	0	107	5320428
HS	447	0	100	5320528
HS	446	0	109	5320637
HS	445	0	86	5320723
HS	444	0	97	5320820
HS	443	0	87	5320907
HS	442	0	95	5321002
HS	441	0	85	5321087
HS	440	0	83	5321170
HS	439	0	95	5321265
HS	438	0	82	5321347
HS	437	0	85	5321432
HS	436	0	70	5321502
HS	435	0	66	5321568
HS	434	0	83	5321651
HS	433	0	60	5321711
HS	432	0	69	5321780
HS	431	0	76	5321856
HS	430	0	60	5321916
HS	429	0	56	5321972
HS	428	0	57	5322029
HS	427	0	42	5322071
HS	426	0	53	5322124
HS	425	0	63	5322187
HS	424	0	57	5322244
HS	423	0	52	5322296
HS	422	0	64	5322360
HS	421	0	56	5322416
HS	420	0	45	5322461
HS	419	0	47	5322508
HS	418	0	52	5322560
HS	417	0	41	5322601
HS	416	0	36	5322637
HS	415	0	46	5322683
HS	414	0	42	5322725
HS	413	0	34	5322759
HS	412	0	44	5322803
HS	411	0	47	5322850
HS	410	0	48	5322898
HS	409	0	39	5322937
HS	408	0	33	5322970
HS	407	0	31	5323001
HS	406	0	37	5323038
HS	405	0	20	5323058
HS	404	0	37	5323095
HS	403	0	31	5323126
HS	402	0	34	5323160
HS	401	0	30	5323190
HS	400	0	31	5323221
HS	399	0	24	5323245
HS	398	0	18	5323263
HS	397	0	27	5323290
HS	396	0	30	5323320
HS	395	0	32	5323352
HS	394	0	23	5323375
HS	393	0	32	5323407
HS	392	0	35	5323442
HS	391	0	38	5323480
HS	390	0	40	5323520
HS	389	0	33	5323553
HS	388	0	26	5323579
HS	387	0	36	5323615
HS	386	0	47	5323662
HS	385	0	33	5323695
HS	384	0	42	5323737
HS	383	0	33	5323770
HS	382	0	44	5323814
HS	381	0	40	5323854
HS	380	0	32	5323886
HS	379	0	42	5323928
HS	378	0	34	5323962
HS	377	0	33	5323995
HS	376	0	25	5324020
HS	375	0	35	5324055
HS	374	0	34	5324089
HS	373	0	33	5324122
HS	372	0	25	5324147
HS	371	0	45	5324192
HS	370	0	34	5324226
HS	369	0	31	5324257
HS	368	0	23	5324280
HS	367	0	25	5324305
HS	366	0	18	5324323
HS	365	0	30	5324353
HS	364	0	47	5324400
HS	363	0	39	5324439
HS	362	0	36	5324475
HS	361	0	24	5324499
HS	360	0	41	5324540
HS	359	0	36	5324576
HS	358	0	37	5324613
HS	357	0	41	5324654
HS	356	0	30	5324684
HS	355	0	23	5324707
HS	354	0	26	5324733
HS	353	0	25	5324758
HS	352	0	29	5324787
HS	351	0	17	5324804
HS	350	0	17	5324821
HS	349	0	16	5324837
HS	348	0	21	5324858
HS	347	0	18	5324876
HS	346	0	9	5324885
HS	345	0	17	5324902
HS	344	0	19	5324921
HS	343	0	18	5324939
HS	342	0	14	5324953
HS	341	0	25	5324978
HS	340	0	25	5325003
HS	339	0	19	5325022
HS	338	0	17	5325039
HS	337	0	25	5325064
HS	336	0	12	5325076
HS	335	0	12	5325088
HS	334	0	12	5325100
HS	333	0	12	5325112
HS	332	0	18	5325130
HS	331	0	7	5325137
HS	330	0	14	5325151
HS	329	0	14	5325165
HS	328	0	12	5325177
HS	327	0	15	5325192
HS	326	0	15	5325207
HS	325	0	4	5325211
HS	324	0	6	5325217
HS	323	0	4	5325221
HS	322	0	8	5325229
HS	321	0	4	5325233
HS	320	0	11	5325244
HS	319	0	8	5325252
HS	318	0	3	5325255
HS	317	0	10	5325265
HS	316	0	4	5325269
HS	315	0	7	5325276
HS	314	0	9	5325285
HS	313	0	7	5325292
HS	312	0	12	5325304
HS	311	0	5	5325309
HS	310	0	11	5325320
HS	309	0	7	5325327
HS	308	0	5	5325332
HS	307	0	7	5325339
HS	306	0	12	5325351
HS	305	0	10	5325361
HS	304	0	8	5325369
HS	303	0	9	5325378
HS	302	0	13	5325391
HS	301	0	12	5325403
HS	300	0	10	5325413
HS	299	0	1	5325414
HS	298	0	15	5325429
HS	297	0	7	5325436
HS	296	0	3	5325439
HS	295	0	7	5325446
HS	294	0	8	5325454
HS	293	0	10	5325464
HS	292	0	12	5325476
HS	291	0	14	5325490
HS	290	0	9	5325499
HS	289	0	9	5325508
HS	288	0	9	5325517
HS	287	0	9	5325526
HS	286	0	9	5325535
HS	285	0	3	5325538
HS	284	0	5	5325543
HS	283	0	4	5325547
HS	282	0	6	5325553
HS	281	0	11	5325564
HS	280	0	8	5325572
HS	279	0	7	5325579
HS	278	0	1	5325580
HS	277	0	9	5325589
HS	276	0	12	5325601
HS	275	0	11	5325612
HS	274	0	9	5325621
HS	273	0	6	5325627
HS	272	0	7	5325634
HS	271	0	11	5325645
HS	270	0	8	5325653
HS	269	0	8	5325661
HS	268	0	4	5325665
HS	267	0	10	5325675
HS	266	0	7	5325682
HS	265	0	12	5325694
HS	264	0	8	5325702
HS	263	0	9	5325711
HS	262	0	11	5325722
HS	261	0	10	5325732
HS	260	0	6	5325738
HS	259	0	2	5325740
HS	258	0	3	5325743
HS	257	0	2	5325745
HS	256	0	8	5325753
HS	255	0	3	5325756
HS	254	0	9	5325765
HS	253	0	0	5325765
HS	252	0	6	5325771
HS	251	0	3	5325774
HS	250	0	11	5325785
HS	249	0	9	5325794
HS	248	0	5	5325799
HS	247	0	6	5325805
HS	246	0	7	5325812
HS	245	0	5	5325817
HS	244	0	3	5325820
HS	243	0	7	5325827
HS	242	0	7	5325834
HS	241	0	5	5325839
HS	240	0	3	5325842
HS	239	0	3	5325845
HS	238	0	8	5325853
HS	237	0	4	5325857
HS	236	0	9	5325866
HS	235	0	5	5325871
HS	234	0	1	5325872
HS	233	0	1	5325873
HS	232	0	2	5325875
HS	231	0	2	5325877
HS	230	0	6	5325883
HS	229	0	1	5325884
HS	228	0	6	5325890
HS	227	0	9	5325899
HS	226	0	10	5325909
HS	225	0	7	5325916
HS	224	0	6	5325922
HS	223	0	8	5325930
HS	222	0	7	5325937
HS	221	0	9	5325946
HS	220	0	3	5325949
HS	219	0	8	5325957
HS	218	0	4	5325961
HS	217	0	5	5325966
HS	216	0	2	5325968
HS	215	0	4	5325972
HS	214	0	4	5325976
HS	213	0	6	5325982
HS	212	0	5	5325987
HS	211	0	0	5325987
HS	210	0	5	5325992
HS	209	0	4	5325996
HS	208	0	3	5325999
HS	207	0	5	5326004
HS	206	0	2	5326006
HS	205	0	3	5326009
HS	204	0	4	5326013
HS	203	0	4	5326017
HS	202	0	6	5326023
HS	201	0	9	5326032
HS	200	0	8	5326040
HS	199	0	3	5326043
HS	198	0	6	5326049
HS	197	0	9	5326058
HS	196	0	10	5326068
HS	195	0	8	5326076
HS	194	0	8	5326084
HS	193	0	4	5326088
HS	192	0	4	5326092
HS	191	0	5	5326097
HS	190	0	9	5326106
HS	189	0	8	5326114
HS	188	0	5	5326119
HS	187	0	5	5326124
HS	186	0	3	5326127
HS	185	0	7	5326134
HS	184	0	4	5326138
HS	183	0	7	5326145
HS	182	0	6	5326151
HS	181	0	5	5326156
HS	180	0	9	5326165
HS	179	0	14	5326179
HS	178	0	13	5326192
HS	177	0	5	5326197
HS	176	0	6	5326203
HS	175	0	11	5326214
HS	174	0	10	5326224
HS	173	0	12	5326236
HS	172	0	6	5326242
HS	171	0	12	5326254
HS	170	0	15	5326269
HS	169	0	15	5326284
HS	168	0	16	5326300
HS	167	0	13	5326313
HS	166	0	15	5326328
HS	165	0	15	5326343
HS	164	0	14	5326357
HS	163	0	12	5326369
HS	162	0	10	5326379
HS	161	0	10	5326389
HS	160	0	11	5326400
HS	159	0	12	5326412
HS	158	0	15	5326427
HS	157	0	23	5326450
HS	156	0	23	5326473
HS	155	0	16	5326489
HS	154	0	19	5326508
HS	153	0	12	5326520
HS	152	0	19	5326539
HS	151	0	12	5326551
HS	150	0	20	5326571
HS	149	0	18	5326589
HS	148	0	27	5326616
HS	147	0	28	5326644
HS	146	0	27	5326671
HS	145	0	23	5326694
HS	144	0	27	5326721
HS	143	0	28	5326749
HS	142	0	18	5326767
HS	141	0	19	5326786
HS	140	0	13	5326799
HS	139	0	19	5326818
HS	138	0	16	5326834
HS	137	0	14	5326848
HS	136	0	25	5326873
HS	135	0	17	5326890
HS	134	0	22	5326912
HS	133	0	22	5326934
HS	132	0	22	5326956
HS	131	0	22	5326978
HS	130	0	17	5326995
HS	129	0	25	5327020
HS	128	0	30	5327050
HS	127	0	22	5327072
HS	126	0	24	5327096
HS	125	0	25	5327121
HS	124	0	25	5327146
HS	123	0	48	5327194
HS	122	0	35	5327229
HS	121	0	35	5327264
HS	120	0	41	5327305
HS	119	0	30	5327335
HS	118	0	44	5327379
HS	117	0	37	5327416
HS	116	0	49	5327465
HS	115	0	45	5327510
HS	114	0	50	5327560
HS	113	0	39	5327599
HS	112	0	48	5327647
HS	111	0	44	5327691
HS	110	0	54	5327745
HS	109	0	63	5327808
HS	108	0	67	5327875
HS	107	0	63	5327938
HS	106	0	63	5328001
HS	105	0	61	5328062
HS	104	0	71	5328133
HS	103	0	67	5328200
HS	102	0	81	5328281
HS	101	0	74	5328355
HS	100	0	81	5328436
HS	99	0	64	5328500
HS	98	0	97	5328597
HS	97	0	70	5328667
HS	96	0	81	5328748
HS	95	0	108	5328856
HS	94	0	107	5328963
HS	93	0	103	5329066
HS	92	0	118	5329184
HS	91	0	103	5329287
HS	90	0	136	5329423
HS	89	0	126	5329549
HS	88	0	127	5329676
HS	87	0	133	5329809
HS	86	0	150	5329959
HS	85	0	135	5330094
HS	84	0	123	5330217
HS	83	0	133	5330350
HS	82	0	143	5330493
HS	81	0	183	5330676
HS	80	0	167	5330843
HS	79	0	206	5331049
HS	78	0	216	5331265
HS	77	0	255	5331520
HS	76	0	215	5331735
HS	75	0	203	5331938
HS	74	0	248	5332186
HS	73	0	280	5332466
HS	72	0	292	5332758
HS	71	0	332	5333090
HS	70	0	361	5333451
HS	69	0	360	5333811
HS	68	0	360	5334171
HS	67	0	364	5334535
HS	66	0	365	5334900
HS	65	0	413	5335313
HS	64	0	423	5335736
HS	63	0	499	5336235
HS	62	0	548	5336783
HS	61	0	656	5337439
HS	60	0	617	5338056
HS	59	0	670	5338726
HS	58	0	661	5339387
HS	57	0	748	5340135
HS	56	0	749	5340884
HS	55	0	866	5341750
HS	54	0	934	5342684
HS	53	0	1002	5343686
HS	52	0	1028	5344714
HS	51	0	1008	5345722
HS	50	0	1073	5346795
HS	49	0	1120	5347915
HS	48	0	1212	5349127
HS	47	0	1280	5350407
HS	46	0	1529	5351936
HS	45	0	1564	5353500
HS	44	0	1711	5355211
HS	43	0	1795	5357006
HS	42	0	1878	5358884
HS	41	0	2073	5360957
HS	40	0	2166	5363123
HS	39	0	2447	5365570
HS	38	0	2619	5368189
HS	37	0	2825	5371014
HS	36	0	3122	5374136
HS	35	0	3385	5377521
HS	34	0	3809	5381330
HS	33	0	4219	5385549
HS	32	0	4732	5390281
HS	31	0	5039	5395320
HS	30	0	5549	5400869
HS	29	0	6029	5406898
HS	28	0	6220	5413118
HS	27	0	6999	5420117
HS	26	0	8102	5428219
HS	25	0	9292	5437511
HS	24	0	10919	5448430
HS	23	0	12219	5460649
HS	22	0	14059	5474708
HS	21	0	16020	5490728
HS	20	0	18810	5509538
HS	19	0	22361	5531899
HS	18	0	26020	5557919
HS	17	0	31504	5589423
HS	16	0	38720	5628143
HS	15	0	47578	5675721
HS	14	0	61747	5737468
HS	13	0	81302	5818770
HS	12	0	109841	5928611
HS	11	0	149826	6078437
HS	10	0	213956	6292393
HS	9	0	316287	6608680
HS	8	0	487826	7096506
HS	7	0	799396	7895902
HS	6	0	1379231	9275133
HS	5	0	2568296	11843429
HS	4	0	5315173	17158602
HS	3	0	12714161	29872763
HS	2	0	36580997	66453760
HS	1	0	0	66453760
HS	0	0	0	66453760
