CC	CT  kmer_occurrence    short_read_kmer_count  raw_input_kmer_count  adjusted_input_kmer_count
CC	FR  fpr_lower_bound    fpr_upper_bound
CC	ER  total_input_kmers  adjusted_error_kmers
CC	CV  coverage
CC	QV  raw_quality_value  adjusted_quality_value
CC
SQ	CP126093.1	6139711	6139681	6136701	48.05
CT	1023	5827	87524	87524.000
CT	1022	1	4	4.000
CT	1021	1	4	4.000
CT	1020	3	19	19.000
CT	1019	3	14	14.000
CT	1018	2	14	14.000
CT	1017	1	5	5.000
CT	1016	2	10	10.000
CT	1015	1	5	5.000
CT	1014	1	4	4.000
CT	1013	2	8	8.000
CT	1012	3	16	16.000
CT	1011	2	14	14.000
CT	1010	3	14	14.000
CT	1009	2	10	10.000
CT	1008	1	6	6.000
CT	1007	3	15	15.000
CT	1006	3	13	13.000
CT	1005	2	12	12.000
CT	1004	3	15	15.000
CT	1003	0	0	0.000
CT	1002	2	9	9.000
CT	1001	3	14	14.000
CT	1000	2	4	4.000
CT	999	1	4	4.000
CT	998	3	12	12.000
CT	997	3	13	13.000
CT	996	4	18	18.000
CT	995	4	20	20.000
CT	994	5	22	22.000
CT	993	5	24	24.000
CT	992	6	30	30.000
CT	991	6	30	30.000
CT	990	1	4	4.000
CT	989	3	13	13.000
CT	988	7	33	33.000
CT	987	4	18	18.000
CT	986	5	20	20.000
CT	985	3	17	17.000
CT	984	5	27	27.000
CT	983	7	31	31.000
CT	982	7	28	28.000
CT	981	4	19	19.000
CT	980	4	18	18.000
CT	979	5	22	22.000
CT	978	6	31	31.000
CT	977	3	18	18.000
CT	976	6	31	31.000
CT	975	2	14	14.000
CT	974	3	14	14.000
CT	973	3	13	13.000
CT	972	4	19	19.000
CT	971	4	18	18.000
CT	970	5	29	29.000
CT	969	4	22	22.000
CT	968	1	5	5.000
CT	967	2	12	12.000
CT	966	5	28	28.000
CT	965	5	29	29.000
CT	964	3	14	14.000
CT	963	4	20	20.000
CT	962	6	34	34.000
CT	961	5	23	23.000
CT	960	5	23	23.000
CT	959	8	40	40.000
CT	958	3	16	16.000
CT	957	4	23	23.000
CT	956	6	32	32.000
CT	955	4	18	18.000
CT	954	6	32	32.000
CT	953	4	17	17.000
CT	952	6	35	35.000
CT	951	3	10	10.000
CT	950	4	23	23.000
CT	949	6	25	25.000
CT	948	3	12	12.000
CT	947	3	16	16.000
CT	946	2	10	10.000
CT	945	3	15	15.000
CT	944	4	22	22.000
CT	943	1	4	4.000
CT	942	3	14	14.000
CT	941	5	26	26.000
CT	940	3	18	18.000
CT	939	3	12	12.000
CT	938	5	25	25.000
CT	937	7	36	36.000
CT	936	5	18	18.000
CT	935	6	27	27.000
CT	934	5	22	22.000
CT	933	7	36	36.000
CT	932	5	26	26.000
CT	931	4	19	19.000
CT	930	11	50	50.000
CT	929	5	24	24.000
CT	928	6	29	29.000
CT	927	8	43	43.000
CT	926	3	14	14.000
CT	925	4	19	19.000
CT	924	5	21	21.000
CT	923	7	33	33.000
CT	922	2	10	10.000
CT	921	9	43	43.000
CT	920	8	38	38.000
CT	919	5	28	28.000
CT	918	4	21	21.000
CT	917	11	52	52.000
CT	916	3	15	15.000
CT	915	4	18	18.000
CT	914	3	14	14.000
CT	913	3	13	13.000
CT	912	6	28	28.000
CT	911	7	34	34.000
CT	910	6	27	27.000
CT	909	2	9	9.000
CT	908	3	16	16.000
CT	907	10	46	46.000
CT	906	8	31	31.000
CT	905	6	27	27.000
CT	904	7	35	35.000
CT	903	1	5	5.000
CT	902	2	11	11.000
CT	901	3	13	13.000
CT	900	0	0	0.000
CT	899	6	28	28.000
CT	898	4	20	20.000
CT	897	3	14	14.000
CT	896	5	24	24.000
CT	895	6	23	23.000
CT	894	8	37	37.000
CT	893	6	21	21.000
CT	892	5	26	26.000
CT	891	4	17	17.000
CT	890	5	23	23.000
CT	889	2	8	8.000
CT	888	4	12	12.000
CT	887	9	37	37.000
CT	886	2	10	10.000
CT	885	4	17	17.000
CT	884	6	22	22.000
CT	883	10	44	44.000
CT	882	6	29	29.000
CT	881	4	20	20.000
CT	880	2	9	9.000
CT	879	2	11	11.000
CT	878	4	25	25.000
CT	877	6	18	18.000
CT	876	4	25	25.000
CT	875	3	8	8.000
CT	874	3	15	15.000
CT	873	2	10	10.000
CT	872	4	27	27.000
CT	871	1	4	4.000
CT	870	4	16	16.000
CT	869	0	0	0.000
CT	868	2	10	10.000
CT	867	4	19	19.000
CT	866	6	26	26.000
CT	865	2	15	15.000
CT	864	6	23	23.000
CT	863	4	10	10.000
CT	862	5	20	20.000
CT	861	2	8	8.000
CT	860	6	18	18.000
CT	859	6	22	22.000
CT	858	3	18	18.000
CT	857	4	12	12.000
CT	856	4	14	14.000
CT	855	2	6	6.000
CT	854	4	14	14.000
CT	853	4	15	15.000
CT	852	5	18	18.000
CT	851	5	20	20.000
CT	850	7	26	26.000
CT	849	2	16	16.000
CT	848	4	17	17.000
CT	847	9	37	37.000
CT	846	9	40	40.000
CT	845	5	19	19.000
CT	844	8	30	30.000
CT	843	9	32	32.000
CT	842	7	26	26.000
CT	841	7	19	19.000
CT	840	5	13	13.000
CT	839	5	18	18.000
CT	838	7	21	21.000
CT	837	7	25	25.000
CT	836	3	9	9.000
CT	835	7	38	38.000
CT	834	7	27	27.000
CT	833	6	29	29.000
CT	832	7	28	28.000
CT	831	9	27	27.000
CT	830	8	25	25.000
CT	829	8	15	15.000
CT	828	9	36	36.000
CT	827	6	15	15.000
CT	826	8	26	26.000
CT	825	10	32	32.000
CT	824	10	39	39.000
CT	823	5	20	20.000
CT	822	4	13	13.000
CT	821	8	50	50.000
CT	820	8	29	29.000
CT	819	9	32	32.000
CT	818	5	15	15.000
CT	817	8	30	30.000
CT	816	8	45	45.000
CT	815	9	42	42.000
CT	814	4	20	20.000
CT	813	7	35	35.000
CT	812	1	4	4.000
CT	811	6	25	25.000
CT	810	5	15	15.000
CT	809	5	17	17.000
CT	808	6	26	26.000
CT	807	6	26	26.000
CT	806	4	15	15.000
CT	805	2	10	10.000
CT	804	3	10	10.000
CT	803	4	25	25.000
CT	802	8	43	43.000
CT	801	4	12	12.000
CT	800	6	35	35.000
CT	799	5	23	23.000
CT	798	5	24	24.000
CT	797	4	19	19.000
CT	796	8	42	42.000
CT	795	8	34	34.000
CT	794	6	24	24.000
CT	793	3	13	13.000
CT	792	7	35	35.000
CT	791	8	32	32.000
CT	790	7	38	38.000
CT	789	6	26	26.000
CT	788	6	28	28.000
CT	787	6	33	33.000
CT	786	4	17	17.000
CT	785	7	27	27.000
CT	784	5	22	22.000
CT	783	6	18	18.000
CT	782	7	23	23.000
CT	781	7	25	25.000
CT	780	5	12	12.000
CT	779	5	21	21.000
CT	778	6	24	24.000
CT	777	8	34	34.000
CT	776	3	14	14.000
CT	775	5	11	11.000
CT	774	6	18	18.000
CT	773	3	11	11.000
CT	772	1	4	4.000
CT	771	3	12	12.000
CT	770	6	20	20.000
CT	769	2	8	8.000
CT	768	6	36	36.000
CT	767	2	10	10.000
CT	766	2	14	14.000
CT	765	2	9	9.000
CT	764	1	7	7.000
CT	763	4	15	15.000
CT	762	1	4	4.000
CT	761	3	15	15.000
CT	760	2	15	15.000
CT	759	5	13	13.000
CT	758	4	4	4.000
CT	757	3	9	9.000
CT	756	3	11	11.000
CT	755	1	4	4.000
CT	754	1	3	3.000
CT	753	2	15	15.000
CT	752	7	34	34.000
CT	751	3	13	13.000
CT	750	3	15	15.000
CT	749	1	4	4.000
CT	748	4	12	12.000
CT	747	2	7	7.000
CT	746	1	0	0.000
CT	745	0	0	0.000
CT	744	3	9	9.000
CT	743	0	0	0.000
CT	742	2	4	4.000
CT	741	2	8	8.000
CT	740	1	5	5.000
CT	739	0	0	0.000
CT	738	0	0	0.000
CT	737	0	0	0.000
CT	736	2	8	8.000
CT	735	2	9	9.000
CT	734	0	0	0.000
CT	733	6	25	25.000
CT	732	8	32	32.000
CT	731	7	27	27.000
CT	730	1	4	4.000
CT	729	6	26	26.000
CT	728	3	12	12.000
CT	727	6	23	23.000
CT	726	5	20	20.000
CT	725	3	8	8.000
CT	724	5	20	20.000
CT	723	4	16	16.000
CT	722	1	3	3.000
CT	721	6	23	23.000
CT	720	4	10	10.000
CT	719	3	12	12.000
CT	718	4	15	15.000
CT	717	2	9	9.000
CT	716	1	4	4.000
CT	715	4	20	20.000
CT	714	1	4	4.000
CT	713	5	20	20.000
CT	712	4	14	14.000
CT	711	6	21	21.000
CT	710	3	8	8.000
CT	709	6	25	25.000
CT	708	2	7	7.000
CT	707	6	23	23.000
CT	706	6	21	21.000
CT	705	4	16	16.000
CT	704	1	3	3.000
CT	703	4	19	19.000
CT	702	5	20	20.000
CT	701	7	27	27.000
CT	700	4	16	16.000
CT	699	4	18	18.000
CT	698	5	20	20.000
CT	697	5	25	25.000
CT	696	7	28	28.000
CT	695	6	21	21.000
CT	694	4	11	11.000
CT	693	3	11	11.000
CT	692	4	16	16.000
CT	691	8	36	36.000
CT	690	12	55	55.000
CT	689	3	16	16.000
CT	688	9	27	27.000
CT	687	3	12	12.000
CT	686	11	53	53.000
CT	685	10	39	39.000
CT	684	9	44	44.000
CT	683	5	24	24.000
CT	682	5	23	23.000
CT	681	7	33	33.000
CT	680	12	46	46.000
CT	679	5	20	20.000
CT	678	10	44	44.000
CT	677	8	34	34.000
CT	676	9	35	35.000
CT	675	4	18	18.000
CT	674	6	21	21.000
CT	673	7	31	31.000
CT	672	9	38	38.000
CT	671	8	28	28.000
CT	670	5	16	16.000
CT	669	4	18	18.000
CT	668	8	35	35.000
CT	667	9	40	40.000
CT	666	12	37	37.000
CT	665	6	18	18.000
CT	664	6	21	21.000
CT	663	4	12	12.000
CT	662	4	16	16.000
CT	661	10	44	44.000
CT	660	8	25	25.000
CT	659	8	33	33.000
CT	658	3	11	11.000
CT	657	3	7	7.000
CT	656	8	25	25.000
CT	655	6	21	21.000
CT	654	7	23	23.000
CT	653	7	21	21.000
CT	652	5	21	21.000
CT	651	6	23	23.000
CT	650	12	37	37.000
CT	649	9	27	27.000
CT	648	6	13	13.000
CT	647	12	40	40.000
CT	646	10	37	37.000
CT	645	12	41	41.000
CT	644	15	41	41.000
CT	643	12	34	34.000
CT	642	11	31	31.000
CT	641	12	33	33.000
CT	640	7	20	20.000
CT	639	19	52	52.000
CT	638	10	35	35.000
CT	637	14	43	43.000
CT	636	10	19	19.000
CT	635	10	34	34.000
CT	634	12	31	31.000
CT	633	13	42	42.000
CT	632	20	57	57.000
CT	631	17	52	52.000
CT	630	16	47	47.000
CT	629	19	52	52.000
CT	628	15	38	38.000
CT	627	14	38	38.000
CT	626	9	18	18.000
CT	625	10	33	33.000
CT	624	11	28	28.000
CT	623	14	43	43.000
CT	622	11	33	33.000
CT	621	17	51	51.000
CT	620	7	20	20.000
CT	619	15	46	46.000
CT	618	13	39	39.000
CT	617	10	25	25.000
CT	616	13	40	40.000
CT	615	12	39	39.000
CT	614	13	40	40.000
CT	613	12	38	38.000
CT	612	12	40	40.000
CT	611	9	39	39.000
CT	610	12	28	28.000
CT	609	10	30	30.000
CT	608	14	41	41.000
CT	607	12	34	34.000
CT	606	20	43	43.000
CT	605	16	41	41.000
CT	604	16	44	44.000
CT	603	17	41	41.000
CT	602	19	46	46.000
CT	601	20	39	39.000
CT	600	19	56	56.000
CT	599	23	63	63.000
CT	598	24	61	61.000
CT	597	14	41	41.000
CT	596	18	37	37.000
CT	595	15	39	39.000
CT	594	18	57	57.000
CT	593	20	49	49.000
CT	592	20	48	48.000
CT	591	19	59	59.000
CT	590	19	36	36.000
CT	589	23	70	70.000
CT	588	33	81	81.000
CT	587	27	85	85.000
CT	586	22	59	59.000
CT	585	19	56	56.000
CT	584	23	58	58.000
CT	583	34	96	96.000
CT	582	21	50	50.000
CT	581	22	70	70.000
CT	580	20	61	61.000
CT	579	30	68	68.000
CT	578	38	120	120.000
CT	577	23	77	77.000
CT	576	26	71	71.000
CT	575	29	79	79.000
CT	574	28	74	74.000
CT	573	21	51	51.000
CT	572	27	77	77.000
CT	571	28	62	62.000
CT	570	20	54	54.000
CT	569	33	93	93.000
CT	568	26	68	68.000
CT	567	20	53	53.000
CT	566	27	75	75.000
CT	565	27	72	72.000
CT	564	31	89	89.000
CT	563	33	91	91.000
CT	562	33	93	93.000
CT	561	30	73	73.000
CT	560	28	85	85.000
CT	559	33	74	74.000
CT	558	36	75	75.000
CT	557	40	96	96.000
CT	556	40	115	115.000
CT	555	23	62	62.000
CT	554	33	87	87.000
CT	553	46	131	131.000
CT	552	39	99	99.000
CT	551	39	128	128.000
CT	550	39	94	94.000
CT	549	44	114	114.000
CT	548	46	111	111.000
CT	547	42	121	121.000
CT	546	21	54	54.000
CT	545	34	77	77.000
CT	544	43	116	116.000
CT	543	54	127	127.000
CT	542	42	96	96.000
CT	541	32	78	78.000
CT	540	33	62	62.000
CT	539	39	75	75.000
CT	538	33	75	75.000
CT	537	42	94	94.000
CT	536	47	92	92.000
CT	535	40	90	90.000
CT	534	40	119	119.000
CT	533	44	108	108.000
CT	532	36	90	90.000
CT	531	43	124	124.000
CT	530	40	96	96.000
CT	529	44	103	103.000
CT	528	50	122	122.000
CT	527	49	116	116.000
CT	526	41	86	86.000
CT	525	49	78	78.000
CT	524	55	104	104.000
CT	523	57	103	103.000
CT	522	53	109	109.000
CT	521	50	98	98.000
CT	520	53	113	113.000
CT	519	41	71	71.000
CT	518	51	75	75.000
CT	517	47	88	88.000
CT	516	42	74	74.000
CT	515	41	67	67.000
CT	514	39	67	67.000
CT	513	41	76	76.000
CT	512	47	84	84.000
CT	511	41	66	66.000
CT	510	51	86	86.000
CT	509	48	101	101.000
CT	508	51	97	97.000
CT	507	38	65	65.000
CT	506	58	102	102.000
CT	505	61	95	95.000
CT	504	51	81	81.000
CT	503	55	91	91.000
CT	502	58	105	105.000
CT	501	79	120	120.000
CT	500	60	102	102.000
CT	499	51	72	72.000
CT	498	56	88	88.000
CT	497	58	70	70.000
CT	496	65	103	103.000
CT	495	59	88	88.000
CT	494	78	123	123.000
CT	493	58	100	100.000
CT	492	71	94	94.000
CT	491	76	104	104.000
CT	490	59	87	87.000
CT	489	78	115	115.000
CT	488	81	113	113.000
CT	487	104	160	160.000
CT	486	93	137	137.000
CT	485	72	105	105.000
CT	484	86	116	116.000
CT	483	79	108	108.000
CT	482	68	100	100.000
CT	481	72	108	108.000
CT	480	81	109	109.000
CT	479	99	131	131.000
CT	478	107	154	154.000
CT	477	105	158	158.000
CT	476	84	112	112.000
CT	475	96	133	133.000
CT	474	98	137	137.000
CT	473	116	167	167.000
CT	472	99	154	154.000
CT	471	106	163	163.000
CT	470	104	160	160.000
CT	469	117	171	171.000
CT	468	100	138	138.000
CT	467	99	145	145.000
CT	466	126	190	190.000
CT	465	113	151	151.000
CT	464	131	194	194.000
CT	463	131	189	189.000
CT	462	124	172	172.000
CT	461	115	140	140.000
CT	460	128	184	184.000
CT	459	147	186	186.000
CT	458	134	192	192.000
CT	457	146	181	181.000
CT	456	140	196	196.000
CT	455	147	182	182.000
CT	454	165	240	240.000
CT	453	150	199	199.000
CT	452	194	284	284.000
CT	451	183	244	244.000
CT	450	196	256	256.000
CT	449	220	300	300.000
CT	448	223	280	280.000
CT	447	221	275	275.000
CT	446	256	315	315.000
CT	445	223	254	254.000
CT	444	219	266	266.000
CT	443	217	298	298.000
CT	442	249	339	339.000
CT	441	250	349	349.000
CT	440	236	304	304.000
CT	439	240	287	287.000
CT	438	252	345	345.000
CT	437	225	302	302.000
CT	436	257	341	341.000
CT	435	240	329	329.000
CT	434	254	378	378.000
CT	433	256	336	336.000
CT	432	270	334	334.000
CT	431	254	325	325.000
CT	430	279	327	327.000
CT	429	296	368	368.000
CT	428	309	380	380.000
CT	427	316	379	379.000
CT	426	295	333	333.000
CT	425	318	385	385.000
CT	424	321	396	396.000
CT	423	352	411	411.000
CT	422	367	441	441.000
CT	421	358	413	413.000
CT	420	401	470	470.000
CT	419	409	497	497.000
CT	418	418	502	502.000
CT	417	412	486	486.000
CT	416	421	491	491.000
CT	415	426	491	491.000
CT	414	414	489	489.000
CT	413	420	498	498.000
CT	412	411	467	467.000
CT	411	429	495	495.000
CT	410	443	489	489.000
CT	409	521	601	601.000
CT	408	465	530	530.000
CT	407	500	562	562.000
CT	406	492	571	571.000
CT	405	517	604	604.000
CT	404	524	612	612.000
CT	403	549	617	617.000
CT	402	550	637	637.000
CT	401	599	646	646.000
CT	400	591	663	663.000
CT	399	523	580	580.000
CT	398	579	627	627.000
CT	397	635	692	692.000
CT	396	604	652	652.000
CT	395	651	715	715.000
CT	394	674	720	720.000
CT	393	678	738	738.000
CT	392	635	698	698.000
CT	391	725	774	774.000
CT	390	685	731	731.000
CT	389	714	775	775.000
CT	388	752	786	786.000
CT	387	779	851	851.000
CT	386	821	883	883.000
CT	385	749	810	810.000
CT	384	816	879	879.000
CT	383	768	829	829.000
CT	382	858	916	916.000
CT	381	872	909	909.000
CT	380	912	979	979.000
CT	379	892	972	972.000
CT	378	887	967	967.000
CT	377	874	936	936.000
CT	376	935	1052	1052.000
CT	375	922	981	981.000
CT	374	959	1043	1043.000
CT	373	909	972	972.000
CT	372	966	1061	1061.000
CT	371	1013	1069	1069.000
CT	370	1053	1135	1135.000
CT	369	1049	1102	1102.000
CT	368	1066	1120	1120.000
CT	367	1127	1192	1192.000
CT	366	1143	1201	1201.000
CT	365	1156	1237	1237.000
CT	364	1151	1200	1200.000
CT	363	1179	1244	1244.000
CT	362	1188	1239	1239.000
CT	361	1160	1216	1216.000
CT	360	1210	1303	1303.000
CT	359	1119	1205	1205.000
CT	358	1234	1326	1326.000
CT	357	1301	1414	1414.000
CT	356	1231	1297	1297.000
CT	355	1380	1481	1481.000
CT	354	1370	1434	1434.000
CT	353	1399	1482	1482.000
CT	352	1506	1581	1581.000
CT	351	1466	1567	1567.000
CT	350	1516	1591	1591.000
CT	349	1516	1583	1583.000
CT	348	1570	1642	1642.000
CT	347	1566	1650	1650.000
CT	346	1705	1798	1798.000
CT	345	1567	1649	1649.000
CT	344	1688	1751	1751.000
CT	343	1773	1838	1838.000
CT	342	1766	1831	1831.000
CT	341	1830	1909	1909.000
CT	340	1786	1845	1845.000
CT	339	1840	1900	1900.000
CT	338	1855	1926	1926.000
CT	337	1935	1972	1972.000
CT	336	1945	2029	2029.000
CT	335	2061	2108	2108.000
CT	334	2101	2183	2183.000
CT	333	2083	2136	2136.000
CT	332	2095	2157	2157.000
CT	331	2194	2271	2271.000
CT	330	2158	2236	2236.000
CT	329	2197	2282	2282.000
CT	328	2339	2385	2385.000
CT	327	2338	2432	2432.000
CT	326	2395	2483	2483.000
CT	325	2427	2524	2524.000
CT	324	2407	2493	2493.000
CT	323	2386	2504	2504.000
CT	322	2432	2551	2551.000
CT	321	2524	2624	2624.000
CT	320	2436	2520	2520.000
CT	319	2642	2712	2712.000
CT	318	2764	2856	2856.000
CT	317	2791	2882	2882.000
CT	316	2831	2934	2934.000
CT	315	2932	3029	3029.000
CT	314	2823	2894	2894.000
CT	313	2918	3016	3016.000
CT	312	3072	3148	3148.000
CT	311	3039	3125	3125.000
CT	310	3275	3379	3379.000
CT	309	3141	3243	3243.000
CT	308	3276	3399	3399.000
CT	307	3195	3321	3321.000
CT	306	3341	3453	3453.000
CT	305	3448	3566	3566.000
CT	304	3459	3532	3532.000
CT	303	3431	3502	3502.000
CT	302	3668	3742	3742.000
CT	301	3685	3761	3761.000
CT	300	3832	3921	3921.000
CT	299	3905	3989	3989.000
CT	298	3826	3914	3914.000
CT	297	3946	4009	4009.000
CT	296	3839	3914	3914.000
CT	295	3955	4040	4040.000
CT	294	4006	4093	4093.000
CT	293	4194	4265	4265.000
CT	292	4352	4438	4438.000
CT	291	4303	4388	4388.000
CT	290	4515	4616	4616.000
CT	289	4460	4576	4576.000
CT	288	4609	4710	4710.000
CT	287	4786	4888	4888.000
CT	286	4750	4868	4868.000
CT	285	4757	4842	4842.000
CT	284	5075	5177	5177.000
CT	283	4820	4921	4921.000
CT	282	5135	5265	5265.000
CT	281	5292	5386	5386.000
CT	280	5336	5429	5429.000
CT	279	5374	5451	5451.000
CT	278	5443	5532	5532.000
CT	277	5608	5674	5674.000
CT	276	5657	5761	5761.000
CT	275	5762	5854	5854.000
CT	274	5929	6040	6040.000
CT	273	5811	5907	5907.000
CT	272	5988	6097	6097.000
CT	271	6101	6219	6219.000
CT	270	6055	6146	6146.000
CT	269	6142	6238	6238.000
CT	268	6376	6472	6472.000
CT	267	6442	6550	6550.000
CT	266	6657	6751	6751.000
CT	265	6815	6923	6923.000
CT	264	6809	6903	6903.000
CT	263	6898	6986	6986.000
CT	262	6954	7029	7029.000
CT	261	7081	7172	7172.000
CT	260	7189	7292	7292.000
CT	259	7391	7494	7494.000
CT	258	7454	7552	7552.000
CT	257	7546	7666	7666.000
CT	256	7624	7724	7724.000
CT	255	7859	7962	7962.000
CT	254	7893	7986	7986.000
CT	253	7925	8016	8016.000
CT	252	8304	8413	8413.000
CT	251	8380	8459	8459.000
CT	250	8312	8380	8380.000
CT	249	8523	8626	8626.000
CT	248	8722	8799	8799.000
CT	247	8822	8894	8894.000
CT	246	8957	9072	9072.000
CT	245	9106	9206	9206.000
CT	244	9018	9113	9113.000
CT	243	9362	9480	9480.000
CT	242	9476	9583	9583.000
CT	241	9531	9628	9628.000
CT	240	9723	9846	9846.000
CT	239	10039	10144	10144.000
CT	238	9959	10060	10060.000
CT	237	10279	10410	10410.000
CT	236	10455	10553	10553.000
CT	235	10664	10775	10775.000
CT	234	10622	10735	10735.000
CT	233	10698	10837	10837.000
CT	232	10817	10932	10932.000
CT	231	10883	10993	10993.000
CT	230	11191	11295	11295.000
CT	229	11292	11410	11410.000
CT	228	11528	11631	11631.000
CT	227	11581	11696	11696.000
CT	226	11835	11957	11957.000
CT	225	11837	11983	11983.000
CT	224	12155	12274	12274.000
CT	223	12440	12556	12556.000
CT	222	12476	12605	12605.000
CT	221	12826	12953	12953.000
CT	220	12752	12869	12869.000
CT	219	13086	13206	13206.000
CT	218	13199	13324	13324.000
CT	217	13154	13264	13264.000
CT	216	13920	14003	14003.000
CT	215	13863	13939	13939.000
CT	214	13921	13995	13995.000
CT	213	14242	14311	14311.000
CT	212	14290	14375	14375.000
CT	211	14577	14641	14641.000
CT	210	14777	14845	14845.000
CT	209	14819	14863	14863.000
CT	208	15066	15148	15148.000
CT	207	15362	15425	15425.000
CT	206	15588	15662	15662.000
CT	205	15789	15874	15874.000
CT	204	16048	16145	16145.000
CT	203	16353	16423	16423.000
CT	202	16681	16748	16748.000
CT	201	16845	16927	16927.000
CT	200	16975	17059	17059.000
CT	199	17269	17342	17342.000
CT	198	17408	17476	17476.000
CT	197	17689	17732	17732.000
CT	196	17882	17952	17952.000
CT	195	17945	18002	18002.000
CT	194	18381	18425	18425.000
CT	193	18466	18543	18543.000
CT	192	18356	18418	18418.000
CT	191	19117	19186	19186.000
CT	190	19353	19415	19415.000
CT	189	19582	19630	19630.000
CT	188	19765	19815	19815.000
CT	187	19931	20011	20011.000
CT	186	20549	20612	20612.000
CT	185	20423	20477	20477.000
CT	184	20689	20754	20754.000
CT	183	20963	21025	21025.000
CT	182	21578	21632	21632.000
CT	181	21501	21555	21555.000
CT	180	21750	21809	21809.000
CT	179	22017	22068	22068.000
CT	178	22188	22240	22240.000
CT	177	22817	22876	22876.000
CT	176	23016	23055	23055.000
CT	175	23247	23296	23296.000
CT	174	24044	24108	24108.000
CT	173	24096	24163	24163.000
CT	172	24416	24465	24465.000
CT	171	24783	24848	24848.000
CT	170	25337	25390	25390.000
CT	169	25578	25618	25618.000
CT	168	25671	25720	25720.000
CT	167	26000	26070	26070.000
CT	166	26444	26499	26499.000
CT	165	26122	26182	26182.000
CT	164	26729	26787	26787.000
CT	163	26908	26957	26957.000
CT	162	27522	27583	27583.000
CT	161	27780	27833	27833.000
CT	160	28137	28209	28209.000
CT	159	28232	28305	28305.000
CT	158	28672	28739	28739.000
CT	157	29057	29116	29116.000
CT	156	29232	29308	29308.000
CT	155	29805	29880	29880.000
CT	154	30088	30137	30137.000
CT	153	30595	30664	30664.000
CT	152	31037	31107	31107.000
CT	151	30966	31017	31017.000
CT	150	31968	32006	32006.000
CT	149	32467	32500	32500.000
CT	148	33031	33071	33071.000
CT	147	32940	32971	32971.000
CT	146	33042	33087	33087.000
CT	145	34102	34157	34157.000
CT	144	34033	34081	34081.000
CT	143	34843	34911	34911.000
CT	142	34239	34297	34297.000
CT	141	35479	35541	35541.000
CT	140	35568	35617	35617.000
CT	139	35997	36060	36060.000
CT	138	36911	36959	36959.000
CT	137	37298	37351	37351.000
CT	136	37625	37674	37674.000
CT	135	38077	38115	38115.000
CT	134	38176	38231	38231.000
CT	133	38556	38601	38601.000
CT	132	39320	39352	39352.000
CT	131	40030	40063	40063.000
CT	130	39733	39757	39757.000
CT	129	39907	39926	39926.000
CT	128	40506	40536	40536.000
CT	127	40752	40775	40775.000
CT	126	41390	41449	41449.000
CT	125	42170	42231	42231.000
CT	124	42384	42430	42430.000
CT	123	42595	42630	42630.000
CT	122	42803	42818	42818.000
CT	121	43155	43164	43164.000
CT	120	43519	43517	43517.000
CT	119	43899	43900	43900.000
CT	118	44073	44050	44050.000
CT	117	44920	44918	44918.000
CT	116	44607	44613	44613.000
CT	115	44871	44875	44875.000
CT	114	45604	45599	45599.000
CT	113	45859	45860	45860.000
CT	112	45986	45980	45980.000
CT	111	46682	46687	46687.000
CT	110	46083	46083	46083.000
CT	109	46839	46838	46838.000
CT	108	46880	46888	46888.000
CT	107	46829	46828	46828.000
CT	106	46115	46121	46121.000
CT	105	46739	46735	46735.000
CT	104	46975	46971	46971.000
CT	103	46847	46837	46837.000
CT	102	47007	47002	47002.000
CT	101	47056	47036	47036.000
CT	100	46803	46769	46769.000
CT	99	46744	46711	46711.000
CT	98	46714	46687	46687.000
CT	97	46407	46377	46377.000
CT	96	46517	46486	46486.000
CT	95	47040	46995	46995.000
CT	94	46342	46310	46310.000
CT	93	46389	46343	46343.000
CT	92	46055	46010	46010.000
CT	91	45751	45719	45719.000
CT	90	44981	44948	44948.000
CT	89	44736	44705	44705.000
CT	88	44165	44131	44131.000
CT	87	43384	43331	43331.000
CT	86	43269	43205	43205.000
CT	85	42262	42212	42212.000
CT	84	41670	41613	41613.000
CT	83	40452	40410	40410.000
CT	82	39723	39672	39672.000
CT	81	38614	38558	38558.000
CT	80	37824	37767	37767.000
CT	79	37363	37312	37312.000
CT	78	36786	36738	36738.000
CT	77	36248	36200	36200.000
CT	76	34858	34792	34792.000
CT	75	33744	33661	33660.999
CT	74	32768	32707	32707.000
CT	73	32060	31996	31996.000
CT	72	30496	30429	30428.999
CT	71	29890	29827	29827.000
CT	70	28848	28793	28793.000
CT	69	28339	28262	28261.999
CT	68	26494	26423	26422.999
CT	67	25797	25699	25698.999
CT	66	24462	24384	24383.999
CT	65	23107	23015	23014.999
CT	64	22089	21989	21988.999
CT	63	21294	21211	21210.999
CT	62	19866	19801	19800.999
CT	61	18744	18665	18664.999
CT	60	17889	17798	17797.999
CT	59	16793	16682	16681.999
CT	58	15795	15688	15687.999
CT	57	15208	15120	15119.999
CT	56	14244	14134	14133.999
CT	55	13153	13034	13033.999
CT	54	12392	12270	12269.999
CT	53	11686	11548	11547.999
CT	52	10669	10525	10524.999
CT	51	10139	9975	9974.998
CT	50	9160	9053	9052.999
CT	49	8329	8153	8152.998
CT	48	7666	7493	7492.998
CT	47	6944	6740	6739.998
CT	46	6217	6007	6006.998
CT	45	5736	5501	5500.998
CT	44	5468	5225	5224.998
CT	43	4980	4705	4704.997
CT	42	4552	4265	4264.997
CT	41	4059	3726	3725.997
CT	40	3671	3301	3300.997
CT	39	3349	2947	2946.996
CT	38	2922	2467	2466.996
CT	37	2823	2310	2309.995
CT	36	2661	2074	2073.994
CT	35	2503	1837	1836.994
CT	34	2370	1573	1572.993
CT	33	2457	1562	1561.992
CT	32	2500	1483	1482.990
CT	31	2443	1315	1314.989
CT	30	2291	1037	1036.988
CT	29	2473	863	862.985
CT	28	2477	702	701.983
CT	27	2537	689	688.983
CT	26	2974	643	642.978
CT	25	3137	569	568.976
CT	24	3331	487	486.973
CT	23	3667	464	463.970
CT	22	4377	384	383.962
CT	21	4932	317	316.957
CT	20	5964	265	264.946
CT	19	7302	241	240.934
CT	18	8857	195	194.918
CT	17	11025	116	115.897
CT	16	13497	87	86.874
CT	15	16007	44	43.850
CT	14	20202	43	42.810
CT	13	24806	22	21.767
CT	12	31277	25	24.706
CT	11	40416	7	6.620
CT	10	54800	39	38.485
CT	9	75307	18	17.291
CT	8	108909	34	32.975
CT	7	160326	6	4.491
CT	6	246590	2	0.000
CT	5	432272	10	-nan
CT	4	878557	27	-nan
CT	3	2288140	64	-nan
CT	2	8959415	84	-nan
CT	1	0	0	-nan
CT	0	0	2980	-nan
FR	9.42e-06	8.11e-06
ER	6139681	0.000
CV	1.000
QV	48.052	48.052
