CC	CT  kmer_occurrence    short_read_kmer_count  raw_input_kmer_count  adjusted_input_kmer_count
CC	FR  fpr_lower_bound    fpr_upper_bound
CC	ER  total_input_kmers  adjusted_error_kmers
CC	CV  coverage
CC	QV  raw_quality_value  adjusted_quality_value
CC
SQ	CP127194.1	5395829	5395799	5390569	45.05
CT	1023	5392	69171	69171.000
CT	1022	0	0	0.000
CT	1021	2	12	12.000
CT	1020	2	10	10.000
CT	1019	1	6	6.000
CT	1018	0	0	0.000
CT	1017	0	0	0.000
CT	1016	3	16	16.000
CT	1015	6	32	32.000
CT	1014	1	5	5.000
CT	1013	1	6	6.000
CT	1012	2	11	11.000
CT	1011	3	16	16.000
CT	1010	6	29	29.000
CT	1009	2	11	11.000
CT	1008	2	10	10.000
CT	1007	3	16	16.000
CT	1006	0	0	0.000
CT	1005	1	5	5.000
CT	1004	4	18	18.000
CT	1003	2	8	8.000
CT	1002	3	16	16.000
CT	1001	2	8	8.000
CT	1000	2	9	9.000
CT	999	1	6	6.000
CT	998	1	5	5.000
CT	997	6	22	22.000
CT	996	1	5	5.000
CT	995	2	10	10.000
CT	994	0	0	0.000
CT	993	0	0	0.000
CT	992	0	0	0.000
CT	991	2	6	6.000
CT	990	0	0	0.000
CT	989	2	6	6.000
CT	988	4	16	16.000
CT	987	0	0	0.000
CT	986	1	5	5.000
CT	985	2	10	10.000
CT	984	0	0	0.000
CT	983	0	0	0.000
CT	982	0	0	0.000
CT	981	2	14	14.000
CT	980	1	6	6.000
CT	979	1	5	5.000
CT	978	2	16	16.000
CT	977	1	5	5.000
CT	976	1	6	6.000
CT	975	4	28	28.000
CT	974	1	11	11.000
CT	973	1	5	5.000
CT	972	0	0	0.000
CT	971	0	0	0.000
CT	970	0	0	0.000
CT	969	0	0	0.000
CT	968	0	0	0.000
CT	967	1	5	5.000
CT	966	1	6	6.000
CT	965	1	6	6.000
CT	964	1	5	5.000
CT	963	2	12	12.000
CT	962	1	11	11.000
CT	961	0	0	0.000
CT	960	1	4	4.000
CT	959	0	0	0.000
CT	958	1	11	11.000
CT	957	1	6	6.000
CT	956	1	11	11.000
CT	955	0	0	0.000
CT	954	0	0	0.000
CT	953	0	0	0.000
CT	952	4	27	27.000
CT	951	4	44	44.000
CT	950	2	21	21.000
CT	949	4	38	38.000
CT	948	3	21	21.000
CT	947	5	44	44.000
CT	946	0	0	0.000
CT	945	3	21	21.000
CT	944	7	46	46.000
CT	943	2	16	16.000
CT	942	2	10	10.000
CT	941	2	11	11.000
CT	940	0	0	0.000
CT	939	1	10	10.000
CT	938	0	0	0.000
CT	937	2	10	10.000
CT	936	0	0	0.000
CT	935	4	25	25.000
CT	934	2	11	11.000
CT	933	4	30	30.000
CT	932	4	20	20.000
CT	931	0	0	0.000
CT	930	4	20	20.000
CT	929	2	16	16.000
CT	928	2	16	16.000
CT	927	3	25	25.000
CT	926	3	18	18.000
CT	925	3	17	17.000
CT	924	4	22	22.000
CT	923	2	9	9.000
CT	922	3	21	21.000
CT	921	3	23	23.000
CT	920	2	11	11.000
CT	919	1	6	6.000
CT	918	1	5	5.000
CT	917	3	15	15.000
CT	916	3	17	17.000
CT	915	0	0	0.000
CT	914	3	16	16.000
CT	913	1	5	5.000
CT	912	1	5	5.000
CT	911	0	0	0.000
CT	910	1	5	5.000
CT	909	1	6	6.000
CT	908	3	10	10.000
CT	907	0	0	0.000
CT	906	4	20	20.000
CT	905	0	0	0.000
CT	904	3	15	15.000
CT	903	5	26	26.000
CT	902	0	0	0.000
CT	901	3	18	18.000
CT	900	1	4	4.000
CT	899	0	0	0.000
CT	898	0	0	0.000
CT	897	2	9	9.000
CT	896	5	22	22.000
CT	895	2	10	10.000
CT	894	0	0	0.000
CT	893	1	4	4.000
CT	892	2	14	14.000
CT	891	2	11	11.000
CT	890	2	10	10.000
CT	889	1	4	4.000
CT	888	3	8	8.000
CT	887	1	4	4.000
CT	886	1	0	0.000
CT	885	1	0	0.000
CT	884	1	3	3.000
CT	883	2	10	10.000
CT	882	1	4	4.000
CT	881	2	3	3.000
CT	880	4	14	14.000
CT	879	2	4	4.000
CT	878	5	10	10.000
CT	877	2	12	12.000
CT	876	0	0	0.000
CT	875	2	13	13.000
CT	874	5	23	23.000
CT	873	3	12	12.000
CT	872	5	16	16.000
CT	871	4	13	13.000
CT	870	1	4	4.000
CT	869	2	4	4.000
CT	868	2	5	5.000
CT	867	2	3	3.000
CT	866	2	7	7.000
CT	865	1	4	4.000
CT	864	2	9	9.000
CT	863	2	7	7.000
CT	862	0	0	0.000
CT	861	2	6	6.000
CT	860	2	8	8.000
CT	859	1	6	6.000
CT	858	2	8	8.000
CT	857	1	0	0.000
CT	856	0	0	0.000
CT	855	2	8	8.000
CT	854	3	14	14.000
CT	853	1	5	5.000
CT	852	4	4	4.000
CT	851	2	5	5.000
CT	850	4	16	16.000
CT	849	5	12	12.000
CT	848	4	8	8.000
CT	847	5	12	12.000
CT	846	3	10	10.000
CT	845	2	8	8.000
CT	844	5	13	13.000
CT	843	4	16	16.000
CT	842	4	15	15.000
CT	841	4	9	9.000
CT	840	5	12	12.000
CT	839	3	12	12.000
CT	838	4	14	14.000
CT	837	1	4	4.000
CT	836	1	4	4.000
CT	835	2	5	5.000
CT	834	4	18	18.000
CT	833	2	10	10.000
CT	832	2	9	9.000
CT	831	4	18	18.000
CT	830	1	9	9.000
CT	829	3	12	12.000
CT	828	2	11	11.000
CT	827	4	18	18.000
CT	826	5	21	21.000
CT	825	2	8	8.000
CT	824	2	9	9.000
CT	823	2	10	10.000
CT	822	3	14	14.000
CT	821	2	6	6.000
CT	820	2	9	9.000
CT	819	4	14	14.000
CT	818	2	10	10.000
CT	817	11	39	39.000
CT	816	5	20	20.000
CT	815	4	13	13.000
CT	814	4	17	17.000
CT	813	5	20	20.000
CT	812	5	16	16.000
CT	811	5	16	16.000
CT	810	7	22	22.000
CT	809	7	29	29.000
CT	808	10	34	34.000
CT	807	6	18	18.000
CT	806	7	26	26.000
CT	805	6	24	24.000
CT	804	6	24	24.000
CT	803	4	10	10.000
CT	802	4	12	12.000
CT	801	13	50	50.000
CT	800	6	20	20.000
CT	799	11	37	37.000
CT	798	7	25	25.000
CT	797	6	26	26.000
CT	796	3	10	10.000
CT	795	13	45	45.000
CT	794	4	13	13.000
CT	793	6	19	19.000
CT	792	9	27	27.000
CT	791	7	29	29.000
CT	790	7	26	26.000
CT	789	4	13	13.000
CT	788	6	23	23.000
CT	787	6	20	20.000
CT	786	3	10	10.000
CT	785	3	11	11.000
CT	784	6	23	23.000
CT	783	4	15	15.000
CT	782	4	14	14.000
CT	781	4	13	13.000
CT	780	4	17	17.000
CT	779	5	18	18.000
CT	778	5	18	18.000
CT	777	4	15	15.000
CT	776	7	23	23.000
CT	775	3	11	11.000
CT	774	4	16	16.000
CT	773	2	8	8.000
CT	772	4	17	17.000
CT	771	1	4	4.000
CT	770	4	16	16.000
CT	769	1	3	3.000
CT	768	2	8	8.000
CT	767	8	31	31.000
CT	766	4	15	15.000
CT	765	5	20	20.000
CT	764	5	16	16.000
CT	763	4	17	17.000
CT	762	7	25	25.000
CT	761	8	30	30.000
CT	760	5	16	16.000
CT	759	5	20	20.000
CT	758	2	7	7.000
CT	757	3	14	14.000
CT	756	2	7	7.000
CT	755	4	17	17.000
CT	754	6	29	29.000
CT	753	5	21	21.000
CT	752	3	10	10.000
CT	751	6	26	26.000
CT	750	4	17	17.000
CT	749	6	25	25.000
CT	748	3	11	11.000
CT	747	4	17	17.000
CT	746	2	9	9.000
CT	745	4	16	16.000
CT	744	2	7	7.000
CT	743	4	12	12.000
CT	742	4	19	19.000
CT	741	4	19	19.000
CT	740	7	24	24.000
CT	739	3	9	9.000
CT	738	7	28	28.000
CT	737	5	21	21.000
CT	736	5	17	17.000
CT	735	8	29	29.000
CT	734	2	10	10.000
CT	733	4	17	17.000
CT	732	2	8	8.000
CT	731	5	18	18.000
CT	730	5	15	15.000
CT	729	5	21	21.000
CT	728	13	47	47.000
CT	727	6	18	18.000
CT	726	3	11	11.000
CT	725	8	28	28.000
CT	724	5	15	15.000
CT	723	10	35	35.000
CT	722	6	23	23.000
CT	721	5	21	21.000
CT	720	2	7	7.000
CT	719	5	16	16.000
CT	718	7	28	28.000
CT	717	5	15	15.000
CT	716	3	9	9.000
CT	715	3	15	15.000
CT	714	5	25	25.000
CT	713	6	18	18.000
CT	712	2	5	5.000
CT	711	7	18	18.000
CT	710	5	13	13.000
CT	709	3	11	11.000
CT	708	9	30	30.000
CT	707	6	21	21.000
CT	706	3	10	10.000
CT	705	3	10	10.000
CT	704	3	11	11.000
CT	703	6	21	21.000
CT	702	6	19	19.000
CT	701	2	5	5.000
CT	700	3	10	10.000
CT	699	4	14	14.000
CT	698	4	12	12.000
CT	697	3	10	10.000
CT	696	4	11	11.000
CT	695	3	10	10.000
CT	694	3	11	11.000
CT	693	5	12	12.000
CT	692	4	11	11.000
CT	691	1	3	3.000
CT	690	3	9	9.000
CT	689	5	18	18.000
CT	688	4	13	13.000
CT	687	2	7	7.000
CT	686	4	11	11.000
CT	685	5	12	12.000
CT	684	6	15	15.000
CT	683	4	9	9.000
CT	682	6	17	17.000
CT	681	4	9	9.000
CT	680	1	3	3.000
CT	679	8	24	24.000
CT	678	4	11	11.000
CT	677	4	9	9.000
CT	676	2	6	6.000
CT	675	7	18	18.000
CT	674	3	7	7.000
CT	673	7	17	17.000
CT	672	8	19	19.000
CT	671	6	16	16.000
CT	670	7	16	16.000
CT	669	7	17	17.000
CT	668	4	8	8.000
CT	667	6	16	16.000
CT	666	2	6	6.000
CT	665	4	9	9.000
CT	664	5	11	11.000
CT	663	2	6	6.000
CT	662	7	20	20.000
CT	661	4	14	14.000
CT	660	7	22	22.000
CT	659	5	14	14.000
CT	658	4	12	12.000
CT	657	6	17	17.000
CT	656	6	18	18.000
CT	655	10	27	27.000
CT	654	4	14	14.000
CT	653	7	20	20.000
CT	652	11	32	32.000
CT	651	10	27	27.000
CT	650	8	20	20.000
CT	649	11	39	39.000
CT	648	9	26	26.000
CT	647	6	20	20.000
CT	646	5	15	15.000
CT	645	8	21	21.000
CT	644	7	21	21.000
CT	643	4	13	13.000
CT	642	5	14	14.000
CT	641	6	15	15.000
CT	640	4	12	12.000
CT	639	2	4	4.000
CT	638	6	14	14.000
CT	637	12	35	35.000
CT	636	11	32	32.000
CT	635	7	17	17.000
CT	634	6	18	18.000
CT	633	13	34	34.000
CT	632	10	26	26.000
CT	631	10	24	24.000
CT	630	7	11	11.000
CT	629	6	13	13.000
CT	628	10	19	19.000
CT	627	12	22	22.000
CT	626	15	32	32.000
CT	625	17	42	42.000
CT	624	13	26	26.000
CT	623	17	33	33.000
CT	622	9	17	17.000
CT	621	16	30	30.000
CT	620	11	26	26.000
CT	619	10	24	24.000
CT	618	10	20	20.000
CT	617	16	37	37.000
CT	616	16	37	37.000
CT	615	7	15	15.000
CT	614	13	27	27.000
CT	613	12	27	27.000
CT	612	6	14	14.000
CT	611	12	23	23.000
CT	610	14	38	38.000
CT	609	12	33	33.000
CT	608	10	24	24.000
CT	607	15	39	39.000
CT	606	14	32	32.000
CT	605	8	14	14.000
CT	604	11	17	17.000
CT	603	16	34	34.000
CT	602	18	31	31.000
CT	601	12	20	20.000
CT	600	22	45	45.000
CT	599	12	29	29.000
CT	598	12	24	24.000
CT	597	17	28	28.000
CT	596	14	24	24.000
CT	595	27	41	41.000
CT	594	27	42	42.000
CT	593	20	42	42.000
CT	592	22	33	33.000
CT	591	23	42	42.000
CT	590	32	55	55.000
CT	589	20	30	30.000
CT	588	35	63	63.000
CT	587	28	40	40.000
CT	586	22	38	38.000
CT	585	27	44	44.000
CT	584	27	46	46.000
CT	583	24	34	34.000
CT	582	20	41	41.000
CT	581	28	43	43.000
CT	580	22	39	39.000
CT	579	35	47	47.000
CT	578	20	34	34.000
CT	577	40	55	55.000
CT	576	30	45	45.000
CT	575	43	70	70.000
CT	574	40	72	72.000
CT	573	24	33	33.000
CT	572	42	62	62.000
CT	571	39	54	54.000
CT	570	31	51	51.000
CT	569	40	63	63.000
CT	568	40	58	58.000
CT	567	43	56	56.000
CT	566	49	67	67.000
CT	565	58	77	77.000
CT	564	45	65	65.000
CT	563	43	67	67.000
CT	562	62	81	81.000
CT	561	69	87	87.000
CT	560	66	89	89.000
CT	559	50	72	72.000
CT	558	56	76	76.000
CT	557	65	74	74.000
CT	556	72	94	94.000
CT	555	63	82	82.000
CT	554	66	74	74.000
CT	553	76	91	91.000
CT	552	89	99	99.000
CT	551	80	96	96.000
CT	550	90	112	112.000
CT	549	101	115	115.000
CT	548	74	91	91.000
CT	547	104	123	123.000
CT	546	92	109	109.000
CT	545	105	132	132.000
CT	544	110	128	128.000
CT	543	112	122	122.000
CT	542	122	146	146.000
CT	541	121	161	161.000
CT	540	131	166	166.000
CT	539	105	120	120.000
CT	538	135	161	161.000
CT	537	174	197	197.000
CT	536	166	191	191.000
CT	535	164	188	188.000
CT	534	148	170	170.000
CT	533	157	179	179.000
CT	532	174	190	190.000
CT	531	159	175	175.000
CT	530	159	185	185.000
CT	529	139	154	154.000
CT	528	153	178	178.000
CT	527	167	187	187.000
CT	526	161	191	191.000
CT	525	162	174	174.000
CT	524	192	210	210.000
CT	523	170	187	187.000
CT	522	188	216	216.000
CT	521	219	246	246.000
CT	520	235	248	248.000
CT	519	224	243	243.000
CT	518	233	251	251.000
CT	517	236	257	257.000
CT	516	256	275	275.000
CT	515	243	258	258.000
CT	514	265	287	287.000
CT	513	267	285	285.000
CT	512	305	321	321.000
CT	511	283	299	299.000
CT	510	302	332	332.000
CT	509	293	310	310.000
CT	508	279	296	296.000
CT	507	287	307	307.000
CT	506	296	313	313.000
CT	505	301	315	315.000
CT	504	302	325	325.000
CT	503	333	348	348.000
CT	502	299	322	322.000
CT	501	371	396	396.000
CT	500	406	425	425.000
CT	499	433	453	453.000
CT	498	391	412	412.000
CT	497	405	423	423.000
CT	496	461	480	480.000
CT	495	413	429	429.000
CT	494	490	513	513.000
CT	493	484	508	508.000
CT	492	498	528	528.000
CT	491	539	559	559.000
CT	490	579	600	600.000
CT	489	579	606	606.000
CT	488	575	590	590.000
CT	487	605	633	633.000
CT	486	680	705	705.000
CT	485	651	672	672.000
CT	484	633	643	643.000
CT	483	648	675	675.000
CT	482	678	707	707.000
CT	481	682	693	693.000
CT	480	731	757	757.000
CT	479	750	770	770.000
CT	478	767	780	780.000
CT	477	744	764	764.000
CT	476	779	799	799.000
CT	475	820	834	834.000
CT	474	790	816	816.000
CT	473	898	922	922.000
CT	472	851	871	871.000
CT	471	918	946	946.000
CT	470	977	1011	1011.000
CT	469	988	1019	1019.000
CT	468	1031	1061	1061.000
CT	467	1042	1071	1071.000
CT	466	1063	1109	1109.000
CT	465	1109	1132	1132.000
CT	464	1073	1096	1096.000
CT	463	1125	1148	1148.000
CT	462	1136	1157	1157.000
CT	461	1115	1145	1145.000
CT	460	1186	1213	1213.000
CT	459	1173	1195	1195.000
CT	458	1209	1245	1245.000
CT	457	1244	1261	1261.000
CT	456	1301	1323	1323.000
CT	455	1295	1321	1321.000
CT	454	1399	1419	1419.000
CT	453	1397	1415	1415.000
CT	452	1430	1455	1455.000
CT	451	1418	1453	1453.000
CT	450	1469	1500	1500.000
CT	449	1561	1596	1596.000
CT	448	1524	1549	1549.000
CT	447	1618	1656	1656.000
CT	446	1590	1617	1617.000
CT	445	1690	1712	1712.000
CT	444	1620	1639	1639.000
CT	443	1693	1710	1710.000
CT	442	1827	1848	1848.000
CT	441	1744	1772	1772.000
CT	440	1826	1847	1847.000
CT	439	1894	1922	1922.000
CT	438	1857	1870	1870.000
CT	437	1991	2009	2009.000
CT	436	1953	1966	1966.000
CT	435	2020	2030	2030.000
CT	434	2132	2138	2138.000
CT	433	2222	2233	2233.000
CT	432	2208	2221	2221.000
CT	431	2206	2225	2225.000
CT	430	2238	2251	2251.000
CT	429	2360	2374	2374.000
CT	428	2344	2357	2357.000
CT	427	2462	2473	2473.000
CT	426	2398	2415	2415.000
CT	425	2458	2476	2476.000
CT	424	2616	2639	2639.000
CT	423	2724	2739	2739.000
CT	422	2689	2705	2705.000
CT	421	2771	2802	2802.000
CT	420	2955	2978	2978.000
CT	419	2916	2949	2949.000
CT	418	3052	3075	3075.000
CT	417	2989	3010	3010.000
CT	416	3152	3180	3180.000
CT	415	3078	3106	3106.000
CT	414	3243	3264	3264.000
CT	413	3316	3330	3330.000
CT	412	3350	3379	3379.000
CT	411	3477	3500	3500.000
CT	410	3557	3580	3580.000
CT	409	3595	3618	3618.000
CT	408	3673	3691	3691.000
CT	407	3647	3660	3660.000
CT	406	3810	3854	3854.000
CT	405	3892	3943	3943.000
CT	404	3891	3931	3931.000
CT	403	3839	3858	3858.000
CT	402	4001	4022	4022.000
CT	401	4076	4091	4091.000
CT	400	4163	4177	4177.000
CT	399	4279	4304	4304.000
CT	398	4394	4418	4418.000
CT	397	4527	4567	4567.000
CT	396	4488	4510	4510.000
CT	395	4597	4619	4619.000
CT	394	4763	4797	4797.000
CT	393	4917	4951	4951.000
CT	392	4986	5008	5008.000
CT	391	5096	5130	5130.000
CT	390	5001	5034	5034.000
CT	389	5171	5185	5185.000
CT	388	5267	5299	5299.000
CT	387	5125	5137	5137.000
CT	386	5519	5549	5549.000
CT	385	5528	5549	5549.000
CT	384	5577	5605	5605.000
CT	383	5595	5629	5629.000
CT	382	5843	5874	5874.000
CT	381	5878	5916	5916.000
CT	380	5842	5868	5868.000
CT	379	6118	6141	6141.000
CT	378	6157	6196	6196.000
CT	377	6099	6116	6116.000
CT	376	6387	6420	6420.000
CT	375	6428	6456	6456.000
CT	374	6585	6610	6610.000
CT	373	6690	6716	6716.000
CT	372	6839	6855	6855.000
CT	371	6901	6927	6927.000
CT	370	6945	6962	6962.000
CT	369	6954	6978	6978.000
CT	368	7114	7155	7155.000
CT	367	7106	7143	7143.000
CT	366	7208	7238	7238.000
CT	365	7314	7352	7352.000
CT	364	7473	7498	7498.000
CT	363	7598	7634	7634.000
CT	362	7487	7508	7508.000
CT	361	7787	7816	7816.000
CT	360	7941	7978	7978.000
CT	359	7896	7925	7925.000
CT	358	8118	8150	8150.000
CT	357	8149	8189	8189.000
CT	356	8130	8147	8147.000
CT	355	8556	8574	8574.000
CT	354	8449	8478	8478.000
CT	353	8501	8533	8533.000
CT	352	8575	8611	8611.000
CT	351	8729	8762	8762.000
CT	350	8823	8849	8849.000
CT	349	9024	9057	9057.000
CT	348	9259	9291	9291.000
CT	347	9219	9236	9236.000
CT	346	9416	9446	9446.000
CT	345	9476	9499	9499.000
CT	344	9478	9521	9521.000
CT	343	9728	9751	9751.000
CT	342	9705	9730	9730.000
CT	341	9871	9898	9898.000
CT	340	9971	10004	10004.000
CT	339	10087	10120	10120.000
CT	338	10222	10244	10244.000
CT	337	10424	10444	10444.000
CT	336	10459	10475	10475.000
CT	335	10601	10615	10615.000
CT	334	10708	10725	10725.000
CT	333	10828	10848	10848.000
CT	332	10563	10581	10581.000
CT	331	10789	10810	10810.000
CT	330	11078	11101	11101.000
CT	329	11097	11121	11121.000
CT	328	11104	11128	11128.000
CT	327	11336	11352	11352.000
CT	326	11664	11680	11680.000
CT	325	11860	11868	11868.000
CT	324	11835	11853	11853.000
CT	323	12180	12194	12194.000
CT	322	12164	12176	12176.000
CT	321	12263	12282	12282.000
CT	320	12336	12350	12350.000
CT	319	12668	12677	12677.000
CT	318	12563	12571	12571.000
CT	317	12608	12622	12622.000
CT	316	12801	12817	12817.000
CT	315	12946	12957	12957.000
CT	314	13044	13057	13057.000
CT	313	13123	13139	13139.000
CT	312	13168	13196	13196.000
CT	311	13565	13584	13584.000
CT	310	13457	13475	13475.000
CT	309	13719	13738	13738.000
CT	308	13910	13918	13918.000
CT	307	14043	14055	14055.000
CT	306	14047	14052	14052.000
CT	305	14150	14160	14160.000
CT	304	14223	14233	14233.000
CT	303	14174	14190	14190.000
CT	302	14205	14204	14204.000
CT	301	14583	14597	14597.000
CT	300	14749	14756	14756.000
CT	299	14858	14886	14886.000
CT	298	14543	14560	14560.000
CT	297	14912	14920	14920.000
CT	296	14941	14950	14950.000
CT	295	15048	15056	15056.000
CT	294	15076	15088	15088.000
CT	293	15241	15257	15257.000
CT	292	15345	15351	15351.000
CT	291	15313	15308	15308.000
CT	290	15308	15308	15308.000
CT	289	15213	15209	15209.000
CT	288	15569	15566	15566.000
CT	287	15670	15664	15664.000
CT	286	15702	15698	15698.000
CT	285	15898	15903	15903.000
CT	284	15978	15984	15984.000
CT	283	16018	16024	16024.000
CT	282	16061	16065	16065.000
CT	281	16099	16107	16107.000
CT	280	15995	16010	16010.000
CT	279	16171	16189	16189.000
CT	278	16061	16073	16073.000
CT	277	16023	16032	16032.000
CT	276	16138	16148	16148.000
CT	275	16111	16130	16130.000
CT	274	16027	16044	16044.000
CT	273	16422	16435	16435.000
CT	272	16519	16523	16523.000
CT	271	16677	16697	16697.000
CT	270	16740	16742	16742.000
CT	269	16860	16858	16858.000
CT	268	16914	16914	16914.000
CT	267	17276	17276	17276.000
CT	266	17060	17047	17047.000
CT	265	17797	17784	17784.000
CT	264	17304	17290	17290.000
CT	263	17514	17505	17505.000
CT	262	17754	17756	17756.000
CT	261	17757	17751	17751.000
CT	260	17845	17838	17838.000
CT	259	17738	17726	17726.000
CT	258	17766	17748	17748.000
CT	257	17747	17734	17734.000
CT	256	18070	18054	18054.000
CT	255	17799	17774	17774.000
CT	254	18075	18049	18049.000
CT	253	18130	18114	18114.000
CT	252	17991	17978	17978.000
CT	251	18001	17996	17996.000
CT	250	18119	18118	18118.000
CT	249	18224	18216	18216.000
CT	248	18245	18242	18242.000
CT	247	18597	18590	18590.000
CT	246	18401	18379	18379.000
CT	245	18617	18606	18606.000
CT	244	18457	18448	18448.000
CT	243	18324	18319	18319.000
CT	242	18824	18820	18820.000
CT	241	19152	19143	19143.000
CT	240	18969	18944	18944.000
CT	239	18774	18773	18773.000
CT	238	18822	18817	18817.000
CT	237	18849	18832	18832.000
CT	236	19100	19101	19101.000
CT	235	18818	18811	18811.000
CT	234	19033	19012	19012.000
CT	233	18706	18699	18699.000
CT	232	18980	18977	18977.000
CT	231	19329	19331	19331.000
CT	230	19206	19193	19193.000
CT	229	19109	19102	19102.000
CT	228	19055	19045	19045.000
CT	227	19062	19056	19056.000
CT	226	19214	19205	19205.000
CT	225	19052	19049	19049.000
CT	224	19238	19240	19240.000
CT	223	19408	19393	19393.000
CT	222	19262	19251	19251.000
CT	221	19196	19192	19192.000
CT	220	19120	19117	19117.000
CT	219	19110	19110	19110.000
CT	218	18988	18988	18988.000
CT	217	19026	19021	19021.000
CT	216	19069	19072	19072.000
CT	215	19070	19076	19076.000
CT	214	18941	18944	18944.000
CT	213	19195	19190	19190.000
CT	212	19464	19463	19463.000
CT	211	19253	19227	19227.000
CT	210	19384	19371	19371.000
CT	209	19123	19115	19115.000
CT	208	19198	19190	19190.000
CT	207	19053	19045	19045.000
CT	206	19279	19283	19283.000
CT	205	18923	18920	18920.000
CT	204	19009	18998	18998.000
CT	203	19063	19068	19068.000
CT	202	19387	19402	19402.000
CT	201	19096	19093	19093.000
CT	200	19029	19025	19025.000
CT	199	19042	19037	19037.000
CT	198	18851	18849	18849.000
CT	197	19093	19087	19087.000
CT	196	18996	18997	18997.000
CT	195	18890	18883	18883.000
CT	194	18831	18837	18837.000
CT	193	18765	18767	18767.000
CT	192	18976	18980	18980.000
CT	191	18817	18827	18827.000
CT	190	18974	18983	18983.000
CT	189	19166	19166	19166.000
CT	188	18888	18904	18904.000
CT	187	18878	18874	18874.000
CT	186	19005	19002	19002.000
CT	185	18861	18855	18855.000
CT	184	18705	18708	18708.000
CT	183	18957	18964	18964.000
CT	182	19241	19224	19224.000
CT	181	19038	19031	19031.000
CT	180	19017	19006	19006.000
CT	179	18878	18867	18867.000
CT	178	18974	18963	18963.000
CT	177	18869	18871	18871.000
CT	176	19080	19075	19075.000
CT	175	18835	18816	18816.000
CT	174	18782	18769	18769.000
CT	173	18858	18845	18845.000
CT	172	18673	18655	18655.000
CT	171	18555	18542	18542.000
CT	170	18651	18655	18655.000
CT	169	18959	18939	18939.000
CT	168	19045	19031	19031.000
CT	167	18826	18810	18810.000
CT	166	18796	18772	18772.000
CT	165	18842	18832	18832.000
CT	164	18654	18636	18636.000
CT	163	19062	19064	19064.000
CT	162	18935	18931	18931.000
CT	161	18993	18990	18990.000
CT	160	19093	19078	19078.000
CT	159	19186	19167	19167.000
CT	158	19240	19235	19235.000
CT	157	19627	19616	19616.000
CT	156	19593	19585	19585.000
CT	155	19491	19478	19478.000
CT	154	19396	19403	19403.000
CT	153	19245	19240	19240.000
CT	152	19292	19293	19293.000
CT	151	19443	19469	19469.000
CT	150	19611	19622	19622.000
CT	149	19551	19559	19559.000
CT	148	19403	19405	19405.000
CT	147	19169	19172	19172.000
CT	146	19345	19358	19358.000
CT	145	19271	19264	19264.000
CT	144	19368	19354	19354.000
CT	143	19330	19325	19325.000
CT	142	19520	19503	19503.000
CT	141	19083	19060	19060.000
CT	140	19375	19361	19361.000
CT	139	19411	19387	19387.000
CT	138	19445	19433	19433.000
CT	137	19053	19036	19036.000
CT	136	19529	19516	19516.000
CT	135	19238	19224	19224.000
CT	134	19567	19548	19548.000
CT	133	19210	19191	19191.000
CT	132	19522	19497	19497.000
CT	131	19682	19670	19670.000
CT	130	19454	19445	19445.000
CT	129	19674	19677	19677.000
CT	128	19496	19491	19491.000
CT	127	19100	19103	19103.000
CT	126	18923	18933	18933.000
CT	125	18847	18837	18837.000
CT	124	18860	18846	18846.000
CT	123	18787	18778	18778.000
CT	122	18392	18379	18379.000
CT	121	18277	18266	18266.000
CT	120	18091	18084	18084.000
CT	119	18014	18007	18007.000
CT	118	17609	17587	17587.000
CT	117	17785	17760	17760.000
CT	116	17669	17629	17629.000
CT	115	17346	17327	17327.000
CT	114	17496	17478	17478.000
CT	113	16970	16930	16930.000
CT	112	16652	16629	16629.000
CT	111	16498	16478	16478.000
CT	110	16019	15998	15998.000
CT	109	16077	16056	16056.000
CT	108	15966	15939	15939.000
CT	107	16141	16111	16111.000
CT	106	15609	15585	15585.000
CT	105	15862	15834	15834.000
CT	104	15519	15508	15508.000
CT	103	15146	15127	15127.000
CT	102	14924	14909	14909.000
CT	101	15057	15027	15027.000
CT	100	14578	14558	14558.000
CT	99	14211	14192	14192.000
CT	98	13998	13976	13976.000
CT	97	13784	13766	13766.000
CT	96	13720	13688	13688.000
CT	95	13422	13388	13388.000
CT	94	12988	12969	12969.000
CT	93	12879	12844	12844.000
CT	92	12531	12504	12504.000
CT	91	12148	12127	12127.000
CT	90	11989	11955	11955.000
CT	89	11680	11663	11663.000
CT	88	11405	11387	11387.000
CT	87	11326	11304	11304.000
CT	86	11329	11292	11292.000
CT	85	11059	11033	11033.000
CT	84	10900	10858	10858.000
CT	83	10629	10588	10588.000
CT	82	10362	10342	10342.000
CT	81	10054	10019	10019.000
CT	80	9671	9635	9635.000
CT	79	9339	9315	9315.000
CT	78	9353	9312	9312.000
CT	77	9180	9137	9137.000
CT	76	9206	9154	9154.000
CT	75	9092	9053	9053.000
CT	74	8879	8823	8823.000
CT	73	8912	8846	8846.000
CT	72	8733	8667	8667.000
CT	71	8627	8565	8565.000
CT	70	8387	8319	8319.000
CT	69	7970	7895	7895.000
CT	68	7780	7717	7717.000
CT	67	7598	7491	7491.000
CT	66	7437	7331	7331.000
CT	65	7229	7121	7121.000
CT	64	7196	7106	7106.000
CT	63	7098	6975	6975.000
CT	62	6954	6851	6851.000
CT	61	6801	6694	6694.000
CT	60	6606	6503	6503.000
CT	59	6412	6288	6288.000
CT	58	6308	6187	6187.000
CT	57	6160	5992	5992.000
CT	56	6207	6024	6024.000
CT	55	6246	6048	6048.000
CT	54	6335	6091	6091.000
CT	53	5982	5758	5758.000
CT	52	5789	5539	5539.000
CT	51	5772	5476	5476.000
CT	50	5684	5391	5391.000
CT	49	5467	5162	5162.000
CT	48	5301	4939	4939.000
CT	47	5221	4817	4817.000
CT	46	5117	4694	4694.000
CT	45	5301	4753	4753.000
CT	44	5162	4635	4635.000
CT	43	5220	4640	4640.000
CT	42	4900	4239	4239.000
CT	41	5050	4248	4247.999
CT	40	5036	4118	4117.999
CT	39	5017	4099	4098.999
CT	38	5140	4097	4096.999
CT	37	5250	4111	4110.999
CT	36	5436	4035	4034.999
CT	35	5343	3758	3757.999
CT	34	5561	3637	3636.999
CT	33	5575	3562	3561.999
CT	32	5738	3342	3341.998
CT	31	5662	3054	3053.998
CT	30	5901	2869	2868.998
CT	29	6233	2706	2705.998
CT	28	6582	2662	2661.997
CT	27	7603	2738	2737.997
CT	26	8098	2523	2522.996
CT	25	8976	2502	2501.996
CT	24	9614	2341	2340.995
CT	23	10995	2457	2456.994
CT	22	11832	2106	2105.994
CT	21	13169	1728	1727.993
CT	20	15512	1729	1728.991
CT	19	17557	1496	1495.990
CT	18	20164	1576	1575.988
CT	17	23003	1287	1286.986
CT	16	27219	1020	1019.983
CT	15	32366	822	821.979
CT	14	39637	749	748.975
CT	13	47122	759	758.970
CT	12	59643	672	671.961
CT	11	73527	555	554.952
CT	10	96241	492	491.937
CT	9	127497	271	270.917
CT	8	174507	281	280.886
CT	7	248883	180	179.838
CT	6	382351	96	95.750
CT	5	661823	69	68.568
CT	4	1321310	63	62.137
CT	3	3373954	70	67.797
CT	2	12251227	16	8.000
CT	1	0	0	0.882
CT	0	0	5230	0.070
FR	0	1.31e-06
ER	5395799	5241.501
CV	1.000
QV	45.047	45.038
