HS	1023	0	5392	5392
HS	1022	0	0	5392
HS	1021	0	2	5394
HS	1020	0	2	5396
HS	1019	0	1	5397
HS	1018	0	0	5397
HS	1017	0	0	5397
HS	1016	0	3	5400
HS	1015	0	6	5406
HS	1014	0	1	5407
HS	1013	0	1	5408
HS	1012	0	2	5410
HS	1011	0	3	5413
HS	1010	0	6	5419
HS	1009	0	2	5421
HS	1008	0	2	5423
HS	1007	0	3	5426
HS	1006	0	0	5426
HS	1005	0	1	5427
HS	1004	0	4	5431
HS	1003	0	2	5433
HS	1002	0	3	5436
HS	1001	0	2	5438
HS	1000	0	2	5440
HS	999	0	1	5441
HS	998	0	1	5442
HS	997	0	6	5448
HS	996	0	1	5449
HS	995	0	2	5451
HS	994	0	0	5451
HS	993	0	0	5451
HS	992	0	0	5451
HS	991	0	2	5453
HS	990	0	0	5453
HS	989	0	2	5455
HS	988	0	4	5459
HS	987	0	0	5459
HS	986	0	1	5460
HS	985	0	2	5462
HS	984	0	0	5462
HS	983	0	0	5462
HS	982	0	0	5462
HS	981	0	2	5464
HS	980	0	1	5465
HS	979	0	1	5466
HS	978	0	2	5468
HS	977	0	1	5469
HS	976	0	1	5470
HS	975	0	4	5474
HS	974	0	1	5475
HS	973	0	1	5476
HS	972	0	0	5476
HS	971	0	0	5476
HS	970	0	0	5476
HS	969	0	0	5476
HS	968	0	0	5476
HS	967	0	1	5477
HS	966	0	1	5478
HS	965	0	1	5479
HS	964	0	1	5480
HS	963	0	2	5482
HS	962	0	1	5483
HS	961	0	0	5483
HS	960	0	1	5484
HS	959	0	0	5484
HS	958	0	1	5485
HS	957	0	1	5486
HS	956	0	1	5487
HS	955	0	0	5487
HS	954	0	0	5487
HS	953	0	0	5487
HS	952	0	4	5491
HS	951	0	4	5495
HS	950	0	2	5497
HS	949	0	4	5501
HS	948	0	3	5504
HS	947	0	5	5509
HS	946	0	0	5509
HS	945	0	3	5512
HS	944	0	7	5519
HS	943	0	2	5521
HS	942	0	2	5523
HS	941	0	2	5525
HS	940	0	0	5525
HS	939	0	1	5526
HS	938	0	0	5526
HS	937	0	2	5528
HS	936	0	0	5528
HS	935	0	4	5532
HS	934	0	2	5534
HS	933	0	4	5538
HS	932	0	4	5542
HS	931	0	0	5542
HS	930	0	4	5546
HS	929	0	2	5548
HS	928	0	2	5550
HS	927	0	3	5553
HS	926	0	3	5556
HS	925	0	3	5559
HS	924	0	4	5563
HS	923	0	2	5565
HS	922	0	3	5568
HS	921	0	3	5571
HS	920	0	2	5573
HS	919	0	1	5574
HS	918	0	1	5575
HS	917	0	3	5578
HS	916	0	3	5581
HS	915	0	0	5581
HS	914	0	3	5584
HS	913	0	1	5585
HS	912	0	1	5586
HS	911	0	0	5586
HS	910	0	1	5587
HS	909	0	1	5588
HS	908	0	3	5591
HS	907	0	0	5591
HS	906	0	4	5595
HS	905	0	0	5595
HS	904	0	3	5598
HS	903	0	5	5603
HS	902	0	0	5603
HS	901	0	3	5606
HS	900	0	1	5607
HS	899	0	0	5607
HS	898	0	0	5607
HS	897	0	2	5609
HS	896	0	5	5614
HS	895	0	2	5616
HS	894	0	0	5616
HS	893	0	1	5617
HS	892	0	2	5619
HS	891	0	2	5621
HS	890	0	2	5623
HS	889	0	1	5624
HS	888	0	3	5627
HS	887	0	1	5628
HS	886	0	1	5629
HS	885	0	1	5630
HS	884	0	1	5631
HS	883	0	2	5633
HS	882	0	1	5634
HS	881	0	2	5636
HS	880	0	4	5640
HS	879	0	2	5642
HS	878	0	5	5647
HS	877	0	2	5649
HS	876	0	0	5649
HS	875	0	2	5651
HS	874	0	5	5656
HS	873	0	3	5659
HS	872	0	5	5664
HS	871	0	4	5668
HS	870	0	1	5669
HS	869	0	2	5671
HS	868	0	2	5673
HS	867	0	2	5675
HS	866	0	2	5677
HS	865	0	1	5678
HS	864	0	2	5680
HS	863	0	2	5682
HS	862	0	0	5682
HS	861	0	2	5684
HS	860	0	2	5686
HS	859	0	1	5687
HS	858	0	2	5689
HS	857	0	1	5690
HS	856	0	0	5690
HS	855	0	2	5692
HS	854	0	3	5695
HS	853	0	1	5696
HS	852	0	4	5700
HS	851	0	2	5702
HS	850	0	4	5706
HS	849	0	5	5711
HS	848	0	4	5715
HS	847	0	5	5720
HS	846	0	3	5723
HS	845	0	2	5725
HS	844	0	5	5730
HS	843	0	4	5734
HS	842	0	4	5738
HS	841	0	4	5742
HS	840	0	5	5747
HS	839	0	3	5750
HS	838	0	4	5754
HS	837	0	1	5755
HS	836	0	1	5756
HS	835	0	2	5758
HS	834	0	4	5762
HS	833	0	2	5764
HS	832	0	2	5766
HS	831	0	4	5770
HS	830	0	1	5771
HS	829	0	3	5774
HS	828	0	2	5776
HS	827	0	4	5780
HS	826	0	5	5785
HS	825	0	2	5787
HS	824	0	2	5789
HS	823	0	2	5791
HS	822	0	3	5794
HS	821	0	2	5796
HS	820	0	2	5798
HS	819	0	4	5802
HS	818	0	2	5804
HS	817	0	11	5815
HS	816	0	5	5820
HS	815	0	4	5824
HS	814	0	4	5828
HS	813	0	5	5833
HS	812	0	5	5838
HS	811	0	5	5843
HS	810	0	7	5850
HS	809	0	7	5857
HS	808	0	10	5867
HS	807	0	6	5873
HS	806	0	7	5880
HS	805	0	6	5886
HS	804	0	6	5892
HS	803	0	4	5896
HS	802	0	4	5900
HS	801	0	13	5913
HS	800	0	6	5919
HS	799	0	11	5930
HS	798	0	7	5937
HS	797	0	6	5943
HS	796	0	3	5946
HS	795	0	13	5959
HS	794	0	4	5963
HS	793	0	6	5969
HS	792	0	9	5978
HS	791	0	7	5985
HS	790	0	7	5992
HS	789	0	4	5996
HS	788	0	6	6002
HS	787	0	6	6008
HS	786	0	3	6011
HS	785	0	3	6014
HS	784	0	6	6020
HS	783	0	4	6024
HS	782	0	4	6028
HS	781	0	4	6032
HS	780	0	4	6036
HS	779	0	5	6041
HS	778	0	5	6046
HS	777	0	4	6050
HS	776	0	7	6057
HS	775	0	3	6060
HS	774	0	4	6064
HS	773	0	2	6066
HS	772	0	4	6070
HS	771	0	1	6071
HS	770	0	4	6075
HS	769	0	1	6076
HS	768	0	2	6078
HS	767	0	8	6086
HS	766	0	4	6090
HS	765	0	5	6095
HS	764	0	5	6100
HS	763	0	4	6104
HS	762	0	7	6111
HS	761	0	8	6119
HS	760	0	5	6124
HS	759	0	5	6129
HS	758	0	2	6131
HS	757	0	3	6134
HS	756	0	2	6136
HS	755	0	4	6140
HS	754	0	6	6146
HS	753	0	5	6151
HS	752	0	3	6154
HS	751	0	6	6160
HS	750	0	4	6164
HS	749	0	6	6170
HS	748	0	3	6173
HS	747	0	4	6177
HS	746	0	2	6179
HS	745	0	4	6183
HS	744	0	2	6185
HS	743	0	4	6189
HS	742	0	4	6193
HS	741	0	4	6197
HS	740	0	7	6204
HS	739	0	3	6207
HS	738	0	7	6214
HS	737	0	5	6219
HS	736	0	5	6224
HS	735	0	8	6232
HS	734	0	2	6234
HS	733	0	4	6238
HS	732	0	2	6240
HS	731	0	5	6245
HS	730	0	5	6250
HS	729	0	5	6255
HS	728	0	13	6268
HS	727	0	6	6274
HS	726	0	3	6277
HS	725	0	8	6285
HS	724	0	5	6290
HS	723	0	10	6300
HS	722	0	6	6306
HS	721	0	5	6311
HS	720	0	2	6313
HS	719	0	5	6318
HS	718	0	7	6325
HS	717	0	5	6330
HS	716	0	3	6333
HS	715	0	3	6336
HS	714	0	5	6341
HS	713	0	6	6347
HS	712	0	2	6349
HS	711	0	7	6356
HS	710	0	5	6361
HS	709	0	3	6364
HS	708	0	9	6373
HS	707	0	6	6379
HS	706	0	3	6382
HS	705	0	3	6385
HS	704	0	3	6388
HS	703	0	6	6394
HS	702	0	6	6400
HS	701	0	2	6402
HS	700	0	3	6405
HS	699	0	4	6409
HS	698	0	4	6413
HS	697	0	3	6416
HS	696	0	4	6420
HS	695	0	3	6423
HS	694	0	3	6426
HS	693	0	5	6431
HS	692	0	4	6435
HS	691	0	1	6436
HS	690	0	3	6439
HS	689	0	5	6444
HS	688	0	4	6448
HS	687	0	2	6450
HS	686	0	4	6454
HS	685	0	5	6459
HS	684	0	6	6465
HS	683	0	4	6469
HS	682	0	6	6475
HS	681	0	4	6479
HS	680	0	1	6480
HS	679	0	8	6488
HS	678	0	4	6492
HS	677	0	4	6496
HS	676	0	2	6498
HS	675	0	7	6505
HS	674	0	3	6508
HS	673	0	7	6515
HS	672	0	8	6523
HS	671	0	6	6529
HS	670	0	7	6536
HS	669	0	7	6543
HS	668	0	4	6547
HS	667	0	6	6553
HS	666	0	2	6555
HS	665	0	4	6559
HS	664	0	5	6564
HS	663	0	2	6566
HS	662	0	7	6573
HS	661	0	4	6577
HS	660	0	7	6584
HS	659	0	5	6589
HS	658	0	4	6593
HS	657	0	6	6599
HS	656	0	6	6605
HS	655	0	10	6615
HS	654	0	4	6619
HS	653	0	7	6626
HS	652	0	11	6637
HS	651	0	10	6647
HS	650	0	8	6655
HS	649	0	11	6666
HS	648	0	9	6675
HS	647	0	6	6681
HS	646	0	5	6686
HS	645	0	8	6694
HS	644	0	7	6701
HS	643	0	4	6705
HS	642	0	5	6710
HS	641	0	6	6716
HS	640	0	4	6720
HS	639	0	2	6722
HS	638	0	6	6728
HS	637	0	12	6740
HS	636	0	11	6751
HS	635	0	7	6758
HS	634	0	6	6764
HS	633	0	13	6777
HS	632	0	10	6787
HS	631	0	10	6797
HS	630	0	7	6804
HS	629	0	6	6810
HS	628	0	10	6820
HS	627	0	12	6832
HS	626	0	15	6847
HS	625	0	17	6864
HS	624	0	13	6877
HS	623	0	17	6894
HS	622	0	9	6903
HS	621	0	16	6919
HS	620	0	11	6930
HS	619	0	10	6940
HS	618	0	10	6950
HS	617	0	16	6966
HS	616	0	16	6982
HS	615	0	7	6989
HS	614	0	13	7002
HS	613	0	12	7014
HS	612	0	6	7020
HS	611	0	12	7032
HS	610	0	14	7046
HS	609	0	12	7058
HS	608	0	10	7068
HS	607	0	15	7083
HS	606	0	14	7097
HS	605	0	8	7105
HS	604	0	11	7116
HS	603	0	16	7132
HS	602	0	18	7150
HS	601	0	12	7162
HS	600	0	22	7184
HS	599	0	12	7196
HS	598	0	12	7208
HS	597	0	17	7225
HS	596	0	14	7239
HS	595	0	27	7266
HS	594	0	27	7293
HS	593	0	20	7313
HS	592	0	22	7335
HS	591	0	23	7358
HS	590	0	32	7390
HS	589	0	20	7410
HS	588	0	35	7445
HS	587	0	28	7473
HS	586	0	22	7495
HS	585	0	27	7522
HS	584	0	27	7549
HS	583	0	24	7573
HS	582	0	20	7593
HS	581	0	28	7621
HS	580	0	22	7643
HS	579	0	35	7678
HS	578	0	20	7698
HS	577	0	40	7738
HS	576	0	30	7768
HS	575	0	43	7811
HS	574	0	40	7851
HS	573	0	24	7875
HS	572	0	42	7917
HS	571	0	39	7956
HS	570	0	31	7987
HS	569	0	40	8027
HS	568	0	40	8067
HS	567	0	43	8110
HS	566	0	49	8159
HS	565	0	58	8217
HS	564	0	45	8262
HS	563	0	43	8305
HS	562	0	62	8367
HS	561	0	69	8436
HS	560	0	66	8502
HS	559	0	50	8552
HS	558	0	56	8608
HS	557	0	65	8673
HS	556	0	72	8745
HS	555	0	63	8808
HS	554	0	66	8874
HS	553	0	76	8950
HS	552	0	89	9039
HS	551	0	80	9119
HS	550	0	90	9209
HS	549	0	101	9310
HS	548	0	74	9384
HS	547	0	104	9488
HS	546	0	92	9580
HS	545	0	105	9685
HS	544	0	110	9795
HS	543	0	112	9907
HS	542	0	122	10029
HS	541	0	121	10150
HS	540	0	131	10281
HS	539	0	105	10386
HS	538	0	135	10521
HS	537	0	174	10695
HS	536	0	166	10861
HS	535	0	164	11025
HS	534	0	148	11173
HS	533	0	157	11330
HS	532	0	174	11504
HS	531	0	159	11663
HS	530	0	159	11822
HS	529	0	139	11961
HS	528	0	153	12114
HS	527	0	167	12281
HS	526	0	161	12442
HS	525	0	162	12604
HS	524	0	192	12796
HS	523	0	170	12966
HS	522	0	188	13154
HS	521	0	219	13373
HS	520	0	235	13608
HS	519	0	224	13832
HS	518	0	233	14065
HS	517	0	236	14301
HS	516	0	256	14557
HS	515	0	243	14800
HS	514	0	265	15065
HS	513	0	267	15332
HS	512	0	305	15637
HS	511	0	283	15920
HS	510	0	302	16222
HS	509	0	293	16515
HS	508	0	279	16794
HS	507	0	287	17081
HS	506	0	296	17377
HS	505	0	301	17678
HS	504	0	302	17980
HS	503	0	333	18313
HS	502	0	299	18612
HS	501	0	371	18983
HS	500	0	406	19389
HS	499	0	433	19822
HS	498	0	391	20213
HS	497	0	405	20618
HS	496	0	461	21079
HS	495	0	413	21492
HS	494	0	490	21982
HS	493	0	484	22466
HS	492	0	498	22964
HS	491	0	539	23503
HS	490	0	579	24082
HS	489	0	579	24661
HS	488	0	575	25236
HS	487	0	605	25841
HS	486	0	680	26521
HS	485	0	651	27172
HS	484	0	633	27805
HS	483	0	648	28453
HS	482	0	678	29131
HS	481	0	682	29813
HS	480	0	731	30544
HS	479	0	750	31294
HS	478	0	767	32061
HS	477	0	744	32805
HS	476	0	779	33584
HS	475	0	820	34404
HS	474	0	790	35194
HS	473	0	898	36092
HS	472	0	851	36943
HS	471	0	918	37861
HS	470	0	977	38838
HS	469	0	988	39826
HS	468	0	1031	40857
HS	467	0	1042	41899
HS	466	0	1063	42962
HS	465	0	1109	44071
HS	464	0	1073	45144
HS	463	0	1125	46269
HS	462	0	1136	47405
HS	461	0	1115	48520
HS	460	0	1186	49706
HS	459	0	1173	50879
HS	458	0	1209	52088
HS	457	0	1244	53332
HS	456	0	1301	54633
HS	455	0	1295	55928
HS	454	0	1399	57327
HS	453	0	1397	58724
HS	452	0	1430	60154
HS	451	0	1418	61572
HS	450	0	1469	63041
HS	449	0	1561	64602
HS	448	0	1524	66126
HS	447	0	1618	67744
HS	446	0	1590	69334
HS	445	0	1690	71024
HS	444	0	1620	72644
HS	443	0	1693	74337
HS	442	0	1827	76164
HS	441	0	1744	77908
HS	440	0	1826	79734
HS	439	0	1894	81628
HS	438	0	1857	83485
HS	437	0	1991	85476
HS	436	0	1953	87429
HS	435	0	2020	89449
HS	434	0	2132	91581
HS	433	0	2222	93803
HS	432	0	2208	96011
HS	431	0	2206	98217
HS	430	0	2238	100455
HS	429	0	2360	102815
HS	428	0	2344	105159
HS	427	0	2462	107621
HS	426	0	2398	110019
HS	425	0	2458	112477
HS	424	0	2616	115093
HS	423	0	2724	117817
HS	422	0	2689	120506
HS	421	0	2771	123277
HS	420	0	2955	126232
HS	419	0	2916	129148
HS	418	0	3052	132200
HS	417	0	2989	135189
HS	416	0	3152	138341
HS	415	0	3078	141419
HS	414	0	3243	144662
HS	413	0	3316	147978
HS	412	0	3350	151328
HS	411	0	3477	154805
HS	410	0	3557	158362
HS	409	0	3595	161957
HS	408	0	3673	165630
HS	407	0	3647	169277
HS	406	0	3810	173087
HS	405	0	3892	176979
HS	404	0	3891	180870
HS	403	0	3839	184709
HS	402	0	4001	188710
HS	401	0	4076	192786
HS	400	0	4163	196949
HS	399	0	4279	201228
HS	398	0	4394	205622
HS	397	0	4527	210149
HS	396	0	4488	214637
HS	395	0	4597	219234
HS	394	0	4763	223997
HS	393	0	4917	228914
HS	392	0	4986	233900
HS	391	0	5096	238996
HS	390	0	5001	243997
HS	389	0	5171	249168
HS	388	0	5267	254435
HS	387	0	5125	259560
HS	386	0	5519	265079
HS	385	0	5528	270607
HS	384	0	5577	276184
HS	383	0	5595	281779
HS	382	0	5843	287622
HS	381	0	5878	293500
HS	380	0	5842	299342
HS	379	0	6118	305460
HS	378	0	6157	311617
HS	377	0	6099	317716
HS	376	0	6387	324103
HS	375	0	6428	330531
HS	374	0	6585	337116
HS	373	0	6690	343806
HS	372	0	6839	350645
HS	371	0	6901	357546
HS	370	0	6945	364491
HS	369	0	6954	371445
HS	368	0	7114	378559
HS	367	0	7106	385665
HS	366	0	7208	392873
HS	365	0	7314	400187
HS	364	0	7473	407660
HS	363	0	7598	415258
HS	362	0	7487	422745
HS	361	0	7787	430532
HS	360	0	7941	438473
HS	359	0	7896	446369
HS	358	0	8118	454487
HS	357	0	8149	462636
HS	356	0	8130	470766
HS	355	0	8556	479322
HS	354	0	8449	487771
HS	353	0	8501	496272
HS	352	0	8575	504847
HS	351	0	8729	513576
HS	350	0	8823	522399
HS	349	0	9024	531423
HS	348	0	9259	540682
HS	347	0	9219	549901
HS	346	0	9416	559317
HS	345	0	9476	568793
HS	344	0	9478	578271
HS	343	0	9728	587999
HS	342	0	9705	597704
HS	341	0	9871	607575
HS	340	0	9971	617546
HS	339	0	10087	627633
HS	338	0	10222	637855
HS	337	0	10424	648279
HS	336	0	10459	658738
HS	335	0	10601	669339
HS	334	0	10708	680047
HS	333	0	10828	690875
HS	332	0	10563	701438
HS	331	0	10789	712227
HS	330	0	11078	723305
HS	329	0	11097	734402
HS	328	0	11104	745506
HS	327	0	11336	756842
HS	326	0	11664	768506
HS	325	0	11860	780366
HS	324	0	11835	792201
HS	323	0	12180	804381
HS	322	0	12164	816545
HS	321	0	12263	828808
HS	320	0	12336	841144
HS	319	0	12668	853812
HS	318	0	12563	866375
HS	317	0	12608	878983
HS	316	0	12801	891784
HS	315	0	12946	904730
HS	314	0	13044	917774
HS	313	0	13123	930897
HS	312	0	13168	944065
HS	311	0	13565	957630
HS	310	0	13457	971087
HS	309	0	13719	984806
HS	308	0	13910	998716
HS	307	0	14043	1012759
HS	306	0	14047	1026806
HS	305	0	14150	1040956
HS	304	0	14223	1055179
HS	303	0	14174	1069353
HS	302	0	14205	1083558
HS	301	0	14583	1098141
HS	300	0	14749	1112890
HS	299	0	14858	1127748
HS	298	0	14543	1142291
HS	297	0	14912	1157203
HS	296	0	14941	1172144
HS	295	0	15048	1187192
HS	294	0	15076	1202268
HS	293	0	15241	1217509
HS	292	0	15345	1232854
HS	291	0	15313	1248167
HS	290	0	15308	1263475
HS	289	0	15213	1278688
HS	288	0	15569	1294257
HS	287	0	15670	1309927
HS	286	0	15702	1325629
HS	285	0	15898	1341527
HS	284	0	15978	1357505
HS	283	0	16018	1373523
HS	282	0	16061	1389584
HS	281	0	16099	1405683
HS	280	0	15995	1421678
HS	279	0	16171	1437849
HS	278	0	16061	1453910
HS	277	0	16023	1469933
HS	276	0	16138	1486071
HS	275	0	16111	1502182
HS	274	0	16027	1518209
HS	273	0	16422	1534631
HS	272	0	16519	1551150
HS	271	0	16677	1567827
HS	270	0	16740	1584567
HS	269	0	16860	1601427
HS	268	0	16914	1618341
HS	267	0	17276	1635617
HS	266	0	17060	1652677
HS	265	0	17797	1670474
HS	264	0	17304	1687778
HS	263	0	17514	1705292
HS	262	0	17754	1723046
HS	261	0	17757	1740803
HS	260	0	17845	1758648
HS	259	0	17738	1776386
HS	258	0	17766	1794152
HS	257	0	17747	1811899
HS	256	0	18070	1829969
HS	255	0	17799	1847768
HS	254	0	18075	1865843
HS	253	0	18130	1883973
HS	252	0	17991	1901964
HS	251	0	18001	1919965
HS	250	0	18119	1938084
HS	249	0	18224	1956308
HS	248	0	18245	1974553
HS	247	0	18597	1993150
HS	246	0	18401	2011551
HS	245	0	18617	2030168
HS	244	0	18457	2048625
HS	243	0	18324	2066949
HS	242	0	18824	2085773
HS	241	0	19152	2104925
HS	240	0	18969	2123894
HS	239	0	18774	2142668
HS	238	0	18822	2161490
HS	237	0	18849	2180339
HS	236	0	19100	2199439
HS	235	0	18818	2218257
HS	234	0	19033	2237290
HS	233	0	18706	2255996
HS	232	0	18980	2274976
HS	231	0	19329	2294305
HS	230	0	19206	2313511
HS	229	0	19109	2332620
HS	228	0	19055	2351675
HS	227	0	19062	2370737
HS	226	0	19214	2389951
HS	225	0	19052	2409003
HS	224	0	19238	2428241
HS	223	0	19408	2447649
HS	222	0	19262	2466911
HS	221	0	19196	2486107
HS	220	0	19120	2505227
HS	219	0	19110	2524337
HS	218	0	18988	2543325
HS	217	0	19026	2562351
HS	216	0	19069	2581420
HS	215	0	19070	2600490
HS	214	0	18941	2619431
HS	213	0	19195	2638626
HS	212	0	19464	2658090
HS	211	0	19253	2677343
HS	210	0	19384	2696727
HS	209	0	19123	2715850
HS	208	0	19198	2735048
HS	207	0	19053	2754101
HS	206	0	19279	2773380
HS	205	0	18923	2792303
HS	204	0	19009	2811312
HS	203	0	19063	2830375
HS	202	0	19387	2849762
HS	201	0	19096	2868858
HS	200	0	19029	2887887
HS	199	0	19042	2906929
HS	198	0	18851	2925780
HS	197	0	19093	2944873
HS	196	0	18996	2963869
HS	195	0	18890	2982759
HS	194	0	18831	3001590
HS	193	0	18765	3020355
HS	192	0	18976	3039331
HS	191	0	18817	3058148
HS	190	0	18974	3077122
HS	189	0	19166	3096288
HS	188	0	18888	3115176
HS	187	0	18878	3134054
HS	186	0	19005	3153059
HS	185	0	18861	3171920
HS	184	0	18705	3190625
HS	183	0	18957	3209582
HS	182	0	19241	3228823
HS	181	0	19038	3247861
HS	180	0	19017	3266878
HS	179	0	18878	3285756
HS	178	0	18974	3304730
HS	177	0	18869	3323599
HS	176	0	19080	3342679
HS	175	0	18835	3361514
HS	174	0	18782	3380296
HS	173	0	18858	3399154
HS	172	0	18673	3417827
HS	171	0	18555	3436382
HS	170	0	18651	3455033
HS	169	0	18959	3473992
HS	168	0	19045	3493037
HS	167	0	18826	3511863
HS	166	0	18796	3530659
HS	165	0	18842	3549501
HS	164	0	18654	3568155
HS	163	0	19062	3587217
HS	162	0	18935	3606152
HS	161	0	18993	3625145
HS	160	0	19093	3644238
HS	159	0	19186	3663424
HS	158	0	19240	3682664
HS	157	0	19627	3702291
HS	156	0	19593	3721884
HS	155	0	19491	3741375
HS	154	0	19396	3760771
HS	153	0	19245	3780016
HS	152	0	19292	3799308
HS	151	0	19443	3818751
HS	150	0	19611	3838362
HS	149	0	19551	3857913
HS	148	0	19403	3877316
HS	147	0	19169	3896485
HS	146	0	19345	3915830
HS	145	0	19271	3935101
HS	144	0	19368	3954469
HS	143	0	19330	3973799
HS	142	0	19520	3993319
HS	141	0	19083	4012402
HS	140	0	19375	4031777
HS	139	0	19411	4051188
HS	138	0	19445	4070633
HS	137	0	19053	4089686
HS	136	0	19529	4109215
HS	135	0	19238	4128453
HS	134	0	19567	4148020
HS	133	0	19210	4167230
HS	132	0	19522	4186752
HS	131	0	19682	4206434
HS	130	0	19454	4225888
HS	129	0	19674	4245562
HS	128	0	19496	4265058
HS	127	0	19100	4284158
HS	126	0	18923	4303081
HS	125	0	18847	4321928
HS	124	0	18860	4340788
HS	123	0	18787	4359575
HS	122	0	18392	4377967
HS	121	0	18277	4396244
HS	120	0	18091	4414335
HS	119	0	18014	4432349
HS	118	0	17609	4449958
HS	117	0	17785	4467743
HS	116	0	17669	4485412
HS	115	0	17346	4502758
HS	114	0	17496	4520254
HS	113	0	16970	4537224
HS	112	0	16652	4553876
HS	111	0	16498	4570374
HS	110	0	16019	4586393
HS	109	0	16077	4602470
HS	108	0	15966	4618436
HS	107	0	16141	4634577
HS	106	0	15609	4650186
HS	105	0	15862	4666048
HS	104	0	15519	4681567
HS	103	0	15146	4696713
HS	102	0	14924	4711637
HS	101	0	15057	4726694
HS	100	0	14578	4741272
HS	99	0	14211	4755483
HS	98	0	13998	4769481
HS	97	0	13784	4783265
HS	96	0	13720	4796985
HS	95	0	13422	4810407
HS	94	0	12988	4823395
HS	93	0	12879	4836274
HS	92	0	12531	4848805
HS	91	0	12148	4860953
HS	90	0	11989	4872942
HS	89	0	11680	4884622
HS	88	0	11405	4896027
HS	87	0	11326	4907353
HS	86	0	11329	4918682
HS	85	0	11059	4929741
HS	84	0	10900	4940641
HS	83	0	10629	4951270
HS	82	0	10362	4961632
HS	81	0	10054	4971686
HS	80	0	9671	4981357
HS	79	0	9339	4990696
HS	78	0	9353	5000049
HS	77	0	9180	5009229
HS	76	0	9206	5018435
HS	75	0	9092	5027527
HS	74	0	8879	5036406
HS	73	0	8912	5045318
HS	72	0	8733	5054051
HS	71	0	8627	5062678
HS	70	0	8387	5071065
HS	69	0	7970	5079035
HS	68	0	7780	5086815
HS	67	0	7598	5094413
HS	66	0	7437	5101850
HS	65	0	7229	5109079
HS	64	0	7196	5116275
HS	63	0	7098	5123373
HS	62	0	6954	5130327
HS	61	0	6801	5137128
HS	60	0	6606	5143734
HS	59	0	6412	5150146
HS	58	0	6308	5156454
HS	57	0	6160	5162614
HS	56	0	6207	5168821
HS	55	0	6246	5175067
HS	54	0	6335	5181402
HS	53	0	5982	5187384
HS	52	0	5789	5193173
HS	51	0	5772	5198945
HS	50	0	5684	5204629
HS	49	0	5467	5210096
HS	48	0	5301	5215397
HS	47	0	5221	5220618
HS	46	0	5117	5225735
HS	45	0	5301	5231036
HS	44	0	5162	5236198
HS	43	0	5220	5241418
HS	42	0	4900	5246318
HS	41	0	5050	5251368
HS	40	0	5036	5256404
HS	39	0	5017	5261421
HS	38	0	5140	5266561
HS	37	0	5250	5271811
HS	36	0	5436	5277247
HS	35	0	5343	5282590
HS	34	0	5561	5288151
HS	33	0	5575	5293726
HS	32	0	5738	5299464
HS	31	0	5662	5305126
HS	30	0	5901	5311027
HS	29	0	6233	5317260
HS	28	0	6582	5323842
HS	27	0	7603	5331445
HS	26	0	8098	5339543
HS	25	0	8976	5348519
HS	24	0	9614	5358133
HS	23	0	10995	5369128
HS	22	0	11832	5380960
HS	21	0	13169	5394129
HS	20	0	15512	5409641
HS	19	0	17557	5427198
HS	18	0	20164	5447362
HS	17	0	23003	5470365
HS	16	0	27219	5497584
HS	15	0	32366	5529950
HS	14	0	39637	5569587
HS	13	0	47122	5616709
HS	12	0	59643	5676352
HS	11	0	73527	5749879
HS	10	0	96241	5846120
HS	9	0	127497	5973617
HS	8	0	174507	6148124
HS	7	0	248883	6397007
HS	6	0	382351	6779358
HS	5	0	661823	7441181
HS	4	0	1321310	8762491
HS	3	0	3373954	12136445
HS	2	0	12251227	24387672
HS	1	0	0	24387672
HS	0	0	0	24387672
