CC	CT  kmer_occurrence    short_read_kmer_count  raw_input_kmer_count  adjusted_input_kmer_count
CC	FR  fpr_lower_bound    fpr_upper_bound
CC	ER  total_input_kmers  adjusted_error_kmers
CC	CV  coverage
CC	QV  raw_quality_value  adjusted_quality_value
CC
SQ	JAUCFH010000006.1	174937	174907	174907	99.00
SQ	JAUCFH010000005.1	302457	302427	302427	99.00
SQ	JAUCFH010000001.1	5005209	5005179	5004995	59.26
CT	1023	172828	215296	215296.000
CT	1022	493	472	472.000
CT	1021	496	471	471.000
CT	1020	522	510	510.000
CT	1019	502	504	504.000
CT	1018	515	495	495.000
CT	1017	500	484	484.000
CT	1016	520	496	496.000
CT	1015	531	516	516.000
CT	1014	508	490	490.000
CT	1013	507	501	501.000
CT	1012	507	491	491.000
CT	1011	546	524	524.000
CT	1010	548	556	556.000
CT	1009	539	527	527.000
CT	1008	514	504	504.000
CT	1007	543	537	537.000
CT	1006	508	506	506.000
CT	1005	531	509	509.000
CT	1004	524	524	524.000
CT	1003	598	575	575.000
CT	1002	527	518	518.000
CT	1001	531	512	512.000
CT	1000	559	565	565.000
CT	999	540	526	526.000
CT	998	605	601	601.000
CT	997	533	524	524.000
CT	996	535	518	518.000
CT	995	564	557	557.000
CT	994	548	538	538.000
CT	993	591	588	588.000
CT	992	563	559	559.000
CT	991	566	555	555.000
CT	990	553	557	557.000
CT	989	570	571	571.000
CT	988	614	615	615.000
CT	987	581	582	582.000
CT	986	585	591	591.000
CT	985	610	619	619.000
CT	984	585	577	577.000
CT	983	612	612	612.000
CT	982	631	633	633.000
CT	981	602	605	605.000
CT	980	596	589	589.000
CT	979	619	624	624.000
CT	978	593	577	577.000
CT	977	595	589	589.000
CT	976	629	635	635.000
CT	975	630	632	632.000
CT	974	613	612	612.000
CT	973	600	589	589.000
CT	972	643	650	650.000
CT	971	632	635	635.000
CT	970	651	660	660.000
CT	969	631	641	641.000
CT	968	626	615	615.000
CT	967	614	612	612.000
CT	966	604	616	616.000
CT	965	620	624	624.000
CT	964	651	663	663.000
CT	963	655	663	663.000
CT	962	618	627	627.000
CT	961	687	684	684.000
CT	960	623	625	625.000
CT	959	652	662	662.000
CT	958	647	666	666.000
CT	957	648	655	655.000
CT	956	660	672	672.000
CT	955	624	622	622.000
CT	954	688	700	700.000
CT	953	655	656	656.000
CT	952	650	649	649.000
CT	951	638	651	651.000
CT	950	639	645	645.000
CT	949	663	662	662.000
CT	948	667	687	687.000
CT	947	649	660	660.000
CT	946	666	686	686.000
CT	945	716	736	736.000
CT	944	656	661	661.000
CT	943	695	711	711.000
CT	942	707	727	727.000
CT	941	669	674	674.000
CT	940	630	649	649.000
CT	939	692	703	703.000
CT	938	735	747	747.000
CT	937	699	718	718.000
CT	936	672	678	678.000
CT	935	736	742	742.000
CT	934	783	789	789.000
CT	933	746	761	761.000
CT	932	743	747	747.000
CT	931	723	724	724.000
CT	930	755	774	774.000
CT	929	768	769	769.000
CT	928	823	830	830.000
CT	927	761	759	759.000
CT	926	763	768	768.000
CT	925	845	849	849.000
CT	924	827	833	833.000
CT	923	829	849	849.000
CT	922	841	848	848.000
CT	921	837	828	828.000
CT	920	886	902	902.000
CT	919	843	849	849.000
CT	918	850	848	848.000
CT	917	928	943	943.000
CT	916	886	886	886.000
CT	915	869	874	874.000
CT	914	950	956	956.000
CT	913	936	944	944.000
CT	912	948	937	937.000
CT	911	929	941	941.000
CT	910	944	940	940.000
CT	909	946	959	959.000
CT	908	987	1003	1003.000
CT	907	994	996	996.000
CT	906	962	966	966.000
CT	905	962	975	975.000
CT	904	988	993	993.000
CT	903	932	940	940.000
CT	902	994	1004	1004.000
CT	901	958	974	974.000
CT	900	1023	1040	1040.000
CT	899	1064	1083	1083.000
CT	898	1036	1056	1056.000
CT	897	1112	1130	1130.000
CT	896	1078	1098	1098.000
CT	895	1061	1067	1067.000
CT	894	1073	1080	1080.000
CT	893	1075	1088	1088.000
CT	892	1143	1167	1167.000
CT	891	1144	1155	1155.000
CT	890	1140	1156	1156.000
CT	889	1095	1112	1112.000
CT	888	1190	1214	1214.000
CT	887	1180	1206	1206.000
CT	886	1155	1164	1164.000
CT	885	1213	1230	1230.000
CT	884	1229	1241	1241.000
CT	883	1212	1212	1212.000
CT	882	1174	1191	1191.000
CT	881	1249	1255	1255.000
CT	880	1247	1253	1253.000
CT	879	1352	1381	1381.000
CT	878	1270	1287	1287.000
CT	877	1246	1261	1261.000
CT	876	1162	1175	1175.000
CT	875	1288	1303	1303.000
CT	874	1323	1327	1327.000
CT	873	1263	1284	1284.000
CT	872	1314	1327	1327.000
CT	871	1320	1332	1332.000
CT	870	1324	1338	1338.000
CT	869	1351	1357	1357.000
CT	868	1352	1361	1361.000
CT	867	1349	1351	1351.000
CT	866	1360	1375	1375.000
CT	865	1377	1387	1387.000
CT	864	1369	1368	1368.000
CT	863	1396	1403	1403.000
CT	862	1452	1455	1455.000
CT	861	1360	1369	1369.000
CT	860	1454	1451	1451.000
CT	859	1443	1459	1459.000
CT	858	1401	1419	1419.000
CT	857	1547	1568	1568.000
CT	856	1514	1530	1530.000
CT	855	1472	1492	1492.000
CT	854	1454	1477	1477.000
CT	853	1503	1514	1514.000
CT	852	1489	1506	1506.000
CT	851	1444	1461	1461.000
CT	850	1575	1582	1582.000
CT	849	1570	1583	1583.000
CT	848	1599	1614	1614.000
CT	847	1594	1603	1603.000
CT	846	1678	1690	1690.000
CT	845	1620	1636	1636.000
CT	844	1670	1677	1677.000
CT	843	1634	1654	1654.000
CT	842	1748	1770	1770.000
CT	841	1665	1680	1680.000
CT	840	1698	1713	1713.000
CT	839	1709	1725	1725.000
CT	838	1824	1846	1846.000
CT	837	1706	1723	1723.000
CT	836	1778	1804	1804.000
CT	835	1782	1797	1797.000
CT	834	1832	1853	1853.000
CT	833	1826	1837	1837.000
CT	832	1878	1893	1893.000
CT	831	1877	1887	1887.000
CT	830	1835	1860	1860.000
CT	829	1952	1984	1984.000
CT	828	1863	1879	1879.000
CT	827	1958	1984	1984.000
CT	826	1964	1994	1994.000
CT	825	1924	1948	1948.000
CT	824	1986	2004	2004.000
CT	823	1981	2014	2014.000
CT	822	1969	1999	1999.000
CT	821	1994	2023	2023.000
CT	820	2040	2072	2072.000
CT	819	1968	1989	1989.000
CT	818	2090	2111	2111.000
CT	817	2101	2126	2126.000
CT	816	2117	2150	2150.000
CT	815	2197	2235	2235.000
CT	814	2160	2172	2172.000
CT	813	2193	2217	2217.000
CT	812	2102	2125	2125.000
CT	811	2270	2292	2292.000
CT	810	2282	2301	2301.000
CT	809	2228	2246	2246.000
CT	808	2250	2274	2274.000
CT	807	2374	2402	2402.000
CT	806	2319	2330	2330.000
CT	805	2320	2349	2349.000
CT	804	2370	2399	2399.000
CT	803	2447	2486	2486.000
CT	802	2364	2384	2384.000
CT	801	2460	2496	2496.000
CT	800	2452	2464	2464.000
CT	799	2486	2517	2517.000
CT	798	2448	2458	2458.000
CT	797	2526	2546	2546.000
CT	796	2517	2536	2536.000
CT	795	2567	2592	2592.000
CT	794	2553	2565	2565.000
CT	793	2669	2672	2672.000
CT	792	2667	2681	2681.000
CT	791	2605	2614	2614.000
CT	790	2684	2696	2696.000
CT	789	2695	2701	2701.000
CT	788	2589	2602	2602.000
CT	787	2784	2788	2788.000
CT	786	2881	2907	2907.000
CT	785	2837	2857	2857.000
CT	784	2900	2909	2909.000
CT	783	2879	2895	2895.000
CT	782	3015	3027	3027.000
CT	781	2882	2891	2891.000
CT	780	3093	3107	3107.000
CT	779	3049	3051	3051.000
CT	778	3123	3130	3130.000
CT	777	3136	3150	3150.000
CT	776	3130	3138	3138.000
CT	775	3205	3220	3220.000
CT	774	3305	3316	3316.000
CT	773	3300	3317	3317.000
CT	772	3306	3325	3325.000
CT	771	3268	3277	3277.000
CT	770	3346	3357	3357.000
CT	769	3486	3494	3494.000
CT	768	3540	3561	3561.000
CT	767	3482	3496	3496.000
CT	766	3552	3563	3563.000
CT	765	3515	3540	3540.000
CT	764	3582	3596	3596.000
CT	763	3497	3514	3514.000
CT	762	3621	3634	3634.000
CT	761	3724	3733	3733.000
CT	760	3799	3812	3812.000
CT	759	3787	3806	3806.000
CT	758	3805	3812	3812.000
CT	757	3757	3765	3765.000
CT	756	3867	3876	3876.000
CT	755	3922	3931	3931.000
CT	754	3860	3869	3869.000
CT	753	3785	3798	3798.000
CT	752	4103	4117	4117.000
CT	751	4044	4050	4050.000
CT	750	4053	4068	4068.000
CT	749	4131	4135	4135.000
CT	748	4200	4213	4213.000
CT	747	4062	4073	4073.000
CT	746	4369	4387	4387.000
CT	745	4423	4435	4435.000
CT	744	4409	4419	4419.000
CT	743	4424	4429	4429.000
CT	742	4383	4391	4391.000
CT	741	4451	4463	4463.000
CT	740	4437	4447	4447.000
CT	739	4604	4607	4607.000
CT	738	4607	4613	4613.000
CT	737	4698	4696	4696.000
CT	736	4719	4724	4724.000
CT	735	4882	4885	4885.000
CT	734	4860	4871	4871.000
CT	733	4960	4966	4966.000
CT	732	5014	5023	5023.000
CT	731	4970	4975	4975.000
CT	730	5159	5169	5169.000
CT	729	5082	5087	5087.000
CT	728	5127	5136	5136.000
CT	727	5240	5252	5252.000
CT	726	5176	5182	5182.000
CT	725	5421	5433	5433.000
CT	724	5461	5476	5476.000
CT	723	5484	5499	5499.000
CT	722	5444	5455	5455.000
CT	721	5702	5716	5716.000
CT	720	5430	5441	5441.000
CT	719	5737	5747	5747.000
CT	718	5872	5887	5887.000
CT	717	5899	5906	5906.000
CT	716	5883	5891	5891.000
CT	715	5906	5912	5912.000
CT	714	5935	5947	5947.000
CT	713	6027	6039	6039.000
CT	712	6094	6106	6106.000
CT	711	6211	6217	6217.000
CT	710	6140	6150	6150.000
CT	709	6313	6319	6319.000
CT	708	6175	6185	6185.000
CT	707	6331	6342	6342.000
CT	706	6252	6263	6263.000
CT	705	6274	6284	6284.000
CT	704	6509	6515	6515.000
CT	703	6477	6483	6483.000
CT	702	6695	6709	6709.000
CT	701	6693	6698	6698.000
CT	700	6808	6817	6817.000
CT	699	6834	6849	6849.000
CT	698	6860	6871	6871.000
CT	697	6917	6926	6926.000
CT	696	6859	6870	6870.000
CT	695	7011	7017	7017.000
CT	694	7124	7135	7135.000
CT	693	7210	7221	7221.000
CT	692	7160	7171	7171.000
CT	691	7320	7328	7328.000
CT	690	7283	7299	7299.000
CT	689	7442	7454	7454.000
CT	688	7546	7558	7558.000
CT	687	7489	7502	7502.000
CT	686	7496	7502	7502.000
CT	685	7704	7720	7720.000
CT	684	7830	7840	7840.000
CT	683	7839	7851	7851.000
CT	682	8020	8026	8026.000
CT	681	7950	7961	7961.000
CT	680	8065	8077	8077.000
CT	679	8144	8151	8151.000
CT	678	8235	8249	8249.000
CT	677	8207	8218	8218.000
CT	676	8394	8408	8408.000
CT	675	8129	8141	8141.000
CT	674	8587	8595	8595.000
CT	673	8388	8405	8405.000
CT	672	8602	8609	8609.000
CT	671	8648	8655	8655.000
CT	670	8730	8745	8745.000
CT	669	8946	8953	8953.000
CT	668	8930	8943	8943.000
CT	667	9095	9107	9107.000
CT	666	9069	9077	9077.000
CT	665	9121	9132	9132.000
CT	664	9170	9186	9186.000
CT	663	9057	9064	9064.000
CT	662	9240	9243	9243.000
CT	661	9469	9494	9494.000
CT	660	9409	9417	9417.000
CT	659	9695	9699	9699.000
CT	658	9595	9595	9595.000
CT	657	9669	9684	9684.000
CT	656	9757	9771	9771.000
CT	655	9835	9843	9843.000
CT	654	9941	9947	9947.000
CT	653	9918	9922	9922.000
CT	652	10050	10060	10060.000
CT	651	9996	10004	10004.000
CT	650	10123	10137	10137.000
CT	649	10243	10250	10250.000
CT	648	10281	10286	10286.000
CT	647	10464	10478	10478.000
CT	646	10394	10395	10395.000
CT	645	10665	10667	10667.000
CT	644	10554	10562	10562.000
CT	643	10717	10727	10727.000
CT	642	10823	10826	10826.000
CT	641	10575	10580	10580.000
CT	640	11017	11023	11023.000
CT	639	11131	11139	11139.000
CT	638	10978	10992	10992.000
CT	637	11134	11135	11135.000
CT	636	11290	11296	11296.000
CT	635	11463	11471	11471.000
CT	634	11523	11532	11532.000
CT	633	11710	11720	11720.000
CT	632	11734	11738	11738.000
CT	631	11755	11758	11758.000
CT	630	11808	11815	11815.000
CT	629	11934	11938	11938.000
CT	628	12072	12075	12075.000
CT	627	12207	12212	12212.000
CT	626	12186	12193	12193.000
CT	625	12208	12218	12218.000
CT	624	12374	12377	12377.000
CT	623	12504	12505	12505.000
CT	622	12665	12674	12674.000
CT	621	12728	12732	12732.000
CT	620	12617	12623	12623.000
CT	619	12913	12918	12918.000
CT	618	13101	13108	13108.000
CT	617	13219	13227	13227.000
CT	616	13169	13177	13177.000
CT	615	13375	13387	13387.000
CT	614	13197	13198	13198.000
CT	613	13459	13464	13464.000
CT	612	13591	13593	13593.000
CT	611	13574	13582	13582.000
CT	610	13723	13728	13728.000
CT	609	13626	13628	13628.000
CT	608	13830	13834	13834.000
CT	607	13854	13855	13855.000
CT	606	14095	14097	14097.000
CT	605	14047	14057	14057.000
CT	604	14072	14080	14080.000
CT	603	14143	14149	14149.000
CT	602	14188	14198	14198.000
CT	601	14582	14587	14587.000
CT	600	14288	14292	14292.000
CT	599	14297	14302	14302.000
CT	598	14434	14435	14435.000
CT	597	14507	14508	14508.000
CT	596	14726	14736	14736.000
CT	595	14915	14924	14924.000
CT	594	14891	14894	14894.000
CT	593	15029	15031	15031.000
CT	592	15334	15339	15339.000
CT	591	15068	15074	15074.000
CT	590	15284	15291	15291.000
CT	589	15388	15402	15402.000
CT	588	15535	15543	15543.000
CT	587	15147	15154	15154.000
CT	586	15628	15628	15628.000
CT	585	15662	15668	15668.000
CT	584	15736	15738	15738.000
CT	583	15801	15805	15805.000
CT	582	15816	15824	15824.000
CT	581	15780	15782	15782.000
CT	580	15883	15883	15883.000
CT	579	16144	16148	16148.000
CT	578	16024	16036	16036.000
CT	577	16185	16191	16191.000
CT	576	16214	16214	16214.000
CT	575	15930	15933	15933.000
CT	574	16312	16314	16314.000
CT	573	16391	16392	16392.000
CT	572	16331	16332	16332.000
CT	571	16616	16618	16618.000
CT	570	16346	16352	16352.000
CT	569	16563	16562	16562.000
CT	568	16505	16506	16506.000
CT	567	16549	16547	16547.000
CT	566	16704	16701	16701.000
CT	565	16748	16747	16747.000
CT	564	16737	16738	16738.000
CT	563	16642	16640	16640.000
CT	562	16812	16814	16814.000
CT	561	16914	16912	16912.000
CT	560	16977	16977	16977.000
CT	559	16871	16873	16873.000
CT	558	16832	16832	16832.000
CT	557	16899	16904	16904.000
CT	556	17018	17018	17018.000
CT	555	17163	17166	17166.000
CT	554	17038	17045	17045.000
CT	553	17238	17245	17245.000
CT	552	17217	17225	17225.000
CT	551	17268	17276	17276.000
CT	550	17429	17436	17436.000
CT	549	17547	17552	17552.000
CT	548	17457	17463	17463.000
CT	547	17293	17293	17293.000
CT	546	17568	17574	17574.000
CT	545	17579	17585	17585.000
CT	544	17647	17650	17650.000
CT	543	17651	17653	17653.000
CT	542	17611	17612	17612.000
CT	541	17647	17653	17653.000
CT	540	17419	17425	17425.000
CT	539	17802	17811	17811.000
CT	538	17626	17626	17626.000
CT	537	17706	17714	17714.000
CT	536	17613	17616	17616.000
CT	535	17990	18007	18007.000
CT	534	17405	17418	17418.000
CT	533	17501	17504	17504.000
CT	532	17586	17592	17592.000
CT	531	17477	17489	17489.000
CT	530	17627	17636	17636.000
CT	529	17616	17623	17623.000
CT	528	17613	17625	17625.000
CT	527	17579	17587	17587.000
CT	526	17741	17751	17751.000
CT	525	17613	17616	17616.000
CT	524	17554	17561	17561.000
CT	523	17749	17753	17753.000
CT	522	17808	17814	17814.000
CT	521	17908	17912	17912.000
CT	520	17744	17747	17747.000
CT	519	17657	17659	17659.000
CT	518	17604	17608	17608.000
CT	517	17377	17384	17384.000
CT	516	17532	17534	17534.000
CT	515	17621	17622	17622.000
CT	514	17524	17531	17531.000
CT	513	17796	17800	17800.000
CT	512	17529	17531	17531.000
CT	511	17668	17674	17674.000
CT	510	17809	17812	17812.000
CT	509	17713	17713	17713.000
CT	508	17566	17573	17573.000
CT	507	17731	17730	17730.000
CT	506	17674	17678	17678.000
CT	505	17593	17598	17598.000
CT	504	17538	17541	17541.000
CT	503	17569	17571	17571.000
CT	502	17464	17474	17474.000
CT	501	17378	17385	17385.000
CT	500	17277	17281	17281.000
CT	499	17211	17211	17211.000
CT	498	17622	17620	17620.000
CT	497	17327	17329	17329.000
CT	496	17322	17322	17322.000
CT	495	17334	17333	17333.000
CT	494	17345	17347	17347.000
CT	493	17156	17156	17156.000
CT	492	17087	17087	17087.000
CT	491	17098	17102	17102.000
CT	490	17073	17076	17076.000
CT	489	17066	17075	17075.000
CT	488	17025	17027	17027.000
CT	487	16836	16836	16836.000
CT	486	16627	16627	16627.000
CT	485	17044	17046	17046.000
CT	484	16729	16724	16724.000
CT	483	16602	16600	16600.000
CT	482	16635	16637	16637.000
CT	481	16545	16544	16544.000
CT	480	16564	16565	16565.000
CT	479	16593	16595	16595.000
CT	478	16432	16434	16434.000
CT	477	16747	16752	16752.000
CT	476	16436	16440	16440.000
CT	475	16342	16343	16343.000
CT	474	16335	16335	16335.000
CT	473	16301	16302	16302.000
CT	472	15955	15954	15954.000
CT	471	16039	16042	16042.000
CT	470	15931	15931	15931.000
CT	469	16045	16044	16044.000
CT	468	15900	15899	15899.000
CT	467	15909	15911	15911.000
CT	466	15771	15773	15773.000
CT	465	15548	15547	15547.000
CT	464	15420	15422	15422.000
CT	463	15550	15550	15550.000
CT	462	15554	15554	15554.000
CT	461	15176	15175	15175.000
CT	460	15221	15221	15221.000
CT	459	15369	15371	15371.000
CT	458	15152	15152	15152.000
CT	457	15203	15205	15205.000
CT	456	14956	14958	14958.000
CT	455	14983	14985	14985.000
CT	454	14833	14830	14830.000
CT	453	14870	14872	14872.000
CT	452	14966	14974	14974.000
CT	451	14599	14600	14600.000
CT	450	14403	14400	14400.000
CT	449	14334	14332	14332.000
CT	448	14347	14349	14349.000
CT	447	14109	14113	14113.000
CT	446	14234	14233	14233.000
CT	445	14023	14022	14022.000
CT	444	13845	13849	13849.000
CT	443	13750	13756	13756.000
CT	442	13918	13921	13921.000
CT	441	13664	13668	13668.000
CT	440	13673	13673	13673.000
CT	439	13436	13436	13436.000
CT	438	13404	13402	13402.000
CT	437	13297	13305	13305.000
CT	436	13439	13439	13439.000
CT	435	13029	13030	13030.000
CT	434	12843	12843	12843.000
CT	433	12675	12675	12675.000
CT	432	12788	12792	12792.000
CT	431	12432	12433	12433.000
CT	430	12335	12332	12332.000
CT	429	12312	12316	12316.000
CT	428	12222	12222	12222.000
CT	427	11941	11941	11941.000
CT	426	12101	12103	12103.000
CT	425	11778	11778	11778.000
CT	424	11731	11733	11733.000
CT	423	11759	11758	11758.000
CT	422	11280	11285	11285.000
CT	421	11383	11380	11380.000
CT	420	11331	11337	11337.000
CT	419	11040	11048	11048.000
CT	418	11110	11114	11114.000
CT	417	10916	10918	10918.000
CT	416	10697	10701	10701.000
CT	415	10631	10636	10636.000
CT	414	10448	10446	10446.000
CT	413	10320	10325	10325.000
CT	412	10171	10174	10174.000
CT	411	10221	10228	10228.000
CT	410	10103	10104	10104.000
CT	409	10068	10081	10081.000
CT	408	10067	10072	10072.000
CT	407	9767	9770	9770.000
CT	406	9739	9744	9744.000
CT	405	9664	9663	9663.000
CT	404	9504	9508	9508.000
CT	403	9339	9341	9341.000
CT	402	9324	9327	9327.000
CT	401	9249	9254	9254.000
CT	400	9008	9009	9009.000
CT	399	8962	8964	8964.000
CT	398	8636	8638	8638.000
CT	397	8674	8674	8674.000
CT	396	8667	8668	8668.000
CT	395	8438	8439	8439.000
CT	394	8171	8172	8172.000
CT	393	8320	8323	8323.000
CT	392	8050	8049	8049.000
CT	391	7990	7996	7996.000
CT	390	7730	7732	7732.000
CT	389	7432	7432	7432.000
CT	388	7470	7473	7473.000
CT	387	7354	7354	7354.000
CT	386	7415	7420	7420.000
CT	385	7194	7197	7197.000
CT	384	7058	7056	7056.000
CT	383	6907	6907	6907.000
CT	382	6807	6805	6805.000
CT	381	6764	6770	6770.000
CT	380	6795	6793	6793.000
CT	379	6539	6535	6535.000
CT	378	6396	6393	6393.000
CT	377	6442	6442	6442.000
CT	376	6359	6362	6362.000
CT	375	6142	6140	6140.000
CT	374	6051	6050	6050.000
CT	373	5922	5919	5919.000
CT	372	5787	5787	5787.000
CT	371	5734	5737	5737.000
CT	370	5783	5780	5780.000
CT	369	5641	5639	5639.000
CT	368	5567	5570	5570.000
CT	367	5554	5553	5553.000
CT	366	5378	5376	5376.000
CT	365	5121	5120	5120.000
CT	364	5082	5082	5082.000
CT	363	5115	5118	5118.000
CT	362	4987	4984	4984.000
CT	361	4797	4796	4796.000
CT	360	4735	4734	4734.000
CT	359	4718	4717	4717.000
CT	358	4675	4674	4674.000
CT	357	4540	4541	4541.000
CT	356	4433	4436	4436.000
CT	355	4293	4295	4295.000
CT	354	4241	4240	4240.000
CT	353	4220	4221	4221.000
CT	352	4149	4150	4150.000
CT	351	3981	3979	3979.000
CT	350	3905	3902	3902.000
CT	349	3845	3840	3840.000
CT	348	3746	3746	3746.000
CT	347	3620	3618	3618.000
CT	346	3508	3506	3506.000
CT	345	3442	3444	3444.000
CT	344	3458	3455	3455.000
CT	343	3448	3446	3446.000
CT	342	3283	3282	3282.000
CT	341	3247	3246	3246.000
CT	340	3169	3171	3171.000
CT	339	3107	3106	3106.000
CT	338	2994	2996	2996.000
CT	337	2996	2998	2998.000
CT	336	2820	2822	2822.000
CT	335	2778	2781	2781.000
CT	334	2759	2761	2761.000
CT	333	2678	2677	2677.000
CT	332	2589	2588	2588.000
CT	331	2561	2563	2563.000
CT	330	2468	2466	2466.000
CT	329	2461	2458	2458.000
CT	328	2354	2352	2352.000
CT	327	2365	2369	2369.000
CT	326	2186	2189	2189.000
CT	325	2276	2281	2281.000
CT	324	2206	2210	2210.000
CT	323	2215	2214	2214.000
CT	322	2057	2062	2062.000
CT	321	2081	2089	2089.000
CT	320	1962	1963	1963.000
CT	319	1915	1920	1920.000
CT	318	1854	1851	1851.000
CT	317	1823	1818	1818.000
CT	316	1764	1758	1758.000
CT	315	1707	1703	1703.000
CT	314	1641	1639	1639.000
CT	313	1631	1632	1632.000
CT	312	1581	1584	1584.000
CT	311	1542	1550	1550.000
CT	310	1518	1519	1519.000
CT	309	1436	1438	1438.000
CT	308	1425	1424	1424.000
CT	307	1354	1349	1349.000
CT	306	1315	1312	1312.000
CT	305	1311	1307	1307.000
CT	304	1279	1277	1277.000
CT	303	1239	1234	1234.000
CT	302	1179	1176	1176.000
CT	301	1117	1115	1115.000
CT	300	1081	1080	1080.000
CT	299	1115	1113	1113.000
CT	298	1037	1035	1035.000
CT	297	1069	1066	1066.000
CT	296	989	986	986.000
CT	295	961	959	959.000
CT	294	978	978	978.000
CT	293	944	942	942.000
CT	292	820	820	820.000
CT	291	856	851	851.000
CT	290	748	749	749.000
CT	289	775	778	778.000
CT	288	810	810	810.000
CT	287	770	769	769.000
CT	286	717	710	710.000
CT	285	685	681	681.000
CT	284	693	691	691.000
CT	283	623	621	621.000
CT	282	631	633	633.000
CT	281	615	610	610.000
CT	280	566	563	563.000
CT	279	544	544	544.000
CT	278	507	505	505.000
CT	277	533	529	529.000
CT	276	522	520	520.000
CT	275	471	463	463.000
CT	274	496	490	490.000
CT	273	462	457	457.000
CT	272	462	458	458.000
CT	271	424	422	422.000
CT	270	407	396	396.000
CT	269	396	390	390.000
CT	268	400	395	395.000
CT	267	371	374	374.000
CT	266	361	357	357.000
CT	265	359	354	354.000
CT	264	327	322	322.000
CT	263	327	323	323.000
CT	262	351	348	348.000
CT	261	327	325	325.000
CT	260	311	311	311.000
CT	259	320	316	316.000
CT	258	307	305	305.000
CT	257	305	298	298.000
CT	256	274	264	264.000
CT	255	254	249	249.000
CT	254	248	240	240.000
CT	253	214	210	210.000
CT	252	269	262	262.000
CT	251	226	225	225.000
CT	250	217	218	218.000
CT	249	212	212	212.000
CT	248	243	243	243.000
CT	247	214	215	215.000
CT	246	218	217	217.000
CT	245	200	200	200.000
CT	244	173	172	172.000
CT	243	157	155	155.000
CT	242	177	170	170.000
CT	241	154	153	153.000
CT	240	156	153	153.000
CT	239	173	166	166.000
CT	238	136	132	132.000
CT	237	177	169	169.000
CT	236	139	135	135.000
CT	235	156	150	150.000
CT	234	137	133	133.000
CT	233	141	135	135.000
CT	232	148	136	136.000
CT	231	130	124	124.000
CT	230	131	122	122.000
CT	229	105	100	100.000
CT	228	111	109	109.000
CT	227	117	109	109.000
CT	226	120	114	114.000
CT	225	101	94	94.000
CT	224	100	90	90.000
CT	223	97	92	92.000
CT	222	87	83	83.000
CT	221	95	90	90.000
CT	220	94	88	88.000
CT	219	103	94	94.000
CT	218	96	88	88.000
CT	217	98	87	87.000
CT	216	83	79	79.000
CT	215	74	67	67.000
CT	214	80	71	71.000
CT	213	77	69	69.000
CT	212	87	77	77.000
CT	211	88	81	81.000
CT	210	82	74	74.000
CT	209	66	66	66.000
CT	208	71	62	62.000
CT	207	83	65	65.000
CT	206	87	78	78.000
CT	205	58	50	50.000
CT	204	83	73	73.000
CT	203	57	51	51.000
CT	202	54	45	45.000
CT	201	57	50	50.000
CT	200	75	63	63.000
CT	199	56	48	48.000
CT	198	56	47	47.000
CT	197	48	42	42.000
CT	196	50	39	39.000
CT	195	52	45	45.000
CT	194	54	35	35.000
CT	193	56	38	38.000
CT	192	54	31	31.000
CT	191	54	38	38.000
CT	190	59	39	39.000
CT	189	54	38	38.000
CT	188	58	37	37.000
CT	187	42	37	37.000
CT	186	35	25	25.000
CT	185	55	38	38.000
CT	184	53	34	34.000
CT	183	62	37	37.000
CT	182	61	46	46.000
CT	181	45	34	34.000
CT	180	51	40	40.000
CT	179	51	37	37.000
CT	178	62	45	45.000
CT	177	74	55	55.000
CT	176	69	58	58.000
CT	175	60	35	35.000
CT	174	63	39	39.000
CT	173	63	44	44.000
CT	172	59	42	42.000
CT	171	50	40	40.000
CT	170	50	34	34.000
CT	169	72	55	55.000
CT	168	58	37	37.000
CT	167	75	48	48.000
CT	166	57	35	35.000
CT	165	71	52	52.000
CT	164	68	46	46.000
CT	163	65	45	45.000
CT	162	69	42	42.000
CT	161	48	32	32.000
CT	160	64	41	41.000
CT	159	54	21	21.000
CT	158	50	29	29.000
CT	157	52	27	27.000
CT	156	53	28	28.000
CT	155	47	20	20.000
CT	154	46	22	22.000
CT	153	53	23	23.000
CT	152	41	14	14.000
CT	151	40	17	17.000
CT	150	55	18	18.000
CT	149	54	18	18.000
CT	148	50	23	23.000
CT	147	67	28	28.000
CT	146	61	24	24.000
CT	145	64	23	23.000
CT	144	45	22	22.000
CT	143	41	16	16.000
CT	142	45	12	12.000
CT	141	39	14	14.000
CT	140	36	7	7.000
CT	139	35	14	14.000
CT	138	45	9	9.000
CT	137	54	12	12.000
CT	136	39	8	8.000
CT	135	61	13	13.000
CT	134	48	10	10.000
CT	133	63	7	7.000
CT	132	74	5	5.000
CT	131	62	5	5.000
CT	130	72	21	21.000
CT	129	68	24	24.000
CT	128	63	26	26.000
CT	127	72	25	25.000
CT	126	60	12	12.000
CT	125	73	7	7.000
CT	124	70	12	12.000
CT	123	58	10	10.000
CT	122	61	13	13.000
CT	121	76	17	17.000
CT	120	65	14	14.000
CT	119	58	17	17.000
CT	118	70	10	10.000
CT	117	74	9	9.000
CT	116	65	9	9.000
CT	115	64	9	9.000
CT	114	61	20	20.000
CT	113	66	11	11.000
CT	112	90	13	13.000
CT	111	82	8	8.000
CT	110	74	3	3.000
CT	109	79	6	6.000
CT	108	83	6	6.000
CT	107	66	4	4.000
CT	106	81	8	8.000
CT	105	84	11	11.000
CT	104	87	10	10.000
CT	103	77	11	11.000
CT	102	95	14	14.000
CT	101	88	12	12.000
CT	100	106	6	6.000
CT	99	87	5	5.000
CT	98	90	9	9.000
CT	97	97	11	11.000
CT	96	117	22	22.000
CT	95	81	7	7.000
CT	94	88	6	6.000
CT	93	114	7	7.000
CT	92	128	2	2.000
CT	91	127	10	10.000
CT	90	149	17	17.000
CT	89	127	14	14.000
CT	88	119	13	13.000
CT	87	149	17	17.000
CT	86	127	16	16.000
CT	85	121	17	17.000
CT	84	147	9	9.000
CT	83	132	6	6.000
CT	82	170	9	9.000
CT	81	181	6	6.000
CT	80	172	2	2.000
CT	79	153	5	5.000
CT	78	179	6	6.000
CT	77	222	6	6.000
CT	76	217	12	12.000
CT	75	198	10	10.000
CT	74	235	11	11.000
CT	73	255	6	6.000
CT	72	209	3	3.000
CT	71	277	7	7.000
CT	70	261	7	7.000
CT	69	262	3	3.000
CT	68	264	5	5.000
CT	67	259	0	0.000
CT	66	310	5	5.000
CT	65	294	2	2.000
CT	64	363	1	1.000
CT	63	394	0	0.000
CT	62	301	0	0.000
CT	61	364	0	0.000
CT	60	351	0	0.000
CT	59	399	0	0.000
CT	58	418	0	0.000
CT	57	441	0	0.000
CT	56	473	0	0.000
CT	55	471	0	0.000
CT	54	494	0	0.000
CT	53	568	0	0.000
CT	52	570	0	0.000
CT	51	569	0	0.000
CT	50	592	0	0.000
CT	49	739	0	0.000
CT	48	723	0	0.000
CT	47	835	0	0.000
CT	46	859	0	0.000
CT	45	963	0	0.000
CT	44	983	0	0.000
CT	43	1075	0	0.000
CT	42	1127	0	0.000
CT	41	1277	0	0.000
CT	40	1437	0	0.000
CT	39	1481	0	0.000
CT	38	1641	0	0.000
CT	37	1829	0	0.000
CT	36	1995	0	0.000
CT	35	2256	0	0.000
CT	34	2424	0	0.000
CT	33	2686	0	0.000
CT	32	3223	0	0.000
CT	31	3440	0	0.000
CT	30	4095	0	0.000
CT	29	4584	0	0.000
CT	28	5312	0	0.000
CT	27	6212	0	0.000
CT	26	7293	0	0.000
CT	25	8255	0	0.000
CT	24	10089	0	0.000
CT	23	12080	0	0.000
CT	22	14139	0	0.000
CT	21	16857	0	0.000
CT	20	19925	0	0.000
CT	19	24095	0	0.000
CT	18	29515	0	0.000
CT	17	36318	0	0.000
CT	16	44250	0	0.000
CT	15	53933	0	0.000
CT	14	66085	1	1.000
CT	13	83736	0	0.000
CT	12	106107	0	0.000
CT	11	135473	0	0.000
CT	10	173135	0	0.000
CT	9	227394	0	0.000
CT	8	307785	0	0.000
CT	7	427289	0	0.000
CT	6	636888	0	0.000
CT	5	1086894	0	0.000
CT	4	2319245	0	0.000
CT	3	6427609	0	0.000
CT	2	23336636	0	0.000
CT	1	0	0	-nan
CT	0	0	184	-nan
FR	0	0
ER	5482513	0.000
CV	1.001
QV	59.655	59.655
