HS	1023	0	172828	172828
HS	1022	0	493	173321
HS	1021	0	496	173817
HS	1020	0	522	174339
HS	1019	0	502	174841
HS	1018	0	515	175356
HS	1017	0	500	175856
HS	1016	0	520	176376
HS	1015	0	531	176907
HS	1014	0	508	177415
HS	1013	0	507	177922
HS	1012	0	507	178429
HS	1011	0	546	178975
HS	1010	0	548	179523
HS	1009	0	539	180062
HS	1008	0	514	180576
HS	1007	0	543	181119
HS	1006	0	508	181627
HS	1005	0	531	182158
HS	1004	0	524	182682
HS	1003	0	598	183280
HS	1002	0	527	183807
HS	1001	0	531	184338
HS	1000	0	559	184897
HS	999	0	540	185437
HS	998	0	605	186042
HS	997	0	533	186575
HS	996	0	535	187110
HS	995	0	564	187674
HS	994	0	548	188222
HS	993	0	591	188813
HS	992	0	563	189376
HS	991	0	566	189942
HS	990	0	553	190495
HS	989	0	570	191065
HS	988	0	614	191679
HS	987	0	581	192260
HS	986	0	585	192845
HS	985	0	610	193455
HS	984	0	585	194040
HS	983	0	612	194652
HS	982	0	631	195283
HS	981	0	602	195885
HS	980	0	596	196481
HS	979	0	619	197100
HS	978	0	593	197693
HS	977	0	595	198288
HS	976	0	629	198917
HS	975	0	630	199547
HS	974	0	613	200160
HS	973	0	600	200760
HS	972	0	643	201403
HS	971	0	632	202035
HS	970	0	651	202686
HS	969	0	631	203317
HS	968	0	626	203943
HS	967	0	614	204557
HS	966	0	604	205161
HS	965	0	620	205781
HS	964	0	651	206432
HS	963	0	655	207087
HS	962	0	618	207705
HS	961	0	687	208392
HS	960	0	623	209015
HS	959	0	652	209667
HS	958	0	647	210314
HS	957	0	648	210962
HS	956	0	660	211622
HS	955	0	624	212246
HS	954	0	688	212934
HS	953	0	655	213589
HS	952	0	650	214239
HS	951	0	638	214877
HS	950	0	639	215516
HS	949	0	663	216179
HS	948	0	667	216846
HS	947	0	649	217495
HS	946	0	666	218161
HS	945	0	716	218877
HS	944	0	656	219533
HS	943	0	695	220228
HS	942	0	707	220935
HS	941	0	669	221604
HS	940	0	630	222234
HS	939	0	692	222926
HS	938	0	735	223661
HS	937	0	699	224360
HS	936	0	672	225032
HS	935	0	736	225768
HS	934	0	783	226551
HS	933	0	746	227297
HS	932	0	743	228040
HS	931	0	723	228763
HS	930	0	755	229518
HS	929	0	768	230286
HS	928	0	823	231109
HS	927	0	761	231870
HS	926	0	763	232633
HS	925	0	845	233478
HS	924	0	827	234305
HS	923	0	829	235134
HS	922	0	841	235975
HS	921	0	837	236812
HS	920	0	886	237698
HS	919	0	843	238541
HS	918	0	850	239391
HS	917	0	928	240319
HS	916	0	886	241205
HS	915	0	869	242074
HS	914	0	950	243024
HS	913	0	936	243960
HS	912	0	948	244908
HS	911	0	929	245837
HS	910	0	944	246781
HS	909	0	946	247727
HS	908	0	987	248714
HS	907	0	994	249708
HS	906	0	962	250670
HS	905	0	962	251632
HS	904	0	988	252620
HS	903	0	932	253552
HS	902	0	994	254546
HS	901	0	958	255504
HS	900	0	1023	256527
HS	899	0	1064	257591
HS	898	0	1036	258627
HS	897	0	1112	259739
HS	896	0	1078	260817
HS	895	0	1061	261878
HS	894	0	1073	262951
HS	893	0	1075	264026
HS	892	0	1143	265169
HS	891	0	1144	266313
HS	890	0	1140	267453
HS	889	0	1095	268548
HS	888	0	1190	269738
HS	887	0	1180	270918
HS	886	0	1155	272073
HS	885	0	1213	273286
HS	884	0	1229	274515
HS	883	0	1212	275727
HS	882	0	1174	276901
HS	881	0	1249	278150
HS	880	0	1247	279397
HS	879	0	1352	280749
HS	878	0	1270	282019
HS	877	0	1246	283265
HS	876	0	1162	284427
HS	875	0	1288	285715
HS	874	0	1323	287038
HS	873	0	1263	288301
HS	872	0	1314	289615
HS	871	0	1320	290935
HS	870	0	1324	292259
HS	869	0	1351	293610
HS	868	0	1352	294962
HS	867	0	1349	296311
HS	866	0	1360	297671
HS	865	0	1377	299048
HS	864	0	1369	300417
HS	863	0	1396	301813
HS	862	0	1452	303265
HS	861	0	1360	304625
HS	860	0	1454	306079
HS	859	0	1443	307522
HS	858	0	1401	308923
HS	857	0	1547	310470
HS	856	0	1514	311984
HS	855	0	1472	313456
HS	854	0	1454	314910
HS	853	0	1503	316413
HS	852	0	1489	317902
HS	851	0	1444	319346
HS	850	0	1575	320921
HS	849	0	1570	322491
HS	848	0	1599	324090
HS	847	0	1594	325684
HS	846	0	1678	327362
HS	845	0	1620	328982
HS	844	0	1670	330652
HS	843	0	1634	332286
HS	842	0	1748	334034
HS	841	0	1665	335699
HS	840	0	1698	337397
HS	839	0	1709	339106
HS	838	0	1824	340930
HS	837	0	1706	342636
HS	836	0	1778	344414
HS	835	0	1782	346196
HS	834	0	1832	348028
HS	833	0	1826	349854
HS	832	0	1878	351732
HS	831	0	1877	353609
HS	830	0	1835	355444
HS	829	0	1952	357396
HS	828	0	1863	359259
HS	827	0	1958	361217
HS	826	0	1964	363181
HS	825	0	1924	365105
HS	824	0	1986	367091
HS	823	0	1981	369072
HS	822	0	1969	371041
HS	821	0	1994	373035
HS	820	0	2040	375075
HS	819	0	1968	377043
HS	818	0	2090	379133
HS	817	0	2101	381234
HS	816	0	2117	383351
HS	815	0	2197	385548
HS	814	0	2160	387708
HS	813	0	2193	389901
HS	812	0	2102	392003
HS	811	0	2270	394273
HS	810	0	2282	396555
HS	809	0	2228	398783
HS	808	0	2250	401033
HS	807	0	2374	403407
HS	806	0	2319	405726
HS	805	0	2320	408046
HS	804	0	2370	410416
HS	803	0	2447	412863
HS	802	0	2364	415227
HS	801	0	2460	417687
HS	800	0	2452	420139
HS	799	0	2486	422625
HS	798	0	2448	425073
HS	797	0	2526	427599
HS	796	0	2517	430116
HS	795	0	2567	432683
HS	794	0	2553	435236
HS	793	0	2669	437905
HS	792	0	2667	440572
HS	791	0	2605	443177
HS	790	0	2684	445861
HS	789	0	2695	448556
HS	788	0	2589	451145
HS	787	0	2784	453929
HS	786	0	2881	456810
HS	785	0	2837	459647
HS	784	0	2900	462547
HS	783	0	2879	465426
HS	782	0	3015	468441
HS	781	0	2882	471323
HS	780	0	3093	474416
HS	779	0	3049	477465
HS	778	0	3123	480588
HS	777	0	3136	483724
HS	776	0	3130	486854
HS	775	0	3205	490059
HS	774	0	3305	493364
HS	773	0	3300	496664
HS	772	0	3306	499970
HS	771	0	3268	503238
HS	770	0	3346	506584
HS	769	0	3486	510070
HS	768	0	3540	513610
HS	767	0	3482	517092
HS	766	0	3552	520644
HS	765	0	3515	524159
HS	764	0	3582	527741
HS	763	0	3497	531238
HS	762	0	3621	534859
HS	761	0	3724	538583
HS	760	0	3799	542382
HS	759	0	3787	546169
HS	758	0	3805	549974
HS	757	0	3757	553731
HS	756	0	3867	557598
HS	755	0	3922	561520
HS	754	0	3860	565380
HS	753	0	3785	569165
HS	752	0	4103	573268
HS	751	0	4044	577312
HS	750	0	4053	581365
HS	749	0	4131	585496
HS	748	0	4200	589696
HS	747	0	4062	593758
HS	746	0	4369	598127
HS	745	0	4423	602550
HS	744	0	4409	606959
HS	743	0	4424	611383
HS	742	0	4383	615766
HS	741	0	4451	620217
HS	740	0	4437	624654
HS	739	0	4604	629258
HS	738	0	4607	633865
HS	737	0	4698	638563
HS	736	0	4719	643282
HS	735	0	4882	648164
HS	734	0	4860	653024
HS	733	0	4960	657984
HS	732	0	5014	662998
HS	731	0	4970	667968
HS	730	0	5159	673127
HS	729	0	5082	678209
HS	728	0	5127	683336
HS	727	0	5240	688576
HS	726	0	5176	693752
HS	725	0	5421	699173
HS	724	0	5461	704634
HS	723	0	5484	710118
HS	722	0	5444	715562
HS	721	0	5702	721264
HS	720	0	5430	726694
HS	719	0	5737	732431
HS	718	0	5872	738303
HS	717	0	5899	744202
HS	716	0	5883	750085
HS	715	0	5906	755991
HS	714	0	5935	761926
HS	713	0	6027	767953
HS	712	0	6094	774047
HS	711	0	6211	780258
HS	710	0	6140	786398
HS	709	0	6313	792711
HS	708	0	6175	798886
HS	707	0	6331	805217
HS	706	0	6252	811469
HS	705	0	6274	817743
HS	704	0	6509	824252
HS	703	0	6477	830729
HS	702	0	6695	837424
HS	701	0	6693	844117
HS	700	0	6808	850925
HS	699	0	6834	857759
HS	698	0	6860	864619
HS	697	0	6917	871536
HS	696	0	6859	878395
HS	695	0	7011	885406
HS	694	0	7124	892530
HS	693	0	7210	899740
HS	692	0	7160	906900
HS	691	0	7320	914220
HS	690	0	7283	921503
HS	689	0	7442	928945
HS	688	0	7546	936491
HS	687	0	7489	943980
HS	686	0	7496	951476
HS	685	0	7704	959180
HS	684	0	7830	967010
HS	683	0	7839	974849
HS	682	0	8020	982869
HS	681	0	7950	990819
HS	680	0	8065	998884
HS	679	0	8144	1007028
HS	678	0	8235	1015263
HS	677	0	8207	1023470
HS	676	0	8394	1031864
HS	675	0	8129	1039993
HS	674	0	8587	1048580
HS	673	0	8388	1056968
HS	672	0	8602	1065570
HS	671	0	8648	1074218
HS	670	0	8730	1082948
HS	669	0	8946	1091894
HS	668	0	8930	1100824
HS	667	0	9095	1109919
HS	666	0	9069	1118988
HS	665	0	9121	1128109
HS	664	0	9170	1137279
HS	663	0	9057	1146336
HS	662	0	9240	1155576
HS	661	0	9469	1165045
HS	660	0	9409	1174454
HS	659	0	9695	1184149
HS	658	0	9595	1193744
HS	657	0	9669	1203413
HS	656	0	9757	1213170
HS	655	0	9835	1223005
HS	654	0	9941	1232946
HS	653	0	9918	1242864
HS	652	0	10050	1252914
HS	651	0	9996	1262910
HS	650	0	10123	1273033
HS	649	0	10243	1283276
HS	648	0	10281	1293557
HS	647	0	10464	1304021
HS	646	0	10394	1314415
HS	645	0	10665	1325080
HS	644	0	10554	1335634
HS	643	0	10717	1346351
HS	642	0	10823	1357174
HS	641	0	10575	1367749
HS	640	0	11017	1378766
HS	639	0	11131	1389897
HS	638	0	10978	1400875
HS	637	0	11134	1412009
HS	636	0	11290	1423299
HS	635	0	11463	1434762
HS	634	0	11523	1446285
HS	633	0	11710	1457995
HS	632	0	11734	1469729
HS	631	0	11755	1481484
HS	630	0	11808	1493292
HS	629	0	11934	1505226
HS	628	0	12072	1517298
HS	627	0	12207	1529505
HS	626	0	12186	1541691
HS	625	0	12208	1553899
HS	624	0	12374	1566273
HS	623	0	12504	1578777
HS	622	0	12665	1591442
HS	621	0	12728	1604170
HS	620	0	12617	1616787
HS	619	0	12913	1629700
HS	618	0	13101	1642801
HS	617	0	13219	1656020
HS	616	0	13169	1669189
HS	615	0	13375	1682564
HS	614	0	13197	1695761
HS	613	0	13459	1709220
HS	612	0	13591	1722811
HS	611	0	13574	1736385
HS	610	0	13723	1750108
HS	609	0	13626	1763734
HS	608	0	13830	1777564
HS	607	0	13854	1791418
HS	606	0	14095	1805513
HS	605	0	14047	1819560
HS	604	0	14072	1833632
HS	603	0	14143	1847775
HS	602	0	14188	1861963
HS	601	0	14582	1876545
HS	600	0	14288	1890833
HS	599	0	14297	1905130
HS	598	0	14434	1919564
HS	597	0	14507	1934071
HS	596	0	14726	1948797
HS	595	0	14915	1963712
HS	594	0	14891	1978603
HS	593	0	15029	1993632
HS	592	0	15334	2008966
HS	591	0	15068	2024034
HS	590	0	15284	2039318
HS	589	0	15388	2054706
HS	588	0	15535	2070241
HS	587	0	15147	2085388
HS	586	0	15628	2101016
HS	585	0	15662	2116678
HS	584	0	15736	2132414
HS	583	0	15801	2148215
HS	582	0	15816	2164031
HS	581	0	15780	2179811
HS	580	0	15883	2195694
HS	579	0	16144	2211838
HS	578	0	16024	2227862
HS	577	0	16185	2244047
HS	576	0	16214	2260261
HS	575	0	15930	2276191
HS	574	0	16312	2292503
HS	573	0	16391	2308894
HS	572	0	16331	2325225
HS	571	0	16616	2341841
HS	570	0	16346	2358187
HS	569	0	16563	2374750
HS	568	0	16505	2391255
HS	567	0	16549	2407804
HS	566	0	16704	2424508
HS	565	0	16748	2441256
HS	564	0	16737	2457993
HS	563	0	16642	2474635
HS	562	0	16812	2491447
HS	561	0	16914	2508361
HS	560	0	16977	2525338
HS	559	0	16871	2542209
HS	558	0	16832	2559041
HS	557	0	16899	2575940
HS	556	0	17018	2592958
HS	555	0	17163	2610121
HS	554	0	17038	2627159
HS	553	0	17238	2644397
HS	552	0	17217	2661614
HS	551	0	17268	2678882
HS	550	0	17429	2696311
HS	549	0	17547	2713858
HS	548	0	17457	2731315
HS	547	0	17293	2748608
HS	546	0	17568	2766176
HS	545	0	17579	2783755
HS	544	0	17647	2801402
HS	543	0	17651	2819053
HS	542	0	17611	2836664
HS	541	0	17647	2854311
HS	540	0	17419	2871730
HS	539	0	17802	2889532
HS	538	0	17626	2907158
HS	537	0	17706	2924864
HS	536	0	17613	2942477
HS	535	0	17990	2960467
HS	534	0	17405	2977872
HS	533	0	17501	2995373
HS	532	0	17586	3012959
HS	531	0	17477	3030436
HS	530	0	17627	3048063
HS	529	0	17616	3065679
HS	528	0	17613	3083292
HS	527	0	17579	3100871
HS	526	0	17741	3118612
HS	525	0	17613	3136225
HS	524	0	17554	3153779
HS	523	0	17749	3171528
HS	522	0	17808	3189336
HS	521	0	17908	3207244
HS	520	0	17744	3224988
HS	519	0	17657	3242645
HS	518	0	17604	3260249
HS	517	0	17377	3277626
HS	516	0	17532	3295158
HS	515	0	17621	3312779
HS	514	0	17524	3330303
HS	513	0	17796	3348099
HS	512	0	17529	3365628
HS	511	0	17668	3383296
HS	510	0	17809	3401105
HS	509	0	17713	3418818
HS	508	0	17566	3436384
HS	507	0	17731	3454115
HS	506	0	17674	3471789
HS	505	0	17593	3489382
HS	504	0	17538	3506920
HS	503	0	17569	3524489
HS	502	0	17464	3541953
HS	501	0	17378	3559331
HS	500	0	17277	3576608
HS	499	0	17211	3593819
HS	498	0	17622	3611441
HS	497	0	17327	3628768
HS	496	0	17322	3646090
HS	495	0	17334	3663424
HS	494	0	17345	3680769
HS	493	0	17156	3697925
HS	492	0	17087	3715012
HS	491	0	17098	3732110
HS	490	0	17073	3749183
HS	489	0	17066	3766249
HS	488	0	17025	3783274
HS	487	0	16836	3800110
HS	486	0	16627	3816737
HS	485	0	17044	3833781
HS	484	0	16729	3850510
HS	483	0	16602	3867112
HS	482	0	16635	3883747
HS	481	0	16545	3900292
HS	480	0	16564	3916856
HS	479	0	16593	3933449
HS	478	0	16432	3949881
HS	477	0	16747	3966628
HS	476	0	16436	3983064
HS	475	0	16342	3999406
HS	474	0	16335	4015741
HS	473	0	16301	4032042
HS	472	0	15955	4047997
HS	471	0	16039	4064036
HS	470	0	15931	4079967
HS	469	0	16045	4096012
HS	468	0	15900	4111912
HS	467	0	15909	4127821
HS	466	0	15771	4143592
HS	465	0	15548	4159140
HS	464	0	15420	4174560
HS	463	0	15550	4190110
HS	462	0	15554	4205664
HS	461	0	15176	4220840
HS	460	0	15221	4236061
HS	459	0	15369	4251430
HS	458	0	15152	4266582
HS	457	0	15203	4281785
HS	456	0	14956	4296741
HS	455	0	14983	4311724
HS	454	0	14833	4326557
HS	453	0	14870	4341427
HS	452	0	14966	4356393
HS	451	0	14599	4370992
HS	450	0	14403	4385395
HS	449	0	14334	4399729
HS	448	0	14347	4414076
HS	447	0	14109	4428185
HS	446	0	14234	4442419
HS	445	0	14023	4456442
HS	444	0	13845	4470287
HS	443	0	13750	4484037
HS	442	0	13918	4497955
HS	441	0	13664	4511619
HS	440	0	13673	4525292
HS	439	0	13436	4538728
HS	438	0	13404	4552132
HS	437	0	13297	4565429
HS	436	0	13439	4578868
HS	435	0	13029	4591897
HS	434	0	12843	4604740
HS	433	0	12675	4617415
HS	432	0	12788	4630203
HS	431	0	12432	4642635
HS	430	0	12335	4654970
HS	429	0	12312	4667282
HS	428	0	12222	4679504
HS	427	0	11941	4691445
HS	426	0	12101	4703546
HS	425	0	11778	4715324
HS	424	0	11731	4727055
HS	423	0	11759	4738814
HS	422	0	11280	4750094
HS	421	0	11383	4761477
HS	420	0	11331	4772808
HS	419	0	11040	4783848
HS	418	0	11110	4794958
HS	417	0	10916	4805874
HS	416	0	10697	4816571
HS	415	0	10631	4827202
HS	414	0	10448	4837650
HS	413	0	10320	4847970
HS	412	0	10171	4858141
HS	411	0	10221	4868362
HS	410	0	10103	4878465
HS	409	0	10068	4888533
HS	408	0	10067	4898600
HS	407	0	9767	4908367
HS	406	0	9739	4918106
HS	405	0	9664	4927770
HS	404	0	9504	4937274
HS	403	0	9339	4946613
HS	402	0	9324	4955937
HS	401	0	9249	4965186
HS	400	0	9008	4974194
HS	399	0	8962	4983156
HS	398	0	8636	4991792
HS	397	0	8674	5000466
HS	396	0	8667	5009133
HS	395	0	8438	5017571
HS	394	0	8171	5025742
HS	393	0	8320	5034062
HS	392	0	8050	5042112
HS	391	0	7990	5050102
HS	390	0	7730	5057832
HS	389	0	7432	5065264
HS	388	0	7470	5072734
HS	387	0	7354	5080088
HS	386	0	7415	5087503
HS	385	0	7194	5094697
HS	384	0	7058	5101755
HS	383	0	6907	5108662
HS	382	0	6807	5115469
HS	381	0	6764	5122233
HS	380	0	6795	5129028
HS	379	0	6539	5135567
HS	378	0	6396	5141963
HS	377	0	6442	5148405
HS	376	0	6359	5154764
HS	375	0	6142	5160906
HS	374	0	6051	5166957
HS	373	0	5922	5172879
HS	372	0	5787	5178666
HS	371	0	5734	5184400
HS	370	0	5783	5190183
HS	369	0	5641	5195824
HS	368	0	5567	5201391
HS	367	0	5554	5206945
HS	366	0	5378	5212323
HS	365	0	5121	5217444
HS	364	0	5082	5222526
HS	363	0	5115	5227641
HS	362	0	4987	5232628
HS	361	0	4797	5237425
HS	360	0	4735	5242160
HS	359	0	4718	5246878
HS	358	0	4675	5251553
HS	357	0	4540	5256093
HS	356	0	4433	5260526
HS	355	0	4293	5264819
HS	354	0	4241	5269060
HS	353	0	4220	5273280
HS	352	0	4149	5277429
HS	351	0	3981	5281410
HS	350	0	3905	5285315
HS	349	0	3845	5289160
HS	348	0	3746	5292906
HS	347	0	3620	5296526
HS	346	0	3508	5300034
HS	345	0	3442	5303476
HS	344	0	3458	5306934
HS	343	0	3448	5310382
HS	342	0	3283	5313665
HS	341	0	3247	5316912
HS	340	0	3169	5320081
HS	339	0	3107	5323188
HS	338	0	2994	5326182
HS	337	0	2996	5329178
HS	336	0	2820	5331998
HS	335	0	2778	5334776
HS	334	0	2759	5337535
HS	333	0	2678	5340213
HS	332	0	2589	5342802
HS	331	0	2561	5345363
HS	330	0	2468	5347831
HS	329	0	2461	5350292
HS	328	0	2354	5352646
HS	327	0	2365	5355011
HS	326	0	2186	5357197
HS	325	0	2276	5359473
HS	324	0	2206	5361679
HS	323	0	2215	5363894
HS	322	0	2057	5365951
HS	321	0	2081	5368032
HS	320	0	1962	5369994
HS	319	0	1915	5371909
HS	318	0	1854	5373763
HS	317	0	1823	5375586
HS	316	0	1764	5377350
HS	315	0	1707	5379057
HS	314	0	1641	5380698
HS	313	0	1631	5382329
HS	312	0	1581	5383910
HS	311	0	1542	5385452
HS	310	0	1518	5386970
HS	309	0	1436	5388406
HS	308	0	1425	5389831
HS	307	0	1354	5391185
HS	306	0	1315	5392500
HS	305	0	1311	5393811
HS	304	0	1279	5395090
HS	303	0	1239	5396329
HS	302	0	1179	5397508
HS	301	0	1117	5398625
HS	300	0	1081	5399706
HS	299	0	1115	5400821
HS	298	0	1037	5401858
HS	297	0	1069	5402927
HS	296	0	989	5403916
HS	295	0	961	5404877
HS	294	0	978	5405855
HS	293	0	944	5406799
HS	292	0	820	5407619
HS	291	0	856	5408475
HS	290	0	748	5409223
HS	289	0	775	5409998
HS	288	0	810	5410808
HS	287	0	770	5411578
HS	286	0	717	5412295
HS	285	0	685	5412980
HS	284	0	693	5413673
HS	283	0	623	5414296
HS	282	0	631	5414927
HS	281	0	615	5415542
HS	280	0	566	5416108
HS	279	0	544	5416652
HS	278	0	507	5417159
HS	277	0	533	5417692
HS	276	0	522	5418214
HS	275	0	471	5418685
HS	274	0	496	5419181
HS	273	0	462	5419643
HS	272	0	462	5420105
HS	271	0	424	5420529
HS	270	0	407	5420936
HS	269	0	396	5421332
HS	268	0	400	5421732
HS	267	0	371	5422103
HS	266	0	361	5422464
HS	265	0	359	5422823
HS	264	0	327	5423150
HS	263	0	327	5423477
HS	262	0	351	5423828
HS	261	0	327	5424155
HS	260	0	311	5424466
HS	259	0	320	5424786
HS	258	0	307	5425093
HS	257	0	305	5425398
HS	256	0	274	5425672
HS	255	0	254	5425926
HS	254	0	248	5426174
HS	253	0	214	5426388
HS	252	0	269	5426657
HS	251	0	226	5426883
HS	250	0	217	5427100
HS	249	0	212	5427312
HS	248	0	243	5427555
HS	247	0	214	5427769
HS	246	0	218	5427987
HS	245	0	200	5428187
HS	244	0	173	5428360
HS	243	0	157	5428517
HS	242	0	177	5428694
HS	241	0	154	5428848
HS	240	0	156	5429004
HS	239	0	173	5429177
HS	238	0	136	5429313
HS	237	0	177	5429490
HS	236	0	139	5429629
HS	235	0	156	5429785
HS	234	0	137	5429922
HS	233	0	141	5430063
HS	232	0	148	5430211
HS	231	0	130	5430341
HS	230	0	131	5430472
HS	229	0	105	5430577
HS	228	0	111	5430688
HS	227	0	117	5430805
HS	226	0	120	5430925
HS	225	0	101	5431026
HS	224	0	100	5431126
HS	223	0	97	5431223
HS	222	0	87	5431310
HS	221	0	95	5431405
HS	220	0	94	5431499
HS	219	0	103	5431602
HS	218	0	96	5431698
HS	217	0	98	5431796
HS	216	0	83	5431879
HS	215	0	74	5431953
HS	214	0	80	5432033
HS	213	0	77	5432110
HS	212	0	87	5432197
HS	211	0	88	5432285
HS	210	0	82	5432367
HS	209	0	66	5432433
HS	208	0	71	5432504
HS	207	0	83	5432587
HS	206	0	87	5432674
HS	205	0	58	5432732
HS	204	0	83	5432815
HS	203	0	57	5432872
HS	202	0	54	5432926
HS	201	0	57	5432983
HS	200	0	75	5433058
HS	199	0	56	5433114
HS	198	0	56	5433170
HS	197	0	48	5433218
HS	196	0	50	5433268
HS	195	0	52	5433320
HS	194	0	54	5433374
HS	193	0	56	5433430
HS	192	0	54	5433484
HS	191	0	54	5433538
HS	190	0	59	5433597
HS	189	0	54	5433651
HS	188	0	58	5433709
HS	187	0	42	5433751
HS	186	0	35	5433786
HS	185	0	55	5433841
HS	184	0	53	5433894
HS	183	0	62	5433956
HS	182	0	61	5434017
HS	181	0	45	5434062
HS	180	0	51	5434113
HS	179	0	51	5434164
HS	178	0	62	5434226
HS	177	0	74	5434300
HS	176	0	69	5434369
HS	175	0	60	5434429
HS	174	0	63	5434492
HS	173	0	63	5434555
HS	172	0	59	5434614
HS	171	0	50	5434664
HS	170	0	50	5434714
HS	169	0	72	5434786
HS	168	0	58	5434844
HS	167	0	75	5434919
HS	166	0	57	5434976
HS	165	0	71	5435047
HS	164	0	68	5435115
HS	163	0	65	5435180
HS	162	0	69	5435249
HS	161	0	48	5435297
HS	160	0	64	5435361
HS	159	0	54	5435415
HS	158	0	50	5435465
HS	157	0	52	5435517
HS	156	0	53	5435570
HS	155	0	47	5435617
HS	154	0	46	5435663
HS	153	0	53	5435716
HS	152	0	41	5435757
HS	151	0	40	5435797
HS	150	0	55	5435852
HS	149	0	54	5435906
HS	148	0	50	5435956
HS	147	0	67	5436023
HS	146	0	61	5436084
HS	145	0	64	5436148
HS	144	0	45	5436193
HS	143	0	41	5436234
HS	142	0	45	5436279
HS	141	0	39	5436318
HS	140	0	36	5436354
HS	139	0	35	5436389
HS	138	0	45	5436434
HS	137	0	54	5436488
HS	136	0	39	5436527
HS	135	0	61	5436588
HS	134	0	48	5436636
HS	133	0	63	5436699
HS	132	0	74	5436773
HS	131	0	62	5436835
HS	130	0	72	5436907
HS	129	0	68	5436975
HS	128	0	63	5437038
HS	127	0	72	5437110
HS	126	0	60	5437170
HS	125	0	73	5437243
HS	124	0	70	5437313
HS	123	0	58	5437371
HS	122	0	61	5437432
HS	121	0	76	5437508
HS	120	0	65	5437573
HS	119	0	58	5437631
HS	118	0	70	5437701
HS	117	0	74	5437775
HS	116	0	65	5437840
HS	115	0	64	5437904
HS	114	0	61	5437965
HS	113	0	66	5438031
HS	112	0	90	5438121
HS	111	0	82	5438203
HS	110	0	74	5438277
HS	109	0	79	5438356
HS	108	0	83	5438439
HS	107	0	66	5438505
HS	106	0	81	5438586
HS	105	0	84	5438670
HS	104	0	87	5438757
HS	103	0	77	5438834
HS	102	0	95	5438929
HS	101	0	88	5439017
HS	100	0	106	5439123
HS	99	0	87	5439210
HS	98	0	90	5439300
HS	97	0	97	5439397
HS	96	0	117	5439514
HS	95	0	81	5439595
HS	94	0	88	5439683
HS	93	0	114	5439797
HS	92	0	128	5439925
HS	91	0	127	5440052
HS	90	0	149	5440201
HS	89	0	127	5440328
HS	88	0	119	5440447
HS	87	0	149	5440596
HS	86	0	127	5440723
HS	85	0	121	5440844
HS	84	0	147	5440991
HS	83	0	132	5441123
HS	82	0	170	5441293
HS	81	0	181	5441474
HS	80	0	172	5441646
HS	79	0	153	5441799
HS	78	0	179	5441978
HS	77	0	222	5442200
HS	76	0	217	5442417
HS	75	0	198	5442615
HS	74	0	235	5442850
HS	73	0	255	5443105
HS	72	0	209	5443314
HS	71	0	277	5443591
HS	70	0	261	5443852
HS	69	0	262	5444114
HS	68	0	264	5444378
HS	67	0	259	5444637
HS	66	0	310	5444947
HS	65	0	294	5445241
HS	64	0	363	5445604
HS	63	0	394	5445998
HS	62	0	301	5446299
HS	61	0	364	5446663
HS	60	0	351	5447014
HS	59	0	399	5447413
HS	58	0	418	5447831
HS	57	0	441	5448272
HS	56	0	473	5448745
HS	55	0	471	5449216
HS	54	0	494	5449710
HS	53	0	568	5450278
HS	52	0	570	5450848
HS	51	0	569	5451417
HS	50	0	592	5452009
HS	49	0	739	5452748
HS	48	0	723	5453471
HS	47	0	835	5454306
HS	46	0	859	5455165
HS	45	0	963	5456128
HS	44	0	983	5457111
HS	43	0	1075	5458186
HS	42	0	1127	5459313
HS	41	0	1277	5460590
HS	40	0	1437	5462027
HS	39	0	1481	5463508
HS	38	0	1641	5465149
HS	37	0	1829	5466978
HS	36	0	1995	5468973
HS	35	0	2256	5471229
HS	34	0	2424	5473653
HS	33	0	2686	5476339
HS	32	0	3223	5479562
HS	31	0	3440	5483002
HS	30	0	4095	5487097
HS	29	0	4584	5491681
HS	28	0	5312	5496993
HS	27	0	6212	5503205
HS	26	0	7293	5510498
HS	25	0	8255	5518753
HS	24	0	10089	5528842
HS	23	0	12080	5540922
HS	22	0	14139	5555061
HS	21	0	16857	5571918
HS	20	0	19925	5591843
HS	19	0	24095	5615938
HS	18	0	29515	5645453
HS	17	0	36318	5681771
HS	16	0	44250	5726021
HS	15	0	53933	5779954
HS	14	0	66085	5846039
HS	13	0	83736	5929775
HS	12	0	106107	6035882
HS	11	0	135473	6171355
HS	10	0	173135	6344490
HS	9	0	227394	6571884
HS	8	0	307785	6879669
HS	7	0	427289	7306958
HS	6	0	636888	7943846
HS	5	0	1086894	9030740
HS	4	0	2319245	11349985
HS	3	0	6427609	17777594
HS	2	0	23336636	41114230
HS	1	0	0	41114230
HS	0	0	0	41114230
