HS	1023	0	49655	49655
HS	1022	0	30	49685
HS	1021	0	22	49707
HS	1020	0	33	49740
HS	1019	0	32	49772
HS	1018	0	31	49803
HS	1017	0	33	49836
HS	1016	0	23	49859
HS	1015	0	28	49887
HS	1014	0	31	49918
HS	1013	0	24	49942
HS	1012	0	24	49966
HS	1011	0	31	49997
HS	1010	0	29	50026
HS	1009	0	25	50051
HS	1008	0	23	50074
HS	1007	0	36	50110
HS	1006	0	27	50137
HS	1005	0	32	50169
HS	1004	0	27	50196
HS	1003	0	37	50233
HS	1002	0	24	50257
HS	1001	0	26	50283
HS	1000	0	33	50316
HS	999	0	36	50352
HS	998	0	38	50390
HS	997	0	41	50431
HS	996	0	34	50465
HS	995	0	38	50503
HS	994	0	33	50536
HS	993	0	35	50571
HS	992	0	38	50609
HS	991	0	31	50640
HS	990	0	40	50680
HS	989	0	28	50708
HS	988	0	38	50746
HS	987	0	39	50785
HS	986	0	36	50821
HS	985	0	36	50857
HS	984	0	39	50896
HS	983	0	30	50926
HS	982	0	34	50960
HS	981	0	27	50987
HS	980	0	31	51018
HS	979	0	31	51049
HS	978	0	39	51088
HS	977	0	43	51131
HS	976	0	49	51180
HS	975	0	41	51221
HS	974	0	36	51257
HS	973	0	40	51297
HS	972	0	41	51338
HS	971	0	38	51376
HS	970	0	48	51424
HS	969	0	41	51465
HS	968	0	34	51499
HS	967	0	58	51557
HS	966	0	34	51591
HS	965	0	52	51643
HS	964	0	48	51691
HS	963	0	59	51750
HS	962	0	53	51803
HS	961	0	53	51856
HS	960	0	49	51905
HS	959	0	49	51954
HS	958	0	63	52017
HS	957	0	51	52068
HS	956	0	59	52127
HS	955	0	62	52189
HS	954	0	49	52238
HS	953	0	63	52301
HS	952	0	65	52366
HS	951	0	63	52429
HS	950	0	41	52470
HS	949	0	62	52532
HS	948	0	73	52605
HS	947	0	72	52677
HS	946	0	70	52747
HS	945	0	77	52824
HS	944	0	81	52905
HS	943	0	77	52982
HS	942	0	85	53067
HS	941	0	85	53152
HS	940	0	74	53226
HS	939	0	81	53307
HS	938	0	93	53400
HS	937	0	65	53465
HS	936	0	84	53549
HS	935	0	84	53633
HS	934	0	98	53731
HS	933	0	84	53815
HS	932	0	108	53923
HS	931	0	105	54028
HS	930	0	97	54125
HS	929	0	93	54218
HS	928	0	107	54325
HS	927	0	116	54441
HS	926	0	126	54567
HS	925	0	118	54685
HS	924	0	117	54802
HS	923	0	115	54917
HS	922	0	126	55043
HS	921	0	156	55199
HS	920	0	122	55321
HS	919	0	158	55479
HS	918	0	146	55625
HS	917	0	159	55784
HS	916	0	160	55944
HS	915	0	174	56118
HS	914	0	156	56274
HS	913	0	197	56471
HS	912	0	187	56658
HS	911	0	167	56825
HS	910	0	187	57012
HS	909	0	199	57211
HS	908	0	207	57418
HS	907	0	202	57620
HS	906	0	199	57819
HS	905	0	235	58054
HS	904	0	225	58279
HS	903	0	253	58532
HS	902	0	249	58781
HS	901	0	259	59040
HS	900	0	268	59308
HS	899	0	290	59598
HS	898	0	333	59931
HS	897	0	288	60219
HS	896	0	335	60554
HS	895	0	364	60918
HS	894	0	343	61261
HS	893	0	392	61653
HS	892	0	334	61987
HS	891	0	381	62368
HS	890	0	365	62733
HS	889	0	378	63111
HS	888	0	415	63526
HS	887	0	427	63953
HS	886	0	429	64382
HS	885	0	449	64831
HS	884	0	441	65272
HS	883	0	454	65726
HS	882	0	456	66182
HS	881	0	471	66653
HS	880	0	481	67134
HS	879	0	494	67628
HS	878	0	494	68122
HS	877	0	495	68617
HS	876	0	519	69136
HS	875	0	526	69662
HS	874	0	588	70250
HS	873	0	590	70840
HS	872	0	652	71492
HS	871	0	611	72103
HS	870	0	728	72831
HS	869	0	654	73485
HS	868	0	717	74202
HS	867	0	763	74965
HS	866	0	708	75673
HS	865	0	779	76452
HS	864	0	770	77222
HS	863	0	830	78052
HS	862	0	858	78910
HS	861	0	891	79801
HS	860	0	900	80701
HS	859	0	950	81651
HS	858	0	882	82533
HS	857	0	1004	83537
HS	856	0	1047	84584
HS	855	0	1021	85605
HS	854	0	981	86586
HS	853	0	1086	87672
HS	852	0	1096	88768
HS	851	0	1190	89958
HS	850	0	1157	91115
HS	849	0	1187	92302
HS	848	0	1229	93531
HS	847	0	1213	94744
HS	846	0	1272	96016
HS	845	0	1296	97312
HS	844	0	1345	98657
HS	843	0	1357	100014
HS	842	0	1478	101492
HS	841	0	1413	102905
HS	840	0	1522	104427
HS	839	0	1504	105931
HS	838	0	1481	107412
HS	837	0	1528	108940
HS	836	0	1697	110637
HS	835	0	1695	112332
HS	834	0	1729	114061
HS	833	0	1848	115909
HS	832	0	1861	117770
HS	831	0	1872	119642
HS	830	0	1878	121520
HS	829	0	1951	123471
HS	828	0	2010	125481
HS	827	0	2106	127587
HS	826	0	2214	129801
HS	825	0	2149	131950
HS	824	0	2232	134182
HS	823	0	2234	136416
HS	822	0	2296	138712
HS	821	0	2453	141165
HS	820	0	2432	143597
HS	819	0	2440	146037
HS	818	0	2629	148666
HS	817	0	2551	151217
HS	816	0	2700	153917
HS	815	0	2672	156589
HS	814	0	2774	159363
HS	813	0	2912	162275
HS	812	0	2932	165207
HS	811	0	2979	168186
HS	810	0	3117	171303
HS	809	0	3172	174475
HS	808	0	3262	177737
HS	807	0	3332	181069
HS	806	0	3376	184445
HS	805	0	3507	187952
HS	804	0	3454	191406
HS	803	0	3595	195001
HS	802	0	3647	198648
HS	801	0	3627	202275
HS	800	0	3723	205998
HS	799	0	3871	209869
HS	798	0	3973	213842
HS	797	0	4062	217904
HS	796	0	4079	221983
HS	795	0	4190	226173
HS	794	0	4280	230453
HS	793	0	4362	234815
HS	792	0	4465	239280
HS	791	0	4597	243877
HS	790	0	4806	248683
HS	789	0	4733	253416
HS	788	0	4859	258275
HS	787	0	4941	263216
HS	786	0	5170	268386
HS	785	0	5308	273694
HS	784	0	5339	279033
HS	783	0	5374	284407
HS	782	0	5583	289990
HS	781	0	5586	295576
HS	780	0	5832	301408
HS	779	0	6021	307429
HS	778	0	6053	313482
HS	777	0	6288	319770
HS	776	0	6209	325979
HS	775	0	6207	332186
HS	774	0	6602	338788
HS	773	0	6468	345256
HS	772	0	6833	352089
HS	771	0	6895	358984
HS	770	0	7063	366047
HS	769	0	7097	373144
HS	768	0	7234	380378
HS	767	0	7563	387941
HS	766	0	7556	395497
HS	765	0	7725	403222
HS	764	0	7773	410995
HS	763	0	7931	418926
HS	762	0	8163	427089
HS	761	0	8297	435386
HS	760	0	8488	443874
HS	759	0	8585	452459
HS	758	0	8589	461048
HS	757	0	8722	469770
HS	756	0	8897	478667
HS	755	0	8979	487646
HS	754	0	9168	496814
HS	753	0	9430	506244
HS	752	0	9536	515780
HS	751	0	9489	525269
HS	750	0	9699	534968
HS	749	0	9948	544916
HS	748	0	10332	555248
HS	747	0	10386	565634
HS	746	0	10531	576165
HS	745	0	10912	587077
HS	744	0	10743	597820
HS	743	0	11053	608873
HS	742	0	11084	619957
HS	741	0	11353	631310
HS	740	0	11385	642695
HS	739	0	11572	654267
HS	738	0	11823	666090
HS	737	0	12229	678319
HS	736	0	12213	690532
HS	735	0	12299	702831
HS	734	0	12606	715437
HS	733	0	12840	728277
HS	732	0	12976	741253
HS	731	0	13326	754579
HS	730	0	13322	767901
HS	729	0	13699	781600
HS	728	0	13505	795105
HS	727	0	13907	809012
HS	726	0	14103	823115
HS	725	0	14322	837437
HS	724	0	14548	851985
HS	723	0	14549	866534
HS	722	0	14798	881332
HS	721	0	15154	896486
HS	720	0	15073	911559
HS	719	0	15429	926988
HS	718	0	15644	942632
HS	717	0	15902	958534
HS	716	0	16198	974732
HS	715	0	16477	991209
HS	714	0	16926	1008135
HS	713	0	16585	1024720
HS	712	0	16969	1041689
HS	711	0	17061	1058750
HS	710	0	17457	1076207
HS	709	0	17779	1093986
HS	708	0	17755	1111741
HS	707	0	18319	1130060
HS	706	0	18135	1148195
HS	705	0	18578	1166773
HS	704	0	18524	1185297
HS	703	0	18739	1204036
HS	702	0	18768	1222804
HS	701	0	18978	1241782
HS	700	0	19350	1261132
HS	699	0	19569	1280701
HS	698	0	19884	1300585
HS	697	0	20169	1320754
HS	696	0	19944	1340698
HS	695	0	20266	1360964
HS	694	0	20452	1381416
HS	693	0	20292	1401708
HS	692	0	20954	1422662
HS	691	0	20915	1443577
HS	690	0	21358	1464935
HS	689	0	21135	1486070
HS	688	0	21378	1507448
HS	687	0	21254	1528702
HS	686	0	21777	1550479
HS	685	0	22221	1572700
HS	684	0	22249	1594949
HS	683	0	22217	1617166
HS	682	0	22426	1639592
HS	681	0	22877	1662469
HS	680	0	22941	1685410
HS	679	0	22850	1708260
HS	678	0	23176	1731436
HS	677	0	23545	1754981
HS	676	0	23629	1778610
HS	675	0	23492	1802102
HS	674	0	23797	1825899
HS	673	0	23836	1849735
HS	672	0	23916	1873651
HS	671	0	24374	1898025
HS	670	0	24073	1922098
HS	669	0	24522	1946620
HS	668	0	24753	1971373
HS	667	0	24754	1996127
HS	666	0	24866	2020993
HS	665	0	24794	2045787
HS	664	0	25148	2070935
HS	663	0	25510	2096445
HS	662	0	25211	2121656
HS	661	0	25385	2147041
HS	660	0	25850	2172891
HS	659	0	25907	2198798
HS	658	0	26118	2224916
HS	657	0	25927	2250843
HS	656	0	25958	2276801
HS	655	0	26422	2303223
HS	654	0	26490	2329713
HS	653	0	26777	2356490
HS	652	0	26587	2383077
HS	651	0	26961	2410038
HS	650	0	26859	2436897
HS	649	0	26785	2463682
HS	648	0	27054	2490736
HS	647	0	27064	2517800
HS	646	0	27154	2544954
HS	645	0	27314	2572268
HS	644	0	27242	2599510
HS	643	0	27222	2626732
HS	642	0	27338	2654070
HS	641	0	27401	2681471
HS	640	0	27434	2708905
HS	639	0	27448	2736353
HS	638	0	27492	2763845
HS	637	0	27755	2791600
HS	636	0	27496	2819096
HS	635	0	27464	2846560
HS	634	0	27372	2873932
HS	633	0	27595	2901527
HS	632	0	27709	2929236
HS	631	0	27044	2956280
HS	630	0	27435	2983715
HS	629	0	27449	3011164
HS	628	0	27408	3038572
HS	627	0	27450	3066022
HS	626	0	27233	3093255
HS	625	0	27192	3120447
HS	624	0	27428	3147875
HS	623	0	27185	3175060
HS	622	0	27285	3202345
HS	621	0	27001	3229346
HS	620	0	27303	3256649
HS	619	0	27074	3283723
HS	618	0	26684	3310407
HS	617	0	26843	3337250
HS	616	0	26558	3363808
HS	615	0	27098	3390906
HS	614	0	26481	3417387
HS	613	0	26672	3444059
HS	612	0	26638	3470697
HS	611	0	26471	3497168
HS	610	0	26402	3523570
HS	609	0	26439	3550009
HS	608	0	26145	3576154
HS	607	0	26258	3602412
HS	606	0	25871	3628283
HS	605	0	25955	3654238
HS	604	0	25881	3680119
HS	603	0	25709	3705828
HS	602	0	25349	3731177
HS	601	0	25095	3756272
HS	600	0	25494	3781766
HS	599	0	25211	3806977
HS	598	0	24602	3831579
HS	597	0	24786	3856365
HS	596	0	24707	3881072
HS	595	0	24563	3905635
HS	594	0	24240	3929875
HS	593	0	24086	3953961
HS	592	0	24067	3978028
HS	591	0	23918	4001946
HS	590	0	23905	4025851
HS	589	0	23867	4049718
HS	588	0	23375	4073093
HS	587	0	23354	4096447
HS	586	0	23187	4119634
HS	585	0	22866	4142500
HS	584	0	22595	4165095
HS	583	0	22373	4187468
HS	582	0	22323	4209791
HS	581	0	22230	4232021
HS	580	0	21720	4253741
HS	579	0	21895	4275636
HS	578	0	21367	4297003
HS	577	0	21096	4318099
HS	576	0	21168	4339267
HS	575	0	20999	4360266
HS	574	0	20859	4381125
HS	573	0	20366	4401491
HS	572	0	20270	4421761
HS	571	0	20038	4441799
HS	570	0	19752	4461551
HS	569	0	19753	4481304
HS	568	0	19344	4500648
HS	567	0	19087	4519735
HS	566	0	19123	4538858
HS	565	0	18818	4557676
HS	564	0	18619	4576295
HS	563	0	18274	4594569
HS	562	0	17881	4612450
HS	561	0	17699	4630149
HS	560	0	17515	4647664
HS	559	0	17228	4664892
HS	558	0	17183	4682075
HS	557	0	16682	4698757
HS	556	0	16386	4715143
HS	555	0	16082	4731225
HS	554	0	16035	4747260
HS	553	0	15666	4762926
HS	552	0	15712	4778638
HS	551	0	15294	4793932
HS	550	0	15058	4808990
HS	549	0	14926	4823916
HS	548	0	14722	4838638
HS	547	0	14280	4852918
HS	546	0	14075	4866993
HS	545	0	13750	4880743
HS	544	0	13479	4894222
HS	543	0	13280	4907502
HS	542	0	13053	4920555
HS	541	0	12959	4933514
HS	540	0	12660	4946174
HS	539	0	12645	4958819
HS	538	0	12151	4970970
HS	537	0	11896	4982866
HS	536	0	12004	4994870
HS	535	0	11751	5006621
HS	534	0	11590	5018211
HS	533	0	11394	5029605
HS	532	0	11128	5040733
HS	531	0	10778	5051511
HS	530	0	10907	5062418
HS	529	0	10461	5072879
HS	528	0	10278	5083157
HS	527	0	9887	5093044
HS	526	0	9773	5102817
HS	525	0	9610	5112427
HS	524	0	9365	5121792
HS	523	0	9235	5131027
HS	522	0	9064	5140091
HS	521	0	8764	5148855
HS	520	0	8552	5157407
HS	519	0	8448	5165855
HS	518	0	8326	5174181
HS	517	0	8079	5182260
HS	516	0	7896	5190156
HS	515	0	7752	5197908
HS	514	0	7618	5205526
HS	513	0	7412	5212938
HS	512	0	7146	5220084
HS	511	0	6944	5227028
HS	510	0	6857	5233885
HS	509	0	6553	5240438
HS	508	0	6578	5247016
HS	507	0	6316	5253332
HS	506	0	6246	5259578
HS	505	0	6006	5265584
HS	504	0	5889	5271473
HS	503	0	5782	5277255
HS	502	0	5742	5282997
HS	501	0	5526	5288523
HS	500	0	5358	5293881
HS	499	0	5271	5299152
HS	498	0	5061	5304213
HS	497	0	4926	5309139
HS	496	0	4812	5313951
HS	495	0	4760	5318711
HS	494	0	4554	5323265
HS	493	0	4331	5327596
HS	492	0	4269	5331865
HS	491	0	4125	5335990
HS	490	0	3972	5339962
HS	489	0	4029	5343991
HS	488	0	3888	5347879
HS	487	0	3755	5351634
HS	486	0	3613	5355247
HS	485	0	3520	5358767
HS	484	0	3431	5362198
HS	483	0	3334	5365532
HS	482	0	3251	5368783
HS	481	0	3095	5371878
HS	480	0	3079	5374957
HS	479	0	2978	5377935
HS	478	0	2875	5380810
HS	477	0	2796	5383606
HS	476	0	2718	5386324
HS	475	0	2654	5388978
HS	474	0	2571	5391549
HS	473	0	2537	5394086
HS	472	0	2439	5396525
HS	471	0	2453	5398978
HS	470	0	2313	5401291
HS	469	0	2238	5403529
HS	468	0	2143	5405672
HS	467	0	2155	5407827
HS	466	0	1965	5409792
HS	465	0	1965	5411757
HS	464	0	1946	5413703
HS	463	0	1787	5415490
HS	462	0	1820	5417310
HS	461	0	1814	5419124
HS	460	0	1737	5420861
HS	459	0	1660	5422521
HS	458	0	1598	5424119
HS	457	0	1553	5425672
HS	456	0	1561	5427233
HS	455	0	1447	5428680
HS	454	0	1376	5430056
HS	453	0	1374	5431430
HS	452	0	1324	5432754
HS	451	0	1353	5434107
HS	450	0	1248	5435355
HS	449	0	1240	5436595
HS	448	0	1201	5437796
HS	447	0	1161	5438957
HS	446	0	1055	5440012
HS	445	0	1090	5441102
HS	444	0	1021	5442123
HS	443	0	1036	5443159
HS	442	0	1004	5444163
HS	441	0	942	5445105
HS	440	0	941	5446046
HS	439	0	914	5446960
HS	438	0	895	5447855
HS	437	0	831	5448686
HS	436	0	818	5449504
HS	435	0	849	5450353
HS	434	0	858	5451211
HS	433	0	847	5452058
HS	432	0	751	5452809
HS	431	0	738	5453547
HS	430	0	719	5454266
HS	429	0	718	5454984
HS	428	0	673	5455657
HS	427	0	680	5456337
HS	426	0	631	5456968
HS	425	0	640	5457608
HS	424	0	599	5458207
HS	423	0	648	5458855
HS	422	0	569	5459424
HS	421	0	582	5460006
HS	420	0	552	5460558
HS	419	0	520	5461078
HS	418	0	541	5461619
HS	417	0	533	5462152
HS	416	0	496	5462648
HS	415	0	474	5463122
HS	414	0	463	5463585
HS	413	0	437	5464022
HS	412	0	464	5464486
HS	411	0	434	5464920
HS	410	0	427	5465347
HS	409	0	458	5465805
HS	408	0	458	5466263
HS	407	0	447	5466710
HS	406	0	429	5467139
HS	405	0	449	5467588
HS	404	0	429	5468017
HS	403	0	448	5468465
HS	402	0	389	5468854
HS	401	0	383	5469237
HS	400	0	387	5469624
HS	399	0	420	5470044
HS	398	0	379	5470423
HS	397	0	373	5470796
HS	396	0	384	5471180
HS	395	0	389	5471569
HS	394	0	344	5471913
HS	393	0	351	5472264
HS	392	0	341	5472605
HS	391	0	315	5472920
HS	390	0	322	5473242
HS	389	0	299	5473541
HS	388	0	290	5473831
HS	387	0	287	5474118
HS	386	0	292	5474410
HS	385	0	273	5474683
HS	384	0	267	5474950
HS	383	0	285	5475235
HS	382	0	308	5475543
HS	381	0	270	5475813
HS	380	0	257	5476070
HS	379	0	233	5476303
HS	378	0	247	5476550
HS	377	0	241	5476791
HS	376	0	238	5477029
HS	375	0	229	5477258
HS	374	0	235	5477493
HS	373	0	224	5477717
HS	372	0	258	5477975
HS	371	0	244	5478219
HS	370	0	229	5478448
HS	369	0	208	5478656
HS	368	0	229	5478885
HS	367	0	231	5479116
HS	366	0	247	5479363
HS	365	0	203	5479566
HS	364	0	221	5479787
HS	363	0	208	5479995
HS	362	0	219	5480214
HS	361	0	194	5480408
HS	360	0	209	5480617
HS	359	0	165	5480782
HS	358	0	179	5480961
HS	357	0	192	5481153
HS	356	0	188	5481341
HS	355	0	207	5481548
HS	354	0	207	5481755
HS	353	0	192	5481947
HS	352	0	195	5482142
HS	351	0	205	5482347
HS	350	0	197	5482544
HS	349	0	181	5482725
HS	348	0	160	5482885
HS	347	0	184	5483069
HS	346	0	172	5483241
HS	345	0	191	5483432
HS	344	0	160	5483592
HS	343	0	141	5483733
HS	342	0	142	5483875
HS	341	0	145	5484020
HS	340	0	145	5484165
HS	339	0	137	5484302
HS	338	0	130	5484432
HS	337	0	127	5484559
HS	336	0	134	5484693
HS	335	0	109	5484802
HS	334	0	119	5484921
HS	333	0	142	5485063
HS	332	0	129	5485192
HS	331	0	122	5485314
HS	330	0	130	5485444
HS	329	0	145	5485589
HS	328	0	114	5485703
HS	327	0	104	5485807
HS	326	0	102	5485909
HS	325	0	99	5486008
HS	324	0	100	5486108
HS	323	0	91	5486199
HS	322	0	89	5486288
HS	321	0	100	5486388
HS	320	0	111	5486499
HS	319	0	82	5486581
HS	318	0	83	5486664
HS	317	0	115	5486779
HS	316	0	84	5486863
HS	315	0	84	5486947
HS	314	0	87	5487034
HS	313	0	103	5487137
HS	312	0	93	5487230
HS	311	0	88	5487318
HS	310	0	88	5487406
HS	309	0	86	5487492
HS	308	0	78	5487570
HS	307	0	80	5487650
HS	306	0	83	5487733
HS	305	0	70	5487803
HS	304	0	87	5487890
HS	303	0	78	5487968
HS	302	0	81	5488049
HS	301	0	78	5488127
HS	300	0	84	5488211
HS	299	0	83	5488294
HS	298	0	73	5488367
HS	297	0	55	5488422
HS	296	0	64	5488486
HS	295	0	70	5488556
HS	294	0	60	5488616
HS	293	0	60	5488676
HS	292	0	51	5488727
HS	291	0	64	5488791
HS	290	0	60	5488851
HS	289	0	65	5488916
HS	288	0	76	5488992
HS	287	0	75	5489067
HS	286	0	68	5489135
HS	285	0	60	5489195
HS	284	0	63	5489258
HS	283	0	65	5489323
HS	282	0	76	5489399
HS	281	0	61	5489460
HS	280	0	77	5489537
HS	279	0	75	5489612
HS	278	0	69	5489681
HS	277	0	64	5489745
HS	276	0	62	5489807
HS	275	0	71	5489878
HS	274	0	48	5489926
HS	273	0	60	5489986
HS	272	0	67	5490053
HS	271	0	63	5490116
HS	270	0	75	5490191
HS	269	0	68	5490259
HS	268	0	68	5490327
HS	267	0	62	5490389
HS	266	0	90	5490479
HS	265	0	76	5490555
HS	264	0	70	5490625
HS	263	0	63	5490688
HS	262	0	78	5490766
HS	261	0	63	5490829
HS	260	0	62	5490891
HS	259	0	88	5490979
HS	258	0	56	5491035
HS	257	0	69	5491104
HS	256	0	57	5491161
HS	255	0	47	5491208
HS	254	0	61	5491269
HS	253	0	59	5491328
HS	252	0	68	5491396
HS	251	0	62	5491458
HS	250	0	65	5491523
HS	249	0	52	5491575
HS	248	0	53	5491628
HS	247	0	64	5491692
HS	246	0	63	5491755
HS	245	0	57	5491812
HS	244	0	55	5491867
HS	243	0	41	5491908
HS	242	0	48	5491956
HS	241	0	51	5492007
HS	240	0	46	5492053
HS	239	0	50	5492103
HS	238	0	50	5492153
HS	237	0	22	5492175
HS	236	0	38	5492213
HS	235	0	35	5492248
HS	234	0	42	5492290
HS	233	0	46	5492336
HS	232	0	36	5492372
HS	231	0	42	5492414
HS	230	0	37	5492451
HS	229	0	41	5492492
HS	228	0	48	5492540
HS	227	0	40	5492580
HS	226	0	38	5492618
HS	225	0	27	5492645
HS	224	0	30	5492675
HS	223	0	19	5492694
HS	222	0	23	5492717
HS	221	0	25	5492742
HS	220	0	38	5492780
HS	219	0	19	5492799
HS	218	0	28	5492827
HS	217	0	24	5492851
HS	216	0	16	5492867
HS	215	0	16	5492883
HS	214	0	20	5492903
HS	213	0	16	5492919
HS	212	0	21	5492940
HS	211	0	25	5492965
HS	210	0	19	5492984
HS	209	0	20	5493004
HS	208	0	27	5493031
HS	207	0	22	5493053
HS	206	0	18	5493071
HS	205	0	23	5493094
HS	204	0	17	5493111
HS	203	0	11	5493122
HS	202	0	6	5493128
HS	201	0	11	5493139
HS	200	0	12	5493151
HS	199	0	12	5493163
HS	198	0	14	5493177
HS	197	0	10	5493187
HS	196	0	15	5493202
HS	195	0	10	5493212
HS	194	0	15	5493227
HS	193	0	13	5493240
HS	192	0	12	5493252
HS	191	0	15	5493267
HS	190	0	22	5493289
HS	189	0	25	5493314
HS	188	0	18	5493332
HS	187	0	28	5493360
HS	186	0	27	5493387
HS	185	0	21	5493408
HS	184	0	17	5493425
HS	183	0	22	5493447
HS	182	0	29	5493476
HS	181	0	17	5493493
HS	180	0	18	5493511
HS	179	0	18	5493529
HS	178	0	17	5493546
HS	177	0	15	5493561
HS	176	0	16	5493577
HS	175	0	6	5493583
HS	174	0	13	5493596
HS	173	0	13	5493609
HS	172	0	20	5493629
HS	171	0	13	5493642
HS	170	0	22	5493664
HS	169	0	21	5493685
HS	168	0	10	5493695
HS	167	0	13	5493708
HS	166	0	14	5493722
HS	165	0	9	5493731
HS	164	0	11	5493742
HS	163	0	18	5493760
HS	162	0	13	5493773
HS	161	0	19	5493792
HS	160	0	9	5493801
HS	159	0	20	5493821
HS	158	0	21	5493842
HS	157	0	15	5493857
HS	156	0	14	5493871
HS	155	0	20	5493891
HS	154	0	19	5493910
HS	153	0	16	5493926
HS	152	0	23	5493949
HS	151	0	21	5493970
HS	150	0	23	5493993
HS	149	0	23	5494016
HS	148	0	29	5494045
HS	147	0	27	5494072
HS	146	0	43	5494115
HS	145	0	45	5494160
HS	144	0	35	5494195
HS	143	0	27	5494222
HS	142	0	51	5494273
HS	141	0	26	5494299
HS	140	0	36	5494335
HS	139	0	28	5494363
HS	138	0	26	5494389
HS	137	0	31	5494420
HS	136	0	34	5494454
HS	135	0	58	5494512
HS	134	0	45	5494557
HS	133	0	43	5494600
HS	132	0	33	5494633
HS	131	0	37	5494670
HS	130	0	22	5494692
HS	129	0	43	5494735
HS	128	0	32	5494767
HS	127	0	43	5494810
HS	126	0	43	5494853
HS	125	0	50	5494903
HS	124	0	39	5494942
HS	123	0	30	5494972
HS	122	0	26	5494998
HS	121	0	28	5495026
HS	120	0	36	5495062
HS	119	0	30	5495092
HS	118	0	28	5495120
HS	117	0	37	5495157
HS	116	0	37	5495194
HS	115	0	57	5495251
HS	114	0	49	5495300
HS	113	0	61	5495361
HS	112	0	56	5495417
HS	111	0	62	5495479
HS	110	0	49	5495528
HS	109	0	64	5495592
HS	108	0	47	5495639
HS	107	0	60	5495699
HS	106	0	42	5495741
HS	105	0	37	5495778
HS	104	0	55	5495833
HS	103	0	35	5495868
HS	102	0	53	5495921
HS	101	0	55	5495976
HS	100	0	61	5496037
HS	99	0	78	5496115
HS	98	0	77	5496192
HS	97	0	78	5496270
HS	96	0	96	5496366
HS	95	0	99	5496465
HS	94	0	100	5496565
HS	93	0	101	5496666
HS	92	0	128	5496794
HS	91	0	131	5496925
HS	90	0	119	5497044
HS	89	0	166	5497210
HS	88	0	177	5497387
HS	87	0	165	5497552
HS	86	0	188	5497740
HS	85	0	171	5497911
HS	84	0	188	5498099
HS	83	0	191	5498290
HS	82	0	196	5498486
HS	81	0	196	5498682
HS	80	0	247	5498929
HS	79	0	245	5499174
HS	78	0	208	5499382
HS	77	0	233	5499615
HS	76	0	309	5499924
HS	75	0	263	5500187
HS	74	0	315	5500502
HS	73	0	302	5500804
HS	72	0	278	5501082
HS	71	0	357	5501439
HS	70	0	307	5501746
HS	69	0	329	5502075
HS	68	0	354	5502429
HS	67	0	416	5502845
HS	66	0	398	5503243
HS	65	0	423	5503666
HS	64	0	534	5504200
HS	63	0	553	5504753
HS	62	0	567	5505320
HS	61	0	558	5505878
HS	60	0	720	5506598
HS	59	0	775	5507373
HS	58	0	812	5508185
HS	57	0	860	5509045
HS	56	0	924	5509969
HS	55	0	913	5510882
HS	54	0	1066	5511948
HS	53	0	1207	5513155
HS	52	0	1250	5514405
HS	51	0	1415	5515820
HS	50	0	1575	5517395
HS	49	0	1944	5519339
HS	48	0	2211	5521550
HS	47	0	2660	5524210
HS	46	0	3056	5527266
HS	45	0	3957	5531223
HS	44	0	5106	5536329
HS	43	0	6758	5543087
HS	42	0	8511	5551598
HS	41	0	11131	5562729
HS	40	0	13709	5576438
HS	39	0	17648	5594086
HS	38	0	22344	5616430
HS	37	0	28471	5644901
HS	36	0	35252	5680153
HS	35	0	42894	5723047
HS	34	0	51527	5774574
HS	33	0	61576	5836150
HS	32	0	72055	5908205
HS	31	0	81847	5990052
HS	30	0	90806	6080858
HS	29	0	99297	6180155
HS	28	0	105979	6286134
HS	27	0	112112	6398246
HS	26	0	116033	6514279
HS	25	0	116262	6630541
HS	24	0	113087	6743628
HS	23	0	109172	6852800
HS	22	0	102115	6954915
HS	21	0	93315	7048230
HS	20	0	83473	7131703
HS	19	0	74988	7206691
HS	18	0	66519	7273210
HS	17	0	59902	7333112
HS	16	0	56575	7389687
HS	15	0	56289	7445976
HS	14	0	60208	7506184
HS	13	0	70287	7576471
HS	12	0	87447	7663918
HS	11	0	114971	7778889
HS	10	0	162811	7941700
HS	9	0	235789	8177489
HS	8	0	358074	8535563
HS	7	0	586029	9121592
HS	6	0	1019157	10140749
HS	5	0	1929460	12070209
HS	4	0	4071623	16141832
HS	3	0	10057904	26199736
HS	2	0	31015740	57215476
HS	1	0	0	57215476
HS	0	0	0	57215476
