CC	CT  kmer_occurrence    short_read_kmer_count  raw_input_kmer_count  adjusted_input_kmer_count
CC	FR  fpr_lower_bound    fpr_upper_bound
CC	ER  total_input_kmers  adjusted_error_kmers
CC	CV  coverage
CC	QV  raw_quality_value  adjusted_quality_value
CC
SQ	JAUCFI010000001.1	234522	234492	234492	99.00
SQ	JAUCFI010000003.1	5767210	5767180	5766455	53.92
CT	1023	6722	80948	80948.000
CT	1022	2	8	8.000
CT	1021	2	14	14.000
CT	1020	8	57	57.000
CT	1019	6	54	54.000
CT	1018	7	43	43.000
CT	1017	6	24	24.000
CT	1016	3	14	14.000
CT	1015	5	31	31.000
CT	1014	5	29	29.000
CT	1013	3	15	15.000
CT	1012	3	17	17.000
CT	1011	9	64	64.000
CT	1010	9	55	55.000
CT	1009	5	27	27.000
CT	1008	3	16	16.000
CT	1007	4	25	25.000
CT	1006	8	49	49.000
CT	1005	7	60	60.000
CT	1004	5	33	33.000
CT	1003	5	21	21.000
CT	1002	6	38	38.000
CT	1001	5	41	41.000
CT	1000	6	45	45.000
CT	999	4	18	18.000
CT	998	8	46	46.000
CT	997	4	26	26.000
CT	996	4	18	18.000
CT	995	5	30	30.000
CT	994	3	18	18.000
CT	993	5	31	31.000
CT	992	2	1	1.000
CT	991	5	70	70.000
CT	990	5	39	39.000
CT	989	2	6	6.000
CT	988	4	17	17.000
CT	987	4	32	32.000
CT	986	10	69	69.000
CT	985	5	35	35.000
CT	984	6	42	42.000
CT	983	4	24	24.000
CT	982	9	58	58.000
CT	981	6	42	42.000
CT	980	0	0	0.000
CT	979	7	32	32.000
CT	978	4	30	30.000
CT	977	8	52	52.000
CT	976	3	21	21.000
CT	975	3	20	20.000
CT	974	7	63	63.000
CT	973	6	54	54.000
CT	972	9	107	107.000
CT	971	4	43	43.000
CT	970	7	72	72.000
CT	969	2	28	28.000
CT	968	5	23	23.000
CT	967	4	24	24.000
CT	966	6	40	40.000
CT	965	0	0	0.000
CT	964	9	41	41.000
CT	963	5	40	40.000
CT	962	1	5	5.000
CT	961	1	2	2.000
CT	960	1	14	14.000
CT	959	8	70	70.000
CT	958	2	10	10.000
CT	957	3	18	18.000
CT	956	7	46	46.000
CT	955	6	31	31.000
CT	954	4	19	19.000
CT	953	2	7	7.000
CT	952	4	33	33.000
CT	951	5	30	30.000
CT	950	8	54	54.000
CT	949	3	9	9.000
CT	948	3	17	17.000
CT	947	12	42	42.000
CT	946	1	3	3.000
CT	945	4	12	12.000
CT	944	9	39	39.000
CT	943	5	32	32.000
CT	942	6	37	37.000
CT	941	5	29	29.000
CT	940	11	59	59.000
CT	939	1	5	5.000
CT	938	6	46	46.000
CT	937	11	40	40.000
CT	936	4	14	14.000
CT	935	6	11	11.000
CT	934	9	44	44.000
CT	933	3	10	10.000
CT	932	7	25	25.000
CT	931	4	21	21.000
CT	930	8	21	21.000
CT	929	14	65	65.000
CT	928	6	35	35.000
CT	927	7	33	33.000
CT	926	4	12	12.000
CT	925	4	8	8.000
CT	924	8	32	32.000
CT	923	9	41	41.000
CT	922	4	16	16.000
CT	921	1	2	2.000
CT	920	5	25	25.000
CT	919	9	46	46.000
CT	918	9	41	41.000
CT	917	5	22	22.000
CT	916	7	31	31.000
CT	915	3	18	18.000
CT	914	7	33	33.000
CT	913	3	17	17.000
CT	912	6	28	28.000
CT	911	4	20	20.000
CT	910	5	23	23.000
CT	909	4	17	17.000
CT	908	5	11	11.000
CT	907	4	12	12.000
CT	906	4	15	15.000
CT	905	10	41	41.000
CT	904	8	22	22.000
CT	903	4	22	22.000
CT	902	7	38	38.000
CT	901	3	12	12.000
CT	900	7	25	25.000
CT	899	5	19	19.000
CT	898	4	24	24.000
CT	897	7	32	32.000
CT	896	7	34	34.000
CT	895	7	31	31.000
CT	894	8	27	27.000
CT	893	8	32	32.000
CT	892	8	28	28.000
CT	891	7	16	16.000
CT	890	4	19	19.000
CT	889	9	28	28.000
CT	888	5	8	8.000
CT	887	8	37	37.000
CT	886	7	26	26.000
CT	885	10	37	37.000
CT	884	7	30	30.000
CT	883	5	12	12.000
CT	882	4	14	14.000
CT	881	5	17	17.000
CT	880	7	40	40.000
CT	879	5	23	23.000
CT	878	3	9	9.000
CT	877	10	45	45.000
CT	876	7	36	36.000
CT	875	9	31	31.000
CT	874	5	22	22.000
CT	873	7	54	54.000
CT	872	5	64	64.000
CT	871	13	61	61.000
CT	870	11	71	71.000
CT	869	11	77	77.000
CT	868	7	53	53.000
CT	867	8	36	36.000
CT	866	9	72	72.000
CT	865	13	78	78.000
CT	864	13	67	67.000
CT	863	9	54	54.000
CT	862	9	28	28.000
CT	861	10	70	70.000
CT	860	12	42	42.000
CT	859	21	79	79.000
CT	858	10	42	42.000
CT	857	19	81	81.000
CT	856	11	68	68.000
CT	855	9	43	43.000
CT	854	15	71	71.000
CT	853	20	70	70.000
CT	852	11	35	35.000
CT	851	14	98	98.000
CT	850	14	56	56.000
CT	849	9	36	36.000
CT	848	17	56	56.000
CT	847	9	37	37.000
CT	846	13	52	52.000
CT	845	11	67	67.000
CT	844	10	39	39.000
CT	843	17	59	59.000
CT	842	17	54	54.000
CT	841	18	83	83.000
CT	840	9	38	38.000
CT	839	13	52	52.000
CT	838	9	25	25.000
CT	837	11	53	53.000
CT	836	11	36	36.000
CT	835	21	81	81.000
CT	834	12	52	52.000
CT	833	10	46	46.000
CT	832	18	74	74.000
CT	831	15	43	43.000
CT	830	11	41	41.000
CT	829	10	24	24.000
CT	828	9	25	25.000
CT	827	11	39	39.000
CT	826	10	47	47.000
CT	825	14	47	47.000
CT	824	10	42	42.000
CT	823	13	46	46.000
CT	822	9	41	41.000
CT	821	9	30	30.000
CT	820	21	62	62.000
CT	819	12	26	26.000
CT	818	13	43	43.000
CT	817	16	63	63.000
CT	816	15	65	65.000
CT	815	10	26	26.000
CT	814	15	54	54.000
CT	813	12	33	33.000
CT	812	14	23	23.000
CT	811	12	55	55.000
CT	810	16	49	49.000
CT	809	15	37	37.000
CT	808	8	29	29.000
CT	807	16	72	72.000
CT	806	14	31	31.000
CT	805	24	96	96.000
CT	804	16	42	42.000
CT	803	24	66	66.000
CT	802	16	39	39.000
CT	801	22	72	72.000
CT	800	30	90	90.000
CT	799	17	44	44.000
CT	798	22	46	46.000
CT	797	31	65	65.000
CT	796	24	79	79.000
CT	795	24	57	57.000
CT	794	28	82	82.000
CT	793	21	69	69.000
CT	792	21	82	82.000
CT	791	24	66	66.000
CT	790	28	93	93.000
CT	789	27	77	77.000
CT	788	31	114	114.000
CT	787	19	48	48.000
CT	786	19	57	57.000
CT	785	19	45	45.000
CT	784	10	35	35.000
CT	783	23	44	44.000
CT	782	20	58	58.000
CT	781	20	63	63.000
CT	780	29	66	66.000
CT	779	29	88	88.000
CT	778	27	71	71.000
CT	777	23	48	48.000
CT	776	16	57	57.000
CT	775	25	83	83.000
CT	774	23	57	57.000
CT	773	16	60	60.000
CT	772	23	60	60.000
CT	771	25	86	86.000
CT	770	25	90	90.000
CT	769	22	59	59.000
CT	768	11	38	38.000
CT	767	15	47	47.000
CT	766	24	43	43.000
CT	765	24	54	54.000
CT	764	20	54	54.000
CT	763	20	51	51.000
CT	762	21	47	47.000
CT	761	23	52	52.000
CT	760	29	73	73.000
CT	759	33	94	94.000
CT	758	28	61	61.000
CT	757	29	68	68.000
CT	756	23	42	42.000
CT	755	26	53	53.000
CT	754	34	71	71.000
CT	753	21	45	45.000
CT	752	35	70	70.000
CT	751	40	90	90.000
CT	750	25	61	61.000
CT	749	37	77	77.000
CT	748	33	105	105.000
CT	747	30	69	69.000
CT	746	34	78	78.000
CT	745	23	38	38.000
CT	744	29	56	56.000
CT	743	35	69	69.000
CT	742	31	84	84.000
CT	741	21	48	48.000
CT	740	36	74	74.000
CT	739	34	79	79.000
CT	738	22	40	40.000
CT	737	25	59	59.000
CT	736	28	78	78.000
CT	735	21	28	28.000
CT	734	28	63	63.000
CT	733	28	34	34.000
CT	732	32	53	53.000
CT	731	34	83	83.000
CT	730	31	75	75.000
CT	729	34	71	71.000
CT	728	40	89	89.000
CT	727	24	60	60.000
CT	726	22	57	57.000
CT	725	42	87	87.000
CT	724	25	68	68.000
CT	723	30	48	48.000
CT	722	30	45	45.000
CT	721	40	99	99.000
CT	720	42	97	97.000
CT	719	41	108	108.000
CT	718	48	109	109.000
CT	717	32	52	52.000
CT	716	46	133	133.000
CT	715	43	73	73.000
CT	714	40	86	86.000
CT	713	56	97	97.000
CT	712	34	62	62.000
CT	711	46	97	97.000
CT	710	32	52	52.000
CT	709	38	79	79.000
CT	708	44	91	91.000
CT	707	59	126	126.000
CT	706	46	84	84.000
CT	705	53	104	104.000
CT	704	50	100	100.000
CT	703	65	163	163.000
CT	702	61	132	132.000
CT	701	68	154	154.000
CT	700	62	131	131.000
CT	699	43	83	83.000
CT	698	58	109	109.000
CT	697	59	102	102.000
CT	696	56	123	123.000
CT	695	70	124	124.000
CT	694	54	118	118.000
CT	693	55	125	125.000
CT	692	56	114	114.000
CT	691	52	108	108.000
CT	690	64	127	127.000
CT	689	43	86	86.000
CT	688	75	133	133.000
CT	687	68	142	142.000
CT	686	67	122	122.000
CT	685	68	128	128.000
CT	684	81	154	154.000
CT	683	75	136	136.000
CT	682	64	120	120.000
CT	681	63	97	97.000
CT	680	72	122	122.000
CT	679	80	133	133.000
CT	678	70	135	135.000
CT	677	61	119	119.000
CT	676	61	111	111.000
CT	675	80	134	134.000
CT	674	70	104	104.000
CT	673	62	82	82.000
CT	672	86	142	142.000
CT	671	75	102	102.000
CT	670	79	108	108.000
CT	669	65	97	97.000
CT	668	74	108	108.000
CT	667	101	152	152.000
CT	666	72	99	99.000
CT	665	93	123	123.000
CT	664	78	118	118.000
CT	663	74	120	120.000
CT	662	77	114	114.000
CT	661	97	150	150.000
CT	660	101	158	158.000
CT	659	84	118	118.000
CT	658	97	125	125.000
CT	657	103	166	166.000
CT	656	99	147	147.000
CT	655	100	138	138.000
CT	654	110	167	167.000
CT	653	110	149	149.000
CT	652	87	117	117.000
CT	651	116	175	175.000
CT	650	109	155	155.000
CT	649	109	157	157.000
CT	648	113	169	169.000
CT	647	118	188	188.000
CT	646	123	187	187.000
CT	645	114	169	169.000
CT	644	127	184	184.000
CT	643	134	181	181.000
CT	642	151	219	219.000
CT	641	152	205	205.000
CT	640	138	189	189.000
CT	639	157	240	240.000
CT	638	144	216	216.000
CT	637	151	221	221.000
CT	636	159	235	235.000
CT	635	166	226	226.000
CT	634	127	166	166.000
CT	633	181	256	256.000
CT	632	155	205	205.000
CT	631	156	240	240.000
CT	630	157	219	219.000
CT	629	171	233	233.000
CT	628	151	211	211.000
CT	627	157	212	212.000
CT	626	152	221	221.000
CT	625	167	216	216.000
CT	624	183	243	243.000
CT	623	181	256	256.000
CT	622	175	211	211.000
CT	621	173	208	208.000
CT	620	183	224	224.000
CT	619	170	210	210.000
CT	618	184	221	221.000
CT	617	204	269	269.000
CT	616	184	246	246.000
CT	615	176	218	218.000
CT	614	216	277	277.000
CT	613	197	273	273.000
CT	612	197	230	230.000
CT	611	201	233	233.000
CT	610	220	261	261.000
CT	609	223	267	267.000
CT	608	208	253	253.000
CT	607	190	225	225.000
CT	606	210	252	252.000
CT	605	220	308	308.000
CT	604	262	331	331.000
CT	603	213	255	255.000
CT	602	217	290	290.000
CT	601	239	307	307.000
CT	600	253	329	329.000
CT	599	246	309	309.000
CT	598	216	295	295.000
CT	597	237	293	293.000
CT	596	238	303	303.000
CT	595	241	300	300.000
CT	594	267	325	325.000
CT	593	245	292	292.000
CT	592	224	271	271.000
CT	591	264	314	314.000
CT	590	253	291	291.000
CT	589	262	318	318.000
CT	588	266	333	333.000
CT	587	285	341	341.000
CT	586	256	307	307.000
CT	585	275	319	319.000
CT	584	263	296	296.000
CT	583	249	298	298.000
CT	582	278	343	343.000
CT	581	258	301	301.000
CT	580	234	289	289.000
CT	579	249	296	296.000
CT	578	262	335	335.000
CT	577	272	324	324.000
CT	576	292	367	367.000
CT	575	297	364	364.000
CT	574	277	319	319.000
CT	573	291	356	356.000
CT	572	305	346	346.000
CT	571	331	427	427.000
CT	570	317	385	385.000
CT	569	325	370	370.000
CT	568	340	430	430.000
CT	567	344	411	411.000
CT	566	345	431	431.000
CT	565	342	428	428.000
CT	564	362	419	419.000
CT	563	348	431	431.000
CT	562	371	427	427.000
CT	561	377	456	456.000
CT	560	371	433	433.000
CT	559	392	496	496.000
CT	558	381	430	430.000
CT	557	361	430	430.000
CT	556	381	453	453.000
CT	555	384	439	439.000
CT	554	385	440	440.000
CT	553	363	424	424.000
CT	552	390	446	446.000
CT	551	385	432	432.000
CT	550	427	497	497.000
CT	549	378	430	430.000
CT	548	392	449	449.000
CT	547	409	477	477.000
CT	546	399	465	465.000
CT	545	388	454	454.000
CT	544	433	475	475.000
CT	543	403	464	464.000
CT	542	424	493	493.000
CT	541	389	458	458.000
CT	540	376	431	431.000
CT	539	398	450	450.000
CT	538	406	485	485.000
CT	537	421	503	503.000
CT	536	468	555	555.000
CT	535	458	501	501.000
CT	534	455	494	494.000
CT	533	447	527	527.000
CT	532	447	504	504.000
CT	531	491	548	548.000
CT	530	477	539	539.000
CT	529	518	578	578.000
CT	528	466	522	522.000
CT	527	516	589	589.000
CT	526	498	550	550.000
CT	525	520	579	579.000
CT	524	517	604	604.000
CT	523	496	561	561.000
CT	522	552	664	664.000
CT	521	494	575	575.000
CT	520	530	606	606.000
CT	519	487	572	572.000
CT	518	542	614	614.000
CT	517	521	582	582.000
CT	516	537	636	636.000
CT	515	513	592	592.000
CT	514	534	617	617.000
CT	513	528	610	610.000
CT	512	541	630	630.000
CT	511	558	648	648.000
CT	510	562	649	649.000
CT	509	574	636	636.000
CT	508	528	593	593.000
CT	507	555	621	621.000
CT	506	599	665	665.000
CT	505	536	616	616.000
CT	504	597	663	663.000
CT	503	599	675	675.000
CT	502	545	616	616.000
CT	501	611	674	674.000
CT	500	579	647	647.000
CT	499	597	677	677.000
CT	498	594	680	680.000
CT	497	564	617	617.000
CT	496	585	647	647.000
CT	495	578	653	653.000
CT	494	607	670	670.000
CT	493	596	653	653.000
CT	492	602	665	665.000
CT	491	614	691	691.000
CT	490	614	692	692.000
CT	489	609	681	681.000
CT	488	610	694	694.000
CT	487	647	684	684.000
CT	486	634	708	708.000
CT	485	598	649	649.000
CT	484	675	750	750.000
CT	483	627	695	695.000
CT	482	637	701	701.000
CT	481	698	775	775.000
CT	480	667	729	729.000
CT	479	638	699	699.000
CT	478	733	799	799.000
CT	477	740	801	801.000
CT	476	705	751	751.000
CT	475	677	739	739.000
CT	474	681	737	737.000
CT	473	715	777	777.000
CT	472	691	752	752.000
CT	471	739	816	816.000
CT	470	682	757	757.000
CT	469	723	782	782.000
CT	468	698	766	766.000
CT	467	758	832	832.000
CT	466	721	778	778.000
CT	465	718	778	778.000
CT	464	766	807	807.000
CT	463	760	813	813.000
CT	462	751	829	829.000
CT	461	762	811	811.000
CT	460	799	850	850.000
CT	459	794	825	825.000
CT	458	856	904	904.000
CT	457	822	875	875.000
CT	456	836	876	876.000
CT	455	830	895	895.000
CT	454	783	821	821.000
CT	453	876	930	930.000
CT	452	838	883	883.000
CT	451	810	850	850.000
CT	450	843	894	894.000
CT	449	873	940	940.000
CT	448	826	874	874.000
CT	447	878	925	925.000
CT	446	908	954	954.000
CT	445	876	919	919.000
CT	444	928	979	979.000
CT	443	885	912	912.000
CT	442	858	923	923.000
CT	441	883	977	977.000
CT	440	926	999	999.000
CT	439	927	983	983.000
CT	438	907	995	995.000
CT	437	875	939	939.000
CT	436	913	987	987.000
CT	435	904	970	970.000
CT	434	986	1063	1063.000
CT	433	908	961	961.000
CT	432	931	995	995.000
CT	431	899	975	975.000
CT	430	925	1001	1001.000
CT	429	929	990	990.000
CT	428	961	1023	1023.000
CT	427	993	1080	1080.000
CT	426	1046	1122	1122.000
CT	425	1014	1101	1101.000
CT	424	1025	1110	1110.000
CT	423	1029	1114	1114.000
CT	422	1041	1115	1115.000
CT	421	1018	1105	1105.000
CT	420	979	1050	1050.000
CT	419	1007	1085	1085.000
CT	418	1047	1108	1108.000
CT	417	1035	1118	1118.000
CT	416	1044	1113	1113.000
CT	415	1092	1194	1194.000
CT	414	1028	1127	1127.000
CT	413	1107	1183	1183.000
CT	412	1069	1163	1163.000
CT	411	976	1048	1048.000
CT	410	1033	1124	1124.000
CT	409	1061	1152	1152.000
CT	408	1056	1140	1140.000
CT	407	1083	1164	1164.000
CT	406	1051	1123	1123.000
CT	405	1154	1238	1238.000
CT	404	1109	1192	1192.000
CT	403	1118	1214	1214.000
CT	402	1095	1196	1196.000
CT	401	1097	1172	1172.000
CT	400	1124	1201	1201.000
CT	399	1100	1174	1174.000
CT	398	1043	1111	1111.000
CT	397	1050	1154	1154.000
CT	396	1031	1113	1113.000
CT	395	1002	1082	1082.000
CT	394	1056	1145	1145.000
CT	393	974	1052	1052.000
CT	392	1004	1070	1070.000
CT	391	1083	1180	1180.000
CT	390	1041	1114	1114.000
CT	389	1003	1077	1077.000
CT	388	1019	1081	1081.000
CT	387	1067	1138	1138.000
CT	386	1016	1105	1105.000
CT	385	1035	1121	1121.000
CT	384	1008	1089	1089.000
CT	383	1049	1136	1136.000
CT	382	1010	1086	1086.000
CT	381	1007	1097	1097.000
CT	380	1002	1062	1062.000
CT	379	980	1064	1064.000
CT	378	926	983	983.000
CT	377	981	1078	1078.000
CT	376	929	997	997.000
CT	375	998	1085	1085.000
CT	374	964	1060	1060.000
CT	373	965	1052	1052.000
CT	372	1011	1112	1112.000
CT	371	984	1097	1097.000
CT	370	971	1061	1061.000
CT	369	990	1063	1063.000
CT	368	1024	1115	1115.000
CT	367	999	1089	1089.000
CT	366	905	988	988.000
CT	365	1003	1094	1094.000
CT	364	996	1084	1084.000
CT	363	962	1033	1033.000
CT	362	941	1022	1022.000
CT	361	978	1088	1088.000
CT	360	944	1029	1029.000
CT	359	995	1044	1044.000
CT	358	940	1044	1044.000
CT	357	961	1032	1032.000
CT	356	900	987	987.000
CT	355	895	967	967.000
CT	354	923	980	980.000
CT	353	899	959	959.000
CT	352	934	1006	1006.000
CT	351	924	993	993.000
CT	350	923	984	984.000
CT	349	908	995	995.000
CT	348	947	997	997.000
CT	347	924	994	994.000
CT	346	886	948	948.000
CT	345	852	923	923.000
CT	344	896	968	968.000
CT	343	892	946	946.000
CT	342	823	908	908.000
CT	341	899	978	978.000
CT	340	871	948	948.000
CT	339	847	927	927.000
CT	338	835	908	908.000
CT	337	884	967	967.000
CT	336	855	957	957.000
CT	335	805	880	880.000
CT	334	807	876	876.000
CT	333	828	914	914.000
CT	332	824	904	904.000
CT	331	843	922	922.000
CT	330	844	923	923.000
CT	329	849	919	919.000
CT	328	897	943	943.000
CT	327	879	942	942.000
CT	326	856	915	915.000
CT	325	836	881	881.000
CT	324	862	922	922.000
CT	323	905	997	997.000
CT	322	867	948	948.000
CT	321	917	978	978.000
CT	320	867	948	948.000
CT	319	880	946	946.000
CT	318	911	995	995.000
CT	317	934	1008	1008.000
CT	316	886	963	963.000
CT	315	978	1054	1054.000
CT	314	924	989	989.000
CT	313	853	895	895.000
CT	312	947	1018	1018.000
CT	311	945	990	990.000
CT	310	981	1028	1028.000
CT	309	937	978	978.000
CT	308	962	1014	1014.000
CT	307	1095	1157	1157.000
CT	306	1066	1156	1156.000
CT	305	1062	1166	1166.000
CT	304	1103	1176	1176.000
CT	303	1113	1168	1168.000
CT	302	1043	1120	1120.000
CT	301	1066	1138	1138.000
CT	300	1100	1208	1208.000
CT	299	1085	1149	1149.000
CT	298	1126	1193	1193.000
CT	297	1123	1191	1191.000
CT	296	1146	1197	1197.000
CT	295	1160	1231	1231.000
CT	294	1252	1328	1328.000
CT	293	1255	1349	1349.000
CT	292	1225	1293	1293.000
CT	291	1247	1338	1338.000
CT	290	1271	1350	1350.000
CT	289	1339	1453	1453.000
CT	288	1392	1474	1474.000
CT	287	1362	1442	1442.000
CT	286	1355	1408	1408.000
CT	285	1439	1509	1509.000
CT	284	1474	1545	1545.000
CT	283	1453	1520	1520.000
CT	282	1469	1513	1513.000
CT	281	1467	1532	1532.000
CT	280	1553	1632	1632.000
CT	279	1505	1572	1572.000
CT	278	1564	1626	1626.000
CT	277	1647	1664	1664.000
CT	276	1641	1691	1691.000
CT	275	1740	1792	1792.000
CT	274	1807	1832	1832.000
CT	273	1913	1964	1964.000
CT	272	1929	1960	1960.000
CT	271	1998	2041	2041.000
CT	270	2016	2068	2068.000
CT	269	2032	2046	2046.000
CT	268	2067	2087	2087.000
CT	267	2171	2203	2203.000
CT	266	2385	2421	2421.000
CT	265	2375	2404	2404.000
CT	264	2461	2491	2491.000
CT	263	2566	2558	2558.000
CT	262	2630	2663	2663.000
CT	261	2674	2712	2712.000
CT	260	2808	2828	2828.000
CT	259	2878	2915	2915.000
CT	258	3183	3251	3251.000
CT	257	3119	3144	3144.000
CT	256	3260	3292	3292.000
CT	255	3305	3327	3327.000
CT	254	3524	3539	3539.000
CT	253	3462	3482	3482.000
CT	252	3627	3658	3658.000
CT	251	3890	3924	3924.000
CT	250	3987	3996	3996.000
CT	249	4120	4161	4161.000
CT	248	4390	4393	4393.000
CT	247	4483	4504	4504.000
CT	246	4671	4705	4705.000
CT	245	4734	4740	4740.000
CT	244	4845	4872	4872.000
CT	243	4933	4941	4941.000
CT	242	5186	5196	5196.000
CT	241	5374	5382	5382.000
CT	240	5673	5697	5697.000
CT	239	5861	5887	5887.000
CT	238	6156	6162	6162.000
CT	237	6420	6437	6437.000
CT	236	6582	6562	6562.000
CT	235	6956	6980	6980.000
CT	234	7246	7227	7227.000
CT	233	7497	7476	7476.000
CT	232	7788	7732	7732.000
CT	231	8045	8031	8031.000
CT	230	8401	8368	8368.000
CT	229	8974	8968	8968.000
CT	228	8961	8941	8941.000
CT	227	9296	9276	9276.000
CT	226	9617	9618	9618.000
CT	225	9886	9882	9882.000
CT	224	10285	10258	10258.000
CT	223	10754	10747	10747.000
CT	222	10989	10992	10992.000
CT	221	11192	11183	11183.000
CT	220	11674	11660	11660.000
CT	219	12311	12301	12301.000
CT	218	12780	12746	12746.000
CT	217	13345	13334	13334.000
CT	216	13496	13470	13470.000
CT	215	13816	13805	13805.000
CT	214	14721	14736	14736.000
CT	213	15252	15265	15265.000
CT	212	15782	15791	15791.000
CT	211	16143	16167	16167.000
CT	210	16861	16871	16871.000
CT	209	17130	17171	17171.000
CT	208	17960	17958	17958.000
CT	207	18257	18274	18274.000
CT	206	19262	19262	19262.000
CT	205	19534	19548	19548.000
CT	204	20414	20417	20417.000
CT	203	21341	21309	21309.000
CT	202	21978	21960	21960.000
CT	201	22629	22574	22574.000
CT	200	23261	23218	23218.000
CT	199	24024	23995	23995.000
CT	198	24854	24814	24814.000
CT	197	25287	25249	25249.000
CT	196	25774	25738	25738.000
CT	195	26894	26850	26850.000
CT	194	27639	27592	27592.000
CT	193	28423	28363	28363.000
CT	192	28892	28828	28828.000
CT	191	29765	29722	29722.000
CT	190	30602	30566	30566.000
CT	189	31338	31271	31271.000
CT	188	32272	32232	32232.000
CT	187	33245	33181	33181.000
CT	186	33869	33833	33833.000
CT	185	34550	34503	34503.000
CT	184	35483	35452	35452.000
CT	183	36053	36045	36045.000
CT	182	37286	37276	37276.000
CT	181	38197	38161	38161.000
CT	180	39570	39538	39538.000
CT	179	40039	40002	40002.000
CT	178	40616	40598	40598.000
CT	177	42124	42111	42111.000
CT	176	42970	42924	42924.000
CT	175	43732	43711	43711.000
CT	174	44457	44431	44431.000
CT	173	45100	45048	45048.000
CT	172	45905	45851	45851.000
CT	171	47403	47356	47356.000
CT	170	48223	48195	48195.000
CT	169	48576	48540	48540.000
CT	168	49531	49516	49516.000
CT	167	50252	50193	50193.000
CT	166	51193	51146	51146.000
CT	165	51437	51379	51379.000
CT	164	52337	52289	52289.000
CT	163	52881	52820	52820.000
CT	162	54126	54087	54087.000
CT	161	54428	54387	54387.000
CT	160	55658	55612	55612.000
CT	159	56157	56106	56106.000
CT	158	56436	56405	56405.000
CT	157	56983	56951	56951.000
CT	156	56769	56752	56752.000
CT	155	58288	58265	58265.000
CT	154	58681	58646	58646.000
CT	153	59346	59322	59322.000
CT	152	59570	59538	59538.000
CT	151	60290	60266	60266.000
CT	150	59988	59961	59961.000
CT	149	60854	60835	60835.000
CT	148	60824	60791	60791.000
CT	147	61391	61349	61349.000
CT	146	61672	61617	61617.000
CT	145	62076	62032	62032.000
CT	144	61841	61803	61803.000
CT	143	62161	62134	62134.000
CT	142	62055	62048	62048.000
CT	141	61767	61755	61755.000
CT	140	61757	61748	61748.000
CT	139	62061	62051	62051.000
CT	138	61320	61310	61310.000
CT	137	61402	61378	61378.000
CT	136	60556	60543	60543.000
CT	135	61008	60979	60979.000
CT	134	59899	59866	59866.000
CT	133	59710	59676	59676.000
CT	132	59568	59545	59545.000
CT	131	58715	58691	58691.000
CT	130	58255	58233	58233.000
CT	129	57316	57289	57289.000
CT	128	55841	55824	55824.000
CT	127	55485	55469	55469.000
CT	126	54748	54712	54712.000
CT	125	53635	53584	53584.000
CT	124	52660	52630	52630.000
CT	123	52093	52067	52067.000
CT	122	51015	50990	50990.000
CT	121	50599	50568	50568.000
CT	120	48735	48717	48717.000
CT	119	48424	48396	48396.000
CT	118	47195	47177	47177.000
CT	117	45881	45847	45847.000
CT	116	44956	44931	44931.000
CT	115	43427	43407	43407.000
CT	114	42267	42231	42231.000
CT	113	40758	40726	40726.000
CT	112	39674	39628	39628.000
CT	111	38545	38496	38496.000
CT	110	37012	36950	36950.000
CT	109	35572	35519	35519.000
CT	108	34335	34295	34295.000
CT	107	33130	33089	33089.000
CT	106	31475	31430	31430.000
CT	105	29897	29856	29856.000
CT	104	28746	28703	28703.000
CT	103	27249	27208	27208.000
CT	102	26487	26452	26452.000
CT	101	24824	24793	24793.000
CT	100	24236	24202	24202.000
CT	99	23216	23192	23192.000
CT	98	22111	22071	22071.000
CT	97	20946	20910	20910.000
CT	96	19705	19675	19675.000
CT	95	18661	18639	18639.000
CT	94	17320	17304	17304.000
CT	93	16211	16202	16202.000
CT	92	15187	15171	15171.000
CT	91	14232	14211	14211.000
CT	90	13182	13169	13169.000
CT	89	12536	12530	12530.000
CT	88	11617	11605	11605.000
CT	87	10881	10864	10864.000
CT	86	9926	9919	9919.000
CT	85	9375	9352	9352.000
CT	84	8588	8567	8567.000
CT	83	8058	8039	8039.000
CT	82	7413	7394	7394.000
CT	81	7045	7019	7019.000
CT	80	6413	6393	6393.000
CT	79	5694	5674	5674.000
CT	78	5338	5307	5307.000
CT	77	4841	4824	4824.000
CT	76	4347	4314	4314.000
CT	75	4082	4065	4065.000
CT	74	3612	3584	3584.000
CT	73	3389	3354	3354.000
CT	72	3051	3010	3010.000
CT	71	2895	2860	2860.000
CT	70	2512	2471	2471.000
CT	69	2402	2365	2365.000
CT	68	2135	2102	2102.000
CT	67	2029	2005	2005.000
CT	66	1847	1809	1809.000
CT	65	1631	1592	1592.000
CT	64	1521	1481	1481.000
CT	63	1370	1327	1327.000
CT	62	1206	1159	1159.000
CT	61	1078	1032	1032.000
CT	60	993	949	949.000
CT	59	945	887	887.000
CT	58	807	746	746.000
CT	57	813	750	750.000
CT	56	743	664	664.000
CT	55	603	513	513.000
CT	54	568	463	463.000
CT	53	499	414	414.000
CT	52	492	390	390.000
CT	51	484	383	383.000
CT	50	415	296	296.000
CT	49	331	237	237.000
CT	48	308	198	198.000
CT	47	290	154	154.000
CT	46	296	173	173.000
CT	45	299	160	160.000
CT	44	277	142	142.000
CT	43	295	153	153.000
CT	42	285	117	117.000
CT	41	268	105	105.000
CT	40	271	75	75.000
CT	39	252	43	43.000
CT	38	287	34	34.000
CT	37	326	35	35.000
CT	36	357	30	30.000
CT	35	366	19	19.000
CT	34	411	24	24.000
CT	33	452	29	29.000
CT	32	534	39	39.000
CT	31	604	36	36.000
CT	30	740	36	36.000
CT	29	874	28	28.000
CT	28	927	23	23.000
CT	27	1038	17	17.000
CT	26	1174	26	25.999
CT	25	1400	17	16.999
CT	24	1816	19	18.999
CT	23	1973	29	28.999
CT	22	2191	15	14.999
CT	21	2684	14	13.999
CT	20	3378	9	8.998
CT	19	3992	2	1.998
CT	18	5037	23	22.998
CT	17	6181	10	9.997
CT	16	8032	5	4.996
CT	15	9921	1	0.995
CT	14	12827	0	0.000
CT	13	16135	0	0.000
CT	12	21440	0	0.000
CT	11	27306	0	0.000
CT	10	36769	0	0.000
CT	9	50299	0	0.000
CT	8	72132	0	0.000
CT	7	107357	0	0.000
CT	6	169375	0	0.000
CT	5	300985	0	0.000
CT	4	622403	0	0.000
CT	3	1716518	0	0.000
CT	2	7936292	3	-nan
CT	1	0	0	-nan
CT	0	0	725	-nan
FR	4.83e-07	0
ER	6001672	0.000
CV	1.000
QV	54.093	54.093
