HS	1023	0	6722	6722
HS	1022	0	2	6724
HS	1021	0	2	6726
HS	1020	0	8	6734
HS	1019	0	6	6740
HS	1018	0	7	6747
HS	1017	0	6	6753
HS	1016	0	3	6756
HS	1015	0	5	6761
HS	1014	0	5	6766
HS	1013	0	3	6769
HS	1012	0	3	6772
HS	1011	0	9	6781
HS	1010	0	9	6790
HS	1009	0	5	6795
HS	1008	0	3	6798
HS	1007	0	4	6802
HS	1006	0	8	6810
HS	1005	0	7	6817
HS	1004	0	5	6822
HS	1003	0	5	6827
HS	1002	0	6	6833
HS	1001	0	5	6838
HS	1000	0	6	6844
HS	999	0	4	6848
HS	998	0	8	6856
HS	997	0	4	6860
HS	996	0	4	6864
HS	995	0	5	6869
HS	994	0	3	6872
HS	993	0	5	6877
HS	992	0	2	6879
HS	991	0	5	6884
HS	990	0	5	6889
HS	989	0	2	6891
HS	988	0	4	6895
HS	987	0	4	6899
HS	986	0	10	6909
HS	985	0	5	6914
HS	984	0	6	6920
HS	983	0	4	6924
HS	982	0	9	6933
HS	981	0	6	6939
HS	980	0	0	6939
HS	979	0	7	6946
HS	978	0	4	6950
HS	977	0	8	6958
HS	976	0	3	6961
HS	975	0	3	6964
HS	974	0	7	6971
HS	973	0	6	6977
HS	972	0	9	6986
HS	971	0	4	6990
HS	970	0	7	6997
HS	969	0	2	6999
HS	968	0	5	7004
HS	967	0	4	7008
HS	966	0	6	7014
HS	965	0	0	7014
HS	964	0	9	7023
HS	963	0	5	7028
HS	962	0	1	7029
HS	961	0	1	7030
HS	960	0	1	7031
HS	959	0	8	7039
HS	958	0	2	7041
HS	957	0	3	7044
HS	956	0	7	7051
HS	955	0	6	7057
HS	954	0	4	7061
HS	953	0	2	7063
HS	952	0	4	7067
HS	951	0	5	7072
HS	950	0	8	7080
HS	949	0	3	7083
HS	948	0	3	7086
HS	947	0	12	7098
HS	946	0	1	7099
HS	945	0	4	7103
HS	944	0	9	7112
HS	943	0	5	7117
HS	942	0	6	7123
HS	941	0	5	7128
HS	940	0	11	7139
HS	939	0	1	7140
HS	938	0	6	7146
HS	937	0	11	7157
HS	936	0	4	7161
HS	935	0	6	7167
HS	934	0	9	7176
HS	933	0	3	7179
HS	932	0	7	7186
HS	931	0	4	7190
HS	930	0	8	7198
HS	929	0	14	7212
HS	928	0	6	7218
HS	927	0	7	7225
HS	926	0	4	7229
HS	925	0	4	7233
HS	924	0	8	7241
HS	923	0	9	7250
HS	922	0	4	7254
HS	921	0	1	7255
HS	920	0	5	7260
HS	919	0	9	7269
HS	918	0	9	7278
HS	917	0	5	7283
HS	916	0	7	7290
HS	915	0	3	7293
HS	914	0	7	7300
HS	913	0	3	7303
HS	912	0	6	7309
HS	911	0	4	7313
HS	910	0	5	7318
HS	909	0	4	7322
HS	908	0	5	7327
HS	907	0	4	7331
HS	906	0	4	7335
HS	905	0	10	7345
HS	904	0	8	7353
HS	903	0	4	7357
HS	902	0	7	7364
HS	901	0	3	7367
HS	900	0	7	7374
HS	899	0	5	7379
HS	898	0	4	7383
HS	897	0	7	7390
HS	896	0	7	7397
HS	895	0	7	7404
HS	894	0	8	7412
HS	893	0	8	7420
HS	892	0	8	7428
HS	891	0	7	7435
HS	890	0	4	7439
HS	889	0	9	7448
HS	888	0	5	7453
HS	887	0	8	7461
HS	886	0	7	7468
HS	885	0	10	7478
HS	884	0	7	7485
HS	883	0	5	7490
HS	882	0	4	7494
HS	881	0	5	7499
HS	880	0	7	7506
HS	879	0	5	7511
HS	878	0	3	7514
HS	877	0	10	7524
HS	876	0	7	7531
HS	875	0	9	7540
HS	874	0	5	7545
HS	873	0	7	7552
HS	872	0	5	7557
HS	871	0	13	7570
HS	870	0	11	7581
HS	869	0	11	7592
HS	868	0	7	7599
HS	867	0	8	7607
HS	866	0	9	7616
HS	865	0	13	7629
HS	864	0	13	7642
HS	863	0	9	7651
HS	862	0	9	7660
HS	861	0	10	7670
HS	860	0	12	7682
HS	859	0	21	7703
HS	858	0	10	7713
HS	857	0	19	7732
HS	856	0	11	7743
HS	855	0	9	7752
HS	854	0	15	7767
HS	853	0	20	7787
HS	852	0	11	7798
HS	851	0	14	7812
HS	850	0	14	7826
HS	849	0	9	7835
HS	848	0	17	7852
HS	847	0	9	7861
HS	846	0	13	7874
HS	845	0	11	7885
HS	844	0	10	7895
HS	843	0	17	7912
HS	842	0	17	7929
HS	841	0	18	7947
HS	840	0	9	7956
HS	839	0	13	7969
HS	838	0	9	7978
HS	837	0	11	7989
HS	836	0	11	8000
HS	835	0	21	8021
HS	834	0	12	8033
HS	833	0	10	8043
HS	832	0	18	8061
HS	831	0	15	8076
HS	830	0	11	8087
HS	829	0	10	8097
HS	828	0	9	8106
HS	827	0	11	8117
HS	826	0	10	8127
HS	825	0	14	8141
HS	824	0	10	8151
HS	823	0	13	8164
HS	822	0	9	8173
HS	821	0	9	8182
HS	820	0	21	8203
HS	819	0	12	8215
HS	818	0	13	8228
HS	817	0	16	8244
HS	816	0	15	8259
HS	815	0	10	8269
HS	814	0	15	8284
HS	813	0	12	8296
HS	812	0	14	8310
HS	811	0	12	8322
HS	810	0	16	8338
HS	809	0	15	8353
HS	808	0	8	8361
HS	807	0	16	8377
HS	806	0	14	8391
HS	805	0	24	8415
HS	804	0	16	8431
HS	803	0	24	8455
HS	802	0	16	8471
HS	801	0	22	8493
HS	800	0	30	8523
HS	799	0	17	8540
HS	798	0	22	8562
HS	797	0	31	8593
HS	796	0	24	8617
HS	795	0	24	8641
HS	794	0	28	8669
HS	793	0	21	8690
HS	792	0	21	8711
HS	791	0	24	8735
HS	790	0	28	8763
HS	789	0	27	8790
HS	788	0	31	8821
HS	787	0	19	8840
HS	786	0	19	8859
HS	785	0	19	8878
HS	784	0	10	8888
HS	783	0	23	8911
HS	782	0	20	8931
HS	781	0	20	8951
HS	780	0	29	8980
HS	779	0	29	9009
HS	778	0	27	9036
HS	777	0	23	9059
HS	776	0	16	9075
HS	775	0	25	9100
HS	774	0	23	9123
HS	773	0	16	9139
HS	772	0	23	9162
HS	771	0	25	9187
HS	770	0	25	9212
HS	769	0	22	9234
HS	768	0	11	9245
HS	767	0	15	9260
HS	766	0	24	9284
HS	765	0	24	9308
HS	764	0	20	9328
HS	763	0	20	9348
HS	762	0	21	9369
HS	761	0	23	9392
HS	760	0	29	9421
HS	759	0	33	9454
HS	758	0	28	9482
HS	757	0	29	9511
HS	756	0	23	9534
HS	755	0	26	9560
HS	754	0	34	9594
HS	753	0	21	9615
HS	752	0	35	9650
HS	751	0	40	9690
HS	750	0	25	9715
HS	749	0	37	9752
HS	748	0	33	9785
HS	747	0	30	9815
HS	746	0	34	9849
HS	745	0	23	9872
HS	744	0	29	9901
HS	743	0	35	9936
HS	742	0	31	9967
HS	741	0	21	9988
HS	740	0	36	10024
HS	739	0	34	10058
HS	738	0	22	10080
HS	737	0	25	10105
HS	736	0	28	10133
HS	735	0	21	10154
HS	734	0	28	10182
HS	733	0	28	10210
HS	732	0	32	10242
HS	731	0	34	10276
HS	730	0	31	10307
HS	729	0	34	10341
HS	728	0	40	10381
HS	727	0	24	10405
HS	726	0	22	10427
HS	725	0	42	10469
HS	724	0	25	10494
HS	723	0	30	10524
HS	722	0	30	10554
HS	721	0	40	10594
HS	720	0	42	10636
HS	719	0	41	10677
HS	718	0	48	10725
HS	717	0	32	10757
HS	716	0	46	10803
HS	715	0	43	10846
HS	714	0	40	10886
HS	713	0	56	10942
HS	712	0	34	10976
HS	711	0	46	11022
HS	710	0	32	11054
HS	709	0	38	11092
HS	708	0	44	11136
HS	707	0	59	11195
HS	706	0	46	11241
HS	705	0	53	11294
HS	704	0	50	11344
HS	703	0	65	11409
HS	702	0	61	11470
HS	701	0	68	11538
HS	700	0	62	11600
HS	699	0	43	11643
HS	698	0	58	11701
HS	697	0	59	11760
HS	696	0	56	11816
HS	695	0	70	11886
HS	694	0	54	11940
HS	693	0	55	11995
HS	692	0	56	12051
HS	691	0	52	12103
HS	690	0	64	12167
HS	689	0	43	12210
HS	688	0	75	12285
HS	687	0	68	12353
HS	686	0	67	12420
HS	685	0	68	12488
HS	684	0	81	12569
HS	683	0	75	12644
HS	682	0	64	12708
HS	681	0	63	12771
HS	680	0	72	12843
HS	679	0	80	12923
HS	678	0	70	12993
HS	677	0	61	13054
HS	676	0	61	13115
HS	675	0	80	13195
HS	674	0	70	13265
HS	673	0	62	13327
HS	672	0	86	13413
HS	671	0	75	13488
HS	670	0	79	13567
HS	669	0	65	13632
HS	668	0	74	13706
HS	667	0	101	13807
HS	666	0	72	13879
HS	665	0	93	13972
HS	664	0	78	14050
HS	663	0	74	14124
HS	662	0	77	14201
HS	661	0	97	14298
HS	660	0	101	14399
HS	659	0	84	14483
HS	658	0	97	14580
HS	657	0	103	14683
HS	656	0	99	14782
HS	655	0	100	14882
HS	654	0	110	14992
HS	653	0	110	15102
HS	652	0	87	15189
HS	651	0	116	15305
HS	650	0	109	15414
HS	649	0	109	15523
HS	648	0	113	15636
HS	647	0	118	15754
HS	646	0	123	15877
HS	645	0	114	15991
HS	644	0	127	16118
HS	643	0	134	16252
HS	642	0	151	16403
HS	641	0	152	16555
HS	640	0	138	16693
HS	639	0	157	16850
HS	638	0	144	16994
HS	637	0	151	17145
HS	636	0	159	17304
HS	635	0	166	17470
HS	634	0	127	17597
HS	633	0	181	17778
HS	632	0	155	17933
HS	631	0	156	18089
HS	630	0	157	18246
HS	629	0	171	18417
HS	628	0	151	18568
HS	627	0	157	18725
HS	626	0	152	18877
HS	625	0	167	19044
HS	624	0	183	19227
HS	623	0	181	19408
HS	622	0	175	19583
HS	621	0	173	19756
HS	620	0	183	19939
HS	619	0	170	20109
HS	618	0	184	20293
HS	617	0	204	20497
HS	616	0	184	20681
HS	615	0	176	20857
HS	614	0	216	21073
HS	613	0	197	21270
HS	612	0	197	21467
HS	611	0	201	21668
HS	610	0	220	21888
HS	609	0	223	22111
HS	608	0	208	22319
HS	607	0	190	22509
HS	606	0	210	22719
HS	605	0	220	22939
HS	604	0	262	23201
HS	603	0	213	23414
HS	602	0	217	23631
HS	601	0	239	23870
HS	600	0	253	24123
HS	599	0	246	24369
HS	598	0	216	24585
HS	597	0	237	24822
HS	596	0	238	25060
HS	595	0	241	25301
HS	594	0	267	25568
HS	593	0	245	25813
HS	592	0	224	26037
HS	591	0	264	26301
HS	590	0	253	26554
HS	589	0	262	26816
HS	588	0	266	27082
HS	587	0	285	27367
HS	586	0	256	27623
HS	585	0	275	27898
HS	584	0	263	28161
HS	583	0	249	28410
HS	582	0	278	28688
HS	581	0	258	28946
HS	580	0	234	29180
HS	579	0	249	29429
HS	578	0	262	29691
HS	577	0	272	29963
HS	576	0	292	30255
HS	575	0	297	30552
HS	574	0	277	30829
HS	573	0	291	31120
HS	572	0	305	31425
HS	571	0	331	31756
HS	570	0	317	32073
HS	569	0	325	32398
HS	568	0	340	32738
HS	567	0	344	33082
HS	566	0	345	33427
HS	565	0	342	33769
HS	564	0	362	34131
HS	563	0	348	34479
HS	562	0	371	34850
HS	561	0	377	35227
HS	560	0	371	35598
HS	559	0	392	35990
HS	558	0	381	36371
HS	557	0	361	36732
HS	556	0	381	37113
HS	555	0	384	37497
HS	554	0	385	37882
HS	553	0	363	38245
HS	552	0	390	38635
HS	551	0	385	39020
HS	550	0	427	39447
HS	549	0	378	39825
HS	548	0	392	40217
HS	547	0	409	40626
HS	546	0	399	41025
HS	545	0	388	41413
HS	544	0	433	41846
HS	543	0	403	42249
HS	542	0	424	42673
HS	541	0	389	43062
HS	540	0	376	43438
HS	539	0	398	43836
HS	538	0	406	44242
HS	537	0	421	44663
HS	536	0	468	45131
HS	535	0	458	45589
HS	534	0	455	46044
HS	533	0	447	46491
HS	532	0	447	46938
HS	531	0	491	47429
HS	530	0	477	47906
HS	529	0	518	48424
HS	528	0	466	48890
HS	527	0	516	49406
HS	526	0	498	49904
HS	525	0	520	50424
HS	524	0	517	50941
HS	523	0	496	51437
HS	522	0	552	51989
HS	521	0	494	52483
HS	520	0	530	53013
HS	519	0	487	53500
HS	518	0	542	54042
HS	517	0	521	54563
HS	516	0	537	55100
HS	515	0	513	55613
HS	514	0	534	56147
HS	513	0	528	56675
HS	512	0	541	57216
HS	511	0	558	57774
HS	510	0	562	58336
HS	509	0	574	58910
HS	508	0	528	59438
HS	507	0	555	59993
HS	506	0	599	60592
HS	505	0	536	61128
HS	504	0	597	61725
HS	503	0	599	62324
HS	502	0	545	62869
HS	501	0	611	63480
HS	500	0	579	64059
HS	499	0	597	64656
HS	498	0	594	65250
HS	497	0	564	65814
HS	496	0	585	66399
HS	495	0	578	66977
HS	494	0	607	67584
HS	493	0	596	68180
HS	492	0	602	68782
HS	491	0	614	69396
HS	490	0	614	70010
HS	489	0	609	70619
HS	488	0	610	71229
HS	487	0	647	71876
HS	486	0	634	72510
HS	485	0	598	73108
HS	484	0	675	73783
HS	483	0	627	74410
HS	482	0	637	75047
HS	481	0	698	75745
HS	480	0	667	76412
HS	479	0	638	77050
HS	478	0	733	77783
HS	477	0	740	78523
HS	476	0	705	79228
HS	475	0	677	79905
HS	474	0	681	80586
HS	473	0	715	81301
HS	472	0	691	81992
HS	471	0	739	82731
HS	470	0	682	83413
HS	469	0	723	84136
HS	468	0	698	84834
HS	467	0	758	85592
HS	466	0	721	86313
HS	465	0	718	87031
HS	464	0	766	87797
HS	463	0	760	88557
HS	462	0	751	89308
HS	461	0	762	90070
HS	460	0	799	90869
HS	459	0	794	91663
HS	458	0	856	92519
HS	457	0	822	93341
HS	456	0	836	94177
HS	455	0	830	95007
HS	454	0	783	95790
HS	453	0	876	96666
HS	452	0	838	97504
HS	451	0	810	98314
HS	450	0	843	99157
HS	449	0	873	100030
HS	448	0	826	100856
HS	447	0	878	101734
HS	446	0	908	102642
HS	445	0	876	103518
HS	444	0	928	104446
HS	443	0	885	105331
HS	442	0	858	106189
HS	441	0	883	107072
HS	440	0	926	107998
HS	439	0	927	108925
HS	438	0	907	109832
HS	437	0	875	110707
HS	436	0	913	111620
HS	435	0	904	112524
HS	434	0	986	113510
HS	433	0	908	114418
HS	432	0	931	115349
HS	431	0	899	116248
HS	430	0	925	117173
HS	429	0	929	118102
HS	428	0	961	119063
HS	427	0	993	120056
HS	426	0	1046	121102
HS	425	0	1014	122116
HS	424	0	1025	123141
HS	423	0	1029	124170
HS	422	0	1041	125211
HS	421	0	1018	126229
HS	420	0	979	127208
HS	419	0	1007	128215
HS	418	0	1047	129262
HS	417	0	1035	130297
HS	416	0	1044	131341
HS	415	0	1092	132433
HS	414	0	1028	133461
HS	413	0	1107	134568
HS	412	0	1069	135637
HS	411	0	976	136613
HS	410	0	1033	137646
HS	409	0	1061	138707
HS	408	0	1056	139763
HS	407	0	1083	140846
HS	406	0	1051	141897
HS	405	0	1154	143051
HS	404	0	1109	144160
HS	403	0	1118	145278
HS	402	0	1095	146373
HS	401	0	1097	147470
HS	400	0	1124	148594
HS	399	0	1100	149694
HS	398	0	1043	150737
HS	397	0	1050	151787
HS	396	0	1031	152818
HS	395	0	1002	153820
HS	394	0	1056	154876
HS	393	0	974	155850
HS	392	0	1004	156854
HS	391	0	1083	157937
HS	390	0	1041	158978
HS	389	0	1003	159981
HS	388	0	1019	161000
HS	387	0	1067	162067
HS	386	0	1016	163083
HS	385	0	1035	164118
HS	384	0	1008	165126
HS	383	0	1049	166175
HS	382	0	1010	167185
HS	381	0	1007	168192
HS	380	0	1002	169194
HS	379	0	980	170174
HS	378	0	926	171100
HS	377	0	981	172081
HS	376	0	929	173010
HS	375	0	998	174008
HS	374	0	964	174972
HS	373	0	965	175937
HS	372	0	1011	176948
HS	371	0	984	177932
HS	370	0	971	178903
HS	369	0	990	179893
HS	368	0	1024	180917
HS	367	0	999	181916
HS	366	0	905	182821
HS	365	0	1003	183824
HS	364	0	996	184820
HS	363	0	962	185782
HS	362	0	941	186723
HS	361	0	978	187701
HS	360	0	944	188645
HS	359	0	995	189640
HS	358	0	940	190580
HS	357	0	961	191541
HS	356	0	900	192441
HS	355	0	895	193336
HS	354	0	923	194259
HS	353	0	899	195158
HS	352	0	934	196092
HS	351	0	924	197016
HS	350	0	923	197939
HS	349	0	908	198847
HS	348	0	947	199794
HS	347	0	924	200718
HS	346	0	886	201604
HS	345	0	852	202456
HS	344	0	896	203352
HS	343	0	892	204244
HS	342	0	823	205067
HS	341	0	899	205966
HS	340	0	871	206837
HS	339	0	847	207684
HS	338	0	835	208519
HS	337	0	884	209403
HS	336	0	855	210258
HS	335	0	805	211063
HS	334	0	807	211870
HS	333	0	828	212698
HS	332	0	824	213522
HS	331	0	843	214365
HS	330	0	844	215209
HS	329	0	849	216058
HS	328	0	897	216955
HS	327	0	879	217834
HS	326	0	856	218690
HS	325	0	836	219526
HS	324	0	862	220388
HS	323	0	905	221293
HS	322	0	867	222160
HS	321	0	917	223077
HS	320	0	867	223944
HS	319	0	880	224824
HS	318	0	911	225735
HS	317	0	934	226669
HS	316	0	886	227555
HS	315	0	978	228533
HS	314	0	924	229457
HS	313	0	853	230310
HS	312	0	947	231257
HS	311	0	945	232202
HS	310	0	981	233183
HS	309	0	937	234120
HS	308	0	962	235082
HS	307	0	1095	236177
HS	306	0	1066	237243
HS	305	0	1062	238305
HS	304	0	1103	239408
HS	303	0	1113	240521
HS	302	0	1043	241564
HS	301	0	1066	242630
HS	300	0	1100	243730
HS	299	0	1085	244815
HS	298	0	1126	245941
HS	297	0	1123	247064
HS	296	0	1146	248210
HS	295	0	1160	249370
HS	294	0	1252	250622
HS	293	0	1255	251877
HS	292	0	1225	253102
HS	291	0	1247	254349
HS	290	0	1271	255620
HS	289	0	1339	256959
HS	288	0	1392	258351
HS	287	0	1362	259713
HS	286	0	1355	261068
HS	285	0	1439	262507
HS	284	0	1474	263981
HS	283	0	1453	265434
HS	282	0	1469	266903
HS	281	0	1467	268370
HS	280	0	1553	269923
HS	279	0	1505	271428
HS	278	0	1564	272992
HS	277	0	1647	274639
HS	276	0	1641	276280
HS	275	0	1740	278020
HS	274	0	1807	279827
HS	273	0	1913	281740
HS	272	0	1929	283669
HS	271	0	1998	285667
HS	270	0	2016	287683
HS	269	0	2032	289715
HS	268	0	2067	291782
HS	267	0	2171	293953
HS	266	0	2385	296338
HS	265	0	2375	298713
HS	264	0	2461	301174
HS	263	0	2566	303740
HS	262	0	2630	306370
HS	261	0	2674	309044
HS	260	0	2808	311852
HS	259	0	2878	314730
HS	258	0	3183	317913
HS	257	0	3119	321032
HS	256	0	3260	324292
HS	255	0	3305	327597
HS	254	0	3524	331121
HS	253	0	3462	334583
HS	252	0	3627	338210
HS	251	0	3890	342100
HS	250	0	3987	346087
HS	249	0	4120	350207
HS	248	0	4390	354597
HS	247	0	4483	359080
HS	246	0	4671	363751
HS	245	0	4734	368485
HS	244	0	4845	373330
HS	243	0	4933	378263
HS	242	0	5186	383449
HS	241	0	5374	388823
HS	240	0	5673	394496
HS	239	0	5861	400357
HS	238	0	6156	406513
HS	237	0	6420	412933
HS	236	0	6582	419515
HS	235	0	6956	426471
HS	234	0	7246	433717
HS	233	0	7497	441214
HS	232	0	7788	449002
HS	231	0	8045	457047
HS	230	0	8401	465448
HS	229	0	8974	474422
HS	228	0	8961	483383
HS	227	0	9296	492679
HS	226	0	9617	502296
HS	225	0	9886	512182
HS	224	0	10285	522467
HS	223	0	10754	533221
HS	222	0	10989	544210
HS	221	0	11192	555402
HS	220	0	11674	567076
HS	219	0	12311	579387
HS	218	0	12780	592167
HS	217	0	13345	605512
HS	216	0	13496	619008
HS	215	0	13816	632824
HS	214	0	14721	647545
HS	213	0	15252	662797
HS	212	0	15782	678579
HS	211	0	16143	694722
HS	210	0	16861	711583
HS	209	0	17130	728713
HS	208	0	17960	746673
HS	207	0	18257	764930
HS	206	0	19262	784192
HS	205	0	19534	803726
HS	204	0	20414	824140
HS	203	0	21341	845481
HS	202	0	21978	867459
HS	201	0	22629	890088
HS	200	0	23261	913349
HS	199	0	24024	937373
HS	198	0	24854	962227
HS	197	0	25287	987514
HS	196	0	25774	1013288
HS	195	0	26894	1040182
HS	194	0	27639	1067821
HS	193	0	28423	1096244
HS	192	0	28892	1125136
HS	191	0	29765	1154901
HS	190	0	30602	1185503
HS	189	0	31338	1216841
HS	188	0	32272	1249113
HS	187	0	33245	1282358
HS	186	0	33869	1316227
HS	185	0	34550	1350777
HS	184	0	35483	1386260
HS	183	0	36053	1422313
HS	182	0	37286	1459599
HS	181	0	38197	1497796
HS	180	0	39570	1537366
HS	179	0	40039	1577405
HS	178	0	40616	1618021
HS	177	0	42124	1660145
HS	176	0	42970	1703115
HS	175	0	43732	1746847
HS	174	0	44457	1791304
HS	173	0	45100	1836404
HS	172	0	45905	1882309
HS	171	0	47403	1929712
HS	170	0	48223	1977935
HS	169	0	48576	2026511
HS	168	0	49531	2076042
HS	167	0	50252	2126294
HS	166	0	51193	2177487
HS	165	0	51437	2228924
HS	164	0	52337	2281261
HS	163	0	52881	2334142
HS	162	0	54126	2388268
HS	161	0	54428	2442696
HS	160	0	55658	2498354
HS	159	0	56157	2554511
HS	158	0	56436	2610947
HS	157	0	56983	2667930
HS	156	0	56769	2724699
HS	155	0	58288	2782987
HS	154	0	58681	2841668
HS	153	0	59346	2901014
HS	152	0	59570	2960584
HS	151	0	60290	3020874
HS	150	0	59988	3080862
HS	149	0	60854	3141716
HS	148	0	60824	3202540
HS	147	0	61391	3263931
HS	146	0	61672	3325603
HS	145	0	62076	3387679
HS	144	0	61841	3449520
HS	143	0	62161	3511681
HS	142	0	62055	3573736
HS	141	0	61767	3635503
HS	140	0	61757	3697260
HS	139	0	62061	3759321
HS	138	0	61320	3820641
HS	137	0	61402	3882043
HS	136	0	60556	3942599
HS	135	0	61008	4003607
HS	134	0	59899	4063506
HS	133	0	59710	4123216
HS	132	0	59568	4182784
HS	131	0	58715	4241499
HS	130	0	58255	4299754
HS	129	0	57316	4357070
HS	128	0	55841	4412911
HS	127	0	55485	4468396
HS	126	0	54748	4523144
HS	125	0	53635	4576779
HS	124	0	52660	4629439
HS	123	0	52093	4681532
HS	122	0	51015	4732547
HS	121	0	50599	4783146
HS	120	0	48735	4831881
HS	119	0	48424	4880305
HS	118	0	47195	4927500
HS	117	0	45881	4973381
HS	116	0	44956	5018337
HS	115	0	43427	5061764
HS	114	0	42267	5104031
HS	113	0	40758	5144789
HS	112	0	39674	5184463
HS	111	0	38545	5223008
HS	110	0	37012	5260020
HS	109	0	35572	5295592
HS	108	0	34335	5329927
HS	107	0	33130	5363057
HS	106	0	31475	5394532
HS	105	0	29897	5424429
HS	104	0	28746	5453175
HS	103	0	27249	5480424
HS	102	0	26487	5506911
HS	101	0	24824	5531735
HS	100	0	24236	5555971
HS	99	0	23216	5579187
HS	98	0	22111	5601298
HS	97	0	20946	5622244
HS	96	0	19705	5641949
HS	95	0	18661	5660610
HS	94	0	17320	5677930
HS	93	0	16211	5694141
HS	92	0	15187	5709328
HS	91	0	14232	5723560
HS	90	0	13182	5736742
HS	89	0	12536	5749278
HS	88	0	11617	5760895
HS	87	0	10881	5771776
HS	86	0	9926	5781702
HS	85	0	9375	5791077
HS	84	0	8588	5799665
HS	83	0	8058	5807723
HS	82	0	7413	5815136
HS	81	0	7045	5822181
HS	80	0	6413	5828594
HS	79	0	5694	5834288
HS	78	0	5338	5839626
HS	77	0	4841	5844467
HS	76	0	4347	5848814
HS	75	0	4082	5852896
HS	74	0	3612	5856508
HS	73	0	3389	5859897
HS	72	0	3051	5862948
HS	71	0	2895	5865843
HS	70	0	2512	5868355
HS	69	0	2402	5870757
HS	68	0	2135	5872892
HS	67	0	2029	5874921
HS	66	0	1847	5876768
HS	65	0	1631	5878399
HS	64	0	1521	5879920
HS	63	0	1370	5881290
HS	62	0	1206	5882496
HS	61	0	1078	5883574
HS	60	0	993	5884567
HS	59	0	945	5885512
HS	58	0	807	5886319
HS	57	0	813	5887132
HS	56	0	743	5887875
HS	55	0	603	5888478
HS	54	0	568	5889046
HS	53	0	499	5889545
HS	52	0	492	5890037
HS	51	0	484	5890521
HS	50	0	415	5890936
HS	49	0	331	5891267
HS	48	0	308	5891575
HS	47	0	290	5891865
HS	46	0	296	5892161
HS	45	0	299	5892460
HS	44	0	277	5892737
HS	43	0	295	5893032
HS	42	0	285	5893317
HS	41	0	268	5893585
HS	40	0	271	5893856
HS	39	0	252	5894108
HS	38	0	287	5894395
HS	37	0	326	5894721
HS	36	0	357	5895078
HS	35	0	366	5895444
HS	34	0	411	5895855
HS	33	0	452	5896307
HS	32	0	534	5896841
HS	31	0	604	5897445
HS	30	0	740	5898185
HS	29	0	874	5899059
HS	28	0	927	5899986
HS	27	0	1038	5901024
HS	26	0	1174	5902198
HS	25	0	1400	5903598
HS	24	0	1816	5905414
HS	23	0	1973	5907387
HS	22	0	2191	5909578
HS	21	0	2684	5912262
HS	20	0	3378	5915640
HS	19	0	3992	5919632
HS	18	0	5037	5924669
HS	17	0	6181	5930850
HS	16	0	8032	5938882
HS	15	0	9921	5948803
HS	14	0	12827	5961630
HS	13	0	16135	5977765
HS	12	0	21440	5999205
HS	11	0	27306	6026511
HS	10	0	36769	6063280
HS	9	0	50299	6113579
HS	8	0	72132	6185711
HS	7	0	107357	6293068
HS	6	0	169375	6462443
HS	5	0	300985	6763428
HS	4	0	622403	7385831
HS	3	0	1716518	9102349
HS	2	0	7936292	17038641
HS	1	0	0	17038641
HS	0	0	0	17038641
