CC	CT  kmer_occurrence    short_read_kmer_count  raw_input_kmer_count  adjusted_input_kmer_count
CC	FR  fpr_lower_bound    fpr_upper_bound
CC	ER  total_input_kmers  adjusted_error_kmers
CC	CV  coverage
CC	QV  raw_quality_value  adjusted_quality_value
CC
SQ	CP128136.1	278261	278231	278231	99.00
SQ	CP128135.1	399038	399008	399008	99.00
SQ	CP128129.1	5441484	5441454	5441023	55.93
SQ	CP128130.1	111600	111570	111570	99.00
CT	1023	88893	162539	162539.000
CT	1022	242	132	132.000
CT	1021	223	114	114.000
CT	1020	208	123	123.000
CT	1019	226	128	128.000
CT	1018	209	121	121.000
CT	1017	229	157	157.000
CT	1016	244	122	122.000
CT	1015	253	153	153.000
CT	1014	250	135	135.000
CT	1013	226	117	117.000
CT	1012	235	141	141.000
CT	1011	202	104	104.000
CT	1010	237	107	107.000
CT	1009	254	143	143.000
CT	1008	264	154	154.000
CT	1007	252	153	153.000
CT	1006	260	164	164.000
CT	1005	243	117	117.000
CT	1004	266	174	174.000
CT	1003	237	158	158.000
CT	1002	217	145	145.000
CT	1001	236	153	153.000
CT	1000	232	136	136.000
CT	999	242	125	125.000
CT	998	238	140	140.000
CT	997	256	167	167.000
CT	996	241	143	143.000
CT	995	235	123	123.000
CT	994	250	152	152.000
CT	993	238	140	140.000
CT	992	239	115	115.000
CT	991	260	163	163.000
CT	990	229	140	140.000
CT	989	249	158	158.000
CT	988	227	153	153.000
CT	987	233	154	154.000
CT	986	240	141	141.000
CT	985	220	160	160.000
CT	984	247	155	155.000
CT	983	223	152	152.000
CT	982	232	142	142.000
CT	981	240	148	148.000
CT	980	215	135	135.000
CT	979	268	185	185.000
CT	978	245	152	152.000
CT	977	208	131	131.000
CT	976	212	145	145.000
CT	975	243	158	158.000
CT	974	220	165	165.000
CT	973	260	167	167.000
CT	972	239	203	203.000
CT	971	226	163	163.000
CT	970	233	166	166.000
CT	969	231	176	176.000
CT	968	251	176	176.000
CT	967	250	164	164.000
CT	966	223	172	172.000
CT	965	238	163	163.000
CT	964	246	166	166.000
CT	963	224	159	159.000
CT	962	245	154	154.000
CT	961	253	157	157.000
CT	960	223	126	126.000
CT	959	220	161	161.000
CT	958	209	145	145.000
CT	957	255	147	147.000
CT	956	265	171	171.000
CT	955	257	194	194.000
CT	954	236	152	152.000
CT	953	249	196	196.000
CT	952	226	132	132.000
CT	951	258	153	153.000
CT	950	258	175	175.000
CT	949	238	177	177.000
CT	948	261	186	186.000
CT	947	235	179	179.000
CT	946	229	167	167.000
CT	945	253	189	189.000
CT	944	236	161	161.000
CT	943	230	145	145.000
CT	942	232	158	158.000
CT	941	234	180	180.000
CT	940	224	144	144.000
CT	939	209	159	159.000
CT	938	228	135	135.000
CT	937	213	143	143.000
CT	936	238	145	145.000
CT	935	251	196	196.000
CT	934	229	132	132.000
CT	933	214	154	154.000
CT	932	228	179	179.000
CT	931	226	169	169.000
CT	930	215	165	165.000
CT	929	219	163	163.000
CT	928	228	185	185.000
CT	927	245	172	172.000
CT	926	246	178	178.000
CT	925	249	189	189.000
CT	924	223	142	142.000
CT	923	205	142	142.000
CT	922	224	166	166.000
CT	921	251	189	189.000
CT	920	247	202	202.000
CT	919	270	205	205.000
CT	918	238	198	198.000
CT	917	225	167	167.000
CT	916	234	210	210.000
CT	915	240	178	178.000
CT	914	223	168	168.000
CT	913	221	183	183.000
CT	912	249	213	213.000
CT	911	227	169	169.000
CT	910	259	224	224.000
CT	909	235	197	197.000
CT	908	255	203	203.000
CT	907	231	193	193.000
CT	906	241	227	227.000
CT	905	239	213	213.000
CT	904	232	182	182.000
CT	903	260	197	197.000
CT	902	274	214	214.000
CT	901	267	227	227.000
CT	900	254	183	183.000
CT	899	270	226	226.000
CT	898	256	214	214.000
CT	897	238	200	200.000
CT	896	281	255	255.000
CT	895	263	215	215.000
CT	894	220	171	171.000
CT	893	255	212	212.000
CT	892	254	211	211.000
CT	891	279	220	220.000
CT	890	238	176	176.000
CT	889	253	214	214.000
CT	888	263	237	237.000
CT	887	248	170	170.000
CT	886	288	203	203.000
CT	885	263	234	234.000
CT	884	252	221	221.000
CT	883	257	216	216.000
CT	882	254	219	219.000
CT	881	264	239	239.000
CT	880	242	205	205.000
CT	879	275	249	249.000
CT	878	280	245	245.000
CT	877	271	242	242.000
CT	876	275	218	218.000
CT	875	239	196	196.000
CT	874	285	247	247.000
CT	873	283	241	241.000
CT	872	256	225	225.000
CT	871	270	213	213.000
CT	870	264	221	221.000
CT	869	276	262	262.000
CT	868	285	261	261.000
CT	867	281	261	261.000
CT	866	274	210	210.000
CT	865	281	254	254.000
CT	864	297	273	273.000
CT	863	281	243	243.000
CT	862	272	225	225.000
CT	861	290	253	253.000
CT	860	302	273	273.000
CT	859	334	288	288.000
CT	858	340	317	317.000
CT	857	316	281	281.000
CT	856	315	275	275.000
CT	855	325	246	246.000
CT	854	289	232	232.000
CT	853	315	306	306.000
CT	852	320	292	292.000
CT	851	313	273	273.000
CT	850	306	252	252.000
CT	849	334	268	268.000
CT	848	336	291	291.000
CT	847	329	294	294.000
CT	846	333	275	275.000
CT	845	365	290	290.000
CT	844	348	296	296.000
CT	843	382	303	303.000
CT	842	386	331	331.000
CT	841	367	324	324.000
CT	840	412	355	355.000
CT	839	395	335	335.000
CT	838	380	327	327.000
CT	837	400	387	387.000
CT	836	360	341	341.000
CT	835	370	304	304.000
CT	834	393	357	357.000
CT	833	370	332	332.000
CT	832	398	355	355.000
CT	831	409	358	358.000
CT	830	396	373	373.000
CT	829	362	320	320.000
CT	828	391	350	350.000
CT	827	381	350	350.000
CT	826	393	343	343.000
CT	825	405	365	365.000
CT	824	428	396	396.000
CT	823	428	400	400.000
CT	822	366	330	330.000
CT	821	439	399	399.000
CT	820	421	368	368.000
CT	819	420	385	385.000
CT	818	404	369	369.000
CT	817	401	375	375.000
CT	816	449	415	415.000
CT	815	470	449	449.000
CT	814	422	381	381.000
CT	813	424	394	394.000
CT	812	442	416	416.000
CT	811	388	354	354.000
CT	810	414	383	383.000
CT	809	448	413	413.000
CT	808	455	449	449.000
CT	807	472	435	435.000
CT	806	498	490	490.000
CT	805	508	482	482.000
CT	804	459	447	447.000
CT	803	497	464	464.000
CT	802	480	443	443.000
CT	801	493	441	441.000
CT	800	578	544	544.000
CT	799	479	466	466.000
CT	798	539	530	530.000
CT	797	518	511	511.000
CT	796	537	500	500.000
CT	795	595	553	553.000
CT	794	573	547	547.000
CT	793	556	538	538.000
CT	792	633	611	611.000
CT	791	663	626	626.000
CT	790	608	602	602.000
CT	789	610	611	611.000
CT	788	639	608	608.000
CT	787	667	676	676.000
CT	786	657	653	653.000
CT	785	639	609	609.000
CT	784	673	659	659.000
CT	783	678	649	649.000
CT	782	771	768	768.000
CT	781	712	687	687.000
CT	780	717	692	692.000
CT	779	811	791	791.000
CT	778	706	680	680.000
CT	777	741	750	750.000
CT	776	766	751	751.000
CT	775	742	733	733.000
CT	774	765	744	744.000
CT	773	767	764	764.000
CT	772	813	810	810.000
CT	771	817	827	827.000
CT	770	849	842	842.000
CT	769	836	832	832.000
CT	768	868	868	868.000
CT	767	881	883	883.000
CT	766	902	877	877.000
CT	765	864	850	850.000
CT	764	946	937	937.000
CT	763	911	887	887.000
CT	762	934	922	922.000
CT	761	992	1005	1005.000
CT	760	981	969	969.000
CT	759	1053	1048	1048.000
CT	758	1032	1031	1031.000
CT	757	1059	1041	1041.000
CT	756	1088	1078	1078.000
CT	755	1072	1064	1064.000
CT	754	1101	1107	1107.000
CT	753	1189	1177	1177.000
CT	752	1180	1165	1165.000
CT	751	1189	1200	1200.000
CT	750	1184	1191	1191.000
CT	749	1237	1235	1235.000
CT	748	1273	1257	1257.000
CT	747	1209	1225	1225.000
CT	746	1238	1250	1250.000
CT	745	1279	1261	1261.000
CT	744	1315	1308	1308.000
CT	743	1358	1338	1338.000
CT	742	1401	1381	1381.000
CT	741	1366	1373	1373.000
CT	740	1461	1450	1450.000
CT	739	1399	1408	1408.000
CT	738	1403	1415	1415.000
CT	737	1510	1516	1516.000
CT	736	1424	1424	1424.000
CT	735	1449	1461	1461.000
CT	734	1519	1526	1526.000
CT	733	1602	1596	1596.000
CT	732	1550	1558	1558.000
CT	731	1509	1522	1522.000
CT	730	1592	1607	1607.000
CT	729	1672	1697	1697.000
CT	728	1680	1696	1696.000
CT	727	1645	1634	1634.000
CT	726	1689	1666	1666.000
CT	725	1648	1670	1670.000
CT	724	1777	1809	1809.000
CT	723	1667	1671	1671.000
CT	722	1813	1829	1829.000
CT	721	1845	1851	1851.000
CT	720	1793	1826	1826.000
CT	719	1842	1834	1834.000
CT	718	1831	1833	1833.000
CT	717	1935	1965	1965.000
CT	716	1941	1949	1949.000
CT	715	1912	1945	1945.000
CT	714	2061	2067	2067.000
CT	713	2069	2087	2087.000
CT	712	2056	2080	2080.000
CT	711	2022	2044	2044.000
CT	710	2160	2181	2181.000
CT	709	2167	2202	2202.000
CT	708	2182	2221	2221.000
CT	707	2217	2232	2232.000
CT	706	2259	2288	2288.000
CT	705	2324	2346	2346.000
CT	704	2329	2358	2358.000
CT	703	2282	2310	2310.000
CT	702	2378	2395	2395.000
CT	701	2324	2347	2347.000
CT	700	2495	2516	2516.000
CT	699	2408	2431	2431.000
CT	698	2440	2469	2469.000
CT	697	2432	2442	2442.000
CT	696	2535	2563	2563.000
CT	695	2575	2573	2573.000
CT	694	2561	2594	2594.000
CT	693	2695	2714	2714.000
CT	692	2742	2754	2754.000
CT	691	2858	2880	2880.000
CT	690	2826	2853	2853.000
CT	689	2836	2872	2872.000
CT	688	2882	2911	2911.000
CT	687	3064	3109	3109.000
CT	686	3004	3021	3021.000
CT	685	3185	3217	3217.000
CT	684	3013	3034	3034.000
CT	683	3103	3126	3126.000
CT	682	3142	3178	3178.000
CT	681	3193	3233	3233.000
CT	680	3311	3336	3336.000
CT	679	3246	3282	3282.000
CT	678	3417	3439	3439.000
CT	677	3453	3500	3500.000
CT	676	3387	3431	3431.000
CT	675	3545	3567	3567.000
CT	674	3588	3604	3604.000
CT	673	3694	3717	3717.000
CT	672	3735	3755	3755.000
CT	671	3776	3791	3791.000
CT	670	3809	3817	3817.000
CT	669	3919	3927	3927.000
CT	668	3910	3929	3929.000
CT	667	3989	4014	4014.000
CT	666	3925	3940	3940.000
CT	665	4049	4085	4085.000
CT	664	4220	4241	4241.000
CT	663	4193	4225	4225.000
CT	662	4196	4239	4239.000
CT	661	4268	4290	4290.000
CT	660	4421	4438	4438.000
CT	659	4243	4274	4274.000
CT	658	4406	4430	4430.000
CT	657	4417	4450	4450.000
CT	656	4526	4566	4566.000
CT	655	4465	4497	4497.000
CT	654	4511	4562	4562.000
CT	653	4450	4479	4479.000
CT	652	4722	4770	4770.000
CT	651	4813	4858	4858.000
CT	650	4691	4725	4725.000
CT	649	4903	4942	4942.000
CT	648	4914	4951	4951.000
CT	647	5000	5048	5048.000
CT	646	4996	5033	5033.000
CT	645	5079	5112	5112.000
CT	644	5151	5191	5191.000
CT	643	5115	5156	5156.000
CT	642	5188	5235	5235.000
CT	641	5326	5382	5382.000
CT	640	5255	5297	5297.000
CT	639	5611	5655	5655.000
CT	638	5401	5422	5422.000
CT	637	5586	5626	5626.000
CT	636	5542	5577	5577.000
CT	635	5596	5632	5632.000
CT	634	5618	5650	5650.000
CT	633	5805	5846	5846.000
CT	632	5685	5728	5728.000
CT	631	5922	5959	5959.000
CT	630	5919	5950	5950.000
CT	629	5985	6032	6032.000
CT	628	6002	6047	6047.000
CT	627	6126	6159	6159.000
CT	626	6252	6298	6298.000
CT	625	6240	6286	6286.000
CT	624	6244	6282	6282.000
CT	623	6357	6406	6406.000
CT	622	6429	6484	6484.000
CT	621	6463	6511	6511.000
CT	620	6594	6632	6632.000
CT	619	6723	6761	6761.000
CT	618	6777	6824	6824.000
CT	617	6907	6952	6952.000
CT	616	6590	6617	6617.000
CT	615	6888	6919	6919.000
CT	614	6986	7034	7034.000
CT	613	7094	7134	7134.000
CT	612	7057	7100	7100.000
CT	611	7225	7279	7279.000
CT	610	7356	7395	7395.000
CT	609	7223	7267	7267.000
CT	608	7332	7381	7381.000
CT	607	7256	7297	7297.000
CT	606	7417	7448	7448.000
CT	605	7301	7343	7343.000
CT	604	7475	7512	7512.000
CT	603	7614	7651	7651.000
CT	602	7567	7611	7611.000
CT	601	7578	7616	7616.000
CT	600	7536	7574	7574.000
CT	599	7746	7801	7801.000
CT	598	7840	7885	7885.000
CT	597	7768	7828	7828.000
CT	596	8095	8136	8136.000
CT	595	7887	7948	7948.000
CT	594	7931	7981	7981.000
CT	593	8072	8123	8123.000
CT	592	8156	8210	8210.000
CT	591	8250	8287	8287.000
CT	590	8249	8296	8296.000
CT	589	8389	8444	8444.000
CT	588	8334	8382	8382.000
CT	587	8501	8551	8551.000
CT	586	8476	8543	8543.000
CT	585	8591	8636	8636.000
CT	584	8461	8505	8505.000
CT	583	8781	8830	8830.000
CT	582	8546	8587	8587.000
CT	581	8701	8746	8746.000
CT	580	8858	8890	8890.000
CT	579	8872	8912	8912.000
CT	578	8984	9038	9038.000
CT	577	9157	9186	9186.000
CT	576	8978	9013	9013.000
CT	575	9068	9125	9125.000
CT	574	9090	9135	9135.000
CT	573	9111	9153	9153.000
CT	572	9216	9262	9262.000
CT	571	9321	9357	9357.000
CT	570	9334	9375	9375.000
CT	569	9306	9352	9352.000
CT	568	9596	9634	9634.000
CT	567	9538	9584	9584.000
CT	566	9547	9602	9602.000
CT	565	9332	9364	9364.000
CT	564	9559	9609	9609.000
CT	563	9741	9779	9779.000
CT	562	9649	9683	9683.000
CT	561	9899	9944	9944.000
CT	560	9888	9927	9927.000
CT	559	9923	9950	9950.000
CT	558	10031	10067	10067.000
CT	557	9915	9939	9939.000
CT	556	10002	10025	10025.000
CT	555	10393	10419	10419.000
CT	554	10198	10218	10218.000
CT	553	10503	10528	10528.000
CT	552	10474	10503	10503.000
CT	551	10486	10504	10504.000
CT	550	10408	10430	10430.000
CT	549	10537	10571	10571.000
CT	548	10478	10508	10508.000
CT	547	10391	10418	10418.000
CT	546	10655	10680	10680.000
CT	545	10690	10719	10719.000
CT	544	10636	10668	10668.000
CT	543	10403	10444	10444.000
CT	542	10732	10761	10761.000
CT	541	10649	10679	10679.000
CT	540	10727	10764	10764.000
CT	539	10754	10782	10782.000
CT	538	10747	10778	10778.000
CT	537	10775	10802	10802.000
CT	536	10951	10981	10981.000
CT	535	10857	10889	10889.000
CT	534	10913	10940	10940.000
CT	533	11056	11076	11076.000
CT	532	10960	10990	10990.000
CT	531	10993	11031	11031.000
CT	530	11140	11164	11164.000
CT	529	11015	11040	11040.000
CT	528	11201	11232	11232.000
CT	527	11246	11282	11282.000
CT	526	11265	11285	11285.000
CT	525	11233	11250	11250.000
CT	524	11593	11621	11621.000
CT	523	11650	11670	11670.000
CT	522	11329	11341	11341.000
CT	521	11482	11499	11499.000
CT	520	11678	11706	11706.000
CT	519	11748	11767	11767.000
CT	518	11694	11715	11715.000
CT	517	11631	11637	11637.000
CT	516	11558	11571	11571.000
CT	515	11818	11838	11838.000
CT	514	11795	11807	11807.000
CT	513	11758	11782	11782.000
CT	512	12062	12074	12074.000
CT	511	12182	12198	12198.000
CT	510	12274	12284	12284.000
CT	509	12217	12232	12232.000
CT	508	12248	12272	12272.000
CT	507	12356	12384	12384.000
CT	506	12273	12286	12286.000
CT	505	12290	12305	12305.000
CT	504	12354	12382	12382.000
CT	503	12382	12398	12398.000
CT	502	12635	12648	12648.000
CT	501	12607	12629	12629.000
CT	500	12547	12560	12560.000
CT	499	12567	12590	12590.000
CT	498	12595	12619	12619.000
CT	497	12844	12869	12869.000
CT	496	12713	12737	12737.000
CT	495	12787	12822	12822.000
CT	494	12672	12694	12694.000
CT	493	12952	12966	12966.000
CT	492	12829	12849	12849.000
CT	491	13058	13093	13093.000
CT	490	12832	12856	12856.000
CT	489	12970	12989	12989.000
CT	488	13008	13032	13032.000
CT	487	13039	13067	13067.000
CT	486	13299	13321	13321.000
CT	485	13129	13156	13156.000
CT	484	13201	13228	13228.000
CT	483	12951	12975	12975.000
CT	482	13261	13285	13285.000
CT	481	13208	13235	13235.000
CT	480	13100	13125	13125.000
CT	479	13276	13304	13304.000
CT	478	13337	13366	13366.000
CT	477	13185	13215	13215.000
CT	476	13319	13352	13352.000
CT	475	13401	13415	13415.000
CT	474	13312	13333	13333.000
CT	473	13426	13447	13447.000
CT	472	13414	13429	13429.000
CT	471	13428	13440	13440.000
CT	470	13583	13605	13605.000
CT	469	13529	13552	13552.000
CT	468	13384	13395	13395.000
CT	467	13631	13655	13655.000
CT	466	13693	13712	13712.000
CT	465	13665	13679	13679.000
CT	464	13805	13828	13828.000
CT	463	13860	13884	13884.000
CT	462	14097	14116	14116.000
CT	461	13782	13805	13805.000
CT	460	14031	14051	14051.000
CT	459	13777	13793	13793.000
CT	458	13844	13855	13855.000
CT	457	14093	14101	14101.000
CT	456	14220	14234	14234.000
CT	455	14244	14262	14262.000
CT	454	14124	14143	14143.000
CT	453	14006	14024	14024.000
CT	452	14185	14201	14201.000
CT	451	14355	14377	14377.000
CT	450	14204	14223	14223.000
CT	449	14281	14292	14292.000
CT	448	14340	14349	14349.000
CT	447	14427	14442	14442.000
CT	446	14595	14616	14616.000
CT	445	14365	14381	14381.000
CT	444	14581	14591	14591.000
CT	443	14860	14874	14874.000
CT	442	14694	14708	14708.000
CT	441	14732	14743	14743.000
CT	440	14406	14413	14413.000
CT	439	14975	14979	14979.000
CT	438	14855	14860	14860.000
CT	437	14813	14815	14815.000
CT	436	15076	15077	15077.000
CT	435	14948	14966	14966.000
CT	434	14909	14909	14909.000
CT	433	15298	15309	15309.000
CT	432	15147	15157	15157.000
CT	431	15038	15046	15046.000
CT	430	14933	14940	14940.000
CT	429	14922	14929	14929.000
CT	428	14916	14931	14931.000
CT	427	14969	14975	14975.000
CT	426	15263	15274	15274.000
CT	425	15180	15188	15188.000
CT	424	15271	15279	15279.000
CT	423	15150	15161	15161.000
CT	422	15547	15550	15550.000
CT	421	15563	15564	15564.000
CT	420	15446	15456	15456.000
CT	419	15438	15441	15441.000
CT	418	15337	15337	15337.000
CT	417	15325	15329	15329.000
CT	416	15239	15243	15243.000
CT	415	15340	15342	15342.000
CT	414	15330	15329	15329.000
CT	413	15672	15672	15672.000
CT	412	15411	15411	15411.000
CT	411	15746	15750	15750.000
CT	410	15790	15794	15794.000
CT	409	15636	15637	15637.000
CT	408	15666	15664	15664.000
CT	407	15903	15899	15899.000
CT	406	15948	15945	15945.000
CT	405	15878	15882	15882.000
CT	404	15914	15920	15920.000
CT	403	15740	15751	15751.000
CT	402	15737	15745	15745.000
CT	401	16092	16108	16108.000
CT	400	16075	16085	16085.000
CT	399	16012	16020	16020.000
CT	398	16104	16117	16117.000
CT	397	16026	16037	16037.000
CT	396	16108	16117	16117.000
CT	395	15981	15991	15991.000
CT	394	16007	16017	16017.000
CT	393	16170	16186	16186.000
CT	392	15842	15845	15845.000
CT	391	15769	15780	15780.000
CT	390	15763	15779	15779.000
CT	389	15937	15950	15950.000
CT	388	16060	16081	16081.000
CT	387	16243	16255	16255.000
CT	386	16006	16024	16024.000
CT	385	16090	16096	16096.000
CT	384	15654	15665	15665.000
CT	383	15844	15849	15849.000
CT	382	15841	15844	15844.000
CT	381	15725	15730	15730.000
CT	380	15681	15683	15683.000
CT	379	15871	15873	15873.000
CT	378	16011	16017	16017.000
CT	377	16057	16059	16059.000
CT	376	15822	15825	15825.000
CT	375	16203	16208	16208.000
CT	374	15948	15949	15949.000
CT	373	15820	15822	15822.000
CT	372	15598	15601	15601.000
CT	371	15615	15625	15625.000
CT	370	15575	15581	15581.000
CT	369	15592	15591	15591.000
CT	368	15470	15471	15471.000
CT	367	15685	15690	15690.000
CT	366	15686	15691	15691.000
CT	365	15578	15571	15571.000
CT	364	15545	15550	15550.000
CT	363	15605	15614	15614.000
CT	362	15658	15663	15663.000
CT	361	15723	15732	15732.000
CT	360	15568	15576	15576.000
CT	359	15462	15471	15471.000
CT	358	15551	15557	15557.000
CT	357	15660	15674	15674.000
CT	356	15693	15701	15701.000
CT	355	15505	15513	15513.000
CT	354	15593	15602	15602.000
CT	353	15980	15987	15987.000
CT	352	15869	15874	15874.000
CT	351	15803	15820	15820.000
CT	350	15694	15697	15697.000
CT	349	15792	15802	15802.000
CT	348	15798	15808	15808.000
CT	347	15949	15961	15961.000
CT	346	15736	15748	15748.000
CT	345	15766	15780	15780.000
CT	344	15812	15820	15820.000
CT	343	15883	15891	15891.000
CT	342	15821	15827	15827.000
CT	341	15790	15796	15796.000
CT	340	15968	15969	15969.000
CT	339	16060	16067	16067.000
CT	338	16003	16012	16012.000
CT	337	15820	15827	15827.000
CT	336	15851	15855	15855.000
CT	335	15960	15966	15966.000
CT	334	15751	15756	15756.000
CT	333	16072	16081	16081.000
CT	332	15851	15858	15858.000
CT	331	15876	15876	15876.000
CT	330	16090	16089	16089.000
CT	329	15893	15893	15893.000
CT	328	15903	15908	15908.000
CT	327	15620	15627	15627.000
CT	326	15689	15688	15688.000
CT	325	15691	15696	15696.000
CT	324	15427	15437	15437.000
CT	323	15609	15611	15611.000
CT	322	15639	15641	15641.000
CT	321	15738	15737	15737.000
CT	320	15411	15406	15406.000
CT	319	15483	15474	15474.000
CT	318	15393	15382	15382.000
CT	317	15562	15555	15555.000
CT	316	15548	15549	15549.000
CT	315	15434	15439	15439.000
CT	314	15182	15176	15176.000
CT	313	15217	15206	15206.000
CT	312	15487	15488	15488.000
CT	311	15344	15338	15338.000
CT	310	15424	15417	15417.000
CT	309	15582	15576	15576.000
CT	308	15484	15477	15477.000
CT	307	15542	15538	15538.000
CT	306	15536	15533	15533.000
CT	305	15661	15653	15653.000
CT	304	15789	15788	15788.000
CT	303	15905	15896	15896.000
CT	302	15596	15595	15595.000
CT	301	15682	15675	15675.000
CT	300	15627	15623	15623.000
CT	299	15702	15702	15702.000
CT	298	15630	15630	15630.000
CT	297	15604	15602	15602.000
CT	296	15620	15624	15624.000
CT	295	15512	15512	15512.000
CT	294	15483	15480	15480.000
CT	293	15657	15661	15661.000
CT	292	15846	15844	15844.000
CT	291	15607	15611	15611.000
CT	290	15204	15204	15204.000
CT	289	15508	15506	15506.000
CT	288	15712	15713	15713.000
CT	287	15475	15475	15475.000
CT	286	15530	15533	15533.000
CT	285	15291	15296	15296.000
CT	284	15260	15260	15260.000
CT	283	15413	15412	15412.000
CT	282	15062	15072	15072.000
CT	281	15179	15189	15189.000
CT	280	15147	15156	15156.000
CT	279	14977	14983	14983.000
CT	278	15179	15194	15194.000
CT	277	15191	15189	15189.000
CT	276	15029	15045	15045.000
CT	275	14979	14996	14996.000
CT	274	15010	15019	15019.000
CT	273	15090	15101	15101.000
CT	272	14774	14784	14784.000
CT	271	15003	15020	15020.000
CT	270	14730	14734	14734.000
CT	269	14749	14761	14761.000
CT	268	14761	14767	14767.000
CT	267	14606	14612	14612.000
CT	266	14520	14534	14534.000
CT	265	14378	14392	14392.000
CT	264	14521	14527	14527.000
CT	263	14266	14275	14275.000
CT	262	14135	14149	14149.000
CT	261	14069	14074	14074.000
CT	260	13967	13976	13976.000
CT	259	14112	14121	14121.000
CT	258	13738	13751	13751.000
CT	257	13906	13921	13921.000
CT	256	13886	13894	13894.000
CT	255	13296	13302	13302.000
CT	254	13402	13400	13400.000
CT	253	13571	13564	13564.000
CT	252	13235	13232	13232.000
CT	251	13071	13068	13068.000
CT	250	13116	13117	13117.000
CT	249	13049	13043	13043.000
CT	248	12916	12912	12912.000
CT	247	12758	12753	12753.000
CT	246	12451	12448	12448.000
CT	245	12563	12558	12558.000
CT	244	12477	12471	12471.000
CT	243	12287	12283	12283.000
CT	242	12161	12152	12152.000
CT	241	12075	12073	12073.000
CT	240	11859	11856	11856.000
CT	239	12137	12134	12134.000
CT	238	11713	11707	11707.000
CT	237	11531	11522	11522.000
CT	236	11485	11477	11477.000
CT	235	11431	11422	11422.000
CT	234	11291	11288	11288.000
CT	233	11234	11227	11227.000
CT	232	11013	11007	11007.000
CT	231	10708	10695	10695.000
CT	230	10571	10562	10562.000
CT	229	10303	10294	10294.000
CT	228	10066	10059	10059.000
CT	227	9957	9950	9950.000
CT	226	9844	9835	9835.000
CT	225	9548	9543	9543.000
CT	224	9431	9419	9419.000
CT	223	9293	9283	9283.000
CT	222	9328	9327	9327.000
CT	221	8901	8891	8891.000
CT	220	8663	8656	8656.000
CT	219	8594	8594	8594.000
CT	218	8398	8399	8399.000
CT	217	8342	8336	8336.000
CT	216	8197	8189	8189.000
CT	215	7744	7738	7738.000
CT	214	7644	7643	7643.000
CT	213	7434	7427	7427.000
CT	212	7472	7463	7463.000
CT	211	7388	7368	7368.000
CT	210	7058	7048	7048.000
CT	209	6888	6872	6872.000
CT	208	6523	6515	6515.000
CT	207	6205	6204	6204.000
CT	206	6247	6241	6241.000
CT	205	5924	5920	5920.000
CT	204	5904	5892	5892.000
CT	203	5711	5702	5702.000
CT	202	5780	5769	5769.000
CT	201	5549	5531	5531.000
CT	200	5484	5473	5473.000
CT	199	5368	5356	5356.000
CT	198	5089	5080	5080.000
CT	197	4979	4969	4969.000
CT	196	4760	4749	4749.000
CT	195	4715	4705	4705.000
CT	194	4744	4738	4738.000
CT	193	4507	4504	4504.000
CT	192	4282	4275	4275.000
CT	191	4015	4007	4007.000
CT	190	4061	4053	4053.000
CT	189	3822	3803	3803.000
CT	188	3629	3622	3622.000
CT	187	3524	3513	3513.000
CT	186	3408	3387	3387.000
CT	185	3143	3123	3123.000
CT	184	3154	3133	3133.000
CT	183	2998	2985	2985.000
CT	182	2833	2821	2821.000
CT	181	2846	2833	2833.000
CT	180	2694	2669	2669.000
CT	179	2586	2559	2559.000
CT	178	2578	2557	2557.000
CT	177	2408	2383	2383.000
CT	176	2462	2440	2440.000
CT	175	2276	2260	2260.000
CT	174	2385	2366	2366.000
CT	173	2255	2224	2224.000
CT	172	2065	2048	2048.000
CT	171	1988	1975	1975.000
CT	170	1902	1874	1874.000
CT	169	1797	1779	1779.000
CT	168	1751	1715	1715.000
CT	167	1705	1662	1662.000
CT	166	1609	1585	1585.000
CT	165	1632	1614	1614.000
CT	164	1499	1485	1485.000
CT	163	1527	1504	1504.000
CT	162	1435	1407	1407.000
CT	161	1377	1356	1356.000
CT	160	1355	1333	1333.000
CT	159	1271	1251	1251.000
CT	158	1195	1181	1181.000
CT	157	1167	1142	1142.000
CT	156	1089	1066	1066.000
CT	155	1088	1056	1056.000
CT	154	1034	1006	1006.000
CT	153	1011	971	971.000
CT	152	875	849	849.000
CT	151	896	854	854.000
CT	150	811	776	776.000
CT	149	748	723	723.000
CT	148	723	691	691.000
CT	147	744	714	714.000
CT	146	678	639	639.000
CT	145	741	694	694.000
CT	144	613	579	579.000
CT	143	657	622	622.000
CT	142	599	568	568.000
CT	141	545	508	508.000
CT	140	542	518	518.000
CT	139	480	452	452.000
CT	138	481	447	447.000
CT	137	484	436	436.000
CT	136	411	361	361.000
CT	135	388	345	345.000
CT	134	383	331	331.000
CT	133	379	324	324.000
CT	132	360	302	302.000
CT	131	333	285	285.000
CT	130	356	294	294.000
CT	129	342	294	294.000
CT	128	330	276	276.000
CT	127	291	238	238.000
CT	126	285	236	236.000
CT	125	291	235	235.000
CT	124	263	209	209.000
CT	123	279	222	222.000
CT	122	259	187	187.000
CT	121	262	198	198.000
CT	120	216	163	163.000
CT	119	238	160	160.000
CT	118	223	157	157.000
CT	117	202	126	126.000
CT	116	181	106	106.000
CT	115	179	119	119.000
CT	114	186	110	110.000
CT	113	170	93	93.000
CT	112	155	93	93.000
CT	111	163	90	90.000
CT	110	185	108	108.000
CT	109	169	89	89.000
CT	108	145	65	65.000
CT	107	163	75	75.000
CT	106	170	73	73.000
CT	105	167	83	83.000
CT	104	130	58	58.000
CT	103	184	69	69.000
CT	102	157	58	58.000
CT	101	150	48	48.000
CT	100	202	86	86.000
CT	99	167	55	55.000
CT	98	187	60	60.000
CT	97	224	82	82.000
CT	96	197	69	69.000
CT	95	186	70	70.000
CT	94	196	59	59.000
CT	93	199	77	77.000
CT	92	222	51	51.000
CT	91	185	41	41.000
CT	90	215	42	42.000
CT	89	223	50	50.000
CT	88	196	34	34.000
CT	87	204	40	40.000
CT	86	187	34	34.000
CT	85	186	44	44.000
CT	84	195	34	34.000
CT	83	193	45	45.000
CT	82	236	42	42.000
CT	81	241	39	39.000
CT	80	272	34	34.000
CT	79	260	43	43.000
CT	78	224	41	41.000
CT	77	270	27	27.000
CT	76	323	29	29.000
CT	75	348	26	26.000
CT	74	316	34	34.000
CT	73	353	43	43.000
CT	72	322	28	28.000
CT	71	330	39	39.000
CT	70	368	44	44.000
CT	69	380	37	37.000
CT	68	373	26	26.000
CT	67	427	27	27.000
CT	66	435	29	29.000
CT	65	449	22	22.000
CT	64	453	21	21.000
CT	63	484	28	28.000
CT	62	436	13	13.000
CT	61	467	22	22.000
CT	60	509	25	25.000
CT	59	565	45	45.000
CT	58	598	35	35.000
CT	57	660	50	50.000
CT	56	633	36	36.000
CT	55	754	32	32.000
CT	54	757	34	34.000
CT	53	867	38	38.000
CT	52	940	29	29.000
CT	51	939	12	12.000
CT	50	965	17	17.000
CT	49	1044	22	22.000
CT	48	1147	22	22.000
CT	47	1156	17	17.000
CT	46	1420	32	31.999
CT	45	1520	33	32.999
CT	44	1550	19	18.999
CT	43	1681	20	19.999
CT	42	1672	14	13.999
CT	41	1797	15	14.999
CT	40	2050	13	12.999
CT	39	2271	6	5.999
CT	38	2434	20	19.999
CT	37	2502	19	18.999
CT	36	2574	21	20.999
CT	35	2875	21	20.999
CT	34	3286	9	8.999
CT	33	3430	18	17.999
CT	32	3963	17	16.999
CT	31	4326	27	26.998
CT	30	4856	28	27.998
CT	29	5227	40	39.998
CT	28	5996	50	49.998
CT	27	6866	23	22.997
CT	26	7838	15	14.997
CT	25	8806	18	17.997
CT	24	10357	12	11.996
CT	23	11790	5	4.996
CT	22	13214	10	9.995
CT	21	15591	17	16.994
CT	20	18037	13	12.993
CT	19	21408	21	20.992
CT	18	25824	15	14.990
CT	17	30909	12	11.988
CT	16	38445	29	28.986
CT	15	46155	19	18.983
CT	14	57612	32	31.978
CT	13	72124	30	29.973
CT	12	91920	16	15.965
CT	11	119540	34	33.955
CT	10	157780	13	12.940
CT	9	218207	7	6.918
CT	8	311476	5	4.883
CT	7	464208	31	30.825
CT	6	741129	22	21.720
CT	5	1327512	3	2.499
CT	4	2769518	2	0.955
CT	3	6961912	10	0.158
CT	2	23977391	10	0.021
CT	1	0	0	0.002
CT	0	0	431	0.000
FR	3.77e-07	4.17e-07
ER	6230263	453.334
CV	1.001
QV	56.514	56.294
