HS	1023	0	88893	88893
HS	1022	0	242	89135
HS	1021	0	223	89358
HS	1020	0	208	89566
HS	1019	0	226	89792
HS	1018	0	209	90001
HS	1017	0	229	90230
HS	1016	0	244	90474
HS	1015	0	253	90727
HS	1014	0	250	90977
HS	1013	0	226	91203
HS	1012	0	235	91438
HS	1011	0	202	91640
HS	1010	0	237	91877
HS	1009	0	254	92131
HS	1008	0	264	92395
HS	1007	0	252	92647
HS	1006	0	260	92907
HS	1005	0	243	93150
HS	1004	0	266	93416
HS	1003	0	237	93653
HS	1002	0	217	93870
HS	1001	0	236	94106
HS	1000	0	232	94338
HS	999	0	242	94580
HS	998	0	238	94818
HS	997	0	256	95074
HS	996	0	241	95315
HS	995	0	235	95550
HS	994	0	250	95800
HS	993	0	238	96038
HS	992	0	239	96277
HS	991	0	260	96537
HS	990	0	229	96766
HS	989	0	249	97015
HS	988	0	227	97242
HS	987	0	233	97475
HS	986	0	240	97715
HS	985	0	220	97935
HS	984	0	247	98182
HS	983	0	223	98405
HS	982	0	232	98637
HS	981	0	240	98877
HS	980	0	215	99092
HS	979	0	268	99360
HS	978	0	245	99605
HS	977	0	208	99813
HS	976	0	212	100025
HS	975	0	243	100268
HS	974	0	220	100488
HS	973	0	260	100748
HS	972	0	239	100987
HS	971	0	226	101213
HS	970	0	233	101446
HS	969	0	231	101677
HS	968	0	251	101928
HS	967	0	250	102178
HS	966	0	223	102401
HS	965	0	238	102639
HS	964	0	246	102885
HS	963	0	224	103109
HS	962	0	245	103354
HS	961	0	253	103607
HS	960	0	223	103830
HS	959	0	220	104050
HS	958	0	209	104259
HS	957	0	255	104514
HS	956	0	265	104779
HS	955	0	257	105036
HS	954	0	236	105272
HS	953	0	249	105521
HS	952	0	226	105747
HS	951	0	258	106005
HS	950	0	258	106263
HS	949	0	238	106501
HS	948	0	261	106762
HS	947	0	235	106997
HS	946	0	229	107226
HS	945	0	253	107479
HS	944	0	236	107715
HS	943	0	230	107945
HS	942	0	232	108177
HS	941	0	234	108411
HS	940	0	224	108635
HS	939	0	209	108844
HS	938	0	228	109072
HS	937	0	213	109285
HS	936	0	238	109523
HS	935	0	251	109774
HS	934	0	229	110003
HS	933	0	214	110217
HS	932	0	228	110445
HS	931	0	226	110671
HS	930	0	215	110886
HS	929	0	219	111105
HS	928	0	228	111333
HS	927	0	245	111578
HS	926	0	246	111824
HS	925	0	249	112073
HS	924	0	223	112296
HS	923	0	205	112501
HS	922	0	224	112725
HS	921	0	251	112976
HS	920	0	247	113223
HS	919	0	270	113493
HS	918	0	238	113731
HS	917	0	225	113956
HS	916	0	234	114190
HS	915	0	240	114430
HS	914	0	223	114653
HS	913	0	221	114874
HS	912	0	249	115123
HS	911	0	227	115350
HS	910	0	259	115609
HS	909	0	235	115844
HS	908	0	255	116099
HS	907	0	231	116330
HS	906	0	241	116571
HS	905	0	239	116810
HS	904	0	232	117042
HS	903	0	260	117302
HS	902	0	274	117576
HS	901	0	267	117843
HS	900	0	254	118097
HS	899	0	270	118367
HS	898	0	256	118623
HS	897	0	238	118861
HS	896	0	281	119142
HS	895	0	263	119405
HS	894	0	220	119625
HS	893	0	255	119880
HS	892	0	254	120134
HS	891	0	279	120413
HS	890	0	238	120651
HS	889	0	253	120904
HS	888	0	263	121167
HS	887	0	248	121415
HS	886	0	288	121703
HS	885	0	263	121966
HS	884	0	252	122218
HS	883	0	257	122475
HS	882	0	254	122729
HS	881	0	264	122993
HS	880	0	242	123235
HS	879	0	275	123510
HS	878	0	280	123790
HS	877	0	271	124061
HS	876	0	275	124336
HS	875	0	239	124575
HS	874	0	285	124860
HS	873	0	283	125143
HS	872	0	256	125399
HS	871	0	270	125669
HS	870	0	264	125933
HS	869	0	276	126209
HS	868	0	285	126494
HS	867	0	281	126775
HS	866	0	274	127049
HS	865	0	281	127330
HS	864	0	297	127627
HS	863	0	281	127908
HS	862	0	272	128180
HS	861	0	290	128470
HS	860	0	302	128772
HS	859	0	334	129106
HS	858	0	340	129446
HS	857	0	316	129762
HS	856	0	315	130077
HS	855	0	325	130402
HS	854	0	289	130691
HS	853	0	315	131006
HS	852	0	320	131326
HS	851	0	313	131639
HS	850	0	306	131945
HS	849	0	334	132279
HS	848	0	336	132615
HS	847	0	329	132944
HS	846	0	333	133277
HS	845	0	365	133642
HS	844	0	348	133990
HS	843	0	382	134372
HS	842	0	386	134758
HS	841	0	367	135125
HS	840	0	412	135537
HS	839	0	395	135932
HS	838	0	380	136312
HS	837	0	400	136712
HS	836	0	360	137072
HS	835	0	370	137442
HS	834	0	393	137835
HS	833	0	370	138205
HS	832	0	398	138603
HS	831	0	409	139012
HS	830	0	396	139408
HS	829	0	362	139770
HS	828	0	391	140161
HS	827	0	381	140542
HS	826	0	393	140935
HS	825	0	405	141340
HS	824	0	428	141768
HS	823	0	428	142196
HS	822	0	366	142562
HS	821	0	439	143001
HS	820	0	421	143422
HS	819	0	420	143842
HS	818	0	404	144246
HS	817	0	401	144647
HS	816	0	449	145096
HS	815	0	470	145566
HS	814	0	422	145988
HS	813	0	424	146412
HS	812	0	442	146854
HS	811	0	388	147242
HS	810	0	414	147656
HS	809	0	448	148104
HS	808	0	455	148559
HS	807	0	472	149031
HS	806	0	498	149529
HS	805	0	508	150037
HS	804	0	459	150496
HS	803	0	497	150993
HS	802	0	480	151473
HS	801	0	493	151966
HS	800	0	578	152544
HS	799	0	479	153023
HS	798	0	539	153562
HS	797	0	518	154080
HS	796	0	537	154617
HS	795	0	595	155212
HS	794	0	573	155785
HS	793	0	556	156341
HS	792	0	633	156974
HS	791	0	663	157637
HS	790	0	608	158245
HS	789	0	610	158855
HS	788	0	639	159494
HS	787	0	667	160161
HS	786	0	657	160818
HS	785	0	639	161457
HS	784	0	673	162130
HS	783	0	678	162808
HS	782	0	771	163579
HS	781	0	712	164291
HS	780	0	717	165008
HS	779	0	811	165819
HS	778	0	706	166525
HS	777	0	741	167266
HS	776	0	766	168032
HS	775	0	742	168774
HS	774	0	765	169539
HS	773	0	767	170306
HS	772	0	813	171119
HS	771	0	817	171936
HS	770	0	849	172785
HS	769	0	836	173621
HS	768	0	868	174489
HS	767	0	881	175370
HS	766	0	902	176272
HS	765	0	864	177136
HS	764	0	946	178082
HS	763	0	911	178993
HS	762	0	934	179927
HS	761	0	992	180919
HS	760	0	981	181900
HS	759	0	1053	182953
HS	758	0	1032	183985
HS	757	0	1059	185044
HS	756	0	1088	186132
HS	755	0	1072	187204
HS	754	0	1101	188305
HS	753	0	1189	189494
HS	752	0	1180	190674
HS	751	0	1189	191863
HS	750	0	1184	193047
HS	749	0	1237	194284
HS	748	0	1273	195557
HS	747	0	1209	196766
HS	746	0	1238	198004
HS	745	0	1279	199283
HS	744	0	1315	200598
HS	743	0	1358	201956
HS	742	0	1401	203357
HS	741	0	1366	204723
HS	740	0	1461	206184
HS	739	0	1399	207583
HS	738	0	1403	208986
HS	737	0	1510	210496
HS	736	0	1424	211920
HS	735	0	1449	213369
HS	734	0	1519	214888
HS	733	0	1602	216490
HS	732	0	1550	218040
HS	731	0	1509	219549
HS	730	0	1592	221141
HS	729	0	1672	222813
HS	728	0	1680	224493
HS	727	0	1645	226138
HS	726	0	1689	227827
HS	725	0	1648	229475
HS	724	0	1777	231252
HS	723	0	1667	232919
HS	722	0	1813	234732
HS	721	0	1845	236577
HS	720	0	1793	238370
HS	719	0	1842	240212
HS	718	0	1831	242043
HS	717	0	1935	243978
HS	716	0	1941	245919
HS	715	0	1912	247831
HS	714	0	2061	249892
HS	713	0	2069	251961
HS	712	0	2056	254017
HS	711	0	2022	256039
HS	710	0	2160	258199
HS	709	0	2167	260366
HS	708	0	2182	262548
HS	707	0	2217	264765
HS	706	0	2259	267024
HS	705	0	2324	269348
HS	704	0	2329	271677
HS	703	0	2282	273959
HS	702	0	2378	276337
HS	701	0	2324	278661
HS	700	0	2495	281156
HS	699	0	2408	283564
HS	698	0	2440	286004
HS	697	0	2432	288436
HS	696	0	2535	290971
HS	695	0	2575	293546
HS	694	0	2561	296107
HS	693	0	2695	298802
HS	692	0	2742	301544
HS	691	0	2858	304402
HS	690	0	2826	307228
HS	689	0	2836	310064
HS	688	0	2882	312946
HS	687	0	3064	316010
HS	686	0	3004	319014
HS	685	0	3185	322199
HS	684	0	3013	325212
HS	683	0	3103	328315
HS	682	0	3142	331457
HS	681	0	3193	334650
HS	680	0	3311	337961
HS	679	0	3246	341207
HS	678	0	3417	344624
HS	677	0	3453	348077
HS	676	0	3387	351464
HS	675	0	3545	355009
HS	674	0	3588	358597
HS	673	0	3694	362291
HS	672	0	3735	366026
HS	671	0	3776	369802
HS	670	0	3809	373611
HS	669	0	3919	377530
HS	668	0	3910	381440
HS	667	0	3989	385429
HS	666	0	3925	389354
HS	665	0	4049	393403
HS	664	0	4220	397623
HS	663	0	4193	401816
HS	662	0	4196	406012
HS	661	0	4268	410280
HS	660	0	4421	414701
HS	659	0	4243	418944
HS	658	0	4406	423350
HS	657	0	4417	427767
HS	656	0	4526	432293
HS	655	0	4465	436758
HS	654	0	4511	441269
HS	653	0	4450	445719
HS	652	0	4722	450441
HS	651	0	4813	455254
HS	650	0	4691	459945
HS	649	0	4903	464848
HS	648	0	4914	469762
HS	647	0	5000	474762
HS	646	0	4996	479758
HS	645	0	5079	484837
HS	644	0	5151	489988
HS	643	0	5115	495103
HS	642	0	5188	500291
HS	641	0	5326	505617
HS	640	0	5255	510872
HS	639	0	5611	516483
HS	638	0	5401	521884
HS	637	0	5586	527470
HS	636	0	5542	533012
HS	635	0	5596	538608
HS	634	0	5618	544226
HS	633	0	5805	550031
HS	632	0	5685	555716
HS	631	0	5922	561638
HS	630	0	5919	567557
HS	629	0	5985	573542
HS	628	0	6002	579544
HS	627	0	6126	585670
HS	626	0	6252	591922
HS	625	0	6240	598162
HS	624	0	6244	604406
HS	623	0	6357	610763
HS	622	0	6429	617192
HS	621	0	6463	623655
HS	620	0	6594	630249
HS	619	0	6723	636972
HS	618	0	6777	643749
HS	617	0	6907	650656
HS	616	0	6590	657246
HS	615	0	6888	664134
HS	614	0	6986	671120
HS	613	0	7094	678214
HS	612	0	7057	685271
HS	611	0	7225	692496
HS	610	0	7356	699852
HS	609	0	7223	707075
HS	608	0	7332	714407
HS	607	0	7256	721663
HS	606	0	7417	729080
HS	605	0	7301	736381
HS	604	0	7475	743856
HS	603	0	7614	751470
HS	602	0	7567	759037
HS	601	0	7578	766615
HS	600	0	7536	774151
HS	599	0	7746	781897
HS	598	0	7840	789737
HS	597	0	7768	797505
HS	596	0	8095	805600
HS	595	0	7887	813487
HS	594	0	7931	821418
HS	593	0	8072	829490
HS	592	0	8156	837646
HS	591	0	8250	845896
HS	590	0	8249	854145
HS	589	0	8389	862534
HS	588	0	8334	870868
HS	587	0	8501	879369
HS	586	0	8476	887845
HS	585	0	8591	896436
HS	584	0	8461	904897
HS	583	0	8781	913678
HS	582	0	8546	922224
HS	581	0	8701	930925
HS	580	0	8858	939783
HS	579	0	8872	948655
HS	578	0	8984	957639
HS	577	0	9157	966796
HS	576	0	8978	975774
HS	575	0	9068	984842
HS	574	0	9090	993932
HS	573	0	9111	1003043
HS	572	0	9216	1012259
HS	571	0	9321	1021580
HS	570	0	9334	1030914
HS	569	0	9306	1040220
HS	568	0	9596	1049816
HS	567	0	9538	1059354
HS	566	0	9547	1068901
HS	565	0	9332	1078233
HS	564	0	9559	1087792
HS	563	0	9741	1097533
HS	562	0	9649	1107182
HS	561	0	9899	1117081
HS	560	0	9888	1126969
HS	559	0	9923	1136892
HS	558	0	10031	1146923
HS	557	0	9915	1156838
HS	556	0	10002	1166840
HS	555	0	10393	1177233
HS	554	0	10198	1187431
HS	553	0	10503	1197934
HS	552	0	10474	1208408
HS	551	0	10486	1218894
HS	550	0	10408	1229302
HS	549	0	10537	1239839
HS	548	0	10478	1250317
HS	547	0	10391	1260708
HS	546	0	10655	1271363
HS	545	0	10690	1282053
HS	544	0	10636	1292689
HS	543	0	10403	1303092
HS	542	0	10732	1313824
HS	541	0	10649	1324473
HS	540	0	10727	1335200
HS	539	0	10754	1345954
HS	538	0	10747	1356701
HS	537	0	10775	1367476
HS	536	0	10951	1378427
HS	535	0	10857	1389284
HS	534	0	10913	1400197
HS	533	0	11056	1411253
HS	532	0	10960	1422213
HS	531	0	10993	1433206
HS	530	0	11140	1444346
HS	529	0	11015	1455361
HS	528	0	11201	1466562
HS	527	0	11246	1477808
HS	526	0	11265	1489073
HS	525	0	11233	1500306
HS	524	0	11593	1511899
HS	523	0	11650	1523549
HS	522	0	11329	1534878
HS	521	0	11482	1546360
HS	520	0	11678	1558038
HS	519	0	11748	1569786
HS	518	0	11694	1581480
HS	517	0	11631	1593111
HS	516	0	11558	1604669
HS	515	0	11818	1616487
HS	514	0	11795	1628282
HS	513	0	11758	1640040
HS	512	0	12062	1652102
HS	511	0	12182	1664284
HS	510	0	12274	1676558
HS	509	0	12217	1688775
HS	508	0	12248	1701023
HS	507	0	12356	1713379
HS	506	0	12273	1725652
HS	505	0	12290	1737942
HS	504	0	12354	1750296
HS	503	0	12382	1762678
HS	502	0	12635	1775313
HS	501	0	12607	1787920
HS	500	0	12547	1800467
HS	499	0	12567	1813034
HS	498	0	12595	1825629
HS	497	0	12844	1838473
HS	496	0	12713	1851186
HS	495	0	12787	1863973
HS	494	0	12672	1876645
HS	493	0	12952	1889597
HS	492	0	12829	1902426
HS	491	0	13058	1915484
HS	490	0	12832	1928316
HS	489	0	12970	1941286
HS	488	0	13008	1954294
HS	487	0	13039	1967333
HS	486	0	13299	1980632
HS	485	0	13129	1993761
HS	484	0	13201	2006962
HS	483	0	12951	2019913
HS	482	0	13261	2033174
HS	481	0	13208	2046382
HS	480	0	13100	2059482
HS	479	0	13276	2072758
HS	478	0	13337	2086095
HS	477	0	13185	2099280
HS	476	0	13319	2112599
HS	475	0	13401	2126000
HS	474	0	13312	2139312
HS	473	0	13426	2152738
HS	472	0	13414	2166152
HS	471	0	13428	2179580
HS	470	0	13583	2193163
HS	469	0	13529	2206692
HS	468	0	13384	2220076
HS	467	0	13631	2233707
HS	466	0	13693	2247400
HS	465	0	13665	2261065
HS	464	0	13805	2274870
HS	463	0	13860	2288730
HS	462	0	14097	2302827
HS	461	0	13782	2316609
HS	460	0	14031	2330640
HS	459	0	13777	2344417
HS	458	0	13844	2358261
HS	457	0	14093	2372354
HS	456	0	14220	2386574
HS	455	0	14244	2400818
HS	454	0	14124	2414942
HS	453	0	14006	2428948
HS	452	0	14185	2443133
HS	451	0	14355	2457488
HS	450	0	14204	2471692
HS	449	0	14281	2485973
HS	448	0	14340	2500313
HS	447	0	14427	2514740
HS	446	0	14595	2529335
HS	445	0	14365	2543700
HS	444	0	14581	2558281
HS	443	0	14860	2573141
HS	442	0	14694	2587835
HS	441	0	14732	2602567
HS	440	0	14406	2616973
HS	439	0	14975	2631948
HS	438	0	14855	2646803
HS	437	0	14813	2661616
HS	436	0	15076	2676692
HS	435	0	14948	2691640
HS	434	0	14909	2706549
HS	433	0	15298	2721847
HS	432	0	15147	2736994
HS	431	0	15038	2752032
HS	430	0	14933	2766965
HS	429	0	14922	2781887
HS	428	0	14916	2796803
HS	427	0	14969	2811772
HS	426	0	15263	2827035
HS	425	0	15180	2842215
HS	424	0	15271	2857486
HS	423	0	15150	2872636
HS	422	0	15547	2888183
HS	421	0	15563	2903746
HS	420	0	15446	2919192
HS	419	0	15438	2934630
HS	418	0	15337	2949967
HS	417	0	15325	2965292
HS	416	0	15239	2980531
HS	415	0	15340	2995871
HS	414	0	15330	3011201
HS	413	0	15672	3026873
HS	412	0	15411	3042284
HS	411	0	15746	3058030
HS	410	0	15790	3073820
HS	409	0	15636	3089456
HS	408	0	15666	3105122
HS	407	0	15903	3121025
HS	406	0	15948	3136973
HS	405	0	15878	3152851
HS	404	0	15914	3168765
HS	403	0	15740	3184505
HS	402	0	15737	3200242
HS	401	0	16092	3216334
HS	400	0	16075	3232409
HS	399	0	16012	3248421
HS	398	0	16104	3264525
HS	397	0	16026	3280551
HS	396	0	16108	3296659
HS	395	0	15981	3312640
HS	394	0	16007	3328647
HS	393	0	16170	3344817
HS	392	0	15842	3360659
HS	391	0	15769	3376428
HS	390	0	15763	3392191
HS	389	0	15937	3408128
HS	388	0	16060	3424188
HS	387	0	16243	3440431
HS	386	0	16006	3456437
HS	385	0	16090	3472527
HS	384	0	15654	3488181
HS	383	0	15844	3504025
HS	382	0	15841	3519866
HS	381	0	15725	3535591
HS	380	0	15681	3551272
HS	379	0	15871	3567143
HS	378	0	16011	3583154
HS	377	0	16057	3599211
HS	376	0	15822	3615033
HS	375	0	16203	3631236
HS	374	0	15948	3647184
HS	373	0	15820	3663004
HS	372	0	15598	3678602
HS	371	0	15615	3694217
HS	370	0	15575	3709792
HS	369	0	15592	3725384
HS	368	0	15470	3740854
HS	367	0	15685	3756539
HS	366	0	15686	3772225
HS	365	0	15578	3787803
HS	364	0	15545	3803348
HS	363	0	15605	3818953
HS	362	0	15658	3834611
HS	361	0	15723	3850334
HS	360	0	15568	3865902
HS	359	0	15462	3881364
HS	358	0	15551	3896915
HS	357	0	15660	3912575
HS	356	0	15693	3928268
HS	355	0	15505	3943773
HS	354	0	15593	3959366
HS	353	0	15980	3975346
HS	352	0	15869	3991215
HS	351	0	15803	4007018
HS	350	0	15694	4022712
HS	349	0	15792	4038504
HS	348	0	15798	4054302
HS	347	0	15949	4070251
HS	346	0	15736	4085987
HS	345	0	15766	4101753
HS	344	0	15812	4117565
HS	343	0	15883	4133448
HS	342	0	15821	4149269
HS	341	0	15790	4165059
HS	340	0	15968	4181027
HS	339	0	16060	4197087
HS	338	0	16003	4213090
HS	337	0	15820	4228910
HS	336	0	15851	4244761
HS	335	0	15960	4260721
HS	334	0	15751	4276472
HS	333	0	16072	4292544
HS	332	0	15851	4308395
HS	331	0	15876	4324271
HS	330	0	16090	4340361
HS	329	0	15893	4356254
HS	328	0	15903	4372157
HS	327	0	15620	4387777
HS	326	0	15689	4403466
HS	325	0	15691	4419157
HS	324	0	15427	4434584
HS	323	0	15609	4450193
HS	322	0	15639	4465832
HS	321	0	15738	4481570
HS	320	0	15411	4496981
HS	319	0	15483	4512464
HS	318	0	15393	4527857
HS	317	0	15562	4543419
HS	316	0	15548	4558967
HS	315	0	15434	4574401
HS	314	0	15182	4589583
HS	313	0	15217	4604800
HS	312	0	15487	4620287
HS	311	0	15344	4635631
HS	310	0	15424	4651055
HS	309	0	15582	4666637
HS	308	0	15484	4682121
HS	307	0	15542	4697663
HS	306	0	15536	4713199
HS	305	0	15661	4728860
HS	304	0	15789	4744649
HS	303	0	15905	4760554
HS	302	0	15596	4776150
HS	301	0	15682	4791832
HS	300	0	15627	4807459
HS	299	0	15702	4823161
HS	298	0	15630	4838791
HS	297	0	15604	4854395
HS	296	0	15620	4870015
HS	295	0	15512	4885527
HS	294	0	15483	4901010
HS	293	0	15657	4916667
HS	292	0	15846	4932513
HS	291	0	15607	4948120
HS	290	0	15204	4963324
HS	289	0	15508	4978832
HS	288	0	15712	4994544
HS	287	0	15475	5010019
HS	286	0	15530	5025549
HS	285	0	15291	5040840
HS	284	0	15260	5056100
HS	283	0	15413	5071513
HS	282	0	15062	5086575
HS	281	0	15179	5101754
HS	280	0	15147	5116901
HS	279	0	14977	5131878
HS	278	0	15179	5147057
HS	277	0	15191	5162248
HS	276	0	15029	5177277
HS	275	0	14979	5192256
HS	274	0	15010	5207266
HS	273	0	15090	5222356
HS	272	0	14774	5237130
HS	271	0	15003	5252133
HS	270	0	14730	5266863
HS	269	0	14749	5281612
HS	268	0	14761	5296373
HS	267	0	14606	5310979
HS	266	0	14520	5325499
HS	265	0	14378	5339877
HS	264	0	14521	5354398
HS	263	0	14266	5368664
HS	262	0	14135	5382799
HS	261	0	14069	5396868
HS	260	0	13967	5410835
HS	259	0	14112	5424947
HS	258	0	13738	5438685
HS	257	0	13906	5452591
HS	256	0	13886	5466477
HS	255	0	13296	5479773
HS	254	0	13402	5493175
HS	253	0	13571	5506746
HS	252	0	13235	5519981
HS	251	0	13071	5533052
HS	250	0	13116	5546168
HS	249	0	13049	5559217
HS	248	0	12916	5572133
HS	247	0	12758	5584891
HS	246	0	12451	5597342
HS	245	0	12563	5609905
HS	244	0	12477	5622382
HS	243	0	12287	5634669
HS	242	0	12161	5646830
HS	241	0	12075	5658905
HS	240	0	11859	5670764
HS	239	0	12137	5682901
HS	238	0	11713	5694614
HS	237	0	11531	5706145
HS	236	0	11485	5717630
HS	235	0	11431	5729061
HS	234	0	11291	5740352
HS	233	0	11234	5751586
HS	232	0	11013	5762599
HS	231	0	10708	5773307
HS	230	0	10571	5783878
HS	229	0	10303	5794181
HS	228	0	10066	5804247
HS	227	0	9957	5814204
HS	226	0	9844	5824048
HS	225	0	9548	5833596
HS	224	0	9431	5843027
HS	223	0	9293	5852320
HS	222	0	9328	5861648
HS	221	0	8901	5870549
HS	220	0	8663	5879212
HS	219	0	8594	5887806
HS	218	0	8398	5896204
HS	217	0	8342	5904546
HS	216	0	8197	5912743
HS	215	0	7744	5920487
HS	214	0	7644	5928131
HS	213	0	7434	5935565
HS	212	0	7472	5943037
HS	211	0	7388	5950425
HS	210	0	7058	5957483
HS	209	0	6888	5964371
HS	208	0	6523	5970894
HS	207	0	6205	5977099
HS	206	0	6247	5983346
HS	205	0	5924	5989270
HS	204	0	5904	5995174
HS	203	0	5711	6000885
HS	202	0	5780	6006665
HS	201	0	5549	6012214
HS	200	0	5484	6017698
HS	199	0	5368	6023066
HS	198	0	5089	6028155
HS	197	0	4979	6033134
HS	196	0	4760	6037894
HS	195	0	4715	6042609
HS	194	0	4744	6047353
HS	193	0	4507	6051860
HS	192	0	4282	6056142
HS	191	0	4015	6060157
HS	190	0	4061	6064218
HS	189	0	3822	6068040
HS	188	0	3629	6071669
HS	187	0	3524	6075193
HS	186	0	3408	6078601
HS	185	0	3143	6081744
HS	184	0	3154	6084898
HS	183	0	2998	6087896
HS	182	0	2833	6090729
HS	181	0	2846	6093575
HS	180	0	2694	6096269
HS	179	0	2586	6098855
HS	178	0	2578	6101433
HS	177	0	2408	6103841
HS	176	0	2462	6106303
HS	175	0	2276	6108579
HS	174	0	2385	6110964
HS	173	0	2255	6113219
HS	172	0	2065	6115284
HS	171	0	1988	6117272
HS	170	0	1902	6119174
HS	169	0	1797	6120971
HS	168	0	1751	6122722
HS	167	0	1705	6124427
HS	166	0	1609	6126036
HS	165	0	1632	6127668
HS	164	0	1499	6129167
HS	163	0	1527	6130694
HS	162	0	1435	6132129
HS	161	0	1377	6133506
HS	160	0	1355	6134861
HS	159	0	1271	6136132
HS	158	0	1195	6137327
HS	157	0	1167	6138494
HS	156	0	1089	6139583
HS	155	0	1088	6140671
HS	154	0	1034	6141705
HS	153	0	1011	6142716
HS	152	0	875	6143591
HS	151	0	896	6144487
HS	150	0	811	6145298
HS	149	0	748	6146046
HS	148	0	723	6146769
HS	147	0	744	6147513
HS	146	0	678	6148191
HS	145	0	741	6148932
HS	144	0	613	6149545
HS	143	0	657	6150202
HS	142	0	599	6150801
HS	141	0	545	6151346
HS	140	0	542	6151888
HS	139	0	480	6152368
HS	138	0	481	6152849
HS	137	0	484	6153333
HS	136	0	411	6153744
HS	135	0	388	6154132
HS	134	0	383	6154515
HS	133	0	379	6154894
HS	132	0	360	6155254
HS	131	0	333	6155587
HS	130	0	356	6155943
HS	129	0	342	6156285
HS	128	0	330	6156615
HS	127	0	291	6156906
HS	126	0	285	6157191
HS	125	0	291	6157482
HS	124	0	263	6157745
HS	123	0	279	6158024
HS	122	0	259	6158283
HS	121	0	262	6158545
HS	120	0	216	6158761
HS	119	0	238	6158999
HS	118	0	223	6159222
HS	117	0	202	6159424
HS	116	0	181	6159605
HS	115	0	179	6159784
HS	114	0	186	6159970
HS	113	0	170	6160140
HS	112	0	155	6160295
HS	111	0	163	6160458
HS	110	0	185	6160643
HS	109	0	169	6160812
HS	108	0	145	6160957
HS	107	0	163	6161120
HS	106	0	170	6161290
HS	105	0	167	6161457
HS	104	0	130	6161587
HS	103	0	184	6161771
HS	102	0	157	6161928
HS	101	0	150	6162078
HS	100	0	202	6162280
HS	99	0	167	6162447
HS	98	0	187	6162634
HS	97	0	224	6162858
HS	96	0	197	6163055
HS	95	0	186	6163241
HS	94	0	196	6163437
HS	93	0	199	6163636
HS	92	0	222	6163858
HS	91	0	185	6164043
HS	90	0	215	6164258
HS	89	0	223	6164481
HS	88	0	196	6164677
HS	87	0	204	6164881
HS	86	0	187	6165068
HS	85	0	186	6165254
HS	84	0	195	6165449
HS	83	0	193	6165642
HS	82	0	236	6165878
HS	81	0	241	6166119
HS	80	0	272	6166391
HS	79	0	260	6166651
HS	78	0	224	6166875
HS	77	0	270	6167145
HS	76	0	323	6167468
HS	75	0	348	6167816
HS	74	0	316	6168132
HS	73	0	353	6168485
HS	72	0	322	6168807
HS	71	0	330	6169137
HS	70	0	368	6169505
HS	69	0	380	6169885
HS	68	0	373	6170258
HS	67	0	427	6170685
HS	66	0	435	6171120
HS	65	0	449	6171569
HS	64	0	453	6172022
HS	63	0	484	6172506
HS	62	0	436	6172942
HS	61	0	467	6173409
HS	60	0	509	6173918
HS	59	0	565	6174483
HS	58	0	598	6175081
HS	57	0	660	6175741
HS	56	0	633	6176374
HS	55	0	754	6177128
HS	54	0	757	6177885
HS	53	0	867	6178752
HS	52	0	940	6179692
HS	51	0	939	6180631
HS	50	0	965	6181596
HS	49	0	1044	6182640
HS	48	0	1147	6183787
HS	47	0	1156	6184943
HS	46	0	1420	6186363
HS	45	0	1520	6187883
HS	44	0	1550	6189433
HS	43	0	1681	6191114
HS	42	0	1672	6192786
HS	41	0	1797	6194583
HS	40	0	2050	6196633
HS	39	0	2271	6198904
HS	38	0	2434	6201338
HS	37	0	2502	6203840
HS	36	0	2574	6206414
HS	35	0	2875	6209289
HS	34	0	3286	6212575
HS	33	0	3430	6216005
HS	32	0	3963	6219968
HS	31	0	4326	6224294
HS	30	0	4856	6229150
HS	29	0	5227	6234377
HS	28	0	5996	6240373
HS	27	0	6866	6247239
HS	26	0	7838	6255077
HS	25	0	8806	6263883
HS	24	0	10357	6274240
HS	23	0	11790	6286030
HS	22	0	13214	6299244
HS	21	0	15591	6314835
HS	20	0	18037	6332872
HS	19	0	21408	6354280
HS	18	0	25824	6380104
HS	17	0	30909	6411013
HS	16	0	38445	6449458
HS	15	0	46155	6495613
HS	14	0	57612	6553225
HS	13	0	72124	6625349
HS	12	0	91920	6717269
HS	11	0	119540	6836809
HS	10	0	157780	6994589
HS	9	0	218207	7212796
HS	8	0	311476	7524272
HS	7	0	464208	7988480
HS	6	0	741129	8729609
HS	5	0	1327512	10057121
HS	4	0	2769518	12826639
HS	3	0	6961912	19788551
HS	2	0	23977391	43765942
HS	1	0	0	43765942
HS	0	0	0	43765942
