CC	CT  kmer_occurrence    short_read_kmer_count  raw_input_kmer_count  adjusted_input_kmer_count
CC	FR  fpr_lower_bound    fpr_upper_bound
CC	ER  total_input_kmers  adjusted_error_kmers
CC	CV  coverage
CC	QV  raw_quality_value  adjusted_quality_value
CC
SQ	CP128183.1	4074848	4074718	4074718	99.00
CT	1023	1867192	1918075	1918075.000
CT	1022	7363	7366	7366.000
CT	1021	7110	7114	7114.000
CT	1020	7145	7147	7147.000
CT	1019	7145	7151	7151.000
CT	1018	7231	7235	7235.000
CT	1017	7290	7296	7296.000
CT	1016	7345	7348	7348.000
CT	1015	7459	7463	7463.000
CT	1014	7188	7196	7196.000
CT	1013	7331	7334	7334.000
CT	1012	7280	7284	7284.000
CT	1011	7296	7301	7301.000
CT	1010	7336	7340	7340.000
CT	1009	7428	7434	7434.000
CT	1008	7410	7412	7412.000
CT	1007	7245	7246	7246.000
CT	1006	7353	7357	7357.000
CT	1005	7243	7246	7246.000
CT	1004	7523	7527	7527.000
CT	1003	7358	7360	7360.000
CT	1002	7372	7372	7372.000
CT	1001	7345	7348	7348.000
CT	1000	7500	7500	7500.000
CT	999	7480	7481	7481.000
CT	998	7614	7616	7616.000
CT	997	7588	7592	7592.000
CT	996	7432	7435	7435.000
CT	995	7510	7511	7511.000
CT	994	7584	7587	7587.000
CT	993	7487	7488	7488.000
CT	992	7725	7726	7726.000
CT	991	7534	7534	7534.000
CT	990	7549	7550	7550.000
CT	989	7536	7538	7538.000
CT	988	7720	7720	7720.000
CT	987	7707	7708	7708.000
CT	986	7745	7748	7748.000
CT	985	7614	7621	7621.000
CT	984	7579	7578	7578.000
CT	983	7656	7657	7657.000
CT	982	7388	7390	7390.000
CT	981	7741	7743	7743.000
CT	980	7583	7586	7586.000
CT	979	7638	7637	7637.000
CT	978	7603	7606	7606.000
CT	977	7555	7556	7556.000
CT	976	7818	7820	7820.000
CT	975	7751	7752	7752.000
CT	974	7600	7601	7601.000
CT	973	7769	7773	7773.000
CT	972	7712	7713	7713.000
CT	971	7630	7633	7633.000
CT	970	7623	7629	7629.000
CT	969	7776	7780	7780.000
CT	968	7700	7703	7703.000
CT	967	7682	7682	7682.000
CT	966	7750	7753	7753.000
CT	965	7592	7593	7593.000
CT	964	7666	7668	7668.000
CT	963	7655	7658	7658.000
CT	962	7819	7819	7819.000
CT	961	7704	7704	7704.000
CT	960	7697	7698	7698.000
CT	959	7729	7729	7729.000
CT	958	7829	7830	7830.000
CT	957	7762	7767	7767.000
CT	956	7786	7786	7786.000
CT	955	7929	7929	7929.000
CT	954	7766	7768	7768.000
CT	953	7913	7911	7911.000
CT	952	7691	7693	7693.000
CT	951	7793	7794	7794.000
CT	950	7722	7724	7724.000
CT	949	7714	7715	7715.000
CT	948	7757	7758	7758.000
CT	947	7643	7643	7643.000
CT	946	7816	7815	7815.000
CT	945	7644	7645	7645.000
CT	944	7756	7757	7757.000
CT	943	7821	7821	7821.000
CT	942	7722	7722	7722.000
CT	941	7705	7705	7705.000
CT	940	7967	7967	7967.000
CT	939	7634	7634	7634.000
CT	938	7625	7625	7625.000
CT	937	7707	7707	7707.000
CT	936	7673	7673	7673.000
CT	935	7714	7715	7715.000
CT	934	7632	7632	7632.000
CT	933	7596	7594	7594.000
CT	932	7902	7902	7902.000
CT	931	7774	7775	7775.000
CT	930	7836	7836	7836.000
CT	929	7832	7832	7832.000
CT	928	7637	7637	7637.000
CT	927	7661	7661	7661.000
CT	926	7646	7646	7646.000
CT	925	7654	7654	7654.000
CT	924	7703	7703	7703.000
CT	923	7765	7766	7766.000
CT	922	7786	7786	7786.000
CT	921	7589	7589	7589.000
CT	920	7605	7604	7604.000
CT	919	7730	7730	7730.000
CT	918	7824	7824	7824.000
CT	917	7696	7695	7695.000
CT	916	7403	7402	7402.000
CT	915	7551	7551	7551.000
CT	914	7555	7555	7555.000
CT	913	7592	7592	7592.000
CT	912	7356	7356	7356.000
CT	911	7579	7580	7580.000
CT	910	7618	7618	7618.000
CT	909	7585	7585	7585.000
CT	908	7562	7562	7562.000
CT	907	7581	7581	7581.000
CT	906	7622	7623	7623.000
CT	905	7650	7650	7650.000
CT	904	7523	7523	7523.000
CT	903	7671	7672	7672.000
CT	902	7478	7478	7478.000
CT	901	7429	7429	7429.000
CT	900	7409	7409	7409.000
CT	899	7557	7557	7557.000
CT	898	7429	7429	7429.000
CT	897	7390	7389	7389.000
CT	896	7354	7354	7354.000
CT	895	7409	7409	7409.000
CT	894	7401	7402	7402.000
CT	893	7434	7434	7434.000
CT	892	7364	7365	7365.000
CT	891	7366	7366	7366.000
CT	890	7449	7448	7448.000
CT	889	7233	7233	7233.000
CT	888	7559	7559	7559.000
CT	887	7269	7269	7269.000
CT	886	7473	7473	7473.000
CT	885	7331	7330	7330.000
CT	884	7321	7320	7320.000
CT	883	7264	7264	7264.000
CT	882	7281	7281	7281.000
CT	881	7348	7348	7348.000
CT	880	7206	7206	7206.000
CT	879	7056	7055	7055.000
CT	878	7219	7219	7219.000
CT	877	7248	7248	7248.000
CT	876	7045	7045	7045.000
CT	875	7059	7059	7059.000
CT	874	7217	7217	7217.000
CT	873	7071	7070	7070.000
CT	872	7178	7178	7178.000
CT	871	7043	7043	7043.000
CT	870	6986	6985	6985.000
CT	869	6996	6996	6996.000
CT	868	7005	7004	7004.000
CT	867	6938	6938	6938.000
CT	866	7108	7108	7108.000
CT	865	6729	6729	6729.000
CT	864	6854	6854	6854.000
CT	863	6920	6919	6919.000
CT	862	6898	6898	6898.000
CT	861	6762	6762	6762.000
CT	860	6618	6618	6618.000
CT	859	6783	6783	6783.000
CT	858	6729	6729	6729.000
CT	857	6730	6729	6729.000
CT	856	6713	6713	6713.000
CT	855	6638	6638	6638.000
CT	854	6656	6656	6656.000
CT	853	6851	6851	6851.000
CT	852	6696	6695	6695.000
CT	851	6720	6719	6719.000
CT	850	6758	6758	6758.000
CT	849	6609	6609	6609.000
CT	848	6619	6620	6620.000
CT	847	6643	6643	6643.000
CT	846	6552	6552	6552.000
CT	845	6472	6472	6472.000
CT	844	6711	6711	6711.000
CT	843	6644	6645	6645.000
CT	842	6552	6552	6552.000
CT	841	6423	6423	6423.000
CT	840	6529	6529	6529.000
CT	839	6444	6444	6444.000
CT	838	6522	6521	6521.000
CT	837	6473	6473	6473.000
CT	836	6394	6393	6393.000
CT	835	6262	6262	6262.000
CT	834	6337	6337	6337.000
CT	833	6261	6261	6261.000
CT	832	6330	6330	6330.000
CT	831	6298	6297	6297.000
CT	830	6214	6214	6214.000
CT	829	6221	6221	6221.000
CT	828	6167	6167	6167.000
CT	827	6331	6331	6331.000
CT	826	6299	6300	6300.000
CT	825	6232	6232	6232.000
CT	824	6231	6231	6231.000
CT	823	6129	6127	6127.000
CT	822	6076	6076	6076.000
CT	821	6054	6054	6054.000
CT	820	5907	5907	5907.000
CT	819	5986	5987	5987.000
CT	818	6091	6091	6091.000
CT	817	5958	5957	5957.000
CT	816	5951	5951	5951.000
CT	815	5885	5885	5885.000
CT	814	5865	5865	5865.000
CT	813	5866	5866	5866.000
CT	812	5870	5870	5870.000
CT	811	5866	5866	5866.000
CT	810	5856	5856	5856.000
CT	809	5810	5808	5808.000
CT	808	5747	5747	5747.000
CT	807	5665	5664	5664.000
CT	806	5613	5613	5613.000
CT	805	5722	5722	5722.000
CT	804	5650	5648	5648.000
CT	803	5503	5502	5502.000
CT	802	5532	5532	5532.000
CT	801	5557	5556	5556.000
CT	800	5554	5554	5554.000
CT	799	5417	5416	5416.000
CT	798	5594	5593	5593.000
CT	797	5570	5568	5568.000
CT	796	5464	5464	5464.000
CT	795	5438	5438	5438.000
CT	794	5338	5337	5337.000
CT	793	5255	5254	5254.000
CT	792	5240	5240	5240.000
CT	791	5272	5272	5272.000
CT	790	5305	5305	5305.000
CT	789	5180	5179	5179.000
CT	788	5212	5211	5211.000
CT	787	5078	5078	5078.000
CT	786	5128	5128	5128.000
CT	785	5147	5144	5144.000
CT	784	5109	5108	5108.000
CT	783	5102	5102	5102.000
CT	782	5024	5024	5024.000
CT	781	4876	4875	4875.000
CT	780	4979	4979	4979.000
CT	779	5041	5041	5041.000
CT	778	4916	4916	4916.000
CT	777	4821	4820	4820.000
CT	776	4932	4929	4929.000
CT	775	4872	4872	4872.000
CT	774	4827	4825	4825.000
CT	773	4694	4694	4694.000
CT	772	4786	4785	4785.000
CT	771	4693	4692	4692.000
CT	770	4604	4602	4602.000
CT	769	4677	4677	4677.000
CT	768	4624	4623	4623.000
CT	767	4612	4612	4612.000
CT	766	4425	4425	4425.000
CT	765	4505	4505	4505.000
CT	764	4417	4417	4417.000
CT	763	4351	4351	4351.000
CT	762	4388	4388	4388.000
CT	761	4366	4365	4365.000
CT	760	4331	4331	4331.000
CT	759	4351	4351	4351.000
CT	758	4314	4313	4313.000
CT	757	4252	4251	4251.000
CT	756	4269	4269	4269.000
CT	755	4067	4064	4064.000
CT	754	4233	4230	4230.000
CT	753	4162	4162	4162.000
CT	752	3967	3965	3965.000
CT	751	4064	4063	4063.000
CT	750	4161	4161	4161.000
CT	749	4051	4050	4050.000
CT	748	3897	3897	3897.000
CT	747	4053	4051	4051.000
CT	746	3920	3918	3918.000
CT	745	3909	3909	3909.000
CT	744	3859	3856	3856.000
CT	743	3892	3891	3891.000
CT	742	3767	3766	3766.000
CT	741	3777	3776	3776.000
CT	740	3646	3645	3645.000
CT	739	3562	3560	3560.000
CT	738	3604	3602	3602.000
CT	737	3627	3626	3626.000
CT	736	3484	3482	3482.000
CT	735	3496	3495	3495.000
CT	734	3468	3465	3465.000
CT	733	3340	3340	3340.000
CT	732	3444	3441	3441.000
CT	731	3376	3372	3372.000
CT	730	3316	3316	3316.000
CT	729	3191	3191	3191.000
CT	728	3240	3238	3238.000
CT	727	3222	3222	3222.000
CT	726	3263	3262	3262.000
CT	725	3231	3229	3229.000
CT	724	3235	3235	3235.000
CT	723	3097	3097	3097.000
CT	722	3068	3066	3066.000
CT	721	3044	3042	3042.000
CT	720	2860	2860	2860.000
CT	719	2920	2918	2918.000
CT	718	3017	3016	3016.000
CT	717	3021	3019	3019.000
CT	716	2812	2809	2809.000
CT	715	2916	2915	2915.000
CT	714	2762	2760	2760.000
CT	713	2882	2881	2881.000
CT	712	2768	2766	2766.000
CT	711	2662	2661	2661.000
CT	710	2643	2643	2643.000
CT	709	2612	2612	2612.000
CT	708	2562	2562	2562.000
CT	707	2614	2614	2614.000
CT	706	2609	2608	2608.000
CT	705	2494	2493	2493.000
CT	704	2619	2619	2619.000
CT	703	2531	2531	2531.000
CT	702	2466	2465	2465.000
CT	701	2477	2477	2477.000
CT	700	2478	2478	2478.000
CT	699	2401	2401	2401.000
CT	698	2420	2420	2420.000
CT	697	2281	2281	2281.000
CT	696	2377	2377	2377.000
CT	695	2315	2315	2315.000
CT	694	2270	2270	2270.000
CT	693	2239	2238	2238.000
CT	692	2249	2249	2249.000
CT	691	2137	2137	2137.000
CT	690	2161	2161	2161.000
CT	689	2240	2240	2240.000
CT	688	2212	2212	2212.000
CT	687	2125	2125	2125.000
CT	686	2159	2159	2159.000
CT	685	2104	2102	2102.000
CT	684	2009	2009	2009.000
CT	683	2094	2094	2094.000
CT	682	2011	2011	2011.000
CT	681	2053	2051	2051.000
CT	680	1800	1800	1800.000
CT	679	2008	2008	2008.000
CT	678	1958	1958	1958.000
CT	677	1901	1901	1901.000
CT	676	1862	1862	1862.000
CT	675	1895	1895	1895.000
CT	674	1917	1917	1917.000
CT	673	1817	1817	1817.000
CT	672	1796	1796	1796.000
CT	671	1810	1810	1810.000
CT	670	1760	1759	1759.000
CT	669	1720	1719	1719.000
CT	668	1692	1691	1691.000
CT	667	1645	1645	1645.000
CT	666	1556	1556	1556.000
CT	665	1624	1622	1622.000
CT	664	1623	1622	1622.000
CT	663	1521	1521	1521.000
CT	662	1549	1549	1549.000
CT	661	1496	1496	1496.000
CT	660	1497	1497	1497.000
CT	659	1466	1465	1465.000
CT	658	1519	1519	1519.000
CT	657	1453	1453	1453.000
CT	656	1415	1415	1415.000
CT	655	1414	1414	1414.000
CT	654	1388	1388	1388.000
CT	653	1420	1420	1420.000
CT	652	1362	1362	1362.000
CT	651	1395	1395	1395.000
CT	650	1241	1240	1240.000
CT	649	1324	1324	1324.000
CT	648	1279	1279	1279.000
CT	647	1184	1183	1183.000
CT	646	1238	1238	1238.000
CT	645	1254	1253	1253.000
CT	644	1251	1251	1251.000
CT	643	1154	1154	1154.000
CT	642	1183	1183	1183.000
CT	641	1125	1123	1123.000
CT	640	1048	1048	1048.000
CT	639	1126	1126	1126.000
CT	638	1144	1144	1144.000
CT	637	1117	1117	1117.000
CT	636	1038	1037	1037.000
CT	635	1091	1091	1091.000
CT	634	950	950	950.000
CT	633	966	965	965.000
CT	632	1045	1045	1045.000
CT	631	1014	1014	1014.000
CT	630	945	943	943.000
CT	629	991	990	990.000
CT	628	896	893	893.000
CT	627	922	921	921.000
CT	626	911	911	911.000
CT	625	829	827	827.000
CT	624	826	826	826.000
CT	623	868	866	866.000
CT	622	807	807	807.000
CT	621	801	800	800.000
CT	620	813	810	810.000
CT	619	812	812	812.000
CT	618	776	773	773.000
CT	617	752	749	749.000
CT	616	677	675	675.000
CT	615	757	755	755.000
CT	614	766	766	766.000
CT	613	642	642	642.000
CT	612	672	670	670.000
CT	611	667	666	666.000
CT	610	640	639	639.000
CT	609	607	607	607.000
CT	608	628	628	628.000
CT	607	623	623	623.000
CT	606	602	600	600.000
CT	605	566	565	565.000
CT	604	569	568	568.000
CT	603	597	596	596.000
CT	602	536	535	535.000
CT	601	524	521	521.000
CT	600	512	510	510.000
CT	599	472	469	469.000
CT	598	497	495	495.000
CT	597	441	440	440.000
CT	596	462	462	462.000
CT	595	450	450	450.000
CT	594	460	459	459.000
CT	593	463	460	460.000
CT	592	476	475	475.000
CT	591	446	446	446.000
CT	590	426	426	426.000
CT	589	401	400	400.000
CT	588	477	476	476.000
CT	587	416	413	413.000
CT	586	432	431	431.000
CT	585	363	363	363.000
CT	584	398	398	398.000
CT	583	379	378	378.000
CT	582	412	412	412.000
CT	581	346	346	346.000
CT	580	359	358	358.000
CT	579	294	294	294.000
CT	578	336	336	336.000
CT	577	344	344	344.000
CT	576	305	304	304.000
CT	575	344	344	344.000
CT	574	275	275	275.000
CT	573	334	333	333.000
CT	572	316	315	315.000
CT	571	284	283	283.000
CT	570	286	286	286.000
CT	569	288	288	288.000
CT	568	271	270	270.000
CT	567	269	269	269.000
CT	566	279	277	277.000
CT	565	271	271	271.000
CT	564	244	244	244.000
CT	563	228	228	228.000
CT	562	284	282	282.000
CT	561	283	280	280.000
CT	560	218	216	216.000
CT	559	251	250	250.000
CT	558	224	224	224.000
CT	557	227	227	227.000
CT	556	232	232	232.000
CT	555	210	209	209.000
CT	554	198	197	197.000
CT	553	198	197	197.000
CT	552	191	189	189.000
CT	551	203	202	202.000
CT	550	203	199	199.000
CT	549	210	210	210.000
CT	548	196	195	195.000
CT	547	195	195	195.000
CT	546	205	204	204.000
CT	545	182	182	182.000
CT	544	154	152	152.000
CT	543	169	166	166.000
CT	542	175	174	174.000
CT	541	172	171	171.000
CT	540	148	147	147.000
CT	539	157	156	156.000
CT	538	151	151	151.000
CT	537	171	170	170.000
CT	536	144	143	143.000
CT	535	151	151	151.000
CT	534	165	165	165.000
CT	533	152	152	152.000
CT	532	125	124	124.000
CT	531	134	134	134.000
CT	530	133	132	132.000
CT	529	122	121	121.000
CT	528	149	148	148.000
CT	527	136	132	132.000
CT	526	137	134	134.000
CT	525	118	114	114.000
CT	524	123	123	123.000
CT	523	123	122	122.000
CT	522	104	104	104.000
CT	521	106	105	105.000
CT	520	111	109	109.000
CT	519	98	97	97.000
CT	518	105	103	103.000
CT	517	92	90	90.000
CT	516	88	86	86.000
CT	515	99	97	97.000
CT	514	99	99	99.000
CT	513	96	96	96.000
CT	512	79	77	77.000
CT	511	81	81	81.000
CT	510	99	99	99.000
CT	509	89	89	89.000
CT	508	78	78	78.000
CT	507	95	95	95.000
CT	506	82	81	81.000
CT	505	77	76	76.000
CT	504	79	77	77.000
CT	503	86	84	84.000
CT	502	91	90	90.000
CT	501	64	63	63.000
CT	500	66	66	66.000
CT	499	75	75	75.000
CT	498	81	81	81.000
CT	497	72	71	71.000
CT	496	55	54	54.000
CT	495	74	74	74.000
CT	494	75	73	73.000
CT	493	76	75	75.000
CT	492	75	75	75.000
CT	491	71	71	71.000
CT	490	59	58	58.000
CT	489	72	72	72.000
CT	488	65	64	64.000
CT	487	65	64	64.000
CT	486	60	60	60.000
CT	485	61	61	61.000
CT	484	58	58	58.000
CT	483	44	44	44.000
CT	482	55	55	55.000
CT	481	42	42	42.000
CT	480	34	33	33.000
CT	479	32	31	31.000
CT	478	32	32	32.000
CT	477	40	40	40.000
CT	476	34	33	33.000
CT	475	37	36	36.000
CT	474	32	32	32.000
CT	473	52	52	52.000
CT	472	51	51	51.000
CT	471	29	28	28.000
CT	470	27	25	25.000
CT	469	27	27	27.000
CT	468	27	27	27.000
CT	467	27	25	25.000
CT	466	27	27	27.000
CT	465	38	38	38.000
CT	464	41	37	37.000
CT	463	41	41	41.000
CT	462	38	38	38.000
CT	461	41	41	41.000
CT	460	42	41	41.000
CT	459	42	39	39.000
CT	458	42	40	40.000
CT	457	46	45	45.000
CT	456	49	48	48.000
CT	455	33	32	32.000
CT	454	28	28	28.000
CT	453	37	37	37.000
CT	452	33	33	33.000
CT	451	32	31	31.000
CT	450	36	36	36.000
CT	449	33	33	33.000
CT	448	25	22	22.000
CT	447	18	17	17.000
CT	446	27	26	26.000
CT	445	25	24	24.000
CT	444	29	29	29.000
CT	443	36	35	35.000
CT	442	27	25	25.000
CT	441	25	24	24.000
CT	440	28	26	26.000
CT	439	35	33	33.000
CT	438	30	30	30.000
CT	437	31	29	29.000
CT	436	33	32	32.000
CT	435	21	20	20.000
CT	434	31	31	31.000
CT	433	17	16	16.000
CT	432	15	15	15.000
CT	431	25	23	23.000
CT	430	18	17	17.000
CT	429	16	16	16.000
CT	428	16	15	15.000
CT	427	19	19	19.000
CT	426	23	23	23.000
CT	425	13	9	9.000
CT	424	27	27	27.000
CT	423	21	19	19.000
CT	422	25	23	23.000
CT	421	20	19	19.000
CT	420	19	18	18.000
CT	419	16	14	14.000
CT	418	19	17	17.000
CT	417	12	10	10.000
CT	416	13	12	12.000
CT	415	9	9	9.000
CT	414	9	9	9.000
CT	413	10	9	9.000
CT	412	14	13	13.000
CT	411	9	9	9.000
CT	410	6	6	6.000
CT	409	9	5	5.000
CT	408	7	7	7.000
CT	407	8	8	8.000
CT	406	15	14	14.000
CT	405	6	5	5.000
CT	404	15	14	14.000
CT	403	11	10	10.000
CT	402	7	7	7.000
CT	401	3	3	3.000
CT	400	7	6	6.000
CT	399	9	6	6.000
CT	398	9	8	8.000
CT	397	5	5	5.000
CT	396	4	2	2.000
CT	395	6	5	5.000
CT	394	7	7	7.000
CT	393	7	7	7.000
CT	392	6	5	5.000
CT	391	7	5	5.000
CT	390	4	4	4.000
CT	389	8	6	6.000
CT	388	7	5	5.000
CT	387	9	8	8.000
CT	386	6	3	3.000
CT	385	4	4	4.000
CT	384	3	3	3.000
CT	383	2	1	1.000
CT	382	6	3	3.000
CT	381	2	1	1.000
CT	380	4	1	1.000
CT	379	5	3	3.000
CT	378	3	3	3.000
CT	377	8	4	4.000
CT	376	5	5	5.000
CT	375	1	1	1.000
CT	374	5	3	3.000
CT	373	2	2	2.000
CT	372	4	2	2.000
CT	371	4	3	3.000
CT	370	5	3	3.000
CT	369	6	4	4.000
CT	368	7	6	6.000
CT	367	4	3	3.000
CT	366	1	0	0.000
CT	365	1	1	1.000
CT	364	8	5	5.000
CT	363	5	2	2.000
CT	362	6	3	3.000
CT	361	5	4	4.000
CT	360	4	4	4.000
CT	359	3	1	1.000
CT	358	7	4	4.000
CT	357	5	3	3.000
CT	356	5	3	3.000
CT	355	6	3	3.000
CT	354	3	3	3.000
CT	353	2	1	1.000
CT	352	2	1	1.000
CT	351	3	1	1.000
CT	350	4	3	3.000
CT	349	2	1	1.000
CT	348	5	1	1.000
CT	347	4	1	1.000
CT	346	3	1	1.000
CT	345	2	2	2.000
CT	344	3	1	1.000
CT	343	0	0	0.000
CT	342	6	2	2.000
CT	341	6	4	4.000
CT	340	0	0	0.000
CT	339	4	1	1.000
CT	338	2	1	1.000
CT	337	5	4	4.000
CT	336	1	1	1.000
CT	335	3	1	1.000
CT	334	4	1	1.000
CT	333	2	1	1.000
CT	332	2	1	1.000
CT	331	3	0	0.000
CT	330	3	2	2.000
CT	329	2	1	1.000
CT	328	3	1	1.000
CT	327	5	2	2.000
CT	326	4	1	1.000
CT	325	6	3	3.000
CT	324	1	0	0.000
CT	323	6	1	1.000
CT	322	4	1	1.000
CT	321	3	1	1.000
CT	320	4	1	1.000
CT	319	3	0	0.000
CT	318	1	0	0.000
CT	317	4	2	2.000
CT	316	2	0	0.000
CT	315	6	1	1.000
CT	314	4	4	4.000
CT	313	5	1	1.000
CT	312	6	0	0.000
CT	311	2	2	2.000
CT	310	3	1	1.000
CT	309	5	3	3.000
CT	308	6	2	2.000
CT	307	3	1	1.000
CT	306	5	1	1.000
CT	305	0	0	0.000
CT	304	5	1	1.000
CT	303	3	0	0.000
CT	302	5	0	0.000
CT	301	3	1	1.000
CT	300	2	0	0.000
CT	299	6	2	2.000
CT	298	3	0	0.000
CT	297	4	1	1.000
CT	296	5	4	4.000
CT	295	5	2	2.000
CT	294	3	2	2.000
CT	293	6	5	5.000
CT	292	3	2	2.000
CT	291	4	3	3.000
CT	290	8	5	5.000
CT	289	4	0	0.000
CT	288	7	2	2.000
CT	287	4	0	0.000
CT	286	5	1	1.000
CT	285	2	0	0.000
CT	284	5	3	3.000
CT	283	5	0	0.000
CT	282	3	1	1.000
CT	281	9	1	1.000
CT	280	5	1	1.000
CT	279	8	2	2.000
CT	278	7	2	2.000
CT	277	3	1	1.000
CT	276	6	1	1.000
CT	275	3	1	1.000
CT	274	7	0	0.000
CT	273	4	0	0.000
CT	272	3	1	1.000
CT	271	5	1	1.000
CT	270	5	2	2.000
CT	269	4	1	1.000
CT	268	9	1	1.000
CT	267	2	1	1.000
CT	266	3	2	2.000
CT	265	4	0	0.000
CT	264	5	3	3.000
CT	263	4	3	3.000
CT	262	2	0	0.000
CT	261	7	2	2.000
CT	260	8	5	5.000
CT	259	8	1	1.000
CT	258	6	1	1.000
CT	257	5	2	2.000
CT	256	4	0	0.000
CT	255	1	0	0.000
CT	254	2	0	0.000
CT	253	2	0	0.000
CT	252	7	0	0.000
CT	251	5	0	0.000
CT	250	10	0	0.000
CT	249	9	0	0.000
CT	248	6	0	0.000
CT	247	14	0	0.000
CT	246	7	0	0.000
CT	245	9	0	0.000
CT	244	17	0	0.000
CT	243	9	0	0.000
CT	242	11	0	0.000
CT	241	8	0	0.000
CT	240	9	0	0.000
CT	239	7	0	0.000
CT	238	4	0	0.000
CT	237	6	0	0.000
CT	236	8	0	0.000
CT	235	8	0	0.000
CT	234	4	0	0.000
CT	233	5	0	0.000
CT	232	7	0	0.000
CT	231	6	0	0.000
CT	230	9	0	0.000
CT	229	11	0	0.000
CT	228	9	0	0.000
CT	227	3	0	0.000
CT	226	11	0	0.000
CT	225	13	0	0.000
CT	224	10	0	0.000
CT	223	7	0	0.000
CT	222	3	0	0.000
CT	221	11	0	0.000
CT	220	13	0	0.000
CT	219	11	0	0.000
CT	218	15	0	0.000
CT	217	11	0	0.000
CT	216	5	0	0.000
CT	215	8	0	0.000
CT	214	6	0	0.000
CT	213	9	0	0.000
CT	212	10	0	0.000
CT	211	9	0	0.000
CT	210	9	0	0.000
CT	209	6	0	0.000
CT	208	10	0	0.000
CT	207	12	0	0.000
CT	206	13	0	0.000
CT	205	12	0	0.000
CT	204	11	0	0.000
CT	203	4	0	0.000
CT	202	13	0	0.000
CT	201	12	0	0.000
CT	200	10	0	0.000
CT	199	9	0	0.000
CT	198	9	0	0.000
CT	197	13	0	0.000
CT	196	11	0	0.000
CT	195	9	0	0.000
CT	194	14	0	0.000
CT	193	19	0	0.000
CT	192	18	0	0.000
CT	191	17	0	0.000
CT	190	19	0	0.000
CT	189	14	0	0.000
CT	188	11	0	0.000
CT	187	14	0	0.000
CT	186	14	0	0.000
CT	185	12	0	0.000
CT	184	17	0	0.000
CT	183	14	0	0.000
CT	182	7	0	0.000
CT	181	15	0	0.000
CT	180	12	0	0.000
CT	179	10	0	0.000
CT	178	9	0	0.000
CT	177	15	0	0.000
CT	176	14	0	0.000
CT	175	12	0	0.000
CT	174	10	0	0.000
CT	173	16	0	0.000
CT	172	20	0	0.000
CT	171	13	0	0.000
CT	170	15	0	0.000
CT	169	15	0	0.000
CT	168	9	0	0.000
CT	167	22	0	0.000
CT	166	22	0	0.000
CT	165	18	0	0.000
CT	164	17	0	0.000
CT	163	20	0	0.000
CT	162	20	0	0.000
CT	161	23	0	0.000
CT	160	18	0	0.000
CT	159	23	0	0.000
CT	158	26	0	0.000
CT	157	22	0	0.000
CT	156	20	0	0.000
CT	155	22	0	0.000
CT	154	20	0	0.000
CT	153	19	0	0.000
CT	152	32	0	0.000
CT	151	15	0	0.000
CT	150	33	0	0.000
CT	149	29	0	0.000
CT	148	24	0	0.000
CT	147	20	0	0.000
CT	146	26	0	0.000
CT	145	31	0	0.000
CT	144	41	0	0.000
CT	143	34	0	0.000
CT	142	47	0	0.000
CT	141	34	0	0.000
CT	140	41	0	0.000
CT	139	36	0	0.000
CT	138	42	0	0.000
CT	137	41	0	0.000
CT	136	31	0	0.000
CT	135	53	0	0.000
CT	134	52	0	0.000
CT	133	42	0	0.000
CT	132	47	0	0.000
CT	131	40	0	0.000
CT	130	39	0	0.000
CT	129	64	0	0.000
CT	128	65	0	0.000
CT	127	83	0	0.000
CT	126	71	0	0.000
CT	125	74	0	0.000
CT	124	86	0	0.000
CT	123	70	0	0.000
CT	122	59	0	0.000
CT	121	66	0	0.000
CT	120	59	0	0.000
CT	119	69	0	0.000
CT	118	65	0	0.000
CT	117	88	0	0.000
CT	116	101	0	0.000
CT	115	95	0	0.000
CT	114	101	0	0.000
CT	113	102	0	0.000
CT	112	112	0	0.000
CT	111	114	0	0.000
CT	110	112	0	0.000
CT	109	112	0	0.000
CT	108	106	0	0.000
CT	107	121	0	0.000
CT	106	137	0	0.000
CT	105	135	0	0.000
CT	104	136	0	0.000
CT	103	158	0	0.000
CT	102	144	0	0.000
CT	101	140	0	0.000
CT	100	138	0	0.000
CT	99	176	0	0.000
CT	98	186	0	0.000
CT	97	194	0	0.000
CT	96	183	0	0.000
CT	95	190	0	0.000
CT	94	179	0	0.000
CT	93	185	0	0.000
CT	92	238	0	0.000
CT	91	228	0	0.000
CT	90	243	0	0.000
CT	89	208	0	0.000
CT	88	246	0	0.000
CT	87	231	0	0.000
CT	86	232	0	0.000
CT	85	302	0	0.000
CT	84	335	0	0.000
CT	83	293	0	0.000
CT	82	350	0	0.000
CT	81	363	0	0.000
CT	80	356	0	0.000
CT	79	382	0	0.000
CT	78	411	0	0.000
CT	77	469	0	0.000
CT	76	461	0	0.000
CT	75	512	0	0.000
CT	74	564	0	0.000
CT	73	621	0	0.000
CT	72	690	0	0.000
CT	71	636	0	0.000
CT	70	668	0	0.000
CT	69	731	0	0.000
CT	68	769	0	0.000
CT	67	837	0	0.000
CT	66	864	0	0.000
CT	65	868	0	0.000
CT	64	902	0	0.000
CT	63	1038	0	0.000
CT	62	1021	0	0.000
CT	61	1098	0	0.000
CT	60	1186	0	0.000
CT	59	1266	0	0.000
CT	58	1265	0	0.000
CT	57	1314	0	0.000
CT	56	1434	0	0.000
CT	55	1543	0	0.000
CT	54	1635	0	0.000
CT	53	1826	0	0.000
CT	52	2030	0	0.000
CT	51	2170	0	0.000
CT	50	2220	0	0.000
CT	49	2421	0	0.000
CT	48	2573	0	0.000
CT	47	2688	0	0.000
CT	46	2834	0	0.000
CT	45	3084	0	0.000
CT	44	3323	0	0.000
CT	43	3682	0	0.000
CT	42	3865	0	0.000
CT	41	4104	0	0.000
CT	40	4398	0	0.000
CT	39	4803	0	0.000
CT	38	5129	0	0.000
CT	37	5830	0	0.000
CT	36	6368	0	0.000
CT	35	7087	0	0.000
CT	34	7592	0	0.000
CT	33	8343	0	0.000
CT	32	9376	0	0.000
CT	31	10710	0	0.000
CT	30	11716	0	0.000
CT	29	12961	0	0.000
CT	28	14665	0	0.000
CT	27	16474	0	0.000
CT	26	18761	0	0.000
CT	25	21309	0	0.000
CT	24	24469	0	0.000
CT	23	28147	0	0.000
CT	22	32422	0	0.000
CT	21	38532	0	0.000
CT	20	46022	0	0.000
CT	19	55540	0	0.000
CT	18	66835	0	0.000
CT	17	81653	0	0.000
CT	16	102859	0	0.000
CT	15	131057	0	0.000
CT	14	168260	0	0.000
CT	13	221498	0	0.000
CT	12	292639	0	0.000
CT	11	394925	0	0.000
CT	10	543252	0	0.000
CT	9	773911	0	0.000
CT	8	1120250	0	0.000
CT	7	1680275	0	0.000
CT	6	2607485	0	0.000
CT	5	4270074	0	0.000
CT	4	7624621	0	0.000
CT	3	15335780	0	0.000
CT	2	38110029	0	0.000
CT	1	0	0	-nan
CT	0	0	0	-nan
FR	0	0
ER	4074718	0.000
CV	1.000
QV	inf	inf
