HS	1023	0	1867192	1867192
HS	1022	0	7363	1874555
HS	1021	0	7110	1881665
HS	1020	0	7145	1888810
HS	1019	0	7145	1895955
HS	1018	0	7231	1903186
HS	1017	0	7290	1910476
HS	1016	0	7345	1917821
HS	1015	0	7459	1925280
HS	1014	0	7188	1932468
HS	1013	0	7331	1939799
HS	1012	0	7280	1947079
HS	1011	0	7296	1954375
HS	1010	0	7336	1961711
HS	1009	0	7428	1969139
HS	1008	0	7410	1976549
HS	1007	0	7245	1983794
HS	1006	0	7353	1991147
HS	1005	0	7243	1998390
HS	1004	0	7523	2005913
HS	1003	0	7358	2013271
HS	1002	0	7372	2020643
HS	1001	0	7345	2027988
HS	1000	0	7500	2035488
HS	999	0	7480	2042968
HS	998	0	7614	2050582
HS	997	0	7588	2058170
HS	996	0	7432	2065602
HS	995	0	7510	2073112
HS	994	0	7584	2080696
HS	993	0	7487	2088183
HS	992	0	7725	2095908
HS	991	0	7534	2103442
HS	990	0	7549	2110991
HS	989	0	7536	2118527
HS	988	0	7720	2126247
HS	987	0	7707	2133954
HS	986	0	7745	2141699
HS	985	0	7614	2149313
HS	984	0	7579	2156892
HS	983	0	7656	2164548
HS	982	0	7388	2171936
HS	981	0	7741	2179677
HS	980	0	7583	2187260
HS	979	0	7638	2194898
HS	978	0	7603	2202501
HS	977	0	7555	2210056
HS	976	0	7818	2217874
HS	975	0	7751	2225625
HS	974	0	7600	2233225
HS	973	0	7769	2240994
HS	972	0	7712	2248706
HS	971	0	7630	2256336
HS	970	0	7623	2263959
HS	969	0	7776	2271735
HS	968	0	7700	2279435
HS	967	0	7682	2287117
HS	966	0	7750	2294867
HS	965	0	7592	2302459
HS	964	0	7666	2310125
HS	963	0	7655	2317780
HS	962	0	7819	2325599
HS	961	0	7704	2333303
HS	960	0	7697	2341000
HS	959	0	7729	2348729
HS	958	0	7829	2356558
HS	957	0	7762	2364320
HS	956	0	7786	2372106
HS	955	0	7929	2380035
HS	954	0	7766	2387801
HS	953	0	7913	2395714
HS	952	0	7691	2403405
HS	951	0	7793	2411198
HS	950	0	7722	2418920
HS	949	0	7714	2426634
HS	948	0	7757	2434391
HS	947	0	7643	2442034
HS	946	0	7816	2449850
HS	945	0	7644	2457494
HS	944	0	7756	2465250
HS	943	0	7821	2473071
HS	942	0	7722	2480793
HS	941	0	7705	2488498
HS	940	0	7967	2496465
HS	939	0	7634	2504099
HS	938	0	7625	2511724
HS	937	0	7707	2519431
HS	936	0	7673	2527104
HS	935	0	7714	2534818
HS	934	0	7632	2542450
HS	933	0	7596	2550046
HS	932	0	7902	2557948
HS	931	0	7774	2565722
HS	930	0	7836	2573558
HS	929	0	7832	2581390
HS	928	0	7637	2589027
HS	927	0	7661	2596688
HS	926	0	7646	2604334
HS	925	0	7654	2611988
HS	924	0	7703	2619691
HS	923	0	7765	2627456
HS	922	0	7786	2635242
HS	921	0	7589	2642831
HS	920	0	7605	2650436
HS	919	0	7730	2658166
HS	918	0	7824	2665990
HS	917	0	7696	2673686
HS	916	0	7403	2681089
HS	915	0	7551	2688640
HS	914	0	7555	2696195
HS	913	0	7592	2703787
HS	912	0	7356	2711143
HS	911	0	7579	2718722
HS	910	0	7618	2726340
HS	909	0	7585	2733925
HS	908	0	7562	2741487
HS	907	0	7581	2749068
HS	906	0	7622	2756690
HS	905	0	7650	2764340
HS	904	0	7523	2771863
HS	903	0	7671	2779534
HS	902	0	7478	2787012
HS	901	0	7429	2794441
HS	900	0	7409	2801850
HS	899	0	7557	2809407
HS	898	0	7429	2816836
HS	897	0	7390	2824226
HS	896	0	7354	2831580
HS	895	0	7409	2838989
HS	894	0	7401	2846390
HS	893	0	7434	2853824
HS	892	0	7364	2861188
HS	891	0	7366	2868554
HS	890	0	7449	2876003
HS	889	0	7233	2883236
HS	888	0	7559	2890795
HS	887	0	7269	2898064
HS	886	0	7473	2905537
HS	885	0	7331	2912868
HS	884	0	7321	2920189
HS	883	0	7264	2927453
HS	882	0	7281	2934734
HS	881	0	7348	2942082
HS	880	0	7206	2949288
HS	879	0	7056	2956344
HS	878	0	7219	2963563
HS	877	0	7248	2970811
HS	876	0	7045	2977856
HS	875	0	7059	2984915
HS	874	0	7217	2992132
HS	873	0	7071	2999203
HS	872	0	7178	3006381
HS	871	0	7043	3013424
HS	870	0	6986	3020410
HS	869	0	6996	3027406
HS	868	0	7005	3034411
HS	867	0	6938	3041349
HS	866	0	7108	3048457
HS	865	0	6729	3055186
HS	864	0	6854	3062040
HS	863	0	6920	3068960
HS	862	0	6898	3075858
HS	861	0	6762	3082620
HS	860	0	6618	3089238
HS	859	0	6783	3096021
HS	858	0	6729	3102750
HS	857	0	6730	3109480
HS	856	0	6713	3116193
HS	855	0	6638	3122831
HS	854	0	6656	3129487
HS	853	0	6851	3136338
HS	852	0	6696	3143034
HS	851	0	6720	3149754
HS	850	0	6758	3156512
HS	849	0	6609	3163121
HS	848	0	6619	3169740
HS	847	0	6643	3176383
HS	846	0	6552	3182935
HS	845	0	6472	3189407
HS	844	0	6711	3196118
HS	843	0	6644	3202762
HS	842	0	6552	3209314
HS	841	0	6423	3215737
HS	840	0	6529	3222266
HS	839	0	6444	3228710
HS	838	0	6522	3235232
HS	837	0	6473	3241705
HS	836	0	6394	3248099
HS	835	0	6262	3254361
HS	834	0	6337	3260698
HS	833	0	6261	3266959
HS	832	0	6330	3273289
HS	831	0	6298	3279587
HS	830	0	6214	3285801
HS	829	0	6221	3292022
HS	828	0	6167	3298189
HS	827	0	6331	3304520
HS	826	0	6299	3310819
HS	825	0	6232	3317051
HS	824	0	6231	3323282
HS	823	0	6129	3329411
HS	822	0	6076	3335487
HS	821	0	6054	3341541
HS	820	0	5907	3347448
HS	819	0	5986	3353434
HS	818	0	6091	3359525
HS	817	0	5958	3365483
HS	816	0	5951	3371434
HS	815	0	5885	3377319
HS	814	0	5865	3383184
HS	813	0	5866	3389050
HS	812	0	5870	3394920
HS	811	0	5866	3400786
HS	810	0	5856	3406642
HS	809	0	5810	3412452
HS	808	0	5747	3418199
HS	807	0	5665	3423864
HS	806	0	5613	3429477
HS	805	0	5722	3435199
HS	804	0	5650	3440849
HS	803	0	5503	3446352
HS	802	0	5532	3451884
HS	801	0	5557	3457441
HS	800	0	5554	3462995
HS	799	0	5417	3468412
HS	798	0	5594	3474006
HS	797	0	5570	3479576
HS	796	0	5464	3485040
HS	795	0	5438	3490478
HS	794	0	5338	3495816
HS	793	0	5255	3501071
HS	792	0	5240	3506311
HS	791	0	5272	3511583
HS	790	0	5305	3516888
HS	789	0	5180	3522068
HS	788	0	5212	3527280
HS	787	0	5078	3532358
HS	786	0	5128	3537486
HS	785	0	5147	3542633
HS	784	0	5109	3547742
HS	783	0	5102	3552844
HS	782	0	5024	3557868
HS	781	0	4876	3562744
HS	780	0	4979	3567723
HS	779	0	5041	3572764
HS	778	0	4916	3577680
HS	777	0	4821	3582501
HS	776	0	4932	3587433
HS	775	0	4872	3592305
HS	774	0	4827	3597132
HS	773	0	4694	3601826
HS	772	0	4786	3606612
HS	771	0	4693	3611305
HS	770	0	4604	3615909
HS	769	0	4677	3620586
HS	768	0	4624	3625210
HS	767	0	4612	3629822
HS	766	0	4425	3634247
HS	765	0	4505	3638752
HS	764	0	4417	3643169
HS	763	0	4351	3647520
HS	762	0	4388	3651908
HS	761	0	4366	3656274
HS	760	0	4331	3660605
HS	759	0	4351	3664956
HS	758	0	4314	3669270
HS	757	0	4252	3673522
HS	756	0	4269	3677791
HS	755	0	4067	3681858
HS	754	0	4233	3686091
HS	753	0	4162	3690253
HS	752	0	3967	3694220
HS	751	0	4064	3698284
HS	750	0	4161	3702445
HS	749	0	4051	3706496
HS	748	0	3897	3710393
HS	747	0	4053	3714446
HS	746	0	3920	3718366
HS	745	0	3909	3722275
HS	744	0	3859	3726134
HS	743	0	3892	3730026
HS	742	0	3767	3733793
HS	741	0	3777	3737570
HS	740	0	3646	3741216
HS	739	0	3562	3744778
HS	738	0	3604	3748382
HS	737	0	3627	3752009
HS	736	0	3484	3755493
HS	735	0	3496	3758989
HS	734	0	3468	3762457
HS	733	0	3340	3765797
HS	732	0	3444	3769241
HS	731	0	3376	3772617
HS	730	0	3316	3775933
HS	729	0	3191	3779124
HS	728	0	3240	3782364
HS	727	0	3222	3785586
HS	726	0	3263	3788849
HS	725	0	3231	3792080
HS	724	0	3235	3795315
HS	723	0	3097	3798412
HS	722	0	3068	3801480
HS	721	0	3044	3804524
HS	720	0	2860	3807384
HS	719	0	2920	3810304
HS	718	0	3017	3813321
HS	717	0	3021	3816342
HS	716	0	2812	3819154
HS	715	0	2916	3822070
HS	714	0	2762	3824832
HS	713	0	2882	3827714
HS	712	0	2768	3830482
HS	711	0	2662	3833144
HS	710	0	2643	3835787
HS	709	0	2612	3838399
HS	708	0	2562	3840961
HS	707	0	2614	3843575
HS	706	0	2609	3846184
HS	705	0	2494	3848678
HS	704	0	2619	3851297
HS	703	0	2531	3853828
HS	702	0	2466	3856294
HS	701	0	2477	3858771
HS	700	0	2478	3861249
HS	699	0	2401	3863650
HS	698	0	2420	3866070
HS	697	0	2281	3868351
HS	696	0	2377	3870728
HS	695	0	2315	3873043
HS	694	0	2270	3875313
HS	693	0	2239	3877552
HS	692	0	2249	3879801
HS	691	0	2137	3881938
HS	690	0	2161	3884099
HS	689	0	2240	3886339
HS	688	0	2212	3888551
HS	687	0	2125	3890676
HS	686	0	2159	3892835
HS	685	0	2104	3894939
HS	684	0	2009	3896948
HS	683	0	2094	3899042
HS	682	0	2011	3901053
HS	681	0	2053	3903106
HS	680	0	1800	3904906
HS	679	0	2008	3906914
HS	678	0	1958	3908872
HS	677	0	1901	3910773
HS	676	0	1862	3912635
HS	675	0	1895	3914530
HS	674	0	1917	3916447
HS	673	0	1817	3918264
HS	672	0	1796	3920060
HS	671	0	1810	3921870
HS	670	0	1760	3923630
HS	669	0	1720	3925350
HS	668	0	1692	3927042
HS	667	0	1645	3928687
HS	666	0	1556	3930243
HS	665	0	1624	3931867
HS	664	0	1623	3933490
HS	663	0	1521	3935011
HS	662	0	1549	3936560
HS	661	0	1496	3938056
HS	660	0	1497	3939553
HS	659	0	1466	3941019
HS	658	0	1519	3942538
HS	657	0	1453	3943991
HS	656	0	1415	3945406
HS	655	0	1414	3946820
HS	654	0	1388	3948208
HS	653	0	1420	3949628
HS	652	0	1362	3950990
HS	651	0	1395	3952385
HS	650	0	1241	3953626
HS	649	0	1324	3954950
HS	648	0	1279	3956229
HS	647	0	1184	3957413
HS	646	0	1238	3958651
HS	645	0	1254	3959905
HS	644	0	1251	3961156
HS	643	0	1154	3962310
HS	642	0	1183	3963493
HS	641	0	1125	3964618
HS	640	0	1048	3965666
HS	639	0	1126	3966792
HS	638	0	1144	3967936
HS	637	0	1117	3969053
HS	636	0	1038	3970091
HS	635	0	1091	3971182
HS	634	0	950	3972132
HS	633	0	966	3973098
HS	632	0	1045	3974143
HS	631	0	1014	3975157
HS	630	0	945	3976102
HS	629	0	991	3977093
HS	628	0	896	3977989
HS	627	0	922	3978911
HS	626	0	911	3979822
HS	625	0	829	3980651
HS	624	0	826	3981477
HS	623	0	868	3982345
HS	622	0	807	3983152
HS	621	0	801	3983953
HS	620	0	813	3984766
HS	619	0	812	3985578
HS	618	0	776	3986354
HS	617	0	752	3987106
HS	616	0	677	3987783
HS	615	0	757	3988540
HS	614	0	766	3989306
HS	613	0	642	3989948
HS	612	0	672	3990620
HS	611	0	667	3991287
HS	610	0	640	3991927
HS	609	0	607	3992534
HS	608	0	628	3993162
HS	607	0	623	3993785
HS	606	0	602	3994387
HS	605	0	566	3994953
HS	604	0	569	3995522
HS	603	0	597	3996119
HS	602	0	536	3996655
HS	601	0	524	3997179
HS	600	0	512	3997691
HS	599	0	472	3998163
HS	598	0	497	3998660
HS	597	0	441	3999101
HS	596	0	462	3999563
HS	595	0	450	4000013
HS	594	0	460	4000473
HS	593	0	463	4000936
HS	592	0	476	4001412
HS	591	0	446	4001858
HS	590	0	426	4002284
HS	589	0	401	4002685
HS	588	0	477	4003162
HS	587	0	416	4003578
HS	586	0	432	4004010
HS	585	0	363	4004373
HS	584	0	398	4004771
HS	583	0	379	4005150
HS	582	0	412	4005562
HS	581	0	346	4005908
HS	580	0	359	4006267
HS	579	0	294	4006561
HS	578	0	336	4006897
HS	577	0	344	4007241
HS	576	0	305	4007546
HS	575	0	344	4007890
HS	574	0	275	4008165
HS	573	0	334	4008499
HS	572	0	316	4008815
HS	571	0	284	4009099
HS	570	0	286	4009385
HS	569	0	288	4009673
HS	568	0	271	4009944
HS	567	0	269	4010213
HS	566	0	279	4010492
HS	565	0	271	4010763
HS	564	0	244	4011007
HS	563	0	228	4011235
HS	562	0	284	4011519
HS	561	0	283	4011802
HS	560	0	218	4012020
HS	559	0	251	4012271
HS	558	0	224	4012495
HS	557	0	227	4012722
HS	556	0	232	4012954
HS	555	0	210	4013164
HS	554	0	198	4013362
HS	553	0	198	4013560
HS	552	0	191	4013751
HS	551	0	203	4013954
HS	550	0	203	4014157
HS	549	0	210	4014367
HS	548	0	196	4014563
HS	547	0	195	4014758
HS	546	0	205	4014963
HS	545	0	182	4015145
HS	544	0	154	4015299
HS	543	0	169	4015468
HS	542	0	175	4015643
HS	541	0	172	4015815
HS	540	0	148	4015963
HS	539	0	157	4016120
HS	538	0	151	4016271
HS	537	0	171	4016442
HS	536	0	144	4016586
HS	535	0	151	4016737
HS	534	0	165	4016902
HS	533	0	152	4017054
HS	532	0	125	4017179
HS	531	0	134	4017313
HS	530	0	133	4017446
HS	529	0	122	4017568
HS	528	0	149	4017717
HS	527	0	136	4017853
HS	526	0	137	4017990
HS	525	0	118	4018108
HS	524	0	123	4018231
HS	523	0	123	4018354
HS	522	0	104	4018458
HS	521	0	106	4018564
HS	520	0	111	4018675
HS	519	0	98	4018773
HS	518	0	105	4018878
HS	517	0	92	4018970
HS	516	0	88	4019058
HS	515	0	99	4019157
HS	514	0	99	4019256
HS	513	0	96	4019352
HS	512	0	79	4019431
HS	511	0	81	4019512
HS	510	0	99	4019611
HS	509	0	89	4019700
HS	508	0	78	4019778
HS	507	0	95	4019873
HS	506	0	82	4019955
HS	505	0	77	4020032
HS	504	0	79	4020111
HS	503	0	86	4020197
HS	502	0	91	4020288
HS	501	0	64	4020352
HS	500	0	66	4020418
HS	499	0	75	4020493
HS	498	0	81	4020574
HS	497	0	72	4020646
HS	496	0	55	4020701
HS	495	0	74	4020775
HS	494	0	75	4020850
HS	493	0	76	4020926
HS	492	0	75	4021001
HS	491	0	71	4021072
HS	490	0	59	4021131
HS	489	0	72	4021203
HS	488	0	65	4021268
HS	487	0	65	4021333
HS	486	0	60	4021393
HS	485	0	61	4021454
HS	484	0	58	4021512
HS	483	0	44	4021556
HS	482	0	55	4021611
HS	481	0	42	4021653
HS	480	0	34	4021687
HS	479	0	32	4021719
HS	478	0	32	4021751
HS	477	0	40	4021791
HS	476	0	34	4021825
HS	475	0	37	4021862
HS	474	0	32	4021894
HS	473	0	52	4021946
HS	472	0	51	4021997
HS	471	0	29	4022026
HS	470	0	27	4022053
HS	469	0	27	4022080
HS	468	0	27	4022107
HS	467	0	27	4022134
HS	466	0	27	4022161
HS	465	0	38	4022199
HS	464	0	41	4022240
HS	463	0	41	4022281
HS	462	0	38	4022319
HS	461	0	41	4022360
HS	460	0	42	4022402
HS	459	0	42	4022444
HS	458	0	42	4022486
HS	457	0	46	4022532
HS	456	0	49	4022581
HS	455	0	33	4022614
HS	454	0	28	4022642
HS	453	0	37	4022679
HS	452	0	33	4022712
HS	451	0	32	4022744
HS	450	0	36	4022780
HS	449	0	33	4022813
HS	448	0	25	4022838
HS	447	0	18	4022856
HS	446	0	27	4022883
HS	445	0	25	4022908
HS	444	0	29	4022937
HS	443	0	36	4022973
HS	442	0	27	4023000
HS	441	0	25	4023025
HS	440	0	28	4023053
HS	439	0	35	4023088
HS	438	0	30	4023118
HS	437	0	31	4023149
HS	436	0	33	4023182
HS	435	0	21	4023203
HS	434	0	31	4023234
HS	433	0	17	4023251
HS	432	0	15	4023266
HS	431	0	25	4023291
HS	430	0	18	4023309
HS	429	0	16	4023325
HS	428	0	16	4023341
HS	427	0	19	4023360
HS	426	0	23	4023383
HS	425	0	13	4023396
HS	424	0	27	4023423
HS	423	0	21	4023444
HS	422	0	25	4023469
HS	421	0	20	4023489
HS	420	0	19	4023508
HS	419	0	16	4023524
HS	418	0	19	4023543
HS	417	0	12	4023555
HS	416	0	13	4023568
HS	415	0	9	4023577
HS	414	0	9	4023586
HS	413	0	10	4023596
HS	412	0	14	4023610
HS	411	0	9	4023619
HS	410	0	6	4023625
HS	409	0	9	4023634
HS	408	0	7	4023641
HS	407	0	8	4023649
HS	406	0	15	4023664
HS	405	0	6	4023670
HS	404	0	15	4023685
HS	403	0	11	4023696
HS	402	0	7	4023703
HS	401	0	3	4023706
HS	400	0	7	4023713
HS	399	0	9	4023722
HS	398	0	9	4023731
HS	397	0	5	4023736
HS	396	0	4	4023740
HS	395	0	6	4023746
HS	394	0	7	4023753
HS	393	0	7	4023760
HS	392	0	6	4023766
HS	391	0	7	4023773
HS	390	0	4	4023777
HS	389	0	8	4023785
HS	388	0	7	4023792
HS	387	0	9	4023801
HS	386	0	6	4023807
HS	385	0	4	4023811
HS	384	0	3	4023814
HS	383	0	2	4023816
HS	382	0	6	4023822
HS	381	0	2	4023824
HS	380	0	4	4023828
HS	379	0	5	4023833
HS	378	0	3	4023836
HS	377	0	8	4023844
HS	376	0	5	4023849
HS	375	0	1	4023850
HS	374	0	5	4023855
HS	373	0	2	4023857
HS	372	0	4	4023861
HS	371	0	4	4023865
HS	370	0	5	4023870
HS	369	0	6	4023876
HS	368	0	7	4023883
HS	367	0	4	4023887
HS	366	0	1	4023888
HS	365	0	1	4023889
HS	364	0	8	4023897
HS	363	0	5	4023902
HS	362	0	6	4023908
HS	361	0	5	4023913
HS	360	0	4	4023917
HS	359	0	3	4023920
HS	358	0	7	4023927
HS	357	0	5	4023932
HS	356	0	5	4023937
HS	355	0	6	4023943
HS	354	0	3	4023946
HS	353	0	2	4023948
HS	352	0	2	4023950
HS	351	0	3	4023953
HS	350	0	4	4023957
HS	349	0	2	4023959
HS	348	0	5	4023964
HS	347	0	4	4023968
HS	346	0	3	4023971
HS	345	0	2	4023973
HS	344	0	3	4023976
HS	343	0	0	4023976
HS	342	0	6	4023982
HS	341	0	6	4023988
HS	340	0	0	4023988
HS	339	0	4	4023992
HS	338	0	2	4023994
HS	337	0	5	4023999
HS	336	0	1	4024000
HS	335	0	3	4024003
HS	334	0	4	4024007
HS	333	0	2	4024009
HS	332	0	2	4024011
HS	331	0	3	4024014
HS	330	0	3	4024017
HS	329	0	2	4024019
HS	328	0	3	4024022
HS	327	0	5	4024027
HS	326	0	4	4024031
HS	325	0	6	4024037
HS	324	0	1	4024038
HS	323	0	6	4024044
HS	322	0	4	4024048
HS	321	0	3	4024051
HS	320	0	4	4024055
HS	319	0	3	4024058
HS	318	0	1	4024059
HS	317	0	4	4024063
HS	316	0	2	4024065
HS	315	0	6	4024071
HS	314	0	4	4024075
HS	313	0	5	4024080
HS	312	0	6	4024086
HS	311	0	2	4024088
HS	310	0	3	4024091
HS	309	0	5	4024096
HS	308	0	6	4024102
HS	307	0	3	4024105
HS	306	0	5	4024110
HS	305	0	0	4024110
HS	304	0	5	4024115
HS	303	0	3	4024118
HS	302	0	5	4024123
HS	301	0	3	4024126
HS	300	0	2	4024128
HS	299	0	6	4024134
HS	298	0	3	4024137
HS	297	0	4	4024141
HS	296	0	5	4024146
HS	295	0	5	4024151
HS	294	0	3	4024154
HS	293	0	6	4024160
HS	292	0	3	4024163
HS	291	0	4	4024167
HS	290	0	8	4024175
HS	289	0	4	4024179
HS	288	0	7	4024186
HS	287	0	4	4024190
HS	286	0	5	4024195
HS	285	0	2	4024197
HS	284	0	5	4024202
HS	283	0	5	4024207
HS	282	0	3	4024210
HS	281	0	9	4024219
HS	280	0	5	4024224
HS	279	0	8	4024232
HS	278	0	7	4024239
HS	277	0	3	4024242
HS	276	0	6	4024248
HS	275	0	3	4024251
HS	274	0	7	4024258
HS	273	0	4	4024262
HS	272	0	3	4024265
HS	271	0	5	4024270
HS	270	0	5	4024275
HS	269	0	4	4024279
HS	268	0	9	4024288
HS	267	0	2	4024290
HS	266	0	3	4024293
HS	265	0	4	4024297
HS	264	0	5	4024302
HS	263	0	4	4024306
HS	262	0	2	4024308
HS	261	0	7	4024315
HS	260	0	8	4024323
HS	259	0	8	4024331
HS	258	0	6	4024337
HS	257	0	5	4024342
HS	256	0	4	4024346
HS	255	0	1	4024347
HS	254	0	2	4024349
HS	253	0	2	4024351
HS	252	0	7	4024358
HS	251	0	5	4024363
HS	250	0	10	4024373
HS	249	0	9	4024382
HS	248	0	6	4024388
HS	247	0	14	4024402
HS	246	0	7	4024409
HS	245	0	9	4024418
HS	244	0	17	4024435
HS	243	0	9	4024444
HS	242	0	11	4024455
HS	241	0	8	4024463
HS	240	0	9	4024472
HS	239	0	7	4024479
HS	238	0	4	4024483
HS	237	0	6	4024489
HS	236	0	8	4024497
HS	235	0	8	4024505
HS	234	0	4	4024509
HS	233	0	5	4024514
HS	232	0	7	4024521
HS	231	0	6	4024527
HS	230	0	9	4024536
HS	229	0	11	4024547
HS	228	0	9	4024556
HS	227	0	3	4024559
HS	226	0	11	4024570
HS	225	0	13	4024583
HS	224	0	10	4024593
HS	223	0	7	4024600
HS	222	0	3	4024603
HS	221	0	11	4024614
HS	220	0	13	4024627
HS	219	0	11	4024638
HS	218	0	15	4024653
HS	217	0	11	4024664
HS	216	0	5	4024669
HS	215	0	8	4024677
HS	214	0	6	4024683
HS	213	0	9	4024692
HS	212	0	10	4024702
HS	211	0	9	4024711
HS	210	0	9	4024720
HS	209	0	6	4024726
HS	208	0	10	4024736
HS	207	0	12	4024748
HS	206	0	13	4024761
HS	205	0	12	4024773
HS	204	0	11	4024784
HS	203	0	4	4024788
HS	202	0	13	4024801
HS	201	0	12	4024813
HS	200	0	10	4024823
HS	199	0	9	4024832
HS	198	0	9	4024841
HS	197	0	13	4024854
HS	196	0	11	4024865
HS	195	0	9	4024874
HS	194	0	14	4024888
HS	193	0	19	4024907
HS	192	0	18	4024925
HS	191	0	17	4024942
HS	190	0	19	4024961
HS	189	0	14	4024975
HS	188	0	11	4024986
HS	187	0	14	4025000
HS	186	0	14	4025014
HS	185	0	12	4025026
HS	184	0	17	4025043
HS	183	0	14	4025057
HS	182	0	7	4025064
HS	181	0	15	4025079
HS	180	0	12	4025091
HS	179	0	10	4025101
HS	178	0	9	4025110
HS	177	0	15	4025125
HS	176	0	14	4025139
HS	175	0	12	4025151
HS	174	0	10	4025161
HS	173	0	16	4025177
HS	172	0	20	4025197
HS	171	0	13	4025210
HS	170	0	15	4025225
HS	169	0	15	4025240
HS	168	0	9	4025249
HS	167	0	22	4025271
HS	166	0	22	4025293
HS	165	0	18	4025311
HS	164	0	17	4025328
HS	163	0	20	4025348
HS	162	0	20	4025368
HS	161	0	23	4025391
HS	160	0	18	4025409
HS	159	0	23	4025432
HS	158	0	26	4025458
HS	157	0	22	4025480
HS	156	0	20	4025500
HS	155	0	22	4025522
HS	154	0	20	4025542
HS	153	0	19	4025561
HS	152	0	32	4025593
HS	151	0	15	4025608
HS	150	0	33	4025641
HS	149	0	29	4025670
HS	148	0	24	4025694
HS	147	0	20	4025714
HS	146	0	26	4025740
HS	145	0	31	4025771
HS	144	0	41	4025812
HS	143	0	34	4025846
HS	142	0	47	4025893
HS	141	0	34	4025927
HS	140	0	41	4025968
HS	139	0	36	4026004
HS	138	0	42	4026046
HS	137	0	41	4026087
HS	136	0	31	4026118
HS	135	0	53	4026171
HS	134	0	52	4026223
HS	133	0	42	4026265
HS	132	0	47	4026312
HS	131	0	40	4026352
HS	130	0	39	4026391
HS	129	0	64	4026455
HS	128	0	65	4026520
HS	127	0	83	4026603
HS	126	0	71	4026674
HS	125	0	74	4026748
HS	124	0	86	4026834
HS	123	0	70	4026904
HS	122	0	59	4026963
HS	121	0	66	4027029
HS	120	0	59	4027088
HS	119	0	69	4027157
HS	118	0	65	4027222
HS	117	0	88	4027310
HS	116	0	101	4027411
HS	115	0	95	4027506
HS	114	0	101	4027607
HS	113	0	102	4027709
HS	112	0	112	4027821
HS	111	0	114	4027935
HS	110	0	112	4028047
HS	109	0	112	4028159
HS	108	0	106	4028265
HS	107	0	121	4028386
HS	106	0	137	4028523
HS	105	0	135	4028658
HS	104	0	136	4028794
HS	103	0	158	4028952
HS	102	0	144	4029096
HS	101	0	140	4029236
HS	100	0	138	4029374
HS	99	0	176	4029550
HS	98	0	186	4029736
HS	97	0	194	4029930
HS	96	0	183	4030113
HS	95	0	190	4030303
HS	94	0	179	4030482
HS	93	0	185	4030667
HS	92	0	238	4030905
HS	91	0	228	4031133
HS	90	0	243	4031376
HS	89	0	208	4031584
HS	88	0	246	4031830
HS	87	0	231	4032061
HS	86	0	232	4032293
HS	85	0	302	4032595
HS	84	0	335	4032930
HS	83	0	293	4033223
HS	82	0	350	4033573
HS	81	0	363	4033936
HS	80	0	356	4034292
HS	79	0	382	4034674
HS	78	0	411	4035085
HS	77	0	469	4035554
HS	76	0	461	4036015
HS	75	0	512	4036527
HS	74	0	564	4037091
HS	73	0	621	4037712
HS	72	0	690	4038402
HS	71	0	636	4039038
HS	70	0	668	4039706
HS	69	0	731	4040437
HS	68	0	769	4041206
HS	67	0	837	4042043
HS	66	0	864	4042907
HS	65	0	868	4043775
HS	64	0	902	4044677
HS	63	0	1038	4045715
HS	62	0	1021	4046736
HS	61	0	1098	4047834
HS	60	0	1186	4049020
HS	59	0	1266	4050286
HS	58	0	1265	4051551
HS	57	0	1314	4052865
HS	56	0	1434	4054299
HS	55	0	1543	4055842
HS	54	0	1635	4057477
HS	53	0	1826	4059303
HS	52	0	2030	4061333
HS	51	0	2170	4063503
HS	50	0	2220	4065723
HS	49	0	2421	4068144
HS	48	0	2573	4070717
HS	47	0	2688	4073405
HS	46	0	2834	4076239
HS	45	0	3084	4079323
HS	44	0	3323	4082646
HS	43	0	3682	4086328
HS	42	0	3865	4090193
HS	41	0	4104	4094297
HS	40	0	4398	4098695
HS	39	0	4803	4103498
HS	38	0	5129	4108627
HS	37	0	5830	4114457
HS	36	0	6368	4120825
HS	35	0	7087	4127912
HS	34	0	7592	4135504
HS	33	0	8343	4143847
HS	32	0	9376	4153223
HS	31	0	10710	4163933
HS	30	0	11716	4175649
HS	29	0	12961	4188610
HS	28	0	14665	4203275
HS	27	0	16474	4219749
HS	26	0	18761	4238510
HS	25	0	21309	4259819
HS	24	0	24469	4284288
HS	23	0	28147	4312435
HS	22	0	32422	4344857
HS	21	0	38532	4383389
HS	20	0	46022	4429411
HS	19	0	55540	4484951
HS	18	0	66835	4551786
HS	17	0	81653	4633439
HS	16	0	102859	4736298
HS	15	0	131057	4867355
HS	14	0	168260	5035615
HS	13	0	221498	5257113
HS	12	0	292639	5549752
HS	11	0	394925	5944677
HS	10	0	543252	6487929
HS	9	0	773911	7261840
HS	8	0	1120250	8382090
HS	7	0	1680275	10062365
HS	6	0	2607485	12669850
HS	5	0	4270074	16939924
HS	4	0	7624621	24564545
HS	3	0	15335780	39900325
HS	2	0	38110029	78010354
HS	1	0	0	78010354
HS	0	0	0	78010354
