CC	CT  kmer_occurrence    short_read_kmer_count  raw_input_kmer_count  adjusted_input_kmer_count
CC	FR  fpr_lower_bound    fpr_upper_bound
CC	ER  total_input_kmers  adjusted_error_kmers
CC	CV  coverage
CC	QV  raw_quality_value  adjusted_quality_value
CC
SQ	CP126077.1	4014983	4014953	4014953	99.00
CT	1023	66405	141168	141168.000
CT	1022	699	714	714.000
CT	1021	717	723	723.000
CT	1020	729	746	746.000
CT	1019	769	782	782.000
CT	1018	704	716	716.000
CT	1017	699	707	707.000
CT	1016	734	743	743.000
CT	1015	766	778	778.000
CT	1014	751	759	759.000
CT	1013	748	763	763.000
CT	1012	842	850	850.000
CT	1011	844	854	854.000
CT	1010	767	771	771.000
CT	1009	837	845	845.000
CT	1008	888	903	903.000
CT	1007	844	855	855.000
CT	1006	843	854	854.000
CT	1005	830	840	840.000
CT	1004	876	882	882.000
CT	1003	903	916	916.000
CT	1002	884	893	893.000
CT	1001	896	905	905.000
CT	1000	926	932	932.000
CT	999	860	868	868.000
CT	998	927	935	935.000
CT	997	895	901	901.000
CT	996	941	953	953.000
CT	995	940	943	943.000
CT	994	919	930	930.000
CT	993	993	1001	1001.000
CT	992	1060	1074	1074.000
CT	991	1021	1027	1027.000
CT	990	1050	1059	1059.000
CT	989	1079	1087	1087.000
CT	988	1064	1073	1073.000
CT	987	1097	1105	1105.000
CT	986	1105	1113	1113.000
CT	985	1106	1114	1114.000
CT	984	1111	1118	1118.000
CT	983	1043	1057	1057.000
CT	982	1178	1187	1187.000
CT	981	1185	1192	1192.000
CT	980	1173	1187	1187.000
CT	979	1216	1222	1222.000
CT	978	1215	1224	1224.000
CT	977	1244	1248	1248.000
CT	976	1240	1246	1246.000
CT	975	1288	1296	1296.000
CT	974	1315	1321	1321.000
CT	973	1308	1310	1310.000
CT	972	1349	1357	1357.000
CT	971	1259	1264	1264.000
CT	970	1288	1294	1294.000
CT	969	1346	1355	1355.000
CT	968	1375	1379	1379.000
CT	967	1468	1481	1481.000
CT	966	1433	1439	1439.000
CT	965	1486	1498	1498.000
CT	964	1448	1451	1451.000
CT	963	1502	1513	1513.000
CT	962	1454	1464	1464.000
CT	961	1590	1599	1599.000
CT	960	1558	1568	1568.000
CT	959	1560	1571	1571.000
CT	958	1638	1654	1654.000
CT	957	1608	1616	1616.000
CT	956	1627	1640	1640.000
CT	955	1782	1791	1791.000
CT	954	1626	1638	1638.000
CT	953	1717	1730	1730.000
CT	952	1724	1733	1733.000
CT	951	1738	1751	1751.000
CT	950	1787	1795	1795.000
CT	949	1818	1828	1828.000
CT	948	1854	1862	1862.000
CT	947	1807	1823	1823.000
CT	946	1833	1844	1844.000
CT	945	1860	1866	1866.000
CT	944	1870	1875	1875.000
CT	943	1902	1911	1911.000
CT	942	1953	1965	1965.000
CT	941	1852	1865	1865.000
CT	940	1930	1937	1937.000
CT	939	2021	2026	2026.000
CT	938	2028	2035	2035.000
CT	937	2050	2057	2057.000
CT	936	2106	2116	2116.000
CT	935	2099	2106	2106.000
CT	934	2063	2071	2071.000
CT	933	2126	2133	2133.000
CT	932	2181	2188	2188.000
CT	931	2203	2213	2213.000
CT	930	2170	2183	2183.000
CT	929	2230	2241	2241.000
CT	928	2177	2188	2188.000
CT	927	2284	2299	2299.000
CT	926	2344	2352	2352.000
CT	925	2302	2310	2310.000
CT	924	2416	2426	2426.000
CT	923	2416	2419	2419.000
CT	922	2416	2431	2431.000
CT	921	2474	2484	2484.000
CT	920	2435	2446	2446.000
CT	919	2427	2436	2436.000
CT	918	2588	2599	2599.000
CT	917	2553	2567	2567.000
CT	916	2630	2643	2643.000
CT	915	2614	2624	2624.000
CT	914	2709	2716	2716.000
CT	913	2796	2799	2799.000
CT	912	2948	2957	2957.000
CT	911	2849	2856	2856.000
CT	910	2864	2871	2871.000
CT	909	2930	2939	2939.000
CT	908	2784	2795	2795.000
CT	907	2974	2984	2984.000
CT	906	3022	3037	3037.000
CT	905	2932	2940	2940.000
CT	904	2988	2995	2995.000
CT	903	3063	3074	3074.000
CT	902	3140	3149	3149.000
CT	901	3076	3086	3086.000
CT	900	3154	3164	3164.000
CT	899	3270	3276	3276.000
CT	898	3252	3263	3263.000
CT	897	3256	3264	3264.000
CT	896	3390	3394	3394.000
CT	895	3490	3505	3505.000
CT	894	3325	3337	3337.000
CT	893	3343	3359	3359.000
CT	892	3446	3457	3457.000
CT	891	3516	3526	3526.000
CT	890	3418	3429	3429.000
CT	889	3667	3678	3678.000
CT	888	3638	3653	3653.000
CT	887	3580	3591	3591.000
CT	886	3618	3634	3634.000
CT	885	3798	3803	3803.000
CT	884	3811	3823	3823.000
CT	883	3929	3936	3936.000
CT	882	3816	3822	3822.000
CT	881	3774	3779	3779.000
CT	880	4043	4050	4050.000
CT	879	3973	3980	3980.000
CT	878	3970	3982	3982.000
CT	877	4015	4022	4022.000
CT	876	4108	4118	4118.000
CT	875	4081	4086	4086.000
CT	874	4108	4117	4117.000
CT	873	4253	4263	4263.000
CT	872	4290	4299	4299.000
CT	871	4262	4268	4268.000
CT	870	4309	4322	4322.000
CT	869	4463	4469	4469.000
CT	868	4406	4413	4413.000
CT	867	4482	4490	4490.000
CT	866	4476	4480	4480.000
CT	865	4573	4575	4575.000
CT	864	4642	4644	4644.000
CT	863	4707	4712	4712.000
CT	862	4723	4726	4726.000
CT	861	4699	4704	4704.000
CT	860	4894	4895	4895.000
CT	859	4850	4853	4853.000
CT	858	5003	5010	5010.000
CT	857	5003	5008	5008.000
CT	856	5234	5237	5237.000
CT	855	5074	5078	5078.000
CT	854	5204	5207	5207.000
CT	853	5253	5254	5254.000
CT	852	5190	5194	5194.000
CT	851	5070	5073	5073.000
CT	850	5344	5345	5345.000
CT	849	5197	5198	5198.000
CT	848	5379	5384	5384.000
CT	847	5329	5329	5329.000
CT	846	5485	5488	5488.000
CT	845	5500	5501	5501.000
CT	844	5500	5500	5500.000
CT	843	5512	5513	5513.000
CT	842	5683	5686	5686.000
CT	841	5650	5651	5651.000
CT	840	5542	5544	5544.000
CT	839	5690	5690	5690.000
CT	838	5832	5834	5834.000
CT	837	5967	5970	5970.000
CT	836	6018	6019	6019.000
CT	835	5873	5874	5874.000
CT	834	6218	6222	6222.000
CT	833	6146	6150	6150.000
CT	832	6249	6250	6250.000
CT	831	6480	6484	6484.000
CT	830	6395	6399	6399.000
CT	829	6386	6387	6387.000
CT	828	6504	6506	6506.000
CT	827	6502	6504	6504.000
CT	826	6705	6705	6705.000
CT	825	6791	6794	6794.000
CT	824	6767	6772	6772.000
CT	823	6697	6699	6699.000
CT	822	6947	6949	6949.000
CT	821	7014	7016	7016.000
CT	820	6911	6914	6914.000
CT	819	7161	7162	7162.000
CT	818	7105	7105	7105.000
CT	817	7137	7138	7138.000
CT	816	7147	7150	7150.000
CT	815	7237	7239	7239.000
CT	814	7489	7492	7492.000
CT	813	7448	7450	7450.000
CT	812	7632	7635	7635.000
CT	811	7505	7508	7508.000
CT	810	7567	7569	7569.000
CT	809	7624	7625	7625.000
CT	808	7540	7544	7544.000
CT	807	7868	7870	7870.000
CT	806	7764	7768	7768.000
CT	805	7810	7812	7812.000
CT	804	7725	7728	7728.000
CT	803	7942	7945	7945.000
CT	802	7960	7962	7962.000
CT	801	8230	8236	8236.000
CT	800	8178	8178	8178.000
CT	799	8159	8166	8166.000
CT	798	8253	8256	8256.000
CT	797	8211	8213	8213.000
CT	796	8535	8538	8538.000
CT	795	8416	8420	8420.000
CT	794	8558	8561	8561.000
CT	793	8345	8346	8346.000
CT	792	8505	8507	8507.000
CT	791	8679	8679	8679.000
CT	790	8601	8602	8602.000
CT	789	8658	8659	8659.000
CT	788	8858	8860	8860.000
CT	787	8732	8733	8733.000
CT	786	8790	8793	8793.000
CT	785	9046	9049	9049.000
CT	784	8868	8869	8869.000
CT	783	9052	9055	9055.000
CT	782	8923	8925	8925.000
CT	781	9306	9309	9309.000
CT	780	9116	9116	9116.000
CT	779	9225	9226	9226.000
CT	778	9319	9321	9321.000
CT	777	9388	9388	9388.000
CT	776	9450	9450	9450.000
CT	775	9550	9553	9553.000
CT	774	9623	9623	9623.000
CT	773	9524	9526	9526.000
CT	772	9709	9711	9711.000
CT	771	9867	9868	9868.000
CT	770	9810	9811	9811.000
CT	769	9913	9915	9915.000
CT	768	10144	10145	10145.000
CT	767	9966	9966	9966.000
CT	766	10196	10196	10196.000
CT	765	10050	10051	10051.000
CT	764	10045	10048	10048.000
CT	763	10386	10388	10388.000
CT	762	10243	10243	10243.000
CT	761	10466	10468	10468.000
CT	760	10228	10231	10231.000
CT	759	10301	10303	10303.000
CT	758	10499	10500	10500.000
CT	757	10476	10479	10479.000
CT	756	10425	10427	10427.000
CT	755	10556	10558	10558.000
CT	754	10507	10507	10507.000
CT	753	10708	10712	10712.000
CT	752	10813	10813	10813.000
CT	751	10779	10782	10782.000
CT	750	10780	10781	10781.000
CT	749	11007	11009	11009.000
CT	748	11017	11019	11019.000
CT	747	11063	11065	11065.000
CT	746	11171	11173	11173.000
CT	745	11052	11054	11054.000
CT	744	11293	11295	11295.000
CT	743	11250	11250	11250.000
CT	742	11218	11219	11219.000
CT	741	11503	11503	11503.000
CT	740	11505	11505	11505.000
CT	739	11420	11421	11421.000
CT	738	11463	11463	11463.000
CT	737	11590	11592	11592.000
CT	736	11656	11654	11654.000
CT	735	11727	11727	11727.000
CT	734	11787	11786	11786.000
CT	733	11613	11614	11614.000
CT	732	11695	11693	11693.000
CT	731	11866	11868	11868.000
CT	730	11694	11694	11694.000
CT	729	11976	11977	11977.000
CT	728	12042	12045	12045.000
CT	727	12039	12038	12038.000
CT	726	11954	11954	11954.000
CT	725	11980	11980	11980.000
CT	724	12244	12245	12245.000
CT	723	12310	12311	12311.000
CT	722	11899	11901	11901.000
CT	721	12481	12480	12480.000
CT	720	12352	12350	12350.000
CT	719	12362	12360	12360.000
CT	718	12697	12697	12697.000
CT	717	12375	12374	12374.000
CT	716	12589	12588	12588.000
CT	715	12540	12537	12537.000
CT	714	12512	12511	12511.000
CT	713	12581	12580	12580.000
CT	712	12532	12531	12531.000
CT	711	12655	12654	12654.000
CT	710	12518	12517	12517.000
CT	709	12678	12677	12677.000
CT	708	12703	12702	12702.000
CT	707	12723	12721	12721.000
CT	706	12670	12670	12670.000
CT	705	12608	12607	12607.000
CT	704	12927	12926	12926.000
CT	703	12939	12937	12937.000
CT	702	12911	12910	12910.000
CT	701	12976	12975	12975.000
CT	700	13024	13022	13022.000
CT	699	13077	13077	13077.000
CT	698	12956	12957	12957.000
CT	697	12985	12984	12984.000
CT	696	12790	12790	12790.000
CT	695	13102	13101	13101.000
CT	694	13056	13054	13054.000
CT	693	12942	12942	12942.000
CT	692	13032	13033	13033.000
CT	691	13096	13097	13097.000
CT	690	13080	13079	13079.000
CT	689	13263	13263	13263.000
CT	688	13203	13203	13203.000
CT	687	12981	12982	12982.000
CT	686	13184	13184	13184.000
CT	685	13095	13095	13095.000
CT	684	12887	12889	12889.000
CT	683	12861	12861	12861.000
CT	682	12972	12973	12973.000
CT	681	13078	13078	13078.000
CT	680	13183	13184	13184.000
CT	679	13373	13375	13375.000
CT	678	13193	13193	13193.000
CT	677	13185	13186	13186.000
CT	676	12999	12999	12999.000
CT	675	13066	13067	13067.000
CT	674	13156	13157	13157.000
CT	673	13179	13182	13182.000
CT	672	13258	13259	13259.000
CT	671	13148	13148	13148.000
CT	670	13174	13174	13174.000
CT	669	13241	13241	13241.000
CT	668	13236	13236	13236.000
CT	667	13186	13187	13187.000
CT	666	13080	13080	13080.000
CT	665	13116	13115	13115.000
CT	664	13152	13152	13152.000
CT	663	13063	13063	13063.000
CT	662	13141	13141	13141.000
CT	661	13021	13020	13020.000
CT	660	13043	13043	13043.000
CT	659	13127	13126	13126.000
CT	658	13037	13036	13036.000
CT	657	13419	13419	13419.000
CT	656	13246	13244	13244.000
CT	655	13047	13044	13044.000
CT	654	13069	13068	13068.000
CT	653	13116	13115	13115.000
CT	652	13264	13262	13262.000
CT	651	13040	13040	13040.000
CT	650	13080	13078	13078.000
CT	649	12984	12982	12982.000
CT	648	13078	13078	13078.000
CT	647	12872	12871	12871.000
CT	646	13066	13065	13065.000
CT	645	12788	12788	12788.000
CT	644	12771	12769	12769.000
CT	643	12915	12914	12914.000
CT	642	12950	12947	12947.000
CT	641	12796	12792	12792.000
CT	640	12811	12808	12808.000
CT	639	12730	12729	12729.000
CT	638	12724	12717	12717.000
CT	637	12682	12677	12677.000
CT	636	12557	12556	12556.000
CT	635	12597	12591	12591.000
CT	634	12584	12581	12581.000
CT	633	12648	12647	12647.000
CT	632	12378	12371	12371.000
CT	631	12281	12280	12280.000
CT	630	12240	12237	12237.000
CT	629	12437	12436	12436.000
CT	628	12203	12200	12200.000
CT	627	12213	12211	12211.000
CT	626	12035	12031	12031.000
CT	625	12322	12318	12318.000
CT	624	12030	12026	12026.000
CT	623	12087	12087	12087.000
CT	622	12059	12054	12054.000
CT	621	11861	11856	11856.000
CT	620	11878	11873	11873.000
CT	619	11772	11771	11771.000
CT	618	11678	11675	11675.000
CT	617	11932	11931	11931.000
CT	616	11372	11372	11372.000
CT	615	11668	11664	11664.000
CT	614	11607	11607	11607.000
CT	613	11207	11203	11203.000
CT	612	11290	11288	11288.000
CT	611	11307	11306	11306.000
CT	610	11118	11115	11115.000
CT	609	11238	11235	11235.000
CT	608	10958	10956	10956.000
CT	607	11039	11036	11036.000
CT	606	11059	11056	11056.000
CT	605	10744	10741	10741.000
CT	604	11115	11112	11112.000
CT	603	10772	10773	10773.000
CT	602	10904	10900	10900.000
CT	601	10623	10621	10621.000
CT	600	10517	10514	10514.000
CT	599	10469	10466	10466.000
CT	598	10527	10523	10523.000
CT	597	10431	10425	10425.000
CT	596	10317	10310	10310.000
CT	595	10201	10196	10196.000
CT	594	10117	10108	10108.000
CT	593	9844	9839	9839.000
CT	592	9919	9911	9911.000
CT	591	10060	10059	10059.000
CT	590	9902	9900	9900.000
CT	589	9717	9712	9712.000
CT	588	9820	9818	9818.000
CT	587	9735	9734	9734.000
CT	586	9528	9526	9526.000
CT	585	9514	9511	9511.000
CT	584	9385	9383	9383.000
CT	583	9102	9097	9097.000
CT	582	9070	9064	9064.000
CT	581	9225	9219	9219.000
CT	580	8977	8973	8973.000
CT	579	8923	8920	8920.000
CT	578	8762	8756	8756.000
CT	577	8751	8748	8748.000
CT	576	8844	8836	8836.000
CT	575	8907	8906	8906.000
CT	574	8540	8534	8534.000
CT	573	8435	8433	8433.000
CT	572	8378	8370	8370.000
CT	571	8409	8402	8402.000
CT	570	8349	8346	8346.000
CT	569	8295	8290	8290.000
CT	568	8224	8218	8218.000
CT	567	8099	8094	8094.000
CT	566	7964	7957	7957.000
CT	565	7982	7977	7977.000
CT	564	7812	7807	7807.000
CT	563	7730	7726	7726.000
CT	562	7640	7634	7634.000
CT	561	7551	7548	7548.000
CT	560	7416	7410	7410.000
CT	559	7502	7501	7501.000
CT	558	7224	7223	7223.000
CT	557	7322	7318	7318.000
CT	556	7030	7028	7028.000
CT	555	6913	6911	6911.000
CT	554	6992	6990	6990.000
CT	553	7039	7035	7035.000
CT	552	6681	6677	6677.000
CT	551	6602	6600	6600.000
CT	550	6563	6561	6561.000
CT	549	6559	6557	6557.000
CT	548	6341	6339	6339.000
CT	547	6593	6590	6590.000
CT	546	6184	6183	6183.000
CT	545	6235	6234	6234.000
CT	544	6142	6141	6141.000
CT	543	6075	6072	6072.000
CT	542	5924	5923	5923.000
CT	541	6047	6047	6047.000
CT	540	5696	5694	5694.000
CT	539	5645	5642	5642.000
CT	538	5591	5589	5589.000
CT	537	5472	5469	5469.000
CT	536	5535	5534	5534.000
CT	535	5366	5362	5362.000
CT	534	5333	5330	5330.000
CT	533	5273	5270	5270.000
CT	532	5012	5010	5010.000
CT	531	5199	5198	5198.000
CT	530	5055	5053	5053.000
CT	529	5091	5090	5090.000
CT	528	4906	4904	4904.000
CT	527	4798	4798	4798.000
CT	526	4822	4820	4820.000
CT	525	4801	4800	4800.000
CT	524	4654	4654	4654.000
CT	523	4768	4763	4763.000
CT	522	4655	4651	4651.000
CT	521	4467	4465	4465.000
CT	520	4384	4383	4383.000
CT	519	4372	4371	4371.000
CT	518	4222	4221	4221.000
CT	517	4119	4115	4115.000
CT	516	4011	4008	4008.000
CT	515	4042	4041	4041.000
CT	514	3872	3871	3871.000
CT	513	3894	3894	3894.000
CT	512	3741	3739	3739.000
CT	511	3729	3728	3728.000
CT	510	3648	3647	3647.000
CT	509	3488	3486	3486.000
CT	508	3388	3383	3383.000
CT	507	3433	3432	3432.000
CT	506	3463	3461	3461.000
CT	505	3365	3361	3361.000
CT	504	3411	3409	3409.000
CT	503	3219	3218	3218.000
CT	502	3163	3162	3162.000
CT	501	3183	3182	3182.000
CT	500	3042	3039	3039.000
CT	499	2960	2960	2960.000
CT	498	2979	2978	2978.000
CT	497	2796	2793	2793.000
CT	496	2621	2621	2621.000
CT	495	2807	2806	2806.000
CT	494	2615	2611	2611.000
CT	493	2581	2578	2578.000
CT	492	2616	2613	2613.000
CT	491	2470	2469	2469.000
CT	490	2521	2516	2516.000
CT	489	2402	2399	2399.000
CT	488	2406	2403	2403.000
CT	487	2397	2392	2392.000
CT	486	2274	2271	2271.000
CT	485	2307	2300	2300.000
CT	484	2284	2281	2281.000
CT	483	2228	2226	2226.000
CT	482	2162	2160	2160.000
CT	481	2112	2109	2109.000
CT	480	2040	2039	2039.000
CT	479	1925	1922	1922.000
CT	478	1843	1843	1843.000
CT	477	1814	1813	1813.000
CT	476	1900	1899	1899.000
CT	475	1754	1753	1753.000
CT	474	1646	1643	1643.000
CT	473	1601	1599	1599.000
CT	472	1629	1627	1627.000
CT	471	1507	1505	1505.000
CT	470	1560	1556	1556.000
CT	469	1519	1518	1518.000
CT	468	1498	1498	1498.000
CT	467	1421	1419	1419.000
CT	466	1415	1413	1413.000
CT	465	1326	1324	1324.000
CT	464	1252	1251	1251.000
CT	463	1283	1282	1282.000
CT	462	1258	1257	1257.000
CT	461	1177	1176	1176.000
CT	460	1157	1156	1156.000
CT	459	1128	1125	1125.000
CT	458	1136	1133	1133.000
CT	457	1148	1145	1145.000
CT	456	1074	1072	1072.000
CT	455	1093	1093	1093.000
CT	454	1045	1043	1043.000
CT	453	1028	1026	1026.000
CT	452	1025	1022	1022.000
CT	451	987	985	985.000
CT	450	958	956	956.000
CT	449	996	994	994.000
CT	448	908	905	905.000
CT	447	848	846	846.000
CT	446	837	834	834.000
CT	445	786	784	784.000
CT	444	833	830	830.000
CT	443	827	821	821.000
CT	442	785	782	782.000
CT	441	766	766	766.000
CT	440	729	725	725.000
CT	439	752	750	750.000
CT	438	675	674	674.000
CT	437	662	662	662.000
CT	436	704	703	703.000
CT	435	640	640	640.000
CT	434	630	630	630.000
CT	433	631	631	631.000
CT	432	574	574	574.000
CT	431	592	592	592.000
CT	430	564	563	563.000
CT	429	518	515	515.000
CT	428	528	527	527.000
CT	427	503	503	503.000
CT	426	450	450	450.000
CT	425	476	476	476.000
CT	424	451	450	450.000
CT	423	450	449	449.000
CT	422	455	455	455.000
CT	421	474	474	474.000
CT	420	417	417	417.000
CT	419	404	401	401.000
CT	418	417	416	416.000
CT	417	350	349	349.000
CT	416	358	356	356.000
CT	415	337	336	336.000
CT	414	361	360	360.000
CT	413	330	329	329.000
CT	412	333	329	329.000
CT	411	310	307	307.000
CT	410	282	280	280.000
CT	409	298	298	298.000
CT	408	291	290	290.000
CT	407	248	246	246.000
CT	406	256	255	255.000
CT	405	298	298	298.000
CT	404	248	248	248.000
CT	403	232	232	232.000
CT	402	258	258	258.000
CT	401	242	242	242.000
CT	400	239	239	239.000
CT	399	228	228	228.000
CT	398	240	240	240.000
CT	397	235	235	235.000
CT	396	195	195	195.000
CT	395	207	207	207.000
CT	394	217	217	217.000
CT	393	192	192	192.000
CT	392	182	182	182.000
CT	391	184	184	184.000
CT	390	156	156	156.000
CT	389	135	135	135.000
CT	388	159	158	158.000
CT	387	136	136	136.000
CT	386	136	135	135.000
CT	385	102	101	101.000
CT	384	127	127	127.000
CT	383	121	121	121.000
CT	382	119	119	119.000
CT	381	116	116	116.000
CT	380	135	135	135.000
CT	379	100	99	99.000
CT	378	104	104	104.000
CT	377	104	104	104.000
CT	376	113	113	113.000
CT	375	84	84	84.000
CT	374	95	95	95.000
CT	373	96	96	96.000
CT	372	92	91	91.000
CT	371	66	66	66.000
CT	370	73	73	73.000
CT	369	61	61	61.000
CT	368	66	66	66.000
CT	367	79	79	79.000
CT	366	72	72	72.000
CT	365	74	74	74.000
CT	364	59	59	59.000
CT	363	65	65	65.000
CT	362	61	61	61.000
CT	361	74	73	73.000
CT	360	65	65	65.000
CT	359	65	65	65.000
CT	358	65	64	64.000
CT	357	67	67	67.000
CT	356	65	64	64.000
CT	355	77	77	77.000
CT	354	48	48	48.000
CT	353	42	42	42.000
CT	352	57	55	55.000
CT	351	47	47	47.000
CT	350	53	53	53.000
CT	349	42	42	42.000
CT	348	46	46	46.000
CT	347	45	45	45.000
CT	346	44	42	42.000
CT	345	43	43	43.000
CT	344	31	31	31.000
CT	343	36	36	36.000
CT	342	35	34	34.000
CT	341	25	23	23.000
CT	340	26	26	26.000
CT	339	29	29	29.000
CT	338	19	18	18.000
CT	337	37	37	37.000
CT	336	33	33	33.000
CT	335	20	18	18.000
CT	334	19	19	19.000
CT	333	23	23	23.000
CT	332	33	33	33.000
CT	331	28	27	27.000
CT	330	30	29	29.000
CT	329	30	29	29.000
CT	328	29	28	28.000
CT	327	18	18	18.000
CT	326	33	33	33.000
CT	325	29	29	29.000
CT	324	18	17	17.000
CT	323	22	22	22.000
CT	322	24	24	24.000
CT	321	27	27	27.000
CT	320	19	19	19.000
CT	319	17	17	17.000
CT	318	19	19	19.000
CT	317	24	23	23.000
CT	316	19	18	18.000
CT	315	19	18	18.000
CT	314	17	17	17.000
CT	313	19	18	18.000
CT	312	18	18	18.000
CT	311	18	17	17.000
CT	310	16	15	15.000
CT	309	14	13	13.000
CT	308	10	8	8.000
CT	307	14	13	13.000
CT	306	12	12	12.000
CT	305	10	10	10.000
CT	304	10	10	10.000
CT	303	17	15	15.000
CT	302	19	16	16.000
CT	301	11	8	8.000
CT	300	13	11	11.000
CT	299	8	8	8.000
CT	298	8	6	6.000
CT	297	5	4	4.000
CT	296	6	3	3.000
CT	295	13	8	8.000
CT	294	9	5	5.000
CT	293	12	7	7.000
CT	292	8	4	4.000
CT	291	7	3	3.000
CT	290	8	7	7.000
CT	289	7	7	7.000
CT	288	10	7	7.000
CT	287	9	7	7.000
CT	286	9	7	7.000
CT	285	9	7	7.000
CT	284	4	4	4.000
CT	283	5	5	5.000
CT	282	4	4	4.000
CT	281	2	2	2.000
CT	280	6	6	6.000
CT	279	3	3	3.000
CT	278	6	5	5.000
CT	277	6	3	3.000
CT	276	3	1	1.000
CT	275	11	4	4.000
CT	274	9	3	3.000
CT	273	4	2	2.000
CT	272	2	1	1.000
CT	271	1	0	0.000
CT	270	3	1	1.000
CT	269	3	2	2.000
CT	268	2	2	2.000
CT	267	2	2	2.000
CT	266	3	2	2.000
CT	265	4	3	3.000
CT	264	6	5	5.000
CT	263	3	2	2.000
CT	262	3	2	2.000
CT	261	3	3	3.000
CT	260	4	3	3.000
CT	259	1	1	1.000
CT	258	3	2	2.000
CT	257	1	1	1.000
CT	256	2	2	2.000
CT	255	1	1	1.000
CT	254	0	0	0.000
CT	253	3	2	2.000
CT	252	3	3	3.000
CT	251	4	4	4.000
CT	250	8	7	7.000
CT	249	6	4	4.000
CT	248	6	4	4.000
CT	247	6	6	6.000
CT	246	1	1	1.000
CT	245	4	2	2.000
CT	244	1	1	1.000
CT	243	2	1	1.000
CT	242	3	3	3.000
CT	241	4	4	4.000
CT	240	4	3	3.000
CT	239	3	1	1.000
CT	238	2	2	2.000
CT	237	0	0	0.000
CT	236	2	2	2.000
CT	235	1	1	1.000
CT	234	2	0	0.000
CT	233	2	1	1.000
CT	232	0	0	0.000
CT	231	1	0	0.000
CT	230	2	0	0.000
CT	229	1	0	0.000
CT	228	7	0	0.000
CT	227	2	0	0.000
CT	226	0	0	0.000
CT	225	0	0	0.000
CT	224	1	0	0.000
CT	223	1	0	0.000
CT	222	0	0	0.000
CT	221	1	0	0.000
CT	220	2	0	0.000
CT	219	0	0	0.000
CT	218	4	0	0.000
CT	217	2	0	0.000
CT	216	3	0	0.000
CT	215	1	0	0.000
CT	214	2	0	0.000
CT	213	11	0	0.000
CT	212	9	0	0.000
CT	211	9	0	0.000
CT	210	5	0	0.000
CT	209	6	0	0.000
CT	208	4	0	0.000
CT	207	4	0	0.000
CT	206	11	0	0.000
CT	205	9	0	0.000
CT	204	11	0	0.000
CT	203	5	0	0.000
CT	202	7	0	0.000
CT	201	10	0	0.000
CT	200	8	0	0.000
CT	199	10	0	0.000
CT	198	4	0	0.000
CT	197	5	0	0.000
CT	196	5	0	0.000
CT	195	5	0	0.000
CT	194	6	0	0.000
CT	193	2	0	0.000
CT	192	1	0	0.000
CT	191	12	0	0.000
CT	190	3	0	0.000
CT	189	6	0	0.000
CT	188	1	0	0.000
CT	187	3	0	0.000
CT	186	5	0	0.000
CT	185	4	0	0.000
CT	184	4	0	0.000
CT	183	2	0	0.000
CT	182	3	0	0.000
CT	181	4	0	0.000
CT	180	1	0	0.000
CT	179	3	0	0.000
CT	178	4	0	0.000
CT	177	4	0	0.000
CT	176	4	0	0.000
CT	175	5	0	0.000
CT	174	2	0	0.000
CT	173	2	0	0.000
CT	172	5	0	0.000
CT	171	0	0	0.000
CT	170	2	0	0.000
CT	169	4	0	0.000
CT	168	7	0	0.000
CT	167	3	0	0.000
CT	166	2	0	0.000
CT	165	6	0	0.000
CT	164	2	0	0.000
CT	163	6	0	0.000
CT	162	10	0	0.000
CT	161	11	0	0.000
CT	160	9	0	0.000
CT	159	14	0	0.000
CT	158	7	0	0.000
CT	157	3	0	0.000
CT	156	9	0	0.000
CT	155	5	0	0.000
CT	154	15	0	0.000
CT	153	4	0	0.000
CT	152	6	0	0.000
CT	151	11	0	0.000
CT	150	8	0	0.000
CT	149	7	0	0.000
CT	148	14	0	0.000
CT	147	4	0	0.000
CT	146	7	0	0.000
CT	145	11	0	0.000
CT	144	7	0	0.000
CT	143	5	0	0.000
CT	142	9	0	0.000
CT	141	8	0	0.000
CT	140	13	0	0.000
CT	139	9	0	0.000
CT	138	13	0	0.000
CT	137	11	0	0.000
CT	136	12	0	0.000
CT	135	24	0	0.000
CT	134	17	0	0.000
CT	133	19	0	0.000
CT	132	13	0	0.000
CT	131	11	0	0.000
CT	130	16	0	0.000
CT	129	20	0	0.000
CT	128	16	0	0.000
CT	127	19	0	0.000
CT	126	13	0	0.000
CT	125	11	0	0.000
CT	124	16	0	0.000
CT	123	15	0	0.000
CT	122	23	0	0.000
CT	121	15	0	0.000
CT	120	9	0	0.000
CT	119	8	0	0.000
CT	118	7	0	0.000
CT	117	12	0	0.000
CT	116	17	0	0.000
CT	115	10	0	0.000
CT	114	16	0	0.000
CT	113	18	0	0.000
CT	112	13	0	0.000
CT	111	19	0	0.000
CT	110	22	0	0.000
CT	109	23	0	0.000
CT	108	15	0	0.000
CT	107	13	0	0.000
CT	106	20	0	0.000
CT	105	23	0	0.000
CT	104	46	0	0.000
CT	103	28	0	0.000
CT	102	17	0	0.000
CT	101	27	0	0.000
CT	100	24	0	0.000
CT	99	26	0	0.000
CT	98	27	0	0.000
CT	97	32	0	0.000
CT	96	32	0	0.000
CT	95	23	0	0.000
CT	94	37	0	0.000
CT	93	36	0	0.000
CT	92	42	0	0.000
CT	91	56	0	0.000
CT	90	47	0	0.000
CT	89	64	0	0.000
CT	88	47	0	0.000
CT	87	54	0	0.000
CT	86	64	0	0.000
CT	85	51	0	0.000
CT	84	74	0	0.000
CT	83	71	0	0.000
CT	82	77	0	0.000
CT	81	89	0	0.000
CT	80	94	0	0.000
CT	79	71	0	0.000
CT	78	71	0	0.000
CT	77	116	0	0.000
CT	76	86	0	0.000
CT	75	80	0	0.000
CT	74	101	0	0.000
CT	73	101	0	0.000
CT	72	111	0	0.000
CT	71	113	0	0.000
CT	70	120	0	0.000
CT	69	134	0	0.000
CT	68	155	0	0.000
CT	67	200	0	0.000
CT	66	199	0	0.000
CT	65	227	0	0.000
CT	64	190	0	0.000
CT	63	240	0	0.000
CT	62	227	0	0.000
CT	61	239	0	0.000
CT	60	269	0	0.000
CT	59	306	0	0.000
CT	58	323	0	0.000
CT	57	294	0	0.000
CT	56	286	0	0.000
CT	55	374	0	0.000
CT	54	392	0	0.000
CT	53	388	0	0.000
CT	52	481	0	0.000
CT	51	459	0	0.000
CT	50	460	0	0.000
CT	49	565	0	0.000
CT	48	534	0	0.000
CT	47	569	0	0.000
CT	46	618	0	0.000
CT	45	781	0	0.000
CT	44	829	0	0.000
CT	43	908	0	0.000
CT	42	1081	0	0.000
CT	41	1099	0	0.000
CT	40	1131	0	0.000
CT	39	1134	0	0.000
CT	38	1314	0	0.000
CT	37	1507	0	0.000
CT	36	1627	0	0.000
CT	35	1838	0	0.000
CT	34	2095	0	0.000
CT	33	2271	0	0.000
CT	32	2529	0	0.000
CT	31	2936	0	0.000
CT	30	3101	0	0.000
CT	29	3545	0	0.000
CT	28	3893	0	0.000
CT	27	4219	0	0.000
CT	26	4865	0	0.000
CT	25	5613	0	0.000
CT	24	6251	0	0.000
CT	23	6906	0	0.000
CT	22	8224	0	0.000
CT	21	9745	0	0.000
CT	20	11060	0	0.000
CT	19	13179	0	0.000
CT	18	16008	0	0.000
CT	17	19813	0	0.000
CT	16	24551	0	0.000
CT	15	31300	0	0.000
CT	14	41765	0	0.000
CT	13	53745	0	0.000
CT	12	75599	0	0.000
CT	11	104741	0	0.000
CT	10	153376	0	0.000
CT	9	228964	0	0.000
CT	8	362571	0	0.000
CT	7	592730	0	0.000
CT	6	1039333	0	0.000
CT	5	1976635	0	0.000
CT	4	4238274	0	0.000
CT	3	10402582	0	0.000
CT	2	30253444	0	0.000
CT	1	0	0	-nan
CT	0	0	0	-nan
FR	0	0
ER	4014953	0.000
CV	1.000
QV	inf	inf
