HS	1023	0	66405	66405
HS	1022	0	699	67104
HS	1021	0	717	67821
HS	1020	0	729	68550
HS	1019	0	769	69319
HS	1018	0	704	70023
HS	1017	0	699	70722
HS	1016	0	734	71456
HS	1015	0	766	72222
HS	1014	0	751	72973
HS	1013	0	748	73721
HS	1012	0	842	74563
HS	1011	0	844	75407
HS	1010	0	767	76174
HS	1009	0	837	77011
HS	1008	0	888	77899
HS	1007	0	844	78743
HS	1006	0	843	79586
HS	1005	0	830	80416
HS	1004	0	876	81292
HS	1003	0	903	82195
HS	1002	0	884	83079
HS	1001	0	896	83975
HS	1000	0	926	84901
HS	999	0	860	85761
HS	998	0	927	86688
HS	997	0	895	87583
HS	996	0	941	88524
HS	995	0	940	89464
HS	994	0	919	90383
HS	993	0	993	91376
HS	992	0	1060	92436
HS	991	0	1021	93457
HS	990	0	1050	94507
HS	989	0	1079	95586
HS	988	0	1064	96650
HS	987	0	1097	97747
HS	986	0	1105	98852
HS	985	0	1106	99958
HS	984	0	1111	101069
HS	983	0	1043	102112
HS	982	0	1178	103290
HS	981	0	1185	104475
HS	980	0	1173	105648
HS	979	0	1216	106864
HS	978	0	1215	108079
HS	977	0	1244	109323
HS	976	0	1240	110563
HS	975	0	1288	111851
HS	974	0	1315	113166
HS	973	0	1308	114474
HS	972	0	1349	115823
HS	971	0	1259	117082
HS	970	0	1288	118370
HS	969	0	1346	119716
HS	968	0	1375	121091
HS	967	0	1468	122559
HS	966	0	1433	123992
HS	965	0	1486	125478
HS	964	0	1448	126926
HS	963	0	1502	128428
HS	962	0	1454	129882
HS	961	0	1590	131472
HS	960	0	1558	133030
HS	959	0	1560	134590
HS	958	0	1638	136228
HS	957	0	1608	137836
HS	956	0	1627	139463
HS	955	0	1782	141245
HS	954	0	1626	142871
HS	953	0	1717	144588
HS	952	0	1724	146312
HS	951	0	1738	148050
HS	950	0	1787	149837
HS	949	0	1818	151655
HS	948	0	1854	153509
HS	947	0	1807	155316
HS	946	0	1833	157149
HS	945	0	1860	159009
HS	944	0	1870	160879
HS	943	0	1902	162781
HS	942	0	1953	164734
HS	941	0	1852	166586
HS	940	0	1930	168516
HS	939	0	2021	170537
HS	938	0	2028	172565
HS	937	0	2050	174615
HS	936	0	2106	176721
HS	935	0	2099	178820
HS	934	0	2063	180883
HS	933	0	2126	183009
HS	932	0	2181	185190
HS	931	0	2203	187393
HS	930	0	2170	189563
HS	929	0	2230	191793
HS	928	0	2177	193970
HS	927	0	2284	196254
HS	926	0	2344	198598
HS	925	0	2302	200900
HS	924	0	2416	203316
HS	923	0	2416	205732
HS	922	0	2416	208148
HS	921	0	2474	210622
HS	920	0	2435	213057
HS	919	0	2427	215484
HS	918	0	2588	218072
HS	917	0	2553	220625
HS	916	0	2630	223255
HS	915	0	2614	225869
HS	914	0	2709	228578
HS	913	0	2796	231374
HS	912	0	2948	234322
HS	911	0	2849	237171
HS	910	0	2864	240035
HS	909	0	2930	242965
HS	908	0	2784	245749
HS	907	0	2974	248723
HS	906	0	3022	251745
HS	905	0	2932	254677
HS	904	0	2988	257665
HS	903	0	3063	260728
HS	902	0	3140	263868
HS	901	0	3076	266944
HS	900	0	3154	270098
HS	899	0	3270	273368
HS	898	0	3252	276620
HS	897	0	3256	279876
HS	896	0	3390	283266
HS	895	0	3490	286756
HS	894	0	3325	290081
HS	893	0	3343	293424
HS	892	0	3446	296870
HS	891	0	3516	300386
HS	890	0	3418	303804
HS	889	0	3667	307471
HS	888	0	3638	311109
HS	887	0	3580	314689
HS	886	0	3618	318307
HS	885	0	3798	322105
HS	884	0	3811	325916
HS	883	0	3929	329845
HS	882	0	3816	333661
HS	881	0	3774	337435
HS	880	0	4043	341478
HS	879	0	3973	345451
HS	878	0	3970	349421
HS	877	0	4015	353436
HS	876	0	4108	357544
HS	875	0	4081	361625
HS	874	0	4108	365733
HS	873	0	4253	369986
HS	872	0	4290	374276
HS	871	0	4262	378538
HS	870	0	4309	382847
HS	869	0	4463	387310
HS	868	0	4406	391716
HS	867	0	4482	396198
HS	866	0	4476	400674
HS	865	0	4573	405247
HS	864	0	4642	409889
HS	863	0	4707	414596
HS	862	0	4723	419319
HS	861	0	4699	424018
HS	860	0	4894	428912
HS	859	0	4850	433762
HS	858	0	5003	438765
HS	857	0	5003	443768
HS	856	0	5234	449002
HS	855	0	5074	454076
HS	854	0	5204	459280
HS	853	0	5253	464533
HS	852	0	5190	469723
HS	851	0	5070	474793
HS	850	0	5344	480137
HS	849	0	5197	485334
HS	848	0	5379	490713
HS	847	0	5329	496042
HS	846	0	5485	501527
HS	845	0	5500	507027
HS	844	0	5500	512527
HS	843	0	5512	518039
HS	842	0	5683	523722
HS	841	0	5650	529372
HS	840	0	5542	534914
HS	839	0	5690	540604
HS	838	0	5832	546436
HS	837	0	5967	552403
HS	836	0	6018	558421
HS	835	0	5873	564294
HS	834	0	6218	570512
HS	833	0	6146	576658
HS	832	0	6249	582907
HS	831	0	6480	589387
HS	830	0	6395	595782
HS	829	0	6386	602168
HS	828	0	6504	608672
HS	827	0	6502	615174
HS	826	0	6705	621879
HS	825	0	6791	628670
HS	824	0	6767	635437
HS	823	0	6697	642134
HS	822	0	6947	649081
HS	821	0	7014	656095
HS	820	0	6911	663006
HS	819	0	7161	670167
HS	818	0	7105	677272
HS	817	0	7137	684409
HS	816	0	7147	691556
HS	815	0	7237	698793
HS	814	0	7489	706282
HS	813	0	7448	713730
HS	812	0	7632	721362
HS	811	0	7505	728867
HS	810	0	7567	736434
HS	809	0	7624	744058
HS	808	0	7540	751598
HS	807	0	7868	759466
HS	806	0	7764	767230
HS	805	0	7810	775040
HS	804	0	7725	782765
HS	803	0	7942	790707
HS	802	0	7960	798667
HS	801	0	8230	806897
HS	800	0	8178	815075
HS	799	0	8159	823234
HS	798	0	8253	831487
HS	797	0	8211	839698
HS	796	0	8535	848233
HS	795	0	8416	856649
HS	794	0	8558	865207
HS	793	0	8345	873552
HS	792	0	8505	882057
HS	791	0	8679	890736
HS	790	0	8601	899337
HS	789	0	8658	907995
HS	788	0	8858	916853
HS	787	0	8732	925585
HS	786	0	8790	934375
HS	785	0	9046	943421
HS	784	0	8868	952289
HS	783	0	9052	961341
HS	782	0	8923	970264
HS	781	0	9306	979570
HS	780	0	9116	988686
HS	779	0	9225	997911
HS	778	0	9319	1007230
HS	777	0	9388	1016618
HS	776	0	9450	1026068
HS	775	0	9550	1035618
HS	774	0	9623	1045241
HS	773	0	9524	1054765
HS	772	0	9709	1064474
HS	771	0	9867	1074341
HS	770	0	9810	1084151
HS	769	0	9913	1094064
HS	768	0	10144	1104208
HS	767	0	9966	1114174
HS	766	0	10196	1124370
HS	765	0	10050	1134420
HS	764	0	10045	1144465
HS	763	0	10386	1154851
HS	762	0	10243	1165094
HS	761	0	10466	1175560
HS	760	0	10228	1185788
HS	759	0	10301	1196089
HS	758	0	10499	1206588
HS	757	0	10476	1217064
HS	756	0	10425	1227489
HS	755	0	10556	1238045
HS	754	0	10507	1248552
HS	753	0	10708	1259260
HS	752	0	10813	1270073
HS	751	0	10779	1280852
HS	750	0	10780	1291632
HS	749	0	11007	1302639
HS	748	0	11017	1313656
HS	747	0	11063	1324719
HS	746	0	11171	1335890
HS	745	0	11052	1346942
HS	744	0	11293	1358235
HS	743	0	11250	1369485
HS	742	0	11218	1380703
HS	741	0	11503	1392206
HS	740	0	11505	1403711
HS	739	0	11420	1415131
HS	738	0	11463	1426594
HS	737	0	11590	1438184
HS	736	0	11656	1449840
HS	735	0	11727	1461567
HS	734	0	11787	1473354
HS	733	0	11613	1484967
HS	732	0	11695	1496662
HS	731	0	11866	1508528
HS	730	0	11694	1520222
HS	729	0	11976	1532198
HS	728	0	12042	1544240
HS	727	0	12039	1556279
HS	726	0	11954	1568233
HS	725	0	11980	1580213
HS	724	0	12244	1592457
HS	723	0	12310	1604767
HS	722	0	11899	1616666
HS	721	0	12481	1629147
HS	720	0	12352	1641499
HS	719	0	12362	1653861
HS	718	0	12697	1666558
HS	717	0	12375	1678933
HS	716	0	12589	1691522
HS	715	0	12540	1704062
HS	714	0	12512	1716574
HS	713	0	12581	1729155
HS	712	0	12532	1741687
HS	711	0	12655	1754342
HS	710	0	12518	1766860
HS	709	0	12678	1779538
HS	708	0	12703	1792241
HS	707	0	12723	1804964
HS	706	0	12670	1817634
HS	705	0	12608	1830242
HS	704	0	12927	1843169
HS	703	0	12939	1856108
HS	702	0	12911	1869019
HS	701	0	12976	1881995
HS	700	0	13024	1895019
HS	699	0	13077	1908096
HS	698	0	12956	1921052
HS	697	0	12985	1934037
HS	696	0	12790	1946827
HS	695	0	13102	1959929
HS	694	0	13056	1972985
HS	693	0	12942	1985927
HS	692	0	13032	1998959
HS	691	0	13096	2012055
HS	690	0	13080	2025135
HS	689	0	13263	2038398
HS	688	0	13203	2051601
HS	687	0	12981	2064582
HS	686	0	13184	2077766
HS	685	0	13095	2090861
HS	684	0	12887	2103748
HS	683	0	12861	2116609
HS	682	0	12972	2129581
HS	681	0	13078	2142659
HS	680	0	13183	2155842
HS	679	0	13373	2169215
HS	678	0	13193	2182408
HS	677	0	13185	2195593
HS	676	0	12999	2208592
HS	675	0	13066	2221658
HS	674	0	13156	2234814
HS	673	0	13179	2247993
HS	672	0	13258	2261251
HS	671	0	13148	2274399
HS	670	0	13174	2287573
HS	669	0	13241	2300814
HS	668	0	13236	2314050
HS	667	0	13186	2327236
HS	666	0	13080	2340316
HS	665	0	13116	2353432
HS	664	0	13152	2366584
HS	663	0	13063	2379647
HS	662	0	13141	2392788
HS	661	0	13021	2405809
HS	660	0	13043	2418852
HS	659	0	13127	2431979
HS	658	0	13037	2445016
HS	657	0	13419	2458435
HS	656	0	13246	2471681
HS	655	0	13047	2484728
HS	654	0	13069	2497797
HS	653	0	13116	2510913
HS	652	0	13264	2524177
HS	651	0	13040	2537217
HS	650	0	13080	2550297
HS	649	0	12984	2563281
HS	648	0	13078	2576359
HS	647	0	12872	2589231
HS	646	0	13066	2602297
HS	645	0	12788	2615085
HS	644	0	12771	2627856
HS	643	0	12915	2640771
HS	642	0	12950	2653721
HS	641	0	12796	2666517
HS	640	0	12811	2679328
HS	639	0	12730	2692058
HS	638	0	12724	2704782
HS	637	0	12682	2717464
HS	636	0	12557	2730021
HS	635	0	12597	2742618
HS	634	0	12584	2755202
HS	633	0	12648	2767850
HS	632	0	12378	2780228
HS	631	0	12281	2792509
HS	630	0	12240	2804749
HS	629	0	12437	2817186
HS	628	0	12203	2829389
HS	627	0	12213	2841602
HS	626	0	12035	2853637
HS	625	0	12322	2865959
HS	624	0	12030	2877989
HS	623	0	12087	2890076
HS	622	0	12059	2902135
HS	621	0	11861	2913996
HS	620	0	11878	2925874
HS	619	0	11772	2937646
HS	618	0	11678	2949324
HS	617	0	11932	2961256
HS	616	0	11372	2972628
HS	615	0	11668	2984296
HS	614	0	11607	2995903
HS	613	0	11207	3007110
HS	612	0	11290	3018400
HS	611	0	11307	3029707
HS	610	0	11118	3040825
HS	609	0	11238	3052063
HS	608	0	10958	3063021
HS	607	0	11039	3074060
HS	606	0	11059	3085119
HS	605	0	10744	3095863
HS	604	0	11115	3106978
HS	603	0	10772	3117750
HS	602	0	10904	3128654
HS	601	0	10623	3139277
HS	600	0	10517	3149794
HS	599	0	10469	3160263
HS	598	0	10527	3170790
HS	597	0	10431	3181221
HS	596	0	10317	3191538
HS	595	0	10201	3201739
HS	594	0	10117	3211856
HS	593	0	9844	3221700
HS	592	0	9919	3231619
HS	591	0	10060	3241679
HS	590	0	9902	3251581
HS	589	0	9717	3261298
HS	588	0	9820	3271118
HS	587	0	9735	3280853
HS	586	0	9528	3290381
HS	585	0	9514	3299895
HS	584	0	9385	3309280
HS	583	0	9102	3318382
HS	582	0	9070	3327452
HS	581	0	9225	3336677
HS	580	0	8977	3345654
HS	579	0	8923	3354577
HS	578	0	8762	3363339
HS	577	0	8751	3372090
HS	576	0	8844	3380934
HS	575	0	8907	3389841
HS	574	0	8540	3398381
HS	573	0	8435	3406816
HS	572	0	8378	3415194
HS	571	0	8409	3423603
HS	570	0	8349	3431952
HS	569	0	8295	3440247
HS	568	0	8224	3448471
HS	567	0	8099	3456570
HS	566	0	7964	3464534
HS	565	0	7982	3472516
HS	564	0	7812	3480328
HS	563	0	7730	3488058
HS	562	0	7640	3495698
HS	561	0	7551	3503249
HS	560	0	7416	3510665
HS	559	0	7502	3518167
HS	558	0	7224	3525391
HS	557	0	7322	3532713
HS	556	0	7030	3539743
HS	555	0	6913	3546656
HS	554	0	6992	3553648
HS	553	0	7039	3560687
HS	552	0	6681	3567368
HS	551	0	6602	3573970
HS	550	0	6563	3580533
HS	549	0	6559	3587092
HS	548	0	6341	3593433
HS	547	0	6593	3600026
HS	546	0	6184	3606210
HS	545	0	6235	3612445
HS	544	0	6142	3618587
HS	543	0	6075	3624662
HS	542	0	5924	3630586
HS	541	0	6047	3636633
HS	540	0	5696	3642329
HS	539	0	5645	3647974
HS	538	0	5591	3653565
HS	537	0	5472	3659037
HS	536	0	5535	3664572
HS	535	0	5366	3669938
HS	534	0	5333	3675271
HS	533	0	5273	3680544
HS	532	0	5012	3685556
HS	531	0	5199	3690755
HS	530	0	5055	3695810
HS	529	0	5091	3700901
HS	528	0	4906	3705807
HS	527	0	4798	3710605
HS	526	0	4822	3715427
HS	525	0	4801	3720228
HS	524	0	4654	3724882
HS	523	0	4768	3729650
HS	522	0	4655	3734305
HS	521	0	4467	3738772
HS	520	0	4384	3743156
HS	519	0	4372	3747528
HS	518	0	4222	3751750
HS	517	0	4119	3755869
HS	516	0	4011	3759880
HS	515	0	4042	3763922
HS	514	0	3872	3767794
HS	513	0	3894	3771688
HS	512	0	3741	3775429
HS	511	0	3729	3779158
HS	510	0	3648	3782806
HS	509	0	3488	3786294
HS	508	0	3388	3789682
HS	507	0	3433	3793115
HS	506	0	3463	3796578
HS	505	0	3365	3799943
HS	504	0	3411	3803354
HS	503	0	3219	3806573
HS	502	0	3163	3809736
HS	501	0	3183	3812919
HS	500	0	3042	3815961
HS	499	0	2960	3818921
HS	498	0	2979	3821900
HS	497	0	2796	3824696
HS	496	0	2621	3827317
HS	495	0	2807	3830124
HS	494	0	2615	3832739
HS	493	0	2581	3835320
HS	492	0	2616	3837936
HS	491	0	2470	3840406
HS	490	0	2521	3842927
HS	489	0	2402	3845329
HS	488	0	2406	3847735
HS	487	0	2397	3850132
HS	486	0	2274	3852406
HS	485	0	2307	3854713
HS	484	0	2284	3856997
HS	483	0	2228	3859225
HS	482	0	2162	3861387
HS	481	0	2112	3863499
HS	480	0	2040	3865539
HS	479	0	1925	3867464
HS	478	0	1843	3869307
HS	477	0	1814	3871121
HS	476	0	1900	3873021
HS	475	0	1754	3874775
HS	474	0	1646	3876421
HS	473	0	1601	3878022
HS	472	0	1629	3879651
HS	471	0	1507	3881158
HS	470	0	1560	3882718
HS	469	0	1519	3884237
HS	468	0	1498	3885735
HS	467	0	1421	3887156
HS	466	0	1415	3888571
HS	465	0	1326	3889897
HS	464	0	1252	3891149
HS	463	0	1283	3892432
HS	462	0	1258	3893690
HS	461	0	1177	3894867
HS	460	0	1157	3896024
HS	459	0	1128	3897152
HS	458	0	1136	3898288
HS	457	0	1148	3899436
HS	456	0	1074	3900510
HS	455	0	1093	3901603
HS	454	0	1045	3902648
HS	453	0	1028	3903676
HS	452	0	1025	3904701
HS	451	0	987	3905688
HS	450	0	958	3906646
HS	449	0	996	3907642
HS	448	0	908	3908550
HS	447	0	848	3909398
HS	446	0	837	3910235
HS	445	0	786	3911021
HS	444	0	833	3911854
HS	443	0	827	3912681
HS	442	0	785	3913466
HS	441	0	766	3914232
HS	440	0	729	3914961
HS	439	0	752	3915713
HS	438	0	675	3916388
HS	437	0	662	3917050
HS	436	0	704	3917754
HS	435	0	640	3918394
HS	434	0	630	3919024
HS	433	0	631	3919655
HS	432	0	574	3920229
HS	431	0	592	3920821
HS	430	0	564	3921385
HS	429	0	518	3921903
HS	428	0	528	3922431
HS	427	0	503	3922934
HS	426	0	450	3923384
HS	425	0	476	3923860
HS	424	0	451	3924311
HS	423	0	450	3924761
HS	422	0	455	3925216
HS	421	0	474	3925690
HS	420	0	417	3926107
HS	419	0	404	3926511
HS	418	0	417	3926928
HS	417	0	350	3927278
HS	416	0	358	3927636
HS	415	0	337	3927973
HS	414	0	361	3928334
HS	413	0	330	3928664
HS	412	0	333	3928997
HS	411	0	310	3929307
HS	410	0	282	3929589
HS	409	0	298	3929887
HS	408	0	291	3930178
HS	407	0	248	3930426
HS	406	0	256	3930682
HS	405	0	298	3930980
HS	404	0	248	3931228
HS	403	0	232	3931460
HS	402	0	258	3931718
HS	401	0	242	3931960
HS	400	0	239	3932199
HS	399	0	228	3932427
HS	398	0	240	3932667
HS	397	0	235	3932902
HS	396	0	195	3933097
HS	395	0	207	3933304
HS	394	0	217	3933521
HS	393	0	192	3933713
HS	392	0	182	3933895
HS	391	0	184	3934079
HS	390	0	156	3934235
HS	389	0	135	3934370
HS	388	0	159	3934529
HS	387	0	136	3934665
HS	386	0	136	3934801
HS	385	0	102	3934903
HS	384	0	127	3935030
HS	383	0	121	3935151
HS	382	0	119	3935270
HS	381	0	116	3935386
HS	380	0	135	3935521
HS	379	0	100	3935621
HS	378	0	104	3935725
HS	377	0	104	3935829
HS	376	0	113	3935942
HS	375	0	84	3936026
HS	374	0	95	3936121
HS	373	0	96	3936217
HS	372	0	92	3936309
HS	371	0	66	3936375
HS	370	0	73	3936448
HS	369	0	61	3936509
HS	368	0	66	3936575
HS	367	0	79	3936654
HS	366	0	72	3936726
HS	365	0	74	3936800
HS	364	0	59	3936859
HS	363	0	65	3936924
HS	362	0	61	3936985
HS	361	0	74	3937059
HS	360	0	65	3937124
HS	359	0	65	3937189
HS	358	0	65	3937254
HS	357	0	67	3937321
HS	356	0	65	3937386
HS	355	0	77	3937463
HS	354	0	48	3937511
HS	353	0	42	3937553
HS	352	0	57	3937610
HS	351	0	47	3937657
HS	350	0	53	3937710
HS	349	0	42	3937752
HS	348	0	46	3937798
HS	347	0	45	3937843
HS	346	0	44	3937887
HS	345	0	43	3937930
HS	344	0	31	3937961
HS	343	0	36	3937997
HS	342	0	35	3938032
HS	341	0	25	3938057
HS	340	0	26	3938083
HS	339	0	29	3938112
HS	338	0	19	3938131
HS	337	0	37	3938168
HS	336	0	33	3938201
HS	335	0	20	3938221
HS	334	0	19	3938240
HS	333	0	23	3938263
HS	332	0	33	3938296
HS	331	0	28	3938324
HS	330	0	30	3938354
HS	329	0	30	3938384
HS	328	0	29	3938413
HS	327	0	18	3938431
HS	326	0	33	3938464
HS	325	0	29	3938493
HS	324	0	18	3938511
HS	323	0	22	3938533
HS	322	0	24	3938557
HS	321	0	27	3938584
HS	320	0	19	3938603
HS	319	0	17	3938620
HS	318	0	19	3938639
HS	317	0	24	3938663
HS	316	0	19	3938682
HS	315	0	19	3938701
HS	314	0	17	3938718
HS	313	0	19	3938737
HS	312	0	18	3938755
HS	311	0	18	3938773
HS	310	0	16	3938789
HS	309	0	14	3938803
HS	308	0	10	3938813
HS	307	0	14	3938827
HS	306	0	12	3938839
HS	305	0	10	3938849
HS	304	0	10	3938859
HS	303	0	17	3938876
HS	302	0	19	3938895
HS	301	0	11	3938906
HS	300	0	13	3938919
HS	299	0	8	3938927
HS	298	0	8	3938935
HS	297	0	5	3938940
HS	296	0	6	3938946
HS	295	0	13	3938959
HS	294	0	9	3938968
HS	293	0	12	3938980
HS	292	0	8	3938988
HS	291	0	7	3938995
HS	290	0	8	3939003
HS	289	0	7	3939010
HS	288	0	10	3939020
HS	287	0	9	3939029
HS	286	0	9	3939038
HS	285	0	9	3939047
HS	284	0	4	3939051
HS	283	0	5	3939056
HS	282	0	4	3939060
HS	281	0	2	3939062
HS	280	0	6	3939068
HS	279	0	3	3939071
HS	278	0	6	3939077
HS	277	0	6	3939083
HS	276	0	3	3939086
HS	275	0	11	3939097
HS	274	0	9	3939106
HS	273	0	4	3939110
HS	272	0	2	3939112
HS	271	0	1	3939113
HS	270	0	3	3939116
HS	269	0	3	3939119
HS	268	0	2	3939121
HS	267	0	2	3939123
HS	266	0	3	3939126
HS	265	0	4	3939130
HS	264	0	6	3939136
HS	263	0	3	3939139
HS	262	0	3	3939142
HS	261	0	3	3939145
HS	260	0	4	3939149
HS	259	0	1	3939150
HS	258	0	3	3939153
HS	257	0	1	3939154
HS	256	0	2	3939156
HS	255	0	1	3939157
HS	254	0	0	3939157
HS	253	0	3	3939160
HS	252	0	3	3939163
HS	251	0	4	3939167
HS	250	0	8	3939175
HS	249	0	6	3939181
HS	248	0	6	3939187
HS	247	0	6	3939193
HS	246	0	1	3939194
HS	245	0	4	3939198
HS	244	0	1	3939199
HS	243	0	2	3939201
HS	242	0	3	3939204
HS	241	0	4	3939208
HS	240	0	4	3939212
HS	239	0	3	3939215
HS	238	0	2	3939217
HS	237	0	0	3939217
HS	236	0	2	3939219
HS	235	0	1	3939220
HS	234	0	2	3939222
HS	233	0	2	3939224
HS	232	0	0	3939224
HS	231	0	1	3939225
HS	230	0	2	3939227
HS	229	0	1	3939228
HS	228	0	7	3939235
HS	227	0	2	3939237
HS	226	0	0	3939237
HS	225	0	0	3939237
HS	224	0	1	3939238
HS	223	0	1	3939239
HS	222	0	0	3939239
HS	221	0	1	3939240
HS	220	0	2	3939242
HS	219	0	0	3939242
HS	218	0	4	3939246
HS	217	0	2	3939248
HS	216	0	3	3939251
HS	215	0	1	3939252
HS	214	0	2	3939254
HS	213	0	11	3939265
HS	212	0	9	3939274
HS	211	0	9	3939283
HS	210	0	5	3939288
HS	209	0	6	3939294
HS	208	0	4	3939298
HS	207	0	4	3939302
HS	206	0	11	3939313
HS	205	0	9	3939322
HS	204	0	11	3939333
HS	203	0	5	3939338
HS	202	0	7	3939345
HS	201	0	10	3939355
HS	200	0	8	3939363
HS	199	0	10	3939373
HS	198	0	4	3939377
HS	197	0	5	3939382
HS	196	0	5	3939387
HS	195	0	5	3939392
HS	194	0	6	3939398
HS	193	0	2	3939400
HS	192	0	1	3939401
HS	191	0	12	3939413
HS	190	0	3	3939416
HS	189	0	6	3939422
HS	188	0	1	3939423
HS	187	0	3	3939426
HS	186	0	5	3939431
HS	185	0	4	3939435
HS	184	0	4	3939439
HS	183	0	2	3939441
HS	182	0	3	3939444
HS	181	0	4	3939448
HS	180	0	1	3939449
HS	179	0	3	3939452
HS	178	0	4	3939456
HS	177	0	4	3939460
HS	176	0	4	3939464
HS	175	0	5	3939469
HS	174	0	2	3939471
HS	173	0	2	3939473
HS	172	0	5	3939478
HS	171	0	0	3939478
HS	170	0	2	3939480
HS	169	0	4	3939484
HS	168	0	7	3939491
HS	167	0	3	3939494
HS	166	0	2	3939496
HS	165	0	6	3939502
HS	164	0	2	3939504
HS	163	0	6	3939510
HS	162	0	10	3939520
HS	161	0	11	3939531
HS	160	0	9	3939540
HS	159	0	14	3939554
HS	158	0	7	3939561
HS	157	0	3	3939564
HS	156	0	9	3939573
HS	155	0	5	3939578
HS	154	0	15	3939593
HS	153	0	4	3939597
HS	152	0	6	3939603
HS	151	0	11	3939614
HS	150	0	8	3939622
HS	149	0	7	3939629
HS	148	0	14	3939643
HS	147	0	4	3939647
HS	146	0	7	3939654
HS	145	0	11	3939665
HS	144	0	7	3939672
HS	143	0	5	3939677
HS	142	0	9	3939686
HS	141	0	8	3939694
HS	140	0	13	3939707
HS	139	0	9	3939716
HS	138	0	13	3939729
HS	137	0	11	3939740
HS	136	0	12	3939752
HS	135	0	24	3939776
HS	134	0	17	3939793
HS	133	0	19	3939812
HS	132	0	13	3939825
HS	131	0	11	3939836
HS	130	0	16	3939852
HS	129	0	20	3939872
HS	128	0	16	3939888
HS	127	0	19	3939907
HS	126	0	13	3939920
HS	125	0	11	3939931
HS	124	0	16	3939947
HS	123	0	15	3939962
HS	122	0	23	3939985
HS	121	0	15	3940000
HS	120	0	9	3940009
HS	119	0	8	3940017
HS	118	0	7	3940024
HS	117	0	12	3940036
HS	116	0	17	3940053
HS	115	0	10	3940063
HS	114	0	16	3940079
HS	113	0	18	3940097
HS	112	0	13	3940110
HS	111	0	19	3940129
HS	110	0	22	3940151
HS	109	0	23	3940174
HS	108	0	15	3940189
HS	107	0	13	3940202
HS	106	0	20	3940222
HS	105	0	23	3940245
HS	104	0	46	3940291
HS	103	0	28	3940319
HS	102	0	17	3940336
HS	101	0	27	3940363
HS	100	0	24	3940387
HS	99	0	26	3940413
HS	98	0	27	3940440
HS	97	0	32	3940472
HS	96	0	32	3940504
HS	95	0	23	3940527
HS	94	0	37	3940564
HS	93	0	36	3940600
HS	92	0	42	3940642
HS	91	0	56	3940698
HS	90	0	47	3940745
HS	89	0	64	3940809
HS	88	0	47	3940856
HS	87	0	54	3940910
HS	86	0	64	3940974
HS	85	0	51	3941025
HS	84	0	74	3941099
HS	83	0	71	3941170
HS	82	0	77	3941247
HS	81	0	89	3941336
HS	80	0	94	3941430
HS	79	0	71	3941501
HS	78	0	71	3941572
HS	77	0	116	3941688
HS	76	0	86	3941774
HS	75	0	80	3941854
HS	74	0	101	3941955
HS	73	0	101	3942056
HS	72	0	111	3942167
HS	71	0	113	3942280
HS	70	0	120	3942400
HS	69	0	134	3942534
HS	68	0	155	3942689
HS	67	0	200	3942889
HS	66	0	199	3943088
HS	65	0	227	3943315
HS	64	0	190	3943505
HS	63	0	240	3943745
HS	62	0	227	3943972
HS	61	0	239	3944211
HS	60	0	269	3944480
HS	59	0	306	3944786
HS	58	0	323	3945109
HS	57	0	294	3945403
HS	56	0	286	3945689
HS	55	0	374	3946063
HS	54	0	392	3946455
HS	53	0	388	3946843
HS	52	0	481	3947324
HS	51	0	459	3947783
HS	50	0	460	3948243
HS	49	0	565	3948808
HS	48	0	534	3949342
HS	47	0	569	3949911
HS	46	0	618	3950529
HS	45	0	781	3951310
HS	44	0	829	3952139
HS	43	0	908	3953047
HS	42	0	1081	3954128
HS	41	0	1099	3955227
HS	40	0	1131	3956358
HS	39	0	1134	3957492
HS	38	0	1314	3958806
HS	37	0	1507	3960313
HS	36	0	1627	3961940
HS	35	0	1838	3963778
HS	34	0	2095	3965873
HS	33	0	2271	3968144
HS	32	0	2529	3970673
HS	31	0	2936	3973609
HS	30	0	3101	3976710
HS	29	0	3545	3980255
HS	28	0	3893	3984148
HS	27	0	4219	3988367
HS	26	0	4865	3993232
HS	25	0	5613	3998845
HS	24	0	6251	4005096
HS	23	0	6906	4012002
HS	22	0	8224	4020226
HS	21	0	9745	4029971
HS	20	0	11060	4041031
HS	19	0	13179	4054210
HS	18	0	16008	4070218
HS	17	0	19813	4090031
HS	16	0	24551	4114582
HS	15	0	31300	4145882
HS	14	0	41765	4187647
HS	13	0	53745	4241392
HS	12	0	75599	4316991
HS	11	0	104741	4421732
HS	10	0	153376	4575108
HS	9	0	228964	4804072
HS	8	0	362571	5166643
HS	7	0	592730	5759373
HS	6	0	1039333	6798706
HS	5	0	1976635	8775341
HS	4	0	4238274	13013615
HS	3	0	10402582	23416197
HS	2	0	30253444	53669641
HS	1	0	0	53669641
HS	0	0	0	53669641
