CC	CT  kmer_occurrence    short_read_kmer_count  raw_input_kmer_count  adjusted_input_kmer_count
CC	FR  fpr_lower_bound    fpr_upper_bound
CC	ER  total_input_kmers  adjusted_error_kmers
CC	CV  coverage
CC	QV  raw_quality_value  adjusted_quality_value
CC
SQ	JAUCEL010000008.1	2106107	2106077	2106077	99.00
SQ	JAUCEL010000001.1	2439252	2439222	2438580	50.71
CT	1023	40604	106315	106315.000
CT	1022	493	493	493.000
CT	1021	453	448	448.000
CT	1020	444	441	441.000
CT	1019	492	491	491.000
CT	1018	524	520	520.000
CT	1017	489	488	488.000
CT	1016	495	497	497.000
CT	1015	539	539	539.000
CT	1014	517	517	517.000
CT	1013	500	497	497.000
CT	1012	556	553	553.000
CT	1011	586	587	587.000
CT	1010	552	547	547.000
CT	1009	579	578	578.000
CT	1008	580	579	579.000
CT	1007	586	586	586.000
CT	1006	580	575	575.000
CT	1005	682	682	682.000
CT	1004	628	624	624.000
CT	1003	681	681	681.000
CT	1002	692	691	691.000
CT	1001	656	652	652.000
CT	1000	748	744	744.000
CT	999	679	680	680.000
CT	998	689	696	696.000
CT	997	737	743	743.000
CT	996	810	815	815.000
CT	995	785	799	799.000
CT	994	763	757	757.000
CT	993	815	817	817.000
CT	992	834	841	841.000
CT	991	825	826	826.000
CT	990	841	844	844.000
CT	989	884	887	887.000
CT	988	854	858	858.000
CT	987	820	816	816.000
CT	986	905	904	904.000
CT	985	907	922	922.000
CT	984	964	955	955.000
CT	983	940	944	944.000
CT	982	979	984	984.000
CT	981	992	1002	1002.000
CT	980	991	991	991.000
CT	979	989	992	992.000
CT	978	1059	1059	1059.000
CT	977	1039	1039	1039.000
CT	976	1083	1077	1077.000
CT	975	1101	1099	1099.000
CT	974	1147	1143	1143.000
CT	973	1123	1130	1130.000
CT	972	1089	1085	1085.000
CT	971	1194	1195	1195.000
CT	970	1119	1119	1119.000
CT	969	1197	1206	1206.000
CT	968	1218	1218	1218.000
CT	967	1204	1205	1205.000
CT	966	1319	1316	1316.000
CT	965	1259	1263	1263.000
CT	964	1315	1308	1308.000
CT	963	1310	1307	1307.000
CT	962	1414	1417	1417.000
CT	961	1415	1411	1411.000
CT	960	1399	1392	1392.000
CT	959	1395	1391	1391.000
CT	958	1415	1409	1409.000
CT	957	1426	1418	1418.000
CT	956	1501	1505	1505.000
CT	955	1495	1490	1490.000
CT	954	1552	1543	1543.000
CT	953	1615	1605	1605.000
CT	952	1636	1629	1629.000
CT	951	1594	1586	1586.000
CT	950	1610	1601	1601.000
CT	949	1658	1648	1648.000
CT	948	1676	1671	1671.000
CT	947	1801	1793	1793.000
CT	946	1726	1716	1716.000
CT	945	1844	1831	1831.000
CT	944	1823	1822	1822.000
CT	943	1840	1835	1835.000
CT	942	1851	1840	1840.000
CT	941	1891	1881	1881.000
CT	940	1974	1969	1969.000
CT	939	2002	1984	1984.000
CT	938	2034	2024	2024.000
CT	937	2145	2144	2144.000
CT	936	2068	2050	2050.000
CT	935	2094	2082	2082.000
CT	934	2159	2148	2148.000
CT	933	2187	2175	2175.000
CT	932	2196	2193	2193.000
CT	931	2213	2199	2199.000
CT	930	2255	2237	2237.000
CT	929	2367	2356	2356.000
CT	928	2370	2362	2362.000
CT	927	2331	2319	2319.000
CT	926	2491	2489	2489.000
CT	925	2473	2470	2470.000
CT	924	2498	2490	2490.000
CT	923	2451	2449	2449.000
CT	922	2541	2539	2539.000
CT	921	2606	2601	2601.000
CT	920	2607	2597	2597.000
CT	919	2719	2713	2713.000
CT	918	2657	2645	2645.000
CT	917	2804	2798	2798.000
CT	916	2755	2742	2742.000
CT	915	2764	2758	2758.000
CT	914	2829	2820	2820.000
CT	913	2895	2888	2888.000
CT	912	2833	2819	2819.000
CT	911	2966	2951	2951.000
CT	910	3076	3077	3077.000
CT	909	3161	3152	3152.000
CT	908	3177	3177	3177.000
CT	907	3197	3185	3185.000
CT	906	3194	3191	3191.000
CT	905	3264	3246	3246.000
CT	904	3216	3197	3197.000
CT	903	3301	3284	3284.000
CT	902	3361	3340	3340.000
CT	901	3447	3432	3432.000
CT	900	3415	3392	3392.000
CT	899	3375	3354	3354.000
CT	898	3527	3510	3510.000
CT	897	3609	3592	3592.000
CT	896	3653	3634	3634.000
CT	895	3659	3649	3649.000
CT	894	3676	3659	3659.000
CT	893	3738	3722	3722.000
CT	892	3853	3835	3835.000
CT	891	3956	3943	3943.000
CT	890	3976	3961	3961.000
CT	889	3953	3930	3930.000
CT	888	4005	3986	3986.000
CT	887	4059	4045	4045.000
CT	886	4151	4134	4134.000
CT	885	4166	4148	4148.000
CT	884	4289	4279	4279.000
CT	883	4334	4315	4315.000
CT	882	4373	4361	4361.000
CT	881	4535	4520	4520.000
CT	880	4484	4474	4474.000
CT	879	4405	4382	4382.000
CT	878	4587	4574	4574.000
CT	877	4691	4676	4676.000
CT	876	4643	4631	4631.000
CT	875	4676	4661	4661.000
CT	874	4687	4668	4668.000
CT	873	4789	4774	4774.000
CT	872	4962	4946	4946.000
CT	871	4867	4851	4851.000
CT	870	5172	5156	5156.000
CT	869	5059	5033	5033.000
CT	868	5065	5038	5038.000
CT	867	5127	5107	5107.000
CT	866	5362	5350	5350.000
CT	865	5364	5344	5344.000
CT	864	5281	5262	5262.000
CT	863	5445	5415	5415.000
CT	862	5490	5473	5473.000
CT	861	5658	5647	5647.000
CT	860	5626	5601	5601.000
CT	859	5705	5687	5687.000
CT	858	5855	5837	5837.000
CT	857	5779	5760	5760.000
CT	856	5767	5750	5750.000
CT	855	6045	6027	6027.000
CT	854	5880	5861	5861.000
CT	853	6141	6120	6120.000
CT	852	6321	6302	6302.000
CT	851	6201	6175	6175.000
CT	850	6313	6290	6290.000
CT	849	6337	6317	6317.000
CT	848	6639	6615	6615.000
CT	847	6446	6421	6421.000
CT	846	6568	6542	6542.000
CT	845	6609	6578	6578.000
CT	844	6762	6745	6745.000
CT	843	6659	6647	6647.000
CT	842	6827	6804	6804.000
CT	841	6956	6936	6936.000
CT	840	7009	6979	6979.000
CT	839	7100	7072	7072.000
CT	838	7204	7180	7180.000
CT	837	7184	7168	7168.000
CT	836	7278	7258	7258.000
CT	835	7410	7392	7392.000
CT	834	7435	7412	7412.000
CT	833	7523	7507	7507.000
CT	832	7493	7468	7468.000
CT	831	7722	7703	7703.000
CT	830	7891	7873	7873.000
CT	829	7852	7815	7815.000
CT	828	7878	7850	7850.000
CT	827	7972	7942	7942.000
CT	826	8081	8049	8049.000
CT	825	8038	8017	8017.000
CT	824	8279	8251	8251.000
CT	823	8287	8258	8258.000
CT	822	8641	8609	8609.000
CT	821	8408	8384	8384.000
CT	820	8614	8587	8587.000
CT	819	8563	8529	8529.000
CT	818	8772	8727	8727.000
CT	817	8708	8676	8676.000
CT	816	8962	8937	8937.000
CT	815	9027	8991	8991.000
CT	814	9137	9114	9114.000
CT	813	9182	9151	9151.000
CT	812	9458	9421	9421.000
CT	811	9395	9361	9361.000
CT	810	9389	9349	9349.000
CT	809	9551	9525	9525.000
CT	808	9623	9599	9599.000
CT	807	9815	9778	9778.000
CT	806	9732	9690	9690.000
CT	805	10049	10008	10008.000
CT	804	9885	9854	9854.000
CT	803	10097	10064	10064.000
CT	802	9907	9877	9877.000
CT	801	10197	10173	10173.000
CT	800	10297	10268	10268.000
CT	799	10411	10390	10390.000
CT	798	10413	10376	10376.000
CT	797	10561	10528	10528.000
CT	796	10797	10778	10778.000
CT	795	10701	10676	10676.000
CT	794	10700	10678	10678.000
CT	793	10890	10853	10853.000
CT	792	10913	10893	10893.000
CT	791	11158	11135	11135.000
CT	790	10979	10945	10945.000
CT	789	11190	11165	11165.000
CT	788	11503	11487	11487.000
CT	787	11367	11331	11331.000
CT	786	11618	11591	11591.000
CT	785	11683	11649	11649.000
CT	784	11777	11739	11739.000
CT	783	11945	11909	11909.000
CT	782	11806	11776	11776.000
CT	781	12137	12099	12099.000
CT	780	12211	12186	12186.000
CT	779	12293	12246	12246.000
CT	778	12154	12116	12116.000
CT	777	12202	12174	12174.000
CT	776	12516	12468	12468.000
CT	775	12292	12257	12257.000
CT	774	12763	12715	12715.000
CT	773	12701	12655	12655.000
CT	772	12808	12758	12758.000
CT	771	12657	12635	12635.000
CT	770	12784	12739	12739.000
CT	769	13094	13042	13042.000
CT	768	12982	12934	12934.000
CT	767	13233	13190	13190.000
CT	766	13047	13006	13006.000
CT	765	13275	13240	13240.000
CT	764	13298	13262	13262.000
CT	763	13441	13404	13404.000
CT	762	13468	13427	13427.000
CT	761	13603	13555	13555.000
CT	760	13648	13616	13616.000
CT	759	13711	13684	13684.000
CT	758	13795	13765	13765.000
CT	757	13779	13740	13740.000
CT	756	14048	14006	14006.000
CT	755	13901	13865	13865.000
CT	754	13871	13830	13830.000
CT	753	14109	14057	14057.000
CT	752	14043	14009	14009.000
CT	751	14143	14095	14095.000
CT	750	14113	14084	14084.000
CT	749	14415	14377	14377.000
CT	748	14578	14537	14537.000
CT	747	14473	14437	14437.000
CT	746	14529	14480	14480.000
CT	745	14793	14739	14739.000
CT	744	14622	14594	14594.000
CT	743	14758	14716	14716.000
CT	742	14906	14872	14872.000
CT	741	14906	14869	14869.000
CT	740	15018	14988	14988.000
CT	739	14994	14944	14944.000
CT	738	15198	15165	15165.000
CT	737	15361	15327	15327.000
CT	736	15210	15174	15174.000
CT	735	15147	15124	15124.000
CT	734	15394	15361	15361.000
CT	733	15295	15271	15271.000
CT	732	15470	15438	15438.000
CT	731	15424	15402	15402.000
CT	730	15746	15728	15728.000
CT	729	15442	15415	15415.000
CT	728	15846	15820	15820.000
CT	727	15577	15552	15552.000
CT	726	15933	15892	15892.000
CT	725	15636	15604	15604.000
CT	724	15769	15741	15741.000
CT	723	15914	15876	15876.000
CT	722	15851	15821	15821.000
CT	721	15945	15924	15924.000
CT	720	15959	15922	15922.000
CT	719	16062	16026	16026.000
CT	718	16142	16103	16103.000
CT	717	16442	16396	16396.000
CT	716	16107	16079	16079.000
CT	715	16499	16468	16468.000
CT	714	16245	16208	16208.000
CT	713	16352	16315	16315.000
CT	712	16259	16223	16223.000
CT	711	16499	16464	16464.000
CT	710	16524	16502	16502.000
CT	709	16681	16645	16645.000
CT	708	16434	16410	16410.000
CT	707	16411	16385	16385.000
CT	706	16560	16536	16536.000
CT	705	16539	16517	16517.000
CT	704	16791	16765	16765.000
CT	703	16704	16687	16687.000
CT	702	16917	16894	16894.000
CT	701	16791	16767	16767.000
CT	700	16695	16669	16669.000
CT	699	16637	16613	16613.000
CT	698	16810	16788	16788.000
CT	697	17093	17055	17055.000
CT	696	16815	16779	16779.000
CT	695	17030	17002	17002.000
CT	694	16944	16911	16911.000
CT	693	16931	16901	16901.000
CT	692	16938	16905	16905.000
CT	691	16862	16832	16832.000
CT	690	17141	17113	17113.000
CT	689	16811	16786	16786.000
CT	688	16930	16901	16901.000
CT	687	16886	16853	16853.000
CT	686	16752	16714	16714.000
CT	685	16735	16696	16696.000
CT	684	16706	16663	16663.000
CT	683	16791	16752	16752.000
CT	682	16745	16713	16713.000
CT	681	16972	16939	16939.000
CT	680	16701	16648	16648.000
CT	679	17095	17058	17058.000
CT	678	16857	16816	16816.000
CT	677	16728	16679	16679.000
CT	676	16723	16707	16707.000
CT	675	16694	16646	16646.000
CT	674	16782	16737	16737.000
CT	673	16542	16498	16498.000
CT	672	16860	16829	16829.000
CT	671	16780	16740	16740.000
CT	670	16628	16597	16597.000
CT	669	16531	16493	16493.000
CT	668	16614	16580	16580.000
CT	667	16390	16361	16361.000
CT	666	16868	16838	16838.000
CT	665	16657	16617	16617.000
CT	664	16425	16389	16389.000
CT	663	16493	16462	16462.000
CT	662	16414	16373	16373.000
CT	661	16666	16636	16636.000
CT	660	16174	16137	16137.000
CT	659	16246	16195	16195.000
CT	658	16061	16015	16015.000
CT	657	16080	16030	16030.000
CT	656	16227	16185	16185.000
CT	655	15949	15902	15902.000
CT	654	15894	15843	15843.000
CT	653	16111	16074	16074.000
CT	652	16000	15953	15953.000
CT	651	15869	15825	15825.000
CT	650	15695	15653	15653.000
CT	649	15728	15689	15689.000
CT	648	15592	15550	15550.000
CT	647	15318	15284	15284.000
CT	646	15539	15512	15512.000
CT	645	15307	15271	15271.000
CT	644	15256	15206	15206.000
CT	643	15096	15047	15047.000
CT	642	15149	15096	15096.000
CT	641	14995	14958	14958.000
CT	640	15088	15049	15049.000
CT	639	14905	14853	14853.000
CT	638	14759	14711	14711.000
CT	637	14892	14843	14843.000
CT	636	14636	14590	14590.000
CT	635	14349	14314	14314.000
CT	634	14541	14500	14500.000
CT	633	14555	14497	14497.000
CT	632	14178	14136	14136.000
CT	631	14061	14019	14019.000
CT	630	14152	14117	14117.000
CT	629	14018	13986	13986.000
CT	628	13788	13754	13754.000
CT	627	13813	13775	13775.000
CT	626	13815	13771	13771.000
CT	625	13656	13614	13614.000
CT	624	13646	13607	13607.000
CT	623	13500	13461	13461.000
CT	622	13290	13245	13245.000
CT	621	13401	13362	13362.000
CT	620	13048	13013	13013.000
CT	619	13130	13095	13095.000
CT	618	13038	13007	13007.000
CT	617	12987	12954	12954.000
CT	616	12920	12885	12885.000
CT	615	12708	12681	12681.000
CT	614	12766	12729	12729.000
CT	613	12616	12582	12582.000
CT	612	12510	12481	12481.000
CT	611	12360	12325	12325.000
CT	610	12293	12266	12266.000
CT	609	12250	12221	12221.000
CT	608	12051	12015	12015.000
CT	607	12027	12011	12011.000
CT	606	11855	11824	11824.000
CT	605	11754	11733	11733.000
CT	604	11590	11558	11558.000
CT	603	11611	11595	11595.000
CT	602	11459	11429	11429.000
CT	601	11257	11223	11223.000
CT	600	11082	11050	11050.000
CT	599	11198	11170	11170.000
CT	598	11015	10981	10981.000
CT	597	10928	10901	10901.000
CT	596	10748	10721	10721.000
CT	595	10514	10493	10493.000
CT	594	10531	10515	10515.000
CT	593	10447	10419	10419.000
CT	592	10332	10306	10306.000
CT	591	10255	10242	10242.000
CT	590	10089	10070	10070.000
CT	589	10032	10006	10006.000
CT	588	9760	9737	9737.000
CT	587	9740	9713	9713.000
CT	586	9595	9574	9574.000
CT	585	9555	9539	9539.000
CT	584	9490	9470	9470.000
CT	583	9498	9475	9475.000
CT	582	9361	9331	9331.000
CT	581	9152	9130	9130.000
CT	580	9140	9119	9119.000
CT	579	8812	8790	8790.000
CT	578	8745	8719	8719.000
CT	577	8746	8718	8718.000
CT	576	8624	8603	8603.000
CT	575	8592	8579	8579.000
CT	574	8337	8316	8316.000
CT	573	8214	8190	8190.000
CT	572	7985	7961	7961.000
CT	571	7959	7933	7933.000
CT	570	7881	7856	7856.000
CT	569	7875	7854	7854.000
CT	568	7550	7531	7531.000
CT	567	7675	7649	7649.000
CT	566	7527	7510	7510.000
CT	565	7472	7452	7452.000
CT	564	7188	7166	7166.000
CT	563	7039	7021	7021.000
CT	562	6919	6911	6911.000
CT	561	7007	6990	6990.000
CT	560	6739	6713	6713.000
CT	559	6533	6516	6516.000
CT	558	6546	6521	6521.000
CT	557	6478	6459	6459.000
CT	556	6225	6210	6210.000
CT	555	6284	6274	6274.000
CT	554	6188	6161	6161.000
CT	553	6115	6102	6102.000
CT	552	6104	6088	6088.000
CT	551	5941	5924	5924.000
CT	550	5815	5804	5804.000
CT	549	5696	5686	5686.000
CT	548	5513	5496	5496.000
CT	547	5470	5464	5464.000
CT	546	5486	5470	5470.000
CT	545	5313	5289	5289.000
CT	544	5339	5328	5328.000
CT	543	5047	5036	5036.000
CT	542	5070	5051	5051.000
CT	541	4936	4927	4927.000
CT	540	4830	4817	4817.000
CT	539	4641	4628	4628.000
CT	538	4547	4534	4534.000
CT	537	4548	4531	4531.000
CT	536	4473	4457	4457.000
CT	535	4551	4542	4542.000
CT	534	4386	4371	4371.000
CT	533	4258	4245	4245.000
CT	532	4152	4143	4143.000
CT	531	4155	4141	4141.000
CT	530	4132	4118	4118.000
CT	529	3823	3810	3810.000
CT	528	3776	3762	3762.000
CT	527	3734	3720	3720.000
CT	526	3625	3617	3617.000
CT	525	3740	3730	3730.000
CT	524	3611	3608	3608.000
CT	523	3472	3468	3468.000
CT	522	3566	3561	3561.000
CT	521	3325	3317	3317.000
CT	520	3342	3330	3330.000
CT	519	3275	3258	3258.000
CT	518	3262	3251	3251.000
CT	517	3225	3212	3212.000
CT	516	3076	3067	3067.000
CT	515	2931	2923	2923.000
CT	514	2961	2952	2952.000
CT	513	2827	2819	2819.000
CT	512	2793	2782	2782.000
CT	511	2708	2698	2698.000
CT	510	2651	2646	2646.000
CT	509	2639	2627	2627.000
CT	508	2507	2502	2502.000
CT	507	2675	2670	2670.000
CT	506	2573	2570	2570.000
CT	505	2506	2491	2491.000
CT	504	2496	2489	2489.000
CT	503	2363	2358	2358.000
CT	502	2290	2287	2287.000
CT	501	2333	2325	2325.000
CT	500	2178	2170	2170.000
CT	499	2064	2060	2060.000
CT	498	2026	2016	2016.000
CT	497	1915	1913	1913.000
CT	496	1917	1908	1908.000
CT	495	1872	1868	1868.000
CT	494	1770	1772	1772.000
CT	493	1706	1707	1707.000
CT	492	1688	1677	1677.000
CT	491	1681	1674	1674.000
CT	490	1577	1569	1569.000
CT	489	1490	1484	1484.000
CT	488	1530	1524	1524.000
CT	487	1407	1406	1406.000
CT	486	1446	1439	1439.000
CT	485	1429	1420	1420.000
CT	484	1384	1382	1382.000
CT	483	1382	1379	1379.000
CT	482	1302	1300	1300.000
CT	481	1299	1294	1294.000
CT	480	1228	1227	1227.000
CT	479	1196	1196	1196.000
CT	478	1174	1168	1168.000
CT	477	1192	1189	1189.000
CT	476	1154	1149	1149.000
CT	475	1084	1078	1078.000
CT	474	1043	1039	1039.000
CT	473	1028	1029	1029.000
CT	472	1018	1015	1015.000
CT	471	932	930	930.000
CT	470	907	899	899.000
CT	469	891	887	887.000
CT	468	869	867	867.000
CT	467	869	864	864.000
CT	466	842	843	843.000
CT	465	759	759	759.000
CT	464	765	759	759.000
CT	463	780	776	776.000
CT	462	804	802	802.000
CT	461	738	737	737.000
CT	460	683	681	681.000
CT	459	640	640	640.000
CT	458	645	647	647.000
CT	457	610	609	609.000
CT	456	667	672	672.000
CT	455	629	626	626.000
CT	454	615	616	616.000
CT	453	621	620	620.000
CT	452	554	555	555.000
CT	451	578	576	576.000
CT	450	537	536	536.000
CT	449	530	531	531.000
CT	448	510	509	509.000
CT	447	487	489	489.000
CT	446	461	462	462.000
CT	445	446	446	446.000
CT	444	439	440	440.000
CT	443	402	404	404.000
CT	442	397	397	397.000
CT	441	391	392	392.000
CT	440	396	399	399.000
CT	439	387	389	389.000
CT	438	333	335	335.000
CT	437	344	347	347.000
CT	436	329	329	329.000
CT	435	344	344	344.000
CT	434	318	322	322.000
CT	433	346	345	345.000
CT	432	323	324	324.000
CT	431	330	329	329.000
CT	430	287	288	288.000
CT	429	302	304	304.000
CT	428	291	292	292.000
CT	427	254	253	253.000
CT	426	245	247	247.000
CT	425	233	232	232.000
CT	424	230	231	231.000
CT	423	214	215	215.000
CT	422	212	210	210.000
CT	421	252	251	251.000
CT	420	204	205	205.000
CT	419	221	219	219.000
CT	418	183	182	182.000
CT	417	192	191	191.000
CT	416	192	190	190.000
CT	415	143	142	142.000
CT	414	160	159	159.000
CT	413	143	142	142.000
CT	412	152	152	152.000
CT	411	147	143	143.000
CT	410	137	136	136.000
CT	409	165	164	164.000
CT	408	149	147	147.000
CT	407	142	143	143.000
CT	406	133	129	129.000
CT	405	154	154	154.000
CT	404	140	137	137.000
CT	403	142	139	139.000
CT	402	126	123	123.000
CT	401	137	136	136.000
CT	400	120	116	116.000
CT	399	129	126	126.000
CT	398	118	116	116.000
CT	397	130	130	130.000
CT	396	96	94	94.000
CT	395	115	115	115.000
CT	394	122	115	115.000
CT	393	95	93	93.000
CT	392	88	85	85.000
CT	391	78	76	76.000
CT	390	70	72	72.000
CT	389	68	63	63.000
CT	388	72	71	71.000
CT	387	60	58	58.000
CT	386	66	66	66.000
CT	385	57	52	52.000
CT	384	51	49	49.000
CT	383	60	58	58.000
CT	382	58	54	54.000
CT	381	70	67	67.000
CT	380	59	53	53.000
CT	379	68	62	62.000
CT	378	40	32	32.000
CT	377	47	47	47.000
CT	376	67	61	61.000
CT	375	42	36	36.000
CT	374	43	40	40.000
CT	373	52	47	47.000
CT	372	50	44	44.000
CT	371	41	36	36.000
CT	370	39	28	28.000
CT	369	42	40	40.000
CT	368	36	36	36.000
CT	367	34	29	29.000
CT	366	38	32	32.000
CT	365	35	31	31.000
CT	364	19	18	18.000
CT	363	39	37	37.000
CT	362	27	25	25.000
CT	361	28	25	25.000
CT	360	28	25	25.000
CT	359	28	24	24.000
CT	358	21	20	20.000
CT	357	28	27	27.000
CT	356	34	33	33.000
CT	355	24	24	24.000
CT	354	38	35	35.000
CT	353	25	24	24.000
CT	352	22	22	22.000
CT	351	31	28	28.000
CT	350	31	29	29.000
CT	349	35	34	34.000
CT	348	27	27	27.000
CT	347	34	34	34.000
CT	346	34	33	33.000
CT	345	26	25	25.000
CT	344	27	26	26.000
CT	343	22	19	19.000
CT	342	29	27	27.000
CT	341	37	35	35.000
CT	340	30	32	32.000
CT	339	28	26	26.000
CT	338	39	40	40.000
CT	337	24	25	25.000
CT	336	28	26	26.000
CT	335	29	29	29.000
CT	334	32	32	32.000
CT	333	32	31	31.000
CT	332	36	34	34.000
CT	331	34	33	33.000
CT	330	33	34	34.000
CT	329	30	31	31.000
CT	328	22	19	19.000
CT	327	27	24	24.000
CT	326	30	25	25.000
CT	325	33	30	30.000
CT	324	27	24	24.000
CT	323	19	16	16.000
CT	322	14	13	13.000
CT	321	29	29	29.000
CT	320	19	18	18.000
CT	319	22	18	18.000
CT	318	20	18	18.000
CT	317	13	12	12.000
CT	316	17	16	16.000
CT	315	16	15	15.000
CT	314	13	13	13.000
CT	313	7	7	7.000
CT	312	14	14	14.000
CT	311	9	9	9.000
CT	310	15	15	15.000
CT	309	10	10	10.000
CT	308	6	6	6.000
CT	307	7	7	7.000
CT	306	16	16	16.000
CT	305	8	8	8.000
CT	304	8	8	8.000
CT	303	8	8	8.000
CT	302	11	11	11.000
CT	301	7	7	7.000
CT	300	8	8	8.000
CT	299	9	9	9.000
CT	298	8	8	8.000
CT	297	14	14	14.000
CT	296	9	9	9.000
CT	295	6	6	6.000
CT	294	11	10	10.000
CT	293	14	13	13.000
CT	292	14	14	14.000
CT	291	16	16	16.000
CT	290	10	10	10.000
CT	289	11	11	11.000
CT	288	14	14	14.000
CT	287	17	17	17.000
CT	286	21	21	21.000
CT	285	18	18	18.000
CT	284	11	11	11.000
CT	283	12	12	12.000
CT	282	13	13	13.000
CT	281	25	24	24.000
CT	280	14	11	11.000
CT	279	10	9	9.000
CT	278	14	14	14.000
CT	277	15	15	15.000
CT	276	8	7	7.000
CT	275	10	7	7.000
CT	274	9	7	7.000
CT	273	5	4	4.000
CT	272	16	14	14.000
CT	271	9	9	9.000
CT	270	11	10	10.000
CT	269	14	14	14.000
CT	268	11	8	8.000
CT	267	14	13	13.000
CT	266	15	14	14.000
CT	265	14	13	13.000
CT	264	17	18	18.000
CT	263	13	11	11.000
CT	262	18	17	17.000
CT	261	17	15	15.000
CT	260	16	15	15.000
CT	259	19	19	19.000
CT	258	23	25	25.000
CT	257	19	19	19.000
CT	256	22	22	22.000
CT	255	18	20	20.000
CT	254	24	27	27.000
CT	253	19	19	19.000
CT	252	27	30	30.000
CT	251	14	15	15.000
CT	250	28	30	30.000
CT	249	17	17	17.000
CT	248	31	32	32.000
CT	247	31	30	30.000
CT	246	24	23	23.000
CT	245	23	23	23.000
CT	244	24	24	24.000
CT	243	37	37	37.000
CT	242	15	15	15.000
CT	241	22	22	22.000
CT	240	14	14	14.000
CT	239	20	20	20.000
CT	238	21	21	21.000
CT	237	29	29	29.000
CT	236	20	20	20.000
CT	235	15	15	15.000
CT	234	27	27	27.000
CT	233	26	26	26.000
CT	232	22	22	22.000
CT	231	27	27	27.000
CT	230	24	24	24.000
CT	229	29	29	29.000
CT	228	27	27	27.000
CT	227	25	25	25.000
CT	226	17	17	17.000
CT	225	27	26	26.000
CT	224	28	26	26.000
CT	223	29	29	29.000
CT	222	29	29	29.000
CT	221	24	24	24.000
CT	220	15	15	15.000
CT	219	23	23	23.000
CT	218	22	20	20.000
CT	217	29	24	24.000
CT	216	34	29	29.000
CT	215	24	22	22.000
CT	214	28	25	25.000
CT	213	30	27	27.000
CT	212	25	24	24.000
CT	211	21	21	21.000
CT	210	23	23	23.000
CT	209	19	17	17.000
CT	208	21	17	17.000
CT	207	15	12	12.000
CT	206	17	12	12.000
CT	205	16	12	12.000
CT	204	15	15	15.000
CT	203	15	14	14.000
CT	202	8	6	6.000
CT	201	11	10	10.000
CT	200	9	7	7.000
CT	199	5	4	4.000
CT	198	6	3	3.000
CT	197	5	3	3.000
CT	196	4	4	4.000
CT	195	6	4	4.000
CT	194	9	8	8.000
CT	193	8	8	8.000
CT	192	11	10	10.000
CT	191	9	7	7.000
CT	190	7	5	5.000
CT	189	5	4	4.000
CT	188	9	7	7.000
CT	187	1	1	1.000
CT	186	3	2	2.000
CT	185	3	3	3.000
CT	184	6	5	5.000
CT	183	5	5	5.000
CT	182	6	3	3.000
CT	181	11	10	10.000
CT	180	9	8	8.000
CT	179	9	6	6.000
CT	178	11	11	11.000
CT	177	8	4	4.000
CT	176	8	8	8.000
CT	175	18	14	14.000
CT	174	10	9	9.000
CT	173	12	5	5.000
CT	172	14	10	10.000
CT	171	13	9	9.000
CT	170	8	5	5.000
CT	169	10	5	5.000
CT	168	10	5	5.000
CT	167	6	4	4.000
CT	166	5	1	1.000
CT	165	8	2	2.000
CT	164	8	5	5.000
CT	163	5	5	5.000
CT	162	4	3	3.000
CT	161	7	5	5.000
CT	160	4	3	3.000
CT	159	8	5	5.000
CT	158	4	2	2.000
CT	157	8	4	4.000
CT	156	3	0	0.000
CT	155	4	2	2.000
CT	154	6	3	3.000
CT	153	6	3	3.000
CT	152	1	0	0.000
CT	151	4	2	2.000
CT	150	7	3	3.000
CT	149	8	4	4.000
CT	148	8	5	5.000
CT	147	7	5	5.000
CT	146	7	6	6.000
CT	145	5	3	3.000
CT	144	6	5	5.000
CT	143	8	5	5.000
CT	142	5	1	1.000
CT	141	4	0	0.000
CT	140	3	0	0.000
CT	139	1	1	1.000
CT	138	3	1	1.000
CT	137	3	0	0.000
CT	136	4	0	0.000
CT	135	2	0	0.000
CT	134	2	0	0.000
CT	133	7	0	0.000
CT	132	8	0	0.000
CT	131	14	0	0.000
CT	130	10	0	0.000
CT	129	14	0	0.000
CT	128	7	0	0.000
CT	127	11	0	0.000
CT	126	6	0	0.000
CT	125	10	0	0.000
CT	124	11	0	0.000
CT	123	3	0	0.000
CT	122	12	0	0.000
CT	121	17	0	0.000
CT	120	15	0	0.000
CT	119	13	0	0.000
CT	118	9	0	0.000
CT	117	11	0	0.000
CT	116	10	0	0.000
CT	115	6	0	0.000
CT	114	14	0	0.000
CT	113	19	0	0.000
CT	112	17	0	0.000
CT	111	25	0	0.000
CT	110	12	0	0.000
CT	109	18	0	0.000
CT	108	31	0	0.000
CT	107	36	0	0.000
CT	106	26	0	0.000
CT	105	17	0	0.000
CT	104	29	0	0.000
CT	103	21	0	0.000
CT	102	30	0	0.000
CT	101	20	0	0.000
CT	100	24	0	0.000
CT	99	20	0	0.000
CT	98	28	0	0.000
CT	97	33	0	0.000
CT	96	38	0	0.000
CT	95	22	0	0.000
CT	94	30	0	0.000
CT	93	33	0	0.000
CT	92	32	0	0.000
CT	91	31	0	0.000
CT	90	40	0	0.000
CT	89	53	0	0.000
CT	88	51	0	0.000
CT	87	47	0	0.000
CT	86	57	0	0.000
CT	85	76	0	0.000
CT	84	77	0	0.000
CT	83	72	0	0.000
CT	82	82	0	0.000
CT	81	106	0	0.000
CT	80	94	0	0.000
CT	79	92	0	0.000
CT	78	109	0	0.000
CT	77	75	0	0.000
CT	76	107	0	0.000
CT	75	95	0	0.000
CT	74	118	0	0.000
CT	73	154	0	0.000
CT	72	134	0	0.000
CT	71	131	0	0.000
CT	70	157	0	0.000
CT	69	165	0	0.000
CT	68	166	0	0.000
CT	67	158	0	0.000
CT	66	219	0	0.000
CT	65	287	0	0.000
CT	64	245	0	0.000
CT	63	322	0	0.000
CT	62	292	0	0.000
CT	61	328	0	0.000
CT	60	350	0	0.000
CT	59	392	0	0.000
CT	58	398	0	0.000
CT	57	384	0	0.000
CT	56	371	0	0.000
CT	55	382	0	0.000
CT	54	447	0	0.000
CT	53	512	0	0.000
CT	52	530	0	0.000
CT	51	582	0	0.000
CT	50	769	0	0.000
CT	49	691	0	0.000
CT	48	811	0	0.000
CT	47	900	0	0.000
CT	46	947	0	0.000
CT	45	1092	0	0.000
CT	44	1172	0	0.000
CT	43	1224	0	0.000
CT	42	1404	0	0.000
CT	41	1372	0	0.000
CT	40	1642	0	0.000
CT	39	1860	0	0.000
CT	38	2102	0	0.000
CT	37	2176	0	0.000
CT	36	2327	0	0.000
CT	35	2576	0	0.000
CT	34	2804	0	0.000
CT	33	3114	0	0.000
CT	32	3442	0	0.000
CT	31	3791	0	0.000
CT	30	4151	0	0.000
CT	29	4800	0	0.000
CT	28	5506	0	0.000
CT	27	6096	0	0.000
CT	26	7000	0	0.000
CT	25	8127	0	0.000
CT	24	9525	0	0.000
CT	23	10863	0	0.000
CT	22	13014	0	0.000
CT	21	14514	0	0.000
CT	20	17357	0	0.000
CT	19	20883	0	0.000
CT	18	25093	0	0.000
CT	17	30528	0	0.000
CT	16	37375	0	0.000
CT	15	47403	0	0.000
CT	14	60739	0	0.000
CT	13	80060	0	0.000
CT	12	111043	6	5.989
CT	11	159195	4	3.984
CT	10	234685	0	0.000
CT	9	365294	0	0.000
CT	8	595366	2	1.942
CT	7	977450	4	3.904
CT	6	1642659	0	0.000
CT	5	2854108	2	-nan
CT	4	5369536	6	-nan
CT	3	11772627	11	-nan
CT	2	32312907	3	-nan
CT	1	0	0	-nan
CT	0	0	642	-nan
FR	9.8e-08	0
ER	4545299	0.000
CV	0.998
QV	53.414	53.414
