HS	1023	0	40604	40604
HS	1022	0	493	41097
HS	1021	0	453	41550
HS	1020	0	444	41994
HS	1019	0	492	42486
HS	1018	0	524	43010
HS	1017	0	489	43499
HS	1016	0	495	43994
HS	1015	0	539	44533
HS	1014	0	517	45050
HS	1013	0	500	45550
HS	1012	0	556	46106
HS	1011	0	586	46692
HS	1010	0	552	47244
HS	1009	0	579	47823
HS	1008	0	580	48403
HS	1007	0	586	48989
HS	1006	0	580	49569
HS	1005	0	682	50251
HS	1004	0	628	50879
HS	1003	0	681	51560
HS	1002	0	692	52252
HS	1001	0	656	52908
HS	1000	0	748	53656
HS	999	0	679	54335
HS	998	0	689	55024
HS	997	0	737	55761
HS	996	0	810	56571
HS	995	0	785	57356
HS	994	0	763	58119
HS	993	0	815	58934
HS	992	0	834	59768
HS	991	0	825	60593
HS	990	0	841	61434
HS	989	0	884	62318
HS	988	0	854	63172
HS	987	0	820	63992
HS	986	0	905	64897
HS	985	0	907	65804
HS	984	0	964	66768
HS	983	0	940	67708
HS	982	0	979	68687
HS	981	0	992	69679
HS	980	0	991	70670
HS	979	0	989	71659
HS	978	0	1059	72718
HS	977	0	1039	73757
HS	976	0	1083	74840
HS	975	0	1101	75941
HS	974	0	1147	77088
HS	973	0	1123	78211
HS	972	0	1089	79300
HS	971	0	1194	80494
HS	970	0	1119	81613
HS	969	0	1197	82810
HS	968	0	1218	84028
HS	967	0	1204	85232
HS	966	0	1319	86551
HS	965	0	1259	87810
HS	964	0	1315	89125
HS	963	0	1310	90435
HS	962	0	1414	91849
HS	961	0	1415	93264
HS	960	0	1399	94663
HS	959	0	1395	96058
HS	958	0	1415	97473
HS	957	0	1426	98899
HS	956	0	1501	100400
HS	955	0	1495	101895
HS	954	0	1552	103447
HS	953	0	1615	105062
HS	952	0	1636	106698
HS	951	0	1594	108292
HS	950	0	1610	109902
HS	949	0	1658	111560
HS	948	0	1676	113236
HS	947	0	1801	115037
HS	946	0	1726	116763
HS	945	0	1844	118607
HS	944	0	1823	120430
HS	943	0	1840	122270
HS	942	0	1851	124121
HS	941	0	1891	126012
HS	940	0	1974	127986
HS	939	0	2002	129988
HS	938	0	2034	132022
HS	937	0	2145	134167
HS	936	0	2068	136235
HS	935	0	2094	138329
HS	934	0	2159	140488
HS	933	0	2187	142675
HS	932	0	2196	144871
HS	931	0	2213	147084
HS	930	0	2255	149339
HS	929	0	2367	151706
HS	928	0	2370	154076
HS	927	0	2331	156407
HS	926	0	2491	158898
HS	925	0	2473	161371
HS	924	0	2498	163869
HS	923	0	2451	166320
HS	922	0	2541	168861
HS	921	0	2606	171467
HS	920	0	2607	174074
HS	919	0	2719	176793
HS	918	0	2657	179450
HS	917	0	2804	182254
HS	916	0	2755	185009
HS	915	0	2764	187773
HS	914	0	2829	190602
HS	913	0	2895	193497
HS	912	0	2833	196330
HS	911	0	2966	199296
HS	910	0	3076	202372
HS	909	0	3161	205533
HS	908	0	3177	208710
HS	907	0	3197	211907
HS	906	0	3194	215101
HS	905	0	3264	218365
HS	904	0	3216	221581
HS	903	0	3301	224882
HS	902	0	3361	228243
HS	901	0	3447	231690
HS	900	0	3415	235105
HS	899	0	3375	238480
HS	898	0	3527	242007
HS	897	0	3609	245616
HS	896	0	3653	249269
HS	895	0	3659	252928
HS	894	0	3676	256604
HS	893	0	3738	260342
HS	892	0	3853	264195
HS	891	0	3956	268151
HS	890	0	3976	272127
HS	889	0	3953	276080
HS	888	0	4005	280085
HS	887	0	4059	284144
HS	886	0	4151	288295
HS	885	0	4166	292461
HS	884	0	4289	296750
HS	883	0	4334	301084
HS	882	0	4373	305457
HS	881	0	4535	309992
HS	880	0	4484	314476
HS	879	0	4405	318881
HS	878	0	4587	323468
HS	877	0	4691	328159
HS	876	0	4643	332802
HS	875	0	4676	337478
HS	874	0	4687	342165
HS	873	0	4789	346954
HS	872	0	4962	351916
HS	871	0	4867	356783
HS	870	0	5172	361955
HS	869	0	5059	367014
HS	868	0	5065	372079
HS	867	0	5127	377206
HS	866	0	5362	382568
HS	865	0	5364	387932
HS	864	0	5281	393213
HS	863	0	5445	398658
HS	862	0	5490	404148
HS	861	0	5658	409806
HS	860	0	5626	415432
HS	859	0	5705	421137
HS	858	0	5855	426992
HS	857	0	5779	432771
HS	856	0	5767	438538
HS	855	0	6045	444583
HS	854	0	5880	450463
HS	853	0	6141	456604
HS	852	0	6321	462925
HS	851	0	6201	469126
HS	850	0	6313	475439
HS	849	0	6337	481776
HS	848	0	6639	488415
HS	847	0	6446	494861
HS	846	0	6568	501429
HS	845	0	6609	508038
HS	844	0	6762	514800
HS	843	0	6659	521459
HS	842	0	6827	528286
HS	841	0	6956	535242
HS	840	0	7009	542251
HS	839	0	7100	549351
HS	838	0	7204	556555
HS	837	0	7184	563739
HS	836	0	7278	571017
HS	835	0	7410	578427
HS	834	0	7435	585862
HS	833	0	7523	593385
HS	832	0	7493	600878
HS	831	0	7722	608600
HS	830	0	7891	616491
HS	829	0	7852	624343
HS	828	0	7878	632221
HS	827	0	7972	640193
HS	826	0	8081	648274
HS	825	0	8038	656312
HS	824	0	8279	664591
HS	823	0	8287	672878
HS	822	0	8641	681519
HS	821	0	8408	689927
HS	820	0	8614	698541
HS	819	0	8563	707104
HS	818	0	8772	715876
HS	817	0	8708	724584
HS	816	0	8962	733546
HS	815	0	9027	742573
HS	814	0	9137	751710
HS	813	0	9182	760892
HS	812	0	9458	770350
HS	811	0	9395	779745
HS	810	0	9389	789134
HS	809	0	9551	798685
HS	808	0	9623	808308
HS	807	0	9815	818123
HS	806	0	9732	827855
HS	805	0	10049	837904
HS	804	0	9885	847789
HS	803	0	10097	857886
HS	802	0	9907	867793
HS	801	0	10197	877990
HS	800	0	10297	888287
HS	799	0	10411	898698
HS	798	0	10413	909111
HS	797	0	10561	919672
HS	796	0	10797	930469
HS	795	0	10701	941170
HS	794	0	10700	951870
HS	793	0	10890	962760
HS	792	0	10913	973673
HS	791	0	11158	984831
HS	790	0	10979	995810
HS	789	0	11190	1007000
HS	788	0	11503	1018503
HS	787	0	11367	1029870
HS	786	0	11618	1041488
HS	785	0	11683	1053171
HS	784	0	11777	1064948
HS	783	0	11945	1076893
HS	782	0	11806	1088699
HS	781	0	12137	1100836
HS	780	0	12211	1113047
HS	779	0	12293	1125340
HS	778	0	12154	1137494
HS	777	0	12202	1149696
HS	776	0	12516	1162212
HS	775	0	12292	1174504
HS	774	0	12763	1187267
HS	773	0	12701	1199968
HS	772	0	12808	1212776
HS	771	0	12657	1225433
HS	770	0	12784	1238217
HS	769	0	13094	1251311
HS	768	0	12982	1264293
HS	767	0	13233	1277526
HS	766	0	13047	1290573
HS	765	0	13275	1303848
HS	764	0	13298	1317146
HS	763	0	13441	1330587
HS	762	0	13468	1344055
HS	761	0	13603	1357658
HS	760	0	13648	1371306
HS	759	0	13711	1385017
HS	758	0	13795	1398812
HS	757	0	13779	1412591
HS	756	0	14048	1426639
HS	755	0	13901	1440540
HS	754	0	13871	1454411
HS	753	0	14109	1468520
HS	752	0	14043	1482563
HS	751	0	14143	1496706
HS	750	0	14113	1510819
HS	749	0	14415	1525234
HS	748	0	14578	1539812
HS	747	0	14473	1554285
HS	746	0	14529	1568814
HS	745	0	14793	1583607
HS	744	0	14622	1598229
HS	743	0	14758	1612987
HS	742	0	14906	1627893
HS	741	0	14906	1642799
HS	740	0	15018	1657817
HS	739	0	14994	1672811
HS	738	0	15198	1688009
HS	737	0	15361	1703370
HS	736	0	15210	1718580
HS	735	0	15147	1733727
HS	734	0	15394	1749121
HS	733	0	15295	1764416
HS	732	0	15470	1779886
HS	731	0	15424	1795310
HS	730	0	15746	1811056
HS	729	0	15442	1826498
HS	728	0	15846	1842344
HS	727	0	15577	1857921
HS	726	0	15933	1873854
HS	725	0	15636	1889490
HS	724	0	15769	1905259
HS	723	0	15914	1921173
HS	722	0	15851	1937024
HS	721	0	15945	1952969
HS	720	0	15959	1968928
HS	719	0	16062	1984990
HS	718	0	16142	2001132
HS	717	0	16442	2017574
HS	716	0	16107	2033681
HS	715	0	16499	2050180
HS	714	0	16245	2066425
HS	713	0	16352	2082777
HS	712	0	16259	2099036
HS	711	0	16499	2115535
HS	710	0	16524	2132059
HS	709	0	16681	2148740
HS	708	0	16434	2165174
HS	707	0	16411	2181585
HS	706	0	16560	2198145
HS	705	0	16539	2214684
HS	704	0	16791	2231475
HS	703	0	16704	2248179
HS	702	0	16917	2265096
HS	701	0	16791	2281887
HS	700	0	16695	2298582
HS	699	0	16637	2315219
HS	698	0	16810	2332029
HS	697	0	17093	2349122
HS	696	0	16815	2365937
HS	695	0	17030	2382967
HS	694	0	16944	2399911
HS	693	0	16931	2416842
HS	692	0	16938	2433780
HS	691	0	16862	2450642
HS	690	0	17141	2467783
HS	689	0	16811	2484594
HS	688	0	16930	2501524
HS	687	0	16886	2518410
HS	686	0	16752	2535162
HS	685	0	16735	2551897
HS	684	0	16706	2568603
HS	683	0	16791	2585394
HS	682	0	16745	2602139
HS	681	0	16972	2619111
HS	680	0	16701	2635812
HS	679	0	17095	2652907
HS	678	0	16857	2669764
HS	677	0	16728	2686492
HS	676	0	16723	2703215
HS	675	0	16694	2719909
HS	674	0	16782	2736691
HS	673	0	16542	2753233
HS	672	0	16860	2770093
HS	671	0	16780	2786873
HS	670	0	16628	2803501
HS	669	0	16531	2820032
HS	668	0	16614	2836646
HS	667	0	16390	2853036
HS	666	0	16868	2869904
HS	665	0	16657	2886561
HS	664	0	16425	2902986
HS	663	0	16493	2919479
HS	662	0	16414	2935893
HS	661	0	16666	2952559
HS	660	0	16174	2968733
HS	659	0	16246	2984979
HS	658	0	16061	3001040
HS	657	0	16080	3017120
HS	656	0	16227	3033347
HS	655	0	15949	3049296
HS	654	0	15894	3065190
HS	653	0	16111	3081301
HS	652	0	16000	3097301
HS	651	0	15869	3113170
HS	650	0	15695	3128865
HS	649	0	15728	3144593
HS	648	0	15592	3160185
HS	647	0	15318	3175503
HS	646	0	15539	3191042
HS	645	0	15307	3206349
HS	644	0	15256	3221605
HS	643	0	15096	3236701
HS	642	0	15149	3251850
HS	641	0	14995	3266845
HS	640	0	15088	3281933
HS	639	0	14905	3296838
HS	638	0	14759	3311597
HS	637	0	14892	3326489
HS	636	0	14636	3341125
HS	635	0	14349	3355474
HS	634	0	14541	3370015
HS	633	0	14555	3384570
HS	632	0	14178	3398748
HS	631	0	14061	3412809
HS	630	0	14152	3426961
HS	629	0	14018	3440979
HS	628	0	13788	3454767
HS	627	0	13813	3468580
HS	626	0	13815	3482395
HS	625	0	13656	3496051
HS	624	0	13646	3509697
HS	623	0	13500	3523197
HS	622	0	13290	3536487
HS	621	0	13401	3549888
HS	620	0	13048	3562936
HS	619	0	13130	3576066
HS	618	0	13038	3589104
HS	617	0	12987	3602091
HS	616	0	12920	3615011
HS	615	0	12708	3627719
HS	614	0	12766	3640485
HS	613	0	12616	3653101
HS	612	0	12510	3665611
HS	611	0	12360	3677971
HS	610	0	12293	3690264
HS	609	0	12250	3702514
HS	608	0	12051	3714565
HS	607	0	12027	3726592
HS	606	0	11855	3738447
HS	605	0	11754	3750201
HS	604	0	11590	3761791
HS	603	0	11611	3773402
HS	602	0	11459	3784861
HS	601	0	11257	3796118
HS	600	0	11082	3807200
HS	599	0	11198	3818398
HS	598	0	11015	3829413
HS	597	0	10928	3840341
HS	596	0	10748	3851089
HS	595	0	10514	3861603
HS	594	0	10531	3872134
HS	593	0	10447	3882581
HS	592	0	10332	3892913
HS	591	0	10255	3903168
HS	590	0	10089	3913257
HS	589	0	10032	3923289
HS	588	0	9760	3933049
HS	587	0	9740	3942789
HS	586	0	9595	3952384
HS	585	0	9555	3961939
HS	584	0	9490	3971429
HS	583	0	9498	3980927
HS	582	0	9361	3990288
HS	581	0	9152	3999440
HS	580	0	9140	4008580
HS	579	0	8812	4017392
HS	578	0	8745	4026137
HS	577	0	8746	4034883
HS	576	0	8624	4043507
HS	575	0	8592	4052099
HS	574	0	8337	4060436
HS	573	0	8214	4068650
HS	572	0	7985	4076635
HS	571	0	7959	4084594
HS	570	0	7881	4092475
HS	569	0	7875	4100350
HS	568	0	7550	4107900
HS	567	0	7675	4115575
HS	566	0	7527	4123102
HS	565	0	7472	4130574
HS	564	0	7188	4137762
HS	563	0	7039	4144801
HS	562	0	6919	4151720
HS	561	0	7007	4158727
HS	560	0	6739	4165466
HS	559	0	6533	4171999
HS	558	0	6546	4178545
HS	557	0	6478	4185023
HS	556	0	6225	4191248
HS	555	0	6284	4197532
HS	554	0	6188	4203720
HS	553	0	6115	4209835
HS	552	0	6104	4215939
HS	551	0	5941	4221880
HS	550	0	5815	4227695
HS	549	0	5696	4233391
HS	548	0	5513	4238904
HS	547	0	5470	4244374
HS	546	0	5486	4249860
HS	545	0	5313	4255173
HS	544	0	5339	4260512
HS	543	0	5047	4265559
HS	542	0	5070	4270629
HS	541	0	4936	4275565
HS	540	0	4830	4280395
HS	539	0	4641	4285036
HS	538	0	4547	4289583
HS	537	0	4548	4294131
HS	536	0	4473	4298604
HS	535	0	4551	4303155
HS	534	0	4386	4307541
HS	533	0	4258	4311799
HS	532	0	4152	4315951
HS	531	0	4155	4320106
HS	530	0	4132	4324238
HS	529	0	3823	4328061
HS	528	0	3776	4331837
HS	527	0	3734	4335571
HS	526	0	3625	4339196
HS	525	0	3740	4342936
HS	524	0	3611	4346547
HS	523	0	3472	4350019
HS	522	0	3566	4353585
HS	521	0	3325	4356910
HS	520	0	3342	4360252
HS	519	0	3275	4363527
HS	518	0	3262	4366789
HS	517	0	3225	4370014
HS	516	0	3076	4373090
HS	515	0	2931	4376021
HS	514	0	2961	4378982
HS	513	0	2827	4381809
HS	512	0	2793	4384602
HS	511	0	2708	4387310
HS	510	0	2651	4389961
HS	509	0	2639	4392600
HS	508	0	2507	4395107
HS	507	0	2675	4397782
HS	506	0	2573	4400355
HS	505	0	2506	4402861
HS	504	0	2496	4405357
HS	503	0	2363	4407720
HS	502	0	2290	4410010
HS	501	0	2333	4412343
HS	500	0	2178	4414521
HS	499	0	2064	4416585
HS	498	0	2026	4418611
HS	497	0	1915	4420526
HS	496	0	1917	4422443
HS	495	0	1872	4424315
HS	494	0	1770	4426085
HS	493	0	1706	4427791
HS	492	0	1688	4429479
HS	491	0	1681	4431160
HS	490	0	1577	4432737
HS	489	0	1490	4434227
HS	488	0	1530	4435757
HS	487	0	1407	4437164
HS	486	0	1446	4438610
HS	485	0	1429	4440039
HS	484	0	1384	4441423
HS	483	0	1382	4442805
HS	482	0	1302	4444107
HS	481	0	1299	4445406
HS	480	0	1228	4446634
HS	479	0	1196	4447830
HS	478	0	1174	4449004
HS	477	0	1192	4450196
HS	476	0	1154	4451350
HS	475	0	1084	4452434
HS	474	0	1043	4453477
HS	473	0	1028	4454505
HS	472	0	1018	4455523
HS	471	0	932	4456455
HS	470	0	907	4457362
HS	469	0	891	4458253
HS	468	0	869	4459122
HS	467	0	869	4459991
HS	466	0	842	4460833
HS	465	0	759	4461592
HS	464	0	765	4462357
HS	463	0	780	4463137
HS	462	0	804	4463941
HS	461	0	738	4464679
HS	460	0	683	4465362
HS	459	0	640	4466002
HS	458	0	645	4466647
HS	457	0	610	4467257
HS	456	0	667	4467924
HS	455	0	629	4468553
HS	454	0	615	4469168
HS	453	0	621	4469789
HS	452	0	554	4470343
HS	451	0	578	4470921
HS	450	0	537	4471458
HS	449	0	530	4471988
HS	448	0	510	4472498
HS	447	0	487	4472985
HS	446	0	461	4473446
HS	445	0	446	4473892
HS	444	0	439	4474331
HS	443	0	402	4474733
HS	442	0	397	4475130
HS	441	0	391	4475521
HS	440	0	396	4475917
HS	439	0	387	4476304
HS	438	0	333	4476637
HS	437	0	344	4476981
HS	436	0	329	4477310
HS	435	0	344	4477654
HS	434	0	318	4477972
HS	433	0	346	4478318
HS	432	0	323	4478641
HS	431	0	330	4478971
HS	430	0	287	4479258
HS	429	0	302	4479560
HS	428	0	291	4479851
HS	427	0	254	4480105
HS	426	0	245	4480350
HS	425	0	233	4480583
HS	424	0	230	4480813
HS	423	0	214	4481027
HS	422	0	212	4481239
HS	421	0	252	4481491
HS	420	0	204	4481695
HS	419	0	221	4481916
HS	418	0	183	4482099
HS	417	0	192	4482291
HS	416	0	192	4482483
HS	415	0	143	4482626
HS	414	0	160	4482786
HS	413	0	143	4482929
HS	412	0	152	4483081
HS	411	0	147	4483228
HS	410	0	137	4483365
HS	409	0	165	4483530
HS	408	0	149	4483679
HS	407	0	142	4483821
HS	406	0	133	4483954
HS	405	0	154	4484108
HS	404	0	140	4484248
HS	403	0	142	4484390
HS	402	0	126	4484516
HS	401	0	137	4484653
HS	400	0	120	4484773
HS	399	0	129	4484902
HS	398	0	118	4485020
HS	397	0	130	4485150
HS	396	0	96	4485246
HS	395	0	115	4485361
HS	394	0	122	4485483
HS	393	0	95	4485578
HS	392	0	88	4485666
HS	391	0	78	4485744
HS	390	0	70	4485814
HS	389	0	68	4485882
HS	388	0	72	4485954
HS	387	0	60	4486014
HS	386	0	66	4486080
HS	385	0	57	4486137
HS	384	0	51	4486188
HS	383	0	60	4486248
HS	382	0	58	4486306
HS	381	0	70	4486376
HS	380	0	59	4486435
HS	379	0	68	4486503
HS	378	0	40	4486543
HS	377	0	47	4486590
HS	376	0	67	4486657
HS	375	0	42	4486699
HS	374	0	43	4486742
HS	373	0	52	4486794
HS	372	0	50	4486844
HS	371	0	41	4486885
HS	370	0	39	4486924
HS	369	0	42	4486966
HS	368	0	36	4487002
HS	367	0	34	4487036
HS	366	0	38	4487074
HS	365	0	35	4487109
HS	364	0	19	4487128
HS	363	0	39	4487167
HS	362	0	27	4487194
HS	361	0	28	4487222
HS	360	0	28	4487250
HS	359	0	28	4487278
HS	358	0	21	4487299
HS	357	0	28	4487327
HS	356	0	34	4487361
HS	355	0	24	4487385
HS	354	0	38	4487423
HS	353	0	25	4487448
HS	352	0	22	4487470
HS	351	0	31	4487501
HS	350	0	31	4487532
HS	349	0	35	4487567
HS	348	0	27	4487594
HS	347	0	34	4487628
HS	346	0	34	4487662
HS	345	0	26	4487688
HS	344	0	27	4487715
HS	343	0	22	4487737
HS	342	0	29	4487766
HS	341	0	37	4487803
HS	340	0	30	4487833
HS	339	0	28	4487861
HS	338	0	39	4487900
HS	337	0	24	4487924
HS	336	0	28	4487952
HS	335	0	29	4487981
HS	334	0	32	4488013
HS	333	0	32	4488045
HS	332	0	36	4488081
HS	331	0	34	4488115
HS	330	0	33	4488148
HS	329	0	30	4488178
HS	328	0	22	4488200
HS	327	0	27	4488227
HS	326	0	30	4488257
HS	325	0	33	4488290
HS	324	0	27	4488317
HS	323	0	19	4488336
HS	322	0	14	4488350
HS	321	0	29	4488379
HS	320	0	19	4488398
HS	319	0	22	4488420
HS	318	0	20	4488440
HS	317	0	13	4488453
HS	316	0	17	4488470
HS	315	0	16	4488486
HS	314	0	13	4488499
HS	313	0	7	4488506
HS	312	0	14	4488520
HS	311	0	9	4488529
HS	310	0	15	4488544
HS	309	0	10	4488554
HS	308	0	6	4488560
HS	307	0	7	4488567
HS	306	0	16	4488583
HS	305	0	8	4488591
HS	304	0	8	4488599
HS	303	0	8	4488607
HS	302	0	11	4488618
HS	301	0	7	4488625
HS	300	0	8	4488633
HS	299	0	9	4488642
HS	298	0	8	4488650
HS	297	0	14	4488664
HS	296	0	9	4488673
HS	295	0	6	4488679
HS	294	0	11	4488690
HS	293	0	14	4488704
HS	292	0	14	4488718
HS	291	0	16	4488734
HS	290	0	10	4488744
HS	289	0	11	4488755
HS	288	0	14	4488769
HS	287	0	17	4488786
HS	286	0	21	4488807
HS	285	0	18	4488825
HS	284	0	11	4488836
HS	283	0	12	4488848
HS	282	0	13	4488861
HS	281	0	25	4488886
HS	280	0	14	4488900
HS	279	0	10	4488910
HS	278	0	14	4488924
HS	277	0	15	4488939
HS	276	0	8	4488947
HS	275	0	10	4488957
HS	274	0	9	4488966
HS	273	0	5	4488971
HS	272	0	16	4488987
HS	271	0	9	4488996
HS	270	0	11	4489007
HS	269	0	14	4489021
HS	268	0	11	4489032
HS	267	0	14	4489046
HS	266	0	15	4489061
HS	265	0	14	4489075
HS	264	0	17	4489092
HS	263	0	13	4489105
HS	262	0	18	4489123
HS	261	0	17	4489140
HS	260	0	16	4489156
HS	259	0	19	4489175
HS	258	0	23	4489198
HS	257	0	19	4489217
HS	256	0	22	4489239
HS	255	0	18	4489257
HS	254	0	24	4489281
HS	253	0	19	4489300
HS	252	0	27	4489327
HS	251	0	14	4489341
HS	250	0	28	4489369
HS	249	0	17	4489386
HS	248	0	31	4489417
HS	247	0	31	4489448
HS	246	0	24	4489472
HS	245	0	23	4489495
HS	244	0	24	4489519
HS	243	0	37	4489556
HS	242	0	15	4489571
HS	241	0	22	4489593
HS	240	0	14	4489607
HS	239	0	20	4489627
HS	238	0	21	4489648
HS	237	0	29	4489677
HS	236	0	20	4489697
HS	235	0	15	4489712
HS	234	0	27	4489739
HS	233	0	26	4489765
HS	232	0	22	4489787
HS	231	0	27	4489814
HS	230	0	24	4489838
HS	229	0	29	4489867
HS	228	0	27	4489894
HS	227	0	25	4489919
HS	226	0	17	4489936
HS	225	0	27	4489963
HS	224	0	28	4489991
HS	223	0	29	4490020
HS	222	0	29	4490049
HS	221	0	24	4490073
HS	220	0	15	4490088
HS	219	0	23	4490111
HS	218	0	22	4490133
HS	217	0	29	4490162
HS	216	0	34	4490196
HS	215	0	24	4490220
HS	214	0	28	4490248
HS	213	0	30	4490278
HS	212	0	25	4490303
HS	211	0	21	4490324
HS	210	0	23	4490347
HS	209	0	19	4490366
HS	208	0	21	4490387
HS	207	0	15	4490402
HS	206	0	17	4490419
HS	205	0	16	4490435
HS	204	0	15	4490450
HS	203	0	15	4490465
HS	202	0	8	4490473
HS	201	0	11	4490484
HS	200	0	9	4490493
HS	199	0	5	4490498
HS	198	0	6	4490504
HS	197	0	5	4490509
HS	196	0	4	4490513
HS	195	0	6	4490519
HS	194	0	9	4490528
HS	193	0	8	4490536
HS	192	0	11	4490547
HS	191	0	9	4490556
HS	190	0	7	4490563
HS	189	0	5	4490568
HS	188	0	9	4490577
HS	187	0	1	4490578
HS	186	0	3	4490581
HS	185	0	3	4490584
HS	184	0	6	4490590
HS	183	0	5	4490595
HS	182	0	6	4490601
HS	181	0	11	4490612
HS	180	0	9	4490621
HS	179	0	9	4490630
HS	178	0	11	4490641
HS	177	0	8	4490649
HS	176	0	8	4490657
HS	175	0	18	4490675
HS	174	0	10	4490685
HS	173	0	12	4490697
HS	172	0	14	4490711
HS	171	0	13	4490724
HS	170	0	8	4490732
HS	169	0	10	4490742
HS	168	0	10	4490752
HS	167	0	6	4490758
HS	166	0	5	4490763
HS	165	0	8	4490771
HS	164	0	8	4490779
HS	163	0	5	4490784
HS	162	0	4	4490788
HS	161	0	7	4490795
HS	160	0	4	4490799
HS	159	0	8	4490807
HS	158	0	4	4490811
HS	157	0	8	4490819
HS	156	0	3	4490822
HS	155	0	4	4490826
HS	154	0	6	4490832
HS	153	0	6	4490838
HS	152	0	1	4490839
HS	151	0	4	4490843
HS	150	0	7	4490850
HS	149	0	8	4490858
HS	148	0	8	4490866
HS	147	0	7	4490873
HS	146	0	7	4490880
HS	145	0	5	4490885
HS	144	0	6	4490891
HS	143	0	8	4490899
HS	142	0	5	4490904
HS	141	0	4	4490908
HS	140	0	3	4490911
HS	139	0	1	4490912
HS	138	0	3	4490915
HS	137	0	3	4490918
HS	136	0	4	4490922
HS	135	0	2	4490924
HS	134	0	2	4490926
HS	133	0	7	4490933
HS	132	0	8	4490941
HS	131	0	14	4490955
HS	130	0	10	4490965
HS	129	0	14	4490979
HS	128	0	7	4490986
HS	127	0	11	4490997
HS	126	0	6	4491003
HS	125	0	10	4491013
HS	124	0	11	4491024
HS	123	0	3	4491027
HS	122	0	12	4491039
HS	121	0	17	4491056
HS	120	0	15	4491071
HS	119	0	13	4491084
HS	118	0	9	4491093
HS	117	0	11	4491104
HS	116	0	10	4491114
HS	115	0	6	4491120
HS	114	0	14	4491134
HS	113	0	19	4491153
HS	112	0	17	4491170
HS	111	0	25	4491195
HS	110	0	12	4491207
HS	109	0	18	4491225
HS	108	0	31	4491256
HS	107	0	36	4491292
HS	106	0	26	4491318
HS	105	0	17	4491335
HS	104	0	29	4491364
HS	103	0	21	4491385
HS	102	0	30	4491415
HS	101	0	20	4491435
HS	100	0	24	4491459
HS	99	0	20	4491479
HS	98	0	28	4491507
HS	97	0	33	4491540
HS	96	0	38	4491578
HS	95	0	22	4491600
HS	94	0	30	4491630
HS	93	0	33	4491663
HS	92	0	32	4491695
HS	91	0	31	4491726
HS	90	0	40	4491766
HS	89	0	53	4491819
HS	88	0	51	4491870
HS	87	0	47	4491917
HS	86	0	57	4491974
HS	85	0	76	4492050
HS	84	0	77	4492127
HS	83	0	72	4492199
HS	82	0	82	4492281
HS	81	0	106	4492387
HS	80	0	94	4492481
HS	79	0	92	4492573
HS	78	0	109	4492682
HS	77	0	75	4492757
HS	76	0	107	4492864
HS	75	0	95	4492959
HS	74	0	118	4493077
HS	73	0	154	4493231
HS	72	0	134	4493365
HS	71	0	131	4493496
HS	70	0	157	4493653
HS	69	0	165	4493818
HS	68	0	166	4493984
HS	67	0	158	4494142
HS	66	0	219	4494361
HS	65	0	287	4494648
HS	64	0	245	4494893
HS	63	0	322	4495215
HS	62	0	292	4495507
HS	61	0	328	4495835
HS	60	0	350	4496185
HS	59	0	392	4496577
HS	58	0	398	4496975
HS	57	0	384	4497359
HS	56	0	371	4497730
HS	55	0	382	4498112
HS	54	0	447	4498559
HS	53	0	512	4499071
HS	52	0	530	4499601
HS	51	0	582	4500183
HS	50	0	769	4500952
HS	49	0	691	4501643
HS	48	0	811	4502454
HS	47	0	900	4503354
HS	46	0	947	4504301
HS	45	0	1092	4505393
HS	44	0	1172	4506565
HS	43	0	1224	4507789
HS	42	0	1404	4509193
HS	41	0	1372	4510565
HS	40	0	1642	4512207
HS	39	0	1860	4514067
HS	38	0	2102	4516169
HS	37	0	2176	4518345
HS	36	0	2327	4520672
HS	35	0	2576	4523248
HS	34	0	2804	4526052
HS	33	0	3114	4529166
HS	32	0	3442	4532608
HS	31	0	3791	4536399
HS	30	0	4151	4540550
HS	29	0	4800	4545350
HS	28	0	5506	4550856
HS	27	0	6096	4556952
HS	26	0	7000	4563952
HS	25	0	8127	4572079
HS	24	0	9525	4581604
HS	23	0	10863	4592467
HS	22	0	13014	4605481
HS	21	0	14514	4619995
HS	20	0	17357	4637352
HS	19	0	20883	4658235
HS	18	0	25093	4683328
HS	17	0	30528	4713856
HS	16	0	37375	4751231
HS	15	0	47403	4798634
HS	14	0	60739	4859373
HS	13	0	80060	4939433
HS	12	0	111043	5050476
HS	11	0	159195	5209671
HS	10	0	234685	5444356
HS	9	0	365294	5809650
HS	8	0	595366	6405016
HS	7	0	977450	7382466
HS	6	0	1642659	9025125
HS	5	0	2854108	11879233
HS	4	0	5369536	17248769
HS	3	0	11772627	29021396
HS	2	0	32312907	61334303
HS	1	0	0	61334303
HS	0	0	0	61334303
