CC	CT  kmer_occurrence    short_read_kmer_count  raw_input_kmer_count  adjusted_input_kmer_count
CC	FR  fpr_lower_bound    fpr_upper_bound
CC	ER  total_input_kmers  adjusted_error_kmers
CC	CV  coverage
CC	QV  raw_quality_value  adjusted_quality_value
CC
SQ	JAUCFK010000007.1	5209517	5209487	5209487	99.00
CT	1023	49078	84823	84823.000
CT	1022	12	44	44.000
CT	1021	8	30	30.000
CT	1020	16	68	68.000
CT	1019	7	27	27.000
CT	1018	13	51	51.000
CT	1017	19	73	73.000
CT	1016	11	49	49.000
CT	1015	14	52	52.000
CT	1014	15	56	56.000
CT	1013	13	52	52.000
CT	1012	9	36	36.000
CT	1011	16	61	61.000
CT	1010	5	21	21.000
CT	1009	17	59	59.000
CT	1008	7	28	28.000
CT	1007	13	50	50.000
CT	1006	13	48	48.000
CT	1005	16	63	63.000
CT	1004	13	52	52.000
CT	1003	14	53	53.000
CT	1002	13	58	58.000
CT	1001	5	21	21.000
CT	1000	12	49	49.000
CT	999	16	63	63.000
CT	998	10	42	42.000
CT	997	18	71	71.000
CT	996	9	29	29.000
CT	995	13	55	55.000
CT	994	15	60	60.000
CT	993	13	50	50.000
CT	992	12	49	49.000
CT	991	13	49	49.000
CT	990	14	65	65.000
CT	989	19	84	84.000
CT	988	11	56	56.000
CT	987	12	53	53.000
CT	986	16	63	63.000
CT	985	7	33	33.000
CT	984	14	56	56.000
CT	983	11	41	41.000
CT	982	13	49	49.000
CT	981	14	49	49.000
CT	980	15	64	64.000
CT	979	14	48	48.000
CT	978	2	8	8.000
CT	977	13	56	56.000
CT	976	12	48	48.000
CT	975	14	59	59.000
CT	974	13	45	45.000
CT	973	12	45	45.000
CT	972	9	34	34.000
CT	971	11	42	42.000
CT	970	10	40	40.000
CT	969	13	52	52.000
CT	968	13	47	47.000
CT	967	7	27	27.000
CT	966	8	24	24.000
CT	965	15	51	51.000
CT	964	10	38	38.000
CT	963	18	69	69.000
CT	962	11	35	35.000
CT	961	19	71	71.000
CT	960	15	60	60.000
CT	959	13	52	52.000
CT	958	20	84	84.000
CT	957	16	55	55.000
CT	956	18	66	66.000
CT	955	17	69	69.000
CT	954	13	42	42.000
CT	953	14	49	49.000
CT	952	19	64	64.000
CT	951	14	46	46.000
CT	950	14	48	48.000
CT	949	13	47	47.000
CT	948	11	38	38.000
CT	947	10	30	30.000
CT	946	13	46	46.000
CT	945	16	53	53.000
CT	944	20	69	69.000
CT	943	11	42	42.000
CT	942	10	32	32.000
CT	941	10	36	36.000
CT	940	10	40	40.000
CT	939	16	51	51.000
CT	938	10	34	34.000
CT	937	11	42	42.000
CT	936	18	62	62.000
CT	935	11	39	39.000
CT	934	13	49	49.000
CT	933	16	57	57.000
CT	932	20	76	76.000
CT	931	17	58	58.000
CT	930	17	65	65.000
CT	929	15	53	53.000
CT	928	14	51	51.000
CT	927	11	42	42.000
CT	926	18	69	69.000
CT	925	8	28	28.000
CT	924	10	32	32.000
CT	923	11	37	37.000
CT	922	13	47	47.000
CT	921	10	32	32.000
CT	920	9	28	28.000
CT	919	13	40	40.000
CT	918	12	41	41.000
CT	917	9	34	34.000
CT	916	12	40	40.000
CT	915	19	73	73.000
CT	914	8	31	31.000
CT	913	16	49	49.000
CT	912	10	39	39.000
CT	911	12	45	45.000
CT	910	8	31	31.000
CT	909	4	15	15.000
CT	908	13	49	49.000
CT	907	11	40	40.000
CT	906	9	33	33.000
CT	905	15	51	51.000
CT	904	4	13	13.000
CT	903	6	26	26.000
CT	902	20	71	71.000
CT	901	18	65	65.000
CT	900	13	41	41.000
CT	899	11	41	41.000
CT	898	13	45	45.000
CT	897	11	38	38.000
CT	896	12	49	49.000
CT	895	13	51	51.000
CT	894	13	50	50.000
CT	893	9	37	37.000
CT	892	13	46	46.000
CT	891	13	53	53.000
CT	890	18	69	69.000
CT	889	10	35	35.000
CT	888	13	45	45.000
CT	887	17	59	59.000
CT	886	9	33	33.000
CT	885	20	72	72.000
CT	884	17	59	59.000
CT	883	12	47	47.000
CT	882	12	42	42.000
CT	881	14	54	54.000
CT	880	12	39	39.000
CT	879	23	88	88.000
CT	878	10	38	38.000
CT	877	12	51	51.000
CT	876	12	40	40.000
CT	875	19	70	70.000
CT	874	14	48	48.000
CT	873	10	37	37.000
CT	872	16	67	67.000
CT	871	25	95	95.000
CT	870	16	60	60.000
CT	869	17	74	74.000
CT	868	14	55	55.000
CT	867	18	63	63.000
CT	866	17	66	66.000
CT	865	18	52	52.000
CT	864	14	62	62.000
CT	863	22	86	86.000
CT	862	11	42	42.000
CT	861	27	99	99.000
CT	860	15	50	50.000
CT	859	16	63	63.000
CT	858	14	49	49.000
CT	857	15	55	55.000
CT	856	10	37	37.000
CT	855	15	51	51.000
CT	854	10	31	31.000
CT	853	25	91	91.000
CT	852	21	81	81.000
CT	851	23	89	89.000
CT	850	15	62	62.000
CT	849	13	47	47.000
CT	848	14	56	56.000
CT	847	13	45	45.000
CT	846	20	74	74.000
CT	845	14	49	49.000
CT	844	18	67	67.000
CT	843	18	69	69.000
CT	842	24	86	86.000
CT	841	19	73	73.000
CT	840	12	40	40.000
CT	839	15	55	55.000
CT	838	22	77	77.000
CT	837	10	36	36.000
CT	836	21	76	76.000
CT	835	21	75	75.000
CT	834	16	58	58.000
CT	833	13	49	49.000
CT	832	22	72	72.000
CT	831	11	39	39.000
CT	830	9	37	37.000
CT	829	22	78	78.000
CT	828	11	37	37.000
CT	827	20	73	73.000
CT	826	14	44	44.000
CT	825	14	54	54.000
CT	824	19	61	61.000
CT	823	16	53	53.000
CT	822	14	44	44.000
CT	821	17	57	57.000
CT	820	20	70	70.000
CT	819	12	45	45.000
CT	818	19	60	60.000
CT	817	18	61	61.000
CT	816	18	65	65.000
CT	815	19	67	67.000
CT	814	17	55	55.000
CT	813	15	50	50.000
CT	812	19	58	58.000
CT	811	18	62	62.000
CT	810	9	28	28.000
CT	809	21	65	65.000
CT	808	21	73	73.000
CT	807	20	73	73.000
CT	806	14	43	43.000
CT	805	19	60	60.000
CT	804	16	53	53.000
CT	803	16	55	55.000
CT	802	21	70	70.000
CT	801	13	39	39.000
CT	800	19	63	63.000
CT	799	18	61	61.000
CT	798	22	67	67.000
CT	797	25	81	81.000
CT	796	16	53	53.000
CT	795	32	108	108.000
CT	794	14	48	48.000
CT	793	20	64	64.000
CT	792	15	48	48.000
CT	791	16	52	52.000
CT	790	21	66	66.000
CT	789	18	61	61.000
CT	788	28	84	84.000
CT	787	22	75	75.000
CT	786	34	109	109.000
CT	785	25	85	85.000
CT	784	34	109	109.000
CT	783	24	82	82.000
CT	782	29	92	92.000
CT	781	29	88	88.000
CT	780	18	57	57.000
CT	779	22	74	74.000
CT	778	31	95	95.000
CT	777	16	50	50.000
CT	776	31	97	97.000
CT	775	22	68	68.000
CT	774	32	94	94.000
CT	773	24	80	80.000
CT	772	23	75	75.000
CT	771	28	85	85.000
CT	770	23	66	66.000
CT	769	22	68	68.000
CT	768	29	85	85.000
CT	767	18	55	55.000
CT	766	27	77	77.000
CT	765	21	66	66.000
CT	764	28	88	88.000
CT	763	23	68	68.000
CT	762	22	67	67.000
CT	761	24	71	71.000
CT	760	31	101	101.000
CT	759	30	94	94.000
CT	758	17	56	56.000
CT	757	25	78	78.000
CT	756	22	68	68.000
CT	755	26	84	84.000
CT	754	23	65	65.000
CT	753	21	70	70.000
CT	752	34	106	106.000
CT	751	21	65	65.000
CT	750	23	75	75.000
CT	749	28	84	84.000
CT	748	22	72	72.000
CT	747	18	54	54.000
CT	746	16	56	56.000
CT	745	19	59	59.000
CT	744	29	98	98.000
CT	743	19	65	65.000
CT	742	25	78	78.000
CT	741	22	71	71.000
CT	740	25	77	77.000
CT	739	28	89	89.000
CT	738	24	79	79.000
CT	737	26	82	82.000
CT	736	25	80	80.000
CT	735	21	68	68.000
CT	734	30	93	93.000
CT	733	31	98	98.000
CT	732	31	100	100.000
CT	731	25	77	77.000
CT	730	18	55	55.000
CT	729	25	76	76.000
CT	728	31	95	95.000
CT	727	18	57	57.000
CT	726	26	80	80.000
CT	725	26	79	79.000
CT	724	34	106	106.000
CT	723	20	58	58.000
CT	722	30	98	98.000
CT	721	29	87	87.000
CT	720	24	79	79.000
CT	719	19	61	61.000
CT	718	17	55	55.000
CT	717	26	85	85.000
CT	716	23	82	82.000
CT	715	24	77	77.000
CT	714	26	80	80.000
CT	713	23	74	74.000
CT	712	26	79	79.000
CT	711	18	60	60.000
CT	710	17	54	54.000
CT	709	19	56	56.000
CT	708	26	78	78.000
CT	707	22	70	70.000
CT	706	26	78	78.000
CT	705	31	100	100.000
CT	704	27	84	84.000
CT	703	21	68	68.000
CT	702	21	69	69.000
CT	701	26	85	85.000
CT	700	26	79	79.000
CT	699	22	68	68.000
CT	698	25	77	77.000
CT	697	10	33	33.000
CT	696	15	42	42.000
CT	695	15	45	45.000
CT	694	16	45	45.000
CT	693	27	81	81.000
CT	692	23	63	63.000
CT	691	20	59	59.000
CT	690	30	88	88.000
CT	689	18	56	56.000
CT	688	20	57	57.000
CT	687	17	50	50.000
CT	686	18	54	54.000
CT	685	21	62	62.000
CT	684	21	71	71.000
CT	683	30	90	90.000
CT	682	17	50	50.000
CT	681	19	51	51.000
CT	680	22	66	66.000
CT	679	21	62	62.000
CT	678	35	104	104.000
CT	677	19	62	62.000
CT	676	23	71	71.000
CT	675	21	61	61.000
CT	674	16	50	50.000
CT	673	16	46	46.000
CT	672	14	40	40.000
CT	671	28	78	78.000
CT	670	29	85	85.000
CT	669	18	59	59.000
CT	668	30	88	88.000
CT	667	31	93	93.000
CT	666	28	81	81.000
CT	665	27	84	84.000
CT	664	37	107	107.000
CT	663	29	83	83.000
CT	662	24	70	70.000
CT	661	19	57	57.000
CT	660	29	80	80.000
CT	659	26	75	75.000
CT	658	27	73	73.000
CT	657	31	91	91.000
CT	656	31	88	88.000
CT	655	35	105	105.000
CT	654	31	83	83.000
CT	653	22	66	66.000
CT	652	35	99	99.000
CT	651	41	123	123.000
CT	650	33	90	90.000
CT	649	28	80	80.000
CT	648	38	102	102.000
CT	647	44	121	121.000
CT	646	35	101	101.000
CT	645	27	73	73.000
CT	644	30	82	82.000
CT	643	36	104	104.000
CT	642	33	84	84.000
CT	641	28	75	75.000
CT	640	27	74	74.000
CT	639	32	77	77.000
CT	638	35	96	96.000
CT	637	26	73	73.000
CT	636	26	65	65.000
CT	635	24	62	62.000
CT	634	31	86	86.000
CT	633	22	57	57.000
CT	632	28	72	72.000
CT	631	24	57	57.000
CT	630	32	84	84.000
CT	629	34	88	88.000
CT	628	24	64	64.000
CT	627	25	70	70.000
CT	626	31	84	84.000
CT	625	24	61	61.000
CT	624	27	73	73.000
CT	623	30	83	83.000
CT	622	28	69	69.000
CT	621	30	74	74.000
CT	620	29	69	69.000
CT	619	33	87	87.000
CT	618	35	89	89.000
CT	617	29	75	75.000
CT	616	25	61	61.000
CT	615	34	87	87.000
CT	614	35	89	89.000
CT	613	31	80	80.000
CT	612	37	98	98.000
CT	611	30	80	80.000
CT	610	28	64	64.000
CT	609	24	66	66.000
CT	608	25	63	63.000
CT	607	31	76	76.000
CT	606	22	55	55.000
CT	605	26	65	65.000
CT	604	23	59	59.000
CT	603	20	49	49.000
CT	602	26	67	67.000
CT	601	34	93	93.000
CT	600	18	49	49.000
CT	599	30	76	76.000
CT	598	32	78	78.000
CT	597	30	74	74.000
CT	596	30	76	76.000
CT	595	25	59	59.000
CT	594	20	46	46.000
CT	593	27	65	65.000
CT	592	35	89	89.000
CT	591	27	66	66.000
CT	590	27	66	66.000
CT	589	43	107	107.000
CT	588	38	88	88.000
CT	587	31	76	76.000
CT	586	37	98	98.000
CT	585	44	108	108.000
CT	584	44	109	109.000
CT	583	35	91	91.000
CT	582	34	80	80.000
CT	581	31	69	69.000
CT	580	34	84	84.000
CT	579	45	109	109.000
CT	578	51	130	130.000
CT	577	41	94	94.000
CT	576	54	129	129.000
CT	575	41	109	109.000
CT	574	46	112	112.000
CT	573	52	133	133.000
CT	572	50	120	120.000
CT	571	57	149	149.000
CT	570	41	103	103.000
CT	569	48	120	120.000
CT	568	43	109	109.000
CT	567	41	108	108.000
CT	566	36	88	88.000
CT	565	50	128	128.000
CT	564	47	125	125.000
CT	563	55	142	142.000
CT	562	40	99	99.000
CT	561	37	95	95.000
CT	560	35	95	95.000
CT	559	60	154	154.000
CT	558	43	111	111.000
CT	557	49	125	125.000
CT	556	49	127	127.000
CT	555	54	139	139.000
CT	554	41	109	109.000
CT	553	57	153	153.000
CT	552	40	104	104.000
CT	551	45	114	114.000
CT	550	36	94	94.000
CT	549	38	97	97.000
CT	548	51	134	134.000
CT	547	72	185	185.000
CT	546	59	150	150.000
CT	545	45	113	113.000
CT	544	47	124	124.000
CT	543	57	141	141.000
CT	542	48	116	116.000
CT	541	55	134	134.000
CT	540	52	138	138.000
CT	539	46	112	112.000
CT	538	67	171	171.000
CT	537	62	149	149.000
CT	536	53	128	128.000
CT	535	72	163	163.000
CT	534	61	155	155.000
CT	533	64	150	150.000
CT	532	72	165	165.000
CT	531	62	152	152.000
CT	530	66	145	145.000
CT	529	74	170	170.000
CT	528	56	128	128.000
CT	527	77	174	174.000
CT	526	59	135	135.000
CT	525	61	141	141.000
CT	524	65	143	143.000
CT	523	82	178	178.000
CT	522	67	147	147.000
CT	521	67	144	144.000
CT	520	76	155	155.000
CT	519	62	137	137.000
CT	518	76	169	169.000
CT	517	66	141	141.000
CT	516	69	155	155.000
CT	515	54	119	119.000
CT	514	76	168	168.000
CT	513	68	147	147.000
CT	512	76	171	171.000
CT	511	86	189	189.000
CT	510	84	175	175.000
CT	509	77	177	177.000
CT	508	85	187	187.000
CT	507	78	167	167.000
CT	506	91	197	197.000
CT	505	79	161	161.000
CT	504	76	161	161.000
CT	503	112	241	241.000
CT	502	98	201	201.000
CT	501	101	214	214.000
CT	500	85	165	165.000
CT	499	103	209	209.000
CT	498	101	216	216.000
CT	497	101	210	210.000
CT	496	99	192	192.000
CT	495	124	249	249.000
CT	494	108	214	214.000
CT	493	79	159	159.000
CT	492	105	203	203.000
CT	491	98	184	184.000
CT	490	107	201	201.000
CT	489	120	239	239.000
CT	488	107	203	203.000
CT	487	116	208	208.000
CT	486	127	235	235.000
CT	485	136	253	253.000
CT	484	123	230	230.000
CT	483	119	225	225.000
CT	482	116	221	221.000
CT	481	127	226	226.000
CT	480	145	263	263.000
CT	479	128	238	238.000
CT	478	138	253	253.000
CT	477	151	276	276.000
CT	476	146	263	263.000
CT	475	156	271	271.000
CT	474	161	286	286.000
CT	473	167	290	290.000
CT	472	176	308	308.000
CT	471	180	307	307.000
CT	470	159	267	267.000
CT	469	193	332	332.000
CT	468	205	349	349.000
CT	467	186	314	314.000
CT	466	150	268	268.000
CT	465	165	273	273.000
CT	464	174	283	283.000
CT	463	155	257	257.000
CT	462	159	263	263.000
CT	461	185	299	299.000
CT	460	209	355	355.000
CT	459	212	346	346.000
CT	458	189	299	299.000
CT	457	219	358	358.000
CT	456	199	325	325.000
CT	455	211	339	339.000
CT	454	219	354	354.000
CT	453	182	266	266.000
CT	452	207	335	335.000
CT	451	227	334	334.000
CT	450	248	399	399.000
CT	449	278	434	434.000
CT	448	253	389	389.000
CT	447	253	391	391.000
CT	446	281	416	416.000
CT	445	282	424	424.000
CT	444	307	455	455.000
CT	443	287	422	422.000
CT	442	279	400	400.000
CT	441	302	442	442.000
CT	440	303	429	429.000
CT	439	314	465	465.000
CT	438	335	488	488.000
CT	437	321	462	462.000
CT	436	314	430	430.000
CT	435	331	448	448.000
CT	434	349	480	480.000
CT	433	316	426	426.000
CT	432	362	483	483.000
CT	431	358	491	491.000
CT	430	415	573	573.000
CT	429	357	498	498.000
CT	428	409	534	534.000
CT	427	379	515	515.000
CT	426	401	531	531.000
CT	425	434	584	584.000
CT	424	421	568	568.000
CT	423	462	615	615.000
CT	422	481	633	633.000
CT	421	467	606	606.000
CT	420	492	639	639.000
CT	419	515	679	679.000
CT	418	532	715	715.000
CT	417	531	692	692.000
CT	416	551	712	712.000
CT	415	621	809	809.000
CT	414	578	746	746.000
CT	413	570	707	707.000
CT	412	619	774	774.000
CT	411	625	785	785.000
CT	410	661	812	812.000
CT	409	707	874	874.000
CT	408	722	890	890.000
CT	407	742	897	897.000
CT	406	759	901	901.000
CT	405	829	984	984.000
CT	404	803	973	973.000
CT	403	840	997	997.000
CT	402	865	1008	1008.000
CT	401	933	1097	1097.000
CT	400	929	1085	1085.000
CT	399	954	1117	1117.000
CT	398	953	1084	1084.000
CT	397	945	1077	1077.000
CT	396	1005	1161	1161.000
CT	395	1035	1198	1198.000
CT	394	1086	1242	1242.000
CT	393	1093	1246	1246.000
CT	392	1184	1356	1356.000
CT	391	1200	1351	1351.000
CT	390	1165	1313	1313.000
CT	389	1263	1423	1423.000
CT	388	1279	1406	1406.000
CT	387	1265	1381	1381.000
CT	386	1321	1455	1455.000
CT	385	1358	1471	1471.000
CT	384	1514	1680	1680.000
CT	383	1536	1658	1658.000
CT	382	1564	1683	1683.000
CT	381	1580	1700	1700.000
CT	380	1642	1764	1764.000
CT	379	1702	1824	1824.000
CT	378	1759	1878	1878.000
CT	377	1796	1910	1910.000
CT	376	1781	1891	1891.000
CT	375	1844	1952	1952.000
CT	374	1881	1995	1995.000
CT	373	2000	2101	2101.000
CT	372	2102	2222	2222.000
CT	371	2098	2210	2210.000
CT	370	2178	2273	2273.000
CT	369	2285	2395	2395.000
CT	368	2349	2473	2473.000
CT	367	2415	2505	2505.000
CT	366	2499	2598	2598.000
CT	365	2615	2732	2732.000
CT	364	2637	2738	2738.000
CT	363	2842	2944	2944.000
CT	362	2732	2828	2828.000
CT	361	2835	2924	2924.000
CT	360	2921	3028	3028.000
CT	359	3030	3135	3135.000
CT	358	3124	3265	3265.000
CT	357	3175	3293	3293.000
CT	356	3276	3396	3396.000
CT	355	3482	3598	3598.000
CT	354	3463	3579	3579.000
CT	353	3673	3777	3777.000
CT	352	3740	3853	3853.000
CT	351	3858	3967	3967.000
CT	350	4015	4107	4107.000
CT	349	4240	4327	4327.000
CT	348	4257	4329	4329.000
CT	347	4253	4331	4331.000
CT	346	4431	4499	4499.000
CT	345	4491	4571	4571.000
CT	344	4721	4801	4801.000
CT	343	4789	4887	4887.000
CT	342	4904	4985	4985.000
CT	341	5062	5147	5147.000
CT	340	5330	5410	5410.000
CT	339	5287	5363	5363.000
CT	338	5572	5655	5655.000
CT	337	5594	5676	5676.000
CT	336	5808	5880	5880.000
CT	335	6105	6190	6190.000
CT	334	6279	6349	6349.000
CT	333	6278	6350	6350.000
CT	332	6685	6753	6753.000
CT	331	6950	7039	7039.000
CT	330	7071	7147	7147.000
CT	329	7188	7274	7274.000
CT	328	7266	7343	7343.000
CT	327	7363	7441	7441.000
CT	326	7892	7961	7961.000
CT	325	7925	7984	7984.000
CT	324	8199	8272	8272.000
CT	323	8260	8318	8318.000
CT	322	8450	8528	8528.000
CT	321	8735	8814	8814.000
CT	320	9137	9198	9198.000
CT	319	9236	9295	9295.000
CT	318	9699	9747	9747.000
CT	317	9752	9822	9822.000
CT	316	9910	9958	9958.000
CT	315	10409	10460	10460.000
CT	314	10654	10723	10723.000
CT	313	10716	10774	10774.000
CT	312	11058	11113	11113.000
CT	311	11101	11145	11145.000
CT	310	11498	11557	11557.000
CT	309	11678	11732	11732.000
CT	308	12063	12114	12114.000
CT	307	12283	12323	12323.000
CT	306	12632	12674	12674.000
CT	305	12761	12812	12812.000
CT	304	13217	13270	13270.000
CT	303	13706	13764	13764.000
CT	302	13934	13991	13991.000
CT	301	14425	14479	14479.000
CT	300	14702	14760	14760.000
CT	299	14955	15000	15000.000
CT	298	15217	15257	15257.000
CT	297	15390	15426	15426.000
CT	296	15848	15897	15897.000
CT	295	16245	16283	16283.000
CT	294	16217	16272	16272.000
CT	293	16820	16867	16867.000
CT	292	17165	17210	17210.000
CT	291	17568	17610	17610.000
CT	290	17821	17853	17853.000
CT	289	18015	18038	18038.000
CT	288	18386	18436	18436.000
CT	287	18544	18562	18562.000
CT	286	19311	19335	19335.000
CT	285	19239	19269	19269.000
CT	284	19853	19876	19876.000
CT	283	20092	20129	20129.000
CT	282	20664	20682	20682.000
CT	281	21113	21149	21149.000
CT	280	21363	21376	21376.000
CT	279	21676	21691	21691.000
CT	278	22191	22216	22216.000
CT	277	22340	22369	22369.000
CT	276	22902	22922	22922.000
CT	275	23300	23313	23313.000
CT	274	24009	24023	24023.000
CT	273	24358	24372	24372.000
CT	272	24882	24907	24907.000
CT	271	24957	24977	24977.000
CT	270	25174	25197	25197.000
CT	269	25641	25665	25665.000
CT	268	26085	26103	26103.000
CT	267	26647	26672	26672.000
CT	266	26838	26871	26871.000
CT	265	27441	27460	27460.000
CT	264	27732	27744	27744.000
CT	263	28575	28599	28599.000
CT	262	28337	28353	28353.000
CT	261	28980	28985	28985.000
CT	260	29589	29596	29596.000
CT	259	30012	30029	30029.000
CT	258	30366	30390	30390.000
CT	257	30611	30627	30627.000
CT	256	30944	30968	30968.000
CT	255	31325	31347	31347.000
CT	254	31508	31522	31522.000
CT	253	31906	31912	31912.000
CT	252	32186	32193	32193.000
CT	251	32406	32426	32426.000
CT	250	32675	32693	32693.000
CT	249	33262	33264	33264.000
CT	248	33649	33653	33653.000
CT	247	33533	33548	33548.000
CT	246	34107	34123	34123.000
CT	245	34062	34078	34078.000
CT	244	34397	34412	34412.000
CT	243	34985	35006	35006.000
CT	242	35138	35166	35166.000
CT	241	35697	35713	35713.000
CT	240	36111	36130	36130.000
CT	239	36069	36092	36092.000
CT	238	36095	36119	36119.000
CT	237	36182	36207	36207.000
CT	236	36560	36572	36572.000
CT	235	36505	36517	36517.000
CT	234	36498	36513	36513.000
CT	233	36724	36733	36733.000
CT	232	37267	37284	37284.000
CT	231	37222	37236	37236.000
CT	230	37806	37829	37829.000
CT	229	37802	37820	37820.000
CT	228	37797	37808	37808.000
CT	227	38105	38127	38127.000
CT	226	38048	38054	38054.000
CT	225	38425	38442	38442.000
CT	224	38418	38432	38432.000
CT	223	38400	38418	38418.000
CT	222	38298	38313	38313.000
CT	221	38311	38324	38324.000
CT	220	38412	38418	38418.000
CT	219	38237	38234	38234.000
CT	218	38332	38333	38333.000
CT	217	38186	38187	38187.000
CT	216	37767	37766	37766.000
CT	215	37986	37978	37978.000
CT	214	37806	37815	37815.000
CT	213	37699	37690	37690.000
CT	212	37522	37515	37515.000
CT	211	37244	37247	37247.000
CT	210	37140	37131	37131.000
CT	209	36869	36857	36857.000
CT	208	37199	37187	37187.000
CT	207	36825	36818	36818.000
CT	206	36538	36520	36520.000
CT	205	36780	36763	36763.000
CT	204	36285	36263	36263.000
CT	203	36102	36083	36083.000
CT	202	35562	35548	35548.000
CT	201	35126	35119	35119.000
CT	200	34798	34795	34795.000
CT	199	34432	34422	34422.000
CT	198	34497	34499	34499.000
CT	197	34133	34128	34128.000
CT	196	33220	33205	33205.000
CT	195	32919	32913	32913.000
CT	194	32666	32666	32666.000
CT	193	32375	32361	32361.000
CT	192	31536	31528	31528.000
CT	191	31669	31654	31654.000
CT	190	31149	31138	31138.000
CT	189	30585	30568	30568.000
CT	188	29960	29946	29946.000
CT	187	29756	29753	29753.000
CT	186	29179	29163	29163.000
CT	185	28924	28910	28910.000
CT	184	28300	28282	28282.000
CT	183	27687	27662	27662.000
CT	182	27322	27306	27306.000
CT	181	26850	26825	26825.000
CT	180	26110	26086	26086.000
CT	179	25872	25841	25841.000
CT	178	25770	25737	25737.000
CT	177	24826	24797	24797.000
CT	176	24472	24444	24444.000
CT	175	23893	23864	23864.000
CT	174	23110	23079	23079.000
CT	173	23106	23070	23070.000
CT	172	22543	22512	22512.000
CT	171	22104	22076	22076.000
CT	170	21304	21271	21271.000
CT	169	20939	20908	20908.000
CT	168	20325	20301	20301.000
CT	167	19742	19714	19714.000
CT	166	19330	19303	19303.000
CT	165	18866	18836	18836.000
CT	164	18496	18464	18464.000
CT	163	17726	17681	17681.000
CT	162	17003	16979	16979.000
CT	161	16622	16586	16586.000
CT	160	16157	16128	16128.000
CT	159	15915	15886	15886.000
CT	158	15471	15443	15443.000
CT	157	14931	14898	14898.000
CT	156	14398	14367	14367.000
CT	155	14137	14107	14107.000
CT	154	14007	13993	13993.000
CT	153	13474	13446	13446.000
CT	152	13059	13037	13037.000
CT	151	12620	12592	12592.000
CT	150	12355	12315	12315.000
CT	149	11979	11931	11931.000
CT	148	11196	11156	11156.000
CT	147	11005	10964	10964.000
CT	146	10249	10208	10208.000
CT	145	9985	9952	9952.000
CT	144	9922	9876	9876.000
CT	143	9623	9592	9592.000
CT	142	9161	9126	9126.000
CT	141	8945	8917	8917.000
CT	140	8496	8464	8464.000
CT	139	8127	8099	8099.000
CT	138	7902	7869	7869.000
CT	137	7572	7543	7543.000
CT	136	7205	7172	7172.000
CT	135	7123	7093	7093.000
CT	134	6787	6732	6732.000
CT	133	6263	6234	6234.000
CT	132	6075	6037	6037.000
CT	131	5985	5933	5933.000
CT	130	5679	5638	5638.000
CT	129	5396	5359	5359.000
CT	128	5334	5291	5291.000
CT	127	5124	5094	5094.000
CT	126	4872	4833	4833.000
CT	125	4670	4626	4626.000
CT	124	4519	4481	4481.000
CT	123	4385	4340	4340.000
CT	122	4110	4067	4067.000
CT	121	4008	3947	3947.000
CT	120	3808	3748	3748.000
CT	119	3750	3684	3684.000
CT	118	3523	3458	3458.000
CT	117	3521	3468	3468.000
CT	116	3266	3226	3226.000
CT	115	3215	3147	3147.000
CT	114	3058	2977	2977.000
CT	113	3067	2986	2986.000
CT	112	3051	2972	2972.000
CT	111	2821	2760	2760.000
CT	110	2743	2677	2677.000
CT	109	2547	2461	2461.000
CT	108	2522	2418	2418.000
CT	107	2426	2337	2337.000
CT	106	2348	2275	2275.000
CT	105	2349	2267	2267.000
CT	104	2283	2197	2197.000
CT	103	2233	2134	2134.000
CT	102	2092	2004	2004.000
CT	101	2038	1933	1933.000
CT	100	1898	1800	1800.000
CT	99	2009	1898	1898.000
CT	98	1776	1665	1665.000
CT	97	1763	1648	1648.000
CT	96	1558	1449	1449.000
CT	95	1516	1400	1400.000
CT	94	1493	1375	1375.000
CT	93	1585	1443	1443.000
CT	92	1488	1373	1373.000
CT	91	1425	1306	1306.000
CT	90	1421	1295	1295.000
CT	89	1261	1126	1126.000
CT	88	1266	1148	1148.000
CT	87	1208	1078	1078.000
CT	86	1195	1060	1060.000
CT	85	1115	991	991.000
CT	84	1110	987	987.000
CT	83	1133	989	989.000
CT	82	1038	901	901.000
CT	81	979	863	863.000
CT	80	922	765	765.000
CT	79	869	730	730.000
CT	78	800	669	669.000
CT	77	803	636	636.000
CT	76	843	674	674.000
CT	75	818	631	631.000
CT	74	766	580	580.000
CT	73	793	607	607.000
CT	72	762	599	599.000
CT	71	755	542	542.000
CT	70	711	464	464.000
CT	69	680	444	444.000
CT	68	686	456	456.000
CT	67	707	444	444.000
CT	66	641	402	402.000
CT	65	632	357	357.000
CT	64	708	378	378.000
CT	63	695	360	360.000
CT	62	634	322	322.000
CT	61	627	293	293.000
CT	60	642	286	286.000
CT	59	636	243	243.000
CT	58	634	247	247.000
CT	57	633	247	247.000
CT	56	645	218	218.000
CT	55	682	184	184.000
CT	54	675	186	186.000
CT	53	677	201	201.000
CT	52	697	169	169.000
CT	51	774	201	201.000
CT	50	819	152	152.000
CT	49	851	151	151.000
CT	48	877	159	159.000
CT	47	890	130	130.000
CT	46	894	110	110.000
CT	45	1056	128	128.000
CT	44	995	120	120.000
CT	43	982	93	93.000
CT	42	1186	71	71.000
CT	41	1161	79	79.000
CT	40	1329	63	63.000
CT	39	1396	63	63.000
CT	38	1645	68	68.000
CT	37	1844	55	55.000
CT	36	2012	39	39.000
CT	35	2176	44	44.000
CT	34	2381	33	33.000
CT	33	2632	33	33.000
CT	32	3013	29	29.000
CT	31	3455	34	34.000
CT	30	3902	50	50.000
CT	29	4657	39	39.000
CT	28	5112	37	37.000
CT	27	5751	31	31.000
CT	26	6720	16	16.000
CT	25	7850	5	5.000
CT	24	8846	5	5.000
CT	23	10107	2	2.000
CT	22	12230	1	1.000
CT	21	14032	1	1.000
CT	20	15847	1	1.000
CT	19	18807	4	4.000
CT	18	23022	0	0.000
CT	17	26539	3	3.000
CT	16	31082	4	4.000
CT	15	37980	1	1.000
CT	14	47098	1	1.000
CT	13	57556	0	0.000
CT	12	71963	0	0.000
CT	11	91273	0	0.000
CT	10	118512	0	0.000
CT	9	155735	0	0.000
CT	8	218335	0	0.000
CT	7	316016	0	0.000
CT	6	487015	0	0.000
CT	5	825539	0	0.000
CT	4	1602035	0	0.000
CT	3	3858253	0	0.000
CT	2	13316714	0	0.000
CT	1	0	0	-nan
CT	0	0	0	-nan
FR	0	0
ER	5209487	0.000
CV	1.000
QV	inf	inf
