HS	1023	0	49078	49078
HS	1022	0	12	49090
HS	1021	0	8	49098
HS	1020	0	16	49114
HS	1019	0	7	49121
HS	1018	0	13	49134
HS	1017	0	19	49153
HS	1016	0	11	49164
HS	1015	0	14	49178
HS	1014	0	15	49193
HS	1013	0	13	49206
HS	1012	0	9	49215
HS	1011	0	16	49231
HS	1010	0	5	49236
HS	1009	0	17	49253
HS	1008	0	7	49260
HS	1007	0	13	49273
HS	1006	0	13	49286
HS	1005	0	16	49302
HS	1004	0	13	49315
HS	1003	0	14	49329
HS	1002	0	13	49342
HS	1001	0	5	49347
HS	1000	0	12	49359
HS	999	0	16	49375
HS	998	0	10	49385
HS	997	0	18	49403
HS	996	0	9	49412
HS	995	0	13	49425
HS	994	0	15	49440
HS	993	0	13	49453
HS	992	0	12	49465
HS	991	0	13	49478
HS	990	0	14	49492
HS	989	0	19	49511
HS	988	0	11	49522
HS	987	0	12	49534
HS	986	0	16	49550
HS	985	0	7	49557
HS	984	0	14	49571
HS	983	0	11	49582
HS	982	0	13	49595
HS	981	0	14	49609
HS	980	0	15	49624
HS	979	0	14	49638
HS	978	0	2	49640
HS	977	0	13	49653
HS	976	0	12	49665
HS	975	0	14	49679
HS	974	0	13	49692
HS	973	0	12	49704
HS	972	0	9	49713
HS	971	0	11	49724
HS	970	0	10	49734
HS	969	0	13	49747
HS	968	0	13	49760
HS	967	0	7	49767
HS	966	0	8	49775
HS	965	0	15	49790
HS	964	0	10	49800
HS	963	0	18	49818
HS	962	0	11	49829
HS	961	0	19	49848
HS	960	0	15	49863
HS	959	0	13	49876
HS	958	0	20	49896
HS	957	0	16	49912
HS	956	0	18	49930
HS	955	0	17	49947
HS	954	0	13	49960
HS	953	0	14	49974
HS	952	0	19	49993
HS	951	0	14	50007
HS	950	0	14	50021
HS	949	0	13	50034
HS	948	0	11	50045
HS	947	0	10	50055
HS	946	0	13	50068
HS	945	0	16	50084
HS	944	0	20	50104
HS	943	0	11	50115
HS	942	0	10	50125
HS	941	0	10	50135
HS	940	0	10	50145
HS	939	0	16	50161
HS	938	0	10	50171
HS	937	0	11	50182
HS	936	0	18	50200
HS	935	0	11	50211
HS	934	0	13	50224
HS	933	0	16	50240
HS	932	0	20	50260
HS	931	0	17	50277
HS	930	0	17	50294
HS	929	0	15	50309
HS	928	0	14	50323
HS	927	0	11	50334
HS	926	0	18	50352
HS	925	0	8	50360
HS	924	0	10	50370
HS	923	0	11	50381
HS	922	0	13	50394
HS	921	0	10	50404
HS	920	0	9	50413
HS	919	0	13	50426
HS	918	0	12	50438
HS	917	0	9	50447
HS	916	0	12	50459
HS	915	0	19	50478
HS	914	0	8	50486
HS	913	0	16	50502
HS	912	0	10	50512
HS	911	0	12	50524
HS	910	0	8	50532
HS	909	0	4	50536
HS	908	0	13	50549
HS	907	0	11	50560
HS	906	0	9	50569
HS	905	0	15	50584
HS	904	0	4	50588
HS	903	0	6	50594
HS	902	0	20	50614
HS	901	0	18	50632
HS	900	0	13	50645
HS	899	0	11	50656
HS	898	0	13	50669
HS	897	0	11	50680
HS	896	0	12	50692
HS	895	0	13	50705
HS	894	0	13	50718
HS	893	0	9	50727
HS	892	0	13	50740
HS	891	0	13	50753
HS	890	0	18	50771
HS	889	0	10	50781
HS	888	0	13	50794
HS	887	0	17	50811
HS	886	0	9	50820
HS	885	0	20	50840
HS	884	0	17	50857
HS	883	0	12	50869
HS	882	0	12	50881
HS	881	0	14	50895
HS	880	0	12	50907
HS	879	0	23	50930
HS	878	0	10	50940
HS	877	0	12	50952
HS	876	0	12	50964
HS	875	0	19	50983
HS	874	0	14	50997
HS	873	0	10	51007
HS	872	0	16	51023
HS	871	0	25	51048
HS	870	0	16	51064
HS	869	0	17	51081
HS	868	0	14	51095
HS	867	0	18	51113
HS	866	0	17	51130
HS	865	0	18	51148
HS	864	0	14	51162
HS	863	0	22	51184
HS	862	0	11	51195
HS	861	0	27	51222
HS	860	0	15	51237
HS	859	0	16	51253
HS	858	0	14	51267
HS	857	0	15	51282
HS	856	0	10	51292
HS	855	0	15	51307
HS	854	0	10	51317
HS	853	0	25	51342
HS	852	0	21	51363
HS	851	0	23	51386
HS	850	0	15	51401
HS	849	0	13	51414
HS	848	0	14	51428
HS	847	0	13	51441
HS	846	0	20	51461
HS	845	0	14	51475
HS	844	0	18	51493
HS	843	0	18	51511
HS	842	0	24	51535
HS	841	0	19	51554
HS	840	0	12	51566
HS	839	0	15	51581
HS	838	0	22	51603
HS	837	0	10	51613
HS	836	0	21	51634
HS	835	0	21	51655
HS	834	0	16	51671
HS	833	0	13	51684
HS	832	0	22	51706
HS	831	0	11	51717
HS	830	0	9	51726
HS	829	0	22	51748
HS	828	0	11	51759
HS	827	0	20	51779
HS	826	0	14	51793
HS	825	0	14	51807
HS	824	0	19	51826
HS	823	0	16	51842
HS	822	0	14	51856
HS	821	0	17	51873
HS	820	0	20	51893
HS	819	0	12	51905
HS	818	0	19	51924
HS	817	0	18	51942
HS	816	0	18	51960
HS	815	0	19	51979
HS	814	0	17	51996
HS	813	0	15	52011
HS	812	0	19	52030
HS	811	0	18	52048
HS	810	0	9	52057
HS	809	0	21	52078
HS	808	0	21	52099
HS	807	0	20	52119
HS	806	0	14	52133
HS	805	0	19	52152
HS	804	0	16	52168
HS	803	0	16	52184
HS	802	0	21	52205
HS	801	0	13	52218
HS	800	0	19	52237
HS	799	0	18	52255
HS	798	0	22	52277
HS	797	0	25	52302
HS	796	0	16	52318
HS	795	0	32	52350
HS	794	0	14	52364
HS	793	0	20	52384
HS	792	0	15	52399
HS	791	0	16	52415
HS	790	0	21	52436
HS	789	0	18	52454
HS	788	0	28	52482
HS	787	0	22	52504
HS	786	0	34	52538
HS	785	0	25	52563
HS	784	0	34	52597
HS	783	0	24	52621
HS	782	0	29	52650
HS	781	0	29	52679
HS	780	0	18	52697
HS	779	0	22	52719
HS	778	0	31	52750
HS	777	0	16	52766
HS	776	0	31	52797
HS	775	0	22	52819
HS	774	0	32	52851
HS	773	0	24	52875
HS	772	0	23	52898
HS	771	0	28	52926
HS	770	0	23	52949
HS	769	0	22	52971
HS	768	0	29	53000
HS	767	0	18	53018
HS	766	0	27	53045
HS	765	0	21	53066
HS	764	0	28	53094
HS	763	0	23	53117
HS	762	0	22	53139
HS	761	0	24	53163
HS	760	0	31	53194
HS	759	0	30	53224
HS	758	0	17	53241
HS	757	0	25	53266
HS	756	0	22	53288
HS	755	0	26	53314
HS	754	0	23	53337
HS	753	0	21	53358
HS	752	0	34	53392
HS	751	0	21	53413
HS	750	0	23	53436
HS	749	0	28	53464
HS	748	0	22	53486
HS	747	0	18	53504
HS	746	0	16	53520
HS	745	0	19	53539
HS	744	0	29	53568
HS	743	0	19	53587
HS	742	0	25	53612
HS	741	0	22	53634
HS	740	0	25	53659
HS	739	0	28	53687
HS	738	0	24	53711
HS	737	0	26	53737
HS	736	0	25	53762
HS	735	0	21	53783
HS	734	0	30	53813
HS	733	0	31	53844
HS	732	0	31	53875
HS	731	0	25	53900
HS	730	0	18	53918
HS	729	0	25	53943
HS	728	0	31	53974
HS	727	0	18	53992
HS	726	0	26	54018
HS	725	0	26	54044
HS	724	0	34	54078
HS	723	0	20	54098
HS	722	0	30	54128
HS	721	0	29	54157
HS	720	0	24	54181
HS	719	0	19	54200
HS	718	0	17	54217
HS	717	0	26	54243
HS	716	0	23	54266
HS	715	0	24	54290
HS	714	0	26	54316
HS	713	0	23	54339
HS	712	0	26	54365
HS	711	0	18	54383
HS	710	0	17	54400
HS	709	0	19	54419
HS	708	0	26	54445
HS	707	0	22	54467
HS	706	0	26	54493
HS	705	0	31	54524
HS	704	0	27	54551
HS	703	0	21	54572
HS	702	0	21	54593
HS	701	0	26	54619
HS	700	0	26	54645
HS	699	0	22	54667
HS	698	0	25	54692
HS	697	0	10	54702
HS	696	0	15	54717
HS	695	0	15	54732
HS	694	0	16	54748
HS	693	0	27	54775
HS	692	0	23	54798
HS	691	0	20	54818
HS	690	0	30	54848
HS	689	0	18	54866
HS	688	0	20	54886
HS	687	0	17	54903
HS	686	0	18	54921
HS	685	0	21	54942
HS	684	0	21	54963
HS	683	0	30	54993
HS	682	0	17	55010
HS	681	0	19	55029
HS	680	0	22	55051
HS	679	0	21	55072
HS	678	0	35	55107
HS	677	0	19	55126
HS	676	0	23	55149
HS	675	0	21	55170
HS	674	0	16	55186
HS	673	0	16	55202
HS	672	0	14	55216
HS	671	0	28	55244
HS	670	0	29	55273
HS	669	0	18	55291
HS	668	0	30	55321
HS	667	0	31	55352
HS	666	0	28	55380
HS	665	0	27	55407
HS	664	0	37	55444
HS	663	0	29	55473
HS	662	0	24	55497
HS	661	0	19	55516
HS	660	0	29	55545
HS	659	0	26	55571
HS	658	0	27	55598
HS	657	0	31	55629
HS	656	0	31	55660
HS	655	0	35	55695
HS	654	0	31	55726
HS	653	0	22	55748
HS	652	0	35	55783
HS	651	0	41	55824
HS	650	0	33	55857
HS	649	0	28	55885
HS	648	0	38	55923
HS	647	0	44	55967
HS	646	0	35	56002
HS	645	0	27	56029
HS	644	0	30	56059
HS	643	0	36	56095
HS	642	0	33	56128
HS	641	0	28	56156
HS	640	0	27	56183
HS	639	0	32	56215
HS	638	0	35	56250
HS	637	0	26	56276
HS	636	0	26	56302
HS	635	0	24	56326
HS	634	0	31	56357
HS	633	0	22	56379
HS	632	0	28	56407
HS	631	0	24	56431
HS	630	0	32	56463
HS	629	0	34	56497
HS	628	0	24	56521
HS	627	0	25	56546
HS	626	0	31	56577
HS	625	0	24	56601
HS	624	0	27	56628
HS	623	0	30	56658
HS	622	0	28	56686
HS	621	0	30	56716
HS	620	0	29	56745
HS	619	0	33	56778
HS	618	0	35	56813
HS	617	0	29	56842
HS	616	0	25	56867
HS	615	0	34	56901
HS	614	0	35	56936
HS	613	0	31	56967
HS	612	0	37	57004
HS	611	0	30	57034
HS	610	0	28	57062
HS	609	0	24	57086
HS	608	0	25	57111
HS	607	0	31	57142
HS	606	0	22	57164
HS	605	0	26	57190
HS	604	0	23	57213
HS	603	0	20	57233
HS	602	0	26	57259
HS	601	0	34	57293
HS	600	0	18	57311
HS	599	0	30	57341
HS	598	0	32	57373
HS	597	0	30	57403
HS	596	0	30	57433
HS	595	0	25	57458
HS	594	0	20	57478
HS	593	0	27	57505
HS	592	0	35	57540
HS	591	0	27	57567
HS	590	0	27	57594
HS	589	0	43	57637
HS	588	0	38	57675
HS	587	0	31	57706
HS	586	0	37	57743
HS	585	0	44	57787
HS	584	0	44	57831
HS	583	0	35	57866
HS	582	0	34	57900
HS	581	0	31	57931
HS	580	0	34	57965
HS	579	0	45	58010
HS	578	0	51	58061
HS	577	0	41	58102
HS	576	0	54	58156
HS	575	0	41	58197
HS	574	0	46	58243
HS	573	0	52	58295
HS	572	0	50	58345
HS	571	0	57	58402
HS	570	0	41	58443
HS	569	0	48	58491
HS	568	0	43	58534
HS	567	0	41	58575
HS	566	0	36	58611
HS	565	0	50	58661
HS	564	0	47	58708
HS	563	0	55	58763
HS	562	0	40	58803
HS	561	0	37	58840
HS	560	0	35	58875
HS	559	0	60	58935
HS	558	0	43	58978
HS	557	0	49	59027
HS	556	0	49	59076
HS	555	0	54	59130
HS	554	0	41	59171
HS	553	0	57	59228
HS	552	0	40	59268
HS	551	0	45	59313
HS	550	0	36	59349
HS	549	0	38	59387
HS	548	0	51	59438
HS	547	0	72	59510
HS	546	0	59	59569
HS	545	0	45	59614
HS	544	0	47	59661
HS	543	0	57	59718
HS	542	0	48	59766
HS	541	0	55	59821
HS	540	0	52	59873
HS	539	0	46	59919
HS	538	0	67	59986
HS	537	0	62	60048
HS	536	0	53	60101
HS	535	0	72	60173
HS	534	0	61	60234
HS	533	0	64	60298
HS	532	0	72	60370
HS	531	0	62	60432
HS	530	0	66	60498
HS	529	0	74	60572
HS	528	0	56	60628
HS	527	0	77	60705
HS	526	0	59	60764
HS	525	0	61	60825
HS	524	0	65	60890
HS	523	0	82	60972
HS	522	0	67	61039
HS	521	0	67	61106
HS	520	0	76	61182
HS	519	0	62	61244
HS	518	0	76	61320
HS	517	0	66	61386
HS	516	0	69	61455
HS	515	0	54	61509
HS	514	0	76	61585
HS	513	0	68	61653
HS	512	0	76	61729
HS	511	0	86	61815
HS	510	0	84	61899
HS	509	0	77	61976
HS	508	0	85	62061
HS	507	0	78	62139
HS	506	0	91	62230
HS	505	0	79	62309
HS	504	0	76	62385
HS	503	0	112	62497
HS	502	0	98	62595
HS	501	0	101	62696
HS	500	0	85	62781
HS	499	0	103	62884
HS	498	0	101	62985
HS	497	0	101	63086
HS	496	0	99	63185
HS	495	0	124	63309
HS	494	0	108	63417
HS	493	0	79	63496
HS	492	0	105	63601
HS	491	0	98	63699
HS	490	0	107	63806
HS	489	0	120	63926
HS	488	0	107	64033
HS	487	0	116	64149
HS	486	0	127	64276
HS	485	0	136	64412
HS	484	0	123	64535
HS	483	0	119	64654
HS	482	0	116	64770
HS	481	0	127	64897
HS	480	0	145	65042
HS	479	0	128	65170
HS	478	0	138	65308
HS	477	0	151	65459
HS	476	0	146	65605
HS	475	0	156	65761
HS	474	0	161	65922
HS	473	0	167	66089
HS	472	0	176	66265
HS	471	0	180	66445
HS	470	0	159	66604
HS	469	0	193	66797
HS	468	0	205	67002
HS	467	0	186	67188
HS	466	0	150	67338
HS	465	0	165	67503
HS	464	0	174	67677
HS	463	0	155	67832
HS	462	0	159	67991
HS	461	0	185	68176
HS	460	0	209	68385
HS	459	0	212	68597
HS	458	0	189	68786
HS	457	0	219	69005
HS	456	0	199	69204
HS	455	0	211	69415
HS	454	0	219	69634
HS	453	0	182	69816
HS	452	0	207	70023
HS	451	0	227	70250
HS	450	0	248	70498
HS	449	0	278	70776
HS	448	0	253	71029
HS	447	0	253	71282
HS	446	0	281	71563
HS	445	0	282	71845
HS	444	0	307	72152
HS	443	0	287	72439
HS	442	0	279	72718
HS	441	0	302	73020
HS	440	0	303	73323
HS	439	0	314	73637
HS	438	0	335	73972
HS	437	0	321	74293
HS	436	0	314	74607
HS	435	0	331	74938
HS	434	0	349	75287
HS	433	0	316	75603
HS	432	0	362	75965
HS	431	0	358	76323
HS	430	0	415	76738
HS	429	0	357	77095
HS	428	0	409	77504
HS	427	0	379	77883
HS	426	0	401	78284
HS	425	0	434	78718
HS	424	0	421	79139
HS	423	0	462	79601
HS	422	0	481	80082
HS	421	0	467	80549
HS	420	0	492	81041
HS	419	0	515	81556
HS	418	0	532	82088
HS	417	0	531	82619
HS	416	0	551	83170
HS	415	0	621	83791
HS	414	0	578	84369
HS	413	0	570	84939
HS	412	0	619	85558
HS	411	0	625	86183
HS	410	0	661	86844
HS	409	0	707	87551
HS	408	0	722	88273
HS	407	0	742	89015
HS	406	0	759	89774
HS	405	0	829	90603
HS	404	0	803	91406
HS	403	0	840	92246
HS	402	0	865	93111
HS	401	0	933	94044
HS	400	0	929	94973
HS	399	0	954	95927
HS	398	0	953	96880
HS	397	0	945	97825
HS	396	0	1005	98830
HS	395	0	1035	99865
HS	394	0	1086	100951
HS	393	0	1093	102044
HS	392	0	1184	103228
HS	391	0	1200	104428
HS	390	0	1165	105593
HS	389	0	1263	106856
HS	388	0	1279	108135
HS	387	0	1265	109400
HS	386	0	1321	110721
HS	385	0	1358	112079
HS	384	0	1514	113593
HS	383	0	1536	115129
HS	382	0	1564	116693
HS	381	0	1580	118273
HS	380	0	1642	119915
HS	379	0	1702	121617
HS	378	0	1759	123376
HS	377	0	1796	125172
HS	376	0	1781	126953
HS	375	0	1844	128797
HS	374	0	1881	130678
HS	373	0	2000	132678
HS	372	0	2102	134780
HS	371	0	2098	136878
HS	370	0	2178	139056
HS	369	0	2285	141341
HS	368	0	2349	143690
HS	367	0	2415	146105
HS	366	0	2499	148604
HS	365	0	2615	151219
HS	364	0	2637	153856
HS	363	0	2842	156698
HS	362	0	2732	159430
HS	361	0	2835	162265
HS	360	0	2921	165186
HS	359	0	3030	168216
HS	358	0	3124	171340
HS	357	0	3175	174515
HS	356	0	3276	177791
HS	355	0	3482	181273
HS	354	0	3463	184736
HS	353	0	3673	188409
HS	352	0	3740	192149
HS	351	0	3858	196007
HS	350	0	4015	200022
HS	349	0	4240	204262
HS	348	0	4257	208519
HS	347	0	4253	212772
HS	346	0	4431	217203
HS	345	0	4491	221694
HS	344	0	4721	226415
HS	343	0	4789	231204
HS	342	0	4904	236108
HS	341	0	5062	241170
HS	340	0	5330	246500
HS	339	0	5287	251787
HS	338	0	5572	257359
HS	337	0	5594	262953
HS	336	0	5808	268761
HS	335	0	6105	274866
HS	334	0	6279	281145
HS	333	0	6278	287423
HS	332	0	6685	294108
HS	331	0	6950	301058
HS	330	0	7071	308129
HS	329	0	7188	315317
HS	328	0	7266	322583
HS	327	0	7363	329946
HS	326	0	7892	337838
HS	325	0	7925	345763
HS	324	0	8199	353962
HS	323	0	8260	362222
HS	322	0	8450	370672
HS	321	0	8735	379407
HS	320	0	9137	388544
HS	319	0	9236	397780
HS	318	0	9699	407479
HS	317	0	9752	417231
HS	316	0	9910	427141
HS	315	0	10409	437550
HS	314	0	10654	448204
HS	313	0	10716	458920
HS	312	0	11058	469978
HS	311	0	11101	481079
HS	310	0	11498	492577
HS	309	0	11678	504255
HS	308	0	12063	516318
HS	307	0	12283	528601
HS	306	0	12632	541233
HS	305	0	12761	553994
HS	304	0	13217	567211
HS	303	0	13706	580917
HS	302	0	13934	594851
HS	301	0	14425	609276
HS	300	0	14702	623978
HS	299	0	14955	638933
HS	298	0	15217	654150
HS	297	0	15390	669540
HS	296	0	15848	685388
HS	295	0	16245	701633
HS	294	0	16217	717850
HS	293	0	16820	734670
HS	292	0	17165	751835
HS	291	0	17568	769403
HS	290	0	17821	787224
HS	289	0	18015	805239
HS	288	0	18386	823625
HS	287	0	18544	842169
HS	286	0	19311	861480
HS	285	0	19239	880719
HS	284	0	19853	900572
HS	283	0	20092	920664
HS	282	0	20664	941328
HS	281	0	21113	962441
HS	280	0	21363	983804
HS	279	0	21676	1005480
HS	278	0	22191	1027671
HS	277	0	22340	1050011
HS	276	0	22902	1072913
HS	275	0	23300	1096213
HS	274	0	24009	1120222
HS	273	0	24358	1144580
HS	272	0	24882	1169462
HS	271	0	24957	1194419
HS	270	0	25174	1219593
HS	269	0	25641	1245234
HS	268	0	26085	1271319
HS	267	0	26647	1297966
HS	266	0	26838	1324804
HS	265	0	27441	1352245
HS	264	0	27732	1379977
HS	263	0	28575	1408552
HS	262	0	28337	1436889
HS	261	0	28980	1465869
HS	260	0	29589	1495458
HS	259	0	30012	1525470
HS	258	0	30366	1555836
HS	257	0	30611	1586447
HS	256	0	30944	1617391
HS	255	0	31325	1648716
HS	254	0	31508	1680224
HS	253	0	31906	1712130
HS	252	0	32186	1744316
HS	251	0	32406	1776722
HS	250	0	32675	1809397
HS	249	0	33262	1842659
HS	248	0	33649	1876308
HS	247	0	33533	1909841
HS	246	0	34107	1943948
HS	245	0	34062	1978010
HS	244	0	34397	2012407
HS	243	0	34985	2047392
HS	242	0	35138	2082530
HS	241	0	35697	2118227
HS	240	0	36111	2154338
HS	239	0	36069	2190407
HS	238	0	36095	2226502
HS	237	0	36182	2262684
HS	236	0	36560	2299244
HS	235	0	36505	2335749
HS	234	0	36498	2372247
HS	233	0	36724	2408971
HS	232	0	37267	2446238
HS	231	0	37222	2483460
HS	230	0	37806	2521266
HS	229	0	37802	2559068
HS	228	0	37797	2596865
HS	227	0	38105	2634970
HS	226	0	38048	2673018
HS	225	0	38425	2711443
HS	224	0	38418	2749861
HS	223	0	38400	2788261
HS	222	0	38298	2826559
HS	221	0	38311	2864870
HS	220	0	38412	2903282
HS	219	0	38237	2941519
HS	218	0	38332	2979851
HS	217	0	38186	3018037
HS	216	0	37767	3055804
HS	215	0	37986	3093790
HS	214	0	37806	3131596
HS	213	0	37699	3169295
HS	212	0	37522	3206817
HS	211	0	37244	3244061
HS	210	0	37140	3281201
HS	209	0	36869	3318070
HS	208	0	37199	3355269
HS	207	0	36825	3392094
HS	206	0	36538	3428632
HS	205	0	36780	3465412
HS	204	0	36285	3501697
HS	203	0	36102	3537799
HS	202	0	35562	3573361
HS	201	0	35126	3608487
HS	200	0	34798	3643285
HS	199	0	34432	3677717
HS	198	0	34497	3712214
HS	197	0	34133	3746347
HS	196	0	33220	3779567
HS	195	0	32919	3812486
HS	194	0	32666	3845152
HS	193	0	32375	3877527
HS	192	0	31536	3909063
HS	191	0	31669	3940732
HS	190	0	31149	3971881
HS	189	0	30585	4002466
HS	188	0	29960	4032426
HS	187	0	29756	4062182
HS	186	0	29179	4091361
HS	185	0	28924	4120285
HS	184	0	28300	4148585
HS	183	0	27687	4176272
HS	182	0	27322	4203594
HS	181	0	26850	4230444
HS	180	0	26110	4256554
HS	179	0	25872	4282426
HS	178	0	25770	4308196
HS	177	0	24826	4333022
HS	176	0	24472	4357494
HS	175	0	23893	4381387
HS	174	0	23110	4404497
HS	173	0	23106	4427603
HS	172	0	22543	4450146
HS	171	0	22104	4472250
HS	170	0	21304	4493554
HS	169	0	20939	4514493
HS	168	0	20325	4534818
HS	167	0	19742	4554560
HS	166	0	19330	4573890
HS	165	0	18866	4592756
HS	164	0	18496	4611252
HS	163	0	17726	4628978
HS	162	0	17003	4645981
HS	161	0	16622	4662603
HS	160	0	16157	4678760
HS	159	0	15915	4694675
HS	158	0	15471	4710146
HS	157	0	14931	4725077
HS	156	0	14398	4739475
HS	155	0	14137	4753612
HS	154	0	14007	4767619
HS	153	0	13474	4781093
HS	152	0	13059	4794152
HS	151	0	12620	4806772
HS	150	0	12355	4819127
HS	149	0	11979	4831106
HS	148	0	11196	4842302
HS	147	0	11005	4853307
HS	146	0	10249	4863556
HS	145	0	9985	4873541
HS	144	0	9922	4883463
HS	143	0	9623	4893086
HS	142	0	9161	4902247
HS	141	0	8945	4911192
HS	140	0	8496	4919688
HS	139	0	8127	4927815
HS	138	0	7902	4935717
HS	137	0	7572	4943289
HS	136	0	7205	4950494
HS	135	0	7123	4957617
HS	134	0	6787	4964404
HS	133	0	6263	4970667
HS	132	0	6075	4976742
HS	131	0	5985	4982727
HS	130	0	5679	4988406
HS	129	0	5396	4993802
HS	128	0	5334	4999136
HS	127	0	5124	5004260
HS	126	0	4872	5009132
HS	125	0	4670	5013802
HS	124	0	4519	5018321
HS	123	0	4385	5022706
HS	122	0	4110	5026816
HS	121	0	4008	5030824
HS	120	0	3808	5034632
HS	119	0	3750	5038382
HS	118	0	3523	5041905
HS	117	0	3521	5045426
HS	116	0	3266	5048692
HS	115	0	3215	5051907
HS	114	0	3058	5054965
HS	113	0	3067	5058032
HS	112	0	3051	5061083
HS	111	0	2821	5063904
HS	110	0	2743	5066647
HS	109	0	2547	5069194
HS	108	0	2522	5071716
HS	107	0	2426	5074142
HS	106	0	2348	5076490
HS	105	0	2349	5078839
HS	104	0	2283	5081122
HS	103	0	2233	5083355
HS	102	0	2092	5085447
HS	101	0	2038	5087485
HS	100	0	1898	5089383
HS	99	0	2009	5091392
HS	98	0	1776	5093168
HS	97	0	1763	5094931
HS	96	0	1558	5096489
HS	95	0	1516	5098005
HS	94	0	1493	5099498
HS	93	0	1585	5101083
HS	92	0	1488	5102571
HS	91	0	1425	5103996
HS	90	0	1421	5105417
HS	89	0	1261	5106678
HS	88	0	1266	5107944
HS	87	0	1208	5109152
HS	86	0	1195	5110347
HS	85	0	1115	5111462
HS	84	0	1110	5112572
HS	83	0	1133	5113705
HS	82	0	1038	5114743
HS	81	0	979	5115722
HS	80	0	922	5116644
HS	79	0	869	5117513
HS	78	0	800	5118313
HS	77	0	803	5119116
HS	76	0	843	5119959
HS	75	0	818	5120777
HS	74	0	766	5121543
HS	73	0	793	5122336
HS	72	0	762	5123098
HS	71	0	755	5123853
HS	70	0	711	5124564
HS	69	0	680	5125244
HS	68	0	686	5125930
HS	67	0	707	5126637
HS	66	0	641	5127278
HS	65	0	632	5127910
HS	64	0	708	5128618
HS	63	0	695	5129313
HS	62	0	634	5129947
HS	61	0	627	5130574
HS	60	0	642	5131216
HS	59	0	636	5131852
HS	58	0	634	5132486
HS	57	0	633	5133119
HS	56	0	645	5133764
HS	55	0	682	5134446
HS	54	0	675	5135121
HS	53	0	677	5135798
HS	52	0	697	5136495
HS	51	0	774	5137269
HS	50	0	819	5138088
HS	49	0	851	5138939
HS	48	0	877	5139816
HS	47	0	890	5140706
HS	46	0	894	5141600
HS	45	0	1056	5142656
HS	44	0	995	5143651
HS	43	0	982	5144633
HS	42	0	1186	5145819
HS	41	0	1161	5146980
HS	40	0	1329	5148309
HS	39	0	1396	5149705
HS	38	0	1645	5151350
HS	37	0	1844	5153194
HS	36	0	2012	5155206
HS	35	0	2176	5157382
HS	34	0	2381	5159763
HS	33	0	2632	5162395
HS	32	0	3013	5165408
HS	31	0	3455	5168863
HS	30	0	3902	5172765
HS	29	0	4657	5177422
HS	28	0	5112	5182534
HS	27	0	5751	5188285
HS	26	0	6720	5195005
HS	25	0	7850	5202855
HS	24	0	8846	5211701
HS	23	0	10107	5221808
HS	22	0	12230	5234038
HS	21	0	14032	5248070
HS	20	0	15847	5263917
HS	19	0	18807	5282724
HS	18	0	23022	5305746
HS	17	0	26539	5332285
HS	16	0	31082	5363367
HS	15	0	37980	5401347
HS	14	0	47098	5448445
HS	13	0	57556	5506001
HS	12	0	71963	5577964
HS	11	0	91273	5669237
HS	10	0	118512	5787749
HS	9	0	155735	5943484
HS	8	0	218335	6161819
HS	7	0	316016	6477835
HS	6	0	487015	6964850
HS	5	0	825539	7790389
HS	4	0	1602035	9392424
HS	3	0	3858253	13250677
HS	2	0	13316714	26567391
HS	1	0	0	26567391
HS	0	0	0	26567391
