HS	1023	0	40926	40926
HS	1022	0	140	41066
HS	1021	0	163	41229
HS	1020	0	155	41384
HS	1019	0	155	41539
HS	1018	0	181	41720
HS	1017	0	168	41888
HS	1016	0	166	42054
HS	1015	0	174	42228
HS	1014	0	178	42406
HS	1013	0	203	42609
HS	1012	0	181	42790
HS	1011	0	168	42958
HS	1010	0	179	43137
HS	1009	0	173	43310
HS	1008	0	197	43507
HS	1007	0	195	43702
HS	1006	0	183	43885
HS	1005	0	212	44097
HS	1004	0	199	44296
HS	1003	0	185	44481
HS	1002	0	208	44689
HS	1001	0	192	44881
HS	1000	0	176	45057
HS	999	0	186	45243
HS	998	0	191	45434
HS	997	0	192	45626
HS	996	0	198	45824
HS	995	0	170	45994
HS	994	0	190	46184
HS	993	0	197	46381
HS	992	0	215	46596
HS	991	0	198	46794
HS	990	0	209	47003
HS	989	0	182	47185
HS	988	0	194	47379
HS	987	0	202	47581
HS	986	0	210	47791
HS	985	0	202	47993
HS	984	0	191	48184
HS	983	0	193	48377
HS	982	0	175	48552
HS	981	0	191	48743
HS	980	0	213	48956
HS	979	0	238	49194
HS	978	0	216	49410
HS	977	0	217	49627
HS	976	0	196	49823
HS	975	0	205	50028
HS	974	0	215	50243
HS	973	0	230	50473
HS	972	0	213	50686
HS	971	0	247	50933
HS	970	0	199	51132
HS	969	0	239	51371
HS	968	0	238	51609
HS	967	0	209	51818
HS	966	0	181	51999
HS	965	0	232	52231
HS	964	0	179	52410
HS	963	0	217	52627
HS	962	0	234	52861
HS	961	0	200	53061
HS	960	0	235	53296
HS	959	0	223	53519
HS	958	0	249	53768
HS	957	0	250	54018
HS	956	0	262	54280
HS	955	0	265	54545
HS	954	0	233	54778
HS	953	0	228	55006
HS	952	0	215	55221
HS	951	0	236	55457
HS	950	0	245	55702
HS	949	0	264	55966
HS	948	0	240	56206
HS	947	0	256	56462
HS	946	0	240	56702
HS	945	0	260	56962
HS	944	0	238	57200
HS	943	0	239	57439
HS	942	0	232	57671
HS	941	0	234	57905
HS	940	0	241	58146
HS	939	0	218	58364
HS	938	0	239	58603
HS	937	0	241	58844
HS	936	0	238	59082
HS	935	0	229	59311
HS	934	0	248	59559
HS	933	0	267	59826
HS	932	0	246	60072
HS	931	0	263	60335
HS	930	0	256	60591
HS	929	0	253	60844
HS	928	0	231	61075
HS	927	0	244	61319
HS	926	0	241	61560
HS	925	0	272	61832
HS	924	0	241	62073
HS	923	0	241	62314
HS	922	0	223	62537
HS	921	0	237	62774
HS	920	0	232	63006
HS	919	0	233	63239
HS	918	0	258	63497
HS	917	0	222	63719
HS	916	0	258	63977
HS	915	0	267	64244
HS	914	0	269	64513
HS	913	0	250	64763
HS	912	0	258	65021
HS	911	0	269	65290
HS	910	0	247	65537
HS	909	0	261	65798
HS	908	0	290	66088
HS	907	0	263	66351
HS	906	0	268	66619
HS	905	0	261	66880
HS	904	0	285	67165
HS	903	0	283	67448
HS	902	0	285	67733
HS	901	0	277	68010
HS	900	0	303	68313
HS	899	0	265	68578
HS	898	0	283	68861
HS	897	0	264	69125
HS	896	0	273	69398
HS	895	0	278	69676
HS	894	0	311	69987
HS	893	0	248	70235
HS	892	0	270	70505
HS	891	0	281	70786
HS	890	0	296	71082
HS	889	0	284	71366
HS	888	0	312	71678
HS	887	0	327	72005
HS	886	0	279	72284
HS	885	0	298	72582
HS	884	0	311	72893
HS	883	0	312	73205
HS	882	0	293	73498
HS	881	0	305	73803
HS	880	0	317	74120
HS	879	0	308	74428
HS	878	0	283	74711
HS	877	0	302	75013
HS	876	0	322	75335
HS	875	0	328	75663
HS	874	0	297	75960
HS	873	0	293	76253
HS	872	0	273	76526
HS	871	0	315	76841
HS	870	0	294	77135
HS	869	0	327	77462
HS	868	0	283	77745
HS	867	0	313	78058
HS	866	0	280	78338
HS	865	0	297	78635
HS	864	0	324	78959
HS	863	0	304	79263
HS	862	0	297	79560
HS	861	0	284	79844
HS	860	0	307	80151
HS	859	0	311	80462
HS	858	0	287	80749
HS	857	0	297	81046
HS	856	0	281	81327
HS	855	0	304	81631
HS	854	0	288	81919
HS	853	0	286	82205
HS	852	0	266	82471
HS	851	0	288	82759
HS	850	0	315	83074
HS	849	0	310	83384
HS	848	0	320	83704
HS	847	0	304	84008
HS	846	0	308	84316
HS	845	0	341	84657
HS	844	0	298	84955
HS	843	0	275	85230
HS	842	0	329	85559
HS	841	0	311	85870
HS	840	0	311	86181
HS	839	0	319	86500
HS	838	0	310	86810
HS	837	0	316	87126
HS	836	0	325	87451
HS	835	0	358	87809
HS	834	0	371	88180
HS	833	0	350	88530
HS	832	0	360	88890
HS	831	0	360	89250
HS	830	0	365	89615
HS	829	0	330	89945
HS	828	0	338	90283
HS	827	0	301	90584
HS	826	0	322	90906
HS	825	0	345	91251
HS	824	0	341	91592
HS	823	0	333	91925
HS	822	0	338	92263
HS	821	0	321	92584
HS	820	0	318	92902
HS	819	0	298	93200
HS	818	0	348	93548
HS	817	0	336	93884
HS	816	0	348	94232
HS	815	0	338	94570
HS	814	0	321	94891
HS	813	0	307	95198
HS	812	0	331	95529
HS	811	0	317	95846
HS	810	0	317	96163
HS	809	0	309	96472
HS	808	0	310	96782
HS	807	0	326	97108
HS	806	0	312	97420
HS	805	0	320	97740
HS	804	0	311	98051
HS	803	0	345	98396
HS	802	0	334	98730
HS	801	0	324	99054
HS	800	0	300	99354
HS	799	0	302	99656
HS	798	0	305	99961
HS	797	0	292	100253
HS	796	0	309	100562
HS	795	0	321	100883
HS	794	0	330	101213
HS	793	0	307	101520
HS	792	0	305	101825
HS	791	0	319	102144
HS	790	0	319	102463
HS	789	0	310	102773
HS	788	0	334	103107
HS	787	0	335	103442
HS	786	0	333	103775
HS	785	0	287	104062
HS	784	0	354	104416
HS	783	0	361	104777
HS	782	0	336	105113
HS	781	0	329	105442
HS	780	0	352	105794
HS	779	0	349	106143
HS	778	0	346	106489
HS	777	0	337	106826
HS	776	0	324	107150
HS	775	0	304	107454
HS	774	0	350	107804
HS	773	0	318	108122
HS	772	0	343	108465
HS	771	0	298	108763
HS	770	0	289	109052
HS	769	0	286	109338
HS	768	0	309	109647
HS	767	0	351	109998
HS	766	0	354	110352
HS	765	0	321	110673
HS	764	0	353	111026
HS	763	0	377	111403
HS	762	0	291	111694
HS	761	0	288	111982
HS	760	0	353	112335
HS	759	0	343	112678
HS	758	0	335	113013
HS	757	0	350	113363
HS	756	0	370	113733
HS	755	0	321	114054
HS	754	0	339	114393
HS	753	0	346	114739
HS	752	0	328	115067
HS	751	0	369	115436
HS	750	0	337	115773
HS	749	0	348	116121
HS	748	0	326	116447
HS	747	0	286	116733
HS	746	0	308	117041
HS	745	0	289	117330
HS	744	0	313	117643
HS	743	0	330	117973
HS	742	0	309	118282
HS	741	0	323	118605
HS	740	0	319	118924
HS	739	0	319	119243
HS	738	0	298	119541
HS	737	0	327	119868
HS	736	0	334	120202
HS	735	0	349	120551
HS	734	0	314	120865
HS	733	0	298	121163
HS	732	0	314	121477
HS	731	0	305	121782
HS	730	0	314	122096
HS	729	0	316	122412
HS	728	0	306	122718
HS	727	0	311	123029
HS	726	0	324	123353
HS	725	0	316	123669
HS	724	0	338	124007
HS	723	0	295	124302
HS	722	0	345	124647
HS	721	0	279	124926
HS	720	0	309	125235
HS	719	0	303	125538
HS	718	0	276	125814
HS	717	0	316	126130
HS	716	0	343	126473
HS	715	0	309	126782
HS	714	0	298	127080
HS	713	0	310	127390
HS	712	0	324	127714
HS	711	0	311	128025
HS	710	0	312	128337
HS	709	0	302	128639
HS	708	0	299	128938
HS	707	0	300	129238
HS	706	0	281	129519
HS	705	0	289	129808
HS	704	0	319	130127
HS	703	0	301	130428
HS	702	0	317	130745
HS	701	0	283	131028
HS	700	0	298	131326
HS	699	0	336	131662
HS	698	0	289	131951
HS	697	0	301	132252
HS	696	0	311	132563
HS	695	0	283	132846
HS	694	0	324	133170
HS	693	0	318	133488
HS	692	0	322	133810
HS	691	0	328	134138
HS	690	0	322	134460
HS	689	0	301	134761
HS	688	0	346	135107
HS	687	0	325	135432
HS	686	0	304	135736
HS	685	0	305	136041
HS	684	0	339	136380
HS	683	0	301	136681
HS	682	0	309	136990
HS	681	0	316	137306
HS	680	0	343	137649
HS	679	0	299	137948
HS	678	0	356	138304
HS	677	0	314	138618
HS	676	0	316	138934
HS	675	0	322	139256
HS	674	0	274	139530
HS	673	0	322	139852
HS	672	0	331	140183
HS	671	0	284	140467
HS	670	0	317	140784
HS	669	0	316	141100
HS	668	0	327	141427
HS	667	0	317	141744
HS	666	0	305	142049
HS	665	0	325	142374
HS	664	0	289	142663
HS	663	0	287	142950
HS	662	0	312	143262
HS	661	0	296	143558
HS	660	0	308	143866
HS	659	0	308	144174
HS	658	0	298	144472
HS	657	0	291	144763
HS	656	0	292	145055
HS	655	0	296	145351
HS	654	0	301	145652
HS	653	0	301	145953
HS	652	0	280	146233
HS	651	0	295	146528
HS	650	0	299	146827
HS	649	0	295	147122
HS	648	0	310	147432
HS	647	0	310	147742
HS	646	0	268	148010
HS	645	0	279	148289
HS	644	0	265	148554
HS	643	0	280	148834
HS	642	0	286	149120
HS	641	0	262	149382
HS	640	0	282	149664
HS	639	0	270	149934
HS	638	0	289	150223
HS	637	0	248	150471
HS	636	0	238	150709
HS	635	0	241	150950
HS	634	0	240	151190
HS	633	0	261	151451
HS	632	0	223	151674
HS	631	0	242	151916
HS	630	0	214	152130
HS	629	0	250	152380
HS	628	0	196	152576
HS	627	0	202	152778
HS	626	0	218	152996
HS	625	0	211	153207
HS	624	0	227	153434
HS	623	0	220	153654
HS	622	0	224	153878
HS	621	0	252	154130
HS	620	0	234	154364
HS	619	0	223	154587
HS	618	0	251	154838
HS	617	0	242	155080
HS	616	0	207	155287
HS	615	0	228	155515
HS	614	0	247	155762
HS	613	0	206	155968
HS	612	0	234	156202
HS	611	0	222	156424
HS	610	0	233	156657
HS	609	0	234	156891
HS	608	0	221	157112
HS	607	0	235	157347
HS	606	0	247	157594
HS	605	0	224	157818
HS	604	0	262	158080
HS	603	0	218	158298
HS	602	0	216	158514
HS	601	0	233	158747
HS	600	0	216	158963
HS	599	0	221	159184
HS	598	0	224	159408
HS	597	0	221	159629
HS	596	0	216	159845
HS	595	0	217	160062
HS	594	0	223	160285
HS	593	0	219	160504
HS	592	0	225	160729
HS	591	0	202	160931
HS	590	0	220	161151
HS	589	0	214	161365
HS	588	0	253	161618
HS	587	0	219	161837
HS	586	0	213	162050
HS	585	0	207	162257
HS	584	0	184	162441
HS	583	0	205	162646
HS	582	0	181	162827
HS	581	0	197	163024
HS	580	0	214	163238
HS	579	0	208	163446
HS	578	0	199	163645
HS	577	0	194	163839
HS	576	0	170	164009
HS	575	0	202	164211
HS	574	0	193	164404
HS	573	0	166	164570
HS	572	0	182	164752
HS	571	0	190	164942
HS	570	0	211	165153
HS	569	0	205	165358
HS	568	0	170	165528
HS	567	0	152	165680
HS	566	0	182	165862
HS	565	0	179	166041
HS	564	0	166	166207
HS	563	0	166	166373
HS	562	0	157	166530
HS	561	0	148	166678
HS	560	0	140	166818
HS	559	0	172	166990
HS	558	0	152	167142
HS	557	0	147	167289
HS	556	0	157	167446
HS	555	0	144	167590
HS	554	0	149	167739
HS	553	0	142	167881
HS	552	0	158	168039
HS	551	0	141	168180
HS	550	0	135	168315
HS	549	0	145	168460
HS	548	0	136	168596
HS	547	0	128	168724
HS	546	0	130	168854
HS	545	0	140	168994
HS	544	0	128	169122
HS	543	0	167	169289
HS	542	0	142	169431
HS	541	0	164	169595
HS	540	0	142	169737
HS	539	0	142	169879
HS	538	0	150	170029
HS	537	0	174	170203
HS	536	0	154	170357
HS	535	0	132	170489
HS	534	0	136	170625
HS	533	0	144	170769
HS	532	0	148	170917
HS	531	0	130	171047
HS	530	0	130	171177
HS	529	0	130	171307
HS	528	0	149	171456
HS	527	0	116	171572
HS	526	0	94	171666
HS	525	0	123	171789
HS	524	0	122	171911
HS	523	0	121	172032
HS	522	0	118	172150
HS	521	0	114	172264
HS	520	0	120	172384
HS	519	0	122	172506
HS	518	0	106	172612
HS	517	0	108	172720
HS	516	0	134	172854
HS	515	0	124	172978
HS	514	0	132	173110
HS	513	0	108	173218
HS	512	0	110	173328
HS	511	0	110	173438
HS	510	0	120	173558
HS	509	0	121	173679
HS	508	0	104	173783
HS	507	0	138	173921
HS	506	0	120	174041
HS	505	0	140	174181
HS	504	0	134	174315
HS	503	0	123	174438
HS	502	0	107	174545
HS	501	0	127	174672
HS	500	0	130	174802
HS	499	0	128	174930
HS	498	0	146	175076
HS	497	0	128	175204
HS	496	0	116	175320
HS	495	0	137	175457
HS	494	0	123	175580
HS	493	0	133	175713
HS	492	0	141	175854
HS	491	0	118	175972
HS	490	0	139	176111
HS	489	0	134	176245
HS	488	0	131	176376
HS	487	0	120	176496
HS	486	0	110	176606
HS	485	0	107	176713
HS	484	0	122	176835
HS	483	0	121	176956
HS	482	0	142	177098
HS	481	0	113	177211
HS	480	0	130	177341
HS	479	0	135	177476
HS	478	0	127	177603
HS	477	0	137	177740
HS	476	0	109	177849
HS	475	0	131	177980
HS	474	0	135	178115
HS	473	0	139	178254
HS	472	0	138	178392
HS	471	0	130	178522
HS	470	0	131	178653
HS	469	0	153	178806
HS	468	0	151	178957
HS	467	0	112	179069
HS	466	0	152	179221
HS	465	0	145	179366
HS	464	0	153	179519
HS	463	0	165	179684
HS	462	0	158	179842
HS	461	0	165	180007
HS	460	0	155	180162
HS	459	0	162	180324
HS	458	0	179	180503
HS	457	0	153	180656
HS	456	0	162	180818
HS	455	0	186	181004
HS	454	0	186	181190
HS	453	0	159	181349
HS	452	0	170	181519
HS	451	0	184	181703
HS	450	0	184	181887
HS	449	0	162	182049
HS	448	0	182	182231
HS	447	0	188	182419
HS	446	0	204	182623
HS	445	0	199	182822
HS	444	0	201	183023
HS	443	0	186	183209
HS	442	0	254	183463
HS	441	0	196	183659
HS	440	0	202	183861
HS	439	0	207	184068
HS	438	0	231	184299
HS	437	0	249	184548
HS	436	0	231	184779
HS	435	0	240	185019
HS	434	0	231	185250
HS	433	0	233	185483
HS	432	0	219	185702
HS	431	0	250	185952
HS	430	0	234	186186
HS	429	0	258	186444
HS	428	0	261	186705
HS	427	0	281	186986
HS	426	0	270	187256
HS	425	0	281	187537
HS	424	0	266	187803
HS	423	0	306	188109
HS	422	0	280	188389
HS	421	0	286	188675
HS	420	0	306	188981
HS	419	0	329	189310
HS	418	0	354	189664
HS	417	0	360	190024
HS	416	0	336	190360
HS	415	0	322	190682
HS	414	0	401	191083
HS	413	0	350	191433
HS	412	0	352	191785
HS	411	0	373	192158
HS	410	0	393	192551
HS	409	0	370	192921
HS	408	0	449	193370
HS	407	0	429	193799
HS	406	0	437	194236
HS	405	0	456	194692
HS	404	0	475	195167
HS	403	0	557	195724
HS	402	0	498	196222
HS	401	0	518	196740
HS	400	0	508	197248
HS	399	0	544	197792
HS	398	0	531	198323
HS	397	0	568	198891
HS	396	0	559	199450
HS	395	0	565	200015
HS	394	0	629	200644
HS	393	0	619	201263
HS	392	0	630	201893
HS	391	0	646	202539
HS	390	0	733	203272
HS	389	0	736	204008
HS	388	0	719	204727
HS	387	0	828	205555
HS	386	0	834	206389
HS	385	0	830	207219
HS	384	0	850	208069
HS	383	0	913	208982
HS	382	0	903	209885
HS	381	0	1003	210888
HS	380	0	949	211837
HS	379	0	1061	212898
HS	378	0	1039	213937
HS	377	0	1098	215035
HS	376	0	1088	216123
HS	375	0	1141	217264
HS	374	0	1177	218441
HS	373	0	1195	219636
HS	372	0	1242	220878
HS	371	0	1234	222112
HS	370	0	1220	223332
HS	369	0	1348	224680
HS	368	0	1384	226064
HS	367	0	1437	227501
HS	366	0	1377	228878
HS	365	0	1442	230320
HS	364	0	1427	231747
HS	363	0	1494	233241
HS	362	0	1523	234764
HS	361	0	1549	236313
HS	360	0	1532	237845
HS	359	0	1654	239499
HS	358	0	1567	241066
HS	357	0	1695	242761
HS	356	0	1732	244493
HS	355	0	1762	246255
HS	354	0	1800	248055
HS	353	0	1859	249914
HS	352	0	1994	251908
HS	351	0	1968	253876
HS	350	0	1975	255851
HS	349	0	2097	257948
HS	348	0	2145	260093
HS	347	0	2251	262344
HS	346	0	2338	264682
HS	345	0	2461	267143
HS	344	0	2373	269516
HS	343	0	2517	272033
HS	342	0	2542	274575
HS	341	0	2676	277251
HS	340	0	2759	280010
HS	339	0	2862	282872
HS	338	0	2850	285722
HS	337	0	2951	288673
HS	336	0	3036	291709
HS	335	0	3155	294864
HS	334	0	3223	298087
HS	333	0	3275	301362
HS	332	0	3447	304809
HS	331	0	3503	308312
HS	330	0	3521	311833
HS	329	0	3658	315491
HS	328	0	3744	319235
HS	327	0	3936	323171
HS	326	0	3987	327158
HS	325	0	4097	331255
HS	324	0	4171	335426
HS	323	0	4237	339663
HS	322	0	4370	344033
HS	321	0	4510	348543
HS	320	0	4611	353154
HS	319	0	4874	358028
HS	318	0	4933	362961
HS	317	0	4948	367909
HS	316	0	5184	373093
HS	315	0	5284	378377
HS	314	0	5484	383861
HS	313	0	5565	389426
HS	312	0	5719	395145
HS	311	0	5986	401131
HS	310	0	6100	407231
HS	309	0	6232	413463
HS	308	0	6358	419821
HS	307	0	6519	426340
HS	306	0	6865	433205
HS	305	0	6858	440063
HS	304	0	7026	447089
HS	303	0	7378	454467
HS	302	0	7532	461999
HS	301	0	7694	469693
HS	300	0	8007	477700
HS	299	0	8131	485831
HS	298	0	8297	494128
HS	297	0	8594	502722
HS	296	0	8654	511376
HS	295	0	8999	520375
HS	294	0	9085	529460
HS	293	0	9254	538714
HS	292	0	9500	548214
HS	291	0	9772	557986
HS	290	0	10110	568096
HS	289	0	10006	578102
HS	288	0	10236	588338
HS	287	0	10585	598923
HS	286	0	10792	609715
HS	285	0	11243	620958
HS	284	0	11558	632516
HS	283	0	11873	644389
HS	282	0	11827	656216
HS	281	0	12459	668675
HS	280	0	12686	681361
HS	279	0	13057	694418
HS	278	0	13363	707781
HS	277	0	13536	721317
HS	276	0	13807	735124
HS	275	0	14016	749140
HS	274	0	14450	763590
HS	273	0	14862	778452
HS	272	0	15223	793675
HS	271	0	15381	809056
HS	270	0	15887	824943
HS	269	0	16005	840948
HS	268	0	16316	857264
HS	267	0	16747	874011
HS	266	0	17206	891217
HS	265	0	17441	908658
HS	264	0	17550	926208
HS	263	0	17768	943976
HS	262	0	18236	962212
HS	261	0	18568	980780
HS	260	0	18956	999736
HS	259	0	19480	1019216
HS	258	0	19627	1038843
HS	257	0	20065	1058908
HS	256	0	20274	1079182
HS	255	0	20861	1100043
HS	254	0	21273	1121316
HS	253	0	21993	1143309
HS	252	0	22171	1165480
HS	251	0	22724	1188204
HS	250	0	22906	1211110
HS	249	0	23703	1234813
HS	248	0	24196	1259009
HS	247	0	24499	1283508
HS	246	0	24925	1308433
HS	245	0	25108	1333541
HS	244	0	25203	1358744
HS	243	0	25579	1384323
HS	242	0	26301	1410624
HS	241	0	26521	1437145
HS	240	0	27036	1464181
HS	239	0	27424	1491605
HS	238	0	27915	1519520
HS	237	0	27953	1547473
HS	236	0	28400	1575873
HS	235	0	28955	1604828
HS	234	0	29274	1634102
HS	233	0	29892	1663994
HS	232	0	30158	1694152
HS	231	0	30457	1724609
HS	230	0	30870	1755479
HS	229	0	31233	1786712
HS	228	0	31926	1818638
HS	227	0	32204	1850842
HS	226	0	32418	1883260
HS	225	0	32657	1915917
HS	224	0	33593	1949510
HS	223	0	33717	1983227
HS	222	0	33720	2016947
HS	221	0	34110	2051057
HS	220	0	34434	2085491
HS	219	0	34904	2120395
HS	218	0	35387	2155782
HS	217	0	35511	2191293
HS	216	0	35967	2227260
HS	215	0	36355	2263615
HS	214	0	36301	2299916
HS	213	0	36725	2336641
HS	212	0	37124	2373765
HS	211	0	37140	2410905
HS	210	0	36970	2447875
HS	209	0	37679	2485554
HS	208	0	37834	2523388
HS	207	0	38252	2561640
HS	206	0	38336	2599976
HS	205	0	38666	2638642
HS	204	0	38628	2677270
HS	203	0	38767	2716037
HS	202	0	38807	2754844
HS	201	0	38771	2793615
HS	200	0	39084	2832699
HS	199	0	39401	2872100
HS	198	0	39248	2911348
HS	197	0	39540	2950888
HS	196	0	39364	2990252
HS	195	0	39260	3029512
HS	194	0	39564	3069076
HS	193	0	39544	3108620
HS	192	0	39473	3148093
HS	191	0	40465	3188558
HS	190	0	39733	3228291
HS	189	0	39412	3267703
HS	188	0	39840	3307543
HS	187	0	39619	3347162
HS	186	0	39523	3386685
HS	185	0	39667	3426352
HS	184	0	39438	3465790
HS	183	0	39510	3505300
HS	182	0	39200	3544500
HS	181	0	38632	3583132
HS	180	0	39082	3622214
HS	179	0	38661	3660875
HS	178	0	38559	3699434
HS	177	0	38064	3737498
HS	176	0	37963	3775461
HS	175	0	37592	3813053
HS	174	0	37522	3850575
HS	173	0	36798	3887373
HS	172	0	36793	3924166
HS	171	0	36029	3960195
HS	170	0	35728	3995923
HS	169	0	35031	4030954
HS	168	0	34872	4065826
HS	167	0	34061	4099887
HS	166	0	34039	4133926
HS	165	0	33255	4167181
HS	164	0	32937	4200118
HS	163	0	32325	4232443
HS	162	0	32042	4264485
HS	161	0	31647	4296132
HS	160	0	31155	4327287
HS	159	0	30653	4357940
HS	158	0	30110	4388050
HS	157	0	29504	4417554
HS	156	0	29323	4446877
HS	155	0	28423	4475300
HS	154	0	27716	4503016
HS	153	0	27197	4530213
HS	152	0	26394	4556607
HS	151	0	25597	4582204
HS	150	0	25651	4607855
HS	149	0	24773	4632628
HS	148	0	24296	4656924
HS	147	0	23587	4680511
HS	146	0	22956	4703467
HS	145	0	22589	4726056
HS	144	0	22023	4748079
HS	143	0	21112	4769191
HS	142	0	20480	4789671
HS	141	0	20126	4809797
HS	140	0	19400	4829197
HS	139	0	18824	4848021
HS	138	0	18259	4866280
HS	137	0	17854	4884134
HS	136	0	17291	4901425
HS	135	0	16780	4918205
HS	134	0	15916	4934121
HS	133	0	15268	4949389
HS	132	0	14754	4964143
HS	131	0	14221	4978364
HS	130	0	13730	4992094
HS	129	0	13086	5005180
HS	128	0	12660	5017840
HS	127	0	12331	5030171
HS	126	0	11612	5041783
HS	125	0	10981	5052764
HS	124	0	10472	5063236
HS	123	0	9941	5073177
HS	122	0	9289	5082466
HS	121	0	9193	5091659
HS	120	0	8458	5100117
HS	119	0	8163	5108280
HS	118	0	7922	5116202
HS	117	0	7548	5123750
HS	116	0	7160	5130910
HS	115	0	6810	5137720
HS	114	0	6403	5144123
HS	113	0	6035	5150158
HS	112	0	5717	5155875
HS	111	0	5193	5161068
HS	110	0	5029	5166097
HS	109	0	4828	5170925
HS	108	0	4552	5175477
HS	107	0	4212	5179689
HS	106	0	3839	5183528
HS	105	0	3560	5187088
HS	104	0	3612	5190700
HS	103	0	3329	5194029
HS	102	0	3100	5197129
HS	101	0	2943	5200072
HS	100	0	2769	5202841
HS	99	0	2485	5205326
HS	98	0	2496	5207822
HS	97	0	2307	5210129
HS	96	0	2250	5212379
HS	95	0	2016	5214395
HS	94	0	1851	5216246
HS	93	0	1761	5218007
HS	92	0	1638	5219645
HS	91	0	1509	5221154
HS	90	0	1442	5222596
HS	89	0	1313	5223909
HS	88	0	1281	5225190
HS	87	0	1209	5226399
HS	86	0	1028	5227427
HS	85	0	1022	5228449
HS	84	0	879	5229328
HS	83	0	778	5230106
HS	82	0	712	5230818
HS	81	0	696	5231514
HS	80	0	595	5232109
HS	79	0	563	5232672
HS	78	0	540	5233212
HS	77	0	539	5233751
HS	76	0	480	5234231
HS	75	0	495	5234726
HS	74	0	467	5235193
HS	73	0	405	5235598
HS	72	0	417	5236015
HS	71	0	345	5236360
HS	70	0	372	5236732
HS	69	0	385	5237117
HS	68	0	326	5237443
HS	67	0	302	5237745
HS	66	0	320	5238065
HS	65	0	268	5238333
HS	64	0	290	5238623
HS	63	0	279	5238902
HS	62	0	273	5239175
HS	61	0	238	5239413
HS	60	0	241	5239654
HS	59	0	227	5239881
HS	58	0	251	5240132
HS	57	0	210	5240342
HS	56	0	253	5240595
HS	55	0	257	5240852
HS	54	0	258	5241110
HS	53	0	272	5241382
HS	52	0	291	5241673
HS	51	0	271	5241944
HS	50	0	305	5242249
HS	49	0	286	5242535
HS	48	0	302	5242837
HS	47	0	335	5243172
HS	46	0	355	5243527
HS	45	0	384	5243911
HS	44	0	412	5244323
HS	43	0	442	5244765
HS	42	0	537	5245302
HS	41	0	634	5245936
HS	40	0	676	5246612
HS	39	0	692	5247304
HS	38	0	823	5248127
HS	37	0	853	5248980
HS	36	0	965	5249945
HS	35	0	1048	5250993
HS	34	0	1149	5252142
HS	33	0	1235	5253377
HS	32	0	1441	5254818
HS	31	0	1643	5256461
HS	30	0	1816	5258277
HS	29	0	1852	5260129
HS	28	0	2272	5262401
HS	27	0	2508	5264909
HS	26	0	3061	5267970
HS	25	0	3360	5271330
HS	24	0	4129	5275459
HS	23	0	4553	5280012
HS	22	0	4991	5285003
HS	21	0	6070	5291073
HS	20	0	7309	5298382
HS	19	0	8761	5307143
HS	18	0	10362	5317505
HS	17	0	12026	5329531
HS	16	0	14614	5344145
HS	15	0	18377	5362522
HS	14	0	22547	5385069
HS	13	0	28373	5413442
HS	12	0	36834	5450276
HS	11	0	46386	5496662
HS	10	0	61196	5557858
HS	9	0	82761	5640619
HS	8	0	118206	5758825
HS	7	0	171765	5930590
HS	6	0	284075	6214665
HS	5	0	510005	6724670
HS	4	0	1083357	7808027
HS	3	0	2775412	10583439
HS	2	0	10525448	21108887
HS	1	0	0	21108887
HS	0	0	0	21108887
