CC	CT  kmer_occurrence    short_read_kmer_count  raw_input_kmer_count  adjusted_input_kmer_count
CC	FR  fpr_lower_bound    fpr_upper_bound
CC	ER  total_input_kmers  adjusted_error_kmers
CC	CV  coverage
CC	QV  raw_quality_value  adjusted_quality_value
CC
SQ	JAUCFB010000007.1	389902	389872	389696	48.37
SQ	JAUCFB010000001.1	5364668	5364638	5363765	52.80
CT	1023	10169	72477	72477.000
CT	1022	10	9	9.000
CT	1021	23	38	38.000
CT	1020	11	12	12.000
CT	1019	14	26	26.000
CT	1018	11	17	17.000
CT	1017	20	46	46.000
CT	1016	17	23	23.000
CT	1015	20	32	32.000
CT	1014	12	17	17.000
CT	1013	16	22	22.000
CT	1012	15	33	33.000
CT	1011	13	23	23.000
CT	1010	21	40	40.000
CT	1009	16	31	31.000
CT	1008	16	34	34.000
CT	1007	17	50	50.000
CT	1006	18	41	41.000
CT	1005	13	39	39.000
CT	1004	18	31	31.000
CT	1003	17	28	28.000
CT	1002	18	45	45.000
CT	1001	13	16	16.000
CT	1000	20	34	34.000
CT	999	16	29	29.000
CT	998	23	38	38.000
CT	997	22	25	25.000
CT	996	26	34	34.000
CT	995	14	14	14.000
CT	994	23	43	43.000
CT	993	15	13	13.000
CT	992	15	17	17.000
CT	991	19	45	45.000
CT	990	18	39	39.000
CT	989	17	38	38.000
CT	988	19	32	32.000
CT	987	22	39	39.000
CT	986	21	25	25.000
CT	985	13	28	28.000
CT	984	15	19	19.000
CT	983	16	46	46.000
CT	982	26	39	39.000
CT	981	19	17	17.000
CT	980	17	53	53.000
CT	979	19	43	43.000
CT	978	16	33	33.000
CT	977	16	45	45.000
CT	976	13	24	24.000
CT	975	19	34	34.000
CT	974	16	28	28.000
CT	973	15	36	36.000
CT	972	14	25	25.000
CT	971	20	52	52.000
CT	970	14	18	18.000
CT	969	13	24	24.000
CT	968	15	24	24.000
CT	967	9	17	17.000
CT	966	22	61	61.000
CT	965	17	17	17.000
CT	964	13	26	26.000
CT	963	8	18	18.000
CT	962	7	9	9.000
CT	961	12	29	29.000
CT	960	10	22	22.000
CT	959	12	15	15.000
CT	958	20	44	44.000
CT	957	8	13	13.000
CT	956	9	13	13.000
CT	955	16	37	37.000
CT	954	14	30	30.000
CT	953	11	30	30.000
CT	952	13	19	19.000
CT	951	17	18	18.000
CT	950	15	46	46.000
CT	949	21	41	41.000
CT	948	15	27	27.000
CT	947	19	54	54.000
CT	946	11	27	27.000
CT	945	16	19	19.000
CT	944	24	33	33.000
CT	943	15	16	16.000
CT	942	13	9	9.000
CT	941	16	31	31.000
CT	940	25	54	54.000
CT	939	11	30	30.000
CT	938	12	18	18.000
CT	937	16	15	15.000
CT	936	19	30	30.000
CT	935	20	31	31.000
CT	934	17	34	34.000
CT	933	18	19	19.000
CT	932	12	25	25.000
CT	931	10	22	22.000
CT	930	12	28	28.000
CT	929	13	20	20.000
CT	928	29	46	46.000
CT	927	22	31	31.000
CT	926	15	27	27.000
CT	925	21	34	34.000
CT	924	20	37	37.000
CT	923	15	25	25.000
CT	922	23	39	39.000
CT	921	17	28	28.000
CT	920	30	42	42.000
CT	919	20	41	41.000
CT	918	14	32	32.000
CT	917	21	53	53.000
CT	916	20	45	45.000
CT	915	16	54	54.000
CT	914	18	28	28.000
CT	913	15	35	35.000
CT	912	13	22	22.000
CT	911	19	42	42.000
CT	910	13	41	41.000
CT	909	19	40	40.000
CT	908	16	32	32.000
CT	907	20	49	49.000
CT	906	19	47	47.000
CT	905	20	44	44.000
CT	904	20	34	34.000
CT	903	27	61	61.000
CT	902	13	15	15.000
CT	901	15	33	33.000
CT	900	23	55	55.000
CT	899	17	36	36.000
CT	898	21	24	24.000
CT	897	19	54	54.000
CT	896	21	45	45.000
CT	895	18	28	28.000
CT	894	34	58	58.000
CT	893	22	31	31.000
CT	892	11	34	34.000
CT	891	19	38	38.000
CT	890	17	43	43.000
CT	889	24	68	68.000
CT	888	13	32	32.000
CT	887	20	32	32.000
CT	886	23	51	51.000
CT	885	17	36	36.000
CT	884	20	51	51.000
CT	883	21	49	49.000
CT	882	15	29	29.000
CT	881	21	38	38.000
CT	880	21	53	53.000
CT	879	16	40	40.000
CT	878	13	29	29.000
CT	877	17	38	38.000
CT	876	25	60	60.000
CT	875	26	73	73.000
CT	874	23	60	60.000
CT	873	17	33	33.000
CT	872	27	81	81.000
CT	871	26	63	63.000
CT	870	27	75	75.000
CT	869	20	53	53.000
CT	868	19	52	52.000
CT	867	24	57	57.000
CT	866	26	44	44.000
CT	865	25	70	70.000
CT	864	20	61	61.000
CT	863	27	63	63.000
CT	862	12	33	33.000
CT	861	28	46	46.000
CT	860	19	46	46.000
CT	859	18	39	39.000
CT	858	17	51	51.000
CT	857	21	50	50.000
CT	856	30	67	67.000
CT	855	30	56	56.000
CT	854	26	76	76.000
CT	853	26	60	60.000
CT	852	13	24	24.000
CT	851	31	43	43.000
CT	850	31	54	54.000
CT	849	20	48	48.000
CT	848	31	61	61.000
CT	847	33	55	55.000
CT	846	36	81	81.000
CT	845	28	37	37.000
CT	844	32	72	72.000
CT	843	30	65	65.000
CT	842	34	58	58.000
CT	841	38	90	90.000
CT	840	23	62	62.000
CT	839	28	84	84.000
CT	838	33	64	64.000
CT	837	22	59	59.000
CT	836	29	76	76.000
CT	835	32	83	83.000
CT	834	30	68	68.000
CT	833	36	71	71.000
CT	832	23	59	59.000
CT	831	23	52	52.000
CT	830	32	60	60.000
CT	829	30	56	56.000
CT	828	32	90	90.000
CT	827	38	88	88.000
CT	826	28	68	68.000
CT	825	29	67	67.000
CT	824	32	50	50.000
CT	823	37	87	87.000
CT	822	35	57	57.000
CT	821	39	87	87.000
CT	820	33	59	59.000
CT	819	47	87	87.000
CT	818	29	65	65.000
CT	817	43	69	69.000
CT	816	31	32	32.000
CT	815	24	39	39.000
CT	814	31	42	42.000
CT	813	42	85	85.000
CT	812	25	50	50.000
CT	811	35	35	35.000
CT	810	47	88	88.000
CT	809	23	39	39.000
CT	808	37	47	47.000
CT	807	37	78	78.000
CT	806	36	48	48.000
CT	805	32	45	45.000
CT	804	34	36	36.000
CT	803	46	62	62.000
CT	802	36	49	49.000
CT	801	36	40	40.000
CT	800	42	46	46.000
CT	799	49	45	45.000
CT	798	34	39	39.000
CT	797	35	35	35.000
CT	796	36	41	41.000
CT	795	33	43	43.000
CT	794	27	31	31.000
CT	793	31	32	32.000
CT	792	38	80	80.000
CT	791	36	57	57.000
CT	790	33	43	43.000
CT	789	32	57	57.000
CT	788	55	76	76.000
CT	787	40	56	56.000
CT	786	52	60	60.000
CT	785	55	61	61.000
CT	784	48	56	56.000
CT	783	36	49	49.000
CT	782	55	58	58.000
CT	781	41	35	35.000
CT	780	42	41	41.000
CT	779	46	41	41.000
CT	778	48	67	67.000
CT	777	54	67	67.000
CT	776	52	61	61.000
CT	775	47	56	56.000
CT	774	66	91	91.000
CT	773	63	76	76.000
CT	772	72	79	79.000
CT	771	60	78	78.000
CT	770	70	88	88.000
CT	769	63	71	71.000
CT	768	56	63	63.000
CT	767	68	80	80.000
CT	766	58	76	76.000
CT	765	60	89	89.000
CT	764	69	58	58.000
CT	763	71	45	45.000
CT	762	77	63	63.000
CT	761	67	64	64.000
CT	760	55	41	41.000
CT	759	55	67	67.000
CT	758	61	39	39.000
CT	757	72	44	44.000
CT	756	69	70	70.000
CT	755	60	37	37.000
CT	754	65	59	59.000
CT	753	58	44	44.000
CT	752	64	37	37.000
CT	751	65	58	58.000
CT	750	81	70	70.000
CT	749	60	30	30.000
CT	748	60	61	61.000
CT	747	74	41	41.000
CT	746	72	66	66.000
CT	745	73	40	40.000
CT	744	89	85	85.000
CT	743	76	58	58.000
CT	742	74	44	44.000
CT	741	69	30	30.000
CT	740	66	53	53.000
CT	739	71	67	67.000
CT	738	84	61	61.000
CT	737	79	47	47.000
CT	736	85	46	46.000
CT	735	86	39	39.000
CT	734	77	60	60.000
CT	733	84	61	61.000
CT	732	74	69	69.000
CT	731	77	77	77.000
CT	730	91	63	63.000
CT	729	80	87	87.000
CT	728	82	61	61.000
CT	727	85	69	69.000
CT	726	67	57	57.000
CT	725	78	52	52.000
CT	724	90	95	95.000
CT	723	68	57	57.000
CT	722	81	60	60.000
CT	721	78	65	65.000
CT	720	98	64	64.000
CT	719	79	57	57.000
CT	718	80	66	66.000
CT	717	89	91	91.000
CT	716	84	45	45.000
CT	715	96	79	79.000
CT	714	65	27	27.000
CT	713	73	53	53.000
CT	712	73	36	36.000
CT	711	63	60	60.000
CT	710	80	64	64.000
CT	709	93	65	65.000
CT	708	67	75	75.000
CT	707	68	34	34.000
CT	706	71	62	62.000
CT	705	76	46	46.000
CT	704	69	45	45.000
CT	703	87	76	76.000
CT	702	101	82	82.000
CT	701	86	87	87.000
CT	700	89	68	68.000
CT	699	91	68	68.000
CT	698	80	70	70.000
CT	697	83	76	76.000
CT	696	87	98	98.000
CT	695	107	110	110.000
CT	694	88	71	71.000
CT	693	97	84	84.000
CT	692	78	94	94.000
CT	691	105	71	71.000
CT	690	87	50	50.000
CT	689	92	124	124.000
CT	688	115	88	88.000
CT	687	99	98	98.000
CT	686	108	63	63.000
CT	685	98	93	93.000
CT	684	109	84	84.000
CT	683	102	97	97.000
CT	682	104	93	93.000
CT	681	99	73	73.000
CT	680	86	91	91.000
CT	679	96	87	87.000
CT	678	122	70	70.000
CT	677	116	96	96.000
CT	676	110	99	99.000
CT	675	100	44	44.000
CT	674	109	48	48.000
CT	673	125	54	54.000
CT	672	115	53	53.000
CT	671	122	55	55.000
CT	670	125	78	78.000
CT	669	138	94	94.000
CT	668	121	67	67.000
CT	667	129	59	59.000
CT	666	116	58	58.000
CT	665	135	87	87.000
CT	664	131	76	76.000
CT	663	122	68	68.000
CT	662	159	123	123.000
CT	661	123	65	65.000
CT	660	135	92	92.000
CT	659	145	74	74.000
CT	658	139	82	82.000
CT	657	151	86	86.000
CT	656	132	92	92.000
CT	655	140	86	86.000
CT	654	129	98	98.000
CT	653	154	96	96.000
CT	652	133	94	94.000
CT	651	142	92	92.000
CT	650	171	110	110.000
CT	649	169	121	121.000
CT	648	146	80	80.000
CT	647	147	80	80.000
CT	646	178	124	124.000
CT	645	130	82	82.000
CT	644	159	102	102.000
CT	643	141	78	78.000
CT	642	160	96	96.000
CT	641	163	128	128.000
CT	640	157	88	88.000
CT	639	170	131	131.000
CT	638	166	101	101.000
CT	637	164	109	109.000
CT	636	175	99	99.000
CT	635	165	106	106.000
CT	634	168	113	113.000
CT	633	158	109	109.000
CT	632	187	121	121.000
CT	631	148	79	79.000
CT	630	183	108	108.000
CT	629	173	118	118.000
CT	628	165	102	102.000
CT	627	170	110	110.000
CT	626	151	52	52.000
CT	625	155	109	109.000
CT	624	175	104	104.000
CT	623	161	83	83.000
CT	622	180	123	123.000
CT	621	170	119	119.000
CT	620	184	144	144.000
CT	619	172	104	104.000
CT	618	187	116	116.000
CT	617	174	87	87.000
CT	616	188	135	135.000
CT	615	167	110	110.000
CT	614	168	112	112.000
CT	613	182	90	90.000
CT	612	197	120	120.000
CT	611	167	95	95.000
CT	610	190	107	107.000
CT	609	203	109	109.000
CT	608	179	98	98.000
CT	607	169	113	113.000
CT	606	204	95	95.000
CT	605	239	127	127.000
CT	604	213	97	97.000
CT	603	206	111	111.000
CT	602	212	126	126.000
CT	601	187	86	86.000
CT	600	210	138	138.000
CT	599	211	110	110.000
CT	598	183	97	97.000
CT	597	204	93	93.000
CT	596	181	111	111.000
CT	595	209	105	105.000
CT	594	181	90	90.000
CT	593	200	118	118.000
CT	592	174	88	88.000
CT	591	216	130	130.000
CT	590	197	95	95.000
CT	589	222	133	133.000
CT	588	228	110	110.000
CT	587	213	131	131.000
CT	586	205	99	99.000
CT	585	206	113	113.000
CT	584	235	97	97.000
CT	583	224	99	99.000
CT	582	188	111	111.000
CT	581	222	115	115.000
CT	580	220	115	115.000
CT	579	230	95	95.000
CT	578	223	121	121.000
CT	577	217	104	104.000
CT	576	221	116	116.000
CT	575	203	86	86.000
CT	574	241	128	128.000
CT	573	185	96	96.000
CT	572	221	134	134.000
CT	571	236	119	119.000
CT	570	230	129	129.000
CT	569	230	129	129.000
CT	568	240	154	154.000
CT	567	249	153	153.000
CT	566	231	155	155.000
CT	565	254	142	142.000
CT	564	248	148	148.000
CT	563	246	108	108.000
CT	562	225	99	99.000
CT	561	249	130	130.000
CT	560	276	148	148.000
CT	559	209	110	110.000
CT	558	249	146	146.000
CT	557	228	116	116.000
CT	556	251	153	153.000
CT	555	251	125	125.000
CT	554	257	140	140.000
CT	553	265	161	161.000
CT	552	228	103	103.000
CT	551	260	126	126.000
CT	550	291	177	177.000
CT	549	279	124	124.000
CT	548	265	152	152.000
CT	547	258	131	131.000
CT	546	298	145	145.000
CT	545	287	136	136.000
CT	544	266	147	147.000
CT	543	276	141	141.000
CT	542	283	171	171.000
CT	541	272	185	185.000
CT	540	264	168	168.000
CT	539	294	156	156.000
CT	538	300	186	186.000
CT	537	285	149	149.000
CT	536	308	164	164.000
CT	535	302	178	178.000
CT	534	341	190	190.000
CT	533	315	184	184.000
CT	532	332	191	191.000
CT	531	303	167	167.000
CT	530	312	155	155.000
CT	529	319	189	189.000
CT	528	359	161	161.000
CT	527	347	170	170.000
CT	526	319	180	180.000
CT	525	329	222	222.000
CT	524	356	191	191.000
CT	523	329	159	159.000
CT	522	292	159	159.000
CT	521	326	198	198.000
CT	520	348	179	179.000
CT	519	343	163	163.000
CT	518	337	189	189.000
CT	517	328	204	204.000
CT	516	361	194	194.000
CT	515	336	199	199.000
CT	514	350	220	220.000
CT	513	325	166	166.000
CT	512	345	157	157.000
CT	511	350	213	213.000
CT	510	353	176	176.000
CT	509	342	189	189.000
CT	508	364	226	226.000
CT	507	348	185	185.000
CT	506	324	166	166.000
CT	505	335	190	190.000
CT	504	321	179	179.000
CT	503	316	184	184.000
CT	502	363	192	192.000
CT	501	342	226	226.000
CT	500	339	170	170.000
CT	499	348	180	180.000
CT	498	337	179	179.000
CT	497	357	168	168.000
CT	496	348	187	187.000
CT	495	382	179	179.000
CT	494	358	185	185.000
CT	493	381	194	194.000
CT	492	366	192	192.000
CT	491	341	214	214.000
CT	490	395	207	207.000
CT	489	345	145	145.000
CT	488	356	201	201.000
CT	487	377	223	223.000
CT	486	348	190	190.000
CT	485	369	184	184.000
CT	484	385	226	226.000
CT	483	374	208	208.000
CT	482	381	215	215.000
CT	481	388	207	207.000
CT	480	367	221	221.000
CT	479	369	189	189.000
CT	478	383	235	235.000
CT	477	399	232	232.000
CT	476	399	252	252.000
CT	475	422	204	204.000
CT	474	462	228	228.000
CT	473	425	232	232.000
CT	472	470	240	240.000
CT	471	474	244	244.000
CT	470	475	258	258.000
CT	469	431	192	192.000
CT	468	493	206	206.000
CT	467	507	247	247.000
CT	466	469	240	240.000
CT	465	516	208	208.000
CT	464	504	225	225.000
CT	463	494	227	227.000
CT	462	472	274	274.000
CT	461	424	208	208.000
CT	460	432	226	226.000
CT	459	440	239	239.000
CT	458	442	254	254.000
CT	457	467	246	246.000
CT	456	439	217	217.000
CT	455	478	242	242.000
CT	454	518	238	238.000
CT	453	503	244	244.000
CT	452	524	276	276.000
CT	451	506	254	254.000
CT	450	499	231	231.000
CT	449	510	224	224.000
CT	448	522	306	306.000
CT	447	551	281	281.000
CT	446	533	291	291.000
CT	445	542	318	318.000
CT	444	537	262	262.000
CT	443	541	297	297.000
CT	442	571	356	356.000
CT	441	522	292	292.000
CT	440	558	337	337.000
CT	439	590	374	374.000
CT	438	556	356	356.000
CT	437	551	333	333.000
CT	436	578	346	346.000
CT	435	599	311	311.000
CT	434	576	349	349.000
CT	433	643	382	382.000
CT	432	595	337	337.000
CT	431	617	344	344.000
CT	430	692	380	380.000
CT	429	624	356	356.000
CT	428	657	391	391.000
CT	427	708	464	464.000
CT	426	663	405	405.000
CT	425	707	385	385.000
CT	424	665	389	389.000
CT	423	714	413	413.000
CT	422	685	392	392.000
CT	421	725	425	425.000
CT	420	681	438	438.000
CT	419	778	512	512.000
CT	418	722	424	424.000
CT	417	774	468	468.000
CT	416	794	505	505.000
CT	415	785	485	485.000
CT	414	789	550	550.000
CT	413	829	545	545.000
CT	412	766	511	511.000
CT	411	790	517	517.000
CT	410	868	556	556.000
CT	409	826	549	549.000
CT	408	802	534	534.000
CT	407	832	570	570.000
CT	406	825	561	561.000
CT	405	841	595	595.000
CT	404	886	588	588.000
CT	403	843	580	580.000
CT	402	929	630	630.000
CT	401	900	597	597.000
CT	400	893	655	655.000
CT	399	923	647	647.000
CT	398	965	634	634.000
CT	397	987	667	667.000
CT	396	998	667	667.000
CT	395	1015	733	733.000
CT	394	1031	729	729.000
CT	393	966	720	720.000
CT	392	986	691	691.000
CT	391	1033	767	767.000
CT	390	1050	746	746.000
CT	389	1010	744	744.000
CT	388	1056	791	791.000
CT	387	1073	798	798.000
CT	386	1112	860	860.000
CT	385	1101	817	817.000
CT	384	1129	866	866.000
CT	383	1204	951	951.000
CT	382	1211	932	932.000
CT	381	1247	1008	1008.000
CT	380	1332	1039	1039.000
CT	379	1275	1024	1024.000
CT	378	1343	1073	1073.000
CT	377	1344	1058	1058.000
CT	376	1389	1117	1117.000
CT	375	1456	1151	1151.000
CT	374	1510	1188	1188.000
CT	373	1489	1171	1171.000
CT	372	1551	1235	1235.000
CT	371	1542	1234	1234.000
CT	370	1596	1309	1309.000
CT	369	1650	1345	1345.000
CT	368	1697	1431	1431.000
CT	367	1766	1449	1449.000
CT	366	1850	1526	1526.000
CT	365	1838	1540	1540.000
CT	364	1860	1551	1551.000
CT	363	1975	1626	1626.000
CT	362	2068	1754	1754.000
CT	361	2095	1766	1766.000
CT	360	2086	1791	1791.000
CT	359	2215	1914	1914.000
CT	358	2232	1893	1893.000
CT	357	2206	1943	1943.000
CT	356	2334	2037	2037.000
CT	355	2363	2043	2043.000
CT	354	2305	2038	2038.000
CT	353	2395	2108	2108.000
CT	352	2512	2264	2264.000
CT	351	2526	2244	2244.000
CT	350	2584	2331	2331.000
CT	349	2575	2263	2263.000
CT	348	2671	2445	2445.000
CT	347	2662	2343	2343.000
CT	346	2778	2484	2484.000
CT	345	2959	2681	2681.000
CT	344	2937	2638	2638.000
CT	343	3006	2712	2712.000
CT	342	3055	2768	2768.000
CT	341	3190	2923	2923.000
CT	340	3369	3066	3066.000
CT	339	3397	3104	3104.000
CT	338	3443	3150	3150.000
CT	337	3468	3157	3157.000
CT	336	3561	3258	3258.000
CT	335	3689	3364	3364.000
CT	334	3742	3367	3367.000
CT	333	3780	3472	3472.000
CT	332	3837	3578	3578.000
CT	331	3965	3631	3631.000
CT	330	4026	3729	3729.000
CT	329	3959	3670	3670.000
CT	328	4186	3854	3854.000
CT	327	4331	4019	4019.000
CT	326	4396	4104	4104.000
CT	325	4367	4074	4074.000
CT	324	4580	4284	4284.000
CT	323	4614	4345	4345.000
CT	322	4879	4629	4629.000
CT	321	4862	4624	4624.000
CT	320	5109	4827	4827.000
CT	319	5093	4810	4810.000
CT	318	5104	4872	4872.000
CT	317	5351	5073	5073.000
CT	316	5547	5255	5255.000
CT	315	5601	5364	5364.000
CT	314	5813	5554	5554.000
CT	313	5726	5486	5486.000
CT	312	5903	5659	5659.000
CT	311	6134	5917	5917.000
CT	310	6349	6128	6128.000
CT	309	6611	6373	6373.000
CT	308	6539	6275	6275.000
CT	307	6688	6412	6412.000
CT	306	6922	6604	6604.000
CT	305	6929	6679	6679.000
CT	304	7103	6810	6810.000
CT	303	7318	7025	7025.000
CT	302	7650	7365	7365.000
CT	301	7781	7499	7499.000
CT	300	7872	7580	7580.000
CT	299	8051	7815	7815.000
CT	298	8221	7965	7965.000
CT	297	8449	8192	8192.000
CT	296	8809	8532	8532.000
CT	295	8687	8443	8443.000
CT	294	8926	8696	8696.000
CT	293	9105	8854	8854.000
CT	292	9269	9034	9034.000
CT	291	9270	9062	9062.000
CT	290	9406	9216	9216.000
CT	289	9784	9574	9574.000
CT	288	10041	9811	9811.000
CT	287	10094	9868	9868.000
CT	286	10189	9937	9937.000
CT	285	10412	10172	10172.000
CT	284	10626	10376	10376.000
CT	283	10761	10516	10516.000
CT	282	10935	10699	10699.000
CT	281	11291	11030	11030.000
CT	280	11334	11109	11109.000
CT	279	11523	11306	11306.000
CT	278	11625	11414	11414.000
CT	277	11907	11675	11675.000
CT	276	12102	11891	11891.000
CT	275	12242	12029	12029.000
CT	274	12510	12300	12300.000
CT	273	12975	12744	12744.000
CT	272	13193	12995	12995.000
CT	271	13384	13121	13121.000
CT	270	13671	13422	13422.000
CT	269	13853	13570	13570.000
CT	268	14190	13950	13950.000
CT	267	14394	14157	14157.000
CT	266	14678	14439	14439.000
CT	265	14770	14547	14547.000
CT	264	15126	14877	14877.000
CT	263	14981	14733	14733.000
CT	262	15356	15127	15127.000
CT	261	15838	15575	15575.000
CT	260	15780	15617	15617.000
CT	259	15932	15706	15706.000
CT	258	16349	16110	16110.000
CT	257	16417	16191	16191.000
CT	256	16976	16728	16728.000
CT	255	17319	17102	17102.000
CT	254	17447	17183	17183.000
CT	253	17840	17602	17602.000
CT	252	17795	17578	17578.000
CT	251	18346	18152	18152.000
CT	250	18386	18158	18158.000
CT	249	18721	18481	18481.000
CT	248	18888	18633	18633.000
CT	247	19243	18993	18993.000
CT	246	19404	19112	19112.000
CT	245	19862	19586	19586.000
CT	244	19962	19705	19705.000
CT	243	20073	19793	19793.000
CT	242	20814	20578	20578.000
CT	241	20941	20666	20666.000
CT	240	21039	20795	20795.000
CT	239	21521	21275	21275.000
CT	238	21831	21623	21623.000
CT	237	21917	21714	21714.000
CT	236	22053	21823	21823.000
CT	235	22298	22050	22050.000
CT	234	22484	22264	22264.000
CT	233	22802	22537	22537.000
CT	232	22895	22658	22658.000
CT	231	23169	22898	22898.000
CT	230	23451	23240	23240.000
CT	229	23593	23304	23304.000
CT	228	23794	23548	23548.000
CT	227	23667	23387	23387.000
CT	226	23988	23734	23734.000
CT	225	24394	24133	24133.000
CT	224	24272	24028	24028.000
CT	223	24768	24521	24521.000
CT	222	24929	24690	24690.000
CT	221	25263	24987	24987.000
CT	220	25384	25111	25111.000
CT	219	25407	25144	25144.000
CT	218	25729	25497	25497.000
CT	217	26004	25735	25735.000
CT	216	25982	25716	25716.000
CT	215	25817	25519	25519.000
CT	214	25969	25730	25730.000
CT	213	26285	26055	26055.000
CT	212	26513	26246	26246.000
CT	211	26200	25951	25951.000
CT	210	26623	26400	26400.000
CT	209	26637	26427	26427.000
CT	208	26911	26671	26671.000
CT	207	26628	26414	26414.000
CT	206	27420	27194	27194.000
CT	205	27722	27477	27477.000
CT	204	27216	27002	27002.000
CT	203	27433	27217	27217.000
CT	202	27520	27283	27283.000
CT	201	27307	27067	27067.000
CT	200	27399	27203	27203.000
CT	199	27057	26815	26815.000
CT	198	27392	27190	27190.000
CT	197	27712	27484	27484.000
CT	196	27623	27417	27417.000
CT	195	27528	27313	27313.000
CT	194	27912	27684	27684.000
CT	193	27857	27680	27680.000
CT	192	27879	27611	27611.000
CT	191	28169	27945	27945.000
CT	190	27598	27358	27358.000
CT	189	27659	27407	27407.000
CT	188	27738	27494	27494.000
CT	187	27868	27628	27628.000
CT	186	27720	27486	27486.000
CT	185	27617	27380	27380.000
CT	184	27485	27254	27254.000
CT	183	27411	27156	27156.000
CT	182	27762	27528	27528.000
CT	181	27514	27251	27251.000
CT	180	27415	27161	27161.000
CT	179	27541	27285	27285.000
CT	178	27780	27496	27496.000
CT	177	27502	27279	27279.000
CT	176	27253	27028	27028.000
CT	175	27551	27310	27310.000
CT	174	27493	27266	27266.000
CT	173	27084	26888	26888.000
CT	172	27321	27087	27087.000
CT	171	27204	26982	26982.000
CT	170	27506	27274	27274.000
CT	169	27338	27128	27128.000
CT	168	27489	27222	27222.000
CT	167	27108	26845	26845.000
CT	166	27031	26792	26792.000
CT	165	26847	26554	26554.000
CT	164	27056	26803	26803.000
CT	163	26540	26315	26315.000
CT	162	26539	26304	26304.000
CT	161	26689	26419	26419.000
CT	160	26716	26438	26438.000
CT	159	26286	26017	26017.000
CT	158	26578	26356	26356.000
CT	157	26214	25954	25954.000
CT	156	25975	25731	25731.000
CT	155	25835	25602	25602.000
CT	154	25670	25430	25430.000
CT	153	25846	25550	25550.000
CT	152	25265	25007	25007.000
CT	151	25135	24855	24855.000
CT	150	24800	24544	24544.000
CT	149	25035	24782	24782.000
CT	148	24618	24399	24399.000
CT	147	24327	24071	24071.000
CT	146	24584	24304	24304.000
CT	145	24446	24158	24158.000
CT	144	24591	24317	24317.000
CT	143	24394	24094	24094.000
CT	142	24451	24148	24148.000
CT	141	23908	23630	23630.000
CT	140	23897	23569	23569.000
CT	139	23472	23132	23132.000
CT	138	23289	22981	22981.000
CT	137	23217	22926	22926.000
CT	136	22822	22498	22498.000
CT	135	22963	22664	22664.000
CT	134	23030	22720	22720.000
CT	133	23087	22803	22803.000
CT	132	22929	22635	22635.000
CT	131	22500	22197	22197.000
CT	130	22591	22287	22287.000
CT	129	22516	22180	22180.000
CT	128	22498	22232	22232.000
CT	127	22329	22019	22019.000
CT	126	22295	22032	22032.000
CT	125	22108	21828	21828.000
CT	124	21765	21491	21491.000
CT	123	21823	21538	21538.000
CT	122	21037	20782	20782.000
CT	121	20983	20740	20740.000
CT	120	20693	20439	20439.000
CT	119	20717	20492	20492.000
CT	118	20498	20311	20311.000
CT	117	20353	20140	20140.000
CT	116	20816	20600	20600.000
CT	115	20453	20185	20185.000
CT	114	20359	20070	20070.000
CT	113	20178	19909	19909.000
CT	112	19784	19502	19502.000
CT	111	20008	19731	19731.000
CT	110	19575	19334	19334.000
CT	109	19522	19274	19274.000
CT	108	19450	19180	19180.000
CT	107	19141	18888	18888.000
CT	106	19162	18908	18908.000
CT	105	19324	19057	19057.000
CT	104	19261	18990	18990.000
CT	103	19188	18917	18917.000
CT	102	19428	19131	19131.000
CT	101	18703	18433	18433.000
CT	100	18864	18631	18631.000
CT	99	18869	18633	18633.000
CT	98	18597	18314	18314.000
CT	97	18347	18096	18096.000
CT	96	18205	17967	17967.000
CT	95	18072	17832	17832.000
CT	94	17387	17136	17136.000
CT	93	17313	16999	16999.000
CT	92	17432	17124	17124.000
CT	91	17577	17243	17243.000
CT	90	17182	16837	16837.000
CT	89	17116	16737	16737.000
CT	88	16948	16600	16600.000
CT	87	16957	16654	16654.000
CT	86	17083	16800	16800.000
CT	85	16685	16331	16331.000
CT	84	16289	15965	15965.000
CT	83	16078	15721	15721.000
CT	82	15827	15451	15451.000
CT	81	15567	15216	15216.000
CT	80	15874	15601	15601.000
CT	79	15773	15461	15461.000
CT	78	15663	15388	15388.000
CT	77	15569	15290	15290.000
CT	76	15653	15348	15348.000
CT	75	15816	15499	15499.000
CT	74	15841	15501	15501.000
CT	73	15492	15211	15211.000
CT	72	15655	15320	15320.000
CT	71	15873	15591	15591.000
CT	70	15677	15380	15380.000
CT	69	15860	15576	15576.000
CT	68	15704	15428	15428.000
CT	67	15562	15226	15226.000
CT	66	15431	15161	15161.000
CT	65	15092	14798	14798.000
CT	64	15026	14717	14717.000
CT	63	14829	14479	14479.000
CT	62	14349	13995	13995.000
CT	61	14316	13971	13971.000
CT	60	14076	13747	13747.000
CT	59	14292	13947	13947.000
CT	58	14214	13865	13865.000
CT	57	14177	13834	13834.000
CT	56	14241	13881	13881.000
CT	55	13918	13589	13589.000
CT	54	13940	13555	13555.000
CT	53	13742	13292	13292.000
CT	52	13477	13045	13045.000
CT	51	13399	13004	13004.000
CT	50	13236	12825	12825.000
CT	49	13208	12778	12778.000
CT	48	13051	12614	12614.000
CT	47	12540	12119	12119.000
CT	46	12827	12288	12288.000
CT	45	12664	12167	12167.000
CT	44	12690	11998	11998.000
CT	43	12943	12258	12258.000
CT	42	12596	11851	11851.000
CT	41	12474	11661	11661.000
CT	40	12280	11471	11471.000
CT	39	12116	11260	11260.000
CT	38	11835	10859	10859.000
CT	37	11800	10754	10754.000
CT	36	11772	10582	10582.000
CT	35	11570	10199	10199.000
CT	34	11390	9953	9953.000
CT	33	11128	9622	9622.000
CT	32	11384	9581	9580.999
CT	31	11222	9130	9129.999
CT	30	11046	8756	8755.999
CT	29	11245	8577	8576.999
CT	28	11574	8441	8440.999
CT	27	11354	7973	7972.999
CT	26	11475	7535	7534.999
CT	25	11461	6917	6916.998
CT	24	11373	6386	6385.998
CT	23	11931	6006	6005.998
CT	22	12673	5651	5650.998
CT	21	13819	5306	5305.997
CT	20	14753	4812	4811.997
CT	19	15252	4236	4235.996
CT	18	17052	3593	3592.995
CT	17	19982	3184	3183.994
CT	16	22840	2633	2632.993
CT	15	26997	2380	2379.992
CT	14	32476	2153	2152.990
CT	13	38642	1622	1621.987
CT	12	47031	1523	1522.985
CT	11	58931	1100	1099.980
CT	10	76666	982	981.974
CT	9	103591	721	720.965
CT	8	143652	456	455.951
CT	7	205714	277	276.930
CT	6	320477	153	152.891
CT	5	545492	129	128.815
CT	4	1092800	30	29.629
CT	3	2781719	33	32.056
CT	2	10314548	7	3.500
CT	1	0	0	0.359
CT	0	0	1049	0.028
FR	0	6.84e-07
ER	5754510	1054.018
CV	0.992
QV	52.306	52.285
