HS	1023	0	10169	10169
HS	1022	0	10	10179
HS	1021	0	23	10202
HS	1020	0	11	10213
HS	1019	0	14	10227
HS	1018	0	11	10238
HS	1017	0	20	10258
HS	1016	0	17	10275
HS	1015	0	20	10295
HS	1014	0	12	10307
HS	1013	0	16	10323
HS	1012	0	15	10338
HS	1011	0	13	10351
HS	1010	0	21	10372
HS	1009	0	16	10388
HS	1008	0	16	10404
HS	1007	0	17	10421
HS	1006	0	18	10439
HS	1005	0	13	10452
HS	1004	0	18	10470
HS	1003	0	17	10487
HS	1002	0	18	10505
HS	1001	0	13	10518
HS	1000	0	20	10538
HS	999	0	16	10554
HS	998	0	23	10577
HS	997	0	22	10599
HS	996	0	26	10625
HS	995	0	14	10639
HS	994	0	23	10662
HS	993	0	15	10677
HS	992	0	15	10692
HS	991	0	19	10711
HS	990	0	18	10729
HS	989	0	17	10746
HS	988	0	19	10765
HS	987	0	22	10787
HS	986	0	21	10808
HS	985	0	13	10821
HS	984	0	15	10836
HS	983	0	16	10852
HS	982	0	26	10878
HS	981	0	19	10897
HS	980	0	17	10914
HS	979	0	19	10933
HS	978	0	16	10949
HS	977	0	16	10965
HS	976	0	13	10978
HS	975	0	19	10997
HS	974	0	16	11013
HS	973	0	15	11028
HS	972	0	14	11042
HS	971	0	20	11062
HS	970	0	14	11076
HS	969	0	13	11089
HS	968	0	15	11104
HS	967	0	9	11113
HS	966	0	22	11135
HS	965	0	17	11152
HS	964	0	13	11165
HS	963	0	8	11173
HS	962	0	7	11180
HS	961	0	12	11192
HS	960	0	10	11202
HS	959	0	12	11214
HS	958	0	20	11234
HS	957	0	8	11242
HS	956	0	9	11251
HS	955	0	16	11267
HS	954	0	14	11281
HS	953	0	11	11292
HS	952	0	13	11305
HS	951	0	17	11322
HS	950	0	15	11337
HS	949	0	21	11358
HS	948	0	15	11373
HS	947	0	19	11392
HS	946	0	11	11403
HS	945	0	16	11419
HS	944	0	24	11443
HS	943	0	15	11458
HS	942	0	13	11471
HS	941	0	16	11487
HS	940	0	25	11512
HS	939	0	11	11523
HS	938	0	12	11535
HS	937	0	16	11551
HS	936	0	19	11570
HS	935	0	20	11590
HS	934	0	17	11607
HS	933	0	18	11625
HS	932	0	12	11637
HS	931	0	10	11647
HS	930	0	12	11659
HS	929	0	13	11672
HS	928	0	29	11701
HS	927	0	22	11723
HS	926	0	15	11738
HS	925	0	21	11759
HS	924	0	20	11779
HS	923	0	15	11794
HS	922	0	23	11817
HS	921	0	17	11834
HS	920	0	30	11864
HS	919	0	20	11884
HS	918	0	14	11898
HS	917	0	21	11919
HS	916	0	20	11939
HS	915	0	16	11955
HS	914	0	18	11973
HS	913	0	15	11988
HS	912	0	13	12001
HS	911	0	19	12020
HS	910	0	13	12033
HS	909	0	19	12052
HS	908	0	16	12068
HS	907	0	20	12088
HS	906	0	19	12107
HS	905	0	20	12127
HS	904	0	20	12147
HS	903	0	27	12174
HS	902	0	13	12187
HS	901	0	15	12202
HS	900	0	23	12225
HS	899	0	17	12242
HS	898	0	21	12263
HS	897	0	19	12282
HS	896	0	21	12303
HS	895	0	18	12321
HS	894	0	34	12355
HS	893	0	22	12377
HS	892	0	11	12388
HS	891	0	19	12407
HS	890	0	17	12424
HS	889	0	24	12448
HS	888	0	13	12461
HS	887	0	20	12481
HS	886	0	23	12504
HS	885	0	17	12521
HS	884	0	20	12541
HS	883	0	21	12562
HS	882	0	15	12577
HS	881	0	21	12598
HS	880	0	21	12619
HS	879	0	16	12635
HS	878	0	13	12648
HS	877	0	17	12665
HS	876	0	25	12690
HS	875	0	26	12716
HS	874	0	23	12739
HS	873	0	17	12756
HS	872	0	27	12783
HS	871	0	26	12809
HS	870	0	27	12836
HS	869	0	20	12856
HS	868	0	19	12875
HS	867	0	24	12899
HS	866	0	26	12925
HS	865	0	25	12950
HS	864	0	20	12970
HS	863	0	27	12997
HS	862	0	12	13009
HS	861	0	28	13037
HS	860	0	19	13056
HS	859	0	18	13074
HS	858	0	17	13091
HS	857	0	21	13112
HS	856	0	30	13142
HS	855	0	30	13172
HS	854	0	26	13198
HS	853	0	26	13224
HS	852	0	13	13237
HS	851	0	31	13268
HS	850	0	31	13299
HS	849	0	20	13319
HS	848	0	31	13350
HS	847	0	33	13383
HS	846	0	36	13419
HS	845	0	28	13447
HS	844	0	32	13479
HS	843	0	30	13509
HS	842	0	34	13543
HS	841	0	38	13581
HS	840	0	23	13604
HS	839	0	28	13632
HS	838	0	33	13665
HS	837	0	22	13687
HS	836	0	29	13716
HS	835	0	32	13748
HS	834	0	30	13778
HS	833	0	36	13814
HS	832	0	23	13837
HS	831	0	23	13860
HS	830	0	32	13892
HS	829	0	30	13922
HS	828	0	32	13954
HS	827	0	38	13992
HS	826	0	28	14020
HS	825	0	29	14049
HS	824	0	32	14081
HS	823	0	37	14118
HS	822	0	35	14153
HS	821	0	39	14192
HS	820	0	33	14225
HS	819	0	47	14272
HS	818	0	29	14301
HS	817	0	43	14344
HS	816	0	31	14375
HS	815	0	24	14399
HS	814	0	31	14430
HS	813	0	42	14472
HS	812	0	25	14497
HS	811	0	35	14532
HS	810	0	47	14579
HS	809	0	23	14602
HS	808	0	37	14639
HS	807	0	37	14676
HS	806	0	36	14712
HS	805	0	32	14744
HS	804	0	34	14778
HS	803	0	46	14824
HS	802	0	36	14860
HS	801	0	36	14896
HS	800	0	42	14938
HS	799	0	49	14987
HS	798	0	34	15021
HS	797	0	35	15056
HS	796	0	36	15092
HS	795	0	33	15125
HS	794	0	27	15152
HS	793	0	31	15183
HS	792	0	38	15221
HS	791	0	36	15257
HS	790	0	33	15290
HS	789	0	32	15322
HS	788	0	55	15377
HS	787	0	40	15417
HS	786	0	52	15469
HS	785	0	55	15524
HS	784	0	48	15572
HS	783	0	36	15608
HS	782	0	55	15663
HS	781	0	41	15704
HS	780	0	42	15746
HS	779	0	46	15792
HS	778	0	48	15840
HS	777	0	54	15894
HS	776	0	52	15946
HS	775	0	47	15993
HS	774	0	66	16059
HS	773	0	63	16122
HS	772	0	72	16194
HS	771	0	60	16254
HS	770	0	70	16324
HS	769	0	63	16387
HS	768	0	56	16443
HS	767	0	68	16511
HS	766	0	58	16569
HS	765	0	60	16629
HS	764	0	69	16698
HS	763	0	71	16769
HS	762	0	77	16846
HS	761	0	67	16913
HS	760	0	55	16968
HS	759	0	55	17023
HS	758	0	61	17084
HS	757	0	72	17156
HS	756	0	69	17225
HS	755	0	60	17285
HS	754	0	65	17350
HS	753	0	58	17408
HS	752	0	64	17472
HS	751	0	65	17537
HS	750	0	81	17618
HS	749	0	60	17678
HS	748	0	60	17738
HS	747	0	74	17812
HS	746	0	72	17884
HS	745	0	73	17957
HS	744	0	89	18046
HS	743	0	76	18122
HS	742	0	74	18196
HS	741	0	69	18265
HS	740	0	66	18331
HS	739	0	71	18402
HS	738	0	84	18486
HS	737	0	79	18565
HS	736	0	85	18650
HS	735	0	86	18736
HS	734	0	77	18813
HS	733	0	84	18897
HS	732	0	74	18971
HS	731	0	77	19048
HS	730	0	91	19139
HS	729	0	80	19219
HS	728	0	82	19301
HS	727	0	85	19386
HS	726	0	67	19453
HS	725	0	78	19531
HS	724	0	90	19621
HS	723	0	68	19689
HS	722	0	81	19770
HS	721	0	78	19848
HS	720	0	98	19946
HS	719	0	79	20025
HS	718	0	80	20105
HS	717	0	89	20194
HS	716	0	84	20278
HS	715	0	96	20374
HS	714	0	65	20439
HS	713	0	73	20512
HS	712	0	73	20585
HS	711	0	63	20648
HS	710	0	80	20728
HS	709	0	93	20821
HS	708	0	67	20888
HS	707	0	68	20956
HS	706	0	71	21027
HS	705	0	76	21103
HS	704	0	69	21172
HS	703	0	87	21259
HS	702	0	101	21360
HS	701	0	86	21446
HS	700	0	89	21535
HS	699	0	91	21626
HS	698	0	80	21706
HS	697	0	83	21789
HS	696	0	87	21876
HS	695	0	107	21983
HS	694	0	88	22071
HS	693	0	97	22168
HS	692	0	78	22246
HS	691	0	105	22351
HS	690	0	87	22438
HS	689	0	92	22530
HS	688	0	115	22645
HS	687	0	99	22744
HS	686	0	108	22852
HS	685	0	98	22950
HS	684	0	109	23059
HS	683	0	102	23161
HS	682	0	104	23265
HS	681	0	99	23364
HS	680	0	86	23450
HS	679	0	96	23546
HS	678	0	122	23668
HS	677	0	116	23784
HS	676	0	110	23894
HS	675	0	100	23994
HS	674	0	109	24103
HS	673	0	125	24228
HS	672	0	115	24343
HS	671	0	122	24465
HS	670	0	125	24590
HS	669	0	138	24728
HS	668	0	121	24849
HS	667	0	129	24978
HS	666	0	116	25094
HS	665	0	135	25229
HS	664	0	131	25360
HS	663	0	122	25482
HS	662	0	159	25641
HS	661	0	123	25764
HS	660	0	135	25899
HS	659	0	145	26044
HS	658	0	139	26183
HS	657	0	151	26334
HS	656	0	132	26466
HS	655	0	140	26606
HS	654	0	129	26735
HS	653	0	154	26889
HS	652	0	133	27022
HS	651	0	142	27164
HS	650	0	171	27335
HS	649	0	169	27504
HS	648	0	146	27650
HS	647	0	147	27797
HS	646	0	178	27975
HS	645	0	130	28105
HS	644	0	159	28264
HS	643	0	141	28405
HS	642	0	160	28565
HS	641	0	163	28728
HS	640	0	157	28885
HS	639	0	170	29055
HS	638	0	166	29221
HS	637	0	164	29385
HS	636	0	175	29560
HS	635	0	165	29725
HS	634	0	168	29893
HS	633	0	158	30051
HS	632	0	187	30238
HS	631	0	148	30386
HS	630	0	183	30569
HS	629	0	173	30742
HS	628	0	165	30907
HS	627	0	170	31077
HS	626	0	151	31228
HS	625	0	155	31383
HS	624	0	175	31558
HS	623	0	161	31719
HS	622	0	180	31899
HS	621	0	170	32069
HS	620	0	184	32253
HS	619	0	172	32425
HS	618	0	187	32612
HS	617	0	174	32786
HS	616	0	188	32974
HS	615	0	167	33141
HS	614	0	168	33309
HS	613	0	182	33491
HS	612	0	197	33688
HS	611	0	167	33855
HS	610	0	190	34045
HS	609	0	203	34248
HS	608	0	179	34427
HS	607	0	169	34596
HS	606	0	204	34800
HS	605	0	239	35039
HS	604	0	213	35252
HS	603	0	206	35458
HS	602	0	212	35670
HS	601	0	187	35857
HS	600	0	210	36067
HS	599	0	211	36278
HS	598	0	183	36461
HS	597	0	204	36665
HS	596	0	181	36846
HS	595	0	209	37055
HS	594	0	181	37236
HS	593	0	200	37436
HS	592	0	174	37610
HS	591	0	216	37826
HS	590	0	197	38023
HS	589	0	222	38245
HS	588	0	228	38473
HS	587	0	213	38686
HS	586	0	205	38891
HS	585	0	206	39097
HS	584	0	235	39332
HS	583	0	224	39556
HS	582	0	188	39744
HS	581	0	222	39966
HS	580	0	220	40186
HS	579	0	230	40416
HS	578	0	223	40639
HS	577	0	217	40856
HS	576	0	221	41077
HS	575	0	203	41280
HS	574	0	241	41521
HS	573	0	185	41706
HS	572	0	221	41927
HS	571	0	236	42163
HS	570	0	230	42393
HS	569	0	230	42623
HS	568	0	240	42863
HS	567	0	249	43112
HS	566	0	231	43343
HS	565	0	254	43597
HS	564	0	248	43845
HS	563	0	246	44091
HS	562	0	225	44316
HS	561	0	249	44565
HS	560	0	276	44841
HS	559	0	209	45050
HS	558	0	249	45299
HS	557	0	228	45527
HS	556	0	251	45778
HS	555	0	251	46029
HS	554	0	257	46286
HS	553	0	265	46551
HS	552	0	228	46779
HS	551	0	260	47039
HS	550	0	291	47330
HS	549	0	279	47609
HS	548	0	265	47874
HS	547	0	258	48132
HS	546	0	298	48430
HS	545	0	287	48717
HS	544	0	266	48983
HS	543	0	276	49259
HS	542	0	283	49542
HS	541	0	272	49814
HS	540	0	264	50078
HS	539	0	294	50372
HS	538	0	300	50672
HS	537	0	285	50957
HS	536	0	308	51265
HS	535	0	302	51567
HS	534	0	341	51908
HS	533	0	315	52223
HS	532	0	332	52555
HS	531	0	303	52858
HS	530	0	312	53170
HS	529	0	319	53489
HS	528	0	359	53848
HS	527	0	347	54195
HS	526	0	319	54514
HS	525	0	329	54843
HS	524	0	356	55199
HS	523	0	329	55528
HS	522	0	292	55820
HS	521	0	326	56146
HS	520	0	348	56494
HS	519	0	343	56837
HS	518	0	337	57174
HS	517	0	328	57502
HS	516	0	361	57863
HS	515	0	336	58199
HS	514	0	350	58549
HS	513	0	325	58874
HS	512	0	345	59219
HS	511	0	350	59569
HS	510	0	353	59922
HS	509	0	342	60264
HS	508	0	364	60628
HS	507	0	348	60976
HS	506	0	324	61300
HS	505	0	335	61635
HS	504	0	321	61956
HS	503	0	316	62272
HS	502	0	363	62635
HS	501	0	342	62977
HS	500	0	339	63316
HS	499	0	348	63664
HS	498	0	337	64001
HS	497	0	357	64358
HS	496	0	348	64706
HS	495	0	382	65088
HS	494	0	358	65446
HS	493	0	381	65827
HS	492	0	366	66193
HS	491	0	341	66534
HS	490	0	395	66929
HS	489	0	345	67274
HS	488	0	356	67630
HS	487	0	377	68007
HS	486	0	348	68355
HS	485	0	369	68724
HS	484	0	385	69109
HS	483	0	374	69483
HS	482	0	381	69864
HS	481	0	388	70252
HS	480	0	367	70619
HS	479	0	369	70988
HS	478	0	383	71371
HS	477	0	399	71770
HS	476	0	399	72169
HS	475	0	422	72591
HS	474	0	462	73053
HS	473	0	425	73478
HS	472	0	470	73948
HS	471	0	474	74422
HS	470	0	475	74897
HS	469	0	431	75328
HS	468	0	493	75821
HS	467	0	507	76328
HS	466	0	469	76797
HS	465	0	516	77313
HS	464	0	504	77817
HS	463	0	494	78311
HS	462	0	472	78783
HS	461	0	424	79207
HS	460	0	432	79639
HS	459	0	440	80079
HS	458	0	442	80521
HS	457	0	467	80988
HS	456	0	439	81427
HS	455	0	478	81905
HS	454	0	518	82423
HS	453	0	503	82926
HS	452	0	524	83450
HS	451	0	506	83956
HS	450	0	499	84455
HS	449	0	510	84965
HS	448	0	522	85487
HS	447	0	551	86038
HS	446	0	533	86571
HS	445	0	542	87113
HS	444	0	537	87650
HS	443	0	541	88191
HS	442	0	571	88762
HS	441	0	522	89284
HS	440	0	558	89842
HS	439	0	590	90432
HS	438	0	556	90988
HS	437	0	551	91539
HS	436	0	578	92117
HS	435	0	599	92716
HS	434	0	576	93292
HS	433	0	643	93935
HS	432	0	595	94530
HS	431	0	617	95147
HS	430	0	692	95839
HS	429	0	624	96463
HS	428	0	657	97120
HS	427	0	708	97828
HS	426	0	663	98491
HS	425	0	707	99198
HS	424	0	665	99863
HS	423	0	714	100577
HS	422	0	685	101262
HS	421	0	725	101987
HS	420	0	681	102668
HS	419	0	778	103446
HS	418	0	722	104168
HS	417	0	774	104942
HS	416	0	794	105736
HS	415	0	785	106521
HS	414	0	789	107310
HS	413	0	829	108139
HS	412	0	766	108905
HS	411	0	790	109695
HS	410	0	868	110563
HS	409	0	826	111389
HS	408	0	802	112191
HS	407	0	832	113023
HS	406	0	825	113848
HS	405	0	841	114689
HS	404	0	886	115575
HS	403	0	843	116418
HS	402	0	929	117347
HS	401	0	900	118247
HS	400	0	893	119140
HS	399	0	923	120063
HS	398	0	965	121028
HS	397	0	987	122015
HS	396	0	998	123013
HS	395	0	1015	124028
HS	394	0	1031	125059
HS	393	0	966	126025
HS	392	0	986	127011
HS	391	0	1033	128044
HS	390	0	1050	129094
HS	389	0	1010	130104
HS	388	0	1056	131160
HS	387	0	1073	132233
HS	386	0	1112	133345
HS	385	0	1101	134446
HS	384	0	1129	135575
HS	383	0	1204	136779
HS	382	0	1211	137990
HS	381	0	1247	139237
HS	380	0	1332	140569
HS	379	0	1275	141844
HS	378	0	1343	143187
HS	377	0	1344	144531
HS	376	0	1389	145920
HS	375	0	1456	147376
HS	374	0	1510	148886
HS	373	0	1489	150375
HS	372	0	1551	151926
HS	371	0	1542	153468
HS	370	0	1596	155064
HS	369	0	1650	156714
HS	368	0	1697	158411
HS	367	0	1766	160177
HS	366	0	1850	162027
HS	365	0	1838	163865
HS	364	0	1860	165725
HS	363	0	1975	167700
HS	362	0	2068	169768
HS	361	0	2095	171863
HS	360	0	2086	173949
HS	359	0	2215	176164
HS	358	0	2232	178396
HS	357	0	2206	180602
HS	356	0	2334	182936
HS	355	0	2363	185299
HS	354	0	2305	187604
HS	353	0	2395	189999
HS	352	0	2512	192511
HS	351	0	2526	195037
HS	350	0	2584	197621
HS	349	0	2575	200196
HS	348	0	2671	202867
HS	347	0	2662	205529
HS	346	0	2778	208307
HS	345	0	2959	211266
HS	344	0	2937	214203
HS	343	0	3006	217209
HS	342	0	3055	220264
HS	341	0	3190	223454
HS	340	0	3369	226823
HS	339	0	3397	230220
HS	338	0	3443	233663
HS	337	0	3468	237131
HS	336	0	3561	240692
HS	335	0	3689	244381
HS	334	0	3742	248123
HS	333	0	3780	251903
HS	332	0	3837	255740
HS	331	0	3965	259705
HS	330	0	4026	263731
HS	329	0	3959	267690
HS	328	0	4186	271876
HS	327	0	4331	276207
HS	326	0	4396	280603
HS	325	0	4367	284970
HS	324	0	4580	289550
HS	323	0	4614	294164
HS	322	0	4879	299043
HS	321	0	4862	303905
HS	320	0	5109	309014
HS	319	0	5093	314107
HS	318	0	5104	319211
HS	317	0	5351	324562
HS	316	0	5547	330109
HS	315	0	5601	335710
HS	314	0	5813	341523
HS	313	0	5726	347249
HS	312	0	5903	353152
HS	311	0	6134	359286
HS	310	0	6349	365635
HS	309	0	6611	372246
HS	308	0	6539	378785
HS	307	0	6688	385473
HS	306	0	6922	392395
HS	305	0	6929	399324
HS	304	0	7103	406427
HS	303	0	7318	413745
HS	302	0	7650	421395
HS	301	0	7781	429176
HS	300	0	7872	437048
HS	299	0	8051	445099
HS	298	0	8221	453320
HS	297	0	8449	461769
HS	296	0	8809	470578
HS	295	0	8687	479265
HS	294	0	8926	488191
HS	293	0	9105	497296
HS	292	0	9269	506565
HS	291	0	9270	515835
HS	290	0	9406	525241
HS	289	0	9784	535025
HS	288	0	10041	545066
HS	287	0	10094	555160
HS	286	0	10189	565349
HS	285	0	10412	575761
HS	284	0	10626	586387
HS	283	0	10761	597148
HS	282	0	10935	608083
HS	281	0	11291	619374
HS	280	0	11334	630708
HS	279	0	11523	642231
HS	278	0	11625	653856
HS	277	0	11907	665763
HS	276	0	12102	677865
HS	275	0	12242	690107
HS	274	0	12510	702617
HS	273	0	12975	715592
HS	272	0	13193	728785
HS	271	0	13384	742169
HS	270	0	13671	755840
HS	269	0	13853	769693
HS	268	0	14190	783883
HS	267	0	14394	798277
HS	266	0	14678	812955
HS	265	0	14770	827725
HS	264	0	15126	842851
HS	263	0	14981	857832
HS	262	0	15356	873188
HS	261	0	15838	889026
HS	260	0	15780	904806
HS	259	0	15932	920738
HS	258	0	16349	937087
HS	257	0	16417	953504
HS	256	0	16976	970480
HS	255	0	17319	987799
HS	254	0	17447	1005246
HS	253	0	17840	1023086
HS	252	0	17795	1040881
HS	251	0	18346	1059227
HS	250	0	18386	1077613
HS	249	0	18721	1096334
HS	248	0	18888	1115222
HS	247	0	19243	1134465
HS	246	0	19404	1153869
HS	245	0	19862	1173731
HS	244	0	19962	1193693
HS	243	0	20073	1213766
HS	242	0	20814	1234580
HS	241	0	20941	1255521
HS	240	0	21039	1276560
HS	239	0	21521	1298081
HS	238	0	21831	1319912
HS	237	0	21917	1341829
HS	236	0	22053	1363882
HS	235	0	22298	1386180
HS	234	0	22484	1408664
HS	233	0	22802	1431466
HS	232	0	22895	1454361
HS	231	0	23169	1477530
HS	230	0	23451	1500981
HS	229	0	23593	1524574
HS	228	0	23794	1548368
HS	227	0	23667	1572035
HS	226	0	23988	1596023
HS	225	0	24394	1620417
HS	224	0	24272	1644689
HS	223	0	24768	1669457
HS	222	0	24929	1694386
HS	221	0	25263	1719649
HS	220	0	25384	1745033
HS	219	0	25407	1770440
HS	218	0	25729	1796169
HS	217	0	26004	1822173
HS	216	0	25982	1848155
HS	215	0	25817	1873972
HS	214	0	25969	1899941
HS	213	0	26285	1926226
HS	212	0	26513	1952739
HS	211	0	26200	1978939
HS	210	0	26623	2005562
HS	209	0	26637	2032199
HS	208	0	26911	2059110
HS	207	0	26628	2085738
HS	206	0	27420	2113158
HS	205	0	27722	2140880
HS	204	0	27216	2168096
HS	203	0	27433	2195529
HS	202	0	27520	2223049
HS	201	0	27307	2250356
HS	200	0	27399	2277755
HS	199	0	27057	2304812
HS	198	0	27392	2332204
HS	197	0	27712	2359916
HS	196	0	27623	2387539
HS	195	0	27528	2415067
HS	194	0	27912	2442979
HS	193	0	27857	2470836
HS	192	0	27879	2498715
HS	191	0	28169	2526884
HS	190	0	27598	2554482
HS	189	0	27659	2582141
HS	188	0	27738	2609879
HS	187	0	27868	2637747
HS	186	0	27720	2665467
HS	185	0	27617	2693084
HS	184	0	27485	2720569
HS	183	0	27411	2747980
HS	182	0	27762	2775742
HS	181	0	27514	2803256
HS	180	0	27415	2830671
HS	179	0	27541	2858212
HS	178	0	27780	2885992
HS	177	0	27502	2913494
HS	176	0	27253	2940747
HS	175	0	27551	2968298
HS	174	0	27493	2995791
HS	173	0	27084	3022875
HS	172	0	27321	3050196
HS	171	0	27204	3077400
HS	170	0	27506	3104906
HS	169	0	27338	3132244
HS	168	0	27489	3159733
HS	167	0	27108	3186841
HS	166	0	27031	3213872
HS	165	0	26847	3240719
HS	164	0	27056	3267775
HS	163	0	26540	3294315
HS	162	0	26539	3320854
HS	161	0	26689	3347543
HS	160	0	26716	3374259
HS	159	0	26286	3400545
HS	158	0	26578	3427123
HS	157	0	26214	3453337
HS	156	0	25975	3479312
HS	155	0	25835	3505147
HS	154	0	25670	3530817
HS	153	0	25846	3556663
HS	152	0	25265	3581928
HS	151	0	25135	3607063
HS	150	0	24800	3631863
HS	149	0	25035	3656898
HS	148	0	24618	3681516
HS	147	0	24327	3705843
HS	146	0	24584	3730427
HS	145	0	24446	3754873
HS	144	0	24591	3779464
HS	143	0	24394	3803858
HS	142	0	24451	3828309
HS	141	0	23908	3852217
HS	140	0	23897	3876114
HS	139	0	23472	3899586
HS	138	0	23289	3922875
HS	137	0	23217	3946092
HS	136	0	22822	3968914
HS	135	0	22963	3991877
HS	134	0	23030	4014907
HS	133	0	23087	4037994
HS	132	0	22929	4060923
HS	131	0	22500	4083423
HS	130	0	22591	4106014
HS	129	0	22516	4128530
HS	128	0	22498	4151028
HS	127	0	22329	4173357
HS	126	0	22295	4195652
HS	125	0	22108	4217760
HS	124	0	21765	4239525
HS	123	0	21823	4261348
HS	122	0	21037	4282385
HS	121	0	20983	4303368
HS	120	0	20693	4324061
HS	119	0	20717	4344778
HS	118	0	20498	4365276
HS	117	0	20353	4385629
HS	116	0	20816	4406445
HS	115	0	20453	4426898
HS	114	0	20359	4447257
HS	113	0	20178	4467435
HS	112	0	19784	4487219
HS	111	0	20008	4507227
HS	110	0	19575	4526802
HS	109	0	19522	4546324
HS	108	0	19450	4565774
HS	107	0	19141	4584915
HS	106	0	19162	4604077
HS	105	0	19324	4623401
HS	104	0	19261	4642662
HS	103	0	19188	4661850
HS	102	0	19428	4681278
HS	101	0	18703	4699981
HS	100	0	18864	4718845
HS	99	0	18869	4737714
HS	98	0	18597	4756311
HS	97	0	18347	4774658
HS	96	0	18205	4792863
HS	95	0	18072	4810935
HS	94	0	17387	4828322
HS	93	0	17313	4845635
HS	92	0	17432	4863067
HS	91	0	17577	4880644
HS	90	0	17182	4897826
HS	89	0	17116	4914942
HS	88	0	16948	4931890
HS	87	0	16957	4948847
HS	86	0	17083	4965930
HS	85	0	16685	4982615
HS	84	0	16289	4998904
HS	83	0	16078	5014982
HS	82	0	15827	5030809
HS	81	0	15567	5046376
HS	80	0	15874	5062250
HS	79	0	15773	5078023
HS	78	0	15663	5093686
HS	77	0	15569	5109255
HS	76	0	15653	5124908
HS	75	0	15816	5140724
HS	74	0	15841	5156565
HS	73	0	15492	5172057
HS	72	0	15655	5187712
HS	71	0	15873	5203585
HS	70	0	15677	5219262
HS	69	0	15860	5235122
HS	68	0	15704	5250826
HS	67	0	15562	5266388
HS	66	0	15431	5281819
HS	65	0	15092	5296911
HS	64	0	15026	5311937
HS	63	0	14829	5326766
HS	62	0	14349	5341115
HS	61	0	14316	5355431
HS	60	0	14076	5369507
HS	59	0	14292	5383799
HS	58	0	14214	5398013
HS	57	0	14177	5412190
HS	56	0	14241	5426431
HS	55	0	13918	5440349
HS	54	0	13940	5454289
HS	53	0	13742	5468031
HS	52	0	13477	5481508
HS	51	0	13399	5494907
HS	50	0	13236	5508143
HS	49	0	13208	5521351
HS	48	0	13051	5534402
HS	47	0	12540	5546942
HS	46	0	12827	5559769
HS	45	0	12664	5572433
HS	44	0	12690	5585123
HS	43	0	12943	5598066
HS	42	0	12596	5610662
HS	41	0	12474	5623136
HS	40	0	12280	5635416
HS	39	0	12116	5647532
HS	38	0	11835	5659367
HS	37	0	11800	5671167
HS	36	0	11772	5682939
HS	35	0	11570	5694509
HS	34	0	11390	5705899
HS	33	0	11128	5717027
HS	32	0	11384	5728411
HS	31	0	11222	5739633
HS	30	0	11046	5750679
HS	29	0	11245	5761924
HS	28	0	11574	5773498
HS	27	0	11354	5784852
HS	26	0	11475	5796327
HS	25	0	11461	5807788
HS	24	0	11373	5819161
HS	23	0	11931	5831092
HS	22	0	12673	5843765
HS	21	0	13819	5857584
HS	20	0	14753	5872337
HS	19	0	15252	5887589
HS	18	0	17052	5904641
HS	17	0	19982	5924623
HS	16	0	22840	5947463
HS	15	0	26997	5974460
HS	14	0	32476	6006936
HS	13	0	38642	6045578
HS	12	0	47031	6092609
HS	11	0	58931	6151540
HS	10	0	76666	6228206
HS	9	0	103591	6331797
HS	8	0	143652	6475449
HS	7	0	205714	6681163
HS	6	0	320477	7001640
HS	5	0	545492	7547132
HS	4	0	1092800	8639932
HS	3	0	2781719	11421651
HS	2	0	10314548	21736199
HS	1	0	0	21736199
HS	0	0	0	21736199
