HS	1023	0	6386	6386
HS	1022	0	3	6389
HS	1021	0	2	6391
HS	1020	0	5	6396
HS	1019	0	8	6404
HS	1018	0	4	6408
HS	1017	0	4	6412
HS	1016	0	5	6417
HS	1015	0	3	6420
HS	1014	0	3	6423
HS	1013	0	3	6426
HS	1012	0	2	6428
HS	1011	0	4	6432
HS	1010	0	8	6440
HS	1009	0	7	6447
HS	1008	0	3	6450
HS	1007	0	5	6455
HS	1006	0	5	6460
HS	1005	0	5	6465
HS	1004	0	2	6467
HS	1003	0	2	6469
HS	1002	0	4	6473
HS	1001	0	2	6475
HS	1000	0	1	6476
HS	999	0	7	6483
HS	998	0	2	6485
HS	997	0	2	6487
HS	996	0	4	6491
HS	995	0	2	6493
HS	994	0	6	6499
HS	993	0	3	6502
HS	992	0	1	6503
HS	991	0	1	6504
HS	990	0	7	6511
HS	989	0	1	6512
HS	988	0	3	6515
HS	987	0	5	6520
HS	986	0	7	6527
HS	985	0	6	6533
HS	984	0	2	6535
HS	983	0	1	6536
HS	982	0	3	6539
HS	981	0	4	6543
HS	980	0	4	6547
HS	979	0	3	6550
HS	978	0	5	6555
HS	977	0	7	6562
HS	976	0	1	6563
HS	975	0	4	6567
HS	974	0	7	6574
HS	973	0	2	6576
HS	972	0	7	6583
HS	971	0	4	6587
HS	970	0	5	6592
HS	969	0	5	6597
HS	968	0	6	6603
HS	967	0	5	6608
HS	966	0	4	6612
HS	965	0	6	6618
HS	964	0	2	6620
HS	963	0	4	6624
HS	962	0	5	6629
HS	961	0	4	6633
HS	960	0	6	6639
HS	959	0	7	6646
HS	958	0	3	6649
HS	957	0	7	6656
HS	956	0	6	6662
HS	955	0	5	6667
HS	954	0	9	6676
HS	953	0	6	6682
HS	952	0	4	6686
HS	951	0	4	6690
HS	950	0	4	6694
HS	949	0	1	6695
HS	948	0	5	6700
HS	947	0	10	6710
HS	946	0	7	6717
HS	945	0	6	6723
HS	944	0	5	6728
HS	943	0	10	6738
HS	942	0	2	6740
HS	941	0	5	6745
HS	940	0	2	6747
HS	939	0	7	6754
HS	938	0	2	6756
HS	937	0	4	6760
HS	936	0	6	6766
HS	935	0	2	6768
HS	934	0	9	6777
HS	933	0	2	6779
HS	932	0	6	6785
HS	931	0	3	6788
HS	930	0	6	6794
HS	929	0	9	6803
HS	928	0	6	6809
HS	927	0	9	6818
HS	926	0	5	6823
HS	925	0	2	6825
HS	924	0	6	6831
HS	923	0	4	6835
HS	922	0	5	6840
HS	921	0	4	6844
HS	920	0	7	6851
HS	919	0	8	6859
HS	918	0	7	6866
HS	917	0	7	6873
HS	916	0	2	6875
HS	915	0	7	6882
HS	914	0	6	6888
HS	913	0	4	6892
HS	912	0	2	6894
HS	911	0	6	6900
HS	910	0	7	6907
HS	909	0	7	6914
HS	908	0	6	6920
HS	907	0	6	6926
HS	906	0	9	6935
HS	905	0	7	6942
HS	904	0	10	6952
HS	903	0	5	6957
HS	902	0	8	6965
HS	901	0	11	6976
HS	900	0	6	6982
HS	899	0	4	6986
HS	898	0	8	6994
HS	897	0	10	7004
HS	896	0	9	7013
HS	895	0	2	7015
HS	894	0	9	7024
HS	893	0	7	7031
HS	892	0	7	7038
HS	891	0	7	7045
HS	890	0	6	7051
HS	889	0	2	7053
HS	888	0	4	7057
HS	887	0	4	7061
HS	886	0	7	7068
HS	885	0	5	7073
HS	884	0	7	7080
HS	883	0	2	7082
HS	882	0	5	7087
HS	881	0	4	7091
HS	880	0	3	7094
HS	879	0	6	7100
HS	878	0	4	7104
HS	877	0	7	7111
HS	876	0	2	7113
HS	875	0	3	7116
HS	874	0	12	7128
HS	873	0	5	7133
HS	872	0	6	7139
HS	871	0	9	7148
HS	870	0	5	7153
HS	869	0	8	7161
HS	868	0	6	7167
HS	867	0	4	7171
HS	866	0	6	7177
HS	865	0	7	7184
HS	864	0	5	7189
HS	863	0	6	7195
HS	862	0	6	7201
HS	861	0	5	7206
HS	860	0	6	7212
HS	859	0	7	7219
HS	858	0	4	7223
HS	857	0	6	7229
HS	856	0	8	7237
HS	855	0	5	7242
HS	854	0	2	7244
HS	853	0	10	7254
HS	852	0	6	7260
HS	851	0	7	7267
HS	850	0	7	7274
HS	849	0	12	7286
HS	848	0	9	7295
HS	847	0	10	7305
HS	846	0	14	7319
HS	845	0	9	7328
HS	844	0	6	7334
HS	843	0	11	7345
HS	842	0	9	7354
HS	841	0	5	7359
HS	840	0	7	7366
HS	839	0	9	7375
HS	838	0	2	7377
HS	837	0	9	7386
HS	836	0	6	7392
HS	835	0	15	7407
HS	834	0	11	7418
HS	833	0	11	7429
HS	832	0	8	7437
HS	831	0	6	7443
HS	830	0	6	7449
HS	829	0	8	7457
HS	828	0	9	7466
HS	827	0	6	7472
HS	826	0	6	7478
HS	825	0	11	7489
HS	824	0	8	7497
HS	823	0	7	7504
HS	822	0	6	7510
HS	821	0	8	7518
HS	820	0	6	7524
HS	819	0	11	7535
HS	818	0	4	7539
HS	817	0	7	7546
HS	816	0	5	7551
HS	815	0	11	7562
HS	814	0	11	7573
HS	813	0	5	7578
HS	812	0	4	7582
HS	811	0	12	7594
HS	810	0	9	7603
HS	809	0	7	7610
HS	808	0	10	7620
HS	807	0	8	7628
HS	806	0	11	7639
HS	805	0	9	7648
HS	804	0	12	7660
HS	803	0	9	7669
HS	802	0	15	7684
HS	801	0	12	7696
HS	800	0	16	7712
HS	799	0	11	7723
HS	798	0	9	7732
HS	797	0	10	7742
HS	796	0	10	7752
HS	795	0	17	7769
HS	794	0	9	7778
HS	793	0	7	7785
HS	792	0	12	7797
HS	791	0	12	7809
HS	790	0	3	7812
HS	789	0	18	7830
HS	788	0	11	7841
HS	787	0	16	7857
HS	786	0	15	7872
HS	785	0	19	7891
HS	784	0	18	7909
HS	783	0	15	7924
HS	782	0	14	7938
HS	781	0	10	7948
HS	780	0	8	7956
HS	779	0	13	7969
HS	778	0	13	7982
HS	777	0	13	7995
HS	776	0	22	8017
HS	775	0	13	8030
HS	774	0	15	8045
HS	773	0	6	8051
HS	772	0	17	8068
HS	771	0	13	8081
HS	770	0	21	8102
HS	769	0	23	8125
HS	768	0	13	8138
HS	767	0	13	8151
HS	766	0	15	8166
HS	765	0	20	8186
HS	764	0	14	8200
HS	763	0	18	8218
HS	762	0	11	8229
HS	761	0	17	8246
HS	760	0	13	8259
HS	759	0	11	8270
HS	758	0	10	8280
HS	757	0	10	8290
HS	756	0	10	8300
HS	755	0	15	8315
HS	754	0	9	8324
HS	753	0	12	8336
HS	752	0	13	8349
HS	751	0	17	8366
HS	750	0	14	8380
HS	749	0	20	8400
HS	748	0	10	8410
HS	747	0	15	8425
HS	746	0	16	8441
HS	745	0	26	8467
HS	744	0	16	8483
HS	743	0	12	8495
HS	742	0	17	8512
HS	741	0	18	8530
HS	740	0	19	8549
HS	739	0	16	8565
HS	738	0	20	8585
HS	737	0	22	8607
HS	736	0	22	8629
HS	735	0	14	8643
HS	734	0	22	8665
HS	733	0	20	8685
HS	732	0	24	8709
HS	731	0	14	8723
HS	730	0	22	8745
HS	729	0	20	8765
HS	728	0	17	8782
HS	727	0	19	8801
HS	726	0	17	8818
HS	725	0	28	8846
HS	724	0	18	8864
HS	723	0	18	8882
HS	722	0	24	8906
HS	721	0	21	8927
HS	720	0	20	8947
HS	719	0	25	8972
HS	718	0	22	8994
HS	717	0	34	9028
HS	716	0	21	9049
HS	715	0	26	9075
HS	714	0	37	9112
HS	713	0	35	9147
HS	712	0	28	9175
HS	711	0	40	9215
HS	710	0	41	9256
HS	709	0	27	9283
HS	708	0	17	9300
HS	707	0	27	9327
HS	706	0	24	9351
HS	705	0	22	9373
HS	704	0	25	9398
HS	703	0	33	9431
HS	702	0	30	9461
HS	701	0	30	9491
HS	700	0	30	9521
HS	699	0	33	9554
HS	698	0	31	9585
HS	697	0	34	9619
HS	696	0	43	9662
HS	695	0	29	9691
HS	694	0	39	9730
HS	693	0	33	9763
HS	692	0	44	9807
HS	691	0	46	9853
HS	690	0	37	9890
HS	689	0	42	9932
HS	688	0	43	9975
HS	687	0	42	10017
HS	686	0	35	10052
HS	685	0	38	10090
HS	684	0	36	10126
HS	683	0	49	10175
HS	682	0	45	10220
HS	681	0	37	10257
HS	680	0	51	10308
HS	679	0	37	10345
HS	678	0	55	10400
HS	677	0	43	10443
HS	676	0	56	10499
HS	675	0	48	10547
HS	674	0	60	10607
HS	673	0	44	10651
HS	672	0	47	10698
HS	671	0	50	10748
HS	670	0	52	10800
HS	669	0	53	10853
HS	668	0	63	10916
HS	667	0	49	10965
HS	666	0	63	11028
HS	665	0	60	11088
HS	664	0	48	11136
HS	663	0	64	11200
HS	662	0	51	11251
HS	661	0	76	11327
HS	660	0	65	11392
HS	659	0	74	11466
HS	658	0	78	11544
HS	657	0	81	11625
HS	656	0	80	11705
HS	655	0	69	11774
HS	654	0	88	11862
HS	653	0	73	11935
HS	652	0	85	12020
HS	651	0	90	12110
HS	650	0	93	12203
HS	649	0	87	12290
HS	648	0	89	12379
HS	647	0	101	12480
HS	646	0	95	12575
HS	645	0	100	12675
HS	644	0	111	12786
HS	643	0	111	12897
HS	642	0	133	13030
HS	641	0	118	13148
HS	640	0	122	13270
HS	639	0	117	13387
HS	638	0	115	13502
HS	637	0	132	13634
HS	636	0	114	13748
HS	635	0	128	13876
HS	634	0	114	13990
HS	633	0	119	14109
HS	632	0	149	14258
HS	631	0	142	14400
HS	630	0	145	14545
HS	629	0	152	14697
HS	628	0	153	14850
HS	627	0	142	14992
HS	626	0	155	15147
HS	625	0	159	15306
HS	624	0	153	15459
HS	623	0	149	15608
HS	622	0	156	15764
HS	621	0	160	15924
HS	620	0	170	16094
HS	619	0	149	16243
HS	618	0	193	16436
HS	617	0	180	16616
HS	616	0	179	16795
HS	615	0	183	16978
HS	614	0	203	17181
HS	613	0	207	17388
HS	612	0	183	17571
HS	611	0	214	17785
HS	610	0	237	18022
HS	609	0	207	18229
HS	608	0	214	18443
HS	607	0	216	18659
HS	606	0	209	18868
HS	605	0	244	19112
HS	604	0	223	19335
HS	603	0	216	19551
HS	602	0	225	19776
HS	601	0	211	19987
HS	600	0	250	20237
HS	599	0	251	20488
HS	598	0	267	20755
HS	597	0	277	21032
HS	596	0	265	21297
HS	595	0	221	21518
HS	594	0	251	21769
HS	593	0	280	22049
HS	592	0	310	22359
HS	591	0	248	22607
HS	590	0	277	22884
HS	589	0	302	23186
HS	588	0	326	23512
HS	587	0	306	23818
HS	586	0	315	24133
HS	585	0	307	24440
HS	584	0	319	24759
HS	583	0	326	25085
HS	582	0	346	25431
HS	581	0	374	25805
HS	580	0	393	26198
HS	579	0	377	26575
HS	578	0	356	26931
HS	577	0	331	27262
HS	576	0	354	27616
HS	575	0	333	27949
HS	574	0	420	28369
HS	573	0	426	28795
HS	572	0	421	29216
HS	571	0	421	29637
HS	570	0	416	30053
HS	569	0	434	30487
HS	568	0	389	30876
HS	567	0	427	31303
HS	566	0	446	31749
HS	565	0	428	32177
HS	564	0	433	32610
HS	563	0	436	33046
HS	562	0	428	33474
HS	561	0	463	33937
HS	560	0	507	34444
HS	559	0	490	34934
HS	558	0	474	35408
HS	557	0	481	35889
HS	556	0	495	36384
HS	555	0	513	36897
HS	554	0	504	37401
HS	553	0	530	37931
HS	552	0	488	38419
HS	551	0	544	38963
HS	550	0	546	39509
HS	549	0	584	40093
HS	548	0	592	40685
HS	547	0	614	41299
HS	546	0	596	41895
HS	545	0	627	42522
HS	544	0	605	43127
HS	543	0	647	43774
HS	542	0	632	44406
HS	541	0	714	45120
HS	540	0	613	45733
HS	539	0	691	46424
HS	538	0	649	47073
HS	537	0	727	47800
HS	536	0	717	48517
HS	535	0	728	49245
HS	534	0	740	49985
HS	533	0	700	50685
HS	532	0	789	51474
HS	531	0	768	52242
HS	530	0	810	53052
HS	529	0	826	53878
HS	528	0	870	54748
HS	527	0	853	55601
HS	526	0	873	56474
HS	525	0	918	57392
HS	524	0	936	58328
HS	523	0	964	59292
HS	522	0	955	60247
HS	521	0	948	61195
HS	520	0	1016	62211
HS	519	0	978	63189
HS	518	0	1017	64206
HS	517	0	1027	65233
HS	516	0	1076	66309
HS	515	0	1029	67338
HS	514	0	1023	68361
HS	513	0	1102	69463
HS	512	0	1049	70512
HS	511	0	1116	71628
HS	510	0	1134	72762
HS	509	0	1154	73916
HS	508	0	1121	75037
HS	507	0	1220	76257
HS	506	0	1165	77422
HS	505	0	1227	78649
HS	504	0	1313	79962
HS	503	0	1219	81181
HS	502	0	1275	82456
HS	501	0	1240	83696
HS	500	0	1272	84968
HS	499	0	1329	86297
HS	498	0	1348	87645
HS	497	0	1422	89067
HS	496	0	1355	90422
HS	495	0	1473	91895
HS	494	0	1400	93295
HS	493	0	1456	94751
HS	492	0	1433	96184
HS	491	0	1490	97674
HS	490	0	1560	99234
HS	489	0	1502	100736
HS	488	0	1516	102252
HS	487	0	1546	103798
HS	486	0	1618	105416
HS	485	0	1681	107097
HS	484	0	1730	108827
HS	483	0	1781	110608
HS	482	0	1747	112355
HS	481	0	1762	114117
HS	480	0	1701	115818
HS	479	0	1852	117670
HS	478	0	1835	119505
HS	477	0	1841	121346
HS	476	0	2027	123373
HS	475	0	1943	125316
HS	474	0	2063	127379
HS	473	0	2075	129454
HS	472	0	2060	131514
HS	471	0	2109	133623
HS	470	0	2158	135781
HS	469	0	2195	137976
HS	468	0	2257	140233
HS	467	0	2314	142547
HS	466	0	2333	144880
HS	465	0	2364	147244
HS	464	0	2395	149639
HS	463	0	2320	151959
HS	462	0	2451	154410
HS	461	0	2444	156854
HS	460	0	2572	159426
HS	459	0	2558	161984
HS	458	0	2538	164522
HS	457	0	2686	167208
HS	456	0	2708	169916
HS	455	0	2741	172657
HS	454	0	2742	175399
HS	453	0	2841	178240
HS	452	0	2898	181138
HS	451	0	2958	184096
HS	450	0	2907	187003
HS	449	0	2994	189997
HS	448	0	3071	193068
HS	447	0	3095	196163
HS	446	0	3196	199359
HS	445	0	3225	202584
HS	444	0	3376	205960
HS	443	0	3266	209226
HS	442	0	3433	212659
HS	441	0	3392	216051
HS	440	0	3409	219460
HS	439	0	3583	223043
HS	438	0	3596	226639
HS	437	0	3639	230278
HS	436	0	3620	233898
HS	435	0	3680	237578
HS	434	0	3784	241362
HS	433	0	3797	245159
HS	432	0	3841	249000
HS	431	0	4057	253057
HS	430	0	3929	256986
HS	429	0	4002	260988
HS	428	0	4224	265212
HS	427	0	4212	269424
HS	426	0	4263	273687
HS	425	0	4285	277972
HS	424	0	4538	282510
HS	423	0	4412	286922
HS	422	0	4570	291492
HS	421	0	4582	296074
HS	420	0	4555	300629
HS	419	0	4640	305269
HS	418	0	4815	310084
HS	417	0	4914	314998
HS	416	0	4919	319917
HS	415	0	4914	324831
HS	414	0	5118	329949
HS	413	0	5078	335027
HS	412	0	5147	340174
HS	411	0	5161	345335
HS	410	0	5371	350706
HS	409	0	5608	356314
HS	408	0	5669	361983
HS	407	0	5754	367737
HS	406	0	5903	373640
HS	405	0	5966	379606
HS	404	0	6075	385681
HS	403	0	6180	391861
HS	402	0	6180	398041
HS	401	0	6384	404425
HS	400	0	6486	410911
HS	399	0	6690	417601
HS	398	0	6670	424271
HS	397	0	6723	430994
HS	396	0	6701	437695
HS	395	0	6648	444343
HS	394	0	7051	451394
HS	393	0	7185	458579
HS	392	0	7221	465800
HS	391	0	7413	473213
HS	390	0	7633	480846
HS	389	0	7667	488513
HS	388	0	7691	496204
HS	387	0	8112	504316
HS	386	0	8010	512326
HS	385	0	8092	520418
HS	384	0	8441	528859
HS	383	0	8497	537356
HS	382	0	8619	545975
HS	381	0	8724	554699
HS	380	0	8869	563568
HS	379	0	9038	572606
HS	378	0	9404	582010
HS	377	0	9226	591236
HS	376	0	9684	600920
HS	375	0	9736	610656
HS	374	0	9866	620522
HS	373	0	9860	630382
HS	372	0	9909	640291
HS	371	0	9838	650129
HS	370	0	10210	660339
HS	369	0	10299	670638
HS	368	0	10629	681267
HS	367	0	10621	691888
HS	366	0	10831	702719
HS	365	0	10993	713712
HS	364	0	11235	724947
HS	363	0	11384	736331
HS	362	0	11535	747866
HS	361	0	11662	759528
HS	360	0	11707	771235
HS	359	0	11784	783019
HS	358	0	12207	795226
HS	357	0	12196	807422
HS	356	0	12492	819914
HS	355	0	12452	832366
HS	354	0	12561	844927
HS	353	0	12745	857672
HS	352	0	12908	870580
HS	351	0	13009	883589
HS	350	0	13415	897004
HS	349	0	13610	910614
HS	348	0	13634	924248
HS	347	0	13665	937913
HS	346	0	14066	951979
HS	345	0	14211	966190
HS	344	0	14190	980380
HS	343	0	14223	994603
HS	342	0	14519	1009122
HS	341	0	14708	1023830
HS	340	0	14860	1038690
HS	339	0	14855	1053545
HS	338	0	15282	1068827
HS	337	0	15242	1084069
HS	336	0	15658	1099727
HS	335	0	15555	1115282
HS	334	0	15673	1130955
HS	333	0	15974	1146929
HS	332	0	16090	1163019
HS	331	0	16428	1179447
HS	330	0	16565	1196012
HS	329	0	16663	1212675
HS	328	0	16727	1229402
HS	327	0	16814	1246216
HS	326	0	16772	1262988
HS	325	0	17230	1280218
HS	324	0	17416	1297634
HS	323	0	17443	1315077
HS	322	0	17645	1332722
HS	321	0	17947	1350669
HS	320	0	17972	1368641
HS	319	0	18448	1387089
HS	318	0	18443	1405532
HS	317	0	18642	1424174
HS	316	0	18814	1442988
HS	315	0	18880	1461868
HS	314	0	18876	1480744
HS	313	0	19459	1500203
HS	312	0	19612	1519815
HS	311	0	19403	1539218
HS	310	0	19754	1558972
HS	309	0	19681	1578653
HS	308	0	19811	1598464
HS	307	0	20109	1618573
HS	306	0	20044	1638617
HS	305	0	20464	1659081
HS	304	0	20570	1679651
HS	303	0	20644	1700295
HS	302	0	21015	1721310
HS	301	0	20889	1742199
HS	300	0	21054	1763253
HS	299	0	20921	1784174
HS	298	0	21053	1805227
HS	297	0	20996	1826223
HS	296	0	20869	1847092
HS	295	0	21500	1868592
HS	294	0	21340	1889932
HS	293	0	21264	1911196
HS	292	0	21536	1932732
HS	291	0	21963	1954695
HS	290	0	22093	1976788
HS	289	0	22047	1998835
HS	288	0	22103	2020938
HS	287	0	22200	2043138
HS	286	0	22461	2065599
HS	285	0	22591	2088190
HS	284	0	22586	2110776
HS	283	0	22738	2133514
HS	282	0	22634	2156148
HS	281	0	22900	2179048
HS	280	0	22880	2201928
HS	279	0	22882	2224810
HS	278	0	22578	2247388
HS	277	0	23125	2270513
HS	276	0	22823	2293336
HS	275	0	22828	2316164
HS	274	0	22848	2339012
HS	273	0	22879	2361891
HS	272	0	23308	2385199
HS	271	0	22735	2407934
HS	270	0	23209	2431143
HS	269	0	22783	2453926
HS	268	0	22705	2476631
HS	267	0	22935	2499566
HS	266	0	22646	2522212
HS	265	0	22738	2544950
HS	264	0	22623	2567573
HS	263	0	22734	2590307
HS	262	0	22919	2613226
HS	261	0	22530	2635756
HS	260	0	22860	2658616
HS	259	0	22539	2681155
HS	258	0	22405	2703560
HS	257	0	22261	2725821
HS	256	0	22359	2748180
HS	255	0	21679	2769859
HS	254	0	21707	2791566
HS	253	0	21677	2813243
HS	252	0	21387	2834630
HS	251	0	21257	2855887
HS	250	0	20829	2876716
HS	249	0	20933	2897649
HS	248	0	20522	2918171
HS	247	0	20694	2938865
HS	246	0	20469	2959334
HS	245	0	19955	2979289
HS	244	0	20024	2999313
HS	243	0	19894	3019207
HS	242	0	19750	3038957
HS	241	0	19526	3058483
HS	240	0	19394	3077877
HS	239	0	19460	3097337
HS	238	0	19227	3116564
HS	237	0	18792	3135356
HS	236	0	18539	3153895
HS	235	0	18446	3172341
HS	234	0	18039	3190380
HS	233	0	18089	3208469
HS	232	0	17613	3226082
HS	231	0	17606	3243688
HS	230	0	17383	3261071
HS	229	0	17124	3278195
HS	228	0	16830	3295025
HS	227	0	16540	3311565
HS	226	0	16207	3327772
HS	225	0	16265	3344037
HS	224	0	15894	3359931
HS	223	0	15549	3375480
HS	222	0	15261	3390741
HS	221	0	15028	3405769
HS	220	0	14651	3420420
HS	219	0	14378	3434798
HS	218	0	14222	3449020
HS	217	0	14121	3463141
HS	216	0	13752	3476893
HS	215	0	13437	3490330
HS	214	0	13204	3503534
HS	213	0	12867	3516401
HS	212	0	12689	3529090
HS	211	0	12575	3541665
HS	210	0	12054	3553719
HS	209	0	12064	3565783
HS	208	0	11437	3577220
HS	207	0	11404	3588624
HS	206	0	11258	3599882
HS	205	0	10888	3610770
HS	204	0	10783	3621553
HS	203	0	10701	3632254
HS	202	0	10362	3642616
HS	201	0	10216	3652832
HS	200	0	9561	3662393
HS	199	0	9417	3671810
HS	198	0	9342	3681152
HS	197	0	8840	3689992
HS	196	0	8601	3698593
HS	195	0	8353	3706946
HS	194	0	8240	3715186
HS	193	0	7990	3723176
HS	192	0	7732	3730908
HS	191	0	7366	3738274
HS	190	0	7343	3745617
HS	189	0	7012	3752629
HS	188	0	6952	3759581
HS	187	0	6756	3766337
HS	186	0	6393	3772730
HS	185	0	6125	3778855
HS	184	0	5963	3784818
HS	183	0	5879	3790697
HS	182	0	5595	3796292
HS	181	0	5358	3801650
HS	180	0	5228	3806878
HS	179	0	5052	3811930
HS	178	0	4785	3816715
HS	177	0	4696	3821411
HS	176	0	4382	3825793
HS	175	0	4291	3830084
HS	174	0	4246	3834330
HS	173	0	4089	3838419
HS	172	0	3955	3842374
HS	171	0	3737	3846111
HS	170	0	3570	3849681
HS	169	0	3507	3853188
HS	168	0	3315	3856503
HS	167	0	3126	3859629
HS	166	0	3095	3862724
HS	165	0	2934	3865658
HS	164	0	2895	3868553
HS	163	0	2736	3871289
HS	162	0	2678	3873967
HS	161	0	2478	3876445
HS	160	0	2398	3878843
HS	159	0	2214	3881057
HS	158	0	2078	3883135
HS	157	0	2000	3885135
HS	156	0	1962	3887097
HS	155	0	1860	3888957
HS	154	0	1898	3890855
HS	153	0	1726	3892581
HS	152	0	1648	3894229
HS	151	0	1533	3895762
HS	150	0	1399	3897161
HS	149	0	1354	3898515
HS	148	0	1328	3899843
HS	147	0	1195	3901038
HS	146	0	1197	3902235
HS	145	0	1149	3903384
HS	144	0	1109	3904493
HS	143	0	1046	3905539
HS	142	0	988	3906527
HS	141	0	984	3907511
HS	140	0	822	3908333
HS	139	0	770	3909103
HS	138	0	796	3909899
HS	137	0	747	3910646
HS	136	0	750	3911396
HS	135	0	654	3912050
HS	134	0	652	3912702
HS	133	0	586	3913288
HS	132	0	545	3913833
HS	131	0	542	3914375
HS	130	0	506	3914881
HS	129	0	475	3915356
HS	128	0	455	3915811
HS	127	0	438	3916249
HS	126	0	394	3916643
HS	125	0	347	3916990
HS	124	0	354	3917344
HS	123	0	335	3917679
HS	122	0	299	3917978
HS	121	0	324	3918302
HS	120	0	279	3918581
HS	119	0	279	3918860
HS	118	0	251	3919111
HS	117	0	197	3919308
HS	116	0	192	3919500
HS	115	0	185	3919685
HS	114	0	174	3919859
HS	113	0	171	3920030
HS	112	0	192	3920222
HS	111	0	166	3920388
HS	110	0	162	3920550
HS	109	0	141	3920691
HS	108	0	136	3920827
HS	107	0	132	3920959
HS	106	0	113	3921072
HS	105	0	90	3921162
HS	104	0	89	3921251
HS	103	0	85	3921336
HS	102	0	88	3921424
HS	101	0	95	3921519
HS	100	0	104	3921623
HS	99	0	86	3921709
HS	98	0	76	3921785
HS	97	0	84	3921869
HS	96	0	56	3921925
HS	95	0	55	3921980
HS	94	0	59	3922039
HS	93	0	76	3922115
HS	92	0	74	3922189
HS	91	0	59	3922248
HS	90	0	75	3922323
HS	89	0	59	3922382
HS	88	0	59	3922441
HS	87	0	56	3922497
HS	86	0	56	3922553
HS	85	0	56	3922609
HS	84	0	63	3922672
HS	83	0	57	3922729
HS	82	0	53	3922782
HS	81	0	59	3922841
HS	80	0	60	3922901
HS	79	0	53	3922954
HS	78	0	75	3923029
HS	77	0	59	3923088
HS	76	0	69	3923157
HS	75	0	67	3923224
HS	74	0	86	3923310
HS	73	0	76	3923386
HS	72	0	83	3923469
HS	71	0	100	3923569
HS	70	0	87	3923656
HS	69	0	76	3923732
HS	68	0	87	3923819
HS	67	0	108	3923927
HS	66	0	129	3924056
HS	65	0	131	3924187
HS	64	0	138	3924325
HS	63	0	177	3924502
HS	62	0	164	3924666
HS	61	0	163	3924829
HS	60	0	208	3925037
HS	59	0	212	3925249
HS	58	0	251	3925500
HS	57	0	261	3925761
HS	56	0	286	3926047
HS	55	0	344	3926391
HS	54	0	425	3926816
HS	53	0	408	3927224
HS	52	0	457	3927681
HS	51	0	529	3928210
HS	50	0	559	3928769
HS	49	0	692	3929461
HS	48	0	767	3930228
HS	47	0	741	3930969
HS	46	0	858	3931827
HS	45	0	980	3932807
HS	44	0	1094	3933901
HS	43	0	1242	3935143
HS	42	0	1366	3936509
HS	41	0	1471	3937980
HS	40	0	1707	3939687
HS	39	0	1951	3941638
HS	38	0	2155	3943793
HS	37	0	2370	3946163
HS	36	0	2847	3949010
HS	35	0	3134	3952144
HS	34	0	3459	3955603
HS	33	0	4030	3959633
HS	32	0	4476	3964109
HS	31	0	5164	3969273
HS	30	0	5823	3975096
HS	29	0	6690	3981786
HS	28	0	7594	3989380
HS	27	0	8878	3998258
HS	26	0	9573	4007831
HS	25	0	10735	4018566
HS	24	0	12473	4031039
HS	23	0	14987	4046026
HS	22	0	16879	4062905
HS	21	0	19285	4082190
HS	20	0	22703	4104893
HS	19	0	26786	4131679
HS	18	0	31011	4162690
HS	17	0	36671	4199361
HS	16	0	43572	4242933
HS	15	0	52064	4294997
HS	14	0	64939	4359936
HS	13	0	78275	4438211
HS	12	0	97893	4536104
HS	11	0	123321	4659425
HS	10	0	161938	4821363
HS	9	0	223553	5044916
HS	8	0	323719	5368635
HS	7	0	506323	5874958
HS	6	0	848638	6723596
HS	5	0	1537749	8261345
HS	4	0	3020634	11281979
HS	3	0	6630710	17912689
HS	2	0	18181203	36093892
HS	1	0	0	36093892
HS	0	0	0	36093892
