CC	CT  kmer_occurrence    short_read_kmer_count  raw_input_kmer_count  adjusted_input_kmer_count
CC	FR  fpr_lower_bound    fpr_upper_bound
CC	ER  total_input_kmers  adjusted_error_kmers
CC	CV  coverage
CC	QV  raw_quality_value  adjusted_quality_value
CC
SQ	JAUCEX010000002.1	3496442	3496412	3496412	99.00
CT	1023	12382	52094	52094.000
CT	1022	3	9	9.000
CT	1021	3	10	10.000
CT	1020	8	26	26.000
CT	1019	11	23	23.000
CT	1018	5	14	14.000
CT	1017	8	25	25.000
CT	1016	8	26	26.000
CT	1015	3	8	8.000
CT	1014	3	7	7.000
CT	1013	7	26	26.000
CT	1012	4	10	10.000
CT	1011	8	21	21.000
CT	1010	2	9	9.000
CT	1009	2	7	7.000
CT	1008	7	25	25.000
CT	1007	2	8	8.000
CT	1006	4	13	13.000
CT	1005	9	21	21.000
CT	1004	10	26	26.000
CT	1003	3	10	10.000
CT	1002	6	9	9.000
CT	1001	5	25	25.000
CT	1000	8	23	23.000
CT	999	5	11	11.000
CT	998	11	26	26.000
CT	997	6	28	28.000
CT	996	5	16	16.000
CT	995	5	3	3.000
CT	994	5	4	4.000
CT	993	5	15	15.000
CT	992	4	8	8.000
CT	991	3	0	0.000
CT	990	4	3	3.000
CT	989	8	29	29.000
CT	988	8	19	19.000
CT	987	6	22	22.000
CT	986	5	6	6.000
CT	985	8	11	11.000
CT	984	5	6	6.000
CT	983	6	9	9.000
CT	982	2	6	6.000
CT	981	4	9	9.000
CT	980	6	10	10.000
CT	979	5	13	13.000
CT	978	5	9	9.000
CT	977	6	8	8.000
CT	976	2	0	0.000
CT	975	4	9	9.000
CT	974	12	27	27.000
CT	973	3	0	0.000
CT	972	8	17	17.000
CT	971	3	0	0.000
CT	970	5	5	5.000
CT	969	8	17	17.000
CT	968	9	23	23.000
CT	967	7	15	15.000
CT	966	6	14	14.000
CT	965	4	0	0.000
CT	964	8	15	15.000
CT	963	3	3	3.000
CT	962	6	22	22.000
CT	961	10	17	17.000
CT	960	9	30	30.000
CT	959	8	18	18.000
CT	958	5	9	9.000
CT	957	4	10	10.000
CT	956	5	5	5.000
CT	955	4	15	15.000
CT	954	3	2	2.000
CT	953	5	6	6.000
CT	952	5	19	19.000
CT	951	4	9	9.000
CT	950	5	4	4.000
CT	949	4	16	16.000
CT	948	8	17	17.000
CT	947	8	15	15.000
CT	946	9	34	34.000
CT	945	4	7	7.000
CT	944	5	15	15.000
CT	943	8	25	25.000
CT	942	8	27	27.000
CT	941	5	14	14.000
CT	940	11	40	40.000
CT	939	8	28	28.000
CT	938	3	14	14.000
CT	937	6	14	14.000
CT	936	8	29	29.000
CT	935	5	11	11.000
CT	934	11	23	23.000
CT	933	9	19	19.000
CT	932	4	12	12.000
CT	931	7	16	16.000
CT	930	9	27	27.000
CT	929	11	27	27.000
CT	928	1	8	8.000
CT	927	5	3	3.000
CT	926	6	13	13.000
CT	925	4	13	13.000
CT	924	3	9	9.000
CT	923	8	33	33.000
CT	922	5	23	23.000
CT	921	11	35	35.000
CT	920	7	23	23.000
CT	919	7	23	23.000
CT	918	6	5	5.000
CT	917	8	17	17.000
CT	916	7	17	17.000
CT	915	1	4	4.000
CT	914	11	28	28.000
CT	913	7	16	16.000
CT	912	7	17	17.000
CT	911	11	26	26.000
CT	910	8	16	16.000
CT	909	5	10	10.000
CT	908	6	16	16.000
CT	907	8	24	24.000
CT	906	10	29	29.000
CT	905	7	18	18.000
CT	904	7	16	16.000
CT	903	12	27	27.000
CT	902	4	9	9.000
CT	901	4	10	10.000
CT	900	10	13	13.000
CT	899	5	8	8.000
CT	898	9	18	18.000
CT	897	6	9	9.000
CT	896	10	12	12.000
CT	895	15	26	26.000
CT	894	9	19	19.000
CT	893	12	26	26.000
CT	892	10	23	23.000
CT	891	6	6	6.000
CT	890	11	21	21.000
CT	889	10	22	22.000
CT	888	7	13	13.000
CT	887	6	16	16.000
CT	886	9	18	18.000
CT	885	11	17	17.000
CT	884	7	2	2.000
CT	883	8	18	18.000
CT	882	8	20	20.000
CT	881	13	23	23.000
CT	880	4	7	7.000
CT	879	0	0	0.000
CT	878	3	9	9.000
CT	877	8	10	10.000
CT	876	7	9	9.000
CT	875	6	8	8.000
CT	874	7	6	6.000
CT	873	5	12	12.000
CT	872	6	1	1.000
CT	871	8	15	15.000
CT	870	7	7	7.000
CT	869	9	7	7.000
CT	868	5	7	7.000
CT	867	8	11	11.000
CT	866	8	5	5.000
CT	865	8	13	13.000
CT	864	12	12	12.000
CT	863	4	5	5.000
CT	862	4	5	5.000
CT	861	0	0	0.000
CT	860	4	8	8.000
CT	859	8	15	15.000
CT	858	6	13	13.000
CT	857	8	15	15.000
CT	856	5	7	7.000
CT	855	8	17	17.000
CT	854	6	4	4.000
CT	853	6	15	15.000
CT	852	8	18	18.000
CT	851	6	13	13.000
CT	850	6	9	9.000
CT	849	8	13	13.000
CT	848	7	12	12.000
CT	847	11	12	12.000
CT	846	5	8	8.000
CT	845	13	30	30.000
CT	844	10	24	24.000
CT	843	16	36	36.000
CT	842	8	17	17.000
CT	841	9	16	16.000
CT	840	10	31	31.000
CT	839	6	7	7.000
CT	838	10	31	31.000
CT	837	5	11	11.000
CT	836	9	19	19.000
CT	835	12	26	26.000
CT	834	7	18	18.000
CT	833	14	24	24.000
CT	832	7	20	20.000
CT	831	10	20	20.000
CT	830	11	27	27.000
CT	829	13	21	21.000
CT	828	12	23	23.000
CT	827	12	21	21.000
CT	826	9	22	22.000
CT	825	9	14	14.000
CT	824	8	8	8.000
CT	823	9	14	14.000
CT	822	17	33	33.000
CT	821	7	17	17.000
CT	820	11	20	20.000
CT	819	10	26	26.000
CT	818	10	18	18.000
CT	817	14	29	29.000
CT	816	14	18	18.000
CT	815	15	26	26.000
CT	814	18	24	24.000
CT	813	15	26	26.000
CT	812	16	22	22.000
CT	811	14	29	29.000
CT	810	14	23	23.000
CT	809	11	33	33.000
CT	808	7	5	5.000
CT	807	9	21	21.000
CT	806	10	18	18.000
CT	805	7	11	11.000
CT	804	11	23	23.000
CT	803	13	22	22.000
CT	802	11	22	22.000
CT	801	14	21	21.000
CT	800	14	21	21.000
CT	799	11	21	21.000
CT	798	10	21	21.000
CT	797	11	21	21.000
CT	796	9	18	18.000
CT	795	13	28	28.000
CT	794	14	23	23.000
CT	793	13	22	22.000
CT	792	12	17	17.000
CT	791	12	13	13.000
CT	790	9	15	15.000
CT	789	5	9	9.000
CT	788	8	9	9.000
CT	787	15	30	30.000
CT	786	12	22	22.000
CT	785	9	19	19.000
CT	784	6	10	10.000
CT	783	8	15	15.000
CT	782	7	17	17.000
CT	781	3	2	2.000
CT	780	4	11	11.000
CT	779	8	16	16.000
CT	778	8	16	16.000
CT	777	6	20	20.000
CT	776	8	16	16.000
CT	775	4	8	8.000
CT	774	11	23	23.000
CT	773	11	25	25.000
CT	772	6	7	7.000
CT	771	12	23	23.000
CT	770	13	32	32.000
CT	769	7	19	19.000
CT	768	8	7	7.000
CT	767	8	16	16.000
CT	766	2	3	3.000
CT	765	7	11	11.000
CT	764	6	9	9.000
CT	763	6	15	15.000
CT	762	9	23	23.000
CT	761	10	22	22.000
CT	760	6	17	17.000
CT	759	5	5	5.000
CT	758	8	8	8.000
CT	757	12	21	21.000
CT	756	8	13	13.000
CT	755	9	18	18.000
CT	754	4	6	6.000
CT	753	7	13	13.000
CT	752	7	10	10.000
CT	751	12	22	22.000
CT	750	6	12	12.000
CT	749	11	25	25.000
CT	748	10	22	22.000
CT	747	10	31	31.000
CT	746	8	16	16.000
CT	745	10	16	16.000
CT	744	9	32	32.000
CT	743	5	8	8.000
CT	742	8	19	19.000
CT	741	13	40	40.000
CT	740	11	24	24.000
CT	739	11	38	38.000
CT	738	10	19	19.000
CT	737	10	18	18.000
CT	736	17	35	35.000
CT	735	13	22	22.000
CT	734	15	26	26.000
CT	733	8	13	13.000
CT	732	16	34	34.000
CT	731	16	33	33.000
CT	730	16	28	28.000
CT	729	22	45	45.000
CT	728	18	38	38.000
CT	727	20	40	40.000
CT	726	19	42	42.000
CT	725	20	33	33.000
CT	724	13	36	36.000
CT	723	14	38	38.000
CT	722	25	44	44.000
CT	721	18	41	41.000
CT	720	16	31	31.000
CT	719	21	36	36.000
CT	718	18	35	35.000
CT	717	28	51	51.000
CT	716	22	40	40.000
CT	715	17	22	22.000
CT	714	16	32	32.000
CT	713	14	21	21.000
CT	712	18	30	30.000
CT	711	13	28	28.000
CT	710	19	32	32.000
CT	709	17	33	33.000
CT	708	22	41	41.000
CT	707	16	30	30.000
CT	706	16	30	30.000
CT	705	20	36	36.000
CT	704	14	25	25.000
CT	703	17	26	26.000
CT	702	22	32	32.000
CT	701	19	36	36.000
CT	700	11	16	16.000
CT	699	18	30	30.000
CT	698	22	34	34.000
CT	697	28	41	41.000
CT	696	26	39	39.000
CT	695	19	28	28.000
CT	694	20	35	35.000
CT	693	18	33	33.000
CT	692	18	37	37.000
CT	691	15	25	25.000
CT	690	24	39	39.000
CT	689	18	25	25.000
CT	688	25	44	44.000
CT	687	25	42	42.000
CT	686	33	53	53.000
CT	685	33	52	52.000
CT	684	26	44	44.000
CT	683	23	38	38.000
CT	682	24	47	47.000
CT	681	23	43	43.000
CT	680	30	44	44.000
CT	679	30	47	47.000
CT	678	24	42	42.000
CT	677	20	35	35.000
CT	676	25	43	43.000
CT	675	31	51	51.000
CT	674	20	29	29.000
CT	673	32	49	49.000
CT	672	27	42	42.000
CT	671	30	52	52.000
CT	670	25	34	34.000
CT	669	30	45	45.000
CT	668	33	46	46.000
CT	667	20	35	35.000
CT	666	31	55	55.000
CT	665	32	53	53.000
CT	664	28	42	42.000
CT	663	24	36	36.000
CT	662	25	43	43.000
CT	661	27	47	47.000
CT	660	27	41	41.000
CT	659	33	60	60.000
CT	658	26	43	43.000
CT	657	46	67	67.000
CT	656	28	42	42.000
CT	655	30	43	43.000
CT	654	27	38	38.000
CT	653	38	61	61.000
CT	652	39	60	60.000
CT	651	46	66	66.000
CT	650	53	68	68.000
CT	649	50	76	76.000
CT	648	36	56	56.000
CT	647	41	70	70.000
CT	646	55	79	79.000
CT	645	53	78	78.000
CT	644	47	73	73.000
CT	643	52	76	76.000
CT	642	42	58	58.000
CT	641	46	68	68.000
CT	640	33	51	51.000
CT	639	49	78	78.000
CT	638	40	59	59.000
CT	637	43	66	66.000
CT	636	52	77	77.000
CT	635	38	61	61.000
CT	634	54	75	75.000
CT	633	45	63	63.000
CT	632	58	78	78.000
CT	631	50	66	66.000
CT	630	48	65	65.000
CT	629	44	66	66.000
CT	628	46	62	62.000
CT	627	34	47	47.000
CT	626	50	80	80.000
CT	625	39	51	51.000
CT	624	41	56	56.000
CT	623	53	65	65.000
CT	622	57	72	72.000
CT	621	62	79	79.000
CT	620	56	69	69.000
CT	619	51	69	69.000
CT	618	55	66	66.000
CT	617	71	91	91.000
CT	616	61	80	80.000
CT	615	59	71	71.000
CT	614	66	77	77.000
CT	613	63	73	73.000
CT	612	66	85	85.000
CT	611	68	83	83.000
CT	610	54	67	67.000
CT	609	67	88	88.000
CT	608	75	86	86.000
CT	607	79	91	91.000
CT	606	72	83	83.000
CT	605	70	74	74.000
CT	604	80	87	87.000
CT	603	70	81	81.000
CT	602	71	81	81.000
CT	601	77	103	103.000
CT	600	65	87	87.000
CT	599	79	95	95.000
CT	598	89	107	107.000
CT	597	91	106	106.000
CT	596	76	87	87.000
CT	595	103	122	122.000
CT	594	94	111	111.000
CT	593	96	118	118.000
CT	592	104	115	115.000
CT	591	78	103	103.000
CT	590	93	100	100.000
CT	589	101	117	117.000
CT	588	130	140	140.000
CT	587	90	106	106.000
CT	586	132	150	150.000
CT	585	127	142	142.000
CT	584	141	158	158.000
CT	583	167	188	188.000
CT	582	134	147	147.000
CT	581	149	173	173.000
CT	580	144	159	159.000
CT	579	144	152	152.000
CT	578	146	150	150.000
CT	577	139	149	149.000
CT	576	145	155	155.000
CT	575	151	156	156.000
CT	574	145	164	164.000
CT	573	173	188	188.000
CT	572	198	215	215.000
CT	571	189	202	202.000
CT	570	184	195	195.000
CT	569	194	213	213.000
CT	568	194	215	215.000
CT	567	176	188	188.000
CT	566	195	211	211.000
CT	565	239	258	258.000
CT	564	224	234	234.000
CT	563	218	235	235.000
CT	562	228	241	241.000
CT	561	241	253	253.000
CT	560	222	243	243.000
CT	559	243	273	273.000
CT	558	289	310	310.000
CT	557	275	303	303.000
CT	556	258	275	275.000
CT	555	265	294	294.000
CT	554	278	292	292.000
CT	553	343	363	363.000
CT	552	321	338	338.000
CT	551	337	355	355.000
CT	550	396	424	424.000
CT	549	383	399	399.000
CT	548	393	413	413.000
CT	547	364	387	387.000
CT	546	404	425	425.000
CT	545	392	413	413.000
CT	544	405	432	432.000
CT	543	433	452	452.000
CT	542	442	463	463.000
CT	541	439	453	453.000
CT	540	436	454	454.000
CT	539	496	507	507.000
CT	538	445	458	458.000
CT	537	471	485	485.000
CT	536	484	493	493.000
CT	535	508	523	523.000
CT	534	537	561	561.000
CT	533	597	617	617.000
CT	532	574	584	584.000
CT	531	655	676	676.000
CT	530	690	711	711.000
CT	529	675	687	687.000
CT	528	719	742	742.000
CT	527	731	745	745.000
CT	526	697	712	712.000
CT	525	730	744	744.000
CT	524	792	803	803.000
CT	523	802	814	814.000
CT	522	827	845	845.000
CT	521	811	830	830.000
CT	520	896	909	909.000
CT	519	841	843	843.000
CT	518	925	936	936.000
CT	517	951	962	962.000
CT	516	999	1016	1016.000
CT	515	979	989	989.000
CT	514	1003	1018	1018.000
CT	513	1056	1065	1065.000
CT	512	1039	1052	1052.000
CT	511	1102	1112	1112.000
CT	510	1137	1157	1157.000
CT	509	1165	1178	1178.000
CT	508	1168	1184	1184.000
CT	507	1227	1244	1244.000
CT	506	1243	1255	1255.000
CT	505	1272	1293	1293.000
CT	504	1221	1237	1237.000
CT	503	1290	1308	1308.000
CT	502	1318	1329	1329.000
CT	501	1468	1490	1490.000
CT	500	1457	1471	1471.000
CT	499	1430	1440	1440.000
CT	498	1436	1451	1451.000
CT	497	1491	1508	1508.000
CT	496	1595	1600	1600.000
CT	495	1670	1680	1680.000
CT	494	1567	1586	1586.000
CT	493	1687	1692	1692.000
CT	492	1686	1697	1697.000
CT	491	1877	1896	1896.000
CT	490	1811	1825	1825.000
CT	489	1898	1913	1913.000
CT	488	2009	2022	2022.000
CT	487	2015	2027	2027.000
CT	486	2000	2010	2010.000
CT	485	2056	2068	2068.000
CT	484	1999	2009	2009.000
CT	483	2154	2162	2162.000
CT	482	2319	2324	2324.000
CT	481	2381	2393	2393.000
CT	480	2364	2372	2372.000
CT	479	2363	2373	2373.000
CT	478	2509	2514	2514.000
CT	477	2656	2666	2666.000
CT	476	2680	2690	2690.000
CT	475	2695	2710	2710.000
CT	474	2839	2843	2843.000
CT	473	2903	2925	2925.000
CT	472	3067	3084	3084.000
CT	471	3100	3109	3109.000
CT	470	3108	3123	3123.000
CT	469	3181	3184	3184.000
CT	468	3363	3375	3375.000
CT	467	3405	3415	3415.000
CT	466	3540	3546	3546.000
CT	465	3463	3479	3479.000
CT	464	3623	3639	3639.000
CT	463	3733	3742	3742.000
CT	462	3747	3757	3757.000
CT	461	3902	3918	3918.000
CT	460	4102	4116	4116.000
CT	459	4050	4070	4070.000
CT	458	4368	4391	4391.000
CT	457	4278	4293	4293.000
CT	456	4466	4483	4483.000
CT	455	4466	4482	4482.000
CT	454	4600	4620	4620.000
CT	453	4594	4614	4614.000
CT	452	4797	4815	4815.000
CT	451	4894	4907	4907.000
CT	450	4988	4995	4995.000
CT	449	5091	5096	5096.000
CT	448	5230	5250	5250.000
CT	447	5208	5227	5227.000
CT	446	5614	5633	5633.000
CT	445	5658	5660	5660.000
CT	444	5761	5776	5776.000
CT	443	5916	5921	5921.000
CT	442	6052	6054	6054.000
CT	441	6286	6291	6291.000
CT	440	6457	6464	6464.000
CT	439	6504	6502	6502.000
CT	438	6607	6612	6612.000
CT	437	6509	6513	6513.000
CT	436	6789	6791	6791.000
CT	435	6882	6877	6877.000
CT	434	7019	7027	7027.000
CT	433	7104	7108	7108.000
CT	432	7215	7224	7224.000
CT	431	7321	7330	7330.000
CT	430	7697	7701	7701.000
CT	429	7650	7657	7657.000
CT	428	7855	7862	7862.000
CT	427	7993	7998	7998.000
CT	426	8042	8052	8052.000
CT	425	8163	8167	8167.000
CT	424	8229	8230	8230.000
CT	423	8378	8381	8381.000
CT	422	8726	8726	8726.000
CT	421	8606	8610	8610.000
CT	420	8837	8847	8847.000
CT	419	9079	9086	9086.000
CT	418	9279	9282	9282.000
CT	417	9180	9183	9183.000
CT	416	9455	9461	9461.000
CT	415	9699	9705	9705.000
CT	414	9732	9738	9738.000
CT	413	9842	9842	9842.000
CT	412	10120	10122	10122.000
CT	411	10094	10099	10099.000
CT	410	10433	10436	10436.000
CT	409	10425	10429	10429.000
CT	408	10815	10816	10816.000
CT	407	10932	10935	10935.000
CT	406	10979	10982	10982.000
CT	405	11285	11289	11289.000
CT	404	11290	11298	11298.000
CT	403	11476	11481	11481.000
CT	402	11332	11338	11338.000
CT	401	11587	11595	11595.000
CT	400	11925	11928	11928.000
CT	399	12082	12089	12089.000
CT	398	12371	12379	12379.000
CT	397	12605	12607	12607.000
CT	396	12478	12483	12483.000
CT	395	12743	12748	12748.000
CT	394	12862	12863	12863.000
CT	393	13110	13117	13117.000
CT	392	13574	13584	13584.000
CT	391	13490	13500	13500.000
CT	390	13729	13737	13737.000
CT	389	13860	13866	13866.000
CT	388	13972	13977	13977.000
CT	387	14312	14313	14313.000
CT	386	14563	14572	14572.000
CT	385	14697	14700	14700.000
CT	384	14738	14732	14732.000
CT	383	14880	14888	14888.000
CT	382	15275	15278	15278.000
CT	381	15211	15215	15215.000
CT	380	15470	15475	15475.000
CT	379	15585	15591	15591.000
CT	378	15638	15649	15649.000
CT	377	15994	16004	16004.000
CT	376	16024	16026	16026.000
CT	375	16101	16101	16101.000
CT	374	16444	16453	16453.000
CT	373	16703	16713	16713.000
CT	372	16555	16562	16562.000
CT	371	17058	17062	17062.000
CT	370	17198	17204	17204.000
CT	369	17181	17186	17186.000
CT	368	17181	17187	17187.000
CT	367	17486	17489	17489.000
CT	366	17781	17783	17783.000
CT	365	18027	18037	18037.000
CT	364	18147	18157	18157.000
CT	363	18196	18201	18201.000
CT	362	18525	18525	18525.000
CT	361	18272	18275	18275.000
CT	360	18425	18433	18433.000
CT	359	18579	18583	18583.000
CT	358	18705	18703	18703.000
CT	357	18952	18960	18960.000
CT	356	18953	18951	18951.000
CT	355	19124	19129	19129.000
CT	354	19330	19338	19338.000
CT	353	19120	19124	19124.000
CT	352	19212	19212	19212.000
CT	351	19580	19585	19585.000
CT	350	19585	19588	19588.000
CT	349	19859	19860	19860.000
CT	348	20093	20100	20100.000
CT	347	20255	20257	20257.000
CT	346	20359	20363	20363.000
CT	345	20401	20415	20415.000
CT	344	20339	20350	20350.000
CT	343	20688	20710	20710.000
CT	342	20394	20399	20399.000
CT	341	20447	20451	20451.000
CT	340	20682	20684	20684.000
CT	339	20532	20537	20537.000
CT	338	20661	20665	20665.000
CT	337	20525	20529	20529.000
CT	336	20579	20588	20588.000
CT	335	20871	20875	20875.000
CT	334	20682	20685	20685.000
CT	333	20681	20681	20681.000
CT	332	20680	20682	20682.000
CT	331	21000	21004	21004.000
CT	330	21017	21018	21018.000
CT	329	20861	20860	20860.000
CT	328	20917	20917	20917.000
CT	327	20955	20960	20960.000
CT	326	21241	21239	21239.000
CT	325	20948	20949	20949.000
CT	324	20884	20882	20882.000
CT	323	20655	20657	20657.000
CT	322	20928	20934	20934.000
CT	321	20812	20811	20811.000
CT	320	20744	20745	20745.000
CT	319	20588	20587	20587.000
CT	318	20410	20409	20409.000
CT	317	20551	20549	20549.000
CT	316	20816	20813	20813.000
CT	315	20651	20648	20648.000
CT	314	20514	20514	20514.000
CT	313	20358	20357	20357.000
CT	312	20323	20323	20323.000
CT	311	20092	20091	20091.000
CT	310	19957	19954	19954.000
CT	309	20073	20069	20069.000
CT	308	19687	19682	19682.000
CT	307	19796	19788	19788.000
CT	306	19812	19811	19811.000
CT	305	19739	19740	19740.000
CT	304	19416	19412	19412.000
CT	303	19336	19332	19332.000
CT	302	19211	19212	19212.000
CT	301	18783	18786	18786.000
CT	300	18795	18794	18794.000
CT	299	18433	18432	18432.000
CT	298	18501	18498	18498.000
CT	297	18068	18068	18068.000
CT	296	18038	18036	18036.000
CT	295	18123	18125	18125.000
CT	294	17668	17665	17665.000
CT	293	17492	17488	17488.000
CT	292	17539	17539	17539.000
CT	291	17241	17238	17238.000
CT	290	17251	17251	17251.000
CT	289	16651	16648	16648.000
CT	288	16422	16417	16417.000
CT	287	16092	16088	16088.000
CT	286	16168	16167	16167.000
CT	285	15994	15994	15994.000
CT	284	15823	15819	15819.000
CT	283	15529	15527	15527.000
CT	282	15256	15255	15255.000
CT	281	15133	15130	15130.000
CT	280	14743	14744	14744.000
CT	279	14665	14664	14664.000
CT	278	14538	14538	14538.000
CT	277	14382	14380	14380.000
CT	276	14213	14211	14211.000
CT	275	13773	13769	13769.000
CT	274	13765	13766	13766.000
CT	273	13723	13721	13721.000
CT	272	13401	13399	13399.000
CT	271	13336	13333	13333.000
CT	270	13065	13056	13056.000
CT	269	12814	12811	12811.000
CT	268	12528	12526	12526.000
CT	267	12518	12514	12514.000
CT	266	12154	12147	12147.000
CT	265	12024	12017	12017.000
CT	264	11891	11885	11885.000
CT	263	11684	11673	11673.000
CT	262	11272	11268	11268.000
CT	261	11211	11207	11207.000
CT	260	11235	11228	11228.000
CT	259	10881	10871	10871.000
CT	258	10581	10578	10578.000
CT	257	10381	10375	10375.000
CT	256	10153	10146	10146.000
CT	255	9919	9913	9913.000
CT	254	9907	9901	9901.000
CT	253	9694	9692	9692.000
CT	252	9259	9253	9253.000
CT	251	9201	9199	9199.000
CT	250	8935	8936	8936.000
CT	249	8774	8772	8772.000
CT	248	8619	8622	8622.000
CT	247	8373	8369	8369.000
CT	246	8052	8050	8050.000
CT	245	7787	7784	7784.000
CT	244	7544	7535	7535.000
CT	243	7445	7445	7445.000
CT	242	7251	7245	7245.000
CT	241	6983	6983	6983.000
CT	240	7019	7019	7019.000
CT	239	6682	6676	6676.000
CT	238	6580	6576	6576.000
CT	237	6425	6424	6424.000
CT	236	6183	6182	6182.000
CT	235	5937	5930	5930.000
CT	234	6074	6064	6064.000
CT	233	5864	5863	5863.000
CT	232	5486	5483	5483.000
CT	231	5470	5470	5470.000
CT	230	5361	5361	5361.000
CT	229	5132	5138	5138.000
CT	228	4988	4987	4987.000
CT	227	4835	4839	4839.000
CT	226	4756	4759	4759.000
CT	225	4580	4580	4580.000
CT	224	4327	4326	4326.000
CT	223	4318	4318	4318.000
CT	222	4300	4300	4300.000
CT	221	4188	4191	4191.000
CT	220	3934	3939	3939.000
CT	219	3818	3821	3821.000
CT	218	3779	3784	3784.000
CT	217	3616	3624	3624.000
CT	216	3446	3447	3447.000
CT	215	3452	3455	3455.000
CT	214	3391	3394	3394.000
CT	213	3208	3209	3209.000
CT	212	3146	3146	3146.000
CT	211	3031	3031	3031.000
CT	210	2906	2906	2906.000
CT	209	2634	2632	2632.000
CT	208	2716	2715	2715.000
CT	207	2505	2505	2505.000
CT	206	2615	2612	2612.000
CT	205	2426	2426	2426.000
CT	204	2297	2297	2297.000
CT	203	2168	2167	2167.000
CT	202	2075	2073	2073.000
CT	201	1971	1972	1972.000
CT	200	2020	2016	2016.000
CT	199	1835	1832	1832.000
CT	198	1769	1766	1766.000
CT	197	1843	1839	1839.000
CT	196	1745	1740	1740.000
CT	195	1620	1619	1619.000
CT	194	1657	1655	1655.000
CT	193	1536	1526	1526.000
CT	192	1481	1481	1481.000
CT	191	1366	1364	1364.000
CT	190	1273	1266	1266.000
CT	189	1309	1307	1307.000
CT	188	1284	1282	1282.000
CT	187	1297	1295	1295.000
CT	186	1221	1219	1219.000
CT	185	1203	1204	1204.000
CT	184	1151	1147	1147.000
CT	183	1105	1104	1104.000
CT	182	1065	1059	1059.000
CT	181	961	953	953.000
CT	180	953	947	947.000
CT	179	875	869	869.000
CT	178	856	851	851.000
CT	177	846	837	837.000
CT	176	859	849	849.000
CT	175	756	742	742.000
CT	174	748	743	743.000
CT	173	770	763	763.000
CT	172	738	729	729.000
CT	171	760	752	752.000
CT	170	749	742	742.000
CT	169	720	707	707.000
CT	168	666	660	660.000
CT	167	652	643	643.000
CT	166	647	639	639.000
CT	165	567	561	561.000
CT	164	510	504	504.000
CT	163	547	542	542.000
CT	162	548	541	541.000
CT	161	445	435	435.000
CT	160	473	464	464.000
CT	159	420	408	408.000
CT	158	402	393	393.000
CT	157	395	382	382.000
CT	156	380	364	364.000
CT	155	343	333	333.000
CT	154	292	285	285.000
CT	153	332	323	323.000
CT	152	333	322	322.000
CT	151	334	329	329.000
CT	150	338	333	333.000
CT	149	351	346	346.000
CT	148	327	324	324.000
CT	147	343	332	332.000
CT	146	316	301	301.000
CT	145	290	286	286.000
CT	144	268	259	259.000
CT	143	274	270	270.000
CT	142	277	265	265.000
CT	141	244	236	236.000
CT	140	214	207	207.000
CT	139	249	232	232.000
CT	138	225	209	209.000
CT	137	188	173	173.000
CT	136	194	180	180.000
CT	135	200	187	187.000
CT	134	175	157	157.000
CT	133	179	161	161.000
CT	132	176	163	163.000
CT	131	140	138	138.000
CT	130	168	158	158.000
CT	129	165	142	142.000
CT	128	162	135	135.000
CT	127	167	142	142.000
CT	126	147	111	111.000
CT	125	162	130	130.000
CT	124	140	117	117.000
CT	123	146	127	127.000
CT	122	152	115	115.000
CT	121	148	116	116.000
CT	120	143	107	107.000
CT	119	120	95	95.000
CT	118	110	89	89.000
CT	117	92	64	64.000
CT	116	103	70	70.000
CT	115	88	60	60.000
CT	114	94	63	63.000
CT	113	96	71	71.000
CT	112	109	80	80.000
CT	111	78	59	59.000
CT	110	72	61	61.000
CT	109	64	54	54.000
CT	108	68	56	56.000
CT	107	82	66	66.000
CT	106	83	63	63.000
CT	105	98	70	70.000
CT	104	74	54	54.000
CT	103	75	54	54.000
CT	102	86	61	61.000
CT	101	75	51	51.000
CT	100	72	53	53.000
CT	99	50	31	31.000
CT	98	67	47	47.000
CT	97	54	33	33.000
CT	96	70	50	50.000
CT	95	92	60	60.000
CT	94	85	48	48.000
CT	93	89	58	58.000
CT	92	102	71	71.000
CT	91	89	57	57.000
CT	90	72	42	42.000
CT	89	98	69	69.000
CT	88	88	56	56.000
CT	87	72	36	36.000
CT	86	88	30	30.000
CT	85	61	22	22.000
CT	84	96	33	33.000
CT	83	83	41	41.000
CT	82	81	34	34.000
CT	81	80	31	31.000
CT	80	100	44	44.000
CT	79	99	33	33.000
CT	78	87	16	16.000
CT	77	84	19	19.000
CT	76	101	38	38.000
CT	75	113	33	33.000
CT	74	86	28	28.000
CT	73	107	35	35.000
CT	72	91	39	39.000
CT	71	99	32	32.000
CT	70	130	41	41.000
CT	69	123	36	36.000
CT	68	115	34	34.000
CT	67	128	35	35.000
CT	66	154	35	35.000
CT	65	140	24	24.000
CT	64	171	27	27.000
CT	63	184	20	20.000
CT	62	178	32	32.000
CT	61	183	22	22.000
CT	60	175	21	21.000
CT	59	174	25	25.000
CT	58	200	12	12.000
CT	57	198	16	16.000
CT	56	192	7	7.000
CT	55	274	8	8.000
CT	54	234	4	4.000
CT	53	276	10	10.000
CT	52	305	23	23.000
CT	51	404	35	35.000
CT	50	394	25	25.000
CT	49	403	17	17.000
CT	48	520	13	13.000
CT	47	609	24	24.000
CT	46	670	26	26.000
CT	45	740	26	26.000
CT	44	766	14	14.000
CT	43	844	16	16.000
CT	42	938	5	5.000
CT	41	1024	6	6.000
CT	40	1155	11	11.000
CT	39	1366	12	12.000
CT	38	1670	11	11.000
CT	37	1950	1	1.000
CT	36	2286	0	0.000
CT	35	2832	1	1.000
CT	34	3335	2	2.000
CT	33	4225	0	0.000
CT	32	5201	0	0.000
CT	31	6324	0	0.000
CT	30	8037	0	0.000
CT	29	10192	0	0.000
CT	28	12694	0	0.000
CT	27	16339	0	0.000
CT	26	21822	0	0.000
CT	25	27763	0	0.000
CT	24	35758	0	0.000
CT	23	48424	0	0.000
CT	22	63192	0	0.000
CT	21	82038	0	0.000
CT	20	105311	0	0.000
CT	19	133935	0	0.000
CT	18	165002	0	0.000
CT	17	201826	0	0.000
CT	16	243290	0	0.000
CT	15	286118	0	0.000
CT	14	324254	0	0.000
CT	13	366042	0	0.000
CT	12	397884	0	0.000
CT	11	419960	0	0.000
CT	10	440927	0	0.000
CT	9	449334	0	0.000
CT	8	464844	0	0.000
CT	7	506005	0	0.000
CT	6	633487	0	0.000
CT	5	952848	0	0.000
CT	4	1799813	0	0.000
CT	3	4271312	0	0.000
CT	2	13488301	0	0.000
CT	1	0	0	-nan
CT	0	0	0	-nan
FR	0	0
ER	3496412	0.000
CV	1.000
QV	inf	inf
