HS	1023	0	12382	12382
HS	1022	0	3	12385
HS	1021	0	3	12388
HS	1020	0	8	12396
HS	1019	0	11	12407
HS	1018	0	5	12412
HS	1017	0	8	12420
HS	1016	0	8	12428
HS	1015	0	3	12431
HS	1014	0	3	12434
HS	1013	0	7	12441
HS	1012	0	4	12445
HS	1011	0	8	12453
HS	1010	0	2	12455
HS	1009	0	2	12457
HS	1008	0	7	12464
HS	1007	0	2	12466
HS	1006	0	4	12470
HS	1005	0	9	12479
HS	1004	0	10	12489
HS	1003	0	3	12492
HS	1002	0	6	12498
HS	1001	0	5	12503
HS	1000	0	8	12511
HS	999	0	5	12516
HS	998	0	11	12527
HS	997	0	6	12533
HS	996	0	5	12538
HS	995	0	5	12543
HS	994	0	5	12548
HS	993	0	5	12553
HS	992	0	4	12557
HS	991	0	3	12560
HS	990	0	4	12564
HS	989	0	8	12572
HS	988	0	8	12580
HS	987	0	6	12586
HS	986	0	5	12591
HS	985	0	8	12599
HS	984	0	5	12604
HS	983	0	6	12610
HS	982	0	2	12612
HS	981	0	4	12616
HS	980	0	6	12622
HS	979	0	5	12627
HS	978	0	5	12632
HS	977	0	6	12638
HS	976	0	2	12640
HS	975	0	4	12644
HS	974	0	12	12656
HS	973	0	3	12659
HS	972	0	8	12667
HS	971	0	3	12670
HS	970	0	5	12675
HS	969	0	8	12683
HS	968	0	9	12692
HS	967	0	7	12699
HS	966	0	6	12705
HS	965	0	4	12709
HS	964	0	8	12717
HS	963	0	3	12720
HS	962	0	6	12726
HS	961	0	10	12736
HS	960	0	9	12745
HS	959	0	8	12753
HS	958	0	5	12758
HS	957	0	4	12762
HS	956	0	5	12767
HS	955	0	4	12771
HS	954	0	3	12774
HS	953	0	5	12779
HS	952	0	5	12784
HS	951	0	4	12788
HS	950	0	5	12793
HS	949	0	4	12797
HS	948	0	8	12805
HS	947	0	8	12813
HS	946	0	9	12822
HS	945	0	4	12826
HS	944	0	5	12831
HS	943	0	8	12839
HS	942	0	8	12847
HS	941	0	5	12852
HS	940	0	11	12863
HS	939	0	8	12871
HS	938	0	3	12874
HS	937	0	6	12880
HS	936	0	8	12888
HS	935	0	5	12893
HS	934	0	11	12904
HS	933	0	9	12913
HS	932	0	4	12917
HS	931	0	7	12924
HS	930	0	9	12933
HS	929	0	11	12944
HS	928	0	1	12945
HS	927	0	5	12950
HS	926	0	6	12956
HS	925	0	4	12960
HS	924	0	3	12963
HS	923	0	8	12971
HS	922	0	5	12976
HS	921	0	11	12987
HS	920	0	7	12994
HS	919	0	7	13001
HS	918	0	6	13007
HS	917	0	8	13015
HS	916	0	7	13022
HS	915	0	1	13023
HS	914	0	11	13034
HS	913	0	7	13041
HS	912	0	7	13048
HS	911	0	11	13059
HS	910	0	8	13067
HS	909	0	5	13072
HS	908	0	6	13078
HS	907	0	8	13086
HS	906	0	10	13096
HS	905	0	7	13103
HS	904	0	7	13110
HS	903	0	12	13122
HS	902	0	4	13126
HS	901	0	4	13130
HS	900	0	10	13140
HS	899	0	5	13145
HS	898	0	9	13154
HS	897	0	6	13160
HS	896	0	10	13170
HS	895	0	15	13185
HS	894	0	9	13194
HS	893	0	12	13206
HS	892	0	10	13216
HS	891	0	6	13222
HS	890	0	11	13233
HS	889	0	10	13243
HS	888	0	7	13250
HS	887	0	6	13256
HS	886	0	9	13265
HS	885	0	11	13276
HS	884	0	7	13283
HS	883	0	8	13291
HS	882	0	8	13299
HS	881	0	13	13312
HS	880	0	4	13316
HS	879	0	0	13316
HS	878	0	3	13319
HS	877	0	8	13327
HS	876	0	7	13334
HS	875	0	6	13340
HS	874	0	7	13347
HS	873	0	5	13352
HS	872	0	6	13358
HS	871	0	8	13366
HS	870	0	7	13373
HS	869	0	9	13382
HS	868	0	5	13387
HS	867	0	8	13395
HS	866	0	8	13403
HS	865	0	8	13411
HS	864	0	12	13423
HS	863	0	4	13427
HS	862	0	4	13431
HS	861	0	0	13431
HS	860	0	4	13435
HS	859	0	8	13443
HS	858	0	6	13449
HS	857	0	8	13457
HS	856	0	5	13462
HS	855	0	8	13470
HS	854	0	6	13476
HS	853	0	6	13482
HS	852	0	8	13490
HS	851	0	6	13496
HS	850	0	6	13502
HS	849	0	8	13510
HS	848	0	7	13517
HS	847	0	11	13528
HS	846	0	5	13533
HS	845	0	13	13546
HS	844	0	10	13556
HS	843	0	16	13572
HS	842	0	8	13580
HS	841	0	9	13589
HS	840	0	10	13599
HS	839	0	6	13605
HS	838	0	10	13615
HS	837	0	5	13620
HS	836	0	9	13629
HS	835	0	12	13641
HS	834	0	7	13648
HS	833	0	14	13662
HS	832	0	7	13669
HS	831	0	10	13679
HS	830	0	11	13690
HS	829	0	13	13703
HS	828	0	12	13715
HS	827	0	12	13727
HS	826	0	9	13736
HS	825	0	9	13745
HS	824	0	8	13753
HS	823	0	9	13762
HS	822	0	17	13779
HS	821	0	7	13786
HS	820	0	11	13797
HS	819	0	10	13807
HS	818	0	10	13817
HS	817	0	14	13831
HS	816	0	14	13845
HS	815	0	15	13860
HS	814	0	18	13878
HS	813	0	15	13893
HS	812	0	16	13909
HS	811	0	14	13923
HS	810	0	14	13937
HS	809	0	11	13948
HS	808	0	7	13955
HS	807	0	9	13964
HS	806	0	10	13974
HS	805	0	7	13981
HS	804	0	11	13992
HS	803	0	13	14005
HS	802	0	11	14016
HS	801	0	14	14030
HS	800	0	14	14044
HS	799	0	11	14055
HS	798	0	10	14065
HS	797	0	11	14076
HS	796	0	9	14085
HS	795	0	13	14098
HS	794	0	14	14112
HS	793	0	13	14125
HS	792	0	12	14137
HS	791	0	12	14149
HS	790	0	9	14158
HS	789	0	5	14163
HS	788	0	8	14171
HS	787	0	15	14186
HS	786	0	12	14198
HS	785	0	9	14207
HS	784	0	6	14213
HS	783	0	8	14221
HS	782	0	7	14228
HS	781	0	3	14231
HS	780	0	4	14235
HS	779	0	8	14243
HS	778	0	8	14251
HS	777	0	6	14257
HS	776	0	8	14265
HS	775	0	4	14269
HS	774	0	11	14280
HS	773	0	11	14291
HS	772	0	6	14297
HS	771	0	12	14309
HS	770	0	13	14322
HS	769	0	7	14329
HS	768	0	8	14337
HS	767	0	8	14345
HS	766	0	2	14347
HS	765	0	7	14354
HS	764	0	6	14360
HS	763	0	6	14366
HS	762	0	9	14375
HS	761	0	10	14385
HS	760	0	6	14391
HS	759	0	5	14396
HS	758	0	8	14404
HS	757	0	12	14416
HS	756	0	8	14424
HS	755	0	9	14433
HS	754	0	4	14437
HS	753	0	7	14444
HS	752	0	7	14451
HS	751	0	12	14463
HS	750	0	6	14469
HS	749	0	11	14480
HS	748	0	10	14490
HS	747	0	10	14500
HS	746	0	8	14508
HS	745	0	10	14518
HS	744	0	9	14527
HS	743	0	5	14532
HS	742	0	8	14540
HS	741	0	13	14553
HS	740	0	11	14564
HS	739	0	11	14575
HS	738	0	10	14585
HS	737	0	10	14595
HS	736	0	17	14612
HS	735	0	13	14625
HS	734	0	15	14640
HS	733	0	8	14648
HS	732	0	16	14664
HS	731	0	16	14680
HS	730	0	16	14696
HS	729	0	22	14718
HS	728	0	18	14736
HS	727	0	20	14756
HS	726	0	19	14775
HS	725	0	20	14795
HS	724	0	13	14808
HS	723	0	14	14822
HS	722	0	25	14847
HS	721	0	18	14865
HS	720	0	16	14881
HS	719	0	21	14902
HS	718	0	18	14920
HS	717	0	28	14948
HS	716	0	22	14970
HS	715	0	17	14987
HS	714	0	16	15003
HS	713	0	14	15017
HS	712	0	18	15035
HS	711	0	13	15048
HS	710	0	19	15067
HS	709	0	17	15084
HS	708	0	22	15106
HS	707	0	16	15122
HS	706	0	16	15138
HS	705	0	20	15158
HS	704	0	14	15172
HS	703	0	17	15189
HS	702	0	22	15211
HS	701	0	19	15230
HS	700	0	11	15241
HS	699	0	18	15259
HS	698	0	22	15281
HS	697	0	28	15309
HS	696	0	26	15335
HS	695	0	19	15354
HS	694	0	20	15374
HS	693	0	18	15392
HS	692	0	18	15410
HS	691	0	15	15425
HS	690	0	24	15449
HS	689	0	18	15467
HS	688	0	25	15492
HS	687	0	25	15517
HS	686	0	33	15550
HS	685	0	33	15583
HS	684	0	26	15609
HS	683	0	23	15632
HS	682	0	24	15656
HS	681	0	23	15679
HS	680	0	30	15709
HS	679	0	30	15739
HS	678	0	24	15763
HS	677	0	20	15783
HS	676	0	25	15808
HS	675	0	31	15839
HS	674	0	20	15859
HS	673	0	32	15891
HS	672	0	27	15918
HS	671	0	30	15948
HS	670	0	25	15973
HS	669	0	30	16003
HS	668	0	33	16036
HS	667	0	20	16056
HS	666	0	31	16087
HS	665	0	32	16119
HS	664	0	28	16147
HS	663	0	24	16171
HS	662	0	25	16196
HS	661	0	27	16223
HS	660	0	27	16250
HS	659	0	33	16283
HS	658	0	26	16309
HS	657	0	46	16355
HS	656	0	28	16383
HS	655	0	30	16413
HS	654	0	27	16440
HS	653	0	38	16478
HS	652	0	39	16517
HS	651	0	46	16563
HS	650	0	53	16616
HS	649	0	50	16666
HS	648	0	36	16702
HS	647	0	41	16743
HS	646	0	55	16798
HS	645	0	53	16851
HS	644	0	47	16898
HS	643	0	52	16950
HS	642	0	42	16992
HS	641	0	46	17038
HS	640	0	33	17071
HS	639	0	49	17120
HS	638	0	40	17160
HS	637	0	43	17203
HS	636	0	52	17255
HS	635	0	38	17293
HS	634	0	54	17347
HS	633	0	45	17392
HS	632	0	58	17450
HS	631	0	50	17500
HS	630	0	48	17548
HS	629	0	44	17592
HS	628	0	46	17638
HS	627	0	34	17672
HS	626	0	50	17722
HS	625	0	39	17761
HS	624	0	41	17802
HS	623	0	53	17855
HS	622	0	57	17912
HS	621	0	62	17974
HS	620	0	56	18030
HS	619	0	51	18081
HS	618	0	55	18136
HS	617	0	71	18207
HS	616	0	61	18268
HS	615	0	59	18327
HS	614	0	66	18393
HS	613	0	63	18456
HS	612	0	66	18522
HS	611	0	68	18590
HS	610	0	54	18644
HS	609	0	67	18711
HS	608	0	75	18786
HS	607	0	79	18865
HS	606	0	72	18937
HS	605	0	70	19007
HS	604	0	80	19087
HS	603	0	70	19157
HS	602	0	71	19228
HS	601	0	77	19305
HS	600	0	65	19370
HS	599	0	79	19449
HS	598	0	89	19538
HS	597	0	91	19629
HS	596	0	76	19705
HS	595	0	103	19808
HS	594	0	94	19902
HS	593	0	96	19998
HS	592	0	104	20102
HS	591	0	78	20180
HS	590	0	93	20273
HS	589	0	101	20374
HS	588	0	130	20504
HS	587	0	90	20594
HS	586	0	132	20726
HS	585	0	127	20853
HS	584	0	141	20994
HS	583	0	167	21161
HS	582	0	134	21295
HS	581	0	149	21444
HS	580	0	144	21588
HS	579	0	144	21732
HS	578	0	146	21878
HS	577	0	139	22017
HS	576	0	145	22162
HS	575	0	151	22313
HS	574	0	145	22458
HS	573	0	173	22631
HS	572	0	198	22829
HS	571	0	189	23018
HS	570	0	184	23202
HS	569	0	194	23396
HS	568	0	194	23590
HS	567	0	176	23766
HS	566	0	195	23961
HS	565	0	239	24200
HS	564	0	224	24424
HS	563	0	218	24642
HS	562	0	228	24870
HS	561	0	241	25111
HS	560	0	222	25333
HS	559	0	243	25576
HS	558	0	289	25865
HS	557	0	275	26140
HS	556	0	258	26398
HS	555	0	265	26663
HS	554	0	278	26941
HS	553	0	343	27284
HS	552	0	321	27605
HS	551	0	337	27942
HS	550	0	396	28338
HS	549	0	383	28721
HS	548	0	393	29114
HS	547	0	364	29478
HS	546	0	404	29882
HS	545	0	392	30274
HS	544	0	405	30679
HS	543	0	433	31112
HS	542	0	442	31554
HS	541	0	439	31993
HS	540	0	436	32429
HS	539	0	496	32925
HS	538	0	445	33370
HS	537	0	471	33841
HS	536	0	484	34325
HS	535	0	508	34833
HS	534	0	537	35370
HS	533	0	597	35967
HS	532	0	574	36541
HS	531	0	655	37196
HS	530	0	690	37886
HS	529	0	675	38561
HS	528	0	719	39280
HS	527	0	731	40011
HS	526	0	697	40708
HS	525	0	730	41438
HS	524	0	792	42230
HS	523	0	802	43032
HS	522	0	827	43859
HS	521	0	811	44670
HS	520	0	896	45566
HS	519	0	841	46407
HS	518	0	925	47332
HS	517	0	951	48283
HS	516	0	999	49282
HS	515	0	979	50261
HS	514	0	1003	51264
HS	513	0	1056	52320
HS	512	0	1039	53359
HS	511	0	1102	54461
HS	510	0	1137	55598
HS	509	0	1165	56763
HS	508	0	1168	57931
HS	507	0	1227	59158
HS	506	0	1243	60401
HS	505	0	1272	61673
HS	504	0	1221	62894
HS	503	0	1290	64184
HS	502	0	1318	65502
HS	501	0	1468	66970
HS	500	0	1457	68427
HS	499	0	1430	69857
HS	498	0	1436	71293
HS	497	0	1491	72784
HS	496	0	1595	74379
HS	495	0	1670	76049
HS	494	0	1567	77616
HS	493	0	1687	79303
HS	492	0	1686	80989
HS	491	0	1877	82866
HS	490	0	1811	84677
HS	489	0	1898	86575
HS	488	0	2009	88584
HS	487	0	2015	90599
HS	486	0	2000	92599
HS	485	0	2056	94655
HS	484	0	1999	96654
HS	483	0	2154	98808
HS	482	0	2319	101127
HS	481	0	2381	103508
HS	480	0	2364	105872
HS	479	0	2363	108235
HS	478	0	2509	110744
HS	477	0	2656	113400
HS	476	0	2680	116080
HS	475	0	2695	118775
HS	474	0	2839	121614
HS	473	0	2903	124517
HS	472	0	3067	127584
HS	471	0	3100	130684
HS	470	0	3108	133792
HS	469	0	3181	136973
HS	468	0	3363	140336
HS	467	0	3405	143741
HS	466	0	3540	147281
HS	465	0	3463	150744
HS	464	0	3623	154367
HS	463	0	3733	158100
HS	462	0	3747	161847
HS	461	0	3902	165749
HS	460	0	4102	169851
HS	459	0	4050	173901
HS	458	0	4368	178269
HS	457	0	4278	182547
HS	456	0	4466	187013
HS	455	0	4466	191479
HS	454	0	4600	196079
HS	453	0	4594	200673
HS	452	0	4797	205470
HS	451	0	4894	210364
HS	450	0	4988	215352
HS	449	0	5091	220443
HS	448	0	5230	225673
HS	447	0	5208	230881
HS	446	0	5614	236495
HS	445	0	5658	242153
HS	444	0	5761	247914
HS	443	0	5916	253830
HS	442	0	6052	259882
HS	441	0	6286	266168
HS	440	0	6457	272625
HS	439	0	6504	279129
HS	438	0	6607	285736
HS	437	0	6509	292245
HS	436	0	6789	299034
HS	435	0	6882	305916
HS	434	0	7019	312935
HS	433	0	7104	320039
HS	432	0	7215	327254
HS	431	0	7321	334575
HS	430	0	7697	342272
HS	429	0	7650	349922
HS	428	0	7855	357777
HS	427	0	7993	365770
HS	426	0	8042	373812
HS	425	0	8163	381975
HS	424	0	8229	390204
HS	423	0	8378	398582
HS	422	0	8726	407308
HS	421	0	8606	415914
HS	420	0	8837	424751
HS	419	0	9079	433830
HS	418	0	9279	443109
HS	417	0	9180	452289
HS	416	0	9455	461744
HS	415	0	9699	471443
HS	414	0	9732	481175
HS	413	0	9842	491017
HS	412	0	10120	501137
HS	411	0	10094	511231
HS	410	0	10433	521664
HS	409	0	10425	532089
HS	408	0	10815	542904
HS	407	0	10932	553836
HS	406	0	10979	564815
HS	405	0	11285	576100
HS	404	0	11290	587390
HS	403	0	11476	598866
HS	402	0	11332	610198
HS	401	0	11587	621785
HS	400	0	11925	633710
HS	399	0	12082	645792
HS	398	0	12371	658163
HS	397	0	12605	670768
HS	396	0	12478	683246
HS	395	0	12743	695989
HS	394	0	12862	708851
HS	393	0	13110	721961
HS	392	0	13574	735535
HS	391	0	13490	749025
HS	390	0	13729	762754
HS	389	0	13860	776614
HS	388	0	13972	790586
HS	387	0	14312	804898
HS	386	0	14563	819461
HS	385	0	14697	834158
HS	384	0	14738	848896
HS	383	0	14880	863776
HS	382	0	15275	879051
HS	381	0	15211	894262
HS	380	0	15470	909732
HS	379	0	15585	925317
HS	378	0	15638	940955
HS	377	0	15994	956949
HS	376	0	16024	972973
HS	375	0	16101	989074
HS	374	0	16444	1005518
HS	373	0	16703	1022221
HS	372	0	16555	1038776
HS	371	0	17058	1055834
HS	370	0	17198	1073032
HS	369	0	17181	1090213
HS	368	0	17181	1107394
HS	367	0	17486	1124880
HS	366	0	17781	1142661
HS	365	0	18027	1160688
HS	364	0	18147	1178835
HS	363	0	18196	1197031
HS	362	0	18525	1215556
HS	361	0	18272	1233828
HS	360	0	18425	1252253
HS	359	0	18579	1270832
HS	358	0	18705	1289537
HS	357	0	18952	1308489
HS	356	0	18953	1327442
HS	355	0	19124	1346566
HS	354	0	19330	1365896
HS	353	0	19120	1385016
HS	352	0	19212	1404228
HS	351	0	19580	1423808
HS	350	0	19585	1443393
HS	349	0	19859	1463252
HS	348	0	20093	1483345
HS	347	0	20255	1503600
HS	346	0	20359	1523959
HS	345	0	20401	1544360
HS	344	0	20339	1564699
HS	343	0	20688	1585387
HS	342	0	20394	1605781
HS	341	0	20447	1626228
HS	340	0	20682	1646910
HS	339	0	20532	1667442
HS	338	0	20661	1688103
HS	337	0	20525	1708628
HS	336	0	20579	1729207
HS	335	0	20871	1750078
HS	334	0	20682	1770760
HS	333	0	20681	1791441
HS	332	0	20680	1812121
HS	331	0	21000	1833121
HS	330	0	21017	1854138
HS	329	0	20861	1874999
HS	328	0	20917	1895916
HS	327	0	20955	1916871
HS	326	0	21241	1938112
HS	325	0	20948	1959060
HS	324	0	20884	1979944
HS	323	0	20655	2000599
HS	322	0	20928	2021527
HS	321	0	20812	2042339
HS	320	0	20744	2063083
HS	319	0	20588	2083671
HS	318	0	20410	2104081
HS	317	0	20551	2124632
HS	316	0	20816	2145448
HS	315	0	20651	2166099
HS	314	0	20514	2186613
HS	313	0	20358	2206971
HS	312	0	20323	2227294
HS	311	0	20092	2247386
HS	310	0	19957	2267343
HS	309	0	20073	2287416
HS	308	0	19687	2307103
HS	307	0	19796	2326899
HS	306	0	19812	2346711
HS	305	0	19739	2366450
HS	304	0	19416	2385866
HS	303	0	19336	2405202
HS	302	0	19211	2424413
HS	301	0	18783	2443196
HS	300	0	18795	2461991
HS	299	0	18433	2480424
HS	298	0	18501	2498925
HS	297	0	18068	2516993
HS	296	0	18038	2535031
HS	295	0	18123	2553154
HS	294	0	17668	2570822
HS	293	0	17492	2588314
HS	292	0	17539	2605853
HS	291	0	17241	2623094
HS	290	0	17251	2640345
HS	289	0	16651	2656996
HS	288	0	16422	2673418
HS	287	0	16092	2689510
HS	286	0	16168	2705678
HS	285	0	15994	2721672
HS	284	0	15823	2737495
HS	283	0	15529	2753024
HS	282	0	15256	2768280
HS	281	0	15133	2783413
HS	280	0	14743	2798156
HS	279	0	14665	2812821
HS	278	0	14538	2827359
HS	277	0	14382	2841741
HS	276	0	14213	2855954
HS	275	0	13773	2869727
HS	274	0	13765	2883492
HS	273	0	13723	2897215
HS	272	0	13401	2910616
HS	271	0	13336	2923952
HS	270	0	13065	2937017
HS	269	0	12814	2949831
HS	268	0	12528	2962359
HS	267	0	12518	2974877
HS	266	0	12154	2987031
HS	265	0	12024	2999055
HS	264	0	11891	3010946
HS	263	0	11684	3022630
HS	262	0	11272	3033902
HS	261	0	11211	3045113
HS	260	0	11235	3056348
HS	259	0	10881	3067229
HS	258	0	10581	3077810
HS	257	0	10381	3088191
HS	256	0	10153	3098344
HS	255	0	9919	3108263
HS	254	0	9907	3118170
HS	253	0	9694	3127864
HS	252	0	9259	3137123
HS	251	0	9201	3146324
HS	250	0	8935	3155259
HS	249	0	8774	3164033
HS	248	0	8619	3172652
HS	247	0	8373	3181025
HS	246	0	8052	3189077
HS	245	0	7787	3196864
HS	244	0	7544	3204408
HS	243	0	7445	3211853
HS	242	0	7251	3219104
HS	241	0	6983	3226087
HS	240	0	7019	3233106
HS	239	0	6682	3239788
HS	238	0	6580	3246368
HS	237	0	6425	3252793
HS	236	0	6183	3258976
HS	235	0	5937	3264913
HS	234	0	6074	3270987
HS	233	0	5864	3276851
HS	232	0	5486	3282337
HS	231	0	5470	3287807
HS	230	0	5361	3293168
HS	229	0	5132	3298300
HS	228	0	4988	3303288
HS	227	0	4835	3308123
HS	226	0	4756	3312879
HS	225	0	4580	3317459
HS	224	0	4327	3321786
HS	223	0	4318	3326104
HS	222	0	4300	3330404
HS	221	0	4188	3334592
HS	220	0	3934	3338526
HS	219	0	3818	3342344
HS	218	0	3779	3346123
HS	217	0	3616	3349739
HS	216	0	3446	3353185
HS	215	0	3452	3356637
HS	214	0	3391	3360028
HS	213	0	3208	3363236
HS	212	0	3146	3366382
HS	211	0	3031	3369413
HS	210	0	2906	3372319
HS	209	0	2634	3374953
HS	208	0	2716	3377669
HS	207	0	2505	3380174
HS	206	0	2615	3382789
HS	205	0	2426	3385215
HS	204	0	2297	3387512
HS	203	0	2168	3389680
HS	202	0	2075	3391755
HS	201	0	1971	3393726
HS	200	0	2020	3395746
HS	199	0	1835	3397581
HS	198	0	1769	3399350
HS	197	0	1843	3401193
HS	196	0	1745	3402938
HS	195	0	1620	3404558
HS	194	0	1657	3406215
HS	193	0	1536	3407751
HS	192	0	1481	3409232
HS	191	0	1366	3410598
HS	190	0	1273	3411871
HS	189	0	1309	3413180
HS	188	0	1284	3414464
HS	187	0	1297	3415761
HS	186	0	1221	3416982
HS	185	0	1203	3418185
HS	184	0	1151	3419336
HS	183	0	1105	3420441
HS	182	0	1065	3421506
HS	181	0	961	3422467
HS	180	0	953	3423420
HS	179	0	875	3424295
HS	178	0	856	3425151
HS	177	0	846	3425997
HS	176	0	859	3426856
HS	175	0	756	3427612
HS	174	0	748	3428360
HS	173	0	770	3429130
HS	172	0	738	3429868
HS	171	0	760	3430628
HS	170	0	749	3431377
HS	169	0	720	3432097
HS	168	0	666	3432763
HS	167	0	652	3433415
HS	166	0	647	3434062
HS	165	0	567	3434629
HS	164	0	510	3435139
HS	163	0	547	3435686
HS	162	0	548	3436234
HS	161	0	445	3436679
HS	160	0	473	3437152
HS	159	0	420	3437572
HS	158	0	402	3437974
HS	157	0	395	3438369
HS	156	0	380	3438749
HS	155	0	343	3439092
HS	154	0	292	3439384
HS	153	0	332	3439716
HS	152	0	333	3440049
HS	151	0	334	3440383
HS	150	0	338	3440721
HS	149	0	351	3441072
HS	148	0	327	3441399
HS	147	0	343	3441742
HS	146	0	316	3442058
HS	145	0	290	3442348
HS	144	0	268	3442616
HS	143	0	274	3442890
HS	142	0	277	3443167
HS	141	0	244	3443411
HS	140	0	214	3443625
HS	139	0	249	3443874
HS	138	0	225	3444099
HS	137	0	188	3444287
HS	136	0	194	3444481
HS	135	0	200	3444681
HS	134	0	175	3444856
HS	133	0	179	3445035
HS	132	0	176	3445211
HS	131	0	140	3445351
HS	130	0	168	3445519
HS	129	0	165	3445684
HS	128	0	162	3445846
HS	127	0	167	3446013
HS	126	0	147	3446160
HS	125	0	162	3446322
HS	124	0	140	3446462
HS	123	0	146	3446608
HS	122	0	152	3446760
HS	121	0	148	3446908
HS	120	0	143	3447051
HS	119	0	120	3447171
HS	118	0	110	3447281
HS	117	0	92	3447373
HS	116	0	103	3447476
HS	115	0	88	3447564
HS	114	0	94	3447658
HS	113	0	96	3447754
HS	112	0	109	3447863
HS	111	0	78	3447941
HS	110	0	72	3448013
HS	109	0	64	3448077
HS	108	0	68	3448145
HS	107	0	82	3448227
HS	106	0	83	3448310
HS	105	0	98	3448408
HS	104	0	74	3448482
HS	103	0	75	3448557
HS	102	0	86	3448643
HS	101	0	75	3448718
HS	100	0	72	3448790
HS	99	0	50	3448840
HS	98	0	67	3448907
HS	97	0	54	3448961
HS	96	0	70	3449031
HS	95	0	92	3449123
HS	94	0	85	3449208
HS	93	0	89	3449297
HS	92	0	102	3449399
HS	91	0	89	3449488
HS	90	0	72	3449560
HS	89	0	98	3449658
HS	88	0	88	3449746
HS	87	0	72	3449818
HS	86	0	88	3449906
HS	85	0	61	3449967
HS	84	0	96	3450063
HS	83	0	83	3450146
HS	82	0	81	3450227
HS	81	0	80	3450307
HS	80	0	100	3450407
HS	79	0	99	3450506
HS	78	0	87	3450593
HS	77	0	84	3450677
HS	76	0	101	3450778
HS	75	0	113	3450891
HS	74	0	86	3450977
HS	73	0	107	3451084
HS	72	0	91	3451175
HS	71	0	99	3451274
HS	70	0	130	3451404
HS	69	0	123	3451527
HS	68	0	115	3451642
HS	67	0	128	3451770
HS	66	0	154	3451924
HS	65	0	140	3452064
HS	64	0	171	3452235
HS	63	0	184	3452419
HS	62	0	178	3452597
HS	61	0	183	3452780
HS	60	0	175	3452955
HS	59	0	174	3453129
HS	58	0	200	3453329
HS	57	0	198	3453527
HS	56	0	192	3453719
HS	55	0	274	3453993
HS	54	0	234	3454227
HS	53	0	276	3454503
HS	52	0	305	3454808
HS	51	0	404	3455212
HS	50	0	394	3455606
HS	49	0	403	3456009
HS	48	0	520	3456529
HS	47	0	609	3457138
HS	46	0	670	3457808
HS	45	0	740	3458548
HS	44	0	766	3459314
HS	43	0	844	3460158
HS	42	0	938	3461096
HS	41	0	1024	3462120
HS	40	0	1155	3463275
HS	39	0	1366	3464641
HS	38	0	1670	3466311
HS	37	0	1950	3468261
HS	36	0	2286	3470547
HS	35	0	2832	3473379
HS	34	0	3335	3476714
HS	33	0	4225	3480939
HS	32	0	5201	3486140
HS	31	0	6324	3492464
HS	30	0	8037	3500501
HS	29	0	10192	3510693
HS	28	0	12694	3523387
HS	27	0	16339	3539726
HS	26	0	21822	3561548
HS	25	0	27763	3589311
HS	24	0	35758	3625069
HS	23	0	48424	3673493
HS	22	0	63192	3736685
HS	21	0	82038	3818723
HS	20	0	105311	3924034
HS	19	0	133935	4057969
HS	18	0	165002	4222971
HS	17	0	201826	4424797
HS	16	0	243290	4668087
HS	15	0	286118	4954205
HS	14	0	324254	5278459
HS	13	0	366042	5644501
HS	12	0	397884	6042385
HS	11	0	419960	6462345
HS	10	0	440927	6903272
HS	9	0	449334	7352606
HS	8	0	464844	7817450
HS	7	0	506005	8323455
HS	6	0	633487	8956942
HS	5	0	952848	9909790
HS	4	0	1799813	11709603
HS	3	0	4271312	15980915
HS	2	0	13488301	29469216
HS	1	0	0	29469216
HS	0	0	0	29469216
