CC	CT  kmer_occurrence    short_read_kmer_count  raw_input_kmer_count  adjusted_input_kmer_count
CC	FR  fpr_lower_bound    fpr_upper_bound
CC	ER  total_input_kmers  adjusted_error_kmers
CC	CV  coverage
CC	QV  raw_quality_value  adjusted_quality_value
CC
SQ	JAUCFE010000008.1	4144015	4143985	4143985	99.00
CT	1023	5283	25586	25586.000
CT	1022	2	9	9.000
CT	1021	1	5	5.000
CT	1020	1	5	5.000
CT	1019	2	10	10.000
CT	1018	2	10	10.000
CT	1017	0	0	0.000
CT	1016	3	15	15.000
CT	1015	1	5	5.000
CT	1014	0	0	0.000
CT	1013	0	0	0.000
CT	1012	2	10	10.000
CT	1011	1	5	5.000
CT	1010	1	5	5.000
CT	1009	1	4	4.000
CT	1008	2	9	9.000
CT	1007	0	0	0.000
CT	1006	1	4	4.000
CT	1005	3	13	13.000
CT	1004	0	0	0.000
CT	1003	0	0	0.000
CT	1002	0	0	0.000
CT	1001	0	0	0.000
CT	1000	0	0	0.000
CT	999	0	0	0.000
CT	998	0	0	0.000
CT	997	0	0	0.000
CT	996	0	0	0.000
CT	995	0	0	0.000
CT	994	0	0	0.000
CT	993	1	5	5.000
CT	992	1	0	0.000
CT	991	1	5	5.000
CT	990	0	0	0.000
CT	989	0	0	0.000
CT	988	0	0	0.000
CT	987	0	0	0.000
CT	986	0	0	0.000
CT	985	2	10	10.000
CT	984	0	0	0.000
CT	983	4	17	17.000
CT	982	1	5	5.000
CT	981	1	5	5.000
CT	980	0	0	0.000
CT	979	1	4	4.000
CT	978	0	0	0.000
CT	977	1	0	0.000
CT	976	0	0	0.000
CT	975	0	0	0.000
CT	974	0	0	0.000
CT	973	0	0	0.000
CT	972	0	0	0.000
CT	971	0	0	0.000
CT	970	1	4	4.000
CT	969	2	4	4.000
CT	968	0	0	0.000
CT	967	0	0	0.000
CT	966	1	0	0.000
CT	965	0	0	0.000
CT	964	0	0	0.000
CT	963	0	0	0.000
CT	962	2	4	4.000
CT	961	0	0	0.000
CT	960	0	0	0.000
CT	959	0	0	0.000
CT	958	0	0	0.000
CT	957	0	0	0.000
CT	956	0	0	0.000
CT	955	1	5	5.000
CT	954	2	7	7.000
CT	953	0	0	0.000
CT	952	1	0	0.000
CT	951	0	0	0.000
CT	950	1	5	5.000
CT	949	1	3	3.000
CT	948	1	0	0.000
CT	947	0	0	0.000
CT	946	2	7	7.000
CT	945	1	3	3.000
CT	944	1	3	3.000
CT	943	2	9	9.000
CT	942	2	4	4.000
CT	941	0	0	0.000
CT	940	1	4	4.000
CT	939	1	4	4.000
CT	938	0	0	0.000
CT	937	0	0	0.000
CT	936	0	0	0.000
CT	935	3	11	11.000
CT	934	1	2	2.000
CT	933	3	8	8.000
CT	932	1	5	5.000
CT	931	2	8	8.000
CT	930	0	0	0.000
CT	929	1	4	4.000
CT	928	3	10	10.000
CT	927	3	14	14.000
CT	926	1	4	4.000
CT	925	2	7	7.000
CT	924	3	9	9.000
CT	923	1	3	3.000
CT	922	1	5	5.000
CT	921	2	9	9.000
CT	920	2	5	5.000
CT	919	0	0	0.000
CT	918	1	2	2.000
CT	917	0	0	0.000
CT	916	3	12	12.000
CT	915	1	5	5.000
CT	914	0	0	0.000
CT	913	1	3	3.000
CT	912	2	8	8.000
CT	911	1	5	5.000
CT	910	1	3	3.000
CT	909	3	7	7.000
CT	908	0	0	0.000
CT	907	1	3	3.000
CT	906	2	2	2.000
CT	905	0	0	0.000
CT	904	0	0	0.000
CT	903	1	0	0.000
CT	902	1	3	3.000
CT	901	0	0	0.000
CT	900	1	3	3.000
CT	899	1	3	3.000
CT	898	1	3	3.000
CT	897	3	8	8.000
CT	896	2	6	6.000
CT	895	3	8	8.000
CT	894	1	3	3.000
CT	893	1	3	3.000
CT	892	3	8	8.000
CT	891	0	0	0.000
CT	890	2	5	5.000
CT	889	0	0	0.000
CT	888	4	11	11.000
CT	887	1	2	2.000
CT	886	1	2	2.000
CT	885	1	2	2.000
CT	884	2	2	2.000
CT	883	0	0	0.000
CT	882	0	0	0.000
CT	881	2	4	4.000
CT	880	0	0	0.000
CT	879	4	8	8.000
CT	878	0	0	0.000
CT	877	5	12	12.000
CT	876	1	0	0.000
CT	875	2	4	4.000
CT	874	1	2	2.000
CT	873	4	10	10.000
CT	872	3	7	7.000
CT	871	2	5	5.000
CT	870	1	2	2.000
CT	869	5	11	11.000
CT	868	1	2	2.000
CT	867	2	5	5.000
CT	866	3	9	9.000
CT	865	2	5	5.000
CT	864	2	4	4.000
CT	863	6	14	14.000
CT	862	2	4	4.000
CT	861	3	7	7.000
CT	860	2	4	4.000
CT	859	3	8	8.000
CT	858	2	4	4.000
CT	857	6	18	18.000
CT	856	4	10	10.000
CT	855	6	13	13.000
CT	854	5	16	16.000
CT	853	4	10	10.000
CT	852	3	9	9.000
CT	851	2	6	6.000
CT	850	4	9	9.000
CT	849	7	17	17.000
CT	848	7	19	19.000
CT	847	3	8	8.000
CT	846	6	15	15.000
CT	845	4	8	8.000
CT	844	6	13	13.000
CT	843	1	2	2.000
CT	842	5	14	14.000
CT	841	3	6	6.000
CT	840	7	18	18.000
CT	839	7	20	20.000
CT	838	4	12	12.000
CT	837	9	18	18.000
CT	836	4	9	9.000
CT	835	6	16	16.000
CT	834	7	13	13.000
CT	833	5	12	12.000
CT	832	5	14	14.000
CT	831	4	11	11.000
CT	830	3	5	5.000
CT	829	4	11	11.000
CT	828	4	9	9.000
CT	827	4	12	12.000
CT	826	3	4	4.000
CT	825	8	21	21.000
CT	824	6	17	17.000
CT	823	9	22	22.000
CT	822	5	14	14.000
CT	821	3	5	5.000
CT	820	3	9	9.000
CT	819	2	8	8.000
CT	818	6	17	17.000
CT	817	4	10	10.000
CT	816	6	16	16.000
CT	815	3	7	7.000
CT	814	8	23	23.000
CT	813	4	12	12.000
CT	812	4	12	12.000
CT	811	7	21	21.000
CT	810	3	7	7.000
CT	809	5	15	15.000
CT	808	3	4	4.000
CT	807	4	8	8.000
CT	806	2	6	6.000
CT	805	6	15	15.000
CT	804	3	8	8.000
CT	803	2	6	6.000
CT	802	0	0	0.000
CT	801	3	8	8.000
CT	800	1	3	3.000
CT	799	4	11	11.000
CT	798	3	6	6.000
CT	797	5	9	9.000
CT	796	3	6	6.000
CT	795	1	2	2.000
CT	794	5	10	10.000
CT	793	1	1	1.000
CT	792	3	6	6.000
CT	791	5	7	7.000
CT	790	2	5	5.000
CT	789	1	3	3.000
CT	788	3	7	7.000
CT	787	2	5	5.000
CT	786	3	3	3.000
CT	785	5	11	11.000
CT	784	3	7	7.000
CT	783	0	0	0.000
CT	782	4	6	6.000
CT	781	4	12	12.000
CT	780	2	4	4.000
CT	779	4	8	8.000
CT	778	2	4	4.000
CT	777	3	7	7.000
CT	776	5	10	10.000
CT	775	10	21	21.000
CT	774	3	6	6.000
CT	773	7	15	15.000
CT	772	8	19	19.000
CT	771	5	13	13.000
CT	770	5	12	12.000
CT	769	8	18	18.000
CT	768	11	24	24.000
CT	767	6	15	15.000
CT	766	6	16	16.000
CT	765	8	19	19.000
CT	764	4	10	10.000
CT	763	9	17	17.000
CT	762	8	14	14.000
CT	761	5	13	13.000
CT	760	5	11	11.000
CT	759	10	22	22.000
CT	758	5	10	10.000
CT	757	9	18	18.000
CT	756	7	16	16.000
CT	755	8	18	18.000
CT	754	7	16	16.000
CT	753	11	21	21.000
CT	752	14	28	28.000
CT	751	14	30	30.000
CT	750	6	12	12.000
CT	749	11	25	25.000
CT	748	15	25	25.000
CT	747	17	35	35.000
CT	746	10	21	21.000
CT	745	10	23	23.000
CT	744	14	31	31.000
CT	743	6	13	13.000
CT	742	10	19	19.000
CT	741	8	20	20.000
CT	740	7	15	15.000
CT	739	10	17	17.000
CT	738	11	24	24.000
CT	737	10	18	18.000
CT	736	9	19	19.000
CT	735	11	19	19.000
CT	734	7	11	11.000
CT	733	8	18	18.000
CT	732	6	12	12.000
CT	731	11	21	21.000
CT	730	14	23	23.000
CT	729	17	41	41.000
CT	728	13	24	24.000
CT	727	21	43	43.000
CT	726	9	18	18.000
CT	725	18	31	31.000
CT	724	9	21	21.000
CT	723	11	23	23.000
CT	722	12	20	20.000
CT	721	7	16	16.000
CT	720	6	11	11.000
CT	719	6	13	13.000
CT	718	7	10	10.000
CT	717	8	19	19.000
CT	716	10	21	21.000
CT	715	14	34	34.000
CT	714	7	17	17.000
CT	713	9	16	16.000
CT	712	10	23	23.000
CT	711	7	15	15.000
CT	710	10	19	19.000
CT	709	11	26	26.000
CT	708	16	33	33.000
CT	707	14	32	32.000
CT	706	18	41	41.000
CT	705	11	23	23.000
CT	704	13	30	30.000
CT	703	14	29	29.000
CT	702	12	31	31.000
CT	701	6	13	13.000
CT	700	19	45	45.000
CT	699	7	16	16.000
CT	698	11	29	29.000
CT	697	9	20	20.000
CT	696	6	15	15.000
CT	695	18	42	42.000
CT	694	16	33	33.000
CT	693	20	44	44.000
CT	692	14	36	36.000
CT	691	22	47	47.000
CT	690	21	47	47.000
CT	689	18	40	40.000
CT	688	17	34	34.000
CT	687	20	51	51.000
CT	686	11	21	21.000
CT	685	14	26	26.000
CT	684	11	19	19.000
CT	683	14	27	27.000
CT	682	23	42	42.000
CT	681	10	23	23.000
CT	680	25	45	45.000
CT	679	19	35	35.000
CT	678	26	40	40.000
CT	677	18	31	31.000
CT	676	13	17	17.000
CT	675	12	21	21.000
CT	674	23	40	40.000
CT	673	19	33	33.000
CT	672	13	16	16.000
CT	671	18	24	24.000
CT	670	18	30	30.000
CT	669	19	30	30.000
CT	668	23	47	47.000
CT	667	12	21	21.000
CT	666	18	27	27.000
CT	665	14	22	22.000
CT	664	19	31	31.000
CT	663	22	38	38.000
CT	662	22	35	35.000
CT	661	23	34	34.000
CT	660	14	21	21.000
CT	659	20	23	23.000
CT	658	21	29	29.000
CT	657	29	41	41.000
CT	656	23	36	36.000
CT	655	21	29	29.000
CT	654	20	33	33.000
CT	653	23	37	37.000
CT	652	14	19	19.000
CT	651	22	32	32.000
CT	650	27	40	40.000
CT	649	29	41	41.000
CT	648	13	15	15.000
CT	647	15	24	24.000
CT	646	17	32	32.000
CT	645	22	25	25.000
CT	644	18	21	21.000
CT	643	23	36	36.000
CT	642	24	32	32.000
CT	641	26	36	36.000
CT	640	20	28	28.000
CT	639	39	49	49.000
CT	638	23	40	40.000
CT	637	26	38	38.000
CT	636	19	23	23.000
CT	635	30	45	45.000
CT	634	22	30	30.000
CT	633	32	40	40.000
CT	632	26	33	33.000
CT	631	35	44	44.000
CT	630	29	39	39.000
CT	629	31	45	45.000
CT	628	26	34	34.000
CT	627	23	31	31.000
CT	626	39	49	49.000
CT	625	31	37	37.000
CT	624	31	39	39.000
CT	623	29	35	35.000
CT	622	29	40	40.000
CT	621	36	50	50.000
CT	620	51	62	62.000
CT	619	39	49	49.000
CT	618	48	60	60.000
CT	617	45	61	61.000
CT	616	39	55	55.000
CT	615	59	74	74.000
CT	614	33	44	44.000
CT	613	45	59	59.000
CT	612	42	66	66.000
CT	611	50	57	57.000
CT	610	55	67	67.000
CT	609	39	50	50.000
CT	608	27	33	33.000
CT	607	58	73	73.000
CT	606	51	67	67.000
CT	605	46	54	54.000
CT	604	58	66	66.000
CT	603	62	77	77.000
CT	602	69	95	95.000
CT	601	54	68	68.000
CT	600	53	68	68.000
CT	599	62	72	72.000
CT	598	50	64	64.000
CT	597	57	64	64.000
CT	596	56	67	67.000
CT	595	68	83	83.000
CT	594	77	91	91.000
CT	593	79	105	105.000
CT	592	67	76	76.000
CT	591	78	93	93.000
CT	590	81	103	103.000
CT	589	71	84	84.000
CT	588	83	99	99.000
CT	587	81	102	102.000
CT	586	80	98	98.000
CT	585	99	116	116.000
CT	584	111	126	126.000
CT	583	92	120	120.000
CT	582	76	94	94.000
CT	581	85	103	103.000
CT	580	94	115	115.000
CT	579	110	120	120.000
CT	578	112	127	127.000
CT	577	112	127	127.000
CT	576	91	99	99.000
CT	575	99	122	122.000
CT	574	99	112	112.000
CT	573	97	110	110.000
CT	572	104	116	116.000
CT	571	116	133	133.000
CT	570	117	140	140.000
CT	569	92	104	104.000
CT	568	119	139	139.000
CT	567	121	130	130.000
CT	566	116	123	123.000
CT	565	135	154	154.000
CT	564	133	143	143.000
CT	563	134	142	142.000
CT	562	134	151	151.000
CT	561	150	162	162.000
CT	560	155	165	165.000
CT	559	166	178	178.000
CT	558	174	186	186.000
CT	557	158	168	168.000
CT	556	175	189	189.000
CT	555	167	183	183.000
CT	554	163	171	171.000
CT	553	197	213	213.000
CT	552	200	215	215.000
CT	551	187	199	199.000
CT	550	253	265	265.000
CT	549	192	190	190.000
CT	548	182	193	193.000
CT	547	201	213	213.000
CT	546	236	246	246.000
CT	545	217	222	222.000
CT	544	231	242	242.000
CT	543	221	221	221.000
CT	542	213	220	220.000
CT	541	216	224	224.000
CT	540	249	256	256.000
CT	539	248	251	251.000
CT	538	213	207	207.000
CT	537	235	242	242.000
CT	536	258	266	266.000
CT	535	272	280	280.000
CT	534	256	269	269.000
CT	533	265	271	271.000
CT	532	269	285	285.000
CT	531	288	286	286.000
CT	530	327	333	333.000
CT	529	309	319	319.000
CT	528	284	280	280.000
CT	527	308	311	311.000
CT	526	309	313	313.000
CT	525	318	337	337.000
CT	524	328	336	336.000
CT	523	339	359	359.000
CT	522	344	356	356.000
CT	521	361	371	371.000
CT	520	365	379	379.000
CT	519	360	366	366.000
CT	518	386	402	402.000
CT	517	396	417	417.000
CT	516	377	392	392.000
CT	515	379	389	389.000
CT	514	419	419	419.000
CT	513	437	430	430.000
CT	512	449	450	450.000
CT	511	405	412	412.000
CT	510	449	444	444.000
CT	509	431	433	433.000
CT	508	473	480	480.000
CT	507	476	470	470.000
CT	506	455	443	443.000
CT	505	478	471	471.000
CT	504	526	539	539.000
CT	503	538	536	536.000
CT	502	541	531	531.000
CT	501	544	538	538.000
CT	500	559	551	551.000
CT	499	580	576	576.000
CT	498	602	609	609.000
CT	497	566	553	553.000
CT	496	637	635	635.000
CT	495	675	672	672.000
CT	494	636	634	634.000
CT	493	681	688	688.000
CT	492	740	737	737.000
CT	491	808	821	821.000
CT	490	724	704	704.000
CT	489	776	782	782.000
CT	488	738	728	728.000
CT	487	843	839	839.000
CT	486	848	835	835.000
CT	485	886	870	870.000
CT	484	781	771	771.000
CT	483	921	920	920.000
CT	482	843	828	828.000
CT	481	871	870	870.000
CT	480	890	879	879.000
CT	479	989	976	976.000
CT	478	940	930	930.000
CT	477	976	966	966.000
CT	476	1000	997	997.000
CT	475	1035	1011	1011.000
CT	474	1039	1007	1007.000
CT	473	1057	1054	1054.000
CT	472	1100	1075	1075.000
CT	471	1135	1123	1123.000
CT	470	1129	1122	1122.000
CT	469	1165	1150	1150.000
CT	468	1206	1193	1193.000
CT	467	1245	1218	1218.000
CT	466	1197	1175	1175.000
CT	465	1319	1290	1290.000
CT	464	1217	1193	1193.000
CT	463	1330	1317	1317.000
CT	462	1340	1309	1309.000
CT	461	1380	1358	1358.000
CT	460	1474	1445	1445.000
CT	459	1466	1446	1446.000
CT	458	1509	1483	1483.000
CT	457	1567	1532	1532.000
CT	456	1621	1588	1588.000
CT	455	1616	1581	1581.000
CT	454	1704	1673	1673.000
CT	453	1704	1677	1677.000
CT	452	1777	1731	1731.000
CT	451	1837	1802	1802.000
CT	450	1880	1833	1833.000
CT	449	1945	1898	1898.000
CT	448	1906	1878	1878.000
CT	447	1993	1950	1950.000
CT	446	1982	1946	1946.000
CT	445	2116	2081	2081.000
CT	444	2128	2093	2093.000
CT	443	2126	2091	2091.000
CT	442	2294	2240	2240.000
CT	441	2307	2261	2261.000
CT	440	2313	2261	2261.000
CT	439	2386	2339	2339.000
CT	438	2309	2249	2249.000
CT	437	2354	2299	2299.000
CT	436	2396	2349	2349.000
CT	435	2456	2418	2418.000
CT	434	2546	2493	2493.000
CT	433	2597	2557	2557.000
CT	432	2613	2563	2563.000
CT	431	2783	2726	2726.000
CT	430	2658	2616	2616.000
CT	429	2911	2854	2854.000
CT	428	3036	2970	2970.000
CT	427	2992	2927	2927.000
CT	426	3083	2994	2994.000
CT	425	3076	3015	3015.000
CT	424	3231	3140	3140.000
CT	423	3260	3161	3161.000
CT	422	3413	3321	3321.000
CT	421	3356	3250	3250.000
CT	420	3505	3394	3394.000
CT	419	3514	3415	3415.000
CT	418	3571	3483	3483.000
CT	417	3748	3630	3630.000
CT	416	3688	3582	3582.000
CT	415	3774	3680	3680.000
CT	414	3974	3889	3889.000
CT	413	3945	3852	3852.000
CT	412	4105	4001	4001.000
CT	411	4179	4082	4082.000
CT	410	4304	4185	4185.000
CT	409	4385	4266	4266.000
CT	408	4545	4438	4438.000
CT	407	4551	4417	4417.000
CT	406	4558	4445	4445.000
CT	405	4876	4743	4743.000
CT	404	4854	4733	4733.000
CT	403	4892	4748	4748.000
CT	402	5036	4907	4907.000
CT	401	5070	4921	4921.000
CT	400	5267	5115	5115.000
CT	399	5352	5233	5233.000
CT	398	5456	5338	5338.000
CT	397	5515	5350	5350.000
CT	396	5768	5597	5597.000
CT	395	5917	5760	5760.000
CT	394	6017	5846	5846.000
CT	393	6210	6043	6043.000
CT	392	6320	6157	6157.000
CT	391	6351	6172	6172.000
CT	390	6464	6294	6294.000
CT	389	6694	6513	6513.000
CT	388	6678	6495	6495.000
CT	387	6657	6504	6504.000
CT	386	6831	6680	6680.000
CT	385	7042	6866	6866.000
CT	384	7174	7030	7030.000
CT	383	7272	7121	7121.000
CT	382	7565	7420	7420.000
CT	381	7654	7473	7473.000
CT	380	7737	7556	7556.000
CT	379	8017	7879	7879.000
CT	378	8192	7996	7996.000
CT	377	8234	8058	8058.000
CT	376	8328	8135	8135.000
CT	375	8433	8249	8249.000
CT	374	8634	8410	8410.000
CT	373	8889	8667	8667.000
CT	372	8855	8670	8670.000
CT	371	9056	8868	8868.000
CT	370	9091	8904	8904.000
CT	369	9288	9084	9084.000
CT	368	9528	9326	9326.000
CT	367	9873	9646	9646.000
CT	366	9829	9612	9612.000
CT	365	10109	9886	9886.000
CT	364	10299	10069	10069.000
CT	363	10594	10353	10353.000
CT	362	10693	10425	10425.000
CT	361	10915	10633	10633.000
CT	360	11131	10880	10880.000
CT	359	11263	11006	11006.000
CT	358	11363	11103	11103.000
CT	357	11618	11370	11370.000
CT	356	11822	11530	11530.000
CT	355	12155	11894	11894.000
CT	354	12252	12000	12000.000
CT	353	12371	12099	12099.000
CT	352	12579	12284	12284.000
CT	351	12620	12322	12322.000
CT	350	12798	12553	12553.000
CT	349	13008	12716	12716.000
CT	348	13065	12773	12773.000
CT	347	13320	13022	13022.000
CT	346	13515	13231	13231.000
CT	345	13682	13405	13405.000
CT	344	14134	13841	13841.000
CT	343	14656	14323	14323.000
CT	342	14719	14397	14397.000
CT	341	14702	14356	14356.000
CT	340	15323	14991	14991.000
CT	339	15276	14924	14924.000
CT	338	15371	15059	15059.000
CT	337	15549	15184	15184.000
CT	336	15953	15622	15622.000
CT	335	16127	15808	15808.000
CT	334	16342	15970	15970.000
CT	333	16321	15985	15985.000
CT	332	16768	16468	16468.000
CT	331	16894	16552	16552.000
CT	330	16960	16597	16597.000
CT	329	17292	16894	16894.000
CT	328	17259	16852	16852.000
CT	327	17571	17161	17161.000
CT	326	17604	17149	17149.000
CT	325	17933	17516	17516.000
CT	324	18302	17845	17845.000
CT	323	18290	17871	17871.000
CT	322	18584	18156	18156.000
CT	321	18704	18215	18215.000
CT	320	19190	18724	18724.000
CT	319	19401	18884	18884.000
CT	318	19433	18943	18943.000
CT	317	19817	19312	19312.000
CT	316	19709	19202	19202.000
CT	315	20331	19836	19836.000
CT	314	20667	20129	20129.000
CT	313	20594	20088	20088.000
CT	312	20913	20344	20344.000
CT	311	21007	20412	20412.000
CT	310	21075	20507	20507.000
CT	309	21201	20627	20627.000
CT	308	21512	20917	20917.000
CT	307	21773	21217	21217.000
CT	306	21950	21371	21371.000
CT	305	22314	21746	21746.000
CT	304	22107	21517	21517.000
CT	303	22415	21806	21806.000
CT	302	22770	22197	22197.000
CT	301	23102	22453	22453.000
CT	300	23275	22606	22606.000
CT	299	23295	22635	22635.000
CT	298	23559	22923	22923.000
CT	297	23460	22821	22821.000
CT	296	23576	22904	22904.000
CT	295	24139	23390	23390.000
CT	294	23849	23122	23122.000
CT	293	24147	23421	23421.000
CT	292	24209	23507	23507.000
CT	291	24179	23428	23428.000
CT	290	24475	23787	23787.000
CT	289	24710	23992	23992.000
CT	288	24605	23890	23890.000
CT	287	24896	24179	24179.000
CT	286	24763	24018	24018.000
CT	285	24601	23919	23919.000
CT	284	25006	24298	24298.000
CT	283	25069	24372	24372.000
CT	282	25094	24402	24402.000
CT	281	25266	24559	24559.000
CT	280	25453	24719	24719.000
CT	279	25961	25241	25241.000
CT	278	25784	25021	25021.000
CT	277	25850	25102	25102.000
CT	276	25855	25127	25127.000
CT	275	26184	25476	25476.000
CT	274	26109	25398	25398.000
CT	273	26426	25632	25632.000
CT	272	26500	25724	25724.000
CT	271	26269	25505	25505.000
CT	270	26394	25601	25601.000
CT	269	26226	25436	25436.000
CT	268	26360	25587	25587.000
CT	267	26218	25437	25437.000
CT	266	26115	25276	25276.000
CT	265	25969	25180	25180.000
CT	264	26274	25421	25421.000
CT	263	26072	25267	25267.000
CT	262	26293	25455	25455.000
CT	261	26466	25617	25617.000
CT	260	26233	25383	25383.000
CT	259	26301	25432	25432.000
CT	258	26185	25339	25339.000
CT	257	26102	25236	25236.000
CT	256	26442	25545	25545.000
CT	255	26255	25381	25381.000
CT	254	25782	24955	24955.000
CT	253	25803	24969	24969.000
CT	252	26082	25270	25270.000
CT	251	25562	24641	24641.000
CT	250	25744	24896	24896.000
CT	249	25397	24527	24527.000
CT	248	25252	24377	24377.000
CT	247	25422	24571	24571.000
CT	246	24795	24003	24003.000
CT	245	25031	24182	24182.000
CT	244	24768	23937	23937.000
CT	243	24756	23898	23898.000
CT	242	24280	23381	23381.000
CT	241	24352	23440	23440.000
CT	240	24131	23194	23194.000
CT	239	23931	23024	23024.000
CT	238	23610	22676	22676.000
CT	237	23428	22482	22482.000
CT	236	23289	22456	22456.000
CT	235	22933	22068	22068.000
CT	234	22618	21755	21755.000
CT	233	22610	21747	21747.000
CT	232	22649	21854	21854.000
CT	231	22598	21776	21776.000
CT	230	22132	21300	21300.000
CT	229	21906	21068	21068.000
CT	228	21827	21014	21014.000
CT	227	21386	20527	20527.000
CT	226	21104	20307	20307.000
CT	225	20724	19945	19945.000
CT	224	20549	19816	19816.000
CT	223	19873	19147	19147.000
CT	222	20006	19269	19269.000
CT	221	19597	18899	18899.000
CT	220	19350	18573	18573.000
CT	219	18919	18141	18141.000
CT	218	18761	17981	17981.000
CT	217	18480	17736	17736.000
CT	216	18374	17611	17611.000
CT	215	17949	17197	17197.000
CT	214	17738	16992	16992.000
CT	213	17378	16610	16610.000
CT	212	17124	16359	16359.000
CT	211	16614	15854	15854.000
CT	210	16509	15697	15697.000
CT	209	15823	15040	15040.000
CT	208	15818	15047	15047.000
CT	207	15520	14778	14778.000
CT	206	15059	14335	14335.000
CT	205	14882	14139	14139.000
CT	204	14469	13691	13691.000
CT	203	14105	13382	13382.000
CT	202	13925	13242	13242.000
CT	201	13628	12980	12980.000
CT	200	13309	12698	12698.000
CT	199	13168	12494	12494.000
CT	198	12968	12315	12315.000
CT	197	12609	11982	11982.000
CT	196	12334	11727	11727.000
CT	195	12051	11381	11381.000
CT	194	12019	11393	11393.000
CT	193	11422	10791	10791.000
CT	192	11155	10572	10572.000
CT	191	10732	10119	10119.000
CT	190	10613	9950	9950.000
CT	189	10338	9739	9739.000
CT	188	9982	9409	9409.000
CT	187	9525	8969	8969.000
CT	186	9418	8789	8789.000
CT	185	9095	8496	8496.000
CT	184	8856	8267	8267.000
CT	183	8308	7754	7754.000
CT	182	8194	7659	7659.000
CT	181	7993	7473	7473.000
CT	180	7691	7181	7181.000
CT	179	7310	6818	6818.000
CT	178	7069	6578	6578.000
CT	177	6761	6312	6312.000
CT	176	6798	6295	6295.000
CT	175	6675	6223	6223.000
CT	174	6256	5846	5846.000
CT	173	6038	5635	5635.000
CT	172	5916	5541	5541.000
CT	171	5535	5164	5164.000
CT	170	5329	4954	4954.000
CT	169	5142	4782	4782.000
CT	168	4711	4376	4376.000
CT	167	4555	4242	4242.000
CT	166	4460	4121	4121.000
CT	165	4413	4086	4086.000
CT	164	4162	3808	3808.000
CT	163	3908	3588	3588.000
CT	162	3831	3541	3541.000
CT	161	3563	3289	3289.000
CT	160	3443	3186	3186.000
CT	159	3224	2935	2935.000
CT	158	3067	2817	2817.000
CT	157	2926	2690	2690.000
CT	156	2892	2661	2661.000
CT	155	2694	2504	2504.000
CT	154	2559	2369	2369.000
CT	153	2345	2132	2132.000
CT	152	2357	2153	2153.000
CT	151	2138	1951	1951.000
CT	150	2104	1928	1928.000
CT	149	2025	1865	1865.000
CT	148	1923	1767	1767.000
CT	147	1814	1623	1623.000
CT	146	1777	1645	1645.000
CT	145	1516	1391	1391.000
CT	144	1473	1349	1349.000
CT	143	1484	1380	1380.000
CT	142	1331	1248	1248.000
CT	141	1348	1250	1250.000
CT	140	1208	1132	1132.000
CT	139	1175	1109	1109.000
CT	138	1083	1025	1025.000
CT	137	1079	1029	1029.000
CT	136	1030	975	975.000
CT	135	993	935	935.000
CT	134	897	847	847.000
CT	133	870	820	820.000
CT	132	853	798	798.000
CT	131	797	747	747.000
CT	130	768	739	739.000
CT	129	780	737	737.000
CT	128	743	704	704.000
CT	127	723	669	669.000
CT	126	669	631	631.000
CT	125	604	563	563.000
CT	124	604	565	565.000
CT	123	561	516	516.000
CT	122	535	485	485.000
CT	121	508	473	473.000
CT	120	488	437	437.000
CT	119	480	431	431.000
CT	118	456	396	396.000
CT	117	423	360	360.000
CT	116	398	350	350.000
CT	115	382	325	325.000
CT	114	372	311	311.000
CT	113	319	256	256.000
CT	112	351	299	299.000
CT	111	310	269	269.000
CT	110	331	282	282.000
CT	109	257	207	207.000
CT	108	261	202	202.000
CT	107	229	185	185.000
CT	106	207	170	170.000
CT	105	178	146	146.000
CT	104	182	151	151.000
CT	103	166	141	141.000
CT	102	176	145	145.000
CT	101	161	140	140.000
CT	100	122	109	109.000
CT	99	125	96	96.000
CT	98	119	97	97.000
CT	97	111	87	87.000
CT	96	100	83	83.000
CT	95	104	83	83.000
CT	94	88	75	75.000
CT	93	97	73	73.000
CT	92	105	79	79.000
CT	91	72	54	54.000
CT	90	85	59	59.000
CT	89	71	54	54.000
CT	88	75	53	53.000
CT	87	65	39	39.000
CT	86	66	36	36.000
CT	85	71	47	47.000
CT	84	85	56	56.000
CT	83	65	45	45.000
CT	82	57	39	39.000
CT	81	62	40	40.000
CT	80	44	26	26.000
CT	79	54	31	31.000
CT	78	46	22	22.000
CT	77	33	18	18.000
CT	76	43	17	17.000
CT	75	54	27	27.000
CT	74	58	18	18.000
CT	73	54	17	17.000
CT	72	52	13	13.000
CT	71	62	16	16.000
CT	70	74	21	21.000
CT	69	64	11	11.000
CT	68	61	8	8.000
CT	67	65	8	8.000
CT	66	69	4	4.000
CT	65	100	3	3.000
CT	64	77	4	4.000
CT	63	133	14	14.000
CT	62	114	13	13.000
CT	61	131	18	18.000
CT	60	171	12	12.000
CT	59	148	14	14.000
CT	58	162	7	7.000
CT	57	173	4	4.000
CT	56	155	6	6.000
CT	55	190	5	5.000
CT	54	214	9	9.000
CT	53	236	4	4.000
CT	52	263	4	4.000
CT	51	245	5	5.000
CT	50	322	5	5.000
CT	49	342	5	5.000
CT	48	423	4	4.000
CT	47	496	5	5.000
CT	46	513	2	2.000
CT	45	630	5	5.000
CT	44	641	3	3.000
CT	43	752	5	5.000
CT	42	757	3	3.000
CT	41	890	1	1.000
CT	40	942	0	0.000
CT	39	1174	1	1.000
CT	38	1261	0	0.000
CT	37	1494	2	2.000
CT	36	1604	0	0.000
CT	35	1912	2	2.000
CT	34	2145	3	3.000
CT	33	2565	0	0.000
CT	32	2793	1	1.000
CT	31	3121	1	1.000
CT	30	3589	1	1.000
CT	29	4054	0	0.000
CT	28	4636	0	0.000
CT	27	5093	0	0.000
CT	26	6041	5	5.000
CT	25	6409	2	2.000
CT	24	7715	2	2.000
CT	23	9344	0	0.000
CT	22	10474	0	0.000
CT	21	12212	0	0.000
CT	20	14259	0	0.000
CT	19	16291	0	0.000
CT	18	19126	0	0.000
CT	17	22700	0	0.000
CT	16	26913	0	0.000
CT	15	32801	0	0.000
CT	14	39982	0	0.000
CT	13	48621	0	0.000
CT	12	60545	0	0.000
CT	11	75713	0	0.000
CT	10	96957	0	0.000
CT	9	129612	0	0.000
CT	8	180747	0	0.000
CT	7	262850	0	0.000
CT	6	413873	0	0.000
CT	5	714394	0	0.000
CT	4	1414974	0	0.000
CT	3	3465451	0	0.000
CT	2	11663865	0	0.000
CT	1	0	0	-nan
CT	0	0	0	-nan
FR	0	0
ER	4143985	0.000
CV	0.971
QV	inf	inf
