CC	CT  kmer_occurrence    short_read_kmer_count  raw_input_kmer_count  adjusted_input_kmer_count
CC	FR  fpr_lower_bound    fpr_upper_bound
CC	ER  total_input_kmers  adjusted_error_kmers
CC	CV  coverage
CC	QV  raw_quality_value  adjusted_quality_value
CC
SQ	CP126108.1	5085204	5085174	5085174	99.00
CT	1023	5430	63379	63379.000
CT	1022	4	20	20.000
CT	1021	5	35	35.000
CT	1020	1	9	9.000
CT	1019	1	7	7.000
CT	1018	0	0	0.000
CT	1017	2	8	8.000
CT	1016	3	22	22.000
CT	1015	2	16	16.000
CT	1014	2	15	15.000
CT	1013	3	14	14.000
CT	1012	2	15	15.000
CT	1011	2	14	14.000
CT	1010	4	30	30.000
CT	1009	3	26	26.000
CT	1008	2	18	18.000
CT	1007	5	47	47.000
CT	1006	6	48	48.000
CT	1005	4	30	30.000
CT	1004	3	8	8.000
CT	1003	4	33	33.000
CT	1002	4	28	28.000
CT	1001	3	14	14.000
CT	1000	4	28	28.000
CT	999	3	25	25.000
CT	998	3	20	20.000
CT	997	2	17	17.000
CT	996	3	26	26.000
CT	995	5	46	46.000
CT	994	5	15	15.000
CT	993	3	15	15.000
CT	992	4	19	19.000
CT	991	5	38	38.000
CT	990	3	13	13.000
CT	989	3	12	12.000
CT	988	3	12	12.000
CT	987	4	14	14.000
CT	986	3	18	18.000
CT	985	1	7	7.000
CT	984	4	24	24.000
CT	983	3	16	16.000
CT	982	2	8	8.000
CT	981	5	37	37.000
CT	980	2	12	12.000
CT	979	2	12	12.000
CT	978	2	8	8.000
CT	977	2	16	16.000
CT	976	0	0	0.000
CT	975	0	0	0.000
CT	974	1	12	12.000
CT	973	2	12	12.000
CT	972	1	7	7.000
CT	971	3	18	18.000
CT	970	4	33	33.000
CT	969	2	16	16.000
CT	968	4	41	41.000
CT	967	1	12	12.000
CT	966	2	4	4.000
CT	965	2	6	6.000
CT	964	2	19	19.000
CT	963	2	24	24.000
CT	962	2	16	16.000
CT	961	0	0	0.000
CT	960	2	16	16.000
CT	959	2	19	19.000
CT	958	1	12	12.000
CT	957	2	16	16.000
CT	956	1	11	11.000
CT	955	4	12	12.000
CT	954	0	0	0.000
CT	953	1	6	6.000
CT	952	2	23	23.000
CT	951	1	4	4.000
CT	950	2	16	16.000
CT	949	1	8	8.000
CT	948	1	4	4.000
CT	947	5	36	36.000
CT	946	4	16	16.000
CT	945	3	18	18.000
CT	944	2	15	15.000
CT	943	1	4	4.000
CT	942	3	26	26.000
CT	941	2	15	15.000
CT	940	5	29	29.000
CT	939	2	11	11.000
CT	938	0	0	0.000
CT	937	2	8	8.000
CT	936	2	15	15.000
CT	935	1	9	9.000
CT	934	7	38	38.000
CT	933	3	16	16.000
CT	932	4	12	12.000
CT	931	7	42	42.000
CT	930	5	36	36.000
CT	929	1	4	4.000
CT	928	6	42	42.000
CT	927	3	14	14.000
CT	926	4	20	20.000
CT	925	3	16	16.000
CT	924	4	19	19.000
CT	923	3	8	8.000
CT	922	5	28	28.000
CT	921	2	4	4.000
CT	920	3	19	19.000
CT	919	6	25	25.000
CT	918	13	78	78.000
CT	917	7	37	37.000
CT	916	3	22	22.000
CT	915	2	12	12.000
CT	914	5	34	34.000
CT	913	7	29	29.000
CT	912	3	17	17.000
CT	911	3	17	17.000
CT	910	5	24	24.000
CT	909	7	35	35.000
CT	908	2	8	8.000
CT	907	6	22	22.000
CT	906	0	0	0.000
CT	905	2	20	20.000
CT	904	6	23	23.000
CT	903	6	24	24.000
CT	902	3	10	10.000
CT	901	7	39	39.000
CT	900	1	7	7.000
CT	899	7	37	37.000
CT	898	3	16	16.000
CT	897	1	4	4.000
CT	896	3	13	13.000
CT	895	6	21	21.000
CT	894	7	19	19.000
CT	893	6	29	29.000
CT	892	3	14	14.000
CT	891	7	20	20.000
CT	890	3	12	12.000
CT	889	4	17	17.000
CT	888	3	16	16.000
CT	887	1	8	8.000
CT	886	4	19	19.000
CT	885	6	26	26.000
CT	884	2	7	7.000
CT	883	1	6	6.000
CT	882	5	20	20.000
CT	881	5	28	28.000
CT	880	4	12	12.000
CT	879	6	33	33.000
CT	878	6	19	19.000
CT	877	1	6	6.000
CT	876	3	16	16.000
CT	875	6	26	26.000
CT	874	4	22	22.000
CT	873	5	20	20.000
CT	872	6	36	36.000
CT	871	1	5	5.000
CT	870	0	0	0.000
CT	869	5	27	27.000
CT	868	5	24	24.000
CT	867	4	19	19.000
CT	866	7	41	41.000
CT	865	5	21	21.000
CT	864	4	19	19.000
CT	863	3	13	13.000
CT	862	6	24	24.000
CT	861	4	14	14.000
CT	860	6	31	31.000
CT	859	5	24	24.000
CT	858	6	30	30.000
CT	857	5	29	29.000
CT	856	8	36	36.000
CT	855	7	42	42.000
CT	854	7	32	32.000
CT	853	7	43	43.000
CT	852	6	39	39.000
CT	851	9	62	62.000
CT	850	10	59	59.000
CT	849	5	25	25.000
CT	848	3	14	14.000
CT	847	5	32	32.000
CT	846	3	21	21.000
CT	845	10	42	42.000
CT	844	4	20	20.000
CT	843	5	22	22.000
CT	842	6	43	43.000
CT	841	7	35	35.000
CT	840	7	29	29.000
CT	839	5	20	20.000
CT	838	5	29	29.000
CT	837	5	31	31.000
CT	836	8	40	40.000
CT	835	5	27	27.000
CT	834	5	29	29.000
CT	833	6	30	30.000
CT	832	8	41	41.000
CT	831	5	30	30.000
CT	830	6	30	30.000
CT	829	7	31	31.000
CT	828	7	32	32.000
CT	827	4	15	15.000
CT	826	3	11	11.000
CT	825	0	0	0.000
CT	824	4	26	26.000
CT	823	4	27	27.000
CT	822	4	18	18.000
CT	821	7	38	38.000
CT	820	4	18	18.000
CT	819	4	17	17.000
CT	818	4	24	24.000
CT	817	9	30	30.000
CT	816	4	21	21.000
CT	815	7	30	30.000
CT	814	7	27	27.000
CT	813	9	43	43.000
CT	812	11	55	55.000
CT	811	9	59	59.000
CT	810	13	72	72.000
CT	809	8	40	40.000
CT	808	6	32	32.000
CT	807	3	12	12.000
CT	806	6	36	36.000
CT	805	10	55	55.000
CT	804	5	26	26.000
CT	803	5	27	27.000
CT	802	9	39	39.000
CT	801	5	26	26.000
CT	800	0	0	0.000
CT	799	9	42	42.000
CT	798	4	19	19.000
CT	797	7	35	35.000
CT	796	12	63	63.000
CT	795	5	28	28.000
CT	794	7	33	33.000
CT	793	4	20	20.000
CT	792	5	28	28.000
CT	791	6	34	34.000
CT	790	8	29	29.000
CT	789	7	41	41.000
CT	788	6	32	32.000
CT	787	6	32	32.000
CT	786	10	45	45.000
CT	785	5	20	20.000
CT	784	5	26	26.000
CT	783	5	30	30.000
CT	782	4	16	16.000
CT	781	4	22	22.000
CT	780	4	20	20.000
CT	779	5	28	28.000
CT	778	4	24	24.000
CT	777	8	46	46.000
CT	776	4	21	21.000
CT	775	7	40	40.000
CT	774	10	42	42.000
CT	773	9	44	44.000
CT	772	1	4	4.000
CT	771	7	27	27.000
CT	770	3	10	10.000
CT	769	13	67	67.000
CT	768	9	41	41.000
CT	767	7	29	29.000
CT	766	5	15	15.000
CT	765	10	43	43.000
CT	764	9	42	42.000
CT	763	8	32	32.000
CT	762	7	39	39.000
CT	761	8	23	23.000
CT	760	7	41	41.000
CT	759	2	10	10.000
CT	758	10	44	44.000
CT	757	4	21	21.000
CT	756	3	15	15.000
CT	755	7	36	36.000
CT	754	7	29	29.000
CT	753	7	30	30.000
CT	752	4	22	22.000
CT	751	7	32	32.000
CT	750	3	15	15.000
CT	749	10	42	42.000
CT	748	7	30	30.000
CT	747	1	5	5.000
CT	746	5	26	26.000
CT	745	10	47	47.000
CT	744	12	53	53.000
CT	743	13	60	60.000
CT	742	8	36	36.000
CT	741	8	40	40.000
CT	740	8	41	41.000
CT	739	13	53	53.000
CT	738	10	50	50.000
CT	737	5	22	22.000
CT	736	9	41	41.000
CT	735	6	24	24.000
CT	734	11	44	44.000
CT	733	12	50	50.000
CT	732	6	30	30.000
CT	731	9	35	35.000
CT	730	7	24	24.000
CT	729	6	22	22.000
CT	728	7	31	31.000
CT	727	9	46	46.000
CT	726	8	29	29.000
CT	725	7	30	30.000
CT	724	13	53	53.000
CT	723	7	33	33.000
CT	722	13	57	57.000
CT	721	7	23	23.000
CT	720	4	13	13.000
CT	719	7	29	29.000
CT	718	8	32	32.000
CT	717	11	47	47.000
CT	716	13	50	50.000
CT	715	11	42	42.000
CT	714	11	43	43.000
CT	713	9	38	38.000
CT	712	15	61	61.000
CT	711	5	19	19.000
CT	710	11	40	40.000
CT	709	10	42	42.000
CT	708	6	28	28.000
CT	707	9	38	38.000
CT	706	14	54	54.000
CT	705	10	38	38.000
CT	704	7	34	34.000
CT	703	11	43	43.000
CT	702	2	10	10.000
CT	701	8	30	30.000
CT	700	2	11	11.000
CT	699	10	47	47.000
CT	698	9	32	32.000
CT	697	4	20	20.000
CT	696	6	27	27.000
CT	695	10	35	35.000
CT	694	14	60	60.000
CT	693	8	35	35.000
CT	692	12	54	54.000
CT	691	8	36	36.000
CT	690	9	28	28.000
CT	689	9	42	42.000
CT	688	9	30	30.000
CT	687	5	22	22.000
CT	686	6	28	28.000
CT	685	11	50	50.000
CT	684	14	60	60.000
CT	683	8	30	30.000
CT	682	13	54	54.000
CT	681	7	33	33.000
CT	680	10	33	33.000
CT	679	11	41	41.000
CT	678	7	29	29.000
CT	677	9	38	38.000
CT	676	16	74	74.000
CT	675	11	35	35.000
CT	674	18	75	75.000
CT	673	12	49	49.000
CT	672	16	62	62.000
CT	671	5	23	23.000
CT	670	10	34	34.000
CT	669	5	17	17.000
CT	668	10	38	38.000
CT	667	10	41	41.000
CT	666	8	26	26.000
CT	665	18	80	80.000
CT	664	9	35	35.000
CT	663	11	55	55.000
CT	662	9	34	34.000
CT	661	4	17	17.000
CT	660	9	44	44.000
CT	659	8	27	27.000
CT	658	8	31	31.000
CT	657	11	49	49.000
CT	656	7	30	30.000
CT	655	14	58	58.000
CT	654	12	56	56.000
CT	653	4	18	18.000
CT	652	6	25	25.000
CT	651	6	24	24.000
CT	650	8	38	38.000
CT	649	6	27	27.000
CT	648	3	8	8.000
CT	647	14	52	52.000
CT	646	6	27	27.000
CT	645	4	20	20.000
CT	644	8	33	33.000
CT	643	9	42	42.000
CT	642	8	32	32.000
CT	641	14	64	64.000
CT	640	5	24	24.000
CT	639	8	32	32.000
CT	638	8	36	36.000
CT	637	12	48	48.000
CT	636	19	91	91.000
CT	635	6	19	19.000
CT	634	15	58	58.000
CT	633	8	35	35.000
CT	632	17	67	67.000
CT	631	10	44	44.000
CT	630	11	46	46.000
CT	629	14	62	62.000
CT	628	13	50	50.000
CT	627	17	68	68.000
CT	626	13	52	52.000
CT	625	12	55	55.000
CT	624	20	79	79.000
CT	623	11	46	46.000
CT	622	10	39	39.000
CT	621	15	53	53.000
CT	620	23	94	94.000
CT	619	14	51	51.000
CT	618	12	45	45.000
CT	617	16	55	55.000
CT	616	13	46	46.000
CT	615	5	23	23.000
CT	614	15	47	47.000
CT	613	10	36	36.000
CT	612	10	43	43.000
CT	611	17	73	73.000
CT	610	14	63	63.000
CT	609	17	84	84.000
CT	608	17	74	74.000
CT	607	14	50	50.000
CT	606	9	37	37.000
CT	605	13	56	56.000
CT	604	15	58	58.000
CT	603	9	38	38.000
CT	602	16	76	76.000
CT	601	9	20	20.000
CT	600	17	70	70.000
CT	599	13	39	39.000
CT	598	11	53	53.000
CT	597	7	27	27.000
CT	596	5	17	17.000
CT	595	8	27	27.000
CT	594	10	45	45.000
CT	593	11	33	33.000
CT	592	16	60	60.000
CT	591	14	55	55.000
CT	590	15	64	64.000
CT	589	14	55	55.000
CT	588	10	39	39.000
CT	587	15	55	55.000
CT	586	20	68	68.000
CT	585	9	30	30.000
CT	584	26	94	94.000
CT	583	16	61	61.000
CT	582	14	47	47.000
CT	581	12	48	48.000
CT	580	12	39	39.000
CT	579	10	36	36.000
CT	578	9	29	29.000
CT	577	13	48	48.000
CT	576	10	36	36.000
CT	575	8	29	29.000
CT	574	7	27	27.000
CT	573	7	20	20.000
CT	572	11	27	27.000
CT	571	13	46	46.000
CT	570	6	22	22.000
CT	569	12	42	42.000
CT	568	7	27	27.000
CT	567	14	32	32.000
CT	566	17	67	67.000
CT	565	12	39	39.000
CT	564	11	41	41.000
CT	563	13	37	37.000
CT	562	21	54	54.000
CT	561	10	34	34.000
CT	560	11	42	42.000
CT	559	11	14	14.000
CT	558	18	59	59.000
CT	557	15	46	46.000
CT	556	17	62	62.000
CT	555	12	38	38.000
CT	554	15	44	44.000
CT	553	12	33	33.000
CT	552	17	46	46.000
CT	551	11	42	42.000
CT	550	11	31	31.000
CT	549	14	40	40.000
CT	548	5	6	6.000
CT	547	12	42	42.000
CT	546	5	18	18.000
CT	545	17	54	54.000
CT	544	12	25	25.000
CT	543	6	16	16.000
CT	542	10	34	34.000
CT	541	7	15	15.000
CT	540	10	28	28.000
CT	539	8	17	17.000
CT	538	8	24	24.000
CT	537	7	15	15.000
CT	536	10	27	27.000
CT	535	11	32	32.000
CT	534	10	20	20.000
CT	533	7	21	21.000
CT	532	12	39	39.000
CT	531	13	48	48.000
CT	530	6	16	16.000
CT	529	10	26	26.000
CT	528	6	19	19.000
CT	527	8	20	20.000
CT	526	9	24	24.000
CT	525	8	20	20.000
CT	524	9	24	24.000
CT	523	7	10	10.000
CT	522	2	8	8.000
CT	521	7	19	19.000
CT	520	8	28	28.000
CT	519	16	50	50.000
CT	518	10	28	28.000
CT	517	6	16	16.000
CT	516	7	24	24.000
CT	515	6	19	19.000
CT	514	5	16	16.000
CT	513	8	19	19.000
CT	512	10	15	15.000
CT	511	6	12	12.000
CT	510	4	10	10.000
CT	509	17	35	35.000
CT	508	12	38	38.000
CT	507	13	31	31.000
CT	506	16	32	32.000
CT	505	10	28	28.000
CT	504	17	48	48.000
CT	503	16	35	35.000
CT	502	18	48	48.000
CT	501	15	61	61.000
CT	500	9	25	25.000
CT	499	15	48	48.000
CT	498	16	57	57.000
CT	497	13	46	46.000
CT	496	15	51	51.000
CT	495	15	60	60.000
CT	494	17	50	50.000
CT	493	18	62	62.000
CT	492	21	75	75.000
CT	491	14	46	46.000
CT	490	17	58	58.000
CT	489	15	48	48.000
CT	488	19	56	56.000
CT	487	16	53	53.000
CT	486	20	64	64.000
CT	485	17	59	59.000
CT	484	17	57	57.000
CT	483	16	56	56.000
CT	482	27	81	81.000
CT	481	22	75	75.000
CT	480	22	67	67.000
CT	479	18	56	56.000
CT	478	21	68	68.000
CT	477	19	60	60.000
CT	476	24	74	74.000
CT	475	18	58	58.000
CT	474	17	52	52.000
CT	473	24	63	63.000
CT	472	25	75	75.000
CT	471	26	86	86.000
CT	470	27	82	82.000
CT	469	17	47	47.000
CT	468	22	66	66.000
CT	467	11	29	29.000
CT	466	26	73	73.000
CT	465	15	46	46.000
CT	464	14	31	31.000
CT	463	23	72	72.000
CT	462	26	64	64.000
CT	461	20	62	62.000
CT	460	15	36	36.000
CT	459	17	50	50.000
CT	458	21	60	60.000
CT	457	25	63	63.000
CT	456	16	49	49.000
CT	455	14	44	44.000
CT	454	16	45	45.000
CT	453	21	56	56.000
CT	452	16	47	47.000
CT	451	22	52	52.000
CT	450	27	68	68.000
CT	449	21	61	61.000
CT	448	11	26	26.000
CT	447	24	61	61.000
CT	446	12	32	32.000
CT	445	11	30	30.000
CT	444	15	35	35.000
CT	443	20	46	46.000
CT	442	19	54	54.000
CT	441	9	26	26.000
CT	440	21	57	57.000
CT	439	22	60	60.000
CT	438	15	39	39.000
CT	437	22	56	56.000
CT	436	17	27	27.000
CT	435	16	46	46.000
CT	434	27	51	51.000
CT	433	24	55	55.000
CT	432	13	30	30.000
CT	431	25	68	68.000
CT	430	18	44	44.000
CT	429	12	23	23.000
CT	428	19	50	50.000
CT	427	18	47	47.000
CT	426	21	53	53.000
CT	425	20	54	54.000
CT	424	15	39	39.000
CT	423	21	59	59.000
CT	422	22	49	49.000
CT	421	24	53	53.000
CT	420	23	55	55.000
CT	419	24	55	55.000
CT	418	19	48	48.000
CT	417	23	55	55.000
CT	416	17	33	33.000
CT	415	23	46	46.000
CT	414	17	31	31.000
CT	413	17	37	37.000
CT	412	21	48	48.000
CT	411	29	59	59.000
CT	410	29	63	63.000
CT	409	38	72	72.000
CT	408	30	62	62.000
CT	407	35	72	72.000
CT	406	46	93	93.000
CT	405	29	51	51.000
CT	404	50	96	96.000
CT	403	35	66	66.000
CT	402	46	80	80.000
CT	401	31	53	53.000
CT	400	54	83	83.000
CT	399	62	102	102.000
CT	398	53	99	99.000
CT	397	48	80	80.000
CT	396	49	76	76.000
CT	395	59	98	98.000
CT	394	47	76	76.000
CT	393	54	76	76.000
CT	392	64	99	99.000
CT	391	45	73	73.000
CT	390	60	96	96.000
CT	389	72	102	102.000
CT	388	67	125	125.000
CT	387	58	87	87.000
CT	386	57	100	100.000
CT	385	76	135	135.000
CT	384	82	119	119.000
CT	383	75	120	120.000
CT	382	87	148	148.000
CT	381	96	156	156.000
CT	380	98	178	178.000
CT	379	93	152	152.000
CT	378	84	126	126.000
CT	377	109	157	157.000
CT	376	93	138	138.000
CT	375	108	137	137.000
CT	374	122	167	167.000
CT	373	128	174	174.000
CT	372	129	190	190.000
CT	371	126	171	171.000
CT	370	140	189	189.000
CT	369	112	169	169.000
CT	368	134	182	182.000
CT	367	131	186	186.000
CT	366	136	172	172.000
CT	365	162	212	212.000
CT	364	163	215	215.000
CT	363	146	187	187.000
CT	362	193	261	261.000
CT	361	168	218	218.000
CT	360	158	194	194.000
CT	359	169	225	225.000
CT	358	185	249	249.000
CT	357	169	210	210.000
CT	356	182	239	239.000
CT	355	205	275	275.000
CT	354	213	265	265.000
CT	353	190	258	258.000
CT	352	235	298	298.000
CT	351	238	278	278.000
CT	350	244	299	299.000
CT	349	260	314	314.000
CT	348	275	326	326.000
CT	347	267	330	330.000
CT	346	274	325	325.000
CT	345	305	352	352.000
CT	344	326	371	371.000
CT	343	361	411	411.000
CT	342	315	351	351.000
CT	341	362	428	428.000
CT	340	382	449	449.000
CT	339	399	455	455.000
CT	338	397	437	437.000
CT	337	410	462	462.000
CT	336	477	520	520.000
CT	335	478	519	519.000
CT	334	483	546	546.000
CT	333	518	554	554.000
CT	332	509	562	562.000
CT	331	520	577	577.000
CT	330	527	566	566.000
CT	329	553	584	584.000
CT	328	585	624	624.000
CT	327	635	686	686.000
CT	326	626	679	679.000
CT	325	637	675	675.000
CT	324	716	772	772.000
CT	323	757	797	797.000
CT	322	790	862	862.000
CT	321	882	925	925.000
CT	320	941	1013	1013.000
CT	319	923	962	962.000
CT	318	1008	1052	1052.000
CT	317	1040	1088	1088.000
CT	316	1086	1154	1154.000
CT	315	1160	1223	1223.000
CT	314	1178	1245	1245.000
CT	313	1250	1306	1306.000
CT	312	1259	1310	1310.000
CT	311	1370	1412	1412.000
CT	310	1460	1508	1508.000
CT	309	1509	1561	1561.000
CT	308	1448	1487	1487.000
CT	307	1630	1687	1687.000
CT	306	1664	1711	1711.000
CT	305	1686	1747	1747.000
CT	304	1806	1861	1861.000
CT	303	1885	1944	1944.000
CT	302	1998	2051	2051.000
CT	301	2058	2120	2120.000
CT	300	2217	2284	2284.000
CT	299	2165	2225	2225.000
CT	298	2262	2322	2322.000
CT	297	2395	2452	2452.000
CT	296	2520	2583	2583.000
CT	295	2494	2544	2544.000
CT	294	2794	2864	2864.000
CT	293	2814	2875	2875.000
CT	292	2929	3004	3004.000
CT	291	3018	3078	3078.000
CT	290	3206	3278	3278.000
CT	289	3220	3297	3297.000
CT	288	3358	3421	3421.000
CT	287	3506	3563	3563.000
CT	286	3717	3785	3785.000
CT	285	3751	3806	3806.000
CT	284	3925	3983	3983.000
CT	283	4076	4140	4140.000
CT	282	4315	4388	4388.000
CT	281	4329	4382	4382.000
CT	280	4492	4536	4536.000
CT	279	4870	4919	4919.000
CT	278	4962	5015	5015.000
CT	277	5132	5180	5180.000
CT	276	5508	5561	5561.000
CT	275	5497	5556	5556.000
CT	274	5693	5747	5747.000
CT	273	5908	5967	5967.000
CT	272	6068	6115	6115.000
CT	271	6258	6306	6306.000
CT	270	6560	6610	6610.000
CT	269	6742	6786	6786.000
CT	268	6907	6968	6968.000
CT	267	7300	7356	7356.000
CT	266	7529	7579	7579.000
CT	265	8053	8109	8109.000
CT	264	8233	8279	8279.000
CT	263	8542	8574	8574.000
CT	262	8831	8886	8886.000
CT	261	9051	9088	9088.000
CT	260	9339	9389	9389.000
CT	259	9468	9521	9521.000
CT	258	9643	9692	9692.000
CT	257	10363	10418	10418.000
CT	256	10526	10587	10587.000
CT	255	11031	11063	11063.000
CT	254	11285	11330	11330.000
CT	253	11474	11511	11511.000
CT	252	11681	11725	11725.000
CT	251	12464	12516	12516.000
CT	250	12716	12764	12764.000
CT	249	13129	13190	13190.000
CT	248	13451	13483	13483.000
CT	247	13967	14025	14025.000
CT	246	14575	14636	14636.000
CT	245	14915	14952	14952.000
CT	244	15348	15412	15412.000
CT	243	15944	16000	16000.000
CT	242	16555	16605	16605.000
CT	241	17044	17071	17071.000
CT	240	17516	17561	17561.000
CT	239	17870	17924	17924.000
CT	238	18435	18471	18471.000
CT	237	19011	19040	19040.000
CT	236	19600	19632	19632.000
CT	235	20291	20323	20323.000
CT	234	20374	20396	20396.000
CT	233	20911	20939	20939.000
CT	232	21709	21729	21729.000
CT	231	22330	22361	22361.000
CT	230	22566	22578	22578.000
CT	229	23172	23195	23195.000
CT	228	24041	24078	24078.000
CT	227	24476	24512	24512.000
CT	226	24901	24924	24924.000
CT	225	25601	25625	25625.000
CT	224	26013	26032	26032.000
CT	223	26747	26770	26770.000
CT	222	27548	27572	27572.000
CT	221	28034	28065	28065.000
CT	220	28254	28286	28286.000
CT	219	28756	28778	28778.000
CT	218	29450	29476	29476.000
CT	217	29722	29742	29742.000
CT	216	30888	30923	30923.000
CT	215	31561	31590	31590.000
CT	214	32059	32103	32103.000
CT	213	32702	32726	32726.000
CT	212	33514	33550	33550.000
CT	211	34017	34034	34034.000
CT	210	34542	34561	34561.000
CT	209	35098	35122	35122.000
CT	208	35559	35584	35584.000
CT	207	36125	36137	36137.000
CT	206	36755	36766	36766.000
CT	205	37367	37375	37375.000
CT	204	38614	38623	38623.000
CT	203	39129	39133	39133.000
CT	202	39201	39213	39213.000
CT	201	39740	39758	39758.000
CT	200	40366	40371	40371.000
CT	199	41286	41301	41301.000
CT	198	41907	41923	41923.000
CT	197	42724	42739	42739.000
CT	196	43014	43030	43030.000
CT	195	43207	43222	43222.000
CT	194	44100	44122	44122.000
CT	193	44161	44174	44174.000
CT	192	44954	44972	44972.000
CT	191	45381	45405	45405.000
CT	190	45797	45819	45819.000
CT	189	46214	46232	46232.000
CT	188	46938	46964	46964.000
CT	187	47372	47387	47387.000
CT	186	47375	47399	47399.000
CT	185	48128	48134	48134.000
CT	184	48479	48492	48492.000
CT	183	48019	48045	48045.000
CT	182	47909	47924	47924.000
CT	181	48781	48807	48807.000
CT	180	48207	48221	48221.000
CT	179	48367	48386	48386.000
CT	178	49185	49203	49203.000
CT	177	48542	48555	48555.000
CT	176	48760	48763	48763.000
CT	175	48805	48811	48811.000
CT	174	48810	48810	48810.000
CT	173	48313	48325	48325.000
CT	172	48789	48787	48787.000
CT	171	48218	48224	48224.000
CT	170	48385	48386	48386.000
CT	169	48180	48182	48182.000
CT	168	48440	48458	48458.000
CT	167	47963	47969	47969.000
CT	166	47770	47783	47783.000
CT	165	47567	47592	47592.000
CT	164	47686	47689	47689.000
CT	163	47290	47286	47286.000
CT	162	46693	46693	46693.000
CT	161	46560	46558	46558.000
CT	160	45865	45875	45875.000
CT	159	45507	45509	45509.000
CT	158	45088	45086	45086.000
CT	157	44386	44392	44392.000
CT	156	43767	43783	43783.000
CT	155	43006	43014	43014.000
CT	154	42233	42239	42239.000
CT	153	41256	41258	41258.000
CT	152	40540	40546	40546.000
CT	151	40398	40404	40404.000
CT	150	39411	39419	39419.000
CT	149	39356	39350	39350.000
CT	148	38512	38511	38511.000
CT	147	37037	37031	37031.000
CT	146	36399	36393	36393.000
CT	145	35678	35678	35678.000
CT	144	34702	34700	34700.000
CT	143	33828	33828	33828.000
CT	142	32897	32895	32895.000
CT	141	31752	31751	31751.000
CT	140	31485	31481	31481.000
CT	139	30484	30468	30468.000
CT	138	29970	29951	29951.000
CT	137	28955	28945	28945.000
CT	136	27987	27974	27974.000
CT	135	27086	27075	27075.000
CT	134	26488	26472	26472.000
CT	133	25590	25576	25576.000
CT	132	24354	24339	24339.000
CT	131	23386	23359	23359.000
CT	130	22617	22598	22598.000
CT	129	21426	21398	21398.000
CT	128	20790	20770	20770.000
CT	127	19846	19818	19818.000
CT	126	19235	19215	19215.000
CT	125	18206	18180	18180.000
CT	124	16932	16917	16917.000
CT	123	16312	16298	16298.000
CT	122	15628	15616	15616.000
CT	121	14809	14794	14794.000
CT	120	14548	14533	14533.000
CT	119	13369	13354	13354.000
CT	118	12835	12826	12826.000
CT	117	12433	12417	12417.000
CT	116	11852	11839	11839.000
CT	115	10982	10963	10963.000
CT	114	10680	10653	10653.000
CT	113	9946	9922	9922.000
CT	112	9611	9589	9589.000
CT	111	8928	8904	8904.000
CT	110	8355	8332	8332.000
CT	109	7934	7913	7913.000
CT	108	7311	7279	7279.000
CT	107	7059	7030	7030.000
CT	106	6430	6403	6403.000
CT	105	6109	6075	6075.000
CT	104	5714	5699	5699.000
CT	103	5447	5419	5419.000
CT	102	5129	5107	5107.000
CT	101	4675	4647	4647.000
CT	100	4422	4390	4390.000
CT	99	4178	4145	4145.000
CT	98	3791	3756	3756.000
CT	97	3576	3539	3539.000
CT	96	3575	3550	3550.000
CT	95	3125	3098	3098.000
CT	94	2857	2830	2830.000
CT	93	2687	2661	2661.000
CT	92	2479	2460	2460.000
CT	91	2333	2311	2311.000
CT	90	2099	2067	2067.000
CT	89	1944	1927	1927.000
CT	88	1834	1812	1812.000
CT	87	1689	1666	1666.000
CT	86	1528	1503	1503.000
CT	85	1383	1358	1358.000
CT	84	1219	1201	1201.000
CT	83	1168	1145	1145.000
CT	82	1091	1062	1062.000
CT	81	984	961	961.000
CT	80	957	935	935.000
CT	79	801	778	778.000
CT	78	785	755	755.000
CT	77	709	681	681.000
CT	76	647	617	617.000
CT	75	700	677	677.000
CT	74	612	583	583.000
CT	73	516	478	478.000
CT	72	484	453	453.000
CT	71	474	441	441.000
CT	70	462	422	422.000
CT	69	469	439	439.000
CT	68	388	355	355.000
CT	67	349	308	308.000
CT	66	305	263	263.000
CT	65	243	190	190.000
CT	64	242	200	200.000
CT	63	225	188	188.000
CT	62	200	154	154.000
CT	61	204	162	162.000
CT	60	186	142	142.000
CT	59	182	133	133.000
CT	58	155	114	114.000
CT	57	140	86	86.000
CT	56	152	90	90.000
CT	55	122	58	58.000
CT	54	104	42	42.000
CT	53	111	44	44.000
CT	52	119	25	25.000
CT	51	86	9	9.000
CT	50	98	19	19.000
CT	49	123	19	19.000
CT	48	132	23	23.000
CT	47	124	24	24.000
CT	46	127	24	24.000
CT	45	145	18	18.000
CT	44	139	24	24.000
CT	43	126	9	9.000
CT	42	126	10	10.000
CT	41	144	7	7.000
CT	40	146	14	14.000
CT	39	147	8	8.000
CT	38	174	1	1.000
CT	37	155	0	0.000
CT	36	192	0	0.000
CT	35	211	3	3.000
CT	34	220	5	5.000
CT	33	203	5	5.000
CT	32	296	12	12.000
CT	31	267	8	8.000
CT	30	318	1	1.000
CT	29	349	2	2.000
CT	28	363	1	1.000
CT	27	413	0	0.000
CT	26	456	0	0.000
CT	25	585	0	0.000
CT	24	573	0	0.000
CT	23	735	0	0.000
CT	22	784	0	0.000
CT	21	897	0	0.000
CT	20	1030	0	0.000
CT	19	1319	0	0.000
CT	18	1427	0	0.000
CT	17	1805	0	0.000
CT	16	2206	0	0.000
CT	15	2598	0	0.000
CT	14	3305	0	0.000
CT	13	4462	0	0.000
CT	12	5987	0	0.000
CT	11	8300	0	0.000
CT	10	11241	0	0.000
CT	9	16219	0	0.000
CT	8	26258	0	0.000
CT	7	43748	0	0.000
CT	6	83130	0	0.000
CT	5	174360	0	0.000
CT	4	449156	0	0.000
CT	3	1429882	0	0.000
CT	2	8692673	0	0.000
CT	1	0	0	-nan
CT	0	0	0	-nan
FR	0	0
ER	5085174	0.000
CV	1.000
QV	inf	inf
