HS	1023	0	5430	5430
HS	1022	0	4	5434
HS	1021	0	5	5439
HS	1020	0	1	5440
HS	1019	0	1	5441
HS	1018	0	0	5441
HS	1017	0	2	5443
HS	1016	0	3	5446
HS	1015	0	2	5448
HS	1014	0	2	5450
HS	1013	0	3	5453
HS	1012	0	2	5455
HS	1011	0	2	5457
HS	1010	0	4	5461
HS	1009	0	3	5464
HS	1008	0	2	5466
HS	1007	0	5	5471
HS	1006	0	6	5477
HS	1005	0	4	5481
HS	1004	0	3	5484
HS	1003	0	4	5488
HS	1002	0	4	5492
HS	1001	0	3	5495
HS	1000	0	4	5499
HS	999	0	3	5502
HS	998	0	3	5505
HS	997	0	2	5507
HS	996	0	3	5510
HS	995	0	5	5515
HS	994	0	5	5520
HS	993	0	3	5523
HS	992	0	4	5527
HS	991	0	5	5532
HS	990	0	3	5535
HS	989	0	3	5538
HS	988	0	3	5541
HS	987	0	4	5545
HS	986	0	3	5548
HS	985	0	1	5549
HS	984	0	4	5553
HS	983	0	3	5556
HS	982	0	2	5558
HS	981	0	5	5563
HS	980	0	2	5565
HS	979	0	2	5567
HS	978	0	2	5569
HS	977	0	2	5571
HS	976	0	0	5571
HS	975	0	0	5571
HS	974	0	1	5572
HS	973	0	2	5574
HS	972	0	1	5575
HS	971	0	3	5578
HS	970	0	4	5582
HS	969	0	2	5584
HS	968	0	4	5588
HS	967	0	1	5589
HS	966	0	2	5591
HS	965	0	2	5593
HS	964	0	2	5595
HS	963	0	2	5597
HS	962	0	2	5599
HS	961	0	0	5599
HS	960	0	2	5601
HS	959	0	2	5603
HS	958	0	1	5604
HS	957	0	2	5606
HS	956	0	1	5607
HS	955	0	4	5611
HS	954	0	0	5611
HS	953	0	1	5612
HS	952	0	2	5614
HS	951	0	1	5615
HS	950	0	2	5617
HS	949	0	1	5618
HS	948	0	1	5619
HS	947	0	5	5624
HS	946	0	4	5628
HS	945	0	3	5631
HS	944	0	2	5633
HS	943	0	1	5634
HS	942	0	3	5637
HS	941	0	2	5639
HS	940	0	5	5644
HS	939	0	2	5646
HS	938	0	0	5646
HS	937	0	2	5648
HS	936	0	2	5650
HS	935	0	1	5651
HS	934	0	7	5658
HS	933	0	3	5661
HS	932	0	4	5665
HS	931	0	7	5672
HS	930	0	5	5677
HS	929	0	1	5678
HS	928	0	6	5684
HS	927	0	3	5687
HS	926	0	4	5691
HS	925	0	3	5694
HS	924	0	4	5698
HS	923	0	3	5701
HS	922	0	5	5706
HS	921	0	2	5708
HS	920	0	3	5711
HS	919	0	6	5717
HS	918	0	13	5730
HS	917	0	7	5737
HS	916	0	3	5740
HS	915	0	2	5742
HS	914	0	5	5747
HS	913	0	7	5754
HS	912	0	3	5757
HS	911	0	3	5760
HS	910	0	5	5765
HS	909	0	7	5772
HS	908	0	2	5774
HS	907	0	6	5780
HS	906	0	0	5780
HS	905	0	2	5782
HS	904	0	6	5788
HS	903	0	6	5794
HS	902	0	3	5797
HS	901	0	7	5804
HS	900	0	1	5805
HS	899	0	7	5812
HS	898	0	3	5815
HS	897	0	1	5816
HS	896	0	3	5819
HS	895	0	6	5825
HS	894	0	7	5832
HS	893	0	6	5838
HS	892	0	3	5841
HS	891	0	7	5848
HS	890	0	3	5851
HS	889	0	4	5855
HS	888	0	3	5858
HS	887	0	1	5859
HS	886	0	4	5863
HS	885	0	6	5869
HS	884	0	2	5871
HS	883	0	1	5872
HS	882	0	5	5877
HS	881	0	5	5882
HS	880	0	4	5886
HS	879	0	6	5892
HS	878	0	6	5898
HS	877	0	1	5899
HS	876	0	3	5902
HS	875	0	6	5908
HS	874	0	4	5912
HS	873	0	5	5917
HS	872	0	6	5923
HS	871	0	1	5924
HS	870	0	0	5924
HS	869	0	5	5929
HS	868	0	5	5934
HS	867	0	4	5938
HS	866	0	7	5945
HS	865	0	5	5950
HS	864	0	4	5954
HS	863	0	3	5957
HS	862	0	6	5963
HS	861	0	4	5967
HS	860	0	6	5973
HS	859	0	5	5978
HS	858	0	6	5984
HS	857	0	5	5989
HS	856	0	8	5997
HS	855	0	7	6004
HS	854	0	7	6011
HS	853	0	7	6018
HS	852	0	6	6024
HS	851	0	9	6033
HS	850	0	10	6043
HS	849	0	5	6048
HS	848	0	3	6051
HS	847	0	5	6056
HS	846	0	3	6059
HS	845	0	10	6069
HS	844	0	4	6073
HS	843	0	5	6078
HS	842	0	6	6084
HS	841	0	7	6091
HS	840	0	7	6098
HS	839	0	5	6103
HS	838	0	5	6108
HS	837	0	5	6113
HS	836	0	8	6121
HS	835	0	5	6126
HS	834	0	5	6131
HS	833	0	6	6137
HS	832	0	8	6145
HS	831	0	5	6150
HS	830	0	6	6156
HS	829	0	7	6163
HS	828	0	7	6170
HS	827	0	4	6174
HS	826	0	3	6177
HS	825	0	0	6177
HS	824	0	4	6181
HS	823	0	4	6185
HS	822	0	4	6189
HS	821	0	7	6196
HS	820	0	4	6200
HS	819	0	4	6204
HS	818	0	4	6208
HS	817	0	9	6217
HS	816	0	4	6221
HS	815	0	7	6228
HS	814	0	7	6235
HS	813	0	9	6244
HS	812	0	11	6255
HS	811	0	9	6264
HS	810	0	13	6277
HS	809	0	8	6285
HS	808	0	6	6291
HS	807	0	3	6294
HS	806	0	6	6300
HS	805	0	10	6310
HS	804	0	5	6315
HS	803	0	5	6320
HS	802	0	9	6329
HS	801	0	5	6334
HS	800	0	0	6334
HS	799	0	9	6343
HS	798	0	4	6347
HS	797	0	7	6354
HS	796	0	12	6366
HS	795	0	5	6371
HS	794	0	7	6378
HS	793	0	4	6382
HS	792	0	5	6387
HS	791	0	6	6393
HS	790	0	8	6401
HS	789	0	7	6408
HS	788	0	6	6414
HS	787	0	6	6420
HS	786	0	10	6430
HS	785	0	5	6435
HS	784	0	5	6440
HS	783	0	5	6445
HS	782	0	4	6449
HS	781	0	4	6453
HS	780	0	4	6457
HS	779	0	5	6462
HS	778	0	4	6466
HS	777	0	8	6474
HS	776	0	4	6478
HS	775	0	7	6485
HS	774	0	10	6495
HS	773	0	9	6504
HS	772	0	1	6505
HS	771	0	7	6512
HS	770	0	3	6515
HS	769	0	13	6528
HS	768	0	9	6537
HS	767	0	7	6544
HS	766	0	5	6549
HS	765	0	10	6559
HS	764	0	9	6568
HS	763	0	8	6576
HS	762	0	7	6583
HS	761	0	8	6591
HS	760	0	7	6598
HS	759	0	2	6600
HS	758	0	10	6610
HS	757	0	4	6614
HS	756	0	3	6617
HS	755	0	7	6624
HS	754	0	7	6631
HS	753	0	7	6638
HS	752	0	4	6642
HS	751	0	7	6649
HS	750	0	3	6652
HS	749	0	10	6662
HS	748	0	7	6669
HS	747	0	1	6670
HS	746	0	5	6675
HS	745	0	10	6685
HS	744	0	12	6697
HS	743	0	13	6710
HS	742	0	8	6718
HS	741	0	8	6726
HS	740	0	8	6734
HS	739	0	13	6747
HS	738	0	10	6757
HS	737	0	5	6762
HS	736	0	9	6771
HS	735	0	6	6777
HS	734	0	11	6788
HS	733	0	12	6800
HS	732	0	6	6806
HS	731	0	9	6815
HS	730	0	7	6822
HS	729	0	6	6828
HS	728	0	7	6835
HS	727	0	9	6844
HS	726	0	8	6852
HS	725	0	7	6859
HS	724	0	13	6872
HS	723	0	7	6879
HS	722	0	13	6892
HS	721	0	7	6899
HS	720	0	4	6903
HS	719	0	7	6910
HS	718	0	8	6918
HS	717	0	11	6929
HS	716	0	13	6942
HS	715	0	11	6953
HS	714	0	11	6964
HS	713	0	9	6973
HS	712	0	15	6988
HS	711	0	5	6993
HS	710	0	11	7004
HS	709	0	10	7014
HS	708	0	6	7020
HS	707	0	9	7029
HS	706	0	14	7043
HS	705	0	10	7053
HS	704	0	7	7060
HS	703	0	11	7071
HS	702	0	2	7073
HS	701	0	8	7081
HS	700	0	2	7083
HS	699	0	10	7093
HS	698	0	9	7102
HS	697	0	4	7106
HS	696	0	6	7112
HS	695	0	10	7122
HS	694	0	14	7136
HS	693	0	8	7144
HS	692	0	12	7156
HS	691	0	8	7164
HS	690	0	9	7173
HS	689	0	9	7182
HS	688	0	9	7191
HS	687	0	5	7196
HS	686	0	6	7202
HS	685	0	11	7213
HS	684	0	14	7227
HS	683	0	8	7235
HS	682	0	13	7248
HS	681	0	7	7255
HS	680	0	10	7265
HS	679	0	11	7276
HS	678	0	7	7283
HS	677	0	9	7292
HS	676	0	16	7308
HS	675	0	11	7319
HS	674	0	18	7337
HS	673	0	12	7349
HS	672	0	16	7365
HS	671	0	5	7370
HS	670	0	10	7380
HS	669	0	5	7385
HS	668	0	10	7395
HS	667	0	10	7405
HS	666	0	8	7413
HS	665	0	18	7431
HS	664	0	9	7440
HS	663	0	11	7451
HS	662	0	9	7460
HS	661	0	4	7464
HS	660	0	9	7473
HS	659	0	8	7481
HS	658	0	8	7489
HS	657	0	11	7500
HS	656	0	7	7507
HS	655	0	14	7521
HS	654	0	12	7533
HS	653	0	4	7537
HS	652	0	6	7543
HS	651	0	6	7549
HS	650	0	8	7557
HS	649	0	6	7563
HS	648	0	3	7566
HS	647	0	14	7580
HS	646	0	6	7586
HS	645	0	4	7590
HS	644	0	8	7598
HS	643	0	9	7607
HS	642	0	8	7615
HS	641	0	14	7629
HS	640	0	5	7634
HS	639	0	8	7642
HS	638	0	8	7650
HS	637	0	12	7662
HS	636	0	19	7681
HS	635	0	6	7687
HS	634	0	15	7702
HS	633	0	8	7710
HS	632	0	17	7727
HS	631	0	10	7737
HS	630	0	11	7748
HS	629	0	14	7762
HS	628	0	13	7775
HS	627	0	17	7792
HS	626	0	13	7805
HS	625	0	12	7817
HS	624	0	20	7837
HS	623	0	11	7848
HS	622	0	10	7858
HS	621	0	15	7873
HS	620	0	23	7896
HS	619	0	14	7910
HS	618	0	12	7922
HS	617	0	16	7938
HS	616	0	13	7951
HS	615	0	5	7956
HS	614	0	15	7971
HS	613	0	10	7981
HS	612	0	10	7991
HS	611	0	17	8008
HS	610	0	14	8022
HS	609	0	17	8039
HS	608	0	17	8056
HS	607	0	14	8070
HS	606	0	9	8079
HS	605	0	13	8092
HS	604	0	15	8107
HS	603	0	9	8116
HS	602	0	16	8132
HS	601	0	9	8141
HS	600	0	17	8158
HS	599	0	13	8171
HS	598	0	11	8182
HS	597	0	7	8189
HS	596	0	5	8194
HS	595	0	8	8202
HS	594	0	10	8212
HS	593	0	11	8223
HS	592	0	16	8239
HS	591	0	14	8253
HS	590	0	15	8268
HS	589	0	14	8282
HS	588	0	10	8292
HS	587	0	15	8307
HS	586	0	20	8327
HS	585	0	9	8336
HS	584	0	26	8362
HS	583	0	16	8378
HS	582	0	14	8392
HS	581	0	12	8404
HS	580	0	12	8416
HS	579	0	10	8426
HS	578	0	9	8435
HS	577	0	13	8448
HS	576	0	10	8458
HS	575	0	8	8466
HS	574	0	7	8473
HS	573	0	7	8480
HS	572	0	11	8491
HS	571	0	13	8504
HS	570	0	6	8510
HS	569	0	12	8522
HS	568	0	7	8529
HS	567	0	14	8543
HS	566	0	17	8560
HS	565	0	12	8572
HS	564	0	11	8583
HS	563	0	13	8596
HS	562	0	21	8617
HS	561	0	10	8627
HS	560	0	11	8638
HS	559	0	11	8649
HS	558	0	18	8667
HS	557	0	15	8682
HS	556	0	17	8699
HS	555	0	12	8711
HS	554	0	15	8726
HS	553	0	12	8738
HS	552	0	17	8755
HS	551	0	11	8766
HS	550	0	11	8777
HS	549	0	14	8791
HS	548	0	5	8796
HS	547	0	12	8808
HS	546	0	5	8813
HS	545	0	17	8830
HS	544	0	12	8842
HS	543	0	6	8848
HS	542	0	10	8858
HS	541	0	7	8865
HS	540	0	10	8875
HS	539	0	8	8883
HS	538	0	8	8891
HS	537	0	7	8898
HS	536	0	10	8908
HS	535	0	11	8919
HS	534	0	10	8929
HS	533	0	7	8936
HS	532	0	12	8948
HS	531	0	13	8961
HS	530	0	6	8967
HS	529	0	10	8977
HS	528	0	6	8983
HS	527	0	8	8991
HS	526	0	9	9000
HS	525	0	8	9008
HS	524	0	9	9017
HS	523	0	7	9024
HS	522	0	2	9026
HS	521	0	7	9033
HS	520	0	8	9041
HS	519	0	16	9057
HS	518	0	10	9067
HS	517	0	6	9073
HS	516	0	7	9080
HS	515	0	6	9086
HS	514	0	5	9091
HS	513	0	8	9099
HS	512	0	10	9109
HS	511	0	6	9115
HS	510	0	4	9119
HS	509	0	17	9136
HS	508	0	12	9148
HS	507	0	13	9161
HS	506	0	16	9177
HS	505	0	10	9187
HS	504	0	17	9204
HS	503	0	16	9220
HS	502	0	18	9238
HS	501	0	15	9253
HS	500	0	9	9262
HS	499	0	15	9277
HS	498	0	16	9293
HS	497	0	13	9306
HS	496	0	15	9321
HS	495	0	15	9336
HS	494	0	17	9353
HS	493	0	18	9371
HS	492	0	21	9392
HS	491	0	14	9406
HS	490	0	17	9423
HS	489	0	15	9438
HS	488	0	19	9457
HS	487	0	16	9473
HS	486	0	20	9493
HS	485	0	17	9510
HS	484	0	17	9527
HS	483	0	16	9543
HS	482	0	27	9570
HS	481	0	22	9592
HS	480	0	22	9614
HS	479	0	18	9632
HS	478	0	21	9653
HS	477	0	19	9672
HS	476	0	24	9696
HS	475	0	18	9714
HS	474	0	17	9731
HS	473	0	24	9755
HS	472	0	25	9780
HS	471	0	26	9806
HS	470	0	27	9833
HS	469	0	17	9850
HS	468	0	22	9872
HS	467	0	11	9883
HS	466	0	26	9909
HS	465	0	15	9924
HS	464	0	14	9938
HS	463	0	23	9961
HS	462	0	26	9987
HS	461	0	20	10007
HS	460	0	15	10022
HS	459	0	17	10039
HS	458	0	21	10060
HS	457	0	25	10085
HS	456	0	16	10101
HS	455	0	14	10115
HS	454	0	16	10131
HS	453	0	21	10152
HS	452	0	16	10168
HS	451	0	22	10190
HS	450	0	27	10217
HS	449	0	21	10238
HS	448	0	11	10249
HS	447	0	24	10273
HS	446	0	12	10285
HS	445	0	11	10296
HS	444	0	15	10311
HS	443	0	20	10331
HS	442	0	19	10350
HS	441	0	9	10359
HS	440	0	21	10380
HS	439	0	22	10402
HS	438	0	15	10417
HS	437	0	22	10439
HS	436	0	17	10456
HS	435	0	16	10472
HS	434	0	27	10499
HS	433	0	24	10523
HS	432	0	13	10536
HS	431	0	25	10561
HS	430	0	18	10579
HS	429	0	12	10591
HS	428	0	19	10610
HS	427	0	18	10628
HS	426	0	21	10649
HS	425	0	20	10669
HS	424	0	15	10684
HS	423	0	21	10705
HS	422	0	22	10727
HS	421	0	24	10751
HS	420	0	23	10774
HS	419	0	24	10798
HS	418	0	19	10817
HS	417	0	23	10840
HS	416	0	17	10857
HS	415	0	23	10880
HS	414	0	17	10897
HS	413	0	17	10914
HS	412	0	21	10935
HS	411	0	29	10964
HS	410	0	29	10993
HS	409	0	38	11031
HS	408	0	30	11061
HS	407	0	35	11096
HS	406	0	46	11142
HS	405	0	29	11171
HS	404	0	50	11221
HS	403	0	35	11256
HS	402	0	46	11302
HS	401	0	31	11333
HS	400	0	54	11387
HS	399	0	62	11449
HS	398	0	53	11502
HS	397	0	48	11550
HS	396	0	49	11599
HS	395	0	59	11658
HS	394	0	47	11705
HS	393	0	54	11759
HS	392	0	64	11823
HS	391	0	45	11868
HS	390	0	60	11928
HS	389	0	72	12000
HS	388	0	67	12067
HS	387	0	58	12125
HS	386	0	57	12182
HS	385	0	76	12258
HS	384	0	82	12340
HS	383	0	75	12415
HS	382	0	87	12502
HS	381	0	96	12598
HS	380	0	98	12696
HS	379	0	93	12789
HS	378	0	84	12873
HS	377	0	109	12982
HS	376	0	93	13075
HS	375	0	108	13183
HS	374	0	122	13305
HS	373	0	128	13433
HS	372	0	129	13562
HS	371	0	126	13688
HS	370	0	140	13828
HS	369	0	112	13940
HS	368	0	134	14074
HS	367	0	131	14205
HS	366	0	136	14341
HS	365	0	162	14503
HS	364	0	163	14666
HS	363	0	146	14812
HS	362	0	193	15005
HS	361	0	168	15173
HS	360	0	158	15331
HS	359	0	169	15500
HS	358	0	185	15685
HS	357	0	169	15854
HS	356	0	182	16036
HS	355	0	205	16241
HS	354	0	213	16454
HS	353	0	190	16644
HS	352	0	235	16879
HS	351	0	238	17117
HS	350	0	244	17361
HS	349	0	260	17621
HS	348	0	275	17896
HS	347	0	267	18163
HS	346	0	274	18437
HS	345	0	305	18742
HS	344	0	326	19068
HS	343	0	361	19429
HS	342	0	315	19744
HS	341	0	362	20106
HS	340	0	382	20488
HS	339	0	399	20887
HS	338	0	397	21284
HS	337	0	410	21694
HS	336	0	477	22171
HS	335	0	478	22649
HS	334	0	483	23132
HS	333	0	518	23650
HS	332	0	509	24159
HS	331	0	520	24679
HS	330	0	527	25206
HS	329	0	553	25759
HS	328	0	585	26344
HS	327	0	635	26979
HS	326	0	626	27605
HS	325	0	637	28242
HS	324	0	716	28958
HS	323	0	757	29715
HS	322	0	790	30505
HS	321	0	882	31387
HS	320	0	941	32328
HS	319	0	923	33251
HS	318	0	1008	34259
HS	317	0	1040	35299
HS	316	0	1086	36385
HS	315	0	1160	37545
HS	314	0	1178	38723
HS	313	0	1250	39973
HS	312	0	1259	41232
HS	311	0	1370	42602
HS	310	0	1460	44062
HS	309	0	1509	45571
HS	308	0	1448	47019
HS	307	0	1630	48649
HS	306	0	1664	50313
HS	305	0	1686	51999
HS	304	0	1806	53805
HS	303	0	1885	55690
HS	302	0	1998	57688
HS	301	0	2058	59746
HS	300	0	2217	61963
HS	299	0	2165	64128
HS	298	0	2262	66390
HS	297	0	2395	68785
HS	296	0	2520	71305
HS	295	0	2494	73799
HS	294	0	2794	76593
HS	293	0	2814	79407
HS	292	0	2929	82336
HS	291	0	3018	85354
HS	290	0	3206	88560
HS	289	0	3220	91780
HS	288	0	3358	95138
HS	287	0	3506	98644
HS	286	0	3717	102361
HS	285	0	3751	106112
HS	284	0	3925	110037
HS	283	0	4076	114113
HS	282	0	4315	118428
HS	281	0	4329	122757
HS	280	0	4492	127249
HS	279	0	4870	132119
HS	278	0	4962	137081
HS	277	0	5132	142213
HS	276	0	5508	147721
HS	275	0	5497	153218
HS	274	0	5693	158911
HS	273	0	5908	164819
HS	272	0	6068	170887
HS	271	0	6258	177145
HS	270	0	6560	183705
HS	269	0	6742	190447
HS	268	0	6907	197354
HS	267	0	7300	204654
HS	266	0	7529	212183
HS	265	0	8053	220236
HS	264	0	8233	228469
HS	263	0	8542	237011
HS	262	0	8831	245842
HS	261	0	9051	254893
HS	260	0	9339	264232
HS	259	0	9468	273700
HS	258	0	9643	283343
HS	257	0	10363	293706
HS	256	0	10526	304232
HS	255	0	11031	315263
HS	254	0	11285	326548
HS	253	0	11474	338022
HS	252	0	11681	349703
HS	251	0	12464	362167
HS	250	0	12716	374883
HS	249	0	13129	388012
HS	248	0	13451	401463
HS	247	0	13967	415430
HS	246	0	14575	430005
HS	245	0	14915	444920
HS	244	0	15348	460268
HS	243	0	15944	476212
HS	242	0	16555	492767
HS	241	0	17044	509811
HS	240	0	17516	527327
HS	239	0	17870	545197
HS	238	0	18435	563632
HS	237	0	19011	582643
HS	236	0	19600	602243
HS	235	0	20291	622534
HS	234	0	20374	642908
HS	233	0	20911	663819
HS	232	0	21709	685528
HS	231	0	22330	707858
HS	230	0	22566	730424
HS	229	0	23172	753596
HS	228	0	24041	777637
HS	227	0	24476	802113
HS	226	0	24901	827014
HS	225	0	25601	852615
HS	224	0	26013	878628
HS	223	0	26747	905375
HS	222	0	27548	932923
HS	221	0	28034	960957
HS	220	0	28254	989211
HS	219	0	28756	1017967
HS	218	0	29450	1047417
HS	217	0	29722	1077139
HS	216	0	30888	1108027
HS	215	0	31561	1139588
HS	214	0	32059	1171647
HS	213	0	32702	1204349
HS	212	0	33514	1237863
HS	211	0	34017	1271880
HS	210	0	34542	1306422
HS	209	0	35098	1341520
HS	208	0	35559	1377079
HS	207	0	36125	1413204
HS	206	0	36755	1449959
HS	205	0	37367	1487326
HS	204	0	38614	1525940
HS	203	0	39129	1565069
HS	202	0	39201	1604270
HS	201	0	39740	1644010
HS	200	0	40366	1684376
HS	199	0	41286	1725662
HS	198	0	41907	1767569
HS	197	0	42724	1810293
HS	196	0	43014	1853307
HS	195	0	43207	1896514
HS	194	0	44100	1940614
HS	193	0	44161	1984775
HS	192	0	44954	2029729
HS	191	0	45381	2075110
HS	190	0	45797	2120907
HS	189	0	46214	2167121
HS	188	0	46938	2214059
HS	187	0	47372	2261431
HS	186	0	47375	2308806
HS	185	0	48128	2356934
HS	184	0	48479	2405413
HS	183	0	48019	2453432
HS	182	0	47909	2501341
HS	181	0	48781	2550122
HS	180	0	48207	2598329
HS	179	0	48367	2646696
HS	178	0	49185	2695881
HS	177	0	48542	2744423
HS	176	0	48760	2793183
HS	175	0	48805	2841988
HS	174	0	48810	2890798
HS	173	0	48313	2939111
HS	172	0	48789	2987900
HS	171	0	48218	3036118
HS	170	0	48385	3084503
HS	169	0	48180	3132683
HS	168	0	48440	3181123
HS	167	0	47963	3229086
HS	166	0	47770	3276856
HS	165	0	47567	3324423
HS	164	0	47686	3372109
HS	163	0	47290	3419399
HS	162	0	46693	3466092
HS	161	0	46560	3512652
HS	160	0	45865	3558517
HS	159	0	45507	3604024
HS	158	0	45088	3649112
HS	157	0	44386	3693498
HS	156	0	43767	3737265
HS	155	0	43006	3780271
HS	154	0	42233	3822504
HS	153	0	41256	3863760
HS	152	0	40540	3904300
HS	151	0	40398	3944698
HS	150	0	39411	3984109
HS	149	0	39356	4023465
HS	148	0	38512	4061977
HS	147	0	37037	4099014
HS	146	0	36399	4135413
HS	145	0	35678	4171091
HS	144	0	34702	4205793
HS	143	0	33828	4239621
HS	142	0	32897	4272518
HS	141	0	31752	4304270
HS	140	0	31485	4335755
HS	139	0	30484	4366239
HS	138	0	29970	4396209
HS	137	0	28955	4425164
HS	136	0	27987	4453151
HS	135	0	27086	4480237
HS	134	0	26488	4506725
HS	133	0	25590	4532315
HS	132	0	24354	4556669
HS	131	0	23386	4580055
HS	130	0	22617	4602672
HS	129	0	21426	4624098
HS	128	0	20790	4644888
HS	127	0	19846	4664734
HS	126	0	19235	4683969
HS	125	0	18206	4702175
HS	124	0	16932	4719107
HS	123	0	16312	4735419
HS	122	0	15628	4751047
HS	121	0	14809	4765856
HS	120	0	14548	4780404
HS	119	0	13369	4793773
HS	118	0	12835	4806608
HS	117	0	12433	4819041
HS	116	0	11852	4830893
HS	115	0	10982	4841875
HS	114	0	10680	4852555
HS	113	0	9946	4862501
HS	112	0	9611	4872112
HS	111	0	8928	4881040
HS	110	0	8355	4889395
HS	109	0	7934	4897329
HS	108	0	7311	4904640
HS	107	0	7059	4911699
HS	106	0	6430	4918129
HS	105	0	6109	4924238
HS	104	0	5714	4929952
HS	103	0	5447	4935399
HS	102	0	5129	4940528
HS	101	0	4675	4945203
HS	100	0	4422	4949625
HS	99	0	4178	4953803
HS	98	0	3791	4957594
HS	97	0	3576	4961170
HS	96	0	3575	4964745
HS	95	0	3125	4967870
HS	94	0	2857	4970727
HS	93	0	2687	4973414
HS	92	0	2479	4975893
HS	91	0	2333	4978226
HS	90	0	2099	4980325
HS	89	0	1944	4982269
HS	88	0	1834	4984103
HS	87	0	1689	4985792
HS	86	0	1528	4987320
HS	85	0	1383	4988703
HS	84	0	1219	4989922
HS	83	0	1168	4991090
HS	82	0	1091	4992181
HS	81	0	984	4993165
HS	80	0	957	4994122
HS	79	0	801	4994923
HS	78	0	785	4995708
HS	77	0	709	4996417
HS	76	0	647	4997064
HS	75	0	700	4997764
HS	74	0	612	4998376
HS	73	0	516	4998892
HS	72	0	484	4999376
HS	71	0	474	4999850
HS	70	0	462	5000312
HS	69	0	469	5000781
HS	68	0	388	5001169
HS	67	0	349	5001518
HS	66	0	305	5001823
HS	65	0	243	5002066
HS	64	0	242	5002308
HS	63	0	225	5002533
HS	62	0	200	5002733
HS	61	0	204	5002937
HS	60	0	186	5003123
HS	59	0	182	5003305
HS	58	0	155	5003460
HS	57	0	140	5003600
HS	56	0	152	5003752
HS	55	0	122	5003874
HS	54	0	104	5003978
HS	53	0	111	5004089
HS	52	0	119	5004208
HS	51	0	86	5004294
HS	50	0	98	5004392
HS	49	0	123	5004515
HS	48	0	132	5004647
HS	47	0	124	5004771
HS	46	0	127	5004898
HS	45	0	145	5005043
HS	44	0	139	5005182
HS	43	0	126	5005308
HS	42	0	126	5005434
HS	41	0	144	5005578
HS	40	0	146	5005724
HS	39	0	147	5005871
HS	38	0	174	5006045
HS	37	0	155	5006200
HS	36	0	192	5006392
HS	35	0	211	5006603
HS	34	0	220	5006823
HS	33	0	203	5007026
HS	32	0	296	5007322
HS	31	0	267	5007589
HS	30	0	318	5007907
HS	29	0	349	5008256
HS	28	0	363	5008619
HS	27	0	413	5009032
HS	26	0	456	5009488
HS	25	0	585	5010073
HS	24	0	573	5010646
HS	23	0	735	5011381
HS	22	0	784	5012165
HS	21	0	897	5013062
HS	20	0	1030	5014092
HS	19	0	1319	5015411
HS	18	0	1427	5016838
HS	17	0	1805	5018643
HS	16	0	2206	5020849
HS	15	0	2598	5023447
HS	14	0	3305	5026752
HS	13	0	4462	5031214
HS	12	0	5987	5037201
HS	11	0	8300	5045501
HS	10	0	11241	5056742
HS	9	0	16219	5072961
HS	8	0	26258	5099219
HS	7	0	43748	5142967
HS	6	0	83130	5226097
HS	5	0	174360	5400457
HS	4	0	449156	5849613
HS	3	0	1429882	7279495
HS	2	0	8692673	15972168
HS	1	0	0	15972168
HS	0	0	0	15972168
