HS	1023	0	52823	52823
HS	1022	0	494	53317
HS	1021	0	541	53858
HS	1020	0	524	54382
HS	1019	0	497	54879
HS	1018	0	534	55413
HS	1017	0	497	55910
HS	1016	0	580	56490
HS	1015	0	552	57042
HS	1014	0	557	57599
HS	1013	0	571	58170
HS	1012	0	586	58756
HS	1011	0	568	59324
HS	1010	0	585	59909
HS	1009	0	555	60464
HS	1008	0	590	61054
HS	1007	0	588	61642
HS	1006	0	605	62247
HS	1005	0	671	62918
HS	1004	0	620	63538
HS	1003	0	636	64174
HS	1002	0	661	64835
HS	1001	0	665	65500
HS	1000	0	635	66135
HS	999	0	704	66839
HS	998	0	660	67499
HS	997	0	723	68222
HS	996	0	681	68903
HS	995	0	709	69612
HS	994	0	667	70279
HS	993	0	696	70975
HS	992	0	728	71703
HS	991	0	732	72435
HS	990	0	742	73177
HS	989	0	764	73941
HS	988	0	717	74658
HS	987	0	791	75449
HS	986	0	819	76268
HS	985	0	785	77053
HS	984	0	789	77842
HS	983	0	792	78634
HS	982	0	788	79422
HS	981	0	794	80216
HS	980	0	823	81039
HS	979	0	880	81919
HS	978	0	897	82816
HS	977	0	843	83659
HS	976	0	885	84544
HS	975	0	844	85388
HS	974	0	873	86261
HS	973	0	869	87130
HS	972	0	867	87997
HS	971	0	876	88873
HS	970	0	899	89772
HS	969	0	881	90653
HS	968	0	931	91584
HS	967	0	903	92487
HS	966	0	967	93454
HS	965	0	934	94388
HS	964	0	976	95364
HS	963	0	950	96314
HS	962	0	1008	97322
HS	961	0	1013	98335
HS	960	0	990	99325
HS	959	0	1031	100356
HS	958	0	1028	101384
HS	957	0	1098	102482
HS	956	0	1093	103575
HS	955	0	1042	104617
HS	954	0	1114	105731
HS	953	0	1150	106881
HS	952	0	1119	108000
HS	951	0	1147	109147
HS	950	0	1232	110379
HS	949	0	1173	111552
HS	948	0	1207	112759
HS	947	0	1185	113944
HS	946	0	1212	115156
HS	945	0	1145	116301
HS	944	0	1258	117559
HS	943	0	1311	118870
HS	942	0	1303	120173
HS	941	0	1306	121479
HS	940	0	1292	122771
HS	939	0	1237	124008
HS	938	0	1395	125403
HS	937	0	1387	126790
HS	936	0	1367	128157
HS	935	0	1406	129563
HS	934	0	1426	130989
HS	933	0	1427	132416
HS	932	0	1460	133876
HS	931	0	1430	135306
HS	930	0	1498	136804
HS	929	0	1481	138285
HS	928	0	1576	139861
HS	927	0	1547	141408
HS	926	0	1613	143021
HS	925	0	1610	144631
HS	924	0	1649	146280
HS	923	0	1566	147846
HS	922	0	1599	149445
HS	921	0	1671	151116
HS	920	0	1624	152740
HS	919	0	1674	154414
HS	918	0	1670	156084
HS	917	0	1601	157685
HS	916	0	1724	159409
HS	915	0	1690	161099
HS	914	0	1712	162811
HS	913	0	1703	164514
HS	912	0	1740	166254
HS	911	0	1707	167961
HS	910	0	1792	169753
HS	909	0	1727	171480
HS	908	0	1791	173271
HS	907	0	1856	175127
HS	906	0	1883	177010
HS	905	0	1844	178854
HS	904	0	1928	180782
HS	903	0	1945	182727
HS	902	0	2025	184752
HS	901	0	2045	186797
HS	900	0	2000	188797
HS	899	0	1962	190759
HS	898	0	2101	192860
HS	897	0	2070	194930
HS	896	0	1981	196911
HS	895	0	2078	198989
HS	894	0	2040	201029
HS	893	0	2128	203157
HS	892	0	2184	205341
HS	891	0	2150	207491
HS	890	0	2190	209681
HS	889	0	2235	211916
HS	888	0	2206	214122
HS	887	0	2271	216393
HS	886	0	2371	218764
HS	885	0	2323	221087
HS	884	0	2343	223430
HS	883	0	2378	225808
HS	882	0	2327	228135
HS	881	0	2371	230506
HS	880	0	2406	232912
HS	879	0	2479	235391
HS	878	0	2490	237881
HS	877	0	2535	240416
HS	876	0	2497	242913
HS	875	0	2538	245451
HS	874	0	2506	247957
HS	873	0	2519	250476
HS	872	0	2599	253075
HS	871	0	2707	255782
HS	870	0	2626	258408
HS	869	0	2603	261011
HS	868	0	2614	263625
HS	867	0	2709	266334
HS	866	0	2742	269076
HS	865	0	2767	271843
HS	864	0	2804	274647
HS	863	0	2792	277439
HS	862	0	2809	280248
HS	861	0	2916	283164
HS	860	0	2911	286075
HS	859	0	2944	289019
HS	858	0	2975	291994
HS	857	0	2966	294960
HS	856	0	3006	297966
HS	855	0	3108	301074
HS	854	0	3276	304350
HS	853	0	3091	307441
HS	852	0	3269	310710
HS	851	0	3275	313985
HS	850	0	3244	317229
HS	849	0	3192	320421
HS	848	0	3305	323726
HS	847	0	3264	326990
HS	846	0	3338	330328
HS	845	0	3383	333711
HS	844	0	3425	337136
HS	843	0	3478	340614
HS	842	0	3481	344095
HS	841	0	3519	347614
HS	840	0	3537	351151
HS	839	0	3492	354643
HS	838	0	3609	358252
HS	837	0	3637	361889
HS	836	0	3656	365545
HS	835	0	3743	369288
HS	834	0	3669	372957
HS	833	0	3733	376690
HS	832	0	3728	380418
HS	831	0	3891	384309
HS	830	0	3796	388105
HS	829	0	3933	392038
HS	828	0	3983	396021
HS	827	0	4130	400151
HS	826	0	3980	404131
HS	825	0	4013	408144
HS	824	0	4156	412300
HS	823	0	4106	416406
HS	822	0	4072	420478
HS	821	0	4262	424740
HS	820	0	4150	428890
HS	819	0	4273	433163
HS	818	0	4473	437636
HS	817	0	4336	441972
HS	816	0	4406	446378
HS	815	0	4389	450767
HS	814	0	4443	455210
HS	813	0	4491	459701
HS	812	0	4421	464122
HS	811	0	4547	468669
HS	810	0	4468	473137
HS	809	0	4657	477794
HS	808	0	4625	482419
HS	807	0	4806	487225
HS	806	0	4746	491971
HS	805	0	4815	496786
HS	804	0	4723	501509
HS	803	0	4757	506266
HS	802	0	4812	511078
HS	801	0	4917	515995
HS	800	0	4885	520880
HS	799	0	4969	525849
HS	798	0	4949	530798
HS	797	0	4980	535778
HS	796	0	5076	540854
HS	795	0	5031	545885
HS	794	0	5229	551114
HS	793	0	5159	556273
HS	792	0	5371	561644
HS	791	0	5199	566843
HS	790	0	5398	572241
HS	789	0	5472	577713
HS	788	0	5532	583245
HS	787	0	5648	588893
HS	786	0	5624	594517
HS	785	0	5466	599983
HS	784	0	5589	605572
HS	783	0	5764	611336
HS	782	0	5800	617136
HS	781	0	5862	622998
HS	780	0	5667	628665
HS	779	0	5943	634608
HS	778	0	5927	640535
HS	777	0	5921	646456
HS	776	0	6070	652526
HS	775	0	6076	658602
HS	774	0	6219	664821
HS	773	0	6173	670994
HS	772	0	6331	677325
HS	771	0	6353	683678
HS	770	0	6383	690061
HS	769	0	6482	696543
HS	768	0	6341	702884
HS	767	0	6538	709422
HS	766	0	6535	715957
HS	765	0	6542	722499
HS	764	0	6582	729081
HS	763	0	6893	735974
HS	762	0	6780	742754
HS	761	0	6933	749687
HS	760	0	6920	756607
HS	759	0	6881	763488
HS	758	0	7160	770648
HS	757	0	7006	777654
HS	756	0	7049	784703
HS	755	0	7206	791909
HS	754	0	7087	798996
HS	753	0	7464	806460
HS	752	0	7544	814004
HS	751	0	7409	821413
HS	750	0	7606	829019
HS	749	0	7664	836683
HS	748	0	7899	844582
HS	747	0	7908	852490
HS	746	0	7852	860342
HS	745	0	7837	868179
HS	744	0	8014	876193
HS	743	0	8089	884282
HS	742	0	8086	892368
HS	741	0	8269	900637
HS	740	0	8324	908961
HS	739	0	8407	917368
HS	738	0	8580	925948
HS	737	0	8562	934510
HS	736	0	8531	943041
HS	735	0	8599	951640
HS	734	0	8626	960266
HS	733	0	8717	968983
HS	732	0	8776	977759
HS	731	0	8891	986650
HS	730	0	8908	995558
HS	729	0	8957	1004515
HS	728	0	8899	1013414
HS	727	0	9021	1022435
HS	726	0	9195	1031630
HS	725	0	9355	1040985
HS	724	0	9574	1050559
HS	723	0	9511	1060070
HS	722	0	9404	1069474
HS	721	0	9665	1079139
HS	720	0	9655	1088794
HS	719	0	9639	1098433
HS	718	0	9884	1108317
HS	717	0	9868	1118185
HS	716	0	10091	1128276
HS	715	0	10070	1138346
HS	714	0	10181	1148527
HS	713	0	10355	1158882
HS	712	0	10272	1169154
HS	711	0	10362	1179516
HS	710	0	10403	1189919
HS	709	0	10529	1200448
HS	708	0	10557	1211005
HS	707	0	10870	1221875
HS	706	0	10704	1232579
HS	705	0	10868	1243447
HS	704	0	11102	1254549
HS	703	0	11083	1265632
HS	702	0	11311	1276943
HS	701	0	11312	1288255
HS	700	0	11312	1299567
HS	699	0	11482	1311049
HS	698	0	11283	1322332
HS	697	0	11719	1334051
HS	696	0	11560	1345611
HS	695	0	11663	1357274
HS	694	0	11825	1369099
HS	693	0	11887	1380986
HS	692	0	11845	1392831
HS	691	0	12000	1404831
HS	690	0	12123	1416954
HS	689	0	12119	1429073
HS	688	0	12358	1441431
HS	687	0	12491	1453922
HS	686	0	12499	1466421
HS	685	0	12573	1478994
HS	684	0	12531	1491525
HS	683	0	12834	1504359
HS	682	0	12857	1517216
HS	681	0	13038	1530254
HS	680	0	13031	1543285
HS	679	0	13092	1556377
HS	678	0	13208	1569585
HS	677	0	13307	1582892
HS	676	0	13244	1596136
HS	675	0	13269	1609405
HS	674	0	13429	1622834
HS	673	0	13538	1636372
HS	672	0	13748	1650120
HS	671	0	13751	1663871
HS	670	0	13804	1677675
HS	669	0	13724	1691399
HS	668	0	13946	1705345
HS	667	0	14156	1719501
HS	666	0	14316	1733817
HS	665	0	14444	1748261
HS	664	0	14464	1762725
HS	663	0	14390	1777115
HS	662	0	14750	1791865
HS	661	0	14854	1806719
HS	660	0	15017	1821736
HS	659	0	14841	1836577
HS	658	0	15146	1851723
HS	657	0	15015	1866738
HS	656	0	15039	1881777
HS	655	0	15366	1897143
HS	654	0	15110	1912253
HS	653	0	15291	1927544
HS	652	0	15405	1942949
HS	651	0	15357	1958306
HS	650	0	15555	1973861
HS	649	0	15712	1989573
HS	648	0	15467	2005040
HS	647	0	15859	2020899
HS	646	0	15792	2036691
HS	645	0	15983	2052674
HS	644	0	15925	2068599
HS	643	0	16085	2084684
HS	642	0	16037	2100721
HS	641	0	16128	2116849
HS	640	0	16473	2133322
HS	639	0	16532	2149854
HS	638	0	16363	2166217
HS	637	0	16727	2182944
HS	636	0	16435	2199379
HS	635	0	16742	2216121
HS	634	0	16814	2232935
HS	633	0	16641	2249576
HS	632	0	16839	2266415
HS	631	0	16816	2283231
HS	630	0	16850	2300081
HS	629	0	17091	2317172
HS	628	0	16879	2334051
HS	627	0	17104	2351155
HS	626	0	17237	2368392
HS	625	0	17197	2385589
HS	624	0	17207	2402796
HS	623	0	17333	2420129
HS	622	0	17479	2437608
HS	621	0	17489	2455097
HS	620	0	17547	2472644
HS	619	0	17560	2490204
HS	618	0	17811	2508015
HS	617	0	17739	2525754
HS	616	0	18232	2543986
HS	615	0	17805	2561791
HS	614	0	17883	2579674
HS	613	0	17963	2597637
HS	612	0	18210	2615847
HS	611	0	18262	2634109
HS	610	0	18399	2652508
HS	609	0	18306	2670814
HS	608	0	18329	2689143
HS	607	0	18168	2707311
HS	606	0	18520	2725831
HS	605	0	18590	2744421
HS	604	0	18746	2763167
HS	603	0	18534	2781701
HS	602	0	18601	2800302
HS	601	0	18739	2819041
HS	600	0	18795	2837836
HS	599	0	18848	2856684
HS	598	0	18847	2875531
HS	597	0	18953	2894484
HS	596	0	18901	2913385
HS	595	0	19204	2932589
HS	594	0	18973	2951562
HS	593	0	19085	2970647
HS	592	0	18995	2989642
HS	591	0	19198	3008840
HS	590	0	19108	3027948
HS	589	0	19321	3047269
HS	588	0	19085	3066354
HS	587	0	19428	3085782
HS	586	0	19712	3105494
HS	585	0	19347	3124841
HS	584	0	19081	3143922
HS	583	0	19459	3163381
HS	582	0	19427	3182808
HS	581	0	19234	3202042
HS	580	0	19453	3221495
HS	579	0	19337	3240832
HS	578	0	19123	3259955
HS	577	0	19311	3279266
HS	576	0	19324	3298590
HS	575	0	19432	3318022
HS	574	0	19599	3337621
HS	573	0	19358	3356979
HS	572	0	19503	3376482
HS	571	0	19482	3395964
HS	570	0	19752	3415716
HS	569	0	19220	3434936
HS	568	0	19368	3454304
HS	567	0	19306	3473610
HS	566	0	19314	3492924
HS	565	0	19171	3512095
HS	564	0	19356	3531451
HS	563	0	19146	3550597
HS	562	0	19287	3569884
HS	561	0	19443	3589327
HS	560	0	19236	3608563
HS	559	0	19127	3627690
HS	558	0	19137	3646827
HS	557	0	19164	3665991
HS	556	0	19108	3685099
HS	555	0	19028	3704127
HS	554	0	19164	3723291
HS	553	0	19028	3742319
HS	552	0	18705	3761024
HS	551	0	18787	3779811
HS	550	0	18874	3798685
HS	549	0	18637	3817322
HS	548	0	18787	3836109
HS	547	0	18664	3854773
HS	546	0	18669	3873442
HS	545	0	18710	3892152
HS	544	0	18450	3910602
HS	543	0	18563	3929165
HS	542	0	18353	3947518
HS	541	0	18382	3965900
HS	540	0	18149	3984049
HS	539	0	18086	4002135
HS	538	0	18108	4020243
HS	537	0	17932	4038175
HS	536	0	17768	4055943
HS	535	0	17799	4073742
HS	534	0	17604	4091346
HS	533	0	17707	4109053
HS	532	0	17931	4126984
HS	531	0	17764	4144748
HS	530	0	17862	4162610
HS	529	0	17359	4179969
HS	528	0	17512	4197481
HS	527	0	17539	4215020
HS	526	0	17370	4232390
HS	525	0	17435	4249825
HS	524	0	17122	4266947
HS	523	0	17326	4284273
HS	522	0	16897	4301170
HS	521	0	17030	4318200
HS	520	0	16820	4335020
HS	519	0	16753	4351773
HS	518	0	16374	4368147
HS	517	0	16599	4384746
HS	516	0	16368	4401114
HS	515	0	16424	4417538
HS	514	0	16284	4433822
HS	513	0	16187	4450009
HS	512	0	15857	4465866
HS	511	0	15867	4481733
HS	510	0	15731	4497464
HS	509	0	15468	4512932
HS	508	0	15463	4528395
HS	507	0	15450	4543845
HS	506	0	15357	4559202
HS	505	0	15199	4574401
HS	504	0	15133	4589534
HS	503	0	15073	4604607
HS	502	0	14935	4619542
HS	501	0	14398	4633940
HS	500	0	14528	4648468
HS	499	0	14425	4662893
HS	498	0	14496	4677389
HS	497	0	14283	4691672
HS	496	0	14089	4705761
HS	495	0	13974	4719735
HS	494	0	14030	4733765
HS	493	0	13905	4747670
HS	492	0	13749	4761419
HS	491	0	13714	4775133
HS	490	0	13643	4788776
HS	489	0	13483	4802259
HS	488	0	13405	4815664
HS	487	0	13138	4828802
HS	486	0	13083	4841885
HS	485	0	12874	4854759
HS	484	0	12728	4867487
HS	483	0	12755	4880242
HS	482	0	12574	4892816
HS	481	0	12255	4905071
HS	480	0	12139	4917210
HS	479	0	12001	4929211
HS	478	0	11947	4941158
HS	477	0	11842	4953000
HS	476	0	11857	4964857
HS	475	0	11481	4976338
HS	474	0	11637	4987975
HS	473	0	11376	4999351
HS	472	0	11148	5010499
HS	471	0	11087	5021586
HS	470	0	11063	5032649
HS	469	0	11000	5043649
HS	468	0	10808	5054457
HS	467	0	10678	5065135
HS	466	0	10583	5075718
HS	465	0	10483	5086201
HS	464	0	10376	5096577
HS	463	0	10237	5106814
HS	462	0	9955	5116769
HS	461	0	9904	5126673
HS	460	0	9880	5136553
HS	459	0	9550	5146103
HS	458	0	9736	5155839
HS	457	0	9566	5165405
HS	456	0	9413	5174818
HS	455	0	9351	5184169
HS	454	0	9214	5193383
HS	453	0	9107	5202490
HS	452	0	8938	5211428
HS	451	0	8855	5220283
HS	450	0	8656	5228939
HS	449	0	8587	5237526
HS	448	0	8560	5246086
HS	447	0	8439	5254525
HS	446	0	8343	5262868
HS	445	0	8263	5271131
HS	444	0	8206	5279337
HS	443	0	7892	5287229
HS	442	0	7818	5295047
HS	441	0	7731	5302778
HS	440	0	7633	5310411
HS	439	0	7636	5318047
HS	438	0	7261	5325308
HS	437	0	7269	5332577
HS	436	0	7209	5339786
HS	435	0	7019	5346805
HS	434	0	7030	5353835
HS	433	0	6921	5360756
HS	432	0	6676	5367432
HS	431	0	6680	5374112
HS	430	0	6597	5380709
HS	429	0	6527	5387236
HS	428	0	6421	5393657
HS	427	0	6378	5400035
HS	426	0	6228	5406263
HS	425	0	6200	5412463
HS	424	0	6004	5418467
HS	423	0	5902	5424369
HS	422	0	5834	5430203
HS	421	0	5614	5435817
HS	420	0	5487	5441304
HS	419	0	5384	5446688
HS	418	0	5459	5452147
HS	417	0	5228	5457375
HS	416	0	5249	5462624
HS	415	0	5036	5467660
HS	414	0	5106	5472766
HS	413	0	5001	5477767
HS	412	0	4961	5482728
HS	411	0	4677	5487405
HS	410	0	4646	5492051
HS	409	0	4620	5496671
HS	408	0	4547	5501218
HS	407	0	4505	5505723
HS	406	0	4383	5510106
HS	405	0	4274	5514380
HS	404	0	4248	5518628
HS	403	0	4112	5522740
HS	402	0	3896	5526636
HS	401	0	4013	5530649
HS	400	0	3855	5534504
HS	399	0	3820	5538324
HS	398	0	3692	5542016
HS	397	0	3679	5545695
HS	396	0	3740	5549435
HS	395	0	3587	5553022
HS	394	0	3471	5556493
HS	393	0	3369	5559862
HS	392	0	3426	5563288
HS	391	0	3386	5566674
HS	390	0	3352	5570026
HS	389	0	3242	5573268
HS	388	0	3199	5576467
HS	387	0	3193	5579660
HS	386	0	3145	5582805
HS	385	0	2977	5585782
HS	384	0	2991	5588773
HS	383	0	2939	5591712
HS	382	0	2854	5594566
HS	381	0	2872	5597438
HS	380	0	2802	5600240
HS	379	0	2754	5602994
HS	378	0	2673	5605667
HS	377	0	2708	5608375
HS	376	0	2574	5610949
HS	375	0	2515	5613464
HS	374	0	2395	5615859
HS	373	0	2293	5618152
HS	372	0	2320	5620472
HS	371	0	2174	5622646
HS	370	0	2124	5624770
HS	369	0	2096	5626866
HS	368	0	2111	5628977
HS	367	0	2090	5631067
HS	366	0	2046	5633113
HS	365	0	1994	5635107
HS	364	0	1960	5637067
HS	363	0	1829	5638896
HS	362	0	1852	5640748
HS	361	0	1748	5642496
HS	360	0	1724	5644220
HS	359	0	1618	5645838
HS	358	0	1648	5647486
HS	357	0	1596	5649082
HS	356	0	1647	5650729
HS	355	0	1525	5652254
HS	354	0	1561	5653815
HS	353	0	1567	5655382
HS	352	0	1496	5656878
HS	351	0	1557	5658435
HS	350	0	1419	5659854
HS	349	0	1378	5661232
HS	348	0	1354	5662586
HS	347	0	1274	5663860
HS	346	0	1275	5665135
HS	345	0	1159	5666294
HS	344	0	1187	5667481
HS	343	0	1133	5668614
HS	342	0	1148	5669762
HS	341	0	1051	5670813
HS	340	0	1034	5671847
HS	339	0	1040	5672887
HS	338	0	1076	5673963
HS	337	0	1003	5674966
HS	336	0	1004	5675970
HS	335	0	1009	5676979
HS	334	0	969	5677948
HS	333	0	916	5678864
HS	332	0	971	5679835
HS	331	0	946	5680781
HS	330	0	885	5681666
HS	329	0	855	5682521
HS	328	0	869	5683390
HS	327	0	862	5684252
HS	326	0	836	5685088
HS	325	0	823	5685911
HS	324	0	803	5686714
HS	323	0	791	5687505
HS	322	0	793	5688298
HS	321	0	770	5689068
HS	320	0	750	5689818
HS	319	0	706	5690524
HS	318	0	665	5691189
HS	317	0	667	5691856
HS	316	0	717	5692573
HS	315	0	611	5693184
HS	314	0	616	5693800
HS	313	0	674	5694474
HS	312	0	605	5695079
HS	311	0	599	5695678
HS	310	0	600	5696278
HS	309	0	574	5696852
HS	308	0	607	5697459
HS	307	0	579	5698038
HS	306	0	564	5698602
HS	305	0	629	5699231
HS	304	0	558	5699789
HS	303	0	545	5700334
HS	302	0	566	5700900
HS	301	0	523	5701423
HS	300	0	553	5701976
HS	299	0	513	5702489
HS	298	0	532	5703021
HS	297	0	490	5703511
HS	296	0	499	5704010
HS	295	0	464	5704474
HS	294	0	462	5704936
HS	293	0	456	5705392
HS	292	0	423	5705815
HS	291	0	467	5706282
HS	290	0	410	5706692
HS	289	0	421	5707113
HS	288	0	416	5707529
HS	287	0	377	5707906
HS	286	0	416	5708322
HS	285	0	398	5708720
HS	284	0	365	5709085
HS	283	0	364	5709449
HS	282	0	347	5709796
HS	281	0	314	5710110
HS	280	0	336	5710446
HS	279	0	332	5710778
HS	278	0	327	5711105
HS	277	0	325	5711430
HS	276	0	313	5711743
HS	275	0	328	5712071
HS	274	0	335	5712406
HS	273	0	310	5712716
HS	272	0	353	5713069
HS	271	0	296	5713365
HS	270	0	285	5713650
HS	269	0	317	5713967
HS	268	0	295	5714262
HS	267	0	280	5714542
HS	266	0	258	5714800
HS	265	0	255	5715055
HS	264	0	263	5715318
HS	263	0	244	5715562
HS	262	0	238	5715800
HS	261	0	273	5716073
HS	260	0	268	5716341
HS	259	0	278	5716619
HS	258	0	259	5716878
HS	257	0	256	5717134
HS	256	0	263	5717397
HS	255	0	255	5717652
HS	254	0	257	5717909
HS	253	0	254	5718163
HS	252	0	234	5718397
HS	251	0	227	5718624
HS	250	0	223	5718847
HS	249	0	238	5719085
HS	248	0	220	5719305
HS	247	0	194	5719499
HS	246	0	205	5719704
HS	245	0	201	5719905
HS	244	0	209	5720114
HS	243	0	194	5720308
HS	242	0	216	5720524
HS	241	0	183	5720707
HS	240	0	210	5720917
HS	239	0	199	5721116
HS	238	0	174	5721290
HS	237	0	180	5721470
HS	236	0	167	5721637
HS	235	0	161	5721798
HS	234	0	177	5721975
HS	233	0	163	5722138
HS	232	0	158	5722296
HS	231	0	157	5722453
HS	230	0	137	5722590
HS	229	0	141	5722731
HS	228	0	146	5722877
HS	227	0	127	5723004
HS	226	0	120	5723124
HS	225	0	143	5723267
HS	224	0	127	5723394
HS	223	0	125	5723519
HS	222	0	139	5723658
HS	221	0	128	5723786
HS	220	0	112	5723898
HS	219	0	103	5724001
HS	218	0	115	5724116
HS	217	0	106	5724222
HS	216	0	106	5724328
HS	215	0	99	5724427
HS	214	0	97	5724524
HS	213	0	81	5724605
HS	212	0	86	5724691
HS	211	0	96	5724787
HS	210	0	79	5724866
HS	209	0	64	5724930
HS	208	0	64	5724994
HS	207	0	54	5725048
HS	206	0	62	5725110
HS	205	0	64	5725174
HS	204	0	68	5725242
HS	203	0	71	5725313
HS	202	0	53	5725366
HS	201	0	52	5725418
HS	200	0	47	5725465
HS	199	0	62	5725527
HS	198	0	50	5725577
HS	197	0	67	5725644
HS	196	0	61	5725705
HS	195	0	48	5725753
HS	194	0	62	5725815
HS	193	0	59	5725874
HS	192	0	62	5725936
HS	191	0	56	5725992
HS	190	0	55	5726047
HS	189	0	26	5726073
HS	188	0	47	5726120
HS	187	0	34	5726154
HS	186	0	30	5726184
HS	185	0	31	5726215
HS	184	0	27	5726242
HS	183	0	29	5726271
HS	182	0	28	5726299
HS	181	0	28	5726327
HS	180	0	26	5726353
HS	179	0	22	5726375
HS	178	0	30	5726405
HS	177	0	25	5726430
HS	176	0	29	5726459
HS	175	0	29	5726488
HS	174	0	19	5726507
HS	173	0	22	5726529
HS	172	0	22	5726551
HS	171	0	28	5726579
HS	170	0	20	5726599
HS	169	0	19	5726618
HS	168	0	25	5726643
HS	167	0	19	5726662
HS	166	0	19	5726681
HS	165	0	21	5726702
HS	164	0	30	5726732
HS	163	0	32	5726764
HS	162	0	20	5726784
HS	161	0	21	5726805
HS	160	0	15	5726820
HS	159	0	18	5726838
HS	158	0	19	5726857
HS	157	0	11	5726868
HS	156	0	16	5726884
HS	155	0	19	5726903
HS	154	0	15	5726918
HS	153	0	17	5726935
HS	152	0	19	5726954
HS	151	0	10	5726964
HS	150	0	13	5726977
HS	149	0	12	5726989
HS	148	0	15	5727004
HS	147	0	8	5727012
HS	146	0	17	5727029
HS	145	0	18	5727047
HS	144	0	16	5727063
HS	143	0	6	5727069
HS	142	0	7	5727076
HS	141	0	14	5727090
HS	140	0	13	5727103
HS	139	0	6	5727109
HS	138	0	14	5727123
HS	137	0	10	5727133
HS	136	0	11	5727144
HS	135	0	10	5727154
HS	134	0	8	5727162
HS	133	0	14	5727176
HS	132	0	9	5727185
HS	131	0	4	5727189
HS	130	0	6	5727195
HS	129	0	10	5727205
HS	128	0	20	5727225
HS	127	0	7	5727232
HS	126	0	11	5727243
HS	125	0	9	5727252
HS	124	0	11	5727263
HS	123	0	16	5727279
HS	122	0	8	5727287
HS	121	0	7	5727294
HS	120	0	12	5727306
HS	119	0	14	5727320
HS	118	0	10	5727330
HS	117	0	20	5727350
HS	116	0	28	5727378
HS	115	0	20	5727398
HS	114	0	11	5727409
HS	113	0	19	5727428
HS	112	0	18	5727446
HS	111	0	15	5727461
HS	110	0	14	5727475
HS	109	0	18	5727493
HS	108	0	19	5727512
HS	107	0	19	5727531
HS	106	0	13	5727544
HS	105	0	10	5727554
HS	104	0	12	5727566
HS	103	0	23	5727589
HS	102	0	21	5727610
HS	101	0	20	5727630
HS	100	0	35	5727665
HS	99	0	14	5727679
HS	98	0	28	5727707
HS	97	0	29	5727736
HS	96	0	34	5727770
HS	95	0	46	5727816
HS	94	0	38	5727854
HS	93	0	45	5727899
HS	92	0	47	5727946
HS	91	0	44	5727990
HS	90	0	42	5728032
HS	89	0	53	5728085
HS	88	0	71	5728156
HS	87	0	70	5728226
HS	86	0	82	5728308
HS	85	0	61	5728369
HS	84	0	61	5728430
HS	83	0	75	5728505
HS	82	0	57	5728562
HS	81	0	65	5728627
HS	80	0	55	5728682
HS	79	0	89	5728771
HS	78	0	100	5728871
HS	77	0	110	5728981
HS	76	0	101	5729082
HS	75	0	121	5729203
HS	74	0	130	5729333
HS	73	0	175	5729508
HS	72	0	158	5729666
HS	71	0	172	5729838
HS	70	0	182	5730020
HS	69	0	227	5730247
HS	68	0	258	5730505
HS	67	0	206	5730711
HS	66	0	260	5730971
HS	65	0	232	5731203
HS	64	0	305	5731508
HS	63	0	249	5731757
HS	62	0	293	5732050
HS	61	0	308	5732358
HS	60	0	323	5732681
HS	59	0	372	5733053
HS	58	0	349	5733402
HS	57	0	366	5733768
HS	56	0	469	5734237
HS	55	0	446	5734683
HS	54	0	511	5735194
HS	53	0	623	5735817
HS	52	0	600	5736417
HS	51	0	630	5737047
HS	50	0	690	5737737
HS	49	0	701	5738438
HS	48	0	738	5739176
HS	47	0	848	5740024
HS	46	0	867	5740891
HS	45	0	956	5741847
HS	44	0	1109	5742956
HS	43	0	1213	5744169
HS	42	0	1318	5745487
HS	41	0	1410	5746897
HS	40	0	1552	5748449
HS	39	0	1591	5750040
HS	38	0	1825	5751865
HS	37	0	2078	5753943
HS	36	0	2274	5756217
HS	35	0	2382	5758599
HS	34	0	2778	5761377
HS	33	0	2917	5764294
HS	32	0	3313	5767607
HS	31	0	3645	5771252
HS	30	0	4131	5775383
HS	29	0	4478	5779861
HS	28	0	4971	5784832
HS	27	0	5437	5790269
HS	26	0	6121	5796390
HS	25	0	7031	5803421
HS	24	0	8029	5811450
HS	23	0	9481	5820931
HS	22	0	11216	5832147
HS	21	0	12954	5845101
HS	20	0	14819	5859920
HS	19	0	17198	5877118
HS	18	0	20867	5897985
HS	17	0	25486	5923471
HS	16	0	32226	5955697
HS	15	0	41247	5996944
HS	14	0	53844	6050788
HS	13	0	71617	6122405
HS	12	0	97993	6220398
HS	11	0	137061	6357459
HS	10	0	200561	6558020
HS	9	0	304462	6862482
HS	8	0	483704	7346186
HS	7	0	797548	8143734
HS	6	0	1372504	9516238
HS	5	0	2549217	12065455
HS	4	0	5204848	17270303
HS	3	0	12237420	29507723
HS	2	0	35510084	65017807
HS	1	0	0	65017807
HS	0	0	0	65017807
