CC	CT  kmer_occurrence    short_read_kmer_count  raw_input_kmer_count  adjusted_input_kmer_count
CC	FR  fpr_lower_bound    fpr_upper_bound
CC	ER  total_input_kmers  adjusted_error_kmers
CC	CV  coverage
CC	QV  raw_quality_value  adjusted_quality_value
CC
SQ	CP126101.1	5249694	5249664	5247722	49.23
CT	1023	4439	45758	45758.000
CT	1022	11	98	98.000
CT	1021	7	59	59.000
CT	1020	8	77	77.000
CT	1019	11	124	124.000
CT	1018	9	80	80.000
CT	1017	14	147	147.000
CT	1016	14	122	122.000
CT	1015	11	98	98.000
CT	1014	17	148	148.000
CT	1013	12	121	121.000
CT	1012	15	125	125.000
CT	1011	17	185	185.000
CT	1010	17	139	139.000
CT	1009	11	109	109.000
CT	1008	10	89	89.000
CT	1007	17	139	139.000
CT	1006	17	169	169.000
CT	1005	9	72	72.000
CT	1004	9	59	59.000
CT	1003	13	134	134.000
CT	1002	20	158	158.000
CT	1001	12	106	106.000
CT	1000	15	123	123.000
CT	999	13	119	119.000
CT	998	16	140	140.000
CT	997	11	108	108.000
CT	996	12	104	104.000
CT	995	12	115	115.000
CT	994	11	100	100.000
CT	993	21	189	189.000
CT	992	12	102	102.000
CT	991	10	79	79.000
CT	990	17	146	146.000
CT	989	12	103	103.000
CT	988	13	115	115.000
CT	987	13	124	124.000
CT	986	12	92	92.000
CT	985	13	102	102.000
CT	984	12	103	103.000
CT	983	14	119	119.000
CT	982	15	122	122.000
CT	981	19	191	191.000
CT	980	11	101	101.000
CT	979	17	127	127.000
CT	978	12	93	93.000
CT	977	18	168	168.000
CT	976	12	117	117.000
CT	975	9	69	69.000
CT	974	6	51	51.000
CT	973	8	68	68.000
CT	972	12	111	111.000
CT	971	10	98	98.000
CT	970	13	89	89.000
CT	969	9	57	57.000
CT	968	14	89	89.000
CT	967	13	107	107.000
CT	966	13	122	122.000
CT	965	11	88	88.000
CT	964	15	119	119.000
CT	963	19	166	166.000
CT	962	16	129	129.000
CT	961	15	121	121.000
CT	960	12	92	92.000
CT	959	22	172	172.000
CT	958	22	150	150.000
CT	957	17	105	105.000
CT	956	16	94	94.000
CT	955	19	111	111.000
CT	954	14	107	107.000
CT	953	17	113	113.000
CT	952	27	203	203.000
CT	951	16	109	109.000
CT	950	18	137	137.000
CT	949	22	155	155.000
CT	948	16	122	122.000
CT	947	15	103	103.000
CT	946	20	126	126.000
CT	945	19	131	131.000
CT	944	23	146	146.000
CT	943	14	96	96.000
CT	942	19	125	125.000
CT	941	25	144	144.000
CT	940	14	72	72.000
CT	939	19	139	139.000
CT	938	20	141	141.000
CT	937	20	142	142.000
CT	936	27	175	175.000
CT	935	20	138	138.000
CT	934	17	129	129.000
CT	933	16	107	107.000
CT	932	12	70	70.000
CT	931	25	159	159.000
CT	930	18	91	91.000
CT	929	13	97	97.000
CT	928	11	72	72.000
CT	927	16	107	107.000
CT	926	17	118	118.000
CT	925	13	73	73.000
CT	924	19	136	136.000
CT	923	15	95	95.000
CT	922	18	108	108.000
CT	921	14	86	86.000
CT	920	7	43	43.000
CT	919	12	108	108.000
CT	918	15	124	124.000
CT	917	12	94	94.000
CT	916	10	54	54.000
CT	915	8	38	38.000
CT	914	10	91	91.000
CT	913	10	70	70.000
CT	912	14	100	100.000
CT	911	12	100	100.000
CT	910	13	82	82.000
CT	909	15	121	121.000
CT	908	11	100	100.000
CT	907	10	80	80.000
CT	906	15	132	132.000
CT	905	5	36	36.000
CT	904	19	133	133.000
CT	903	10	74	74.000
CT	902	11	75	75.000
CT	901	14	104	104.000
CT	900	13	82	82.000
CT	899	16	104	104.000
CT	898	13	78	78.000
CT	897	10	48	48.000
CT	896	16	117	117.000
CT	895	14	94	94.000
CT	894	12	100	100.000
CT	893	14	76	76.000
CT	892	13	64	64.000
CT	891	13	95	95.000
CT	890	21	133	133.000
CT	889	12	64	64.000
CT	888	17	102	102.000
CT	887	21	134	134.000
CT	886	12	53	53.000
CT	885	13	95	95.000
CT	884	17	92	92.000
CT	883	23	177	177.000
CT	882	11	76	76.000
CT	881	13	49	49.000
CT	880	16	105	105.000
CT	879	20	126	126.000
CT	878	9	75	75.000
CT	877	13	63	63.000
CT	876	22	171	171.000
CT	875	18	142	142.000
CT	874	23	138	138.000
CT	873	29	150	150.000
CT	872	30	182	182.000
CT	871	24	139	139.000
CT	870	25	169	169.000
CT	869	22	125	125.000
CT	868	21	160	160.000
CT	867	20	103	103.000
CT	866	17	81	81.000
CT	865	26	186	186.000
CT	864	25	127	127.000
CT	863	23	130	130.000
CT	862	23	143	143.000
CT	861	27	128	128.000
CT	860	22	117	117.000
CT	859	28	135	135.000
CT	858	21	102	102.000
CT	857	24	152	152.000
CT	856	19	122	122.000
CT	855	22	124	124.000
CT	854	23	159	159.000
CT	853	34	193	193.000
CT	852	25	155	155.000
CT	851	22	143	143.000
CT	850	32	199	199.000
CT	849	28	177	177.000
CT	848	28	171	171.000
CT	847	24	146	146.000
CT	846	35	187	187.000
CT	845	23	146	146.000
CT	844	19	123	123.000
CT	843	35	213	213.000
CT	842	28	167	167.000
CT	841	44	322	322.000
CT	840	33	168	168.000
CT	839	29	150	150.000
CT	838	26	136	136.000
CT	837	26	158	158.000
CT	836	33	174	174.000
CT	835	21	135	135.000
CT	834	26	162	162.000
CT	833	26	157	157.000
CT	832	19	100	100.000
CT	831	25	109	109.000
CT	830	26	133	133.000
CT	829	15	85	85.000
CT	828	28	129	129.000
CT	827	14	72	72.000
CT	826	27	115	115.000
CT	825	26	134	134.000
CT	824	17	86	86.000
CT	823	27	118	118.000
CT	822	30	159	159.000
CT	821	28	104	104.000
CT	820	22	120	120.000
CT	819	28	118	118.000
CT	818	24	131	131.000
CT	817	23	108	108.000
CT	816	21	142	142.000
CT	815	32	153	153.000
CT	814	19	89	89.000
CT	813	23	114	114.000
CT	812	27	137	137.000
CT	811	22	105	105.000
CT	810	26	119	119.000
CT	809	27	168	168.000
CT	808	25	130	130.000
CT	807	24	113	113.000
CT	806	21	132	132.000
CT	805	29	140	140.000
CT	804	32	114	114.000
CT	803	36	147	147.000
CT	802	19	81	81.000
CT	801	24	98	98.000
CT	800	21	91	91.000
CT	799	21	137	137.000
CT	798	30	153	153.000
CT	797	29	178	178.000
CT	796	27	117	117.000
CT	795	24	126	126.000
CT	794	34	135	135.000
CT	793	23	120	120.000
CT	792	27	108	108.000
CT	791	29	102	102.000
CT	790	23	110	110.000
CT	789	17	66	66.000
CT	788	16	81	81.000
CT	787	20	93	93.000
CT	786	22	99	99.000
CT	785	22	127	127.000
CT	784	29	130	130.000
CT	783	26	110	110.000
CT	782	23	102	102.000
CT	781	18	71	71.000
CT	780	28	117	117.000
CT	779	31	140	140.000
CT	778	28	102	102.000
CT	777	20	68	68.000
CT	776	29	155	155.000
CT	775	30	182	182.000
CT	774	24	108	108.000
CT	773	27	110	110.000
CT	772	26	106	106.000
CT	771	34	191	191.000
CT	770	28	129	129.000
CT	769	29	135	135.000
CT	768	31	150	150.000
CT	767	33	123	123.000
CT	766	28	113	113.000
CT	765	38	172	172.000
CT	764	35	151	151.000
CT	763	38	164	164.000
CT	762	35	150	150.000
CT	761	25	86	86.000
CT	760	27	137	137.000
CT	759	30	130	130.000
CT	758	26	120	120.000
CT	757	34	147	147.000
CT	756	29	118	118.000
CT	755	24	88	88.000
CT	754	24	98	98.000
CT	753	20	100	100.000
CT	752	27	135	135.000
CT	751	28	110	110.000
CT	750	16	89	89.000
CT	749	22	76	76.000
CT	748	23	84	84.000
CT	747	19	54	54.000
CT	746	24	87	87.000
CT	745	21	79	79.000
CT	744	20	58	58.000
CT	743	20	64	64.000
CT	742	28	87	87.000
CT	741	19	49	49.000
CT	740	20	53	53.000
CT	739	31	111	111.000
CT	738	18	66	66.000
CT	737	23	87	87.000
CT	736	23	89	89.000
CT	735	25	74	74.000
CT	734	27	79	79.000
CT	733	21	65	65.000
CT	732	28	82	82.000
CT	731	34	103	103.000
CT	730	18	86	86.000
CT	729	25	71	71.000
CT	728	26	90	90.000
CT	727	15	62	62.000
CT	726	19	48	48.000
CT	725	19	55	55.000
CT	724	19	63	63.000
CT	723	21	67	67.000
CT	722	18	44	44.000
CT	721	18	64	64.000
CT	720	21	70	70.000
CT	719	20	53	53.000
CT	718	23	62	62.000
CT	717	18	55	55.000
CT	716	18	40	40.000
CT	715	24	73	73.000
CT	714	14	55	55.000
CT	713	20	63	63.000
CT	712	23	64	64.000
CT	711	25	94	94.000
CT	710	25	83	83.000
CT	709	22	75	75.000
CT	708	22	68	68.000
CT	707	26	86	86.000
CT	706	23	70	70.000
CT	705	19	55	55.000
CT	704	23	68	68.000
CT	703	22	77	77.000
CT	702	35	98	98.000
CT	701	44	144	144.000
CT	700	37	112	112.000
CT	699	34	104	104.000
CT	698	32	87	87.000
CT	697	38	128	128.000
CT	696	38	114	114.000
CT	695	35	117	117.000
CT	694	41	124	124.000
CT	693	39	110	110.000
CT	692	36	129	129.000
CT	691	34	97	97.000
CT	690	41	127	127.000
CT	689	39	120	120.000
CT	688	33	93	93.000
CT	687	34	107	107.000
CT	686	45	141	141.000
CT	685	31	84	84.000
CT	684	35	111	111.000
CT	683	44	120	120.000
CT	682	30	90	90.000
CT	681	48	146	146.000
CT	680	44	138	138.000
CT	679	39	140	140.000
CT	678	31	100	100.000
CT	677	60	190	190.000
CT	676	36	87	87.000
CT	675	41	115	115.000
CT	674	39	135	135.000
CT	673	36	98	98.000
CT	672	32	95	95.000
CT	671	34	115	115.000
CT	670	35	93	93.000
CT	669	34	94	94.000
CT	668	45	138	138.000
CT	667	52	153	153.000
CT	666	43	118	118.000
CT	665	44	117	117.000
CT	664	39	114	114.000
CT	663	46	125	125.000
CT	662	38	123	123.000
CT	661	27	69	69.000
CT	660	41	122	122.000
CT	659	37	114	114.000
CT	658	44	111	111.000
CT	657	40	105	105.000
CT	656	38	111	111.000
CT	655	40	120	120.000
CT	654	34	107	107.000
CT	653	34	98	98.000
CT	652	44	118	118.000
CT	651	38	114	114.000
CT	650	38	111	111.000
CT	649	30	83	83.000
CT	648	41	115	115.000
CT	647	41	134	134.000
CT	646	43	131	131.000
CT	645	34	86	86.000
CT	644	34	83	83.000
CT	643	42	115	115.000
CT	642	36	101	101.000
CT	641	26	70	70.000
CT	640	32	101	101.000
CT	639	34	90	90.000
CT	638	37	103	103.000
CT	637	44	111	111.000
CT	636	29	88	88.000
CT	635	35	102	102.000
CT	634	36	95	95.000
CT	633	45	124	124.000
CT	632	33	84	84.000
CT	631	49	127	127.000
CT	630	38	98	98.000
CT	629	27	81	81.000
CT	628	40	116	116.000
CT	627	37	112	112.000
CT	626	45	123	123.000
CT	625	49	125	125.000
CT	624	43	125	125.000
CT	623	50	119	119.000
CT	622	42	125	125.000
CT	621	53	142	142.000
CT	620	36	94	94.000
CT	619	48	134	134.000
CT	618	43	123	123.000
CT	617	56	147	147.000
CT	616	53	134	134.000
CT	615	50	130	130.000
CT	614	50	121	121.000
CT	613	43	94	94.000
CT	612	53	137	137.000
CT	611	51	136	136.000
CT	610	46	121	121.000
CT	609	52	148	148.000
CT	608	51	144	144.000
CT	607	42	99	99.000
CT	606	57	146	146.000
CT	605	55	137	137.000
CT	604	59	142	142.000
CT	603	57	143	143.000
CT	602	59	141	141.000
CT	601	62	146	146.000
CT	600	61	142	142.000
CT	599	60	148	148.000
CT	598	56	127	127.000
CT	597	59	153	153.000
CT	596	67	172	172.000
CT	595	57	133	133.000
CT	594	62	165	165.000
CT	593	44	106	106.000
CT	592	63	156	156.000
CT	591	70	173	173.000
CT	590	56	166	166.000
CT	589	58	121	121.000
CT	588	56	138	138.000
CT	587	64	161	161.000
CT	586	70	166	166.000
CT	585	70	172	172.000
CT	584	78	180	180.000
CT	583	61	149	149.000
CT	582	58	141	141.000
CT	581	70	155	155.000
CT	580	54	125	125.000
CT	579	56	132	132.000
CT	578	61	134	134.000
CT	577	74	181	181.000
CT	576	73	160	160.000
CT	575	68	153	153.000
CT	574	59	128	128.000
CT	573	61	152	152.000
CT	572	72	159	159.000
CT	571	86	212	212.000
CT	570	70	149	149.000
CT	569	67	150	150.000
CT	568	63	148	148.000
CT	567	78	169	169.000
CT	566	86	206	206.000
CT	565	77	179	179.000
CT	564	71	155	155.000
CT	563	81	200	200.000
CT	562	90	203	203.000
CT	561	103	246	246.000
CT	560	87	220	220.000
CT	559	91	218	218.000
CT	558	111	249	249.000
CT	557	84	207	207.000
CT	556	94	207	207.000
CT	555	98	202	202.000
CT	554	76	171	171.000
CT	553	83	173	173.000
CT	552	86	174	174.000
CT	551	105	246	246.000
CT	550	102	224	224.000
CT	549	102	208	208.000
CT	548	102	211	211.000
CT	547	103	217	217.000
CT	546	106	208	208.000
CT	545	83	175	175.000
CT	544	115	223	223.000
CT	543	80	139	139.000
CT	542	115	234	234.000
CT	541	110	206	206.000
CT	540	105	192	192.000
CT	539	118	199	199.000
CT	538	122	230	230.000
CT	537	95	183	183.000
CT	536	129	251	251.000
CT	535	99	201	201.000
CT	534	119	221	221.000
CT	533	106	209	209.000
CT	532	109	202	202.000
CT	531	102	208	208.000
CT	530	101	188	188.000
CT	529	91	156	156.000
CT	528	102	195	195.000
CT	527	103	179	179.000
CT	526	107	198	198.000
CT	525	103	193	193.000
CT	524	96	182	182.000
CT	523	113	202	202.000
CT	522	126	209	209.000
CT	521	93	164	164.000
CT	520	107	171	171.000
CT	519	119	202	202.000
CT	518	118	184	184.000
CT	517	123	204	204.000
CT	516	126	234	234.000
CT	515	116	200	200.000
CT	514	118	204	204.000
CT	513	113	199	199.000
CT	512	106	190	190.000
CT	511	144	250	250.000
CT	510	149	241	241.000
CT	509	149	248	248.000
CT	508	144	240	240.000
CT	507	149	254	254.000
CT	506	131	237	237.000
CT	505	145	242	242.000
CT	504	116	195	195.000
CT	503	128	228	228.000
CT	502	129	229	229.000
CT	501	120	213	213.000
CT	500	135	220	220.000
CT	499	147	256	256.000
CT	498	128	232	232.000
CT	497	140	243	243.000
CT	496	126	237	237.000
CT	495	122	222	222.000
CT	494	150	256	256.000
CT	493	144	244	244.000
CT	492	128	213	213.000
CT	491	126	222	222.000
CT	490	138	236	236.000
CT	489	120	201	201.000
CT	488	125	219	219.000
CT	487	185	311	311.000
CT	486	153	266	266.000
CT	485	154	275	275.000
CT	484	136	224	224.000
CT	483	151	269	269.000
CT	482	160	273	273.000
CT	481	170	302	302.000
CT	480	147	265	265.000
CT	479	164	280	280.000
CT	478	143	225	225.000
CT	477	151	268	268.000
CT	476	165	271	271.000
CT	475	158	249	249.000
CT	474	161	281	281.000
CT	473	156	253	253.000
CT	472	163	263	263.000
CT	471	155	258	258.000
CT	470	172	279	279.000
CT	469	182	300	300.000
CT	468	178	273	273.000
CT	467	162	249	249.000
CT	466	161	272	272.000
CT	465	175	295	295.000
CT	464	181	276	276.000
CT	463	203	352	352.000
CT	462	163	266	266.000
CT	461	194	334	334.000
CT	460	201	336	336.000
CT	459	190	296	296.000
CT	458	183	282	282.000
CT	457	166	276	276.000
CT	456	200	330	330.000
CT	455	186	290	290.000
CT	454	207	335	335.000
CT	453	206	329	329.000
CT	452	203	308	308.000
CT	451	183	306	306.000
CT	450	206	338	338.000
CT	449	200	325	325.000
CT	448	205	318	318.000
CT	447	215	356	356.000
CT	446	227	371	371.000
CT	445	272	406	406.000
CT	444	218	339	339.000
CT	443	227	359	359.000
CT	442	195	300	300.000
CT	441	241	374	374.000
CT	440	221	339	339.000
CT	439	238	372	372.000
CT	438	216	328	328.000
CT	437	232	360	360.000
CT	436	211	343	343.000
CT	435	221	336	336.000
CT	434	194	294	294.000
CT	433	202	334	334.000
CT	432	179	281	281.000
CT	431	200	313	313.000
CT	430	226	377	377.000
CT	429	211	337	337.000
CT	428	243	395	395.000
CT	427	232	361	361.000
CT	426	227	351	351.000
CT	425	246	377	377.000
CT	424	250	392	392.000
CT	423	240	370	370.000
CT	422	270	402	402.000
CT	421	241	369	369.000
CT	420	261	382	382.000
CT	419	245	366	366.000
CT	418	228	327	327.000
CT	417	280	413	413.000
CT	416	274	383	383.000
CT	415	251	360	360.000
CT	414	235	323	323.000
CT	413	221	307	307.000
CT	412	228	295	295.000
CT	411	223	308	308.000
CT	410	204	289	289.000
CT	409	227	319	319.000
CT	408	247	327	327.000
CT	407	206	288	288.000
CT	406	238	316	316.000
CT	405	239	343	343.000
CT	404	242	343	343.000
CT	403	258	371	371.000
CT	402	249	360	360.000
CT	401	223	322	322.000
CT	400	215	315	315.000
CT	399	249	347	347.000
CT	398	236	329	329.000
CT	397	215	309	309.000
CT	396	227	333	333.000
CT	395	225	292	292.000
CT	394	240	338	338.000
CT	393	248	345	345.000
CT	392	246	318	318.000
CT	391	244	326	326.000
CT	390	234	321	321.000
CT	389	245	324	324.000
CT	388	241	336	336.000
CT	387	254	335	335.000
CT	386	259	350	350.000
CT	385	284	396	396.000
CT	384	254	350	350.000
CT	383	286	389	389.000
CT	382	314	416	416.000
CT	381	294	373	373.000
CT	380	280	387	387.000
CT	379	289	400	400.000
CT	378	297	442	442.000
CT	377	304	428	428.000
CT	376	339	466	466.000
CT	375	341	469	469.000
CT	374	345	492	492.000
CT	373	314	429	429.000
CT	372	324	416	416.000
CT	371	330	477	477.000
CT	370	370	512	512.000
CT	369	369	506	506.000
CT	368	365	503	503.000
CT	367	375	530	530.000
CT	366	386	561	561.000
CT	365	369	515	515.000
CT	364	362	494	494.000
CT	363	396	544	544.000
CT	362	396	544	544.000
CT	361	392	540	540.000
CT	360	363	496	496.000
CT	359	413	582	582.000
CT	358	453	606	606.000
CT	357	410	545	545.000
CT	356	432	573	573.000
CT	355	464	604	604.000
CT	354	463	611	611.000
CT	353	455	595	595.000
CT	352	505	674	674.000
CT	351	509	675	675.000
CT	350	532	671	671.000
CT	349	522	666	666.000
CT	348	502	620	620.000
CT	347	522	650	650.000
CT	346	541	671	671.000
CT	345	590	743	743.000
CT	344	573	722	722.000
CT	343	607	758	758.000
CT	342	630	778	778.000
CT	341	607	753	753.000
CT	340	612	743	743.000
CT	339	628	784	784.000
CT	338	636	775	775.000
CT	337	669	804	804.000
CT	336	681	821	821.000
CT	335	686	839	839.000
CT	334	742	872	872.000
CT	333	717	875	875.000
CT	332	728	882	882.000
CT	331	744	885	885.000
CT	330	756	899	899.000
CT	329	879	1045	1045.000
CT	328	837	972	972.000
CT	327	863	1001	1001.000
CT	326	866	1003	1003.000
CT	325	935	1073	1073.000
CT	324	1010	1159	1159.000
CT	323	976	1136	1136.000
CT	322	1103	1249	1249.000
CT	321	1025	1152	1152.000
CT	320	1102	1236	1236.000
CT	319	1044	1180	1180.000
CT	318	1136	1257	1257.000
CT	317	1149	1287	1287.000
CT	316	1132	1268	1268.000
CT	315	1216	1366	1366.000
CT	314	1273	1403	1403.000
CT	313	1333	1471	1471.000
CT	312	1352	1453	1453.000
CT	311	1465	1577	1577.000
CT	310	1421	1537	1537.000
CT	309	1532	1652	1652.000
CT	308	1730	1865	1865.000
CT	307	1677	1800	1800.000
CT	306	1811	1947	1947.000
CT	305	1815	1934	1934.000
CT	304	1891	2002	2002.000
CT	303	1965	2104	2104.000
CT	302	2088	2221	2221.000
CT	301	2114	2236	2236.000
CT	300	2252	2362	2362.000
CT	299	2386	2507	2507.000
CT	298	2383	2501	2501.000
CT	297	2599	2731	2731.000
CT	296	2641	2753	2753.000
CT	295	2656	2756	2756.000
CT	294	2799	2904	2904.000
CT	293	2876	3004	3004.000
CT	292	2954	3075	3075.000
CT	291	3077	3170	3170.000
CT	290	3255	3370	3370.000
CT	289	3186	3286	3286.000
CT	288	3406	3518	3518.000
CT	287	3489	3583	3583.000
CT	286	3652	3761	3761.000
CT	285	3857	3969	3969.000
CT	284	4096	4226	4226.000
CT	283	4216	4338	4338.000
CT	282	4422	4553	4553.000
CT	281	4379	4483	4483.000
CT	280	4622	4721	4721.000
CT	279	4850	4978	4978.000
CT	278	5098	5207	5207.000
CT	277	5370	5505	5505.000
CT	276	5523	5650	5650.000
CT	275	5806	5928	5928.000
CT	274	6008	6120	6120.000
CT	273	6163	6316	6316.000
CT	272	6416	6550	6550.000
CT	271	6765	6921	6921.000
CT	270	6893	7025	7025.000
CT	269	7132	7258	7258.000
CT	268	7417	7552	7552.000
CT	267	7697	7836	7836.000
CT	266	8057	8170	8170.000
CT	265	8101	8244	8244.000
CT	264	8550	8680	8680.000
CT	263	8982	9096	9096.000
CT	262	9048	9188	9188.000
CT	261	9500	9624	9624.000
CT	260	9853	9972	9972.000
CT	259	10090	10208	10208.000
CT	258	10493	10608	10608.000
CT	257	10925	11052	11052.000
CT	256	11334	11461	11461.000
CT	255	11683	11792	11792.000
CT	254	12180	12287	12287.000
CT	253	12477	12585	12585.000
CT	252	13226	13309	13309.000
CT	251	13538	13632	13632.000
CT	250	14296	14391	14391.000
CT	249	14579	14667	14667.000
CT	248	14913	14988	14988.000
CT	247	15792	15862	15862.000
CT	246	16009	16098	16098.000
CT	245	16568	16657	16657.000
CT	244	17098	17161	17161.000
CT	243	17549	17620	17620.000
CT	242	17912	17996	17996.000
CT	241	18577	18671	18671.000
CT	240	19155	19246	19246.000
CT	239	19792	19894	19894.000
CT	238	20303	20378	20378.000
CT	237	21210	21306	21306.000
CT	236	21665	21752	21752.000
CT	235	22240	22344	22344.000
CT	234	23248	23355	23355.000
CT	233	23747	23847	23847.000
CT	232	24094	24179	24179.000
CT	231	24517	24602	24602.000
CT	230	25326	25407	25407.000
CT	229	25989	26069	26069.000
CT	228	26252	26333	26333.000
CT	227	26819	26886	26886.000
CT	226	27659	27719	27719.000
CT	225	28619	28669	28669.000
CT	224	29305	29379	29379.000
CT	223	29605	29654	29654.000
CT	222	30776	30843	30843.000
CT	221	30851	30907	30907.000
CT	220	31799	31881	31881.000
CT	219	32669	32732	32732.000
CT	218	32918	32973	32973.000
CT	217	33589	33664	33664.000
CT	216	34446	34498	34498.000
CT	215	35301	35369	35369.000
CT	214	36063	36123	36123.000
CT	213	36668	36732	36732.000
CT	212	37001	37040	37040.000
CT	211	37570	37618	37618.000
CT	210	38678	38719	38719.000
CT	209	39026	39067	39067.000
CT	208	39831	39886	39886.000
CT	207	40878	40934	40934.000
CT	206	41035	41092	41092.000
CT	205	41649	41704	41704.000
CT	204	42718	42787	42787.000
CT	203	42798	42842	42842.000
CT	202	43787	43835	43835.000
CT	201	44348	44411	44411.000
CT	200	44836	44880	44880.000
CT	199	45379	45426	45426.000
CT	198	46080	46127	46127.000
CT	197	46341	46397	46397.000
CT	196	47179	47227	47227.000
CT	195	47684	47735	47735.000
CT	194	47705	47742	47742.000
CT	193	48635	48665	48665.000
CT	192	49206	49233	49233.000
CT	191	48802	48819	48819.000
CT	190	49974	49983	49983.000
CT	189	49925	49929	49929.000
CT	188	50043	50054	50054.000
CT	187	50247	50270	50270.000
CT	186	50388	50390	50390.000
CT	185	50661	50675	50675.000
CT	184	50912	50923	50923.000
CT	183	50723	50731	50731.000
CT	182	50946	50969	50969.000
CT	181	50755	50773	50773.000
CT	180	50982	51009	51009.000
CT	179	50473	50495	50495.000
CT	178	51126	51156	51156.000
CT	177	51139	51147	51147.000
CT	176	50759	50778	50778.000
CT	175	50633	50649	50649.000
CT	174	50450	50459	50459.000
CT	173	50294	50317	50317.000
CT	172	50472	50490	50490.000
CT	171	50328	50336	50336.000
CT	170	49913	49929	49929.000
CT	169	49664	49672	49672.000
CT	168	48902	48923	48923.000
CT	167	48742	48750	48750.000
CT	166	48360	48371	48371.000
CT	165	47988	48001	48001.000
CT	164	47232	47244	47244.000
CT	163	46265	46280	46280.000
CT	162	45888	45906	45906.000
CT	161	45118	45128	45128.000
CT	160	44515	44524	44524.000
CT	159	43856	43861	43861.000
CT	158	43057	43053	43053.000
CT	157	42441	42451	42451.000
CT	156	41020	41036	41036.000
CT	155	40701	40705	40705.000
CT	154	39863	39862	39862.000
CT	153	38632	38633	38633.000
CT	152	38244	38255	38255.000
CT	151	37721	37717	37717.000
CT	150	36628	36626	36626.000
CT	149	35818	35816	35816.000
CT	148	35008	35004	35004.000
CT	147	33836	33837	33837.000
CT	146	32988	32980	32980.000
CT	145	32155	32158	32158.000
CT	144	30983	30981	30981.000
CT	143	30073	30066	30066.000
CT	142	29285	29276	29276.000
CT	141	28555	28554	28554.000
CT	140	27608	27606	27606.000
CT	139	26470	26472	26472.000
CT	138	25735	25737	25737.000
CT	137	24444	24436	24436.000
CT	136	23596	23588	23588.000
CT	135	22796	22788	22788.000
CT	134	21858	21848	21848.000
CT	133	21024	21005	21005.000
CT	132	20659	20644	20644.000
CT	131	19773	19750	19750.000
CT	130	18825	18797	18797.000
CT	129	17881	17854	17854.000
CT	128	17145	17122	17122.000
CT	127	16445	16428	16428.000
CT	126	15482	15472	15472.000
CT	125	14555	14536	14536.000
CT	124	13938	13914	13914.000
CT	123	13399	13381	13381.000
CT	122	12574	12558	12558.000
CT	121	12005	11985	11985.000
CT	120	11712	11699	11699.000
CT	119	11267	11243	11243.000
CT	118	10548	10525	10525.000
CT	117	10092	10077	10077.000
CT	116	9600	9581	9581.000
CT	115	8825	8791	8791.000
CT	114	8195	8180	8180.000
CT	113	7967	7943	7943.000
CT	112	7304	7283	7283.000
CT	111	6996	6983	6983.000
CT	110	6729	6708	6708.000
CT	109	6243	6220	6220.000
CT	108	5819	5788	5788.000
CT	107	5546	5509	5509.000
CT	106	5053	5036	5036.000
CT	105	4802	4778	4778.000
CT	104	4258	4232	4232.000
CT	103	4022	4016	4016.000
CT	102	3594	3581	3581.000
CT	101	3402	3390	3390.000
CT	100	3209	3190	3190.000
CT	99	2878	2853	2853.000
CT	98	2634	2615	2615.000
CT	97	2534	2505	2505.000
CT	96	2351	2341	2341.000
CT	95	2078	2058	2058.000
CT	94	2071	2034	2034.000
CT	93	1938	1912	1912.000
CT	92	1784	1757	1757.000
CT	91	1580	1559	1559.000
CT	90	1583	1552	1552.000
CT	89	1418	1389	1389.000
CT	88	1396	1358	1358.000
CT	87	1170	1141	1141.000
CT	86	1133	1101	1101.000
CT	85	1089	1062	1062.000
CT	84	974	943	943.000
CT	83	956	931	931.000
CT	82	902	859	859.000
CT	81	820	787	787.000
CT	80	804	771	771.000
CT	79	709	687	687.000
CT	78	610	588	588.000
CT	77	623	600	600.000
CT	76	612	587	587.000
CT	75	550	517	517.000
CT	74	508	473	473.000
CT	73	461	431	431.000
CT	72	501	461	461.000
CT	71	432	383	383.000
CT	70	405	364	364.000
CT	69	351	311	311.000
CT	68	342	311	311.000
CT	67	299	265	265.000
CT	66	324	274	274.000
CT	65	245	201	201.000
CT	64	222	170	170.000
CT	63	229	183	183.000
CT	62	234	169	169.000
CT	61	188	139	139.000
CT	60	166	112	112.000
CT	59	194	134	134.000
CT	58	197	143	143.000
CT	57	221	149	149.000
CT	56	208	131	131.000
CT	55	157	96	96.000
CT	54	145	95	95.000
CT	53	129	60	60.000
CT	52	105	30	30.000
CT	51	140	35	35.000
CT	50	150	44	44.000
CT	49	172	39	38.999
CT	48	159	34	33.999
CT	47	174	37	36.999
CT	46	138	36	36.000
CT	45	154	42	42.000
CT	44	119	20	20.000
CT	43	171	34	33.999
CT	42	170	46	46.000
CT	41	171	25	24.999
CT	40	145	35	35.000
CT	39	164	32	31.999
CT	38	177	33	32.999
CT	37	206	40	39.999
CT	36	188	28	27.999
CT	35	197	19	18.999
CT	34	208	11	10.999
CT	33	217	13	12.999
CT	32	245	15	14.999
CT	31	322	14	13.999
CT	30	272	5	4.999
CT	29	292	0	0.000
CT	28	284	0	0.000
CT	27	385	0	0.000
CT	26	399	0	0.000
CT	25	475	0	0.000
CT	24	526	0	0.000
CT	23	646	0	0.000
CT	22	801	0	0.000
CT	21	897	0	0.000
CT	20	1072	0	0.000
CT	19	1214	0	0.000
CT	18	1492	0	0.000
CT	17	1710	0	0.000
CT	16	2134	0	0.000
CT	15	2614	0	0.000
CT	14	3280	0	0.000
CT	13	4407	1	0.982
CT	12	5707	4	3.977
CT	11	7639	3	2.969
CT	10	10905	1	0.956
CT	9	16504	0	0.000
CT	8	25524	0	0.000
CT	7	44968	0	0.000
CT	6	86837	1	-nan
CT	5	184972	1	-nan
CT	4	471239	2	-nan
CT	3	1564024	4	-nan
CT	2	9262316	37	-nan
CT	1	0	0	-nan
CT	0	0	1942	-nan
FR	4.01e-06	0
ER	5249664	0.000
CV	1.001
QV	49.232	49.232
