HS	1023	0	4439	4439
HS	1022	0	11	4450
HS	1021	0	7	4457
HS	1020	0	8	4465
HS	1019	0	11	4476
HS	1018	0	9	4485
HS	1017	0	14	4499
HS	1016	0	14	4513
HS	1015	0	11	4524
HS	1014	0	17	4541
HS	1013	0	12	4553
HS	1012	0	15	4568
HS	1011	0	17	4585
HS	1010	0	17	4602
HS	1009	0	11	4613
HS	1008	0	10	4623
HS	1007	0	17	4640
HS	1006	0	17	4657
HS	1005	0	9	4666
HS	1004	0	9	4675
HS	1003	0	13	4688
HS	1002	0	20	4708
HS	1001	0	12	4720
HS	1000	0	15	4735
HS	999	0	13	4748
HS	998	0	16	4764
HS	997	0	11	4775
HS	996	0	12	4787
HS	995	0	12	4799
HS	994	0	11	4810
HS	993	0	21	4831
HS	992	0	12	4843
HS	991	0	10	4853
HS	990	0	17	4870
HS	989	0	12	4882
HS	988	0	13	4895
HS	987	0	13	4908
HS	986	0	12	4920
HS	985	0	13	4933
HS	984	0	12	4945
HS	983	0	14	4959
HS	982	0	15	4974
HS	981	0	19	4993
HS	980	0	11	5004
HS	979	0	17	5021
HS	978	0	12	5033
HS	977	0	18	5051
HS	976	0	12	5063
HS	975	0	9	5072
HS	974	0	6	5078
HS	973	0	8	5086
HS	972	0	12	5098
HS	971	0	10	5108
HS	970	0	13	5121
HS	969	0	9	5130
HS	968	0	14	5144
HS	967	0	13	5157
HS	966	0	13	5170
HS	965	0	11	5181
HS	964	0	15	5196
HS	963	0	19	5215
HS	962	0	16	5231
HS	961	0	15	5246
HS	960	0	12	5258
HS	959	0	22	5280
HS	958	0	22	5302
HS	957	0	17	5319
HS	956	0	16	5335
HS	955	0	19	5354
HS	954	0	14	5368
HS	953	0	17	5385
HS	952	0	27	5412
HS	951	0	16	5428
HS	950	0	18	5446
HS	949	0	22	5468
HS	948	0	16	5484
HS	947	0	15	5499
HS	946	0	20	5519
HS	945	0	19	5538
HS	944	0	23	5561
HS	943	0	14	5575
HS	942	0	19	5594
HS	941	0	25	5619
HS	940	0	14	5633
HS	939	0	19	5652
HS	938	0	20	5672
HS	937	0	20	5692
HS	936	0	27	5719
HS	935	0	20	5739
HS	934	0	17	5756
HS	933	0	16	5772
HS	932	0	12	5784
HS	931	0	25	5809
HS	930	0	18	5827
HS	929	0	13	5840
HS	928	0	11	5851
HS	927	0	16	5867
HS	926	0	17	5884
HS	925	0	13	5897
HS	924	0	19	5916
HS	923	0	15	5931
HS	922	0	18	5949
HS	921	0	14	5963
HS	920	0	7	5970
HS	919	0	12	5982
HS	918	0	15	5997
HS	917	0	12	6009
HS	916	0	10	6019
HS	915	0	8	6027
HS	914	0	10	6037
HS	913	0	10	6047
HS	912	0	14	6061
HS	911	0	12	6073
HS	910	0	13	6086
HS	909	0	15	6101
HS	908	0	11	6112
HS	907	0	10	6122
HS	906	0	15	6137
HS	905	0	5	6142
HS	904	0	19	6161
HS	903	0	10	6171
HS	902	0	11	6182
HS	901	0	14	6196
HS	900	0	13	6209
HS	899	0	16	6225
HS	898	0	13	6238
HS	897	0	10	6248
HS	896	0	16	6264
HS	895	0	14	6278
HS	894	0	12	6290
HS	893	0	14	6304
HS	892	0	13	6317
HS	891	0	13	6330
HS	890	0	21	6351
HS	889	0	12	6363
HS	888	0	17	6380
HS	887	0	21	6401
HS	886	0	12	6413
HS	885	0	13	6426
HS	884	0	17	6443
HS	883	0	23	6466
HS	882	0	11	6477
HS	881	0	13	6490
HS	880	0	16	6506
HS	879	0	20	6526
HS	878	0	9	6535
HS	877	0	13	6548
HS	876	0	22	6570
HS	875	0	18	6588
HS	874	0	23	6611
HS	873	0	29	6640
HS	872	0	30	6670
HS	871	0	24	6694
HS	870	0	25	6719
HS	869	0	22	6741
HS	868	0	21	6762
HS	867	0	20	6782
HS	866	0	17	6799
HS	865	0	26	6825
HS	864	0	25	6850
HS	863	0	23	6873
HS	862	0	23	6896
HS	861	0	27	6923
HS	860	0	22	6945
HS	859	0	28	6973
HS	858	0	21	6994
HS	857	0	24	7018
HS	856	0	19	7037
HS	855	0	22	7059
HS	854	0	23	7082
HS	853	0	34	7116
HS	852	0	25	7141
HS	851	0	22	7163
HS	850	0	32	7195
HS	849	0	28	7223
HS	848	0	28	7251
HS	847	0	24	7275
HS	846	0	35	7310
HS	845	0	23	7333
HS	844	0	19	7352
HS	843	0	35	7387
HS	842	0	28	7415
HS	841	0	44	7459
HS	840	0	33	7492
HS	839	0	29	7521
HS	838	0	26	7547
HS	837	0	26	7573
HS	836	0	33	7606
HS	835	0	21	7627
HS	834	0	26	7653
HS	833	0	26	7679
HS	832	0	19	7698
HS	831	0	25	7723
HS	830	0	26	7749
HS	829	0	15	7764
HS	828	0	28	7792
HS	827	0	14	7806
HS	826	0	27	7833
HS	825	0	26	7859
HS	824	0	17	7876
HS	823	0	27	7903
HS	822	0	30	7933
HS	821	0	28	7961
HS	820	0	22	7983
HS	819	0	28	8011
HS	818	0	24	8035
HS	817	0	23	8058
HS	816	0	21	8079
HS	815	0	32	8111
HS	814	0	19	8130
HS	813	0	23	8153
HS	812	0	27	8180
HS	811	0	22	8202
HS	810	0	26	8228
HS	809	0	27	8255
HS	808	0	25	8280
HS	807	0	24	8304
HS	806	0	21	8325
HS	805	0	29	8354
HS	804	0	32	8386
HS	803	0	36	8422
HS	802	0	19	8441
HS	801	0	24	8465
HS	800	0	21	8486
HS	799	0	21	8507
HS	798	0	30	8537
HS	797	0	29	8566
HS	796	0	27	8593
HS	795	0	24	8617
HS	794	0	34	8651
HS	793	0	23	8674
HS	792	0	27	8701
HS	791	0	29	8730
HS	790	0	23	8753
HS	789	0	17	8770
HS	788	0	16	8786
HS	787	0	20	8806
HS	786	0	22	8828
HS	785	0	22	8850
HS	784	0	29	8879
HS	783	0	26	8905
HS	782	0	23	8928
HS	781	0	18	8946
HS	780	0	28	8974
HS	779	0	31	9005
HS	778	0	28	9033
HS	777	0	20	9053
HS	776	0	29	9082
HS	775	0	30	9112
HS	774	0	24	9136
HS	773	0	27	9163
HS	772	0	26	9189
HS	771	0	34	9223
HS	770	0	28	9251
HS	769	0	29	9280
HS	768	0	31	9311
HS	767	0	33	9344
HS	766	0	28	9372
HS	765	0	38	9410
HS	764	0	35	9445
HS	763	0	38	9483
HS	762	0	35	9518
HS	761	0	25	9543
HS	760	0	27	9570
HS	759	0	30	9600
HS	758	0	26	9626
HS	757	0	34	9660
HS	756	0	29	9689
HS	755	0	24	9713
HS	754	0	24	9737
HS	753	0	20	9757
HS	752	0	27	9784
HS	751	0	28	9812
HS	750	0	16	9828
HS	749	0	22	9850
HS	748	0	23	9873
HS	747	0	19	9892
HS	746	0	24	9916
HS	745	0	21	9937
HS	744	0	20	9957
HS	743	0	20	9977
HS	742	0	28	10005
HS	741	0	19	10024
HS	740	0	20	10044
HS	739	0	31	10075
HS	738	0	18	10093
HS	737	0	23	10116
HS	736	0	23	10139
HS	735	0	25	10164
HS	734	0	27	10191
HS	733	0	21	10212
HS	732	0	28	10240
HS	731	0	34	10274
HS	730	0	18	10292
HS	729	0	25	10317
HS	728	0	26	10343
HS	727	0	15	10358
HS	726	0	19	10377
HS	725	0	19	10396
HS	724	0	19	10415
HS	723	0	21	10436
HS	722	0	18	10454
HS	721	0	18	10472
HS	720	0	21	10493
HS	719	0	20	10513
HS	718	0	23	10536
HS	717	0	18	10554
HS	716	0	18	10572
HS	715	0	24	10596
HS	714	0	14	10610
HS	713	0	20	10630
HS	712	0	23	10653
HS	711	0	25	10678
HS	710	0	25	10703
HS	709	0	22	10725
HS	708	0	22	10747
HS	707	0	26	10773
HS	706	0	23	10796
HS	705	0	19	10815
HS	704	0	23	10838
HS	703	0	22	10860
HS	702	0	35	10895
HS	701	0	44	10939
HS	700	0	37	10976
HS	699	0	34	11010
HS	698	0	32	11042
HS	697	0	38	11080
HS	696	0	38	11118
HS	695	0	35	11153
HS	694	0	41	11194
HS	693	0	39	11233
HS	692	0	36	11269
HS	691	0	34	11303
HS	690	0	41	11344
HS	689	0	39	11383
HS	688	0	33	11416
HS	687	0	34	11450
HS	686	0	45	11495
HS	685	0	31	11526
HS	684	0	35	11561
HS	683	0	44	11605
HS	682	0	30	11635
HS	681	0	48	11683
HS	680	0	44	11727
HS	679	0	39	11766
HS	678	0	31	11797
HS	677	0	60	11857
HS	676	0	36	11893
HS	675	0	41	11934
HS	674	0	39	11973
HS	673	0	36	12009
HS	672	0	32	12041
HS	671	0	34	12075
HS	670	0	35	12110
HS	669	0	34	12144
HS	668	0	45	12189
HS	667	0	52	12241
HS	666	0	43	12284
HS	665	0	44	12328
HS	664	0	39	12367
HS	663	0	46	12413
HS	662	0	38	12451
HS	661	0	27	12478
HS	660	0	41	12519
HS	659	0	37	12556
HS	658	0	44	12600
HS	657	0	40	12640
HS	656	0	38	12678
HS	655	0	40	12718
HS	654	0	34	12752
HS	653	0	34	12786
HS	652	0	44	12830
HS	651	0	38	12868
HS	650	0	38	12906
HS	649	0	30	12936
HS	648	0	41	12977
HS	647	0	41	13018
HS	646	0	43	13061
HS	645	0	34	13095
HS	644	0	34	13129
HS	643	0	42	13171
HS	642	0	36	13207
HS	641	0	26	13233
HS	640	0	32	13265
HS	639	0	34	13299
HS	638	0	37	13336
HS	637	0	44	13380
HS	636	0	29	13409
HS	635	0	35	13444
HS	634	0	36	13480
HS	633	0	45	13525
HS	632	0	33	13558
HS	631	0	49	13607
HS	630	0	38	13645
HS	629	0	27	13672
HS	628	0	40	13712
HS	627	0	37	13749
HS	626	0	45	13794
HS	625	0	49	13843
HS	624	0	43	13886
HS	623	0	50	13936
HS	622	0	42	13978
HS	621	0	53	14031
HS	620	0	36	14067
HS	619	0	48	14115
HS	618	0	43	14158
HS	617	0	56	14214
HS	616	0	53	14267
HS	615	0	50	14317
HS	614	0	50	14367
HS	613	0	43	14410
HS	612	0	53	14463
HS	611	0	51	14514
HS	610	0	46	14560
HS	609	0	52	14612
HS	608	0	51	14663
HS	607	0	42	14705
HS	606	0	57	14762
HS	605	0	55	14817
HS	604	0	59	14876
HS	603	0	57	14933
HS	602	0	59	14992
HS	601	0	62	15054
HS	600	0	61	15115
HS	599	0	60	15175
HS	598	0	56	15231
HS	597	0	59	15290
HS	596	0	67	15357
HS	595	0	57	15414
HS	594	0	62	15476
HS	593	0	44	15520
HS	592	0	63	15583
HS	591	0	70	15653
HS	590	0	56	15709
HS	589	0	58	15767
HS	588	0	56	15823
HS	587	0	64	15887
HS	586	0	70	15957
HS	585	0	70	16027
HS	584	0	78	16105
HS	583	0	61	16166
HS	582	0	58	16224
HS	581	0	70	16294
HS	580	0	54	16348
HS	579	0	56	16404
HS	578	0	61	16465
HS	577	0	74	16539
HS	576	0	73	16612
HS	575	0	68	16680
HS	574	0	59	16739
HS	573	0	61	16800
HS	572	0	72	16872
HS	571	0	86	16958
HS	570	0	70	17028
HS	569	0	67	17095
HS	568	0	63	17158
HS	567	0	78	17236
HS	566	0	86	17322
HS	565	0	77	17399
HS	564	0	71	17470
HS	563	0	81	17551
HS	562	0	90	17641
HS	561	0	103	17744
HS	560	0	87	17831
HS	559	0	91	17922
HS	558	0	111	18033
HS	557	0	84	18117
HS	556	0	94	18211
HS	555	0	98	18309
HS	554	0	76	18385
HS	553	0	83	18468
HS	552	0	86	18554
HS	551	0	105	18659
HS	550	0	102	18761
HS	549	0	102	18863
HS	548	0	102	18965
HS	547	0	103	19068
HS	546	0	106	19174
HS	545	0	83	19257
HS	544	0	115	19372
HS	543	0	80	19452
HS	542	0	115	19567
HS	541	0	110	19677
HS	540	0	105	19782
HS	539	0	118	19900
HS	538	0	122	20022
HS	537	0	95	20117
HS	536	0	129	20246
HS	535	0	99	20345
HS	534	0	119	20464
HS	533	0	106	20570
HS	532	0	109	20679
HS	531	0	102	20781
HS	530	0	101	20882
HS	529	0	91	20973
HS	528	0	102	21075
HS	527	0	103	21178
HS	526	0	107	21285
HS	525	0	103	21388
HS	524	0	96	21484
HS	523	0	113	21597
HS	522	0	126	21723
HS	521	0	93	21816
HS	520	0	107	21923
HS	519	0	119	22042
HS	518	0	118	22160
HS	517	0	123	22283
HS	516	0	126	22409
HS	515	0	116	22525
HS	514	0	118	22643
HS	513	0	113	22756
HS	512	0	106	22862
HS	511	0	144	23006
HS	510	0	149	23155
HS	509	0	149	23304
HS	508	0	144	23448
HS	507	0	149	23597
HS	506	0	131	23728
HS	505	0	145	23873
HS	504	0	116	23989
HS	503	0	128	24117
HS	502	0	129	24246
HS	501	0	120	24366
HS	500	0	135	24501
HS	499	0	147	24648
HS	498	0	128	24776
HS	497	0	140	24916
HS	496	0	126	25042
HS	495	0	122	25164
HS	494	0	150	25314
HS	493	0	144	25458
HS	492	0	128	25586
HS	491	0	126	25712
HS	490	0	138	25850
HS	489	0	120	25970
HS	488	0	125	26095
HS	487	0	185	26280
HS	486	0	153	26433
HS	485	0	154	26587
HS	484	0	136	26723
HS	483	0	151	26874
HS	482	0	160	27034
HS	481	0	170	27204
HS	480	0	147	27351
HS	479	0	164	27515
HS	478	0	143	27658
HS	477	0	151	27809
HS	476	0	165	27974
HS	475	0	158	28132
HS	474	0	161	28293
HS	473	0	156	28449
HS	472	0	163	28612
HS	471	0	155	28767
HS	470	0	172	28939
HS	469	0	182	29121
HS	468	0	178	29299
HS	467	0	162	29461
HS	466	0	161	29622
HS	465	0	175	29797
HS	464	0	181	29978
HS	463	0	203	30181
HS	462	0	163	30344
HS	461	0	194	30538
HS	460	0	201	30739
HS	459	0	190	30929
HS	458	0	183	31112
HS	457	0	166	31278
HS	456	0	200	31478
HS	455	0	186	31664
HS	454	0	207	31871
HS	453	0	206	32077
HS	452	0	203	32280
HS	451	0	183	32463
HS	450	0	206	32669
HS	449	0	200	32869
HS	448	0	205	33074
HS	447	0	215	33289
HS	446	0	227	33516
HS	445	0	272	33788
HS	444	0	218	34006
HS	443	0	227	34233
HS	442	0	195	34428
HS	441	0	241	34669
HS	440	0	221	34890
HS	439	0	238	35128
HS	438	0	216	35344
HS	437	0	232	35576
HS	436	0	211	35787
HS	435	0	221	36008
HS	434	0	194	36202
HS	433	0	202	36404
HS	432	0	179	36583
HS	431	0	200	36783
HS	430	0	226	37009
HS	429	0	211	37220
HS	428	0	243	37463
HS	427	0	232	37695
HS	426	0	227	37922
HS	425	0	246	38168
HS	424	0	250	38418
HS	423	0	240	38658
HS	422	0	270	38928
HS	421	0	241	39169
HS	420	0	261	39430
HS	419	0	245	39675
HS	418	0	228	39903
HS	417	0	280	40183
HS	416	0	274	40457
HS	415	0	251	40708
HS	414	0	235	40943
HS	413	0	221	41164
HS	412	0	228	41392
HS	411	0	223	41615
HS	410	0	204	41819
HS	409	0	227	42046
HS	408	0	247	42293
HS	407	0	206	42499
HS	406	0	238	42737
HS	405	0	239	42976
HS	404	0	242	43218
HS	403	0	258	43476
HS	402	0	249	43725
HS	401	0	223	43948
HS	400	0	215	44163
HS	399	0	249	44412
HS	398	0	236	44648
HS	397	0	215	44863
HS	396	0	227	45090
HS	395	0	225	45315
HS	394	0	240	45555
HS	393	0	248	45803
HS	392	0	246	46049
HS	391	0	244	46293
HS	390	0	234	46527
HS	389	0	245	46772
HS	388	0	241	47013
HS	387	0	254	47267
HS	386	0	259	47526
HS	385	0	284	47810
HS	384	0	254	48064
HS	383	0	286	48350
HS	382	0	314	48664
HS	381	0	294	48958
HS	380	0	280	49238
HS	379	0	289	49527
HS	378	0	297	49824
HS	377	0	304	50128
HS	376	0	339	50467
HS	375	0	341	50808
HS	374	0	345	51153
HS	373	0	314	51467
HS	372	0	324	51791
HS	371	0	330	52121
HS	370	0	370	52491
HS	369	0	369	52860
HS	368	0	365	53225
HS	367	0	375	53600
HS	366	0	386	53986
HS	365	0	369	54355
HS	364	0	362	54717
HS	363	0	396	55113
HS	362	0	396	55509
HS	361	0	392	55901
HS	360	0	363	56264
HS	359	0	413	56677
HS	358	0	453	57130
HS	357	0	410	57540
HS	356	0	432	57972
HS	355	0	464	58436
HS	354	0	463	58899
HS	353	0	455	59354
HS	352	0	505	59859
HS	351	0	509	60368
HS	350	0	532	60900
HS	349	0	522	61422
HS	348	0	502	61924
HS	347	0	522	62446
HS	346	0	541	62987
HS	345	0	590	63577
HS	344	0	573	64150
HS	343	0	607	64757
HS	342	0	630	65387
HS	341	0	607	65994
HS	340	0	612	66606
HS	339	0	628	67234
HS	338	0	636	67870
HS	337	0	669	68539
HS	336	0	681	69220
HS	335	0	686	69906
HS	334	0	742	70648
HS	333	0	717	71365
HS	332	0	728	72093
HS	331	0	744	72837
HS	330	0	756	73593
HS	329	0	879	74472
HS	328	0	837	75309
HS	327	0	863	76172
HS	326	0	866	77038
HS	325	0	935	77973
HS	324	0	1010	78983
HS	323	0	976	79959
HS	322	0	1103	81062
HS	321	0	1025	82087
HS	320	0	1102	83189
HS	319	0	1044	84233
HS	318	0	1136	85369
HS	317	0	1149	86518
HS	316	0	1132	87650
HS	315	0	1216	88866
HS	314	0	1273	90139
HS	313	0	1333	91472
HS	312	0	1352	92824
HS	311	0	1465	94289
HS	310	0	1421	95710
HS	309	0	1532	97242
HS	308	0	1730	98972
HS	307	0	1677	100649
HS	306	0	1811	102460
HS	305	0	1815	104275
HS	304	0	1891	106166
HS	303	0	1965	108131
HS	302	0	2088	110219
HS	301	0	2114	112333
HS	300	0	2252	114585
HS	299	0	2386	116971
HS	298	0	2383	119354
HS	297	0	2599	121953
HS	296	0	2641	124594
HS	295	0	2656	127250
HS	294	0	2799	130049
HS	293	0	2876	132925
HS	292	0	2954	135879
HS	291	0	3077	138956
HS	290	0	3255	142211
HS	289	0	3186	145397
HS	288	0	3406	148803
HS	287	0	3489	152292
HS	286	0	3652	155944
HS	285	0	3857	159801
HS	284	0	4096	163897
HS	283	0	4216	168113
HS	282	0	4422	172535
HS	281	0	4379	176914
HS	280	0	4622	181536
HS	279	0	4850	186386
HS	278	0	5098	191484
HS	277	0	5370	196854
HS	276	0	5523	202377
HS	275	0	5806	208183
HS	274	0	6008	214191
HS	273	0	6163	220354
HS	272	0	6416	226770
HS	271	0	6765	233535
HS	270	0	6893	240428
HS	269	0	7132	247560
HS	268	0	7417	254977
HS	267	0	7697	262674
HS	266	0	8057	270731
HS	265	0	8101	278832
HS	264	0	8550	287382
HS	263	0	8982	296364
HS	262	0	9048	305412
HS	261	0	9500	314912
HS	260	0	9853	324765
HS	259	0	10090	334855
HS	258	0	10493	345348
HS	257	0	10925	356273
HS	256	0	11334	367607
HS	255	0	11683	379290
HS	254	0	12180	391470
HS	253	0	12477	403947
HS	252	0	13226	417173
HS	251	0	13538	430711
HS	250	0	14296	445007
HS	249	0	14579	459586
HS	248	0	14913	474499
HS	247	0	15792	490291
HS	246	0	16009	506300
HS	245	0	16568	522868
HS	244	0	17098	539966
HS	243	0	17549	557515
HS	242	0	17912	575427
HS	241	0	18577	594004
HS	240	0	19155	613159
HS	239	0	19792	632951
HS	238	0	20303	653254
HS	237	0	21210	674464
HS	236	0	21665	696129
HS	235	0	22240	718369
HS	234	0	23248	741617
HS	233	0	23747	765364
HS	232	0	24094	789458
HS	231	0	24517	813975
HS	230	0	25326	839301
HS	229	0	25989	865290
HS	228	0	26252	891542
HS	227	0	26819	918361
HS	226	0	27659	946020
HS	225	0	28619	974639
HS	224	0	29305	1003944
HS	223	0	29605	1033549
HS	222	0	30776	1064325
HS	221	0	30851	1095176
HS	220	0	31799	1126975
HS	219	0	32669	1159644
HS	218	0	32918	1192562
HS	217	0	33589	1226151
HS	216	0	34446	1260597
HS	215	0	35301	1295898
HS	214	0	36063	1331961
HS	213	0	36668	1368629
HS	212	0	37001	1405630
HS	211	0	37570	1443200
HS	210	0	38678	1481878
HS	209	0	39026	1520904
HS	208	0	39831	1560735
HS	207	0	40878	1601613
HS	206	0	41035	1642648
HS	205	0	41649	1684297
HS	204	0	42718	1727015
HS	203	0	42798	1769813
HS	202	0	43787	1813600
HS	201	0	44348	1857948
HS	200	0	44836	1902784
HS	199	0	45379	1948163
HS	198	0	46080	1994243
HS	197	0	46341	2040584
HS	196	0	47179	2087763
HS	195	0	47684	2135447
HS	194	0	47705	2183152
HS	193	0	48635	2231787
HS	192	0	49206	2280993
HS	191	0	48802	2329795
HS	190	0	49974	2379769
HS	189	0	49925	2429694
HS	188	0	50043	2479737
HS	187	0	50247	2529984
HS	186	0	50388	2580372
HS	185	0	50661	2631033
HS	184	0	50912	2681945
HS	183	0	50723	2732668
HS	182	0	50946	2783614
HS	181	0	50755	2834369
HS	180	0	50982	2885351
HS	179	0	50473	2935824
HS	178	0	51126	2986950
HS	177	0	51139	3038089
HS	176	0	50759	3088848
HS	175	0	50633	3139481
HS	174	0	50450	3189931
HS	173	0	50294	3240225
HS	172	0	50472	3290697
HS	171	0	50328	3341025
HS	170	0	49913	3390938
HS	169	0	49664	3440602
HS	168	0	48902	3489504
HS	167	0	48742	3538246
HS	166	0	48360	3586606
HS	165	0	47988	3634594
HS	164	0	47232	3681826
HS	163	0	46265	3728091
HS	162	0	45888	3773979
HS	161	0	45118	3819097
HS	160	0	44515	3863612
HS	159	0	43856	3907468
HS	158	0	43057	3950525
HS	157	0	42441	3992966
HS	156	0	41020	4033986
HS	155	0	40701	4074687
HS	154	0	39863	4114550
HS	153	0	38632	4153182
HS	152	0	38244	4191426
HS	151	0	37721	4229147
HS	150	0	36628	4265775
HS	149	0	35818	4301593
HS	148	0	35008	4336601
HS	147	0	33836	4370437
HS	146	0	32988	4403425
HS	145	0	32155	4435580
HS	144	0	30983	4466563
HS	143	0	30073	4496636
HS	142	0	29285	4525921
HS	141	0	28555	4554476
HS	140	0	27608	4582084
HS	139	0	26470	4608554
HS	138	0	25735	4634289
HS	137	0	24444	4658733
HS	136	0	23596	4682329
HS	135	0	22796	4705125
HS	134	0	21858	4726983
HS	133	0	21024	4748007
HS	132	0	20659	4768666
HS	131	0	19773	4788439
HS	130	0	18825	4807264
HS	129	0	17881	4825145
HS	128	0	17145	4842290
HS	127	0	16445	4858735
HS	126	0	15482	4874217
HS	125	0	14555	4888772
HS	124	0	13938	4902710
HS	123	0	13399	4916109
HS	122	0	12574	4928683
HS	121	0	12005	4940688
HS	120	0	11712	4952400
HS	119	0	11267	4963667
HS	118	0	10548	4974215
HS	117	0	10092	4984307
HS	116	0	9600	4993907
HS	115	0	8825	5002732
HS	114	0	8195	5010927
HS	113	0	7967	5018894
HS	112	0	7304	5026198
HS	111	0	6996	5033194
HS	110	0	6729	5039923
HS	109	0	6243	5046166
HS	108	0	5819	5051985
HS	107	0	5546	5057531
HS	106	0	5053	5062584
HS	105	0	4802	5067386
HS	104	0	4258	5071644
HS	103	0	4022	5075666
HS	102	0	3594	5079260
HS	101	0	3402	5082662
HS	100	0	3209	5085871
HS	99	0	2878	5088749
HS	98	0	2634	5091383
HS	97	0	2534	5093917
HS	96	0	2351	5096268
HS	95	0	2078	5098346
HS	94	0	2071	5100417
HS	93	0	1938	5102355
HS	92	0	1784	5104139
HS	91	0	1580	5105719
HS	90	0	1583	5107302
HS	89	0	1418	5108720
HS	88	0	1396	5110116
HS	87	0	1170	5111286
HS	86	0	1133	5112419
HS	85	0	1089	5113508
HS	84	0	974	5114482
HS	83	0	956	5115438
HS	82	0	902	5116340
HS	81	0	820	5117160
HS	80	0	804	5117964
HS	79	0	709	5118673
HS	78	0	610	5119283
HS	77	0	623	5119906
HS	76	0	612	5120518
HS	75	0	550	5121068
HS	74	0	508	5121576
HS	73	0	461	5122037
HS	72	0	501	5122538
HS	71	0	432	5122970
HS	70	0	405	5123375
HS	69	0	351	5123726
HS	68	0	342	5124068
HS	67	0	299	5124367
HS	66	0	324	5124691
HS	65	0	245	5124936
HS	64	0	222	5125158
HS	63	0	229	5125387
HS	62	0	234	5125621
HS	61	0	188	5125809
HS	60	0	166	5125975
HS	59	0	194	5126169
HS	58	0	197	5126366
HS	57	0	221	5126587
HS	56	0	208	5126795
HS	55	0	157	5126952
HS	54	0	145	5127097
HS	53	0	129	5127226
HS	52	0	105	5127331
HS	51	0	140	5127471
HS	50	0	150	5127621
HS	49	0	172	5127793
HS	48	0	159	5127952
HS	47	0	174	5128126
HS	46	0	138	5128264
HS	45	0	154	5128418
HS	44	0	119	5128537
HS	43	0	171	5128708
HS	42	0	170	5128878
HS	41	0	171	5129049
HS	40	0	145	5129194
HS	39	0	164	5129358
HS	38	0	177	5129535
HS	37	0	206	5129741
HS	36	0	188	5129929
HS	35	0	197	5130126
HS	34	0	208	5130334
HS	33	0	217	5130551
HS	32	0	245	5130796
HS	31	0	322	5131118
HS	30	0	272	5131390
HS	29	0	292	5131682
HS	28	0	284	5131966
HS	27	0	385	5132351
HS	26	0	399	5132750
HS	25	0	475	5133225
HS	24	0	526	5133751
HS	23	0	646	5134397
HS	22	0	801	5135198
HS	21	0	897	5136095
HS	20	0	1072	5137167
HS	19	0	1214	5138381
HS	18	0	1492	5139873
HS	17	0	1710	5141583
HS	16	0	2134	5143717
HS	15	0	2614	5146331
HS	14	0	3280	5149611
HS	13	0	4407	5154018
HS	12	0	5707	5159725
HS	11	0	7639	5167364
HS	10	0	10905	5178269
HS	9	0	16504	5194773
HS	8	0	25524	5220297
HS	7	0	44968	5265265
HS	6	0	86837	5352102
HS	5	0	184972	5537074
HS	4	0	471239	6008313
HS	3	0	1564024	7572337
HS	2	0	9262316	16834653
HS	1	0	0	16834653
HS	0	0	0	16834653
