CC	CT  kmer_occurrence    short_read_kmer_count  raw_input_kmer_count  adjusted_input_kmer_count
CC	FR  fpr_lower_bound    fpr_upper_bound
CC	ER  total_input_kmers  adjusted_error_kmers
CC	CV  coverage
CC	QV  raw_quality_value  adjusted_quality_value
CC
SQ	CP126099.1	5391143	5391113	5388247	47.66
CT	1023	19286	66262	66262.000
CT	1022	2	6	6.000
CT	1021	1	6	6.000
CT	1020	2	12	12.000
CT	1019	2	12	12.000
CT	1018	1	0	0.000
CT	1017	3	18	18.000
CT	1016	4	32	32.000
CT	1015	1	6	6.000
CT	1014	1	6	6.000
CT	1013	0	0	0.000
CT	1012	1	6	6.000
CT	1011	1	6	6.000
CT	1010	0	0	0.000
CT	1009	2	14	14.000
CT	1008	3	22	22.000
CT	1007	1	8	8.000
CT	1006	1	8	8.000
CT	1005	1	8	8.000
CT	1004	1	0	0.000
CT	1003	0	0	0.000
CT	1002	1	8	8.000
CT	1001	4	36	36.000
CT	1000	0	0	0.000
CT	999	2	14	14.000
CT	998	2	20	20.000
CT	997	2	16	16.000
CT	996	0	0	0.000
CT	995	2	22	22.000
CT	994	1	6	6.000
CT	993	1	14	14.000
CT	992	1	0	0.000
CT	991	0	0	0.000
CT	990	3	22	22.000
CT	989	0	0	0.000
CT	988	0	0	0.000
CT	987	0	0	0.000
CT	986	0	0	0.000
CT	985	0	0	0.000
CT	984	1	14	14.000
CT	983	2	5	5.000
CT	982	2	19	19.000
CT	981	4	28	28.000
CT	980	0	0	0.000
CT	979	3	10	10.000
CT	978	2	19	19.000
CT	977	0	0	0.000
CT	976	0	0	0.000
CT	975	1	0	0.000
CT	974	1	14	14.000
CT	973	1	14	14.000
CT	972	0	0	0.000
CT	971	1	5	5.000
CT	970	1	14	14.000
CT	969	2	14	14.000
CT	968	3	19	19.000
CT	967	1	14	14.000
CT	966	0	0	0.000
CT	965	1	14	14.000
CT	964	1	5	5.000
CT	963	1	14	14.000
CT	962	3	34	34.000
CT	961	2	29	29.000
CT	960	0	0	0.000
CT	959	1	6	6.000
CT	958	0	0	0.000
CT	957	1	6	6.000
CT	956	0	0	0.000
CT	955	2	12	12.000
CT	954	1	14	14.000
CT	953	4	56	56.000
CT	952	1	0	0.000
CT	951	2	20	20.000
CT	950	0	0	0.000
CT	949	1	6	6.000
CT	948	1	14	14.000
CT	947	1	8	8.000
CT	946	1	16	16.000
CT	945	1	6	6.000
CT	944	1	12	12.000
CT	943	0	0	0.000
CT	942	0	0	0.000
CT	941	0	0	0.000
CT	940	2	18	18.000
CT	939	2	28	28.000
CT	938	1	8	8.000
CT	937	1	12	12.000
CT	936	0	0	0.000
CT	935	3	19	19.000
CT	934	2	16	16.000
CT	933	0	0	0.000
CT	932	1	8	8.000
CT	931	2	13	13.000
CT	930	2	8	8.000
CT	929	0	0	0.000
CT	928	1	8	8.000
CT	927	2	12	12.000
CT	926	0	0	0.000
CT	925	1	6	6.000
CT	924	0	0	0.000
CT	923	0	0	0.000
CT	922	0	0	0.000
CT	921	0	0	0.000
CT	920	1	8	8.000
CT	919	0	0	0.000
CT	918	1	6	6.000
CT	917	0	0	0.000
CT	916	0	0	0.000
CT	915	0	0	0.000
CT	914	1	6	6.000
CT	913	3	12	12.000
CT	912	0	0	0.000
CT	911	0	0	0.000
CT	910	0	0	0.000
CT	909	0	0	0.000
CT	908	0	0	0.000
CT	907	1	5	5.000
CT	906	2	12	12.000
CT	905	0	0	0.000
CT	904	3	34	34.000
CT	903	3	26	26.000
CT	902	0	0	0.000
CT	901	1	5	5.000
CT	900	2	20	20.000
CT	899	3	18	18.000
CT	898	0	0	0.000
CT	897	0	0	0.000
CT	896	2	12	12.000
CT	895	1	5	5.000
CT	894	1	15	15.000
CT	893	1	6	6.000
CT	892	1	13	13.000
CT	891	3	30	30.000
CT	890	0	0	0.000
CT	889	2	9	9.000
CT	888	1	13	13.000
CT	887	1	15	15.000
CT	886	3	29	29.000
CT	885	3	23	23.000
CT	884	2	18	18.000
CT	883	0	0	0.000
CT	882	1	8	8.000
CT	881	0	0	0.000
CT	880	1	6	6.000
CT	879	1	6	6.000
CT	878	2	21	21.000
CT	877	1	6	6.000
CT	876	1	6	6.000
CT	875	2	7	7.000
CT	874	0	0	0.000
CT	873	3	25	25.000
CT	872	2	19	19.000
CT	871	4	19	19.000
CT	870	0	0	0.000
CT	869	2	14	14.000
CT	868	2	12	12.000
CT	867	9	69	69.000
CT	866	6	47	47.000
CT	865	4	31	31.000
CT	864	5	38	38.000
CT	863	1	7	7.000
CT	862	5	37	37.000
CT	861	4	25	25.000
CT	860	1	12	12.000
CT	859	1	6	6.000
CT	858	3	25	25.000
CT	857	7	51	51.000
CT	856	7	47	47.000
CT	855	3	26	26.000
CT	854	10	90	90.000
CT	853	5	50	50.000
CT	852	3	18	18.000
CT	851	9	66	66.000
CT	850	7	54	54.000
CT	849	7	39	39.000
CT	848	6	30	30.000
CT	847	5	33	33.000
CT	846	4	26	26.000
CT	845	2	22	22.000
CT	844	2	13	13.000
CT	843	5	32	32.000
CT	842	2	14	14.000
CT	841	2	13	13.000
CT	840	2	14	14.000
CT	839	2	14	14.000
CT	838	7	40	40.000
CT	837	6	39	39.000
CT	836	7	44	44.000
CT	835	6	41	41.000
CT	834	3	20	20.000
CT	833	3	32	32.000
CT	832	4	22	22.000
CT	831	1	7	7.000
CT	830	4	34	34.000
CT	829	3	19	19.000
CT	828	7	60	60.000
CT	827	2	14	14.000
CT	826	2	14	14.000
CT	825	5	28	28.000
CT	824	1	7	7.000
CT	823	2	19	19.000
CT	822	4	41	41.000
CT	821	2	13	13.000
CT	820	4	23	23.000
CT	819	2	11	11.000
CT	818	4	21	21.000
CT	817	5	31	31.000
CT	816	4	20	20.000
CT	815	3	23	23.000
CT	814	3	15	15.000
CT	813	2	12	12.000
CT	812	0	0	0.000
CT	811	2	11	11.000
CT	810	2	14	14.000
CT	809	2	5	5.000
CT	808	0	0	0.000
CT	807	4	28	28.000
CT	806	2	10	10.000
CT	805	1	5	5.000
CT	804	2	16	16.000
CT	803	4	15	15.000
CT	802	0	0	0.000
CT	801	4	26	26.000
CT	800	0	0	0.000
CT	799	1	7	7.000
CT	798	3	12	12.000
CT	797	0	0	0.000
CT	796	0	0	0.000
CT	795	1	7	7.000
CT	794	2	24	24.000
CT	793	0	0	0.000
CT	792	0	0	0.000
CT	791	1	12	12.000
CT	790	0	0	0.000
CT	789	0	0	0.000
CT	788	0	0	0.000
CT	787	1	14	14.000
CT	786	2	18	18.000
CT	785	0	0	0.000
CT	784	2	10	10.000
CT	783	2	19	19.000
CT	782	0	0	0.000
CT	781	1	0	0.000
CT	780	3	30	30.000
CT	779	0	0	0.000
CT	778	1	12	12.000
CT	777	2	10	10.000
CT	776	1	5	5.000
CT	775	0	0	0.000
CT	774	1	5	5.000
CT	773	0	0	0.000
CT	772	0	0	0.000
CT	771	0	0	0.000
CT	770	0	0	0.000
CT	769	1	0	0.000
CT	768	0	0	0.000
CT	767	1	0	0.000
CT	766	1	0	0.000
CT	765	0	0	0.000
CT	764	0	0	0.000
CT	763	1	0	0.000
CT	762	1	14	14.000
CT	761	0	0	0.000
CT	760	1	14	14.000
CT	759	1	6	6.000
CT	758	1	0	0.000
CT	757	1	0	0.000
CT	756	0	0	0.000
CT	755	0	0	0.000
CT	754	0	0	0.000
CT	753	0	0	0.000
CT	752	0	0	0.000
CT	751	1	14	14.000
CT	750	2	4	4.000
CT	749	0	0	0.000
CT	748	0	0	0.000
CT	747	1	6	6.000
CT	746	2	6	6.000
CT	745	2	12	12.000
CT	744	2	10	10.000
CT	743	2	12	12.000
CT	742	0	0	0.000
CT	741	1	10	10.000
CT	740	3	18	18.000
CT	739	0	0	0.000
CT	738	1	11	11.000
CT	737	2	12	12.000
CT	736	2	12	12.000
CT	735	0	0	0.000
CT	734	2	12	12.000
CT	733	0	0	0.000
CT	732	2	17	17.000
CT	731	2	13	13.000
CT	730	2	7	7.000
CT	729	1	6	6.000
CT	728	1	6	6.000
CT	727	0	0	0.000
CT	726	3	18	18.000
CT	725	2	12	12.000
CT	724	0	0	0.000
CT	723	1	6	6.000
CT	722	1	6	6.000
CT	721	1	6	6.000
CT	720	0	0	0.000
CT	719	0	0	0.000
CT	718	0	0	0.000
CT	717	2	11	11.000
CT	716	3	23	23.000
CT	715	1	6	6.000
CT	714	2	13	13.000
CT	713	2	12	12.000
CT	712	0	0	0.000
CT	711	3	23	23.000
CT	710	0	0	0.000
CT	709	1	6	6.000
CT	708	0	0	0.000
CT	707	0	0	0.000
CT	706	2	16	16.000
CT	705	1	0	0.000
CT	704	2	20	20.000
CT	703	0	0	0.000
CT	702	1	6	6.000
CT	701	2	10	10.000
CT	700	1	10	10.000
CT	699	1	10	10.000
CT	698	2	11	11.000
CT	697	2	15	15.000
CT	696	2	12	12.000
CT	695	1	0	0.000
CT	694	2	16	16.000
CT	693	0	0	0.000
CT	692	3	11	11.000
CT	691	2	11	11.000
CT	690	0	0	0.000
CT	689	3	18	18.000
CT	688	1	5	5.000
CT	687	2	16	16.000
CT	686	1	5	5.000
CT	685	1	5	5.000
CT	684	1	5	5.000
CT	683	0	0	0.000
CT	682	1	0	0.000
CT	681	0	0	0.000
CT	680	2	10	10.000
CT	679	3	22	22.000
CT	678	1	6	6.000
CT	677	0	0	0.000
CT	676	2	10	10.000
CT	675	0	0	0.000
CT	674	2	17	17.000
CT	673	4	20	20.000
CT	672	1	10	10.000
CT	671	2	10	10.000
CT	670	0	0	0.000
CT	669	1	6	6.000
CT	668	2	12	12.000
CT	667	1	11	11.000
CT	666	1	10	10.000
CT	665	1	10	10.000
CT	664	1	0	0.000
CT	663	2	12	12.000
CT	662	1	4	4.000
CT	661	1	10	10.000
CT	660	1	5	5.000
CT	659	2	12	12.000
CT	658	1	6	6.000
CT	657	1	6	6.000
CT	656	2	15	15.000
CT	655	3	11	11.000
CT	654	2	10	10.000
CT	653	2	11	11.000
CT	652	3	16	16.000
CT	651	3	10	10.000
CT	650	3	15	15.000
CT	649	1	5	5.000
CT	648	3	16	16.000
CT	647	6	34	34.000
CT	646	2	8	8.000
CT	645	3	13	13.000
CT	644	1	10	10.000
CT	643	0	0	0.000
CT	642	5	26	26.000
CT	641	6	36	36.000
CT	640	1	4	4.000
CT	639	4	10	10.000
CT	638	5	13	13.000
CT	637	2	5	5.000
CT	636	5	25	25.000
CT	635	6	11	11.000
CT	634	5	0	0.000
CT	633	5	9	9.000
CT	632	4	4	4.000
CT	631	2	9	9.000
CT	630	4	23	23.000
CT	629	6	18	18.000
CT	628	3	15	15.000
CT	627	3	24	24.000
CT	626	3	8	8.000
CT	625	3	17	17.000
CT	624	2	8	8.000
CT	623	3	13	13.000
CT	622	5	25	25.000
CT	621	5	19	19.000
CT	620	10	43	43.000
CT	619	1	4	4.000
CT	618	2	12	12.000
CT	617	2	10	10.000
CT	616	3	19	19.000
CT	615	3	12	12.000
CT	614	3	12	12.000
CT	613	3	24	24.000
CT	612	3	17	17.000
CT	611	2	6	6.000
CT	610	3	12	12.000
CT	609	2	13	13.000
CT	608	2	10	10.000
CT	607	3	19	19.000
CT	606	2	12	12.000
CT	605	2	6	6.000
CT	604	1	0	0.000
CT	603	2	5	5.000
CT	602	1	7	7.000
CT	601	5	21	21.000
CT	600	0	0	0.000
CT	599	2	9	9.000
CT	598	2	17	17.000
CT	597	0	0	0.000
CT	596	1	4	4.000
CT	595	2	10	10.000
CT	594	5	20	20.000
CT	593	2	12	12.000
CT	592	0	0	0.000
CT	591	5	22	22.000
CT	590	2	10	10.000
CT	589	3	18	18.000
CT	588	1	5	5.000
CT	587	2	14	14.000
CT	586	2	9	9.000
CT	585	1	7	7.000
CT	584	0	0	0.000
CT	583	1	6	6.000
CT	582	3	20	20.000
CT	581	3	14	14.000
CT	580	3	20	20.000
CT	579	4	27	27.000
CT	578	5	26	26.000
CT	577	3	13	13.000
CT	576	1	5	5.000
CT	575	2	9	9.000
CT	574	3	18	18.000
CT	573	3	24	24.000
CT	572	3	11	11.000
CT	571	3	20	20.000
CT	570	0	0	0.000
CT	569	1	8	8.000
CT	568	2	9	9.000
CT	567	1	4	4.000
CT	566	3	14	14.000
CT	565	3	16	16.000
CT	564	1	5	5.000
CT	563	9	38	38.000
CT	562	5	19	19.000
CT	561	8	36	36.000
CT	560	9	38	38.000
CT	559	11	49	49.000
CT	558	10	40	40.000
CT	557	7	36	36.000
CT	556	5	21	21.000
CT	555	5	20	20.000
CT	554	9	48	48.000
CT	553	4	18	18.000
CT	552	6	28	28.000
CT	551	7	44	44.000
CT	550	4	23	23.000
CT	549	5	23	23.000
CT	548	4	22	22.000
CT	547	8	47	47.000
CT	546	2	8	8.000
CT	545	5	18	18.000
CT	544	7	43	43.000
CT	543	4	24	24.000
CT	542	4	14	14.000
CT	541	8	29	29.000
CT	540	8	39	39.000
CT	539	3	13	13.000
CT	538	3	13	13.000
CT	537	8	36	36.000
CT	536	6	35	35.000
CT	535	6	25	25.000
CT	534	4	20	20.000
CT	533	5	28	28.000
CT	532	6	28	28.000
CT	531	6	26	26.000
CT	530	6	23	23.000
CT	529	10	41	41.000
CT	528	10	41	41.000
CT	527	8	29	29.000
CT	526	10	39	39.000
CT	525	7	25	25.000
CT	524	12	50	50.000
CT	523	12	48	48.000
CT	522	3	22	22.000
CT	521	7	30	30.000
CT	520	7	31	31.000
CT	519	13	66	66.000
CT	518	1	9	9.000
CT	517	3	22	22.000
CT	516	2	12	12.000
CT	515	6	24	24.000
CT	514	2	11	11.000
CT	513	4	23	23.000
CT	512	5	21	21.000
CT	511	4	11	11.000
CT	510	3	12	12.000
CT	509	2	6	6.000
CT	508	3	9	9.000
CT	507	0	0	0.000
CT	506	3	11	11.000
CT	505	4	15	15.000
CT	504	4	9	9.000
CT	503	5	27	27.000
CT	502	2	6	6.000
CT	501	4	14	14.000
CT	500	2	6	6.000
CT	499	2	6	6.000
CT	498	3	10	10.000
CT	497	3	11	11.000
CT	496	5	19	19.000
CT	495	3	13	13.000
CT	494	6	22	22.000
CT	493	6	27	27.000
CT	492	6	23	23.000
CT	491	3	19	19.000
CT	490	5	17	17.000
CT	489	9	51	51.000
CT	488	7	25	25.000
CT	487	6	26	26.000
CT	486	11	48	48.000
CT	485	12	43	43.000
CT	484	3	8	8.000
CT	483	10	32	32.000
CT	482	7	33	33.000
CT	481	6	23	23.000
CT	480	13	54	54.000
CT	479	13	60	60.000
CT	478	7	33	33.000
CT	477	11	46	46.000
CT	476	9	37	37.000
CT	475	7	22	22.000
CT	474	9	40	40.000
CT	473	8	32	32.000
CT	472	5	17	17.000
CT	471	3	10	10.000
CT	470	1	4	4.000
CT	469	6	21	21.000
CT	468	7	28	28.000
CT	467	8	30	30.000
CT	466	7	23	23.000
CT	465	5	21	21.000
CT	464	5	18	18.000
CT	463	4	20	20.000
CT	462	4	13	13.000
CT	461	8	36	36.000
CT	460	13	59	59.000
CT	459	3	6	6.000
CT	458	3	10	10.000
CT	457	5	16	16.000
CT	456	12	41	41.000
CT	455	1	3	3.000
CT	454	10	50	50.000
CT	453	8	33	33.000
CT	452	11	41	41.000
CT	451	9	36	36.000
CT	450	11	28	28.000
CT	449	7	20	20.000
CT	448	5	16	16.000
CT	447	7	18	18.000
CT	446	7	25	25.000
CT	445	13	34	34.000
CT	444	5	19	19.000
CT	443	3	9	9.000
CT	442	8	31	31.000
CT	441	6	27	27.000
CT	440	4	12	12.000
CT	439	3	15	15.000
CT	438	4	18	18.000
CT	437	2	16	16.000
CT	436	3	9	9.000
CT	435	6	23	23.000
CT	434	10	30	30.000
CT	433	10	38	38.000
CT	432	6	21	21.000
CT	431	8	34	34.000
CT	430	7	22	22.000
CT	429	14	47	47.000
CT	428	14	34	34.000
CT	427	10	16	16.000
CT	426	9	16	16.000
CT	425	8	21	21.000
CT	424	10	23	23.000
CT	423	9	28	28.000
CT	422	9	29	29.000
CT	421	8	21	21.000
CT	420	8	28	28.000
CT	419	8	24	24.000
CT	418	8	32	32.000
CT	417	4	12	12.000
CT	416	6	9	9.000
CT	415	8	22	22.000
CT	414	13	35	35.000
CT	413	6	28	28.000
CT	412	3	9	9.000
CT	411	11	28	28.000
CT	410	12	30	30.000
CT	409	11	28	28.000
CT	408	14	43	43.000
CT	407	8	21	21.000
CT	406	11	26	26.000
CT	405	10	34	34.000
CT	404	12	28	28.000
CT	403	9	29	29.000
CT	402	10	39	39.000
CT	401	11	28	28.000
CT	400	9	28	28.000
CT	399	23	69	69.000
CT	398	12	40	40.000
CT	397	14	28	28.000
CT	396	15	41	41.000
CT	395	17	47	47.000
CT	394	14	53	53.000
CT	393	19	56	56.000
CT	392	17	40	40.000
CT	391	13	24	24.000
CT	390	22	55	55.000
CT	389	9	30	30.000
CT	388	16	41	41.000
CT	387	13	33	33.000
CT	386	17	35	35.000
CT	385	21	37	37.000
CT	384	16	35	35.000
CT	383	12	32	32.000
CT	382	15	37	37.000
CT	381	19	41	41.000
CT	380	16	36	36.000
CT	379	14	37	37.000
CT	378	20	55	55.000
CT	377	17	40	40.000
CT	376	16	42	42.000
CT	375	14	27	27.000
CT	374	16	47	47.000
CT	373	8	25	25.000
CT	372	11	28	28.000
CT	371	20	48	48.000
CT	370	19	39	39.000
CT	369	21	43	43.000
CT	368	37	81	81.000
CT	367	26	42	42.000
CT	366	16	46	46.000
CT	365	28	62	62.000
CT	364	23	47	47.000
CT	363	25	57	57.000
CT	362	21	40	40.000
CT	361	32	59	59.000
CT	360	26	44	44.000
CT	359	17	40	40.000
CT	358	23	59	59.000
CT	357	35	76	76.000
CT	356	36	77	77.000
CT	355	30	62	62.000
CT	354	38	78	78.000
CT	353	25	56	56.000
CT	352	33	81	81.000
CT	351	28	64	64.000
CT	350	25	49	49.000
CT	349	25	47	47.000
CT	348	26	50	50.000
CT	347	30	65	65.000
CT	346	24	50	50.000
CT	345	28	65	65.000
CT	344	39	71	71.000
CT	343	32	64	64.000
CT	342	26	55	55.000
CT	341	34	57	57.000
CT	340	32	54	54.000
CT	339	33	58	58.000
CT	338	37	78	78.000
CT	337	28	50	50.000
CT	336	27	46	46.000
CT	335	39	91	91.000
CT	334	47	87	87.000
CT	333	56	120	120.000
CT	332	43	101	101.000
CT	331	43	73	73.000
CT	330	49	92	92.000
CT	329	46	90	90.000
CT	328	69	130	130.000
CT	327	73	134	134.000
CT	326	75	139	139.000
CT	325	70	114	114.000
CT	324	82	157	157.000
CT	323	65	110	110.000
CT	322	83	148	148.000
CT	321	84	133	133.000
CT	320	76	123	123.000
CT	319	77	151	151.000
CT	318	84	127	127.000
CT	317	84	146	146.000
CT	316	86	130	130.000
CT	315	75	106	106.000
CT	314	77	118	118.000
CT	313	79	125	125.000
CT	312	88	141	141.000
CT	311	108	179	179.000
CT	310	101	146	146.000
CT	309	100	157	157.000
CT	308	104	156	156.000
CT	307	99	150	150.000
CT	306	97	149	149.000
CT	305	99	122	122.000
CT	304	107	134	134.000
CT	303	108	137	137.000
CT	302	129	173	173.000
CT	301	128	171	171.000
CT	300	132	169	169.000
CT	299	117	143	143.000
CT	298	131	178	178.000
CT	297	137	181	181.000
CT	296	140	203	203.000
CT	295	132	160	160.000
CT	294	143	169	169.000
CT	293	144	181	181.000
CT	292	126	156	156.000
CT	291	151	198	198.000
CT	290	196	255	255.000
CT	289	158	194	194.000
CT	288	167	194	194.000
CT	287	206	250	250.000
CT	286	195	224	224.000
CT	285	212	248	248.000
CT	284	209	242	242.000
CT	283	209	241	241.000
CT	282	248	285	285.000
CT	281	233	263	263.000
CT	280	257	302	302.000
CT	279	277	303	303.000
CT	278	311	377	377.000
CT	277	254	293	293.000
CT	276	289	332	332.000
CT	275	289	342	342.000
CT	274	353	405	405.000
CT	273	365	440	440.000
CT	272	383	423	423.000
CT	271	397	462	462.000
CT	270	434	497	497.000
CT	269	414	462	462.000
CT	268	448	518	518.000
CT	267	431	484	484.000
CT	266	461	531	531.000
CT	265	456	485	485.000
CT	264	475	531	531.000
CT	263	531	591	591.000
CT	262	539	604	604.000
CT	261	558	615	615.000
CT	260	605	691	691.000
CT	259	629	694	694.000
CT	258	590	652	652.000
CT	257	673	734	734.000
CT	256	726	813	813.000
CT	255	730	796	796.000
CT	254	770	857	857.000
CT	253	782	852	852.000
CT	252	803	860	860.000
CT	251	884	954	954.000
CT	250	918	976	976.000
CT	249	970	1040	1040.000
CT	248	974	1034	1034.000
CT	247	997	1040	1040.000
CT	246	995	1044	1044.000
CT	245	1055	1147	1147.000
CT	244	1106	1187	1187.000
CT	243	1127	1172	1172.000
CT	242	1188	1278	1278.000
CT	241	1167	1223	1223.000
CT	240	1210	1252	1252.000
CT	239	1269	1331	1331.000
CT	238	1311	1381	1381.000
CT	237	1333	1408	1408.000
CT	236	1366	1427	1427.000
CT	235	1420	1486	1486.000
CT	234	1512	1586	1586.000
CT	233	1544	1608	1608.000
CT	232	1465	1518	1518.000
CT	231	1532	1566	1566.000
CT	230	1561	1612	1612.000
CT	229	1648	1709	1709.000
CT	228	1714	1756	1756.000
CT	227	1781	1808	1808.000
CT	226	1757	1785	1785.000
CT	225	1865	1919	1919.000
CT	224	1966	2023	2023.000
CT	223	2112	2168	2168.000
CT	222	2200	2277	2277.000
CT	221	2168	2255	2255.000
CT	220	2300	2385	2385.000
CT	219	2466	2548	2548.000
CT	218	2577	2684	2684.000
CT	217	2548	2629	2629.000
CT	216	2651	2719	2719.000
CT	215	2799	2865	2865.000
CT	214	2875	2923	2923.000
CT	213	2953	3027	3027.000
CT	212	3020	3082	3082.000
CT	211	3206	3272	3272.000
CT	210	3283	3337	3337.000
CT	209	3479	3530	3530.000
CT	208	3605	3653	3653.000
CT	207	3832	3886	3886.000
CT	206	3906	3969	3969.000
CT	205	4077	4126	4126.000
CT	204	4067	4099	4099.000
CT	203	4207	4263	4263.000
CT	202	4387	4435	4435.000
CT	201	4510	4568	4568.000
CT	200	4617	4670	4670.000
CT	199	4852	4919	4919.000
CT	198	5106	5155	5155.000
CT	197	5370	5462	5462.000
CT	196	5375	5452	5452.000
CT	195	5646	5706	5706.000
CT	194	5976	6037	6037.000
CT	193	6189	6254	6254.000
CT	192	6346	6383	6383.000
CT	191	6502	6561	6561.000
CT	190	6897	6956	6956.000
CT	189	7015	7049	7049.000
CT	188	7241	7307	7307.000
CT	187	7271	7355	7355.000
CT	186	7580	7662	7662.000
CT	185	7924	7996	7996.000
CT	184	7945	7999	7999.000
CT	183	8228	8286	8286.000
CT	182	8547	8615	8615.000
CT	181	8793	8861	8861.000
CT	180	9019	9069	9069.000
CT	179	9372	9439	9439.000
CT	178	9681	9746	9746.000
CT	177	10069	10141	10141.000
CT	176	10172	10229	10229.000
CT	175	10574	10640	10640.000
CT	174	10782	10867	10867.000
CT	173	11067	11144	11144.000
CT	172	11477	11537	11537.000
CT	171	11519	11584	11584.000
CT	170	11999	12082	12082.000
CT	169	12371	12459	12459.000
CT	168	12540	12605	12605.000
CT	167	13038	13115	13115.000
CT	166	13118	13191	13191.000
CT	165	13696	13771	13771.000
CT	164	13916	13986	13986.000
CT	163	14531	14599	14599.000
CT	162	14629	14715	14715.000
CT	161	15032	15102	15102.000
CT	160	15476	15562	15562.000
CT	159	15545	15621	15621.000
CT	158	15830	15908	15908.000
CT	157	16324	16408	16408.000
CT	156	17024	17109	17109.000
CT	155	17169	17257	17257.000
CT	154	17321	17411	17411.000
CT	153	17834	17945	17945.000
CT	152	18470	18580	18580.000
CT	151	19070	19173	19173.000
CT	150	19082	19161	19161.000
CT	149	19669	19739	19739.000
CT	148	20551	20611	20611.000
CT	147	20703	20753	20753.000
CT	146	21295	21351	21351.000
CT	145	22122	22184	22184.000
CT	144	22847	22901	22901.000
CT	143	23124	23177	23177.000
CT	142	23961	24019	24019.000
CT	141	24420	24476	24476.000
CT	140	24598	24648	24648.000
CT	139	24878	24937	24937.000
CT	138	25911	25969	25969.000
CT	137	26219	26292	26292.000
CT	136	27156	27217	27217.000
CT	135	26734	26771	26771.000
CT	134	27983	28004	28004.000
CT	133	28015	28067	28067.000
CT	132	28727	28763	28763.000
CT	131	29418	29449	29449.000
CT	130	30161	30205	30205.000
CT	129	30624	30668	30668.000
CT	128	31058	31109	31109.000
CT	127	31343	31369	31369.000
CT	126	32197	32253	32253.000
CT	125	33339	33388	33388.000
CT	124	33563	33600	33600.000
CT	123	33990	34047	34047.000
CT	122	34226	34264	34264.000
CT	121	34931	34985	34985.000
CT	120	34820	34867	34867.000
CT	119	35541	35598	35598.000
CT	118	36301	36353	36353.000
CT	117	36715	36762	36762.000
CT	116	37019	37067	37067.000
CT	115	37838	37886	37886.000
CT	114	38384	38432	38432.000
CT	113	38862	38886	38886.000
CT	112	39339	39394	39394.000
CT	111	39879	39890	39890.000
CT	110	40045	40094	40094.000
CT	109	41163	41213	41213.000
CT	108	41986	42054	42054.000
CT	107	42522	42584	42584.000
CT	106	42889	42971	42971.000
CT	105	43260	43322	43322.000
CT	104	43466	43509	43509.000
CT	103	43725	43789	43789.000
CT	102	44273	44325	44325.000
CT	101	45115	45160	45160.000
CT	100	45087	45113	45113.000
CT	99	45851	45874	45874.000
CT	98	46500	46527	46527.000
CT	97	46680	46677	46677.000
CT	96	46999	47008	47008.000
CT	95	47528	47534	47534.000
CT	94	48443	48466	48466.000
CT	93	48333	48374	48374.000
CT	92	48603	48624	48624.000
CT	91	48580	48608	48608.000
CT	90	49003	49032	49032.000
CT	89	48933	48941	48941.000
CT	88	49372	49372	49372.000
CT	87	49492	49480	49480.000
CT	86	49356	49342	49342.000
CT	85	49750	49717	49717.000
CT	84	49686	49665	49665.000
CT	83	49571	49571	49571.000
CT	82	49528	49507	49507.000
CT	81	49608	49582	49582.000
CT	80	50312	50309	50309.000
CT	79	49784	49754	49754.000
CT	78	50033	49988	49988.000
CT	77	49853	49835	49835.000
CT	76	49600	49611	49611.000
CT	75	49351	49301	49300.999
CT	74	49536	49508	49508.000
CT	73	49201	49151	49150.999
CT	72	49433	49375	49374.999
CT	71	48991	48941	48940.999
CT	70	48698	48664	48664.000
CT	69	48346	48292	48291.999
CT	68	47717	47655	47654.999
CT	67	47382	47318	47317.999
CT	66	47171	47066	47065.999
CT	65	47368	47255	47254.999
CT	64	46985	46907	46906.999
CT	63	46587	46476	46475.999
CT	62	46255	46104	46103.998
CT	61	45801	45694	45693.999
CT	60	45390	45258	45257.999
CT	59	45026	44901	44900.999
CT	58	44494	44383	44382.999
CT	57	44306	44186	44185.999
CT	56	43283	43161	43160.999
CT	55	42763	42621	42620.998
CT	54	41702	41552	41551.998
CT	53	41209	41058	41057.998
CT	52	40190	39966	39965.997
CT	51	39353	39131	39130.997
CT	50	38550	38326	38325.997
CT	49	37838	37630	37629.998
CT	48	36468	36229	36228.997
CT	47	36159	35894	35893.997
CT	46	34989	34728	34727.997
CT	45	33765	33495	33494.997
CT	44	32151	31874	31873.997
CT	43	31406	31102	31101.996
CT	42	30616	30272	30271.996
CT	41	29211	28871	28870.996
CT	40	27857	27449	27448.995
CT	39	26615	26199	26198.995
CT	38	24979	24538	24537.995
CT	37	23634	23141	23140.994
CT	36	22335	21791	21790.994
CT	35	20841	20259	20258.993
CT	34	18688	18117	18116.993
CT	33	17409	16775	16774.993
CT	32	16088	15454	15453.993
CT	31	15008	14256	14255.991
CT	30	14117	13253	13252.990
CT	29	12990	12028	12027.989
CT	28	11944	10912	10911.988
CT	27	11140	9864	9863.985
CT	26	10026	8580	8579.983
CT	25	9055	7334	7333.980
CT	24	8471	6548	6547.978
CT	23	7796	5585	5584.974
CT	22	7262	4570	4569.969
CT	21	7085	4011	4010.964
CT	20	7215	3480	3479.957
CT	19	7501	2763	2762.945
CT	18	7780	2214	2213.935
CT	17	8459	1774	1773.922
CT	16	9950	1384	1383.901
CT	15	11573	1010	1009.878
CT	14	13482	694	693.852
CT	13	16955	666	665.811
CT	12	21908	531	530.752
CT	11	28716	429	428.672
CT	10	38159	347	346.562
CT	9	52905	279	278.390
CT	8	73206	265	264.154
CT	7	106665	240	238.766
CT	6	160626	222	220.140
CT	5	262718	204	200.956
CT	4	486929	219	213.357
CT	3	1161485	114	100.534
CT	2	4657415	108	54.001
CT	1	0	0	21.524
CT	0	0	2866	6.973
FR	0	2.32e-05
ER	5391113	2920.343
CV	1.000
QV	47.656	47.575
