HS	1023	0	19286	19286
HS	1022	0	2	19288
HS	1021	0	1	19289
HS	1020	0	2	19291
HS	1019	0	2	19293
HS	1018	0	1	19294
HS	1017	0	3	19297
HS	1016	0	4	19301
HS	1015	0	1	19302
HS	1014	0	1	19303
HS	1013	0	0	19303
HS	1012	0	1	19304
HS	1011	0	1	19305
HS	1010	0	0	19305
HS	1009	0	2	19307
HS	1008	0	3	19310
HS	1007	0	1	19311
HS	1006	0	1	19312
HS	1005	0	1	19313
HS	1004	0	1	19314
HS	1003	0	0	19314
HS	1002	0	1	19315
HS	1001	0	4	19319
HS	1000	0	0	19319
HS	999	0	2	19321
HS	998	0	2	19323
HS	997	0	2	19325
HS	996	0	0	19325
HS	995	0	2	19327
HS	994	0	1	19328
HS	993	0	1	19329
HS	992	0	1	19330
HS	991	0	0	19330
HS	990	0	3	19333
HS	989	0	0	19333
HS	988	0	0	19333
HS	987	0	0	19333
HS	986	0	0	19333
HS	985	0	0	19333
HS	984	0	1	19334
HS	983	0	2	19336
HS	982	0	2	19338
HS	981	0	4	19342
HS	980	0	0	19342
HS	979	0	3	19345
HS	978	0	2	19347
HS	977	0	0	19347
HS	976	0	0	19347
HS	975	0	1	19348
HS	974	0	1	19349
HS	973	0	1	19350
HS	972	0	0	19350
HS	971	0	1	19351
HS	970	0	1	19352
HS	969	0	2	19354
HS	968	0	3	19357
HS	967	0	1	19358
HS	966	0	0	19358
HS	965	0	1	19359
HS	964	0	1	19360
HS	963	0	1	19361
HS	962	0	3	19364
HS	961	0	2	19366
HS	960	0	0	19366
HS	959	0	1	19367
HS	958	0	0	19367
HS	957	0	1	19368
HS	956	0	0	19368
HS	955	0	2	19370
HS	954	0	1	19371
HS	953	0	4	19375
HS	952	0	1	19376
HS	951	0	2	19378
HS	950	0	0	19378
HS	949	0	1	19379
HS	948	0	1	19380
HS	947	0	1	19381
HS	946	0	1	19382
HS	945	0	1	19383
HS	944	0	1	19384
HS	943	0	0	19384
HS	942	0	0	19384
HS	941	0	0	19384
HS	940	0	2	19386
HS	939	0	2	19388
HS	938	0	1	19389
HS	937	0	1	19390
HS	936	0	0	19390
HS	935	0	3	19393
HS	934	0	2	19395
HS	933	0	0	19395
HS	932	0	1	19396
HS	931	0	2	19398
HS	930	0	2	19400
HS	929	0	0	19400
HS	928	0	1	19401
HS	927	0	2	19403
HS	926	0	0	19403
HS	925	0	1	19404
HS	924	0	0	19404
HS	923	0	0	19404
HS	922	0	0	19404
HS	921	0	0	19404
HS	920	0	1	19405
HS	919	0	0	19405
HS	918	0	1	19406
HS	917	0	0	19406
HS	916	0	0	19406
HS	915	0	0	19406
HS	914	0	1	19407
HS	913	0	3	19410
HS	912	0	0	19410
HS	911	0	0	19410
HS	910	0	0	19410
HS	909	0	0	19410
HS	908	0	0	19410
HS	907	0	1	19411
HS	906	0	2	19413
HS	905	0	0	19413
HS	904	0	3	19416
HS	903	0	3	19419
HS	902	0	0	19419
HS	901	0	1	19420
HS	900	0	2	19422
HS	899	0	3	19425
HS	898	0	0	19425
HS	897	0	0	19425
HS	896	0	2	19427
HS	895	0	1	19428
HS	894	0	1	19429
HS	893	0	1	19430
HS	892	0	1	19431
HS	891	0	3	19434
HS	890	0	0	19434
HS	889	0	2	19436
HS	888	0	1	19437
HS	887	0	1	19438
HS	886	0	3	19441
HS	885	0	3	19444
HS	884	0	2	19446
HS	883	0	0	19446
HS	882	0	1	19447
HS	881	0	0	19447
HS	880	0	1	19448
HS	879	0	1	19449
HS	878	0	2	19451
HS	877	0	1	19452
HS	876	0	1	19453
HS	875	0	2	19455
HS	874	0	0	19455
HS	873	0	3	19458
HS	872	0	2	19460
HS	871	0	4	19464
HS	870	0	0	19464
HS	869	0	2	19466
HS	868	0	2	19468
HS	867	0	9	19477
HS	866	0	6	19483
HS	865	0	4	19487
HS	864	0	5	19492
HS	863	0	1	19493
HS	862	0	5	19498
HS	861	0	4	19502
HS	860	0	1	19503
HS	859	0	1	19504
HS	858	0	3	19507
HS	857	0	7	19514
HS	856	0	7	19521
HS	855	0	3	19524
HS	854	0	10	19534
HS	853	0	5	19539
HS	852	0	3	19542
HS	851	0	9	19551
HS	850	0	7	19558
HS	849	0	7	19565
HS	848	0	6	19571
HS	847	0	5	19576
HS	846	0	4	19580
HS	845	0	2	19582
HS	844	0	2	19584
HS	843	0	5	19589
HS	842	0	2	19591
HS	841	0	2	19593
HS	840	0	2	19595
HS	839	0	2	19597
HS	838	0	7	19604
HS	837	0	6	19610
HS	836	0	7	19617
HS	835	0	6	19623
HS	834	0	3	19626
HS	833	0	3	19629
HS	832	0	4	19633
HS	831	0	1	19634
HS	830	0	4	19638
HS	829	0	3	19641
HS	828	0	7	19648
HS	827	0	2	19650
HS	826	0	2	19652
HS	825	0	5	19657
HS	824	0	1	19658
HS	823	0	2	19660
HS	822	0	4	19664
HS	821	0	2	19666
HS	820	0	4	19670
HS	819	0	2	19672
HS	818	0	4	19676
HS	817	0	5	19681
HS	816	0	4	19685
HS	815	0	3	19688
HS	814	0	3	19691
HS	813	0	2	19693
HS	812	0	0	19693
HS	811	0	2	19695
HS	810	0	2	19697
HS	809	0	2	19699
HS	808	0	0	19699
HS	807	0	4	19703
HS	806	0	2	19705
HS	805	0	1	19706
HS	804	0	2	19708
HS	803	0	4	19712
HS	802	0	0	19712
HS	801	0	4	19716
HS	800	0	0	19716
HS	799	0	1	19717
HS	798	0	3	19720
HS	797	0	0	19720
HS	796	0	0	19720
HS	795	0	1	19721
HS	794	0	2	19723
HS	793	0	0	19723
HS	792	0	0	19723
HS	791	0	1	19724
HS	790	0	0	19724
HS	789	0	0	19724
HS	788	0	0	19724
HS	787	0	1	19725
HS	786	0	2	19727
HS	785	0	0	19727
HS	784	0	2	19729
HS	783	0	2	19731
HS	782	0	0	19731
HS	781	0	1	19732
HS	780	0	3	19735
HS	779	0	0	19735
HS	778	0	1	19736
HS	777	0	2	19738
HS	776	0	1	19739
HS	775	0	0	19739
HS	774	0	1	19740
HS	773	0	0	19740
HS	772	0	0	19740
HS	771	0	0	19740
HS	770	0	0	19740
HS	769	0	1	19741
HS	768	0	0	19741
HS	767	0	1	19742
HS	766	0	1	19743
HS	765	0	0	19743
HS	764	0	0	19743
HS	763	0	1	19744
HS	762	0	1	19745
HS	761	0	0	19745
HS	760	0	1	19746
HS	759	0	1	19747
HS	758	0	1	19748
HS	757	0	1	19749
HS	756	0	0	19749
HS	755	0	0	19749
HS	754	0	0	19749
HS	753	0	0	19749
HS	752	0	0	19749
HS	751	0	1	19750
HS	750	0	2	19752
HS	749	0	0	19752
HS	748	0	0	19752
HS	747	0	1	19753
HS	746	0	2	19755
HS	745	0	2	19757
HS	744	0	2	19759
HS	743	0	2	19761
HS	742	0	0	19761
HS	741	0	1	19762
HS	740	0	3	19765
HS	739	0	0	19765
HS	738	0	1	19766
HS	737	0	2	19768
HS	736	0	2	19770
HS	735	0	0	19770
HS	734	0	2	19772
HS	733	0	0	19772
HS	732	0	2	19774
HS	731	0	2	19776
HS	730	0	2	19778
HS	729	0	1	19779
HS	728	0	1	19780
HS	727	0	0	19780
HS	726	0	3	19783
HS	725	0	2	19785
HS	724	0	0	19785
HS	723	0	1	19786
HS	722	0	1	19787
HS	721	0	1	19788
HS	720	0	0	19788
HS	719	0	0	19788
HS	718	0	0	19788
HS	717	0	2	19790
HS	716	0	3	19793
HS	715	0	1	19794
HS	714	0	2	19796
HS	713	0	2	19798
HS	712	0	0	19798
HS	711	0	3	19801
HS	710	0	0	19801
HS	709	0	1	19802
HS	708	0	0	19802
HS	707	0	0	19802
HS	706	0	2	19804
HS	705	0	1	19805
HS	704	0	2	19807
HS	703	0	0	19807
HS	702	0	1	19808
HS	701	0	2	19810
HS	700	0	1	19811
HS	699	0	1	19812
HS	698	0	2	19814
HS	697	0	2	19816
HS	696	0	2	19818
HS	695	0	1	19819
HS	694	0	2	19821
HS	693	0	0	19821
HS	692	0	3	19824
HS	691	0	2	19826
HS	690	0	0	19826
HS	689	0	3	19829
HS	688	0	1	19830
HS	687	0	2	19832
HS	686	0	1	19833
HS	685	0	1	19834
HS	684	0	1	19835
HS	683	0	0	19835
HS	682	0	1	19836
HS	681	0	0	19836
HS	680	0	2	19838
HS	679	0	3	19841
HS	678	0	1	19842
HS	677	0	0	19842
HS	676	0	2	19844
HS	675	0	0	19844
HS	674	0	2	19846
HS	673	0	4	19850
HS	672	0	1	19851
HS	671	0	2	19853
HS	670	0	0	19853
HS	669	0	1	19854
HS	668	0	2	19856
HS	667	0	1	19857
HS	666	0	1	19858
HS	665	0	1	19859
HS	664	0	1	19860
HS	663	0	2	19862
HS	662	0	1	19863
HS	661	0	1	19864
HS	660	0	1	19865
HS	659	0	2	19867
HS	658	0	1	19868
HS	657	0	1	19869
HS	656	0	2	19871
HS	655	0	3	19874
HS	654	0	2	19876
HS	653	0	2	19878
HS	652	0	3	19881
HS	651	0	3	19884
HS	650	0	3	19887
HS	649	0	1	19888
HS	648	0	3	19891
HS	647	0	6	19897
HS	646	0	2	19899
HS	645	0	3	19902
HS	644	0	1	19903
HS	643	0	0	19903
HS	642	0	5	19908
HS	641	0	6	19914
HS	640	0	1	19915
HS	639	0	4	19919
HS	638	0	5	19924
HS	637	0	2	19926
HS	636	0	5	19931
HS	635	0	6	19937
HS	634	0	5	19942
HS	633	0	5	19947
HS	632	0	4	19951
HS	631	0	2	19953
HS	630	0	4	19957
HS	629	0	6	19963
HS	628	0	3	19966
HS	627	0	3	19969
HS	626	0	3	19972
HS	625	0	3	19975
HS	624	0	2	19977
HS	623	0	3	19980
HS	622	0	5	19985
HS	621	0	5	19990
HS	620	0	10	20000
HS	619	0	1	20001
HS	618	0	2	20003
HS	617	0	2	20005
HS	616	0	3	20008
HS	615	0	3	20011
HS	614	0	3	20014
HS	613	0	3	20017
HS	612	0	3	20020
HS	611	0	2	20022
HS	610	0	3	20025
HS	609	0	2	20027
HS	608	0	2	20029
HS	607	0	3	20032
HS	606	0	2	20034
HS	605	0	2	20036
HS	604	0	1	20037
HS	603	0	2	20039
HS	602	0	1	20040
HS	601	0	5	20045
HS	600	0	0	20045
HS	599	0	2	20047
HS	598	0	2	20049
HS	597	0	0	20049
HS	596	0	1	20050
HS	595	0	2	20052
HS	594	0	5	20057
HS	593	0	2	20059
HS	592	0	0	20059
HS	591	0	5	20064
HS	590	0	2	20066
HS	589	0	3	20069
HS	588	0	1	20070
HS	587	0	2	20072
HS	586	0	2	20074
HS	585	0	1	20075
HS	584	0	0	20075
HS	583	0	1	20076
HS	582	0	3	20079
HS	581	0	3	20082
HS	580	0	3	20085
HS	579	0	4	20089
HS	578	0	5	20094
HS	577	0	3	20097
HS	576	0	1	20098
HS	575	0	2	20100
HS	574	0	3	20103
HS	573	0	3	20106
HS	572	0	3	20109
HS	571	0	3	20112
HS	570	0	0	20112
HS	569	0	1	20113
HS	568	0	2	20115
HS	567	0	1	20116
HS	566	0	3	20119
HS	565	0	3	20122
HS	564	0	1	20123
HS	563	0	9	20132
HS	562	0	5	20137
HS	561	0	8	20145
HS	560	0	9	20154
HS	559	0	11	20165
HS	558	0	10	20175
HS	557	0	7	20182
HS	556	0	5	20187
HS	555	0	5	20192
HS	554	0	9	20201
HS	553	0	4	20205
HS	552	0	6	20211
HS	551	0	7	20218
HS	550	0	4	20222
HS	549	0	5	20227
HS	548	0	4	20231
HS	547	0	8	20239
HS	546	0	2	20241
HS	545	0	5	20246
HS	544	0	7	20253
HS	543	0	4	20257
HS	542	0	4	20261
HS	541	0	8	20269
HS	540	0	8	20277
HS	539	0	3	20280
HS	538	0	3	20283
HS	537	0	8	20291
HS	536	0	6	20297
HS	535	0	6	20303
HS	534	0	4	20307
HS	533	0	5	20312
HS	532	0	6	20318
HS	531	0	6	20324
HS	530	0	6	20330
HS	529	0	10	20340
HS	528	0	10	20350
HS	527	0	8	20358
HS	526	0	10	20368
HS	525	0	7	20375
HS	524	0	12	20387
HS	523	0	12	20399
HS	522	0	3	20402
HS	521	0	7	20409
HS	520	0	7	20416
HS	519	0	13	20429
HS	518	0	1	20430
HS	517	0	3	20433
HS	516	0	2	20435
HS	515	0	6	20441
HS	514	0	2	20443
HS	513	0	4	20447
HS	512	0	5	20452
HS	511	0	4	20456
HS	510	0	3	20459
HS	509	0	2	20461
HS	508	0	3	20464
HS	507	0	0	20464
HS	506	0	3	20467
HS	505	0	4	20471
HS	504	0	4	20475
HS	503	0	5	20480
HS	502	0	2	20482
HS	501	0	4	20486
HS	500	0	2	20488
HS	499	0	2	20490
HS	498	0	3	20493
HS	497	0	3	20496
HS	496	0	5	20501
HS	495	0	3	20504
HS	494	0	6	20510
HS	493	0	6	20516
HS	492	0	6	20522
HS	491	0	3	20525
HS	490	0	5	20530
HS	489	0	9	20539
HS	488	0	7	20546
HS	487	0	6	20552
HS	486	0	11	20563
HS	485	0	12	20575
HS	484	0	3	20578
HS	483	0	10	20588
HS	482	0	7	20595
HS	481	0	6	20601
HS	480	0	13	20614
HS	479	0	13	20627
HS	478	0	7	20634
HS	477	0	11	20645
HS	476	0	9	20654
HS	475	0	7	20661
HS	474	0	9	20670
HS	473	0	8	20678
HS	472	0	5	20683
HS	471	0	3	20686
HS	470	0	1	20687
HS	469	0	6	20693
HS	468	0	7	20700
HS	467	0	8	20708
HS	466	0	7	20715
HS	465	0	5	20720
HS	464	0	5	20725
HS	463	0	4	20729
HS	462	0	4	20733
HS	461	0	8	20741
HS	460	0	13	20754
HS	459	0	3	20757
HS	458	0	3	20760
HS	457	0	5	20765
HS	456	0	12	20777
HS	455	0	1	20778
HS	454	0	10	20788
HS	453	0	8	20796
HS	452	0	11	20807
HS	451	0	9	20816
HS	450	0	11	20827
HS	449	0	7	20834
HS	448	0	5	20839
HS	447	0	7	20846
HS	446	0	7	20853
HS	445	0	13	20866
HS	444	0	5	20871
HS	443	0	3	20874
HS	442	0	8	20882
HS	441	0	6	20888
HS	440	0	4	20892
HS	439	0	3	20895
HS	438	0	4	20899
HS	437	0	2	20901
HS	436	0	3	20904
HS	435	0	6	20910
HS	434	0	10	20920
HS	433	0	10	20930
HS	432	0	6	20936
HS	431	0	8	20944
HS	430	0	7	20951
HS	429	0	14	20965
HS	428	0	14	20979
HS	427	0	10	20989
HS	426	0	9	20998
HS	425	0	8	21006
HS	424	0	10	21016
HS	423	0	9	21025
HS	422	0	9	21034
HS	421	0	8	21042
HS	420	0	8	21050
HS	419	0	8	21058
HS	418	0	8	21066
HS	417	0	4	21070
HS	416	0	6	21076
HS	415	0	8	21084
HS	414	0	13	21097
HS	413	0	6	21103
HS	412	0	3	21106
HS	411	0	11	21117
HS	410	0	12	21129
HS	409	0	11	21140
HS	408	0	14	21154
HS	407	0	8	21162
HS	406	0	11	21173
HS	405	0	10	21183
HS	404	0	12	21195
HS	403	0	9	21204
HS	402	0	10	21214
HS	401	0	11	21225
HS	400	0	9	21234
HS	399	0	23	21257
HS	398	0	12	21269
HS	397	0	14	21283
HS	396	0	15	21298
HS	395	0	17	21315
HS	394	0	14	21329
HS	393	0	19	21348
HS	392	0	17	21365
HS	391	0	13	21378
HS	390	0	22	21400
HS	389	0	9	21409
HS	388	0	16	21425
HS	387	0	13	21438
HS	386	0	17	21455
HS	385	0	21	21476
HS	384	0	16	21492
HS	383	0	12	21504
HS	382	0	15	21519
HS	381	0	19	21538
HS	380	0	16	21554
HS	379	0	14	21568
HS	378	0	20	21588
HS	377	0	17	21605
HS	376	0	16	21621
HS	375	0	14	21635
HS	374	0	16	21651
HS	373	0	8	21659
HS	372	0	11	21670
HS	371	0	20	21690
HS	370	0	19	21709
HS	369	0	21	21730
HS	368	0	37	21767
HS	367	0	26	21793
HS	366	0	16	21809
HS	365	0	28	21837
HS	364	0	23	21860
HS	363	0	25	21885
HS	362	0	21	21906
HS	361	0	32	21938
HS	360	0	26	21964
HS	359	0	17	21981
HS	358	0	23	22004
HS	357	0	35	22039
HS	356	0	36	22075
HS	355	0	30	22105
HS	354	0	38	22143
HS	353	0	25	22168
HS	352	0	33	22201
HS	351	0	28	22229
HS	350	0	25	22254
HS	349	0	25	22279
HS	348	0	26	22305
HS	347	0	30	22335
HS	346	0	24	22359
HS	345	0	28	22387
HS	344	0	39	22426
HS	343	0	32	22458
HS	342	0	26	22484
HS	341	0	34	22518
HS	340	0	32	22550
HS	339	0	33	22583
HS	338	0	37	22620
HS	337	0	28	22648
HS	336	0	27	22675
HS	335	0	39	22714
HS	334	0	47	22761
HS	333	0	56	22817
HS	332	0	43	22860
HS	331	0	43	22903
HS	330	0	49	22952
HS	329	0	46	22998
HS	328	0	69	23067
HS	327	0	73	23140
HS	326	0	75	23215
HS	325	0	70	23285
HS	324	0	82	23367
HS	323	0	65	23432
HS	322	0	83	23515
HS	321	0	84	23599
HS	320	0	76	23675
HS	319	0	77	23752
HS	318	0	84	23836
HS	317	0	84	23920
HS	316	0	86	24006
HS	315	0	75	24081
HS	314	0	77	24158
HS	313	0	79	24237
HS	312	0	88	24325
HS	311	0	108	24433
HS	310	0	101	24534
HS	309	0	100	24634
HS	308	0	104	24738
HS	307	0	99	24837
HS	306	0	97	24934
HS	305	0	99	25033
HS	304	0	107	25140
HS	303	0	108	25248
HS	302	0	129	25377
HS	301	0	128	25505
HS	300	0	132	25637
HS	299	0	117	25754
HS	298	0	131	25885
HS	297	0	137	26022
HS	296	0	140	26162
HS	295	0	132	26294
HS	294	0	143	26437
HS	293	0	144	26581
HS	292	0	126	26707
HS	291	0	151	26858
HS	290	0	196	27054
HS	289	0	158	27212
HS	288	0	167	27379
HS	287	0	206	27585
HS	286	0	195	27780
HS	285	0	212	27992
HS	284	0	209	28201
HS	283	0	209	28410
HS	282	0	248	28658
HS	281	0	233	28891
HS	280	0	257	29148
HS	279	0	277	29425
HS	278	0	311	29736
HS	277	0	254	29990
HS	276	0	289	30279
HS	275	0	289	30568
HS	274	0	353	30921
HS	273	0	365	31286
HS	272	0	383	31669
HS	271	0	397	32066
HS	270	0	434	32500
HS	269	0	414	32914
HS	268	0	448	33362
HS	267	0	431	33793
HS	266	0	461	34254
HS	265	0	456	34710
HS	264	0	475	35185
HS	263	0	531	35716
HS	262	0	539	36255
HS	261	0	558	36813
HS	260	0	605	37418
HS	259	0	629	38047
HS	258	0	590	38637
HS	257	0	673	39310
HS	256	0	726	40036
HS	255	0	730	40766
HS	254	0	770	41536
HS	253	0	782	42318
HS	252	0	803	43121
HS	251	0	884	44005
HS	250	0	918	44923
HS	249	0	970	45893
HS	248	0	974	46867
HS	247	0	997	47864
HS	246	0	995	48859
HS	245	0	1055	49914
HS	244	0	1106	51020
HS	243	0	1127	52147
HS	242	0	1188	53335
HS	241	0	1167	54502
HS	240	0	1210	55712
HS	239	0	1269	56981
HS	238	0	1311	58292
HS	237	0	1333	59625
HS	236	0	1366	60991
HS	235	0	1420	62411
HS	234	0	1512	63923
HS	233	0	1544	65467
HS	232	0	1465	66932
HS	231	0	1532	68464
HS	230	0	1561	70025
HS	229	0	1648	71673
HS	228	0	1714	73387
HS	227	0	1781	75168
HS	226	0	1757	76925
HS	225	0	1865	78790
HS	224	0	1966	80756
HS	223	0	2112	82868
HS	222	0	2200	85068
HS	221	0	2168	87236
HS	220	0	2300	89536
HS	219	0	2466	92002
HS	218	0	2577	94579
HS	217	0	2548	97127
HS	216	0	2651	99778
HS	215	0	2799	102577
HS	214	0	2875	105452
HS	213	0	2953	108405
HS	212	0	3020	111425
HS	211	0	3206	114631
HS	210	0	3283	117914
HS	209	0	3479	121393
HS	208	0	3605	124998
HS	207	0	3832	128830
HS	206	0	3906	132736
HS	205	0	4077	136813
HS	204	0	4067	140880
HS	203	0	4207	145087
HS	202	0	4387	149474
HS	201	0	4510	153984
HS	200	0	4617	158601
HS	199	0	4852	163453
HS	198	0	5106	168559
HS	197	0	5370	173929
HS	196	0	5375	179304
HS	195	0	5646	184950
HS	194	0	5976	190926
HS	193	0	6189	197115
HS	192	0	6346	203461
HS	191	0	6502	209963
HS	190	0	6897	216860
HS	189	0	7015	223875
HS	188	0	7241	231116
HS	187	0	7271	238387
HS	186	0	7580	245967
HS	185	0	7924	253891
HS	184	0	7945	261836
HS	183	0	8228	270064
HS	182	0	8547	278611
HS	181	0	8793	287404
HS	180	0	9019	296423
HS	179	0	9372	305795
HS	178	0	9681	315476
HS	177	0	10069	325545
HS	176	0	10172	335717
HS	175	0	10574	346291
HS	174	0	10782	357073
HS	173	0	11067	368140
HS	172	0	11477	379617
HS	171	0	11519	391136
HS	170	0	11999	403135
HS	169	0	12371	415506
HS	168	0	12540	428046
HS	167	0	13038	441084
HS	166	0	13118	454202
HS	165	0	13696	467898
HS	164	0	13916	481814
HS	163	0	14531	496345
HS	162	0	14629	510974
HS	161	0	15032	526006
HS	160	0	15476	541482
HS	159	0	15545	557027
HS	158	0	15830	572857
HS	157	0	16324	589181
HS	156	0	17024	606205
HS	155	0	17169	623374
HS	154	0	17321	640695
HS	153	0	17834	658529
HS	152	0	18470	676999
HS	151	0	19070	696069
HS	150	0	19082	715151
HS	149	0	19669	734820
HS	148	0	20551	755371
HS	147	0	20703	776074
HS	146	0	21295	797369
HS	145	0	22122	819491
HS	144	0	22847	842338
HS	143	0	23124	865462
HS	142	0	23961	889423
HS	141	0	24420	913843
HS	140	0	24598	938441
HS	139	0	24878	963319
HS	138	0	25911	989230
HS	137	0	26219	1015449
HS	136	0	27156	1042605
HS	135	0	26734	1069339
HS	134	0	27983	1097322
HS	133	0	28015	1125337
HS	132	0	28727	1154064
HS	131	0	29418	1183482
HS	130	0	30161	1213643
HS	129	0	30624	1244267
HS	128	0	31058	1275325
HS	127	0	31343	1306668
HS	126	0	32197	1338865
HS	125	0	33339	1372204
HS	124	0	33563	1405767
HS	123	0	33990	1439757
HS	122	0	34226	1473983
HS	121	0	34931	1508914
HS	120	0	34820	1543734
HS	119	0	35541	1579275
HS	118	0	36301	1615576
HS	117	0	36715	1652291
HS	116	0	37019	1689310
HS	115	0	37838	1727148
HS	114	0	38384	1765532
HS	113	0	38862	1804394
HS	112	0	39339	1843733
HS	111	0	39879	1883612
HS	110	0	40045	1923657
HS	109	0	41163	1964820
HS	108	0	41986	2006806
HS	107	0	42522	2049328
HS	106	0	42889	2092217
HS	105	0	43260	2135477
HS	104	0	43466	2178943
HS	103	0	43725	2222668
HS	102	0	44273	2266941
HS	101	0	45115	2312056
HS	100	0	45087	2357143
HS	99	0	45851	2402994
HS	98	0	46500	2449494
HS	97	0	46680	2496174
HS	96	0	46999	2543173
HS	95	0	47528	2590701
HS	94	0	48443	2639144
HS	93	0	48333	2687477
HS	92	0	48603	2736080
HS	91	0	48580	2784660
HS	90	0	49003	2833663
HS	89	0	48933	2882596
HS	88	0	49372	2931968
HS	87	0	49492	2981460
HS	86	0	49356	3030816
HS	85	0	49750	3080566
HS	84	0	49686	3130252
HS	83	0	49571	3179823
HS	82	0	49528	3229351
HS	81	0	49608	3278959
HS	80	0	50312	3329271
HS	79	0	49784	3379055
HS	78	0	50033	3429088
HS	77	0	49853	3478941
HS	76	0	49600	3528541
HS	75	0	49351	3577892
HS	74	0	49536	3627428
HS	73	0	49201	3676629
HS	72	0	49433	3726062
HS	71	0	48991	3775053
HS	70	0	48698	3823751
HS	69	0	48346	3872097
HS	68	0	47717	3919814
HS	67	0	47382	3967196
HS	66	0	47171	4014367
HS	65	0	47368	4061735
HS	64	0	46985	4108720
HS	63	0	46587	4155307
HS	62	0	46255	4201562
HS	61	0	45801	4247363
HS	60	0	45390	4292753
HS	59	0	45026	4337779
HS	58	0	44494	4382273
HS	57	0	44306	4426579
HS	56	0	43283	4469862
HS	55	0	42763	4512625
HS	54	0	41702	4554327
HS	53	0	41209	4595536
HS	52	0	40190	4635726
HS	51	0	39353	4675079
HS	50	0	38550	4713629
HS	49	0	37838	4751467
HS	48	0	36468	4787935
HS	47	0	36159	4824094
HS	46	0	34989	4859083
HS	45	0	33765	4892848
HS	44	0	32151	4924999
HS	43	0	31406	4956405
HS	42	0	30616	4987021
HS	41	0	29211	5016232
HS	40	0	27857	5044089
HS	39	0	26615	5070704
HS	38	0	24979	5095683
HS	37	0	23634	5119317
HS	36	0	22335	5141652
HS	35	0	20841	5162493
HS	34	0	18688	5181181
HS	33	0	17409	5198590
HS	32	0	16088	5214678
HS	31	0	15008	5229686
HS	30	0	14117	5243803
HS	29	0	12990	5256793
HS	28	0	11944	5268737
HS	27	0	11140	5279877
HS	26	0	10026	5289903
HS	25	0	9055	5298958
HS	24	0	8471	5307429
HS	23	0	7796	5315225
HS	22	0	7262	5322487
HS	21	0	7085	5329572
HS	20	0	7215	5336787
HS	19	0	7501	5344288
HS	18	0	7780	5352068
HS	17	0	8459	5360527
HS	16	0	9950	5370477
HS	15	0	11573	5382050
HS	14	0	13482	5395532
HS	13	0	16955	5412487
HS	12	0	21908	5434395
HS	11	0	28716	5463111
HS	10	0	38159	5501270
HS	9	0	52905	5554175
HS	8	0	73206	5627381
HS	7	0	106665	5734046
HS	6	0	160626	5894672
HS	5	0	262718	6157390
HS	4	0	486929	6644319
HS	3	0	1161485	7805804
HS	2	0	4657415	12463219
HS	1	0	0	12463219
HS	0	0	0	12463219
