CC	CT  kmer_occurrence    short_read_kmer_count  raw_input_kmer_count  adjusted_input_kmer_count
CC	FR  fpr_lower_bound    fpr_upper_bound
CC	ER  total_input_kmers  adjusted_error_kmers
CC	CV  coverage
CC	QV  raw_quality_value  adjusted_quality_value
CC
SQ	JAVIVO010000003.1	119772	119742	119742	99.00
SQ	JAVIVO010000002.1	395902	395872	395872	99.00
SQ	JAVIVO010000016.1	1144923	1144893	1144893	99.00
SQ	JAVIVO010000001.1	2438332	2438302	2438302	99.00
CT	1023	14754	22759	22759.000
CT	1022	15	39	39.000
CT	1021	11	48	48.000
CT	1020	8	29	29.000
CT	1019	9	25	25.000
CT	1018	9	34	34.000
CT	1017	9	34	34.000
CT	1016	10	25	25.000
CT	1015	12	48	48.000
CT	1014	5	8	8.000
CT	1013	8	23	23.000
CT	1012	7	23	23.000
CT	1011	9	23	23.000
CT	1010	9	15	15.000
CT	1009	3	0	0.000
CT	1008	5	9	9.000
CT	1007	9	29	29.000
CT	1006	11	35	35.000
CT	1005	9	34	34.000
CT	1004	11	24	24.000
CT	1003	13	39	39.000
CT	1002	7	15	15.000
CT	1001	6	10	10.000
CT	1000	6	10	10.000
CT	999	6	19	19.000
CT	998	5	20	20.000
CT	997	7	14	14.000
CT	996	6	10	10.000
CT	995	7	5	5.000
CT	994	8	15	15.000
CT	993	8	15	15.000
CT	992	7	15	15.000
CT	991	11	30	30.000
CT	990	12	29	29.000
CT	989	10	29	29.000
CT	988	10	19	19.000
CT	987	8	24	24.000
CT	986	11	24	24.000
CT	985	9	25	25.000
CT	984	6	9	9.000
CT	983	8	18	18.000
CT	982	8	20	20.000
CT	981	6	4	4.000
CT	980	4	17	17.000
CT	979	6	25	25.000
CT	978	8	10	10.000
CT	977	2	0	0.000
CT	976	7	4	4.000
CT	975	11	18	18.000
CT	974	9	5	5.000
CT	973	3	0	0.000
CT	972	10	0	0.000
CT	971	9	0	0.000
CT	970	2	4	4.000
CT	969	4	9	9.000
CT	968	8	0	0.000
CT	967	10	18	18.000
CT	966	7	0	0.000
CT	965	7	5	5.000
CT	964	9	0	0.000
CT	963	8	8	8.000
CT	962	4	5	5.000
CT	961	9	12	12.000
CT	960	6	13	13.000
CT	959	8	0	0.000
CT	958	8	0	0.000
CT	957	9	6	6.000
CT	956	7	0	0.000
CT	955	9	13	13.000
CT	954	12	21	21.000
CT	953	10	17	17.000
CT	952	7	10	10.000
CT	951	2	0	0.000
CT	950	3	0	0.000
CT	949	3	5	5.000
CT	948	5	0	0.000
CT	947	5	8	8.000
CT	946	8	13	13.000
CT	945	8	10	10.000
CT	944	11	0	0.000
CT	943	6	0	0.000
CT	942	8	9	9.000
CT	941	8	15	15.000
CT	940	10	18	18.000
CT	939	15	30	30.000
CT	938	9	23	23.000
CT	937	11	19	19.000
CT	936	10	3	3.000
CT	935	4	16	16.000
CT	934	12	11	11.000
CT	933	9	17	17.000
CT	932	10	6	6.000
CT	931	12	25	25.000
CT	930	2	5	5.000
CT	929	13	6	6.000
CT	928	11	6	6.000
CT	927	3	3	3.000
CT	926	7	3	3.000
CT	925	10	16	16.000
CT	924	10	14	14.000
CT	923	15	18	18.000
CT	922	3	0	0.000
CT	921	9	5	5.000
CT	920	8	20	20.000
CT	919	9	16	16.000
CT	918	7	6	6.000
CT	917	7	9	9.000
CT	916	10	11	11.000
CT	915	8	9	9.000
CT	914	8	19	19.000
CT	913	2	3	3.000
CT	912	8	8	8.000
CT	911	4	6	6.000
CT	910	5	0	0.000
CT	909	4	3	3.000
CT	908	7	0	0.000
CT	907	7	3	3.000
CT	906	5	5	5.000
CT	905	10	20	20.000
CT	904	7	3	3.000
CT	903	6	8	8.000
CT	902	9	11	11.000
CT	901	13	15	15.000
CT	900	11	14	14.000
CT	899	6	9	9.000
CT	898	11	8	8.000
CT	897	6	9	9.000
CT	896	9	11	11.000
CT	895	17	14	14.000
CT	894	10	8	8.000
CT	893	13	32	32.000
CT	892	8	9	9.000
CT	891	9	18	18.000
CT	890	19	32	32.000
CT	889	16	37	37.000
CT	888	15	27	27.000
CT	887	10	14	14.000
CT	886	10	19	19.000
CT	885	10	20	20.000
CT	884	15	24	24.000
CT	883	10	18	18.000
CT	882	12	18	18.000
CT	881	6	12	12.000
CT	880	11	27	27.000
CT	879	12	17	17.000
CT	878	8	6	6.000
CT	877	6	0	0.000
CT	876	14	32	32.000
CT	875	15	26	26.000
CT	874	14	23	23.000
CT	873	6	12	12.000
CT	872	9	18	18.000
CT	871	11	12	12.000
CT	870	15	26	26.000
CT	869	17	27	27.000
CT	868	10	15	15.000
CT	867	12	15	15.000
CT	866	11	9	9.000
CT	865	11	27	27.000
CT	864	15	21	21.000
CT	863	15	14	14.000
CT	862	14	9	9.000
CT	861	12	12	12.000
CT	860	12	12	12.000
CT	859	20	27	27.000
CT	858	13	8	8.000
CT	857	11	6	6.000
CT	856	16	29	29.000
CT	855	12	14	14.000
CT	854	15	12	12.000
CT	853	9	6	6.000
CT	852	12	15	15.000
CT	851	18	23	23.000
CT	850	7	9	9.000
CT	849	17	17	17.000
CT	848	22	36	36.000
CT	847	17	22	22.000
CT	846	20	31	31.000
CT	845	11	9	9.000
CT	844	13	11	11.000
CT	843	12	20	20.000
CT	842	16	38	38.000
CT	841	14	15	15.000
CT	840	16	26	26.000
CT	839	13	20	20.000
CT	838	15	18	18.000
CT	837	9	12	12.000
CT	836	9	20	20.000
CT	835	13	15	15.000
CT	834	15	30	30.000
CT	833	21	39	39.000
CT	832	19	33	33.000
CT	831	12	21	21.000
CT	830	12	17	17.000
CT	829	18	27	27.000
CT	828	17	17	17.000
CT	827	13	17	17.000
CT	826	17	30	30.000
CT	825	15	26	26.000
CT	824	10	15	15.000
CT	823	14	15	15.000
CT	822	17	31	31.000
CT	821	22	32	32.000
CT	820	17	24	24.000
CT	819	14	33	33.000
CT	818	16	21	21.000
CT	817	16	34	34.000
CT	816	14	23	23.000
CT	815	17	33	33.000
CT	814	14	21	21.000
CT	813	17	21	21.000
CT	812	14	24	24.000
CT	811	11	6	6.000
CT	810	10	12	12.000
CT	809	9	9	9.000
CT	808	14	12	12.000
CT	807	16	26	26.000
CT	806	4	6	6.000
CT	805	15	9	9.000
CT	804	4	6	6.000
CT	803	13	15	15.000
CT	802	9	20	20.000
CT	801	12	12	12.000
CT	800	16	18	18.000
CT	799	10	6	6.000
CT	798	11	17	17.000
CT	797	10	6	6.000
CT	796	12	9	9.000
CT	795	16	12	12.000
CT	794	13	5	5.000
CT	793	15	16	16.000
CT	792	15	20	20.000
CT	791	30	45	45.000
CT	790	20	18	18.000
CT	789	18	29	29.000
CT	788	12	12	12.000
CT	787	7	12	12.000
CT	786	23	30	30.000
CT	785	16	16	16.000
CT	784	16	33	33.000
CT	783	21	38	38.000
CT	782	13	20	20.000
CT	781	12	17	17.000
CT	780	20	31	31.000
CT	779	11	16	16.000
CT	778	9	13	13.000
CT	777	16	23	23.000
CT	776	18	23	23.000
CT	775	11	15	15.000
CT	774	12	14	14.000
CT	773	18	24	24.000
CT	772	13	27	27.000
CT	771	15	31	31.000
CT	770	23	50	50.000
CT	769	18	25	25.000
CT	768	17	33	33.000
CT	767	16	44	44.000
CT	766	9	9	9.000
CT	765	15	24	24.000
CT	764	11	15	15.000
CT	763	7	9	9.000
CT	762	23	35	35.000
CT	761	20	30	30.000
CT	760	14	13	13.000
CT	759	12	15	15.000
CT	758	17	32	32.000
CT	757	8	9	9.000
CT	756	18	27	27.000
CT	755	20	36	36.000
CT	754	30	31	31.000
CT	753	14	6	6.000
CT	752	16	27	27.000
CT	751	22	27	27.000
CT	750	16	18	18.000
CT	749	19	22	22.000
CT	748	20	34	34.000
CT	747	12	19	19.000
CT	746	12	19	19.000
CT	745	23	41	41.000
CT	744	18	18	18.000
CT	743	16	18	18.000
CT	742	23	30	30.000
CT	741	19	18	18.000
CT	740	20	27	27.000
CT	739	16	27	27.000
CT	738	17	33	33.000
CT	737	8	6	6.000
CT	736	18	29	29.000
CT	735	19	29	29.000
CT	734	16	24	24.000
CT	733	21	29	29.000
CT	732	20	32	32.000
CT	731	16	18	18.000
CT	730	21	37	37.000
CT	729	19	27	27.000
CT	728	13	9	9.000
CT	727	24	27	27.000
CT	726	26	42	42.000
CT	725	14	24	24.000
CT	724	17	25	25.000
CT	723	17	25	25.000
CT	722	19	23	23.000
CT	721	32	42	42.000
CT	720	19	27	27.000
CT	719	15	12	12.000
CT	718	30	42	42.000
CT	717	26	29	29.000
CT	716	21	42	42.000
CT	715	33	67	67.000
CT	714	23	30	30.000
CT	713	21	50	50.000
CT	712	28	48	48.000
CT	711	23	20	20.000
CT	710	16	23	23.000
CT	709	21	31	31.000
CT	708	22	28	28.000
CT	707	20	21	21.000
CT	706	15	20	20.000
CT	705	15	21	21.000
CT	704	19	15	15.000
CT	703	14	23	23.000
CT	702	16	25	25.000
CT	701	20	31	31.000
CT	700	19	19	19.000
CT	699	26	21	21.000
CT	698	22	34	34.000
CT	697	28	33	33.000
CT	696	11	17	17.000
CT	695	21	19	19.000
CT	694	26	21	21.000
CT	693	25	33	33.000
CT	692	31	41	41.000
CT	691	14	12	12.000
CT	690	22	23	23.000
CT	689	14	23	23.000
CT	688	14	20	20.000
CT	687	30	42	42.000
CT	686	25	29	29.000
CT	685	23	26	26.000
CT	684	20	23	23.000
CT	683	22	22	22.000
CT	682	13	18	18.000
CT	681	22	21	21.000
CT	680	28	21	21.000
CT	679	20	32	32.000
CT	678	25	29	29.000
CT	677	26	34	34.000
CT	676	24	29	29.000
CT	675	29	30	30.000
CT	674	26	32	32.000
CT	673	13	12	12.000
CT	672	17	16	16.000
CT	671	28	26	26.000
CT	670	15	15	15.000
CT	669	21	8	8.000
CT	668	16	6	6.000
CT	667	15	9	9.000
CT	666	15	16	16.000
CT	665	16	21	21.000
CT	664	16	11	11.000
CT	663	20	23	23.000
CT	662	25	39	39.000
CT	661	23	34	34.000
CT	660	17	9	9.000
CT	659	20	10	10.000
CT	658	21	33	33.000
CT	657	20	22	22.000
CT	656	22	29	29.000
CT	655	21	11	11.000
CT	654	18	28	28.000
CT	653	25	31	31.000
CT	652	16	14	14.000
CT	651	21	18	18.000
CT	650	23	32	32.000
CT	649	21	19	19.000
CT	648	11	9	9.000
CT	647	25	19	19.000
CT	646	22	13	13.000
CT	645	24	27	27.000
CT	644	23	29	29.000
CT	643	25	17	17.000
CT	642	17	17	17.000
CT	641	20	24	24.000
CT	640	24	18	18.000
CT	639	20	13	13.000
CT	638	16	10	10.000
CT	637	13	4	4.000
CT	636	19	15	15.000
CT	635	12	9	9.000
CT	634	22	7	7.000
CT	633	19	16	16.000
CT	632	19	6	6.000
CT	631	20	8	8.000
CT	630	25	20	20.000
CT	629	28	20	20.000
CT	628	18	24	24.000
CT	627	22	6	6.000
CT	626	26	12	12.000
CT	625	19	17	17.000
CT	624	22	10	10.000
CT	623	25	23	23.000
CT	622	20	20	20.000
CT	621	19	23	23.000
CT	620	29	26	26.000
CT	619	23	21	21.000
CT	618	21	17	17.000
CT	617	19	26	26.000
CT	616	21	24	24.000
CT	615	20	21	21.000
CT	614	20	11	11.000
CT	613	14	19	19.000
CT	612	19	19	19.000
CT	611	20	14	14.000
CT	610	13	14	14.000
CT	609	27	24	24.000
CT	608	17	15	15.000
CT	607	25	15	15.000
CT	606	14	11	11.000
CT	605	21	8	8.000
CT	604	15	15	15.000
CT	603	18	20	20.000
CT	602	25	21	21.000
CT	601	17	14	14.000
CT	600	22	9	9.000
CT	599	19	17	17.000
CT	598	24	7	7.000
CT	597	18	12	12.000
CT	596	28	31	31.000
CT	595	16	15	15.000
CT	594	23	18	18.000
CT	593	27	8	8.000
CT	592	31	26	26.000
CT	591	23	9	9.000
CT	590	27	19	19.000
CT	589	11	3	3.000
CT	588	22	17	17.000
CT	587	33	21	21.000
CT	586	20	14	14.000
CT	585	29	28	28.000
CT	584	27	28	28.000
CT	583	35	36	36.000
CT	582	38	28	28.000
CT	581	20	11	11.000
CT	580	26	23	23.000
CT	579	29	24	24.000
CT	578	36	48	48.000
CT	577	37	43	43.000
CT	576	25	32	32.000
CT	575	31	31	31.000
CT	574	38	53	53.000
CT	573	25	33	33.000
CT	572	32	43	43.000
CT	571	48	54	54.000
CT	570	35	20	20.000
CT	569	34	28	28.000
CT	568	33	49	49.000
CT	567	37	34	34.000
CT	566	49	56	56.000
CT	565	43	44	44.000
CT	564	46	54	54.000
CT	563	32	47	47.000
CT	562	32	48	48.000
CT	561	25	41	41.000
CT	560	39	46	46.000
CT	559	32	39	39.000
CT	558	38	62	62.000
CT	557	41	66	66.000
CT	556	35	41	41.000
CT	555	34	45	45.000
CT	554	35	54	54.000
CT	553	38	46	46.000
CT	552	39	42	42.000
CT	551	36	42	42.000
CT	550	49	59	59.000
CT	549	42	34	34.000
CT	548	28	18	18.000
CT	547	29	18	18.000
CT	546	32	33	33.000
CT	545	27	33	33.000
CT	544	32	26	26.000
CT	543	40	28	28.000
CT	542	42	47	47.000
CT	541	36	37	37.000
CT	540	25	13	13.000
CT	539	37	36	36.000
CT	538	36	32	32.000
CT	537	36	24	24.000
CT	536	37	44	44.000
CT	535	42	55	55.000
CT	534	39	46	46.000
CT	533	42	26	26.000
CT	532	39	33	33.000
CT	531	42	44	44.000
CT	530	40	24	24.000
CT	529	43	41	41.000
CT	528	44	63	63.000
CT	527	38	32	32.000
CT	526	46	53	53.000
CT	525	45	51	51.000
CT	524	44	60	60.000
CT	523	42	45	45.000
CT	522	50	46	46.000
CT	521	40	47	47.000
CT	520	44	33	33.000
CT	519	45	72	72.000
CT	518	45	55	55.000
CT	517	42	55	55.000
CT	516	51	55	55.000
CT	515	39	36	36.000
CT	514	55	54	54.000
CT	513	53	67	67.000
CT	512	57	80	80.000
CT	511	44	53	53.000
CT	510	55	46	46.000
CT	509	56	71	71.000
CT	508	52	56	56.000
CT	507	45	49	49.000
CT	506	64	79	79.000
CT	505	61	80	80.000
CT	504	54	58	58.000
CT	503	48	57	57.000
CT	502	43	42	42.000
CT	501	51	57	57.000
CT	500	55	49	49.000
CT	499	44	44	44.000
CT	498	47	50	50.000
CT	497	43	52	52.000
CT	496	45	62	62.000
CT	495	46	74	74.000
CT	494	53	46	46.000
CT	493	48	39	39.000
CT	492	43	37	37.000
CT	491	56	48	48.000
CT	490	57	54	54.000
CT	489	52	53	53.000
CT	488	44	34	34.000
CT	487	51	50	50.000
CT	486	61	60	60.000
CT	485	50	48	48.000
CT	484	73	80	80.000
CT	483	44	36	36.000
CT	482	40	23	23.000
CT	481	61	46	46.000
CT	480	47	42	42.000
CT	479	67	55	55.000
CT	478	63	80	80.000
CT	477	60	54	54.000
CT	476	52	57	57.000
CT	475	50	65	65.000
CT	474	45	31	31.000
CT	473	56	44	44.000
CT	472	52	39	39.000
CT	471	54	43	43.000
CT	470	43	33	33.000
CT	469	42	32	32.000
CT	468	49	40	40.000
CT	467	51	35	35.000
CT	466	67	50	50.000
CT	465	51	47	47.000
CT	464	57	51	51.000
CT	463	45	33	33.000
CT	462	62	60	60.000
CT	461	55	33	33.000
CT	460	48	51	51.000
CT	459	39	34	34.000
CT	458	56	39	39.000
CT	457	46	29	29.000
CT	456	51	39	39.000
CT	455	61	33	33.000
CT	454	65	59	59.000
CT	453	63	49	49.000
CT	452	58	38	38.000
CT	451	57	56	56.000
CT	450	65	42	42.000
CT	449	66	69	69.000
CT	448	67	63	63.000
CT	447	56	42	42.000
CT	446	71	53	53.000
CT	445	70	49	49.000
CT	444	62	47	47.000
CT	443	64	35	35.000
CT	442	72	45	45.000
CT	441	72	50	50.000
CT	440	84	70	70.000
CT	439	61	53	53.000
CT	438	63	68	68.000
CT	437	75	74	74.000
CT	436	99	83	83.000
CT	435	89	64	64.000
CT	434	79	72	72.000
CT	433	85	57	57.000
CT	432	100	93	93.000
CT	431	92	89	89.000
CT	430	88	83	83.000
CT	429	83	70	70.000
CT	428	84	77	77.000
CT	427	96	75	75.000
CT	426	87	79	79.000
CT	425	83	85	85.000
CT	424	92	82	82.000
CT	423	110	100	100.000
CT	422	96	75	75.000
CT	421	102	76	76.000
CT	420	98	87	87.000
CT	419	105	87	87.000
CT	418	97	76	76.000
CT	417	119	98	98.000
CT	416	140	140	140.000
CT	415	121	101	101.000
CT	414	95	83	83.000
CT	413	134	108	108.000
CT	412	133	108	108.000
CT	411	122	114	114.000
CT	410	104	92	92.000
CT	409	135	115	115.000
CT	408	126	105	105.000
CT	407	133	124	124.000
CT	406	147	137	137.000
CT	405	135	118	118.000
CT	404	136	105	105.000
CT	403	140	121	121.000
CT	402	158	138	138.000
CT	401	129	102	102.000
CT	400	155	135	135.000
CT	399	162	136	136.000
CT	398	165	142	142.000
CT	397	175	161	161.000
CT	396	139	121	121.000
CT	395	173	163	163.000
CT	394	165	167	167.000
CT	393	198	178	178.000
CT	392	177	137	137.000
CT	391	196	166	166.000
CT	390	177	153	153.000
CT	389	183	159	159.000
CT	388	209	195	195.000
CT	387	200	183	183.000
CT	386	245	230	230.000
CT	385	228	208	208.000
CT	384	230	217	217.000
CT	383	240	224	224.000
CT	382	247	237	237.000
CT	381	258	243	243.000
CT	380	277	264	264.000
CT	379	294	265	265.000
CT	378	295	271	271.000
CT	377	296	261	261.000
CT	376	313	287	287.000
CT	375	316	290	290.000
CT	374	314	290	290.000
CT	373	306	280	280.000
CT	372	337	309	309.000
CT	371	326	326	326.000
CT	370	364	334	334.000
CT	369	348	315	315.000
CT	368	411	368	368.000
CT	367	398	364	364.000
CT	366	385	366	366.000
CT	365	443	414	414.000
CT	364	421	379	379.000
CT	363	460	411	411.000
CT	362	494	444	444.000
CT	361	480	451	451.000
CT	360	486	440	440.000
CT	359	498	444	444.000
CT	358	528	479	479.000
CT	357	517	467	467.000
CT	356	517	487	487.000
CT	355	506	464	464.000
CT	354	553	530	530.000
CT	353	593	541	541.000
CT	352	606	567	567.000
CT	351	608	557	557.000
CT	350	618	577	577.000
CT	349	696	666	666.000
CT	348	677	635	635.000
CT	347	759	720	720.000
CT	346	733	688	688.000
CT	345	778	757	757.000
CT	344	782	748	748.000
CT	343	910	855	855.000
CT	342	898	862	862.000
CT	341	952	919	919.000
CT	340	909	856	856.000
CT	339	1000	952	952.000
CT	338	1017	973	973.000
CT	337	1104	1052	1052.000
CT	336	1105	1064	1064.000
CT	335	1059	1016	1016.000
CT	334	1139	1116	1116.000
CT	333	1157	1116	1116.000
CT	332	1163	1109	1109.000
CT	331	1204	1148	1148.000
CT	330	1245	1195	1195.000
CT	329	1285	1229	1229.000
CT	328	1328	1254	1254.000
CT	327	1343	1282	1282.000
CT	326	1373	1316	1316.000
CT	325	1472	1434	1434.000
CT	324	1483	1432	1432.000
CT	323	1520	1459	1459.000
CT	322	1694	1651	1651.000
CT	321	1753	1725	1725.000
CT	320	1800	1743	1743.000
CT	319	1806	1772	1772.000
CT	318	1793	1723	1723.000
CT	317	1850	1805	1805.000
CT	316	1899	1859	1859.000
CT	315	2043	2002	2002.000
CT	314	2055	2015	2015.000
CT	313	2173	2137	2137.000
CT	312	2187	2141	2141.000
CT	311	2330	2317	2317.000
CT	310	2410	2379	2379.000
CT	309	2537	2501	2501.000
CT	308	2639	2603	2603.000
CT	307	2568	2555	2555.000
CT	306	2750	2692	2692.000
CT	305	2883	2843	2843.000
CT	304	3016	2990	2990.000
CT	303	3066	3000	3000.000
CT	302	3187	3136	3136.000
CT	301	3335	3276	3276.000
CT	300	3387	3332	3332.000
CT	299	3410	3348	3348.000
CT	298	3552	3492	3492.000
CT	297	3632	3558	3558.000
CT	296	3744	3682	3682.000
CT	295	3976	3881	3881.000
CT	294	4132	4039	4039.000
CT	293	4187	4118	4118.000
CT	292	4159	4093	4093.000
CT	291	4451	4361	4361.000
CT	290	4563	4485	4485.000
CT	289	4714	4623	4623.000
CT	288	4932	4851	4851.000
CT	287	4918	4839	4839.000
CT	286	4965	4872	4872.000
CT	285	5268	5195	5195.000
CT	284	5632	5534	5534.000
CT	283	5589	5513	5513.000
CT	282	5692	5615	5615.000
CT	281	5882	5768	5768.000
CT	280	6218	6116	6116.000
CT	279	6336	6239	6239.000
CT	278	6604	6497	6497.000
CT	277	6819	6711	6711.000
CT	276	6843	6736	6736.000
CT	275	7040	6929	6929.000
CT	274	7204	7123	7123.000
CT	273	7647	7543	7543.000
CT	272	7763	7632	7632.000
CT	271	8087	8005	8005.000
CT	270	8384	8287	8287.000
CT	269	8459	8336	8336.000
CT	268	8893	8776	8776.000
CT	267	9237	9111	9111.000
CT	266	9446	9322	9322.000
CT	265	9807	9659	9659.000
CT	264	9943	9826	9826.000
CT	263	10065	9936	9936.000
CT	262	10581	10462	10462.000
CT	261	10748	10615	10615.000
CT	260	10879	10755	10755.000
CT	259	11148	10982	10982.000
CT	258	11603	11474	11474.000
CT	257	11756	11624	11624.000
CT	256	12309	12162	12162.000
CT	255	12599	12469	12469.000
CT	254	12844	12693	12693.000
CT	253	13333	13195	13195.000
CT	252	13399	13267	13267.000
CT	251	13861	13726	13726.000
CT	250	14529	14366	14366.000
CT	249	14780	14615	14615.000
CT	248	14931	14786	14786.000
CT	247	15254	15085	15085.000
CT	246	15861	15699	15699.000
CT	245	15922	15767	15767.000
CT	244	16293	16144	16144.000
CT	243	16876	16714	16714.000
CT	242	17156	17000	17000.000
CT	241	17622	17464	17464.000
CT	240	18029	17875	17875.000
CT	239	18373	18217	18217.000
CT	238	18639	18480	18480.000
CT	237	19172	19026	19026.000
CT	236	19548	19375	19375.000
CT	235	19722	19555	19555.000
CT	234	20229	20043	20043.000
CT	233	20692	20512	20512.000
CT	232	21014	20841	20841.000
CT	231	21585	21418	21418.000
CT	230	22480	22300	22300.000
CT	229	22495	22316	22316.000
CT	228	22930	22732	22732.000
CT	227	23163	22935	22935.000
CT	226	23499	23263	23263.000
CT	225	23928	23731	23731.000
CT	224	24559	24332	24332.000
CT	223	24824	24599	24599.000
CT	222	25037	24833	24833.000
CT	221	25992	25759	25759.000
CT	220	26024	25780	25780.000
CT	219	26718	26465	26465.000
CT	218	27177	26938	26938.000
CT	217	27059	26819	26819.000
CT	216	27870	27634	27634.000
CT	215	27975	27745	27745.000
CT	214	28814	28582	28582.000
CT	213	28914	28687	28687.000
CT	212	29261	29028	29028.000
CT	211	29092	28842	28842.000
CT	210	29583	29313	29313.000
CT	209	29951	29702	29702.000
CT	208	30089	29820	29820.000
CT	207	30336	30095	30095.000
CT	206	30670	30419	30419.000
CT	205	31230	30953	30953.000
CT	204	31646	31386	31386.000
CT	203	31998	31738	31738.000
CT	202	32427	32122	32122.000
CT	201	31956	31666	31666.000
CT	200	33084	32789	32789.000
CT	199	33455	33172	33172.000
CT	198	33248	32951	32951.000
CT	197	33900	33598	33598.000
CT	196	33809	33511	33511.000
CT	195	34030	33716	33716.000
CT	194	34424	34087	34087.000
CT	193	34439	34090	34090.000
CT	192	34476	34144	34144.000
CT	191	34438	34117	34117.000
CT	190	34768	34421	34421.000
CT	189	34690	34344	34344.000
CT	188	34972	34609	34609.000
CT	187	34518	34205	34205.000
CT	186	34412	34049	34049.000
CT	185	34626	34319	34319.000
CT	184	34449	34097	34097.000
CT	183	34484	34084	34084.000
CT	182	34008	33629	33629.000
CT	181	34215	33806	33806.000
CT	180	34092	33703	33703.000
CT	179	33913	33489	33489.000
CT	178	33646	33214	33214.000
CT	177	33689	33308	33308.000
CT	176	33570	33151	33151.000
CT	175	33221	32806	32806.000
CT	174	33282	32830	32830.000
CT	173	33291	32839	32839.000
CT	172	32970	32573	32573.000
CT	171	32466	32029	32029.000
CT	170	32361	31924	31924.000
CT	169	32219	31762	31762.000
CT	168	32314	31868	31868.000
CT	167	31838	31399	31399.000
CT	166	31697	31210	31210.000
CT	165	31085	30653	30653.000
CT	164	31037	30554	30554.000
CT	163	30403	29935	29935.000
CT	162	30481	29996	29996.000
CT	161	29913	29439	29439.000
CT	160	29371	28868	28868.000
CT	159	29043	28524	28524.000
CT	158	28461	27926	27926.000
CT	157	27989	27500	27500.000
CT	156	27572	27056	27056.000
CT	155	26812	26285	26285.000
CT	154	26674	26132	26132.000
CT	153	26288	25775	25775.000
CT	152	25825	25306	25306.000
CT	151	25374	24846	24846.000
CT	150	25307	24747	24747.000
CT	149	24677	24092	24092.000
CT	148	24670	24089	24089.000
CT	147	23699	23139	23139.000
CT	146	23142	22512	22512.000
CT	145	22914	22298	22298.000
CT	144	21975	21359	21359.000
CT	143	21401	20771	20771.000
CT	142	20993	20356	20356.000
CT	141	20502	19862	19862.000
CT	140	20221	19565	19565.000
CT	139	19660	19008	19008.000
CT	138	19162	18454	18454.000
CT	137	18657	17932	17932.000
CT	136	18243	17512	17512.000
CT	135	17702	16953	16953.000
CT	134	17483	16745	16745.000
CT	133	16923	16154	16154.000
CT	132	16613	15813	15813.000
CT	131	16331	15489	15489.000
CT	130	16150	15357	15357.000
CT	129	15673	14816	14816.000
CT	128	15002	14203	14203.000
CT	127	14706	13934	13934.000
CT	126	14267	13502	13502.000
CT	125	13748	12933	12933.000
CT	124	13522	12710	12710.000
CT	123	12904	12067	12067.000
CT	122	12639	11826	11826.000
CT	121	12163	11318	11318.000
CT	120	11858	11010	11010.000
CT	119	11441	10549	10549.000
CT	118	11172	10307	10307.000
CT	117	10810	9872	9872.000
CT	116	10318	9426	9426.000
CT	115	10398	9365	9365.000
CT	114	9974	8923	8923.000
CT	113	9512	8493	8493.000
CT	112	9371	8335	8335.000
CT	111	9083	8019	8019.000
CT	110	8949	7902	7902.000
CT	109	8692	7647	7647.000
CT	108	8535	7420	7420.000
CT	107	8227	7011	7011.000
CT	106	7937	6785	6785.000
CT	105	7789	6618	6618.000
CT	104	7572	6375	6375.000
CT	103	7355	6149	6149.000
CT	102	7238	5985	5985.000
CT	101	7055	5768	5768.000
CT	100	7006	5679	5679.000
CT	99	6838	5503	5503.000
CT	98	6660	5311	5311.000
CT	97	6561	5173	5173.000
CT	96	6546	5142	5142.000
CT	95	6418	5018	5018.000
CT	94	6199	4743	4743.000
CT	93	6134	4705	4705.000
CT	92	6038	4510	4510.000
CT	91	5905	4374	4374.000
CT	90	5814	4289	4289.000
CT	89	5672	4067	4067.000
CT	88	5438	3828	3828.000
CT	87	5212	3587	3587.000
CT	86	5175	3486	3486.000
CT	85	5136	3386	3386.000
CT	84	5070	3319	3319.000
CT	83	4923	3062	3062.000
CT	82	4950	2993	2993.000
CT	81	4845	2918	2918.000
CT	80	4807	2805	2805.000
CT	79	4671	2582	2582.000
CT	78	4688	2523	2523.000
CT	77	4550	2426	2426.000
CT	76	4696	2413	2413.000
CT	75	4690	2330	2330.000
CT	74	4587	2273	2273.000
CT	73	4591	2078	2078.000
CT	72	4574	2045	2045.000
CT	71	4433	1801	1801.000
CT	70	4382	1836	1836.000
CT	69	4412	1733	1733.000
CT	68	4472	1754	1754.000
CT	67	4516	1717	1717.000
CT	66	4413	1584	1584.000
CT	65	4423	1473	1473.000
CT	64	4384	1414	1414.000
CT	63	4356	1293	1293.000
CT	62	4608	1319	1319.000
CT	61	4564	1319	1319.000
CT	60	4686	1226	1226.000
CT	59	4616	1166	1166.000
CT	58	4701	981	981.000
CT	57	4654	983	983.000
CT	56	4718	888	888.000
CT	55	4711	821	821.000
CT	54	4688	694	694.000
CT	53	4676	610	610.000
CT	52	4791	579	579.000
CT	51	4880	508	508.000
CT	50	4929	492	492.000
CT	49	5305	440	440.000
CT	48	5364	432	432.000
CT	47	5456	338	338.000
CT	46	5640	375	375.000
CT	45	5557	337	337.000
CT	44	5837	321	321.000
CT	43	6022	280	280.000
CT	42	6042	264	264.000
CT	41	6274	203	203.000
CT	40	6480	223	223.000
CT	39	6828	197	197.000
CT	38	7066	218	218.000
CT	37	7430	211	211.000
CT	36	7794	166	166.000
CT	35	8103	148	148.000
CT	34	8688	136	136.000
CT	33	9279	142	142.000
CT	32	9756	112	112.000
CT	31	10163	100	100.000
CT	30	10759	101	101.000
CT	29	11695	85	85.000
CT	28	12660	79	79.000
CT	27	13176	76	76.000
CT	26	14607	50	50.000
CT	25	15832	37	37.000
CT	24	16873	30	30.000
CT	23	18659	41	41.000
CT	22	20441	55	55.000
CT	21	23438	24	24.000
CT	20	26273	7	7.000
CT	19	29465	9	9.000
CT	18	33446	16	16.000
CT	17	37950	13	13.000
CT	16	43407	15	15.000
CT	15	51037	2	2.000
CT	14	60514	0	0.000
CT	13	73484	3	3.000
CT	12	88903	0	0.000
CT	11	111383	0	0.000
CT	10	142218	0	0.000
CT	9	193273	12	12.000
CT	8	275855	8	8.000
CT	7	427157	3	3.000
CT	6	706936	0	0.000
CT	5	1249956	0	0.000
CT	4	2398707	0	0.000
CT	3	5133336	0	0.000
CT	2	14670133	0	0.000
CT	1	0	0	-nan
CT	0	0	0	-nan
FR	0	0
ER	4098809	0.000
CV	0.990
QV	inf	inf
