HS	1023	0	14754	14754
HS	1022	0	15	14769
HS	1021	0	11	14780
HS	1020	0	8	14788
HS	1019	0	9	14797
HS	1018	0	9	14806
HS	1017	0	9	14815
HS	1016	0	10	14825
HS	1015	0	12	14837
HS	1014	0	5	14842
HS	1013	0	8	14850
HS	1012	0	7	14857
HS	1011	0	9	14866
HS	1010	0	9	14875
HS	1009	0	3	14878
HS	1008	0	5	14883
HS	1007	0	9	14892
HS	1006	0	11	14903
HS	1005	0	9	14912
HS	1004	0	11	14923
HS	1003	0	13	14936
HS	1002	0	7	14943
HS	1001	0	6	14949
HS	1000	0	6	14955
HS	999	0	6	14961
HS	998	0	5	14966
HS	997	0	7	14973
HS	996	0	6	14979
HS	995	0	7	14986
HS	994	0	8	14994
HS	993	0	8	15002
HS	992	0	7	15009
HS	991	0	11	15020
HS	990	0	12	15032
HS	989	0	10	15042
HS	988	0	10	15052
HS	987	0	8	15060
HS	986	0	11	15071
HS	985	0	9	15080
HS	984	0	6	15086
HS	983	0	8	15094
HS	982	0	8	15102
HS	981	0	6	15108
HS	980	0	4	15112
HS	979	0	6	15118
HS	978	0	8	15126
HS	977	0	2	15128
HS	976	0	7	15135
HS	975	0	11	15146
HS	974	0	9	15155
HS	973	0	3	15158
HS	972	0	10	15168
HS	971	0	9	15177
HS	970	0	2	15179
HS	969	0	4	15183
HS	968	0	8	15191
HS	967	0	10	15201
HS	966	0	7	15208
HS	965	0	7	15215
HS	964	0	9	15224
HS	963	0	8	15232
HS	962	0	4	15236
HS	961	0	9	15245
HS	960	0	6	15251
HS	959	0	8	15259
HS	958	0	8	15267
HS	957	0	9	15276
HS	956	0	7	15283
HS	955	0	9	15292
HS	954	0	12	15304
HS	953	0	10	15314
HS	952	0	7	15321
HS	951	0	2	15323
HS	950	0	3	15326
HS	949	0	3	15329
HS	948	0	5	15334
HS	947	0	5	15339
HS	946	0	8	15347
HS	945	0	8	15355
HS	944	0	11	15366
HS	943	0	6	15372
HS	942	0	8	15380
HS	941	0	8	15388
HS	940	0	10	15398
HS	939	0	15	15413
HS	938	0	9	15422
HS	937	0	11	15433
HS	936	0	10	15443
HS	935	0	4	15447
HS	934	0	12	15459
HS	933	0	9	15468
HS	932	0	10	15478
HS	931	0	12	15490
HS	930	0	2	15492
HS	929	0	13	15505
HS	928	0	11	15516
HS	927	0	3	15519
HS	926	0	7	15526
HS	925	0	10	15536
HS	924	0	10	15546
HS	923	0	15	15561
HS	922	0	3	15564
HS	921	0	9	15573
HS	920	0	8	15581
HS	919	0	9	15590
HS	918	0	7	15597
HS	917	0	7	15604
HS	916	0	10	15614
HS	915	0	8	15622
HS	914	0	8	15630
HS	913	0	2	15632
HS	912	0	8	15640
HS	911	0	4	15644
HS	910	0	5	15649
HS	909	0	4	15653
HS	908	0	7	15660
HS	907	0	7	15667
HS	906	0	5	15672
HS	905	0	10	15682
HS	904	0	7	15689
HS	903	0	6	15695
HS	902	0	9	15704
HS	901	0	13	15717
HS	900	0	11	15728
HS	899	0	6	15734
HS	898	0	11	15745
HS	897	0	6	15751
HS	896	0	9	15760
HS	895	0	17	15777
HS	894	0	10	15787
HS	893	0	13	15800
HS	892	0	8	15808
HS	891	0	9	15817
HS	890	0	19	15836
HS	889	0	16	15852
HS	888	0	15	15867
HS	887	0	10	15877
HS	886	0	10	15887
HS	885	0	10	15897
HS	884	0	15	15912
HS	883	0	10	15922
HS	882	0	12	15934
HS	881	0	6	15940
HS	880	0	11	15951
HS	879	0	12	15963
HS	878	0	8	15971
HS	877	0	6	15977
HS	876	0	14	15991
HS	875	0	15	16006
HS	874	0	14	16020
HS	873	0	6	16026
HS	872	0	9	16035
HS	871	0	11	16046
HS	870	0	15	16061
HS	869	0	17	16078
HS	868	0	10	16088
HS	867	0	12	16100
HS	866	0	11	16111
HS	865	0	11	16122
HS	864	0	15	16137
HS	863	0	15	16152
HS	862	0	14	16166
HS	861	0	12	16178
HS	860	0	12	16190
HS	859	0	20	16210
HS	858	0	13	16223
HS	857	0	11	16234
HS	856	0	16	16250
HS	855	0	12	16262
HS	854	0	15	16277
HS	853	0	9	16286
HS	852	0	12	16298
HS	851	0	18	16316
HS	850	0	7	16323
HS	849	0	17	16340
HS	848	0	22	16362
HS	847	0	17	16379
HS	846	0	20	16399
HS	845	0	11	16410
HS	844	0	13	16423
HS	843	0	12	16435
HS	842	0	16	16451
HS	841	0	14	16465
HS	840	0	16	16481
HS	839	0	13	16494
HS	838	0	15	16509
HS	837	0	9	16518
HS	836	0	9	16527
HS	835	0	13	16540
HS	834	0	15	16555
HS	833	0	21	16576
HS	832	0	19	16595
HS	831	0	12	16607
HS	830	0	12	16619
HS	829	0	18	16637
HS	828	0	17	16654
HS	827	0	13	16667
HS	826	0	17	16684
HS	825	0	15	16699
HS	824	0	10	16709
HS	823	0	14	16723
HS	822	0	17	16740
HS	821	0	22	16762
HS	820	0	17	16779
HS	819	0	14	16793
HS	818	0	16	16809
HS	817	0	16	16825
HS	816	0	14	16839
HS	815	0	17	16856
HS	814	0	14	16870
HS	813	0	17	16887
HS	812	0	14	16901
HS	811	0	11	16912
HS	810	0	10	16922
HS	809	0	9	16931
HS	808	0	14	16945
HS	807	0	16	16961
HS	806	0	4	16965
HS	805	0	15	16980
HS	804	0	4	16984
HS	803	0	13	16997
HS	802	0	9	17006
HS	801	0	12	17018
HS	800	0	16	17034
HS	799	0	10	17044
HS	798	0	11	17055
HS	797	0	10	17065
HS	796	0	12	17077
HS	795	0	16	17093
HS	794	0	13	17106
HS	793	0	15	17121
HS	792	0	15	17136
HS	791	0	30	17166
HS	790	0	20	17186
HS	789	0	18	17204
HS	788	0	12	17216
HS	787	0	7	17223
HS	786	0	23	17246
HS	785	0	16	17262
HS	784	0	16	17278
HS	783	0	21	17299
HS	782	0	13	17312
HS	781	0	12	17324
HS	780	0	20	17344
HS	779	0	11	17355
HS	778	0	9	17364
HS	777	0	16	17380
HS	776	0	18	17398
HS	775	0	11	17409
HS	774	0	12	17421
HS	773	0	18	17439
HS	772	0	13	17452
HS	771	0	15	17467
HS	770	0	23	17490
HS	769	0	18	17508
HS	768	0	17	17525
HS	767	0	16	17541
HS	766	0	9	17550
HS	765	0	15	17565
HS	764	0	11	17576
HS	763	0	7	17583
HS	762	0	23	17606
HS	761	0	20	17626
HS	760	0	14	17640
HS	759	0	12	17652
HS	758	0	17	17669
HS	757	0	8	17677
HS	756	0	18	17695
HS	755	0	20	17715
HS	754	0	30	17745
HS	753	0	14	17759
HS	752	0	16	17775
HS	751	0	22	17797
HS	750	0	16	17813
HS	749	0	19	17832
HS	748	0	20	17852
HS	747	0	12	17864
HS	746	0	12	17876
HS	745	0	23	17899
HS	744	0	18	17917
HS	743	0	16	17933
HS	742	0	23	17956
HS	741	0	19	17975
HS	740	0	20	17995
HS	739	0	16	18011
HS	738	0	17	18028
HS	737	0	8	18036
HS	736	0	18	18054
HS	735	0	19	18073
HS	734	0	16	18089
HS	733	0	21	18110
HS	732	0	20	18130
HS	731	0	16	18146
HS	730	0	21	18167
HS	729	0	19	18186
HS	728	0	13	18199
HS	727	0	24	18223
HS	726	0	26	18249
HS	725	0	14	18263
HS	724	0	17	18280
HS	723	0	17	18297
HS	722	0	19	18316
HS	721	0	32	18348
HS	720	0	19	18367
HS	719	0	15	18382
HS	718	0	30	18412
HS	717	0	26	18438
HS	716	0	21	18459
HS	715	0	33	18492
HS	714	0	23	18515
HS	713	0	21	18536
HS	712	0	28	18564
HS	711	0	23	18587
HS	710	0	16	18603
HS	709	0	21	18624
HS	708	0	22	18646
HS	707	0	20	18666
HS	706	0	15	18681
HS	705	0	15	18696
HS	704	0	19	18715
HS	703	0	14	18729
HS	702	0	16	18745
HS	701	0	20	18765
HS	700	0	19	18784
HS	699	0	26	18810
HS	698	0	22	18832
HS	697	0	28	18860
HS	696	0	11	18871
HS	695	0	21	18892
HS	694	0	26	18918
HS	693	0	25	18943
HS	692	0	31	18974
HS	691	0	14	18988
HS	690	0	22	19010
HS	689	0	14	19024
HS	688	0	14	19038
HS	687	0	30	19068
HS	686	0	25	19093
HS	685	0	23	19116
HS	684	0	20	19136
HS	683	0	22	19158
HS	682	0	13	19171
HS	681	0	22	19193
HS	680	0	28	19221
HS	679	0	20	19241
HS	678	0	25	19266
HS	677	0	26	19292
HS	676	0	24	19316
HS	675	0	29	19345
HS	674	0	26	19371
HS	673	0	13	19384
HS	672	0	17	19401
HS	671	0	28	19429
HS	670	0	15	19444
HS	669	0	21	19465
HS	668	0	16	19481
HS	667	0	15	19496
HS	666	0	15	19511
HS	665	0	16	19527
HS	664	0	16	19543
HS	663	0	20	19563
HS	662	0	25	19588
HS	661	0	23	19611
HS	660	0	17	19628
HS	659	0	20	19648
HS	658	0	21	19669
HS	657	0	20	19689
HS	656	0	22	19711
HS	655	0	21	19732
HS	654	0	18	19750
HS	653	0	25	19775
HS	652	0	16	19791
HS	651	0	21	19812
HS	650	0	23	19835
HS	649	0	21	19856
HS	648	0	11	19867
HS	647	0	25	19892
HS	646	0	22	19914
HS	645	0	24	19938
HS	644	0	23	19961
HS	643	0	25	19986
HS	642	0	17	20003
HS	641	0	20	20023
HS	640	0	24	20047
HS	639	0	20	20067
HS	638	0	16	20083
HS	637	0	13	20096
HS	636	0	19	20115
HS	635	0	12	20127
HS	634	0	22	20149
HS	633	0	19	20168
HS	632	0	19	20187
HS	631	0	20	20207
HS	630	0	25	20232
HS	629	0	28	20260
HS	628	0	18	20278
HS	627	0	22	20300
HS	626	0	26	20326
HS	625	0	19	20345
HS	624	0	22	20367
HS	623	0	25	20392
HS	622	0	20	20412
HS	621	0	19	20431
HS	620	0	29	20460
HS	619	0	23	20483
HS	618	0	21	20504
HS	617	0	19	20523
HS	616	0	21	20544
HS	615	0	20	20564
HS	614	0	20	20584
HS	613	0	14	20598
HS	612	0	19	20617
HS	611	0	20	20637
HS	610	0	13	20650
HS	609	0	27	20677
HS	608	0	17	20694
HS	607	0	25	20719
HS	606	0	14	20733
HS	605	0	21	20754
HS	604	0	15	20769
HS	603	0	18	20787
HS	602	0	25	20812
HS	601	0	17	20829
HS	600	0	22	20851
HS	599	0	19	20870
HS	598	0	24	20894
HS	597	0	18	20912
HS	596	0	28	20940
HS	595	0	16	20956
HS	594	0	23	20979
HS	593	0	27	21006
HS	592	0	31	21037
HS	591	0	23	21060
HS	590	0	27	21087
HS	589	0	11	21098
HS	588	0	22	21120
HS	587	0	33	21153
HS	586	0	20	21173
HS	585	0	29	21202
HS	584	0	27	21229
HS	583	0	35	21264
HS	582	0	38	21302
HS	581	0	20	21322
HS	580	0	26	21348
HS	579	0	29	21377
HS	578	0	36	21413
HS	577	0	37	21450
HS	576	0	25	21475
HS	575	0	31	21506
HS	574	0	38	21544
HS	573	0	25	21569
HS	572	0	32	21601
HS	571	0	48	21649
HS	570	0	35	21684
HS	569	0	34	21718
HS	568	0	33	21751
HS	567	0	37	21788
HS	566	0	49	21837
HS	565	0	43	21880
HS	564	0	46	21926
HS	563	0	32	21958
HS	562	0	32	21990
HS	561	0	25	22015
HS	560	0	39	22054
HS	559	0	32	22086
HS	558	0	38	22124
HS	557	0	41	22165
HS	556	0	35	22200
HS	555	0	34	22234
HS	554	0	35	22269
HS	553	0	38	22307
HS	552	0	39	22346
HS	551	0	36	22382
HS	550	0	49	22431
HS	549	0	42	22473
HS	548	0	28	22501
HS	547	0	29	22530
HS	546	0	32	22562
HS	545	0	27	22589
HS	544	0	32	22621
HS	543	0	40	22661
HS	542	0	42	22703
HS	541	0	36	22739
HS	540	0	25	22764
HS	539	0	37	22801
HS	538	0	36	22837
HS	537	0	36	22873
HS	536	0	37	22910
HS	535	0	42	22952
HS	534	0	39	22991
HS	533	0	42	23033
HS	532	0	39	23072
HS	531	0	42	23114
HS	530	0	40	23154
HS	529	0	43	23197
HS	528	0	44	23241
HS	527	0	38	23279
HS	526	0	46	23325
HS	525	0	45	23370
HS	524	0	44	23414
HS	523	0	42	23456
HS	522	0	50	23506
HS	521	0	40	23546
HS	520	0	44	23590
HS	519	0	45	23635
HS	518	0	45	23680
HS	517	0	42	23722
HS	516	0	51	23773
HS	515	0	39	23812
HS	514	0	55	23867
HS	513	0	53	23920
HS	512	0	57	23977
HS	511	0	44	24021
HS	510	0	55	24076
HS	509	0	56	24132
HS	508	0	52	24184
HS	507	0	45	24229
HS	506	0	64	24293
HS	505	0	61	24354
HS	504	0	54	24408
HS	503	0	48	24456
HS	502	0	43	24499
HS	501	0	51	24550
HS	500	0	55	24605
HS	499	0	44	24649
HS	498	0	47	24696
HS	497	0	43	24739
HS	496	0	45	24784
HS	495	0	46	24830
HS	494	0	53	24883
HS	493	0	48	24931
HS	492	0	43	24974
HS	491	0	56	25030
HS	490	0	57	25087
HS	489	0	52	25139
HS	488	0	44	25183
HS	487	0	51	25234
HS	486	0	61	25295
HS	485	0	50	25345
HS	484	0	73	25418
HS	483	0	44	25462
HS	482	0	40	25502
HS	481	0	61	25563
HS	480	0	47	25610
HS	479	0	67	25677
HS	478	0	63	25740
HS	477	0	60	25800
HS	476	0	52	25852
HS	475	0	50	25902
HS	474	0	45	25947
HS	473	0	56	26003
HS	472	0	52	26055
HS	471	0	54	26109
HS	470	0	43	26152
HS	469	0	42	26194
HS	468	0	49	26243
HS	467	0	51	26294
HS	466	0	67	26361
HS	465	0	51	26412
HS	464	0	57	26469
HS	463	0	45	26514
HS	462	0	62	26576
HS	461	0	55	26631
HS	460	0	48	26679
HS	459	0	39	26718
HS	458	0	56	26774
HS	457	0	46	26820
HS	456	0	51	26871
HS	455	0	61	26932
HS	454	0	65	26997
HS	453	0	63	27060
HS	452	0	58	27118
HS	451	0	57	27175
HS	450	0	65	27240
HS	449	0	66	27306
HS	448	0	67	27373
HS	447	0	56	27429
HS	446	0	71	27500
HS	445	0	70	27570
HS	444	0	62	27632
HS	443	0	64	27696
HS	442	0	72	27768
HS	441	0	72	27840
HS	440	0	84	27924
HS	439	0	61	27985
HS	438	0	63	28048
HS	437	0	75	28123
HS	436	0	99	28222
HS	435	0	89	28311
HS	434	0	79	28390
HS	433	0	85	28475
HS	432	0	100	28575
HS	431	0	92	28667
HS	430	0	88	28755
HS	429	0	83	28838
HS	428	0	84	28922
HS	427	0	96	29018
HS	426	0	87	29105
HS	425	0	83	29188
HS	424	0	92	29280
HS	423	0	110	29390
HS	422	0	96	29486
HS	421	0	102	29588
HS	420	0	98	29686
HS	419	0	105	29791
HS	418	0	97	29888
HS	417	0	119	30007
HS	416	0	140	30147
HS	415	0	121	30268
HS	414	0	95	30363
HS	413	0	134	30497
HS	412	0	133	30630
HS	411	0	122	30752
HS	410	0	104	30856
HS	409	0	135	30991
HS	408	0	126	31117
HS	407	0	133	31250
HS	406	0	147	31397
HS	405	0	135	31532
HS	404	0	136	31668
HS	403	0	140	31808
HS	402	0	158	31966
HS	401	0	129	32095
HS	400	0	155	32250
HS	399	0	162	32412
HS	398	0	165	32577
HS	397	0	175	32752
HS	396	0	139	32891
HS	395	0	173	33064
HS	394	0	165	33229
HS	393	0	198	33427
HS	392	0	177	33604
HS	391	0	196	33800
HS	390	0	177	33977
HS	389	0	183	34160
HS	388	0	209	34369
HS	387	0	200	34569
HS	386	0	245	34814
HS	385	0	228	35042
HS	384	0	230	35272
HS	383	0	240	35512
HS	382	0	247	35759
HS	381	0	258	36017
HS	380	0	277	36294
HS	379	0	294	36588
HS	378	0	295	36883
HS	377	0	296	37179
HS	376	0	313	37492
HS	375	0	316	37808
HS	374	0	314	38122
HS	373	0	306	38428
HS	372	0	337	38765
HS	371	0	326	39091
HS	370	0	364	39455
HS	369	0	348	39803
HS	368	0	411	40214
HS	367	0	398	40612
HS	366	0	385	40997
HS	365	0	443	41440
HS	364	0	421	41861
HS	363	0	460	42321
HS	362	0	494	42815
HS	361	0	480	43295
HS	360	0	486	43781
HS	359	0	498	44279
HS	358	0	528	44807
HS	357	0	517	45324
HS	356	0	517	45841
HS	355	0	506	46347
HS	354	0	553	46900
HS	353	0	593	47493
HS	352	0	606	48099
HS	351	0	608	48707
HS	350	0	618	49325
HS	349	0	696	50021
HS	348	0	677	50698
HS	347	0	759	51457
HS	346	0	733	52190
HS	345	0	778	52968
HS	344	0	782	53750
HS	343	0	910	54660
HS	342	0	898	55558
HS	341	0	952	56510
HS	340	0	909	57419
HS	339	0	1000	58419
HS	338	0	1017	59436
HS	337	0	1104	60540
HS	336	0	1105	61645
HS	335	0	1059	62704
HS	334	0	1139	63843
HS	333	0	1157	65000
HS	332	0	1163	66163
HS	331	0	1204	67367
HS	330	0	1245	68612
HS	329	0	1285	69897
HS	328	0	1328	71225
HS	327	0	1343	72568
HS	326	0	1373	73941
HS	325	0	1472	75413
HS	324	0	1483	76896
HS	323	0	1520	78416
HS	322	0	1694	80110
HS	321	0	1753	81863
HS	320	0	1800	83663
HS	319	0	1806	85469
HS	318	0	1793	87262
HS	317	0	1850	89112
HS	316	0	1899	91011
HS	315	0	2043	93054
HS	314	0	2055	95109
HS	313	0	2173	97282
HS	312	0	2187	99469
HS	311	0	2330	101799
HS	310	0	2410	104209
HS	309	0	2537	106746
HS	308	0	2639	109385
HS	307	0	2568	111953
HS	306	0	2750	114703
HS	305	0	2883	117586
HS	304	0	3016	120602
HS	303	0	3066	123668
HS	302	0	3187	126855
HS	301	0	3335	130190
HS	300	0	3387	133577
HS	299	0	3410	136987
HS	298	0	3552	140539
HS	297	0	3632	144171
HS	296	0	3744	147915
HS	295	0	3976	151891
HS	294	0	4132	156023
HS	293	0	4187	160210
HS	292	0	4159	164369
HS	291	0	4451	168820
HS	290	0	4563	173383
HS	289	0	4714	178097
HS	288	0	4932	183029
HS	287	0	4918	187947
HS	286	0	4965	192912
HS	285	0	5268	198180
HS	284	0	5632	203812
HS	283	0	5589	209401
HS	282	0	5692	215093
HS	281	0	5882	220975
HS	280	0	6218	227193
HS	279	0	6336	233529
HS	278	0	6604	240133
HS	277	0	6819	246952
HS	276	0	6843	253795
HS	275	0	7040	260835
HS	274	0	7204	268039
HS	273	0	7647	275686
HS	272	0	7763	283449
HS	271	0	8087	291536
HS	270	0	8384	299920
HS	269	0	8459	308379
HS	268	0	8893	317272
HS	267	0	9237	326509
HS	266	0	9446	335955
HS	265	0	9807	345762
HS	264	0	9943	355705
HS	263	0	10065	365770
HS	262	0	10581	376351
HS	261	0	10748	387099
HS	260	0	10879	397978
HS	259	0	11148	409126
HS	258	0	11603	420729
HS	257	0	11756	432485
HS	256	0	12309	444794
HS	255	0	12599	457393
HS	254	0	12844	470237
HS	253	0	13333	483570
HS	252	0	13399	496969
HS	251	0	13861	510830
HS	250	0	14529	525359
HS	249	0	14780	540139
HS	248	0	14931	555070
HS	247	0	15254	570324
HS	246	0	15861	586185
HS	245	0	15922	602107
HS	244	0	16293	618400
HS	243	0	16876	635276
HS	242	0	17156	652432
HS	241	0	17622	670054
HS	240	0	18029	688083
HS	239	0	18373	706456
HS	238	0	18639	725095
HS	237	0	19172	744267
HS	236	0	19548	763815
HS	235	0	19722	783537
HS	234	0	20229	803766
HS	233	0	20692	824458
HS	232	0	21014	845472
HS	231	0	21585	867057
HS	230	0	22480	889537
HS	229	0	22495	912032
HS	228	0	22930	934962
HS	227	0	23163	958125
HS	226	0	23499	981624
HS	225	0	23928	1005552
HS	224	0	24559	1030111
HS	223	0	24824	1054935
HS	222	0	25037	1079972
HS	221	0	25992	1105964
HS	220	0	26024	1131988
HS	219	0	26718	1158706
HS	218	0	27177	1185883
HS	217	0	27059	1212942
HS	216	0	27870	1240812
HS	215	0	27975	1268787
HS	214	0	28814	1297601
HS	213	0	28914	1326515
HS	212	0	29261	1355776
HS	211	0	29092	1384868
HS	210	0	29583	1414451
HS	209	0	29951	1444402
HS	208	0	30089	1474491
HS	207	0	30336	1504827
HS	206	0	30670	1535497
HS	205	0	31230	1566727
HS	204	0	31646	1598373
HS	203	0	31998	1630371
HS	202	0	32427	1662798
HS	201	0	31956	1694754
HS	200	0	33084	1727838
HS	199	0	33455	1761293
HS	198	0	33248	1794541
HS	197	0	33900	1828441
HS	196	0	33809	1862250
HS	195	0	34030	1896280
HS	194	0	34424	1930704
HS	193	0	34439	1965143
HS	192	0	34476	1999619
HS	191	0	34438	2034057
HS	190	0	34768	2068825
HS	189	0	34690	2103515
HS	188	0	34972	2138487
HS	187	0	34518	2173005
HS	186	0	34412	2207417
HS	185	0	34626	2242043
HS	184	0	34449	2276492
HS	183	0	34484	2310976
HS	182	0	34008	2344984
HS	181	0	34215	2379199
HS	180	0	34092	2413291
HS	179	0	33913	2447204
HS	178	0	33646	2480850
HS	177	0	33689	2514539
HS	176	0	33570	2548109
HS	175	0	33221	2581330
HS	174	0	33282	2614612
HS	173	0	33291	2647903
HS	172	0	32970	2680873
HS	171	0	32466	2713339
HS	170	0	32361	2745700
HS	169	0	32219	2777919
HS	168	0	32314	2810233
HS	167	0	31838	2842071
HS	166	0	31697	2873768
HS	165	0	31085	2904853
HS	164	0	31037	2935890
HS	163	0	30403	2966293
HS	162	0	30481	2996774
HS	161	0	29913	3026687
HS	160	0	29371	3056058
HS	159	0	29043	3085101
HS	158	0	28461	3113562
HS	157	0	27989	3141551
HS	156	0	27572	3169123
HS	155	0	26812	3195935
HS	154	0	26674	3222609
HS	153	0	26288	3248897
HS	152	0	25825	3274722
HS	151	0	25374	3300096
HS	150	0	25307	3325403
HS	149	0	24677	3350080
HS	148	0	24670	3374750
HS	147	0	23699	3398449
HS	146	0	23142	3421591
HS	145	0	22914	3444505
HS	144	0	21975	3466480
HS	143	0	21401	3487881
HS	142	0	20993	3508874
HS	141	0	20502	3529376
HS	140	0	20221	3549597
HS	139	0	19660	3569257
HS	138	0	19162	3588419
HS	137	0	18657	3607076
HS	136	0	18243	3625319
HS	135	0	17702	3643021
HS	134	0	17483	3660504
HS	133	0	16923	3677427
HS	132	0	16613	3694040
HS	131	0	16331	3710371
HS	130	0	16150	3726521
HS	129	0	15673	3742194
HS	128	0	15002	3757196
HS	127	0	14706	3771902
HS	126	0	14267	3786169
HS	125	0	13748	3799917
HS	124	0	13522	3813439
HS	123	0	12904	3826343
HS	122	0	12639	3838982
HS	121	0	12163	3851145
HS	120	0	11858	3863003
HS	119	0	11441	3874444
HS	118	0	11172	3885616
HS	117	0	10810	3896426
HS	116	0	10318	3906744
HS	115	0	10398	3917142
HS	114	0	9974	3927116
HS	113	0	9512	3936628
HS	112	0	9371	3945999
HS	111	0	9083	3955082
HS	110	0	8949	3964031
HS	109	0	8692	3972723
HS	108	0	8535	3981258
HS	107	0	8227	3989485
HS	106	0	7937	3997422
HS	105	0	7789	4005211
HS	104	0	7572	4012783
HS	103	0	7355	4020138
HS	102	0	7238	4027376
HS	101	0	7055	4034431
HS	100	0	7006	4041437
HS	99	0	6838	4048275
HS	98	0	6660	4054935
HS	97	0	6561	4061496
HS	96	0	6546	4068042
HS	95	0	6418	4074460
HS	94	0	6199	4080659
HS	93	0	6134	4086793
HS	92	0	6038	4092831
HS	91	0	5905	4098736
HS	90	0	5814	4104550
HS	89	0	5672	4110222
HS	88	0	5438	4115660
HS	87	0	5212	4120872
HS	86	0	5175	4126047
HS	85	0	5136	4131183
HS	84	0	5070	4136253
HS	83	0	4923	4141176
HS	82	0	4950	4146126
HS	81	0	4845	4150971
HS	80	0	4807	4155778
HS	79	0	4671	4160449
HS	78	0	4688	4165137
HS	77	0	4550	4169687
HS	76	0	4696	4174383
HS	75	0	4690	4179073
HS	74	0	4587	4183660
HS	73	0	4591	4188251
HS	72	0	4574	4192825
HS	71	0	4433	4197258
HS	70	0	4382	4201640
HS	69	0	4412	4206052
HS	68	0	4472	4210524
HS	67	0	4516	4215040
HS	66	0	4413	4219453
HS	65	0	4423	4223876
HS	64	0	4384	4228260
HS	63	0	4356	4232616
HS	62	0	4608	4237224
HS	61	0	4564	4241788
HS	60	0	4686	4246474
HS	59	0	4616	4251090
HS	58	0	4701	4255791
HS	57	0	4654	4260445
HS	56	0	4718	4265163
HS	55	0	4711	4269874
HS	54	0	4688	4274562
HS	53	0	4676	4279238
HS	52	0	4791	4284029
HS	51	0	4880	4288909
HS	50	0	4929	4293838
HS	49	0	5305	4299143
HS	48	0	5364	4304507
HS	47	0	5456	4309963
HS	46	0	5640	4315603
HS	45	0	5557	4321160
HS	44	0	5837	4326997
HS	43	0	6022	4333019
HS	42	0	6042	4339061
HS	41	0	6274	4345335
HS	40	0	6480	4351815
HS	39	0	6828	4358643
HS	38	0	7066	4365709
HS	37	0	7430	4373139
HS	36	0	7794	4380933
HS	35	0	8103	4389036
HS	34	0	8688	4397724
HS	33	0	9279	4407003
HS	32	0	9756	4416759
HS	31	0	10163	4426922
HS	30	0	10759	4437681
HS	29	0	11695	4449376
HS	28	0	12660	4462036
HS	27	0	13176	4475212
HS	26	0	14607	4489819
HS	25	0	15832	4505651
HS	24	0	16873	4522524
HS	23	0	18659	4541183
HS	22	0	20441	4561624
HS	21	0	23438	4585062
HS	20	0	26273	4611335
HS	19	0	29465	4640800
HS	18	0	33446	4674246
HS	17	0	37950	4712196
HS	16	0	43407	4755603
HS	15	0	51037	4806640
HS	14	0	60514	4867154
HS	13	0	73484	4940638
HS	12	0	88903	5029541
HS	11	0	111383	5140924
HS	10	0	142218	5283142
HS	9	0	193273	5476415
HS	8	0	275855	5752270
HS	7	0	427157	6179427
HS	6	0	706936	6886363
HS	5	0	1249956	8136319
HS	4	0	2398707	10535026
HS	3	0	5133336	15668362
HS	2	0	14670133	30338495
HS	1	0	0	30338495
HS	0	0	0	30338495
