CC	CT  kmer_occurrence    short_read_kmer_count  raw_input_kmer_count  adjusted_input_kmer_count
CC	FR  fpr_lower_bound    fpr_upper_bound
CC	ER  total_input_kmers  adjusted_error_kmers
CC	CV  coverage
CC	QV  raw_quality_value  adjusted_quality_value
CC
SQ	CP126083.1	4090469	4090439	4090439	99.00
CT	1023	5222	48757	48757.000
CT	1022	4	10	10.000
CT	1021	0	0	0.000
CT	1020	5	12	12.000
CT	1019	5	16	16.000
CT	1018	2	6	6.000
CT	1017	4	12	12.000
CT	1016	3	6	6.000
CT	1015	4	8	8.000
CT	1014	2	6	6.000
CT	1013	1	2	2.000
CT	1012	0	0	0.000
CT	1011	0	0	0.000
CT	1010	1	4	4.000
CT	1009	1	2	2.000
CT	1008	2	12	12.000
CT	1007	4	8	8.000
CT	1006	1	2	2.000
CT	1005	5	14	14.000
CT	1004	0	0	0.000
CT	1003	2	4	4.000
CT	1002	1	10	10.000
CT	1001	3	8	8.000
CT	1000	2	6	6.000
CT	999	1	4	4.000
CT	998	2	8	8.000
CT	997	0	0	0.000
CT	996	0	0	0.000
CT	995	4	14	14.000
CT	994	2	4	4.000
CT	993	0	0	0.000
CT	992	2	6	6.000
CT	991	1	2	2.000
CT	990	1	2	2.000
CT	989	2	4	4.000
CT	988	1	2	2.000
CT	987	2	6	6.000
CT	986	1	2	2.000
CT	985	0	0	0.000
CT	984	0	0	0.000
CT	983	3	6	6.000
CT	982	0	0	0.000
CT	981	0	0	0.000
CT	980	0	0	0.000
CT	979	1	2	2.000
CT	978	2	4	4.000
CT	977	0	0	0.000
CT	976	1	4	4.000
CT	975	0	0	0.000
CT	974	1	2	2.000
CT	973	1	2	2.000
CT	972	2	4	4.000
CT	971	0	0	0.000
CT	970	1	2	2.000
CT	969	0	0	0.000
CT	968	2	4	4.000
CT	967	2	4	4.000
CT	966	1	2	2.000
CT	965	0	0	0.000
CT	964	0	0	0.000
CT	963	1	0	0.000
CT	962	0	0	0.000
CT	961	2	6	6.000
CT	960	3	10	10.000
CT	959	1	4	4.000
CT	958	1	2	2.000
CT	957	4	10	10.000
CT	956	0	0	0.000
CT	955	2	4	4.000
CT	954	3	10	10.000
CT	953	4	16	16.000
CT	952	1	4	4.000
CT	951	3	9	9.000
CT	950	1	4	4.000
CT	949	0	0	0.000
CT	948	1	4	4.000
CT	947	1	3	3.000
CT	946	2	4	4.000
CT	945	0	0	0.000
CT	944	2	6	6.000
CT	943	3	9	9.000
CT	942	5	12	12.000
CT	941	0	0	0.000
CT	940	4	11	11.000
CT	939	1	2	2.000
CT	938	3	9	9.000
CT	937	3	10	10.000
CT	936	4	9	9.000
CT	935	6	13	13.000
CT	934	4	11	11.000
CT	933	7	22	22.000
CT	932	3	8	8.000
CT	931	4	7	7.000
CT	930	7	18	18.000
CT	929	2	5	5.000
CT	928	3	6	6.000
CT	927	4	12	12.000
CT	926	4	14	14.000
CT	925	5	17	17.000
CT	924	5	16	16.000
CT	923	3	6	6.000
CT	922	8	28	28.000
CT	921	5	18	18.000
CT	920	3	6	6.000
CT	919	3	8	8.000
CT	918	1	4	4.000
CT	917	7	17	17.000
CT	916	6	14	14.000
CT	915	7	24	24.000
CT	914	5	15	15.000
CT	913	5	15	15.000
CT	912	4	10	10.000
CT	911	5	16	16.000
CT	910	6	19	19.000
CT	909	5	15	15.000
CT	908	8	18	18.000
CT	907	5	14	14.000
CT	906	3	8	8.000
CT	905	8	16	16.000
CT	904	9	27	27.000
CT	903	5	19	19.000
CT	902	11	23	23.000
CT	901	9	22	22.000
CT	900	12	27	27.000
CT	899	6	16	16.000
CT	898	6	10	10.000
CT	897	6	14	14.000
CT	896	9	21	21.000
CT	895	5	17	17.000
CT	894	9	21	21.000
CT	893	5	16	16.000
CT	892	7	13	13.000
CT	891	8	19	19.000
CT	890	12	29	29.000
CT	889	9	26	26.000
CT	888	10	27	27.000
CT	887	3	8	8.000
CT	886	8	18	18.000
CT	885	12	30	30.000
CT	884	6	12	12.000
CT	883	10	29	29.000
CT	882	5	16	16.000
CT	881	6	18	18.000
CT	880	4	8	8.000
CT	879	5	13	13.000
CT	878	4	16	16.000
CT	877	1	2	2.000
CT	876	3	4	4.000
CT	875	4	16	16.000
CT	874	4	13	13.000
CT	873	2	6	6.000
CT	872	4	10	10.000
CT	871	3	6	6.000
CT	870	1	4	4.000
CT	869	2	4	4.000
CT	868	7	14	14.000
CT	867	4	10	10.000
CT	866	6	17	17.000
CT	865	2	6	6.000
CT	864	6	14	14.000
CT	863	2	7	7.000
CT	862	3	9	9.000
CT	861	7	18	18.000
CT	860	1	2	2.000
CT	859	9	29	29.000
CT	858	5	13	13.000
CT	857	2	8	8.000
CT	856	7	21	21.000
CT	855	3	9	9.000
CT	854	3	10	10.000
CT	853	5	18	18.000
CT	852	5	18	18.000
CT	851	2	6	6.000
CT	850	4	10	10.000
CT	849	6	24	24.000
CT	848	2	8	8.000
CT	847	6	22	22.000
CT	846	5	14	14.000
CT	845	7	33	33.000
CT	844	4	10	10.000
CT	843	5	17	17.000
CT	842	8	28	28.000
CT	841	3	8	8.000
CT	840	5	10	10.000
CT	839	9	25	25.000
CT	838	2	4	4.000
CT	837	7	21	21.000
CT	836	6	18	18.000
CT	835	4	9	9.000
CT	834	7	20	20.000
CT	833	6	15	15.000
CT	832	6	18	18.000
CT	831	6	22	22.000
CT	830	14	39	39.000
CT	829	7	12	12.000
CT	828	4	9	9.000
CT	827	10	22	22.000
CT	826	6	14	14.000
CT	825	4	8	8.000
CT	824	7	14	14.000
CT	823	8	15	15.000
CT	822	4	6	6.000
CT	821	4	6	6.000
CT	820	5	8	8.000
CT	819	10	19	19.000
CT	818	11	18	18.000
CT	817	13	25	25.000
CT	816	7	12	12.000
CT	815	8	15	15.000
CT	814	5	9	9.000
CT	813	7	16	16.000
CT	812	9	14	14.000
CT	811	6	11	11.000
CT	810	8	13	13.000
CT	809	6	8	8.000
CT	808	6	15	15.000
CT	807	7	17	17.000
CT	806	7	10	10.000
CT	805	6	10	10.000
CT	804	10	19	19.000
CT	803	6	11	11.000
CT	802	10	17	17.000
CT	801	6	10	10.000
CT	800	4	7	7.000
CT	799	5	8	8.000
CT	798	11	22	22.000
CT	797	10	15	15.000
CT	796	11	19	19.000
CT	795	8	13	13.000
CT	794	8	12	12.000
CT	793	4	5	5.000
CT	792	6	10	10.000
CT	791	6	9	9.000
CT	790	3	5	5.000
CT	789	2	4	4.000
CT	788	7	12	12.000
CT	787	7	13	13.000
CT	786	4	6	6.000
CT	785	11	22	22.000
CT	784	8	15	15.000
CT	783	11	18	18.000
CT	782	7	11	11.000
CT	781	11	20	20.000
CT	780	15	24	24.000
CT	779	12	22	22.000
CT	778	10	15	15.000
CT	777	6	10	10.000
CT	776	9	18	18.000
CT	775	19	33	33.000
CT	774	18	31	31.000
CT	773	17	34	34.000
CT	772	15	28	28.000
CT	771	16	29	29.000
CT	770	17	32	32.000
CT	769	11	18	18.000
CT	768	10	19	19.000
CT	767	20	34	34.000
CT	766	10	18	18.000
CT	765	16	26	26.000
CT	764	15	23	23.000
CT	763	11	22	22.000
CT	762	24	41	41.000
CT	761	21	41	41.000
CT	760	16	28	28.000
CT	759	27	46	46.000
CT	758	16	25	25.000
CT	757	21	32	32.000
CT	756	19	32	32.000
CT	755	20	34	34.000
CT	754	13	26	26.000
CT	753	19	33	33.000
CT	752	16	25	25.000
CT	751	20	33	33.000
CT	750	23	34	34.000
CT	749	19	31	31.000
CT	748	20	33	33.000
CT	747	31	52	52.000
CT	746	23	34	34.000
CT	745	30	50	50.000
CT	744	31	50	50.000
CT	743	23	33	33.000
CT	742	18	30	30.000
CT	741	20	31	31.000
CT	740	24	35	35.000
CT	739	23	37	37.000
CT	738	23	36	36.000
CT	737	23	41	41.000
CT	736	30	48	48.000
CT	735	19	30	30.000
CT	734	16	27	27.000
CT	733	29	48	48.000
CT	732	30	46	46.000
CT	731	24	31	31.000
CT	730	31	49	49.000
CT	729	26	38	38.000
CT	728	24	35	35.000
CT	727	36	65	65.000
CT	726	35	61	61.000
CT	725	36	63	63.000
CT	724	33	50	50.000
CT	723	37	61	61.000
CT	722	35	59	59.000
CT	721	26	46	46.000
CT	720	43	68	68.000
CT	719	43	65	65.000
CT	718	35	54	54.000
CT	717	23	36	36.000
CT	716	41	65	65.000
CT	715	39	63	63.000
CT	714	35	59	59.000
CT	713	27	47	47.000
CT	712	37	64	64.000
CT	711	39	68	68.000
CT	710	24	44	44.000
CT	709	46	73	73.000
CT	708	38	62	62.000
CT	707	45	66	66.000
CT	706	56	92	92.000
CT	705	36	56	56.000
CT	704	52	83	83.000
CT	703	30	52	52.000
CT	702	39	64	64.000
CT	701	43	66	66.000
CT	700	54	83	83.000
CT	699	54	74	74.000
CT	698	55	84	84.000
CT	697	55	87	87.000
CT	696	50	85	85.000
CT	695	50	80	80.000
CT	694	56	87	87.000
CT	693	67	104	104.000
CT	692	59	98	98.000
CT	691	68	101	101.000
CT	690	66	108	108.000
CT	689	61	90	90.000
CT	688	67	101	101.000
CT	687	45	68	68.000
CT	686	52	81	81.000
CT	685	78	109	109.000
CT	684	58	77	77.000
CT	683	62	84	84.000
CT	682	73	112	112.000
CT	681	71	99	99.000
CT	680	62	86	86.000
CT	679	75	102	102.000
CT	678	84	127	127.000
CT	677	75	104	104.000
CT	676	53	78	78.000
CT	675	62	82	82.000
CT	674	80	113	113.000
CT	673	74	98	98.000
CT	672	70	100	100.000
CT	671	79	110	110.000
CT	670	84	113	113.000
CT	669	89	128	128.000
CT	668	89	119	119.000
CT	667	76	105	105.000
CT	666	92	119	119.000
CT	665	69	91	91.000
CT	664	80	99	99.000
CT	663	89	116	116.000
CT	662	79	110	110.000
CT	661	89	114	114.000
CT	660	91	124	124.000
CT	659	66	88	88.000
CT	658	85	115	115.000
CT	657	78	105	105.000
CT	656	91	123	123.000
CT	655	107	139	139.000
CT	654	108	142	142.000
CT	653	109	152	152.000
CT	652	84	108	108.000
CT	651	110	146	146.000
CT	650	88	114	114.000
CT	649	94	131	131.000
CT	648	116	157	157.000
CT	647	115	151	151.000
CT	646	99	125	125.000
CT	645	111	140	140.000
CT	644	97	129	129.000
CT	643	101	127	127.000
CT	642	105	140	140.000
CT	641	108	141	141.000
CT	640	99	127	127.000
CT	639	104	121	121.000
CT	638	115	141	141.000
CT	637	113	149	149.000
CT	636	118	149	149.000
CT	635	121	152	152.000
CT	634	121	144	144.000
CT	633	130	152	152.000
CT	632	125	156	156.000
CT	631	116	133	133.000
CT	630	130	153	153.000
CT	629	144	159	159.000
CT	628	146	173	173.000
CT	627	134	156	156.000
CT	626	151	177	177.000
CT	625	147	171	171.000
CT	624	160	179	179.000
CT	623	178	201	201.000
CT	622	155	174	174.000
CT	621	171	195	195.000
CT	620	173	204	204.000
CT	619	203	237	237.000
CT	618	178	213	213.000
CT	617	207	247	247.000
CT	616	191	220	220.000
CT	615	198	227	227.000
CT	614	189	219	219.000
CT	613	207	223	223.000
CT	612	194	210	210.000
CT	611	226	253	253.000
CT	610	207	231	231.000
CT	609	209	232	232.000
CT	608	248	278	278.000
CT	607	224	266	266.000
CT	606	235	264	264.000
CT	605	258	292	292.000
CT	604	273	316	316.000
CT	603	280	306	306.000
CT	602	278	318	318.000
CT	601	288	320	320.000
CT	600	255	290	290.000
CT	599	290	331	331.000
CT	598	274	306	306.000
CT	597	271	312	312.000
CT	596	297	335	335.000
CT	595	313	350	350.000
CT	594	280	318	318.000
CT	593	324	358	358.000
CT	592	285	315	315.000
CT	591	320	356	356.000
CT	590	323	349	349.000
CT	589	329	355	355.000
CT	588	342	374	374.000
CT	587	351	371	371.000
CT	586	366	395	395.000
CT	585	354	382	382.000
CT	584	366	388	388.000
CT	583	402	421	421.000
CT	582	358	380	380.000
CT	581	379	410	410.000
CT	580	336	353	353.000
CT	579	394	414	414.000
CT	578	407	430	430.000
CT	577	406	427	427.000
CT	576	380	401	401.000
CT	575	407	434	434.000
CT	574	410	432	432.000
CT	573	429	445	445.000
CT	572	381	412	412.000
CT	571	439	461	461.000
CT	570	425	449	449.000
CT	569	462	488	488.000
CT	568	448	460	460.000
CT	567	435	457	457.000
CT	566	475	500	500.000
CT	565	485	513	513.000
CT	564	517	547	547.000
CT	563	494	515	515.000
CT	562	476	492	492.000
CT	561	519	548	548.000
CT	560	515	534	534.000
CT	559	522	539	539.000
CT	558	560	589	589.000
CT	557	540	564	564.000
CT	556	581	599	599.000
CT	555	584	608	608.000
CT	554	591	620	620.000
CT	553	580	594	594.000
CT	552	606	625	625.000
CT	551	617	648	648.000
CT	550	626	645	645.000
CT	549	632	654	654.000
CT	548	655	700	700.000
CT	547	645	674	674.000
CT	546	678	712	712.000
CT	545	701	726	726.000
CT	544	719	741	741.000
CT	543	727	757	757.000
CT	542	724	754	754.000
CT	541	766	801	801.000
CT	540	729	742	742.000
CT	539	838	872	872.000
CT	538	780	816	816.000
CT	537	846	873	873.000
CT	536	874	904	904.000
CT	535	854	873	873.000
CT	534	878	914	914.000
CT	533	954	991	991.000
CT	532	966	1010	1010.000
CT	531	975	1017	1017.000
CT	530	1014	1050	1050.000
CT	529	1013	1058	1058.000
CT	528	1009	1037	1037.000
CT	527	1120	1151	1151.000
CT	526	1042	1076	1076.000
CT	525	1113	1153	1153.000
CT	524	1058	1089	1089.000
CT	523	1107	1131	1131.000
CT	522	1137	1172	1172.000
CT	521	1193	1224	1224.000
CT	520	1257	1296	1296.000
CT	519	1168	1194	1194.000
CT	518	1259	1290	1290.000
CT	517	1260	1303	1303.000
CT	516	1343	1379	1379.000
CT	515	1290	1326	1326.000
CT	514	1364	1392	1392.000
CT	513	1407	1452	1452.000
CT	512	1442	1488	1488.000
CT	511	1439	1469	1469.000
CT	510	1454	1487	1487.000
CT	509	1491	1526	1526.000
CT	508	1567	1595	1595.000
CT	507	1593	1629	1629.000
CT	506	1628	1654	1654.000
CT	505	1608	1625	1625.000
CT	504	1675	1715	1715.000
CT	503	1708	1740	1740.000
CT	502	1731	1759	1759.000
CT	501	1743	1770	1770.000
CT	500	1785	1815	1815.000
CT	499	1825	1850	1850.000
CT	498	1948	1981	1981.000
CT	497	1986	2021	2021.000
CT	496	1982	2016	2016.000
CT	495	1955	1990	1990.000
CT	494	2033	2061	2061.000
CT	493	2127	2148	2148.000
CT	492	2138	2155	2155.000
CT	491	2179	2208	2208.000
CT	490	2184	2206	2206.000
CT	489	2226	2257	2257.000
CT	488	2301	2329	2329.000
CT	487	2430	2452	2452.000
CT	486	2418	2448	2448.000
CT	485	2432	2451	2451.000
CT	484	2327	2359	2359.000
CT	483	2479	2507	2507.000
CT	482	2528	2560	2560.000
CT	481	2491	2520	2520.000
CT	480	2656	2682	2682.000
CT	479	2706	2732	2732.000
CT	478	2690	2710	2710.000
CT	477	2844	2872	2872.000
CT	476	2908	2927	2927.000
CT	475	2914	2941	2941.000
CT	474	3052	3078	3078.000
CT	473	3077	3116	3116.000
CT	472	3245	3272	3272.000
CT	471	3276	3308	3308.000
CT	470	3406	3424	3424.000
CT	469	3382	3402	3402.000
CT	468	3361	3386	3386.000
CT	467	3456	3473	3473.000
CT	466	3543	3563	3563.000
CT	465	3633	3651	3651.000
CT	464	3687	3707	3707.000
CT	463	3745	3762	3762.000
CT	462	3884	3902	3902.000
CT	461	3841	3864	3864.000
CT	460	3960	3988	3988.000
CT	459	3993	4024	4024.000
CT	458	3982	4003	4003.000
CT	457	4005	4019	4019.000
CT	456	4148	4168	4168.000
CT	455	4319	4347	4347.000
CT	454	4241	4263	4263.000
CT	453	4484	4504	4504.000
CT	452	4432	4449	4449.000
CT	451	4477	4492	4492.000
CT	450	4553	4576	4576.000
CT	449	4727	4744	4744.000
CT	448	4949	4970	4970.000
CT	447	4987	5012	5012.000
CT	446	5019	5036	5036.000
CT	445	5134	5158	5158.000
CT	444	5265	5286	5286.000
CT	443	5442	5479	5479.000
CT	442	5473	5492	5492.000
CT	441	5512	5534	5534.000
CT	440	5599	5620	5620.000
CT	439	5692	5711	5711.000
CT	438	6059	6076	6076.000
CT	437	5950	5964	5964.000
CT	436	6183	6196	6196.000
CT	435	6024	6038	6038.000
CT	434	6351	6366	6366.000
CT	433	6372	6382	6382.000
CT	432	6529	6544	6544.000
CT	431	6520	6535	6535.000
CT	430	6830	6844	6844.000
CT	429	6709	6725	6725.000
CT	428	6866	6878	6878.000
CT	427	6891	6910	6910.000
CT	426	7086	7100	7100.000
CT	425	7114	7126	7126.000
CT	424	7351	7364	7364.000
CT	423	7593	7610	7610.000
CT	422	7569	7584	7584.000
CT	421	7598	7621	7621.000
CT	420	7810	7829	7829.000
CT	419	7810	7826	7826.000
CT	418	8068	8087	8087.000
CT	417	8199	8223	8223.000
CT	416	8377	8403	8403.000
CT	415	8414	8434	8434.000
CT	414	8698	8720	8720.000
CT	413	8865	8888	8888.000
CT	412	9092	9116	9116.000
CT	411	9246	9269	9269.000
CT	410	9274	9290	9290.000
CT	409	9436	9452	9452.000
CT	408	9699	9721	9721.000
CT	407	9854	9868	9868.000
CT	406	9942	9963	9963.000
CT	405	10175	10193	10193.000
CT	404	10452	10470	10470.000
CT	403	10489	10511	10511.000
CT	402	10492	10510	10510.000
CT	401	10795	10810	10810.000
CT	400	10909	10932	10932.000
CT	399	11134	11144	11144.000
CT	398	11187	11198	11198.000
CT	397	11324	11346	11346.000
CT	396	11324	11339	11339.000
CT	395	11588	11603	11603.000
CT	394	11679	11688	11688.000
CT	393	11925	11939	11939.000
CT	392	12071	12079	12079.000
CT	391	12288	12301	12301.000
CT	390	12490	12496	12496.000
CT	389	12532	12549	12549.000
CT	388	12909	12923	12923.000
CT	387	12995	13006	13006.000
CT	386	13206	13219	13219.000
CT	385	13412	13431	13431.000
CT	384	13814	13841	13841.000
CT	383	13955	13972	13972.000
CT	382	13943	13955	13955.000
CT	381	13779	13792	13792.000
CT	380	14547	14560	14560.000
CT	379	14469	14483	14483.000
CT	378	14570	14582	14582.000
CT	377	14737	14751	14751.000
CT	376	15048	15059	15059.000
CT	375	15122	15135	15135.000
CT	374	15271	15284	15284.000
CT	373	15590	15610	15610.000
CT	372	15715	15732	15732.000
CT	371	15919	15940	15940.000
CT	370	15993	16010	16010.000
CT	369	15837	15851	15851.000
CT	368	16243	16259	16259.000
CT	367	16463	16474	16474.000
CT	366	16584	16608	16608.000
CT	365	17194	17207	17207.000
CT	364	17177	17192	17192.000
CT	363	17421	17443	17443.000
CT	362	17362	17376	17376.000
CT	361	17655	17666	17666.000
CT	360	17802	17818	17818.000
CT	359	17773	17785	17785.000
CT	358	18152	18165	18165.000
CT	357	18032	18047	18047.000
CT	356	18305	18318	18318.000
CT	355	18398	18408	18408.000
CT	354	18471	18490	18490.000
CT	353	18785	18798	18798.000
CT	352	18924	18944	18944.000
CT	351	18937	18948	18948.000
CT	350	19441	19463	19463.000
CT	349	19488	19511	19511.000
CT	348	19766	19786	19786.000
CT	347	20074	20091	20091.000
CT	346	20183	20188	20188.000
CT	345	20268	20286	20286.000
CT	344	20239	20251	20251.000
CT	343	20299	20319	20319.000
CT	342	20578	20584	20584.000
CT	341	20823	20836	20836.000
CT	340	20390	20399	20399.000
CT	339	21039	21062	21062.000
CT	338	21017	21042	21042.000
CT	337	21031	21041	21041.000
CT	336	21245	21272	21272.000
CT	335	21352	21375	21375.000
CT	334	21580	21603	21603.000
CT	333	21432	21447	21447.000
CT	332	21599	21609	21609.000
CT	331	21689	21699	21699.000
CT	330	21535	21548	21548.000
CT	329	21947	21964	21964.000
CT	328	22384	22394	22394.000
CT	327	22393	22411	22411.000
CT	326	22297	22308	22308.000
CT	325	22255	22270	22270.000
CT	324	22770	22796	22796.000
CT	323	22574	22594	22594.000
CT	322	22679	22697	22697.000
CT	321	23205	23222	23222.000
CT	320	22947	22971	22971.000
CT	319	23060	23079	23079.000
CT	318	23119	23134	23134.000
CT	317	23310	23323	23323.000
CT	316	23102	23110	23110.000
CT	315	23171	23188	23188.000
CT	314	23282	23297	23297.000
CT	313	23257	23267	23267.000
CT	312	23180	23190	23190.000
CT	311	23421	23434	23434.000
CT	310	23492	23497	23497.000
CT	309	23322	23334	23334.000
CT	308	23473	23486	23486.000
CT	307	23391	23397	23397.000
CT	306	23151	23168	23168.000
CT	305	23269	23276	23276.000
CT	304	23469	23482	23482.000
CT	303	23281	23293	23293.000
CT	302	23292	23300	23300.000
CT	301	23233	23241	23241.000
CT	300	23074	23080	23080.000
CT	299	23110	23123	23123.000
CT	298	22972	22989	22989.000
CT	297	22749	22762	22762.000
CT	296	22641	22655	22655.000
CT	295	22784	22796	22796.000
CT	294	22867	22880	22880.000
CT	293	22537	22549	22549.000
CT	292	22362	22377	22377.000
CT	291	22331	22337	22337.000
CT	290	22556	22567	22567.000
CT	289	22451	22455	22455.000
CT	288	22280	22290	22290.000
CT	287	22078	22079	22079.000
CT	286	22193	22194	22194.000
CT	285	21851	21851	21851.000
CT	284	21755	21754	21754.000
CT	283	21982	21987	21987.000
CT	282	21603	21608	21608.000
CT	281	21630	21634	21634.000
CT	280	21539	21539	21539.000
CT	279	21485	21485	21485.000
CT	278	21130	21130	21130.000
CT	277	20967	20966	20966.000
CT	276	20646	20642	20642.000
CT	275	20488	20485	20485.000
CT	274	20448	20445	20445.000
CT	273	20528	20528	20528.000
CT	272	20020	20017	20017.000
CT	271	19670	19671	19671.000
CT	270	19734	19734	19734.000
CT	269	19511	19510	19510.000
CT	268	19241	19239	19239.000
CT	267	18977	18974	18974.000
CT	266	18927	18925	18925.000
CT	265	18907	18902	18902.000
CT	264	18613	18609	18609.000
CT	263	18335	18331	18331.000
CT	262	18217	18214	18214.000
CT	261	17833	17832	17832.000
CT	260	17604	17603	17603.000
CT	259	17500	17497	17497.000
CT	258	17431	17429	17429.000
CT	257	16784	16780	16780.000
CT	256	16805	16803	16803.000
CT	255	16608	16610	16610.000
CT	254	16394	16395	16395.000
CT	253	16232	16233	16233.000
CT	252	15985	15988	15988.000
CT	251	15407	15402	15402.000
CT	250	15375	15371	15371.000
CT	249	15121	15121	15121.000
CT	248	14739	14739	14739.000
CT	247	14602	14600	14600.000
CT	246	14158	14156	14156.000
CT	245	13895	13891	13891.000
CT	244	13724	13724	13724.000
CT	243	13391	13386	13386.000
CT	242	13064	13060	13060.000
CT	241	12693	12688	12688.000
CT	240	12303	12290	12290.000
CT	239	12046	12037	12037.000
CT	238	11990	11985	11985.000
CT	237	11523	11522	11522.000
CT	236	11456	11447	11447.000
CT	235	11020	11015	11015.000
CT	234	10724	10721	10721.000
CT	233	10820	10814	10814.000
CT	232	10551	10550	10550.000
CT	231	10062	10059	10059.000
CT	230	9749	9743	9743.000
CT	229	9584	9581	9581.000
CT	228	9534	9532	9532.000
CT	227	9012	9009	9009.000
CT	226	8866	8866	8866.000
CT	225	8782	8780	8780.000
CT	224	8575	8569	8569.000
CT	223	8238	8237	8237.000
CT	222	7934	7930	7930.000
CT	221	7784	7781	7781.000
CT	220	7470	7463	7463.000
CT	219	7370	7363	7363.000
CT	218	7347	7346	7346.000
CT	217	7032	7032	7032.000
CT	216	6770	6770	6770.000
CT	215	6643	6632	6632.000
CT	214	6498	6495	6495.000
CT	213	6150	6145	6145.000
CT	212	5924	5920	5920.000
CT	211	5737	5731	5731.000
CT	210	5678	5671	5671.000
CT	209	5333	5327	5327.000
CT	208	5346	5339	5339.000
CT	207	5282	5272	5272.000
CT	206	5036	5034	5034.000
CT	205	4800	4791	4791.000
CT	204	4704	4697	4697.000
CT	203	4538	4535	4535.000
CT	202	4418	4410	4410.000
CT	201	4148	4141	4141.000
CT	200	3944	3934	3934.000
CT	199	3866	3861	3861.000
CT	198	3649	3636	3636.000
CT	197	3505	3497	3497.000
CT	196	3467	3458	3458.000
CT	195	3285	3276	3276.000
CT	194	3171	3160	3160.000
CT	193	3013	3008	3008.000
CT	192	3031	3027	3027.000
CT	191	2890	2887	2887.000
CT	190	2715	2709	2709.000
CT	189	2603	2593	2593.000
CT	188	2645	2636	2636.000
CT	187	2495	2489	2489.000
CT	186	2436	2435	2435.000
CT	185	2339	2335	2335.000
CT	184	2226	2226	2226.000
CT	183	2112	2106	2106.000
CT	182	2053	2041	2041.000
CT	181	1862	1856	1856.000
CT	180	1821	1822	1822.000
CT	179	1660	1653	1653.000
CT	178	1600	1592	1592.000
CT	177	1596	1595	1595.000
CT	176	1480	1480	1480.000
CT	175	1404	1396	1396.000
CT	174	1288	1279	1279.000
CT	173	1261	1259	1259.000
CT	172	1181	1173	1173.000
CT	171	1177	1171	1171.000
CT	170	1174	1174	1174.000
CT	169	1086	1088	1088.000
CT	168	991	993	993.000
CT	167	980	982	982.000
CT	166	947	942	942.000
CT	165	901	900	900.000
CT	164	867	863	863.000
CT	163	848	841	841.000
CT	162	751	741	741.000
CT	161	738	722	722.000
CT	160	683	680	680.000
CT	159	667	667	667.000
CT	158	612	608	608.000
CT	157	586	595	595.000
CT	156	603	603	603.000
CT	155	533	532	532.000
CT	154	547	545	545.000
CT	153	501	498	498.000
CT	152	536	546	546.000
CT	151	472	468	468.000
CT	150	471	465	465.000
CT	149	460	460	460.000
CT	148	489	489	489.000
CT	147	414	409	409.000
CT	146	399	400	400.000
CT	145	391	388	388.000
CT	144	395	390	390.000
CT	143	368	361	361.000
CT	142	326	319	319.000
CT	141	328	318	318.000
CT	140	294	283	283.000
CT	139	260	255	255.000
CT	138	244	234	234.000
CT	137	217	213	213.000
CT	136	193	191	191.000
CT	135	168	162	162.000
CT	134	202	198	198.000
CT	133	177	173	173.000
CT	132	194	184	184.000
CT	131	195	174	174.000
CT	130	199	190	190.000
CT	129	185	173	173.000
CT	128	164	152	152.000
CT	127	166	165	165.000
CT	126	142	128	128.000
CT	125	147	141	141.000
CT	124	177	165	165.000
CT	123	130	126	126.000
CT	122	122	117	117.000
CT	121	132	127	127.000
CT	120	118	109	109.000
CT	119	120	112	112.000
CT	118	90	86	86.000
CT	117	102	97	97.000
CT	116	98	94	94.000
CT	115	107	98	98.000
CT	114	110	103	103.000
CT	113	95	92	92.000
CT	112	78	73	73.000
CT	111	85	83	83.000
CT	110	69	68	68.000
CT	109	68	65	65.000
CT	108	66	61	61.000
CT	107	67	66	66.000
CT	106	59	54	54.000
CT	105	61	57	57.000
CT	104	55	48	48.000
CT	103	51	46	46.000
CT	102	71	61	61.000
CT	101	59	50	50.000
CT	100	54	45	45.000
CT	99	44	37	37.000
CT	98	36	28	28.000
CT	97	42	37	37.000
CT	96	45	32	32.000
CT	95	43	31	31.000
CT	94	55	36	36.000
CT	93	65	44	44.000
CT	92	57	37	37.000
CT	91	64	50	50.000
CT	90	48	23	23.000
CT	89	42	29	29.000
CT	88	56	35	35.000
CT	87	41	30	30.000
CT	86	43	25	25.000
CT	85	43	32	32.000
CT	84	34	19	19.000
CT	83	51	23	23.000
CT	82	62	27	27.000
CT	81	48	22	22.000
CT	80	27	10	10.000
CT	79	39	10	10.000
CT	78	53	16	16.000
CT	77	72	17	17.000
CT	76	66	9	9.000
CT	75	100	6	6.000
CT	74	94	4	4.000
CT	73	79	2	2.000
CT	72	93	2	2.000
CT	71	81	2	2.000
CT	70	84	2	2.000
CT	69	90	2	2.000
CT	68	99	4	4.000
CT	67	86	7	7.000
CT	66	127	6	6.000
CT	65	123	6	6.000
CT	64	135	8	8.000
CT	63	193	1	1.000
CT	62	153	5	5.000
CT	61	130	3	3.000
CT	60	167	4	4.000
CT	59	228	4	4.000
CT	58	191	3	3.000
CT	57	234	1	1.000
CT	56	254	2	2.000
CT	55	348	1	1.000
CT	54	423	0	0.000
CT	53	445	1	1.000
CT	52	523	0	0.000
CT	51	543	1	1.000
CT	50	563	0	0.000
CT	49	665	0	0.000
CT	48	733	2	2.000
CT	47	763	3	3.000
CT	46	868	5	5.000
CT	45	981	7	7.000
CT	44	1128	9	9.000
CT	43	1253	4	4.000
CT	42	1280	2	2.000
CT	41	1537	3	3.000
CT	40	1606	1	1.000
CT	39	1856	0	0.000
CT	38	2081	0	0.000
CT	37	2495	0	0.000
CT	36	2719	0	0.000
CT	35	3212	0	0.000
CT	34	3487	0	0.000
CT	33	3841	0	0.000
CT	32	4341	0	0.000
CT	31	4992	0	0.000
CT	30	5527	0	0.000
CT	29	6262	0	0.000
CT	28	7235	0	0.000
CT	27	8370	0	0.000
CT	26	9530	0	0.000
CT	25	11522	0	0.000
CT	24	13095	0	0.000
CT	23	14863	0	0.000
CT	22	18146	0	0.000
CT	21	21747	0	0.000
CT	20	26668	0	0.000
CT	19	34365	0	0.000
CT	18	42766	0	0.000
CT	17	55572	0	0.000
CT	16	73542	0	0.000
CT	15	99794	0	0.000
CT	14	133719	0	0.000
CT	13	182618	0	0.000
CT	12	248990	0	0.000
CT	11	328683	0	0.000
CT	10	426587	0	0.000
CT	9	535177	0	0.000
CT	8	665564	0	0.000
CT	7	822776	0	0.000
CT	6	1035761	0	0.000
CT	5	1418974	0	0.000
CT	4	2317080	0	0.000
CT	3	4985002	0	0.000
CT	2	15183440	0	0.000
CT	1	0	0	-nan
CT	0	0	0	-nan
FR	0	0
ER	4090439	0.000
CV	1.000
QV	inf	inf
