HS	1023	0	5222	5222
HS	1022	0	4	5226
HS	1021	0	0	5226
HS	1020	0	5	5231
HS	1019	0	5	5236
HS	1018	0	2	5238
HS	1017	0	4	5242
HS	1016	0	3	5245
HS	1015	0	4	5249
HS	1014	0	2	5251
HS	1013	0	1	5252
HS	1012	0	0	5252
HS	1011	0	0	5252
HS	1010	0	1	5253
HS	1009	0	1	5254
HS	1008	0	2	5256
HS	1007	0	4	5260
HS	1006	0	1	5261
HS	1005	0	5	5266
HS	1004	0	0	5266
HS	1003	0	2	5268
HS	1002	0	1	5269
HS	1001	0	3	5272
HS	1000	0	2	5274
HS	999	0	1	5275
HS	998	0	2	5277
HS	997	0	0	5277
HS	996	0	0	5277
HS	995	0	4	5281
HS	994	0	2	5283
HS	993	0	0	5283
HS	992	0	2	5285
HS	991	0	1	5286
HS	990	0	1	5287
HS	989	0	2	5289
HS	988	0	1	5290
HS	987	0	2	5292
HS	986	0	1	5293
HS	985	0	0	5293
HS	984	0	0	5293
HS	983	0	3	5296
HS	982	0	0	5296
HS	981	0	0	5296
HS	980	0	0	5296
HS	979	0	1	5297
HS	978	0	2	5299
HS	977	0	0	5299
HS	976	0	1	5300
HS	975	0	0	5300
HS	974	0	1	5301
HS	973	0	1	5302
HS	972	0	2	5304
HS	971	0	0	5304
HS	970	0	1	5305
HS	969	0	0	5305
HS	968	0	2	5307
HS	967	0	2	5309
HS	966	0	1	5310
HS	965	0	0	5310
HS	964	0	0	5310
HS	963	0	1	5311
HS	962	0	0	5311
HS	961	0	2	5313
HS	960	0	3	5316
HS	959	0	1	5317
HS	958	0	1	5318
HS	957	0	4	5322
HS	956	0	0	5322
HS	955	0	2	5324
HS	954	0	3	5327
HS	953	0	4	5331
HS	952	0	1	5332
HS	951	0	3	5335
HS	950	0	1	5336
HS	949	0	0	5336
HS	948	0	1	5337
HS	947	0	1	5338
HS	946	0	2	5340
HS	945	0	0	5340
HS	944	0	2	5342
HS	943	0	3	5345
HS	942	0	5	5350
HS	941	0	0	5350
HS	940	0	4	5354
HS	939	0	1	5355
HS	938	0	3	5358
HS	937	0	3	5361
HS	936	0	4	5365
HS	935	0	6	5371
HS	934	0	4	5375
HS	933	0	7	5382
HS	932	0	3	5385
HS	931	0	4	5389
HS	930	0	7	5396
HS	929	0	2	5398
HS	928	0	3	5401
HS	927	0	4	5405
HS	926	0	4	5409
HS	925	0	5	5414
HS	924	0	5	5419
HS	923	0	3	5422
HS	922	0	8	5430
HS	921	0	5	5435
HS	920	0	3	5438
HS	919	0	3	5441
HS	918	0	1	5442
HS	917	0	7	5449
HS	916	0	6	5455
HS	915	0	7	5462
HS	914	0	5	5467
HS	913	0	5	5472
HS	912	0	4	5476
HS	911	0	5	5481
HS	910	0	6	5487
HS	909	0	5	5492
HS	908	0	8	5500
HS	907	0	5	5505
HS	906	0	3	5508
HS	905	0	8	5516
HS	904	0	9	5525
HS	903	0	5	5530
HS	902	0	11	5541
HS	901	0	9	5550
HS	900	0	12	5562
HS	899	0	6	5568
HS	898	0	6	5574
HS	897	0	6	5580
HS	896	0	9	5589
HS	895	0	5	5594
HS	894	0	9	5603
HS	893	0	5	5608
HS	892	0	7	5615
HS	891	0	8	5623
HS	890	0	12	5635
HS	889	0	9	5644
HS	888	0	10	5654
HS	887	0	3	5657
HS	886	0	8	5665
HS	885	0	12	5677
HS	884	0	6	5683
HS	883	0	10	5693
HS	882	0	5	5698
HS	881	0	6	5704
HS	880	0	4	5708
HS	879	0	5	5713
HS	878	0	4	5717
HS	877	0	1	5718
HS	876	0	3	5721
HS	875	0	4	5725
HS	874	0	4	5729
HS	873	0	2	5731
HS	872	0	4	5735
HS	871	0	3	5738
HS	870	0	1	5739
HS	869	0	2	5741
HS	868	0	7	5748
HS	867	0	4	5752
HS	866	0	6	5758
HS	865	0	2	5760
HS	864	0	6	5766
HS	863	0	2	5768
HS	862	0	3	5771
HS	861	0	7	5778
HS	860	0	1	5779
HS	859	0	9	5788
HS	858	0	5	5793
HS	857	0	2	5795
HS	856	0	7	5802
HS	855	0	3	5805
HS	854	0	3	5808
HS	853	0	5	5813
HS	852	0	5	5818
HS	851	0	2	5820
HS	850	0	4	5824
HS	849	0	6	5830
HS	848	0	2	5832
HS	847	0	6	5838
HS	846	0	5	5843
HS	845	0	7	5850
HS	844	0	4	5854
HS	843	0	5	5859
HS	842	0	8	5867
HS	841	0	3	5870
HS	840	0	5	5875
HS	839	0	9	5884
HS	838	0	2	5886
HS	837	0	7	5893
HS	836	0	6	5899
HS	835	0	4	5903
HS	834	0	7	5910
HS	833	0	6	5916
HS	832	0	6	5922
HS	831	0	6	5928
HS	830	0	14	5942
HS	829	0	7	5949
HS	828	0	4	5953
HS	827	0	10	5963
HS	826	0	6	5969
HS	825	0	4	5973
HS	824	0	7	5980
HS	823	0	8	5988
HS	822	0	4	5992
HS	821	0	4	5996
HS	820	0	5	6001
HS	819	0	10	6011
HS	818	0	11	6022
HS	817	0	13	6035
HS	816	0	7	6042
HS	815	0	8	6050
HS	814	0	5	6055
HS	813	0	7	6062
HS	812	0	9	6071
HS	811	0	6	6077
HS	810	0	8	6085
HS	809	0	6	6091
HS	808	0	6	6097
HS	807	0	7	6104
HS	806	0	7	6111
HS	805	0	6	6117
HS	804	0	10	6127
HS	803	0	6	6133
HS	802	0	10	6143
HS	801	0	6	6149
HS	800	0	4	6153
HS	799	0	5	6158
HS	798	0	11	6169
HS	797	0	10	6179
HS	796	0	11	6190
HS	795	0	8	6198
HS	794	0	8	6206
HS	793	0	4	6210
HS	792	0	6	6216
HS	791	0	6	6222
HS	790	0	3	6225
HS	789	0	2	6227
HS	788	0	7	6234
HS	787	0	7	6241
HS	786	0	4	6245
HS	785	0	11	6256
HS	784	0	8	6264
HS	783	0	11	6275
HS	782	0	7	6282
HS	781	0	11	6293
HS	780	0	15	6308
HS	779	0	12	6320
HS	778	0	10	6330
HS	777	0	6	6336
HS	776	0	9	6345
HS	775	0	19	6364
HS	774	0	18	6382
HS	773	0	17	6399
HS	772	0	15	6414
HS	771	0	16	6430
HS	770	0	17	6447
HS	769	0	11	6458
HS	768	0	10	6468
HS	767	0	20	6488
HS	766	0	10	6498
HS	765	0	16	6514
HS	764	0	15	6529
HS	763	0	11	6540
HS	762	0	24	6564
HS	761	0	21	6585
HS	760	0	16	6601
HS	759	0	27	6628
HS	758	0	16	6644
HS	757	0	21	6665
HS	756	0	19	6684
HS	755	0	20	6704
HS	754	0	13	6717
HS	753	0	19	6736
HS	752	0	16	6752
HS	751	0	20	6772
HS	750	0	23	6795
HS	749	0	19	6814
HS	748	0	20	6834
HS	747	0	31	6865
HS	746	0	23	6888
HS	745	0	30	6918
HS	744	0	31	6949
HS	743	0	23	6972
HS	742	0	18	6990
HS	741	0	20	7010
HS	740	0	24	7034
HS	739	0	23	7057
HS	738	0	23	7080
HS	737	0	23	7103
HS	736	0	30	7133
HS	735	0	19	7152
HS	734	0	16	7168
HS	733	0	29	7197
HS	732	0	30	7227
HS	731	0	24	7251
HS	730	0	31	7282
HS	729	0	26	7308
HS	728	0	24	7332
HS	727	0	36	7368
HS	726	0	35	7403
HS	725	0	36	7439
HS	724	0	33	7472
HS	723	0	37	7509
HS	722	0	35	7544
HS	721	0	26	7570
HS	720	0	43	7613
HS	719	0	43	7656
HS	718	0	35	7691
HS	717	0	23	7714
HS	716	0	41	7755
HS	715	0	39	7794
HS	714	0	35	7829
HS	713	0	27	7856
HS	712	0	37	7893
HS	711	0	39	7932
HS	710	0	24	7956
HS	709	0	46	8002
HS	708	0	38	8040
HS	707	0	45	8085
HS	706	0	56	8141
HS	705	0	36	8177
HS	704	0	52	8229
HS	703	0	30	8259
HS	702	0	39	8298
HS	701	0	43	8341
HS	700	0	54	8395
HS	699	0	54	8449
HS	698	0	55	8504
HS	697	0	55	8559
HS	696	0	50	8609
HS	695	0	50	8659
HS	694	0	56	8715
HS	693	0	67	8782
HS	692	0	59	8841
HS	691	0	68	8909
HS	690	0	66	8975
HS	689	0	61	9036
HS	688	0	67	9103
HS	687	0	45	9148
HS	686	0	52	9200
HS	685	0	78	9278
HS	684	0	58	9336
HS	683	0	62	9398
HS	682	0	73	9471
HS	681	0	71	9542
HS	680	0	62	9604
HS	679	0	75	9679
HS	678	0	84	9763
HS	677	0	75	9838
HS	676	0	53	9891
HS	675	0	62	9953
HS	674	0	80	10033
HS	673	0	74	10107
HS	672	0	70	10177
HS	671	0	79	10256
HS	670	0	84	10340
HS	669	0	89	10429
HS	668	0	89	10518
HS	667	0	76	10594
HS	666	0	92	10686
HS	665	0	69	10755
HS	664	0	80	10835
HS	663	0	89	10924
HS	662	0	79	11003
HS	661	0	89	11092
HS	660	0	91	11183
HS	659	0	66	11249
HS	658	0	85	11334
HS	657	0	78	11412
HS	656	0	91	11503
HS	655	0	107	11610
HS	654	0	108	11718
HS	653	0	109	11827
HS	652	0	84	11911
HS	651	0	110	12021
HS	650	0	88	12109
HS	649	0	94	12203
HS	648	0	116	12319
HS	647	0	115	12434
HS	646	0	99	12533
HS	645	0	111	12644
HS	644	0	97	12741
HS	643	0	101	12842
HS	642	0	105	12947
HS	641	0	108	13055
HS	640	0	99	13154
HS	639	0	104	13258
HS	638	0	115	13373
HS	637	0	113	13486
HS	636	0	118	13604
HS	635	0	121	13725
HS	634	0	121	13846
HS	633	0	130	13976
HS	632	0	125	14101
HS	631	0	116	14217
HS	630	0	130	14347
HS	629	0	144	14491
HS	628	0	146	14637
HS	627	0	134	14771
HS	626	0	151	14922
HS	625	0	147	15069
HS	624	0	160	15229
HS	623	0	178	15407
HS	622	0	155	15562
HS	621	0	171	15733
HS	620	0	173	15906
HS	619	0	203	16109
HS	618	0	178	16287
HS	617	0	207	16494
HS	616	0	191	16685
HS	615	0	198	16883
HS	614	0	189	17072
HS	613	0	207	17279
HS	612	0	194	17473
HS	611	0	226	17699
HS	610	0	207	17906
HS	609	0	209	18115
HS	608	0	248	18363
HS	607	0	224	18587
HS	606	0	235	18822
HS	605	0	258	19080
HS	604	0	273	19353
HS	603	0	280	19633
HS	602	0	278	19911
HS	601	0	288	20199
HS	600	0	255	20454
HS	599	0	290	20744
HS	598	0	274	21018
HS	597	0	271	21289
HS	596	0	297	21586
HS	595	0	313	21899
HS	594	0	280	22179
HS	593	0	324	22503
HS	592	0	285	22788
HS	591	0	320	23108
HS	590	0	323	23431
HS	589	0	329	23760
HS	588	0	342	24102
HS	587	0	351	24453
HS	586	0	366	24819
HS	585	0	354	25173
HS	584	0	366	25539
HS	583	0	402	25941
HS	582	0	358	26299
HS	581	0	379	26678
HS	580	0	336	27014
HS	579	0	394	27408
HS	578	0	407	27815
HS	577	0	406	28221
HS	576	0	380	28601
HS	575	0	407	29008
HS	574	0	410	29418
HS	573	0	429	29847
HS	572	0	381	30228
HS	571	0	439	30667
HS	570	0	425	31092
HS	569	0	462	31554
HS	568	0	448	32002
HS	567	0	435	32437
HS	566	0	475	32912
HS	565	0	485	33397
HS	564	0	517	33914
HS	563	0	494	34408
HS	562	0	476	34884
HS	561	0	519	35403
HS	560	0	515	35918
HS	559	0	522	36440
HS	558	0	560	37000
HS	557	0	540	37540
HS	556	0	581	38121
HS	555	0	584	38705
HS	554	0	591	39296
HS	553	0	580	39876
HS	552	0	606	40482
HS	551	0	617	41099
HS	550	0	626	41725
HS	549	0	632	42357
HS	548	0	655	43012
HS	547	0	645	43657
HS	546	0	678	44335
HS	545	0	701	45036
HS	544	0	719	45755
HS	543	0	727	46482
HS	542	0	724	47206
HS	541	0	766	47972
HS	540	0	729	48701
HS	539	0	838	49539
HS	538	0	780	50319
HS	537	0	846	51165
HS	536	0	874	52039
HS	535	0	854	52893
HS	534	0	878	53771
HS	533	0	954	54725
HS	532	0	966	55691
HS	531	0	975	56666
HS	530	0	1014	57680
HS	529	0	1013	58693
HS	528	0	1009	59702
HS	527	0	1120	60822
HS	526	0	1042	61864
HS	525	0	1113	62977
HS	524	0	1058	64035
HS	523	0	1107	65142
HS	522	0	1137	66279
HS	521	0	1193	67472
HS	520	0	1257	68729
HS	519	0	1168	69897
HS	518	0	1259	71156
HS	517	0	1260	72416
HS	516	0	1343	73759
HS	515	0	1290	75049
HS	514	0	1364	76413
HS	513	0	1407	77820
HS	512	0	1442	79262
HS	511	0	1439	80701
HS	510	0	1454	82155
HS	509	0	1491	83646
HS	508	0	1567	85213
HS	507	0	1593	86806
HS	506	0	1628	88434
HS	505	0	1608	90042
HS	504	0	1675	91717
HS	503	0	1708	93425
HS	502	0	1731	95156
HS	501	0	1743	96899
HS	500	0	1785	98684
HS	499	0	1825	100509
HS	498	0	1948	102457
HS	497	0	1986	104443
HS	496	0	1982	106425
HS	495	0	1955	108380
HS	494	0	2033	110413
HS	493	0	2127	112540
HS	492	0	2138	114678
HS	491	0	2179	116857
HS	490	0	2184	119041
HS	489	0	2226	121267
HS	488	0	2301	123568
HS	487	0	2430	125998
HS	486	0	2418	128416
HS	485	0	2432	130848
HS	484	0	2327	133175
HS	483	0	2479	135654
HS	482	0	2528	138182
HS	481	0	2491	140673
HS	480	0	2656	143329
HS	479	0	2706	146035
HS	478	0	2690	148725
HS	477	0	2844	151569
HS	476	0	2908	154477
HS	475	0	2914	157391
HS	474	0	3052	160443
HS	473	0	3077	163520
HS	472	0	3245	166765
HS	471	0	3276	170041
HS	470	0	3406	173447
HS	469	0	3382	176829
HS	468	0	3361	180190
HS	467	0	3456	183646
HS	466	0	3543	187189
HS	465	0	3633	190822
HS	464	0	3687	194509
HS	463	0	3745	198254
HS	462	0	3884	202138
HS	461	0	3841	205979
HS	460	0	3960	209939
HS	459	0	3993	213932
HS	458	0	3982	217914
HS	457	0	4005	221919
HS	456	0	4148	226067
HS	455	0	4319	230386
HS	454	0	4241	234627
HS	453	0	4484	239111
HS	452	0	4432	243543
HS	451	0	4477	248020
HS	450	0	4553	252573
HS	449	0	4727	257300
HS	448	0	4949	262249
HS	447	0	4987	267236
HS	446	0	5019	272255
HS	445	0	5134	277389
HS	444	0	5265	282654
HS	443	0	5442	288096
HS	442	0	5473	293569
HS	441	0	5512	299081
HS	440	0	5599	304680
HS	439	0	5692	310372
HS	438	0	6059	316431
HS	437	0	5950	322381
HS	436	0	6183	328564
HS	435	0	6024	334588
HS	434	0	6351	340939
HS	433	0	6372	347311
HS	432	0	6529	353840
HS	431	0	6520	360360
HS	430	0	6830	367190
HS	429	0	6709	373899
HS	428	0	6866	380765
HS	427	0	6891	387656
HS	426	0	7086	394742
HS	425	0	7114	401856
HS	424	0	7351	409207
HS	423	0	7593	416800
HS	422	0	7569	424369
HS	421	0	7598	431967
HS	420	0	7810	439777
HS	419	0	7810	447587
HS	418	0	8068	455655
HS	417	0	8199	463854
HS	416	0	8377	472231
HS	415	0	8414	480645
HS	414	0	8698	489343
HS	413	0	8865	498208
HS	412	0	9092	507300
HS	411	0	9246	516546
HS	410	0	9274	525820
HS	409	0	9436	535256
HS	408	0	9699	544955
HS	407	0	9854	554809
HS	406	0	9942	564751
HS	405	0	10175	574926
HS	404	0	10452	585378
HS	403	0	10489	595867
HS	402	0	10492	606359
HS	401	0	10795	617154
HS	400	0	10909	628063
HS	399	0	11134	639197
HS	398	0	11187	650384
HS	397	0	11324	661708
HS	396	0	11324	673032
HS	395	0	11588	684620
HS	394	0	11679	696299
HS	393	0	11925	708224
HS	392	0	12071	720295
HS	391	0	12288	732583
HS	390	0	12490	745073
HS	389	0	12532	757605
HS	388	0	12909	770514
HS	387	0	12995	783509
HS	386	0	13206	796715
HS	385	0	13412	810127
HS	384	0	13814	823941
HS	383	0	13955	837896
HS	382	0	13943	851839
HS	381	0	13779	865618
HS	380	0	14547	880165
HS	379	0	14469	894634
HS	378	0	14570	909204
HS	377	0	14737	923941
HS	376	0	15048	938989
HS	375	0	15122	954111
HS	374	0	15271	969382
HS	373	0	15590	984972
HS	372	0	15715	1000687
HS	371	0	15919	1016606
HS	370	0	15993	1032599
HS	369	0	15837	1048436
HS	368	0	16243	1064679
HS	367	0	16463	1081142
HS	366	0	16584	1097726
HS	365	0	17194	1114920
HS	364	0	17177	1132097
HS	363	0	17421	1149518
HS	362	0	17362	1166880
HS	361	0	17655	1184535
HS	360	0	17802	1202337
HS	359	0	17773	1220110
HS	358	0	18152	1238262
HS	357	0	18032	1256294
HS	356	0	18305	1274599
HS	355	0	18398	1292997
HS	354	0	18471	1311468
HS	353	0	18785	1330253
HS	352	0	18924	1349177
HS	351	0	18937	1368114
HS	350	0	19441	1387555
HS	349	0	19488	1407043
HS	348	0	19766	1426809
HS	347	0	20074	1446883
HS	346	0	20183	1467066
HS	345	0	20268	1487334
HS	344	0	20239	1507573
HS	343	0	20299	1527872
HS	342	0	20578	1548450
HS	341	0	20823	1569273
HS	340	0	20390	1589663
HS	339	0	21039	1610702
HS	338	0	21017	1631719
HS	337	0	21031	1652750
HS	336	0	21245	1673995
HS	335	0	21352	1695347
HS	334	0	21580	1716927
HS	333	0	21432	1738359
HS	332	0	21599	1759958
HS	331	0	21689	1781647
HS	330	0	21535	1803182
HS	329	0	21947	1825129
HS	328	0	22384	1847513
HS	327	0	22393	1869906
HS	326	0	22297	1892203
HS	325	0	22255	1914458
HS	324	0	22770	1937228
HS	323	0	22574	1959802
HS	322	0	22679	1982481
HS	321	0	23205	2005686
HS	320	0	22947	2028633
HS	319	0	23060	2051693
HS	318	0	23119	2074812
HS	317	0	23310	2098122
HS	316	0	23102	2121224
HS	315	0	23171	2144395
HS	314	0	23282	2167677
HS	313	0	23257	2190934
HS	312	0	23180	2214114
HS	311	0	23421	2237535
HS	310	0	23492	2261027
HS	309	0	23322	2284349
HS	308	0	23473	2307822
HS	307	0	23391	2331213
HS	306	0	23151	2354364
HS	305	0	23269	2377633
HS	304	0	23469	2401102
HS	303	0	23281	2424383
HS	302	0	23292	2447675
HS	301	0	23233	2470908
HS	300	0	23074	2493982
HS	299	0	23110	2517092
HS	298	0	22972	2540064
HS	297	0	22749	2562813
HS	296	0	22641	2585454
HS	295	0	22784	2608238
HS	294	0	22867	2631105
HS	293	0	22537	2653642
HS	292	0	22362	2676004
HS	291	0	22331	2698335
HS	290	0	22556	2720891
HS	289	0	22451	2743342
HS	288	0	22280	2765622
HS	287	0	22078	2787700
HS	286	0	22193	2809893
HS	285	0	21851	2831744
HS	284	0	21755	2853499
HS	283	0	21982	2875481
HS	282	0	21603	2897084
HS	281	0	21630	2918714
HS	280	0	21539	2940253
HS	279	0	21485	2961738
HS	278	0	21130	2982868
HS	277	0	20967	3003835
HS	276	0	20646	3024481
HS	275	0	20488	3044969
HS	274	0	20448	3065417
HS	273	0	20528	3085945
HS	272	0	20020	3105965
HS	271	0	19670	3125635
HS	270	0	19734	3145369
HS	269	0	19511	3164880
HS	268	0	19241	3184121
HS	267	0	18977	3203098
HS	266	0	18927	3222025
HS	265	0	18907	3240932
HS	264	0	18613	3259545
HS	263	0	18335	3277880
HS	262	0	18217	3296097
HS	261	0	17833	3313930
HS	260	0	17604	3331534
HS	259	0	17500	3349034
HS	258	0	17431	3366465
HS	257	0	16784	3383249
HS	256	0	16805	3400054
HS	255	0	16608	3416662
HS	254	0	16394	3433056
HS	253	0	16232	3449288
HS	252	0	15985	3465273
HS	251	0	15407	3480680
HS	250	0	15375	3496055
HS	249	0	15121	3511176
HS	248	0	14739	3525915
HS	247	0	14602	3540517
HS	246	0	14158	3554675
HS	245	0	13895	3568570
HS	244	0	13724	3582294
HS	243	0	13391	3595685
HS	242	0	13064	3608749
HS	241	0	12693	3621442
HS	240	0	12303	3633745
HS	239	0	12046	3645791
HS	238	0	11990	3657781
HS	237	0	11523	3669304
HS	236	0	11456	3680760
HS	235	0	11020	3691780
HS	234	0	10724	3702504
HS	233	0	10820	3713324
HS	232	0	10551	3723875
HS	231	0	10062	3733937
HS	230	0	9749	3743686
HS	229	0	9584	3753270
HS	228	0	9534	3762804
HS	227	0	9012	3771816
HS	226	0	8866	3780682
HS	225	0	8782	3789464
HS	224	0	8575	3798039
HS	223	0	8238	3806277
HS	222	0	7934	3814211
HS	221	0	7784	3821995
HS	220	0	7470	3829465
HS	219	0	7370	3836835
HS	218	0	7347	3844182
HS	217	0	7032	3851214
HS	216	0	6770	3857984
HS	215	0	6643	3864627
HS	214	0	6498	3871125
HS	213	0	6150	3877275
HS	212	0	5924	3883199
HS	211	0	5737	3888936
HS	210	0	5678	3894614
HS	209	0	5333	3899947
HS	208	0	5346	3905293
HS	207	0	5282	3910575
HS	206	0	5036	3915611
HS	205	0	4800	3920411
HS	204	0	4704	3925115
HS	203	0	4538	3929653
HS	202	0	4418	3934071
HS	201	0	4148	3938219
HS	200	0	3944	3942163
HS	199	0	3866	3946029
HS	198	0	3649	3949678
HS	197	0	3505	3953183
HS	196	0	3467	3956650
HS	195	0	3285	3959935
HS	194	0	3171	3963106
HS	193	0	3013	3966119
HS	192	0	3031	3969150
HS	191	0	2890	3972040
HS	190	0	2715	3974755
HS	189	0	2603	3977358
HS	188	0	2645	3980003
HS	187	0	2495	3982498
HS	186	0	2436	3984934
HS	185	0	2339	3987273
HS	184	0	2226	3989499
HS	183	0	2112	3991611
HS	182	0	2053	3993664
HS	181	0	1862	3995526
HS	180	0	1821	3997347
HS	179	0	1660	3999007
HS	178	0	1600	4000607
HS	177	0	1596	4002203
HS	176	0	1480	4003683
HS	175	0	1404	4005087
HS	174	0	1288	4006375
HS	173	0	1261	4007636
HS	172	0	1181	4008817
HS	171	0	1177	4009994
HS	170	0	1174	4011168
HS	169	0	1086	4012254
HS	168	0	991	4013245
HS	167	0	980	4014225
HS	166	0	947	4015172
HS	165	0	901	4016073
HS	164	0	867	4016940
HS	163	0	848	4017788
HS	162	0	751	4018539
HS	161	0	738	4019277
HS	160	0	683	4019960
HS	159	0	667	4020627
HS	158	0	612	4021239
HS	157	0	586	4021825
HS	156	0	603	4022428
HS	155	0	533	4022961
HS	154	0	547	4023508
HS	153	0	501	4024009
HS	152	0	536	4024545
HS	151	0	472	4025017
HS	150	0	471	4025488
HS	149	0	460	4025948
HS	148	0	489	4026437
HS	147	0	414	4026851
HS	146	0	399	4027250
HS	145	0	391	4027641
HS	144	0	395	4028036
HS	143	0	368	4028404
HS	142	0	326	4028730
HS	141	0	328	4029058
HS	140	0	294	4029352
HS	139	0	260	4029612
HS	138	0	244	4029856
HS	137	0	217	4030073
HS	136	0	193	4030266
HS	135	0	168	4030434
HS	134	0	202	4030636
HS	133	0	177	4030813
HS	132	0	194	4031007
HS	131	0	195	4031202
HS	130	0	199	4031401
HS	129	0	185	4031586
HS	128	0	164	4031750
HS	127	0	166	4031916
HS	126	0	142	4032058
HS	125	0	147	4032205
HS	124	0	177	4032382
HS	123	0	130	4032512
HS	122	0	122	4032634
HS	121	0	132	4032766
HS	120	0	118	4032884
HS	119	0	120	4033004
HS	118	0	90	4033094
HS	117	0	102	4033196
HS	116	0	98	4033294
HS	115	0	107	4033401
HS	114	0	110	4033511
HS	113	0	95	4033606
HS	112	0	78	4033684
HS	111	0	85	4033769
HS	110	0	69	4033838
HS	109	0	68	4033906
HS	108	0	66	4033972
HS	107	0	67	4034039
HS	106	0	59	4034098
HS	105	0	61	4034159
HS	104	0	55	4034214
HS	103	0	51	4034265
HS	102	0	71	4034336
HS	101	0	59	4034395
HS	100	0	54	4034449
HS	99	0	44	4034493
HS	98	0	36	4034529
HS	97	0	42	4034571
HS	96	0	45	4034616
HS	95	0	43	4034659
HS	94	0	55	4034714
HS	93	0	65	4034779
HS	92	0	57	4034836
HS	91	0	64	4034900
HS	90	0	48	4034948
HS	89	0	42	4034990
HS	88	0	56	4035046
HS	87	0	41	4035087
HS	86	0	43	4035130
HS	85	0	43	4035173
HS	84	0	34	4035207
HS	83	0	51	4035258
HS	82	0	62	4035320
HS	81	0	48	4035368
HS	80	0	27	4035395
HS	79	0	39	4035434
HS	78	0	53	4035487
HS	77	0	72	4035559
HS	76	0	66	4035625
HS	75	0	100	4035725
HS	74	0	94	4035819
HS	73	0	79	4035898
HS	72	0	93	4035991
HS	71	0	81	4036072
HS	70	0	84	4036156
HS	69	0	90	4036246
HS	68	0	99	4036345
HS	67	0	86	4036431
HS	66	0	127	4036558
HS	65	0	123	4036681
HS	64	0	135	4036816
HS	63	0	193	4037009
HS	62	0	153	4037162
HS	61	0	130	4037292
HS	60	0	167	4037459
HS	59	0	228	4037687
HS	58	0	191	4037878
HS	57	0	234	4038112
HS	56	0	254	4038366
HS	55	0	348	4038714
HS	54	0	423	4039137
HS	53	0	445	4039582
HS	52	0	523	4040105
HS	51	0	543	4040648
HS	50	0	563	4041211
HS	49	0	665	4041876
HS	48	0	733	4042609
HS	47	0	763	4043372
HS	46	0	868	4044240
HS	45	0	981	4045221
HS	44	0	1128	4046349
HS	43	0	1253	4047602
HS	42	0	1280	4048882
HS	41	0	1537	4050419
HS	40	0	1606	4052025
HS	39	0	1856	4053881
HS	38	0	2081	4055962
HS	37	0	2495	4058457
HS	36	0	2719	4061176
HS	35	0	3212	4064388
HS	34	0	3487	4067875
HS	33	0	3841	4071716
HS	32	0	4341	4076057
HS	31	0	4992	4081049
HS	30	0	5527	4086576
HS	29	0	6262	4092838
HS	28	0	7235	4100073
HS	27	0	8370	4108443
HS	26	0	9530	4117973
HS	25	0	11522	4129495
HS	24	0	13095	4142590
HS	23	0	14863	4157453
HS	22	0	18146	4175599
HS	21	0	21747	4197346
HS	20	0	26668	4224014
HS	19	0	34365	4258379
HS	18	0	42766	4301145
HS	17	0	55572	4356717
HS	16	0	73542	4430259
HS	15	0	99794	4530053
HS	14	0	133719	4663772
HS	13	0	182618	4846390
HS	12	0	248990	5095380
HS	11	0	328683	5424063
HS	10	0	426587	5850650
HS	9	0	535177	6385827
HS	8	0	665564	7051391
HS	7	0	822776	7874167
HS	6	0	1035761	8909928
HS	5	0	1418974	10328902
HS	4	0	2317080	12645982
HS	3	0	4985002	17630984
HS	2	0	15183440	32814424
HS	1	0	0	32814424
HS	0	0	0	32814424
