CC	CT  kmer_occurrence    short_read_kmer_count  raw_input_kmer_count  adjusted_input_kmer_count
CC	FR  fpr_lower_bound    fpr_upper_bound
CC	ER  total_input_kmers  adjusted_error_kmers
CC	CV  coverage
CC	QV  raw_quality_value  adjusted_quality_value
CC
SQ	CP128112.1	5305954	5305924	5305005	52.53
CT	1023	5159	69884	69884.000
CT	1022	1	14	14.000
CT	1021	1	6	6.000
CT	1020	1	9	9.000
CT	1019	1	14	14.000
CT	1018	0	0	0.000
CT	1017	0	0	0.000
CT	1016	1	8	8.000
CT	1015	1	7	7.000
CT	1014	1	14	14.000
CT	1013	0	0	0.000
CT	1012	2	16	16.000
CT	1011	2	20	20.000
CT	1010	3	24	24.000
CT	1009	1	9	9.000
CT	1008	1	9	9.000
CT	1007	2	28	28.000
CT	1006	0	0	0.000
CT	1005	0	0	0.000
CT	1004	0	0	0.000
CT	1003	0	0	0.000
CT	1002	2	17	17.000
CT	1001	0	0	0.000
CT	1000	1	0	0.000
CT	999	0	0	0.000
CT	998	2	21	21.000
CT	997	1	9	9.000
CT	996	2	13	13.000
CT	995	0	0	0.000
CT	994	0	0	0.000
CT	993	0	0	0.000
CT	992	1	9	9.000
CT	991	1	6	6.000
CT	990	1	9	9.000
CT	989	1	6	6.000
CT	988	1	6	6.000
CT	987	0	0	0.000
CT	986	0	0	0.000
CT	985	0	0	0.000
CT	984	0	0	0.000
CT	983	0	0	0.000
CT	982	1	14	14.000
CT	981	1	4	4.000
CT	980	1	7	7.000
CT	979	0	0	0.000
CT	978	0	0	0.000
CT	977	1	7	7.000
CT	976	0	0	0.000
CT	975	1	0	0.000
CT	974	2	8	8.000
CT	973	2	4	4.000
CT	972	0	0	0.000
CT	971	1	7	7.000
CT	970	1	4	4.000
CT	969	0	0	0.000
CT	968	0	0	0.000
CT	967	0	0	0.000
CT	966	1	7	7.000
CT	965	1	14	14.000
CT	964	2	8	8.000
CT	963	0	0	0.000
CT	962	0	0	0.000
CT	961	1	7	7.000
CT	960	0	0	0.000
CT	959	1	7	7.000
CT	958	1	8	8.000
CT	957	1	7	7.000
CT	956	2	15	15.000
CT	955	1	7	7.000
CT	954	0	0	0.000
CT	953	2	12	12.000
CT	952	4	32	32.000
CT	951	4	23	23.000
CT	950	3	18	18.000
CT	949	4	26	26.000
CT	948	4	19	19.000
CT	947	1	4	4.000
CT	946	5	24	24.000
CT	945	2	12	12.000
CT	944	5	29	29.000
CT	943	5	20	20.000
CT	942	5	54	54.000
CT	941	3	22	22.000
CT	940	1	4	4.000
CT	939	3	22	22.000
CT	938	5	28	28.000
CT	937	3	22	22.000
CT	936	5	37	37.000
CT	935	1	7	7.000
CT	934	2	8	8.000
CT	933	3	15	15.000
CT	932	3	15	15.000
CT	931	2	15	15.000
CT	930	1	4	4.000
CT	929	3	14	14.000
CT	928	0	0	0.000
CT	927	3	12	12.000
CT	926	2	4	4.000
CT	925	4	27	27.000
CT	924	4	28	28.000
CT	923	1	8	8.000
CT	922	3	11	11.000
CT	921	0	0	0.000
CT	920	2	16	16.000
CT	919	2	11	11.000
CT	918	0	0	0.000
CT	917	1	4	4.000
CT	916	1	4	4.000
CT	915	3	15	15.000
CT	914	4	20	20.000
CT	913	3	15	15.000
CT	912	2	8	8.000
CT	911	5	24	24.000
CT	910	4	15	15.000
CT	909	7	28	28.000
CT	908	3	20	20.000
CT	907	4	16	16.000
CT	906	2	8	8.000
CT	905	2	8	8.000
CT	904	4	16	16.000
CT	903	9	48	48.000
CT	902	6	26	26.000
CT	901	5	22	22.000
CT	900	4	18	18.000
CT	899	3	12	12.000
CT	898	4	24	24.000
CT	897	2	8	8.000
CT	896	9	52	52.000
CT	895	8	54	54.000
CT	894	3	17	17.000
CT	893	6	30	30.000
CT	892	8	35	35.000
CT	891	3	16	16.000
CT	890	4	27	27.000
CT	889	4	22	22.000
CT	888	4	17	17.000
CT	887	5	25	25.000
CT	886	6	31	31.000
CT	885	3	13	13.000
CT	884	5	27	27.000
CT	883	9	44	44.000
CT	882	5	24	24.000
CT	881	6	33	33.000
CT	880	2	9	9.000
CT	879	3	14	14.000
CT	878	8	42	42.000
CT	877	10	49	49.000
CT	876	6	28	28.000
CT	875	7	33	33.000
CT	874	6	34	34.000
CT	873	3	13	13.000
CT	872	3	16	16.000
CT	871	11	50	50.000
CT	870	1	5	5.000
CT	869	3	12	12.000
CT	868	6	28	28.000
CT	867	5	31	31.000
CT	866	6	29	29.000
CT	865	3	15	15.000
CT	864	4	18	18.000
CT	863	4	20	20.000
CT	862	7	29	29.000
CT	861	3	13	13.000
CT	860	4	16	16.000
CT	859	4	17	17.000
CT	858	4	18	18.000
CT	857	1	6	6.000
CT	856	5	21	21.000
CT	855	4	23	23.000
CT	854	5	21	21.000
CT	853	4	19	19.000
CT	852	3	15	15.000
CT	851	2	8	8.000
CT	850	4	17	17.000
CT	849	6	26	26.000
CT	848	5	24	24.000
CT	847	7	31	31.000
CT	846	4	19	19.000
CT	845	9	39	39.000
CT	844	4	16	16.000
CT	843	8	40	40.000
CT	842	8	37	37.000
CT	841	5	26	26.000
CT	840	3	15	15.000
CT	839	4	16	16.000
CT	838	0	0	0.000
CT	837	6	26	26.000
CT	836	3	13	13.000
CT	835	7	30	30.000
CT	834	8	40	40.000
CT	833	3	13	13.000
CT	832	5	27	27.000
CT	831	4	20	20.000
CT	830	2	8	8.000
CT	829	7	30	30.000
CT	828	7	33	33.000
CT	827	3	15	15.000
CT	826	4	24	24.000
CT	825	6	32	32.000
CT	824	2	10	10.000
CT	823	8	39	39.000
CT	822	1	4	4.000
CT	821	6	37	37.000
CT	820	5	23	23.000
CT	819	4	18	18.000
CT	818	7	34	34.000
CT	817	7	34	34.000
CT	816	2	5	5.000
CT	815	6	25	25.000
CT	814	2	9	9.000
CT	813	4	20	20.000
CT	812	2	10	10.000
CT	811	6	20	20.000
CT	810	2	8	8.000
CT	809	3	13	13.000
CT	808	6	29	29.000
CT	807	3	13	13.000
CT	806	1	6	6.000
CT	805	8	25	25.000
CT	804	3	14	14.000
CT	803	6	32	32.000
CT	802	7	26	26.000
CT	801	8	40	40.000
CT	800	4	17	17.000
CT	799	9	38	38.000
CT	798	7	27	27.000
CT	797	5	31	31.000
CT	796	7	35	35.000
CT	795	4	15	15.000
CT	794	5	27	27.000
CT	793	8	39	39.000
CT	792	4	24	24.000
CT	791	4	15	15.000
CT	790	8	33	33.000
CT	789	6	36	36.000
CT	788	7	30	30.000
CT	787	10	42	42.000
CT	786	7	38	38.000
CT	785	18	65	65.000
CT	784	13	45	45.000
CT	783	10	46	46.000
CT	782	8	41	41.000
CT	781	5	20	20.000
CT	780	6	27	27.000
CT	779	4	19	19.000
CT	778	4	17	17.000
CT	777	3	12	12.000
CT	776	2	11	11.000
CT	775	2	8	8.000
CT	774	4	12	12.000
CT	773	4	16	16.000
CT	772	3	12	12.000
CT	771	6	25	25.000
CT	770	3	8	8.000
CT	769	5	17	17.000
CT	768	1	4	4.000
CT	767	7	24	24.000
CT	766	4	17	17.000
CT	765	3	18	18.000
CT	764	5	23	23.000
CT	763	3	14	14.000
CT	762	3	14	14.000
CT	761	4	16	16.000
CT	760	2	8	8.000
CT	759	5	21	21.000
CT	758	7	28	28.000
CT	757	5	22	22.000
CT	756	6	24	24.000
CT	755	6	19	19.000
CT	754	9	37	37.000
CT	753	7	28	28.000
CT	752	3	12	12.000
CT	751	7	24	24.000
CT	750	6	20	20.000
CT	749	3	12	12.000
CT	748	2	8	8.000
CT	747	2	8	8.000
CT	746	4	12	12.000
CT	745	7	24	24.000
CT	744	10	43	43.000
CT	743	6	26	26.000
CT	742	7	24	24.000
CT	741	5	16	16.000
CT	740	4	17	17.000
CT	739	5	20	20.000
CT	738	8	40	40.000
CT	737	3	17	17.000
CT	736	3	13	13.000
CT	735	6	26	26.000
CT	734	8	31	31.000
CT	733	7	28	28.000
CT	732	8	33	33.000
CT	731	7	28	28.000
CT	730	4	16	16.000
CT	729	4	15	15.000
CT	728	9	32	32.000
CT	727	5	20	20.000
CT	726	6	29	29.000
CT	725	8	29	29.000
CT	724	5	14	14.000
CT	723	6	26	26.000
CT	722	7	25	25.000
CT	721	7	24	24.000
CT	720	13	43	43.000
CT	719	10	28	28.000
CT	718	9	29	29.000
CT	717	6	22	22.000
CT	716	8	19	19.000
CT	715	9	31	31.000
CT	714	13	51	51.000
CT	713	13	44	44.000
CT	712	14	44	44.000
CT	711	15	43	43.000
CT	710	11	37	37.000
CT	709	12	36	36.000
CT	708	8	27	27.000
CT	707	8	27	27.000
CT	706	14	51	51.000
CT	705	8	27	27.000
CT	704	8	27	27.000
CT	703	8	35	35.000
CT	702	7	25	25.000
CT	701	12	41	41.000
CT	700	8	30	30.000
CT	699	8	31	31.000
CT	698	11	28	28.000
CT	697	6	14	14.000
CT	696	7	21	21.000
CT	695	4	8	8.000
CT	694	8	24	24.000
CT	693	4	12	12.000
CT	692	5	18	18.000
CT	691	9	32	32.000
CT	690	7	32	32.000
CT	689	5	23	23.000
CT	688	5	13	13.000
CT	687	9	28	28.000
CT	686	5	13	13.000
CT	685	7	22	22.000
CT	684	11	20	20.000
CT	683	11	28	28.000
CT	682	10	25	25.000
CT	681	5	5	5.000
CT	680	14	30	30.000
CT	679	12	45	45.000
CT	678	8	22	22.000
CT	677	11	19	19.000
CT	676	14	18	18.000
CT	675	15	44	44.000
CT	674	10	29	29.000
CT	673	18	40	40.000
CT	672	9	19	19.000
CT	671	12	18	18.000
CT	670	14	39	39.000
CT	669	17	43	43.000
CT	668	15	32	32.000
CT	667	18	36	36.000
CT	666	14	32	32.000
CT	665	10	32	32.000
CT	664	12	42	42.000
CT	663	5	8	8.000
CT	662	10	31	31.000
CT	661	14	45	45.000
CT	660	13	48	48.000
CT	659	5	19	19.000
CT	658	10	35	35.000
CT	657	11	35	35.000
CT	656	11	30	30.000
CT	655	9	23	23.000
CT	654	12	36	36.000
CT	653	10	23	23.000
CT	652	13	26	26.000
CT	651	7	27	27.000
CT	650	13	48	48.000
CT	649	10	29	29.000
CT	648	15	38	38.000
CT	647	14	34	34.000
CT	646	20	57	57.000
CT	645	12	45	45.000
CT	644	16	42	42.000
CT	643	18	29	29.000
CT	642	15	46	46.000
CT	641	17	32	32.000
CT	640	24	55	55.000
CT	639	11	24	24.000
CT	638	16	32	32.000
CT	637	23	71	71.000
CT	636	21	53	53.000
CT	635	14	45	45.000
CT	634	20	41	41.000
CT	633	14	37	37.000
CT	632	22	55	55.000
CT	631	20	35	35.000
CT	630	22	44	44.000
CT	629	17	20	20.000
CT	628	14	22	22.000
CT	627	12	12	12.000
CT	626	23	42	42.000
CT	625	16	20	20.000
CT	624	18	19	19.000
CT	623	15	17	17.000
CT	622	24	46	46.000
CT	621	15	13	13.000
CT	620	28	36	36.000
CT	619	15	12	12.000
CT	618	22	18	18.000
CT	617	17	36	36.000
CT	616	14	9	9.000
CT	615	19	25	25.000
CT	614	20	33	33.000
CT	613	23	25	25.000
CT	612	21	40	40.000
CT	611	24	41	41.000
CT	610	15	18	18.000
CT	609	32	45	45.000
CT	608	24	43	43.000
CT	607	20	34	34.000
CT	606	21	24	24.000
CT	605	22	29	29.000
CT	604	12	21	21.000
CT	603	17	25	25.000
CT	602	29	56	56.000
CT	601	23	40	40.000
CT	600	19	28	28.000
CT	599	22	36	36.000
CT	598	23	41	41.000
CT	597	26	41	41.000
CT	596	37	39	39.000
CT	595	19	27	27.000
CT	594	25	32	32.000
CT	593	29	49	49.000
CT	592	20	12	12.000
CT	591	30	49	49.000
CT	590	24	16	16.000
CT	589	36	54	54.000
CT	588	26	23	23.000
CT	587	22	33	33.000
CT	586	33	41	41.000
CT	585	22	16	16.000
CT	584	28	26	26.000
CT	583	22	31	31.000
CT	582	35	28	28.000
CT	581	38	48	48.000
CT	580	30	19	19.000
CT	579	38	45	45.000
CT	578	16	9	9.000
CT	577	29	48	48.000
CT	576	30	13	13.000
CT	575	31	45	45.000
CT	574	27	25	25.000
CT	573	27	18	18.000
CT	572	17	11	11.000
CT	571	37	44	44.000
CT	570	31	44	44.000
CT	569	40	41	41.000
CT	568	36	41	41.000
CT	567	25	38	38.000
CT	566	29	42	42.000
CT	565	20	19	19.000
CT	564	32	43	43.000
CT	563	34	37	37.000
CT	562	18	13	13.000
CT	561	20	33	33.000
CT	560	21	20	20.000
CT	559	22	26	26.000
CT	558	31	35	35.000
CT	557	23	18	18.000
CT	556	25	31	31.000
CT	555	30	44	44.000
CT	554	30	25	25.000
CT	553	34	12	12.000
CT	552	34	40	40.000
CT	551	41	50	50.000
CT	550	40	32	32.000
CT	549	43	85	85.000
CT	548	36	21	21.000
CT	547	38	56	56.000
CT	546	42	47	47.000
CT	545	32	28	28.000
CT	544	39	26	26.000
CT	543	27	28	28.000
CT	542	25	39	39.000
CT	541	36	42	42.000
CT	540	43	61	61.000
CT	539	30	36	36.000
CT	538	44	50	50.000
CT	537	35	28	28.000
CT	536	39	37	37.000
CT	535	36	21	21.000
CT	534	59	55	55.000
CT	533	52	39	39.000
CT	532	47	51	51.000
CT	531	35	43	43.000
CT	530	27	24	24.000
CT	529	51	35	35.000
CT	528	38	43	43.000
CT	527	28	24	24.000
CT	526	42	60	60.000
CT	525	39	37	37.000
CT	524	52	67	67.000
CT	523	40	43	43.000
CT	522	47	53	53.000
CT	521	41	54	54.000
CT	520	54	84	84.000
CT	519	48	47	47.000
CT	518	51	29	29.000
CT	517	58	48	48.000
CT	516	58	41	41.000
CT	515	72	76	76.000
CT	514	51	44	44.000
CT	513	62	58	58.000
CT	512	52	54	54.000
CT	511	60	63	63.000
CT	510	70	54	54.000
CT	509	65	40	40.000
CT	508	65	78	78.000
CT	507	60	53	53.000
CT	506	53	42	42.000
CT	505	65	64	64.000
CT	504	59	53	53.000
CT	503	65	67	67.000
CT	502	54	36	36.000
CT	501	73	83	83.000
CT	500	69	50	50.000
CT	499	64	64	64.000
CT	498	77	79	79.000
CT	497	83	87	87.000
CT	496	70	64	64.000
CT	495	69	68	68.000
CT	494	73	54	54.000
CT	493	81	91	91.000
CT	492	73	78	78.000
CT	491	65	59	59.000
CT	490	70	68	68.000
CT	489	70	67	67.000
CT	488	79	55	55.000
CT	487	71	56	56.000
CT	486	79	79	79.000
CT	485	84	60	60.000
CT	484	77	38	38.000
CT	483	84	75	75.000
CT	482	78	79	79.000
CT	481	76	70	70.000
CT	480	69	56	56.000
CT	479	78	64	64.000
CT	478	77	77	77.000
CT	477	67	58	58.000
CT	476	79	55	55.000
CT	475	75	74	74.000
CT	474	81	63	63.000
CT	473	88	25	25.000
CT	472	100	79	79.000
CT	471	87	75	75.000
CT	470	72	54	54.000
CT	469	82	43	43.000
CT	468	96	64	64.000
CT	467	73	52	52.000
CT	466	71	51	51.000
CT	465	80	47	47.000
CT	464	95	75	75.000
CT	463	86	73	73.000
CT	462	94	63	63.000
CT	461	97	44	44.000
CT	460	112	77	77.000
CT	459	133	84	84.000
CT	458	104	50	50.000
CT	457	107	58	58.000
CT	456	104	71	71.000
CT	455	101	85	85.000
CT	454	99	62	62.000
CT	453	84	44	44.000
CT	452	79	52	52.000
CT	451	115	54	54.000
CT	450	91	46	46.000
CT	449	109	108	108.000
CT	448	88	77	77.000
CT	447	114	64	64.000
CT	446	104	81	81.000
CT	445	104	98	98.000
CT	444	91	70	70.000
CT	443	108	59	59.000
CT	442	99	71	71.000
CT	441	101	82	82.000
CT	440	96	94	94.000
CT	439	101	74	74.000
CT	438	107	68	68.000
CT	437	105	58	58.000
CT	436	109	80	80.000
CT	435	96	74	74.000
CT	434	120	102	102.000
CT	433	106	94	94.000
CT	432	112	94	94.000
CT	431	111	85	85.000
CT	430	146	90	90.000
CT	429	130	106	106.000
CT	428	138	134	134.000
CT	427	106	58	58.000
CT	426	139	126	126.000
CT	425	132	100	100.000
CT	424	122	88	88.000
CT	423	123	113	113.000
CT	422	129	81	81.000
CT	421	128	110	110.000
CT	420	122	94	94.000
CT	419	120	85	85.000
CT	418	151	105	105.000
CT	417	161	130	130.000
CT	416	155	105	105.000
CT	415	162	112	112.000
CT	414	160	104	104.000
CT	413	145	89	89.000
CT	412	146	128	128.000
CT	411	167	113	113.000
CT	410	175	145	145.000
CT	409	171	128	128.000
CT	408	179	123	123.000
CT	407	193	143	143.000
CT	406	164	97	97.000
CT	405	208	133	133.000
CT	404	183	131	131.000
CT	403	207	133	133.000
CT	402	158	149	149.000
CT	401	200	139	139.000
CT	400	163	135	135.000
CT	399	163	131	131.000
CT	398	187	124	124.000
CT	397	192	136	136.000
CT	396	216	157	157.000
CT	395	196	138	138.000
CT	394	189	138	138.000
CT	393	189	144	144.000
CT	392	186	129	129.000
CT	391	206	159	159.000
CT	390	203	132	132.000
CT	389	217	146	146.000
CT	388	190	99	99.000
CT	387	185	106	106.000
CT	386	206	135	135.000
CT	385	191	157	157.000
CT	384	217	164	164.000
CT	383	223	134	134.000
CT	382	238	145	145.000
CT	381	225	166	166.000
CT	380	211	133	133.000
CT	379	189	111	111.000
CT	378	205	133	133.000
CT	377	211	169	169.000
CT	376	192	175	175.000
CT	375	198	177	177.000
CT	374	213	179	179.000
CT	373	224	169	169.000
CT	372	218	184	184.000
CT	371	221	172	172.000
CT	370	226	208	208.000
CT	369	244	192	192.000
CT	368	228	172	172.000
CT	367	240	191	191.000
CT	366	228	184	184.000
CT	365	299	246	246.000
CT	364	244	215	215.000
CT	363	267	181	181.000
CT	362	275	243	243.000
CT	361	317	260	260.000
CT	360	298	238	238.000
CT	359	282	241	241.000
CT	358	286	229	229.000
CT	357	294	252	252.000
CT	356	356	335	335.000
CT	355	321	275	275.000
CT	354	326	303	303.000
CT	353	312	267	267.000
CT	352	339	282	282.000
CT	351	334	304	304.000
CT	350	361	299	299.000
CT	349	360	307	307.000
CT	348	410	339	339.000
CT	347	397	320	320.000
CT	346	408	335	335.000
CT	345	412	353	353.000
CT	344	397	334	334.000
CT	343	452	377	377.000
CT	342	455	381	381.000
CT	341	494	454	454.000
CT	340	514	445	445.000
CT	339	515	457	457.000
CT	338	540	485	485.000
CT	337	539	497	497.000
CT	336	549	490	490.000
CT	335	514	499	499.000
CT	334	560	492	492.000
CT	333	586	567	567.000
CT	332	547	506	506.000
CT	331	548	517	517.000
CT	330	560	548	548.000
CT	329	598	574	574.000
CT	328	629	626	626.000
CT	327	645	618	618.000
CT	326	665	658	658.000
CT	325	662	640	640.000
CT	324	681	654	654.000
CT	323	747	739	739.000
CT	322	782	774	774.000
CT	321	823	838	838.000
CT	320	867	862	862.000
CT	319	858	848	848.000
CT	318	921	906	906.000
CT	317	952	952	952.000
CT	316	991	990	990.000
CT	315	1017	982	982.000
CT	314	1035	1052	1052.000
CT	313	1068	1051	1051.000
CT	312	1044	1021	1021.000
CT	311	1092	1082	1082.000
CT	310	1182	1170	1170.000
CT	309	1270	1261	1261.000
CT	308	1215	1215	1215.000
CT	307	1301	1299	1299.000
CT	306	1320	1316	1316.000
CT	305	1421	1396	1396.000
CT	304	1380	1386	1386.000
CT	303	1471	1468	1468.000
CT	302	1487	1472	1472.000
CT	301	1627	1636	1636.000
CT	300	1628	1627	1627.000
CT	299	1725	1736	1736.000
CT	298	1747	1756	1756.000
CT	297	1790	1767	1767.000
CT	296	1734	1733	1733.000
CT	295	1847	1826	1826.000
CT	294	1992	1999	1999.000
CT	293	1973	1948	1948.000
CT	292	2076	2074	2074.000
CT	291	2157	2163	2163.000
CT	290	2199	2193	2193.000
CT	289	2273	2266	2266.000
CT	288	2423	2437	2437.000
CT	287	2495	2503	2503.000
CT	286	2534	2535	2535.000
CT	285	2709	2710	2710.000
CT	284	2814	2804	2804.000
CT	283	2808	2777	2777.000
CT	282	2981	2977	2977.000
CT	281	3113	3108	3108.000
CT	280	3191	3174	3174.000
CT	279	3295	3293	3293.000
CT	278	3470	3440	3440.000
CT	277	3637	3595	3595.000
CT	276	3685	3661	3661.000
CT	275	4065	4040	4040.000
CT	274	3954	3953	3953.000
CT	273	4129	4103	4103.000
CT	272	4324	4307	4307.000
CT	271	4457	4470	4470.000
CT	270	4626	4633	4633.000
CT	269	4769	4740	4740.000
CT	268	4879	4849	4849.000
CT	267	5063	5038	5038.000
CT	266	5175	5200	5200.000
CT	265	5325	5322	5322.000
CT	264	5543	5534	5534.000
CT	263	5775	5765	5765.000
CT	262	6032	6062	6062.000
CT	261	6204	6212	6212.000
CT	260	6188	6211	6211.000
CT	259	6560	6552	6552.000
CT	258	6622	6630	6630.000
CT	257	6952	6954	6954.000
CT	256	7189	7198	7198.000
CT	255	7274	7287	7287.000
CT	254	7607	7589	7589.000
CT	253	7813	7810	7810.000
CT	252	8181	8179	8179.000
CT	251	8310	8315	8315.000
CT	250	8494	8543	8543.000
CT	249	8775	8809	8809.000
CT	248	9057	9077	9077.000
CT	247	9387	9399	9399.000
CT	246	9458	9485	9485.000
CT	245	9733	9733	9733.000
CT	244	10344	10370	10370.000
CT	243	10542	10575	10575.000
CT	242	10816	10834	10834.000
CT	241	11046	11057	11057.000
CT	240	11737	11753	11753.000
CT	239	12021	12026	12026.000
CT	238	12265	12271	12271.000
CT	237	12614	12629	12629.000
CT	236	12792	12800	12800.000
CT	235	13402	13435	13435.000
CT	234	13909	13921	13921.000
CT	233	14293	14311	14311.000
CT	232	14634	14679	14679.000
CT	231	15165	15199	15199.000
CT	230	15511	15526	15526.000
CT	229	16027	16062	16062.000
CT	228	16083	16110	16110.000
CT	227	16713	16729	16729.000
CT	226	17145	17169	17169.000
CT	225	17356	17363	17363.000
CT	224	17670	17679	17679.000
CT	223	18324	18347	18347.000
CT	222	18734	18740	18740.000
CT	221	18960	18988	18988.000
CT	220	19644	19691	19691.000
CT	219	20223	20238	20238.000
CT	218	20754	20777	20777.000
CT	217	21469	21486	21486.000
CT	216	22012	22035	22035.000
CT	215	22819	22828	22828.000
CT	214	23105	23123	23123.000
CT	213	23663	23662	23662.000
CT	212	24281	24312	24312.000
CT	211	24607	24613	24613.000
CT	210	25692	25701	25701.000
CT	209	26532	26533	26533.000
CT	208	26834	26833	26833.000
CT	207	27439	27463	27463.000
CT	206	27927	27933	27933.000
CT	205	28399	28404	28404.000
CT	204	28701	28719	28719.000
CT	203	29358	29382	29382.000
CT	202	30152	30197	30197.000
CT	201	30415	30440	30440.000
CT	200	31553	31583	31583.000
CT	199	31876	31911	31911.000
CT	198	32427	32462	32462.000
CT	197	33162	33186	33186.000
CT	196	33606	33629	33629.000
CT	195	34559	34602	34602.000
CT	194	34868	34910	34910.000
CT	193	35660	35703	35703.000
CT	192	36286	36334	36334.000
CT	191	36657	36684	36684.000
CT	190	37241	37276	37276.000
CT	189	38141	38168	38168.000
CT	188	38546	38576	38576.000
CT	187	38697	38720	38720.000
CT	186	39465	39485	39485.000
CT	185	39746	39785	39785.000
CT	184	40629	40641	40641.000
CT	183	41156	41186	41186.000
CT	182	42110	42123	42123.000
CT	181	42444	42463	42463.000
CT	180	43270	43287	43287.000
CT	179	43995	43993	43993.000
CT	178	44443	44452	44452.000
CT	177	43896	43903	43903.000
CT	176	44851	44845	44845.000
CT	175	45146	45147	45147.000
CT	174	45686	45705	45705.000
CT	173	46173	46188	46188.000
CT	172	46331	46317	46317.000
CT	171	46613	46620	46620.000
CT	170	47190	47199	47199.000
CT	169	47509	47523	47523.000
CT	168	48145	48142	48142.000
CT	167	48438	48447	48447.000
CT	166	49167	49186	49186.000
CT	165	49022	49019	49019.000
CT	164	49438	49444	49444.000
CT	163	49290	49294	49294.000
CT	162	49758	49756	49756.000
CT	161	50057	50058	50058.000
CT	160	49584	49591	49591.000
CT	159	50305	50299	50299.000
CT	158	49941	49917	49917.000
CT	157	50101	50093	50093.000
CT	156	50140	50143	50143.000
CT	155	49530	49537	49537.000
CT	154	50126	50127	50127.000
CT	153	49282	49290	49290.000
CT	152	49795	49801	49801.000
CT	151	49509	49527	49527.000
CT	150	48976	48988	48988.000
CT	149	49228	49238	49238.000
CT	148	49203	49205	49205.000
CT	147	48907	48917	48917.000
CT	146	48008	48028	48028.000
CT	145	47832	47847	47847.000
CT	144	47478	47498	47498.000
CT	143	46864	46884	46884.000
CT	142	46484	46503	46503.000
CT	141	45247	45251	45251.000
CT	140	45370	45376	45376.000
CT	139	44832	44837	44837.000
CT	138	44128	44139	44139.000
CT	137	43574	43575	43575.000
CT	136	43102	43106	43106.000
CT	135	42467	42485	42485.000
CT	134	41482	41496	41496.000
CT	133	40899	40900	40900.000
CT	132	39998	39996	39996.000
CT	131	40110	40110	40110.000
CT	130	39093	39112	39112.000
CT	129	38431	38442	38442.000
CT	128	37459	37469	37469.000
CT	127	36472	36485	36485.000
CT	126	34780	34806	34806.000
CT	125	34273	34277	34277.000
CT	124	33241	33232	33232.000
CT	123	32529	32527	32527.000
CT	122	31201	31207	31207.000
CT	121	30382	30396	30396.000
CT	120	29342	29354	29354.000
CT	119	28429	28415	28415.000
CT	118	27470	27460	27460.000
CT	117	26380	26372	26372.000
CT	116	25768	25764	25764.000
CT	115	24901	24927	24927.000
CT	114	23789	23798	23798.000
CT	113	23448	23454	23454.000
CT	112	22282	22286	22286.000
CT	111	21675	21691	21691.000
CT	110	20705	20712	20712.000
CT	109	19908	19916	19916.000
CT	108	19026	19025	19025.000
CT	107	18248	18241	18241.000
CT	106	17405	17406	17406.000
CT	105	16345	16345	16345.000
CT	104	15814	15808	15808.000
CT	103	14653	14642	14642.000
CT	102	14194	14202	14202.000
CT	101	13403	13393	13393.000
CT	100	12612	12610	12610.000
CT	99	11786	11781	11781.000
CT	98	11296	11282	11282.000
CT	97	10770	10755	10755.000
CT	96	10146	10132	10132.000
CT	95	9739	9729	9729.000
CT	94	9155	9143	9143.000
CT	93	8469	8444	8444.000
CT	92	8107	8081	8081.000
CT	91	7767	7746	7746.000
CT	90	7296	7282	7282.000
CT	89	6689	6660	6660.000
CT	88	6206	6172	6172.000
CT	87	5865	5838	5838.000
CT	86	5558	5534	5534.000
CT	85	5156	5115	5115.000
CT	84	5006	4989	4989.000
CT	83	4479	4444	4444.000
CT	82	4277	4235	4235.000
CT	81	3838	3814	3814.000
CT	80	3600	3580	3580.000
CT	79	3223	3197	3197.000
CT	78	3062	3032	3032.000
CT	77	2830	2787	2787.000
CT	76	2508	2474	2474.000
CT	75	2392	2356	2356.000
CT	74	2113	2077	2077.000
CT	73	2018	1981	1981.000
CT	72	1937	1912	1912.000
CT	71	1674	1650	1650.000
CT	70	1518	1502	1502.000
CT	69	1405	1378	1378.000
CT	68	1291	1276	1276.000
CT	67	1139	1108	1108.000
CT	66	1002	986	986.000
CT	65	1026	996	996.000
CT	64	795	766	766.000
CT	63	838	810	810.000
CT	62	704	673	673.000
CT	61	706	666	666.000
CT	60	577	530	530.000
CT	59	618	568	568.000
CT	58	538	472	472.000
CT	57	543	473	473.000
CT	56	494	431	431.000
CT	55	443	374	374.000
CT	54	413	345	345.000
CT	53	441	369	369.000
CT	52	489	350	350.000
CT	51	565	338	337.999
CT	50	575	303	302.999
CT	49	569	231	230.999
CT	48	644	205	204.999
CT	47	803	221	220.999
CT	46	842	203	202.999
CT	45	923	180	179.998
CT	44	1113	158	157.998
CT	43	1183	145	144.998
CT	42	1451	157	156.997
CT	41	1958	147	146.996
CT	40	2347	163	162.995
CT	39	2825	142	141.994
CT	38	3495	131	130.992
CT	37	4278	121	120.991
CT	36	4975	156	155.989
CT	35	5725	117	116.987
CT	34	6781	111	110.985
CT	33	7766	113	112.983
CT	32	8851	81	80.980
CT	31	10532	84	83.976
CT	30	12185	91	90.973
CT	29	14003	70	69.968
CT	28	15696	85	84.965
CT	27	17107	68	67.961
CT	26	17839	44	43.960
CT	25	19421	27	26.956
CT	24	20846	28	27.953
CT	23	21328	36	35.952
CT	22	22020	16	15.950
CT	21	23048	25	24.948
CT	20	21958	20	19.950
CT	19	21236	18	17.952
CT	18	21093	18	17.952
CT	17	20822	18	17.953
CT	16	20190	29	28.954
CT	15	20497	15	14.954
CT	14	21474	22	21.951
CT	13	22026	12	11.950
CT	12	24312	11	10.945
CT	11	28103	11	10.936
CT	10	33977	36	35.923
CT	9	44233	19	18.900
CT	8	61609	29	28.861
CT	7	93842	5	4.787
CT	6	152522	13	12.655
CT	5	281747	13	12.362
CT	4	611355	16	14.615
CT	3	1560377	3	0.000
CT	2	6416326	14	-nan
CT	1	0	0	-nan
CT	0	0	919	-nan
FR	2.27e-06	1.92e-06
ER	5305924	0.000
CV	1.000
QV	52.528	52.528
