HS	1023	0	5159	5159
HS	1022	0	1	5160
HS	1021	0	1	5161
HS	1020	0	1	5162
HS	1019	0	1	5163
HS	1018	0	0	5163
HS	1017	0	0	5163
HS	1016	0	1	5164
HS	1015	0	1	5165
HS	1014	0	1	5166
HS	1013	0	0	5166
HS	1012	0	2	5168
HS	1011	0	2	5170
HS	1010	0	3	5173
HS	1009	0	1	5174
HS	1008	0	1	5175
HS	1007	0	2	5177
HS	1006	0	0	5177
HS	1005	0	0	5177
HS	1004	0	0	5177
HS	1003	0	0	5177
HS	1002	0	2	5179
HS	1001	0	0	5179
HS	1000	0	1	5180
HS	999	0	0	5180
HS	998	0	2	5182
HS	997	0	1	5183
HS	996	0	2	5185
HS	995	0	0	5185
HS	994	0	0	5185
HS	993	0	0	5185
HS	992	0	1	5186
HS	991	0	1	5187
HS	990	0	1	5188
HS	989	0	1	5189
HS	988	0	1	5190
HS	987	0	0	5190
HS	986	0	0	5190
HS	985	0	0	5190
HS	984	0	0	5190
HS	983	0	0	5190
HS	982	0	1	5191
HS	981	0	1	5192
HS	980	0	1	5193
HS	979	0	0	5193
HS	978	0	0	5193
HS	977	0	1	5194
HS	976	0	0	5194
HS	975	0	1	5195
HS	974	0	2	5197
HS	973	0	2	5199
HS	972	0	0	5199
HS	971	0	1	5200
HS	970	0	1	5201
HS	969	0	0	5201
HS	968	0	0	5201
HS	967	0	0	5201
HS	966	0	1	5202
HS	965	0	1	5203
HS	964	0	2	5205
HS	963	0	0	5205
HS	962	0	0	5205
HS	961	0	1	5206
HS	960	0	0	5206
HS	959	0	1	5207
HS	958	0	1	5208
HS	957	0	1	5209
HS	956	0	2	5211
HS	955	0	1	5212
HS	954	0	0	5212
HS	953	0	2	5214
HS	952	0	4	5218
HS	951	0	4	5222
HS	950	0	3	5225
HS	949	0	4	5229
HS	948	0	4	5233
HS	947	0	1	5234
HS	946	0	5	5239
HS	945	0	2	5241
HS	944	0	5	5246
HS	943	0	5	5251
HS	942	0	5	5256
HS	941	0	3	5259
HS	940	0	1	5260
HS	939	0	3	5263
HS	938	0	5	5268
HS	937	0	3	5271
HS	936	0	5	5276
HS	935	0	1	5277
HS	934	0	2	5279
HS	933	0	3	5282
HS	932	0	3	5285
HS	931	0	2	5287
HS	930	0	1	5288
HS	929	0	3	5291
HS	928	0	0	5291
HS	927	0	3	5294
HS	926	0	2	5296
HS	925	0	4	5300
HS	924	0	4	5304
HS	923	0	1	5305
HS	922	0	3	5308
HS	921	0	0	5308
HS	920	0	2	5310
HS	919	0	2	5312
HS	918	0	0	5312
HS	917	0	1	5313
HS	916	0	1	5314
HS	915	0	3	5317
HS	914	0	4	5321
HS	913	0	3	5324
HS	912	0	2	5326
HS	911	0	5	5331
HS	910	0	4	5335
HS	909	0	7	5342
HS	908	0	3	5345
HS	907	0	4	5349
HS	906	0	2	5351
HS	905	0	2	5353
HS	904	0	4	5357
HS	903	0	9	5366
HS	902	0	6	5372
HS	901	0	5	5377
HS	900	0	4	5381
HS	899	0	3	5384
HS	898	0	4	5388
HS	897	0	2	5390
HS	896	0	9	5399
HS	895	0	8	5407
HS	894	0	3	5410
HS	893	0	6	5416
HS	892	0	8	5424
HS	891	0	3	5427
HS	890	0	4	5431
HS	889	0	4	5435
HS	888	0	4	5439
HS	887	0	5	5444
HS	886	0	6	5450
HS	885	0	3	5453
HS	884	0	5	5458
HS	883	0	9	5467
HS	882	0	5	5472
HS	881	0	6	5478
HS	880	0	2	5480
HS	879	0	3	5483
HS	878	0	8	5491
HS	877	0	10	5501
HS	876	0	6	5507
HS	875	0	7	5514
HS	874	0	6	5520
HS	873	0	3	5523
HS	872	0	3	5526
HS	871	0	11	5537
HS	870	0	1	5538
HS	869	0	3	5541
HS	868	0	6	5547
HS	867	0	5	5552
HS	866	0	6	5558
HS	865	0	3	5561
HS	864	0	4	5565
HS	863	0	4	5569
HS	862	0	7	5576
HS	861	0	3	5579
HS	860	0	4	5583
HS	859	0	4	5587
HS	858	0	4	5591
HS	857	0	1	5592
HS	856	0	5	5597
HS	855	0	4	5601
HS	854	0	5	5606
HS	853	0	4	5610
HS	852	0	3	5613
HS	851	0	2	5615
HS	850	0	4	5619
HS	849	0	6	5625
HS	848	0	5	5630
HS	847	0	7	5637
HS	846	0	4	5641
HS	845	0	9	5650
HS	844	0	4	5654
HS	843	0	8	5662
HS	842	0	8	5670
HS	841	0	5	5675
HS	840	0	3	5678
HS	839	0	4	5682
HS	838	0	0	5682
HS	837	0	6	5688
HS	836	0	3	5691
HS	835	0	7	5698
HS	834	0	8	5706
HS	833	0	3	5709
HS	832	0	5	5714
HS	831	0	4	5718
HS	830	0	2	5720
HS	829	0	7	5727
HS	828	0	7	5734
HS	827	0	3	5737
HS	826	0	4	5741
HS	825	0	6	5747
HS	824	0	2	5749
HS	823	0	8	5757
HS	822	0	1	5758
HS	821	0	6	5764
HS	820	0	5	5769
HS	819	0	4	5773
HS	818	0	7	5780
HS	817	0	7	5787
HS	816	0	2	5789
HS	815	0	6	5795
HS	814	0	2	5797
HS	813	0	4	5801
HS	812	0	2	5803
HS	811	0	6	5809
HS	810	0	2	5811
HS	809	0	3	5814
HS	808	0	6	5820
HS	807	0	3	5823
HS	806	0	1	5824
HS	805	0	8	5832
HS	804	0	3	5835
HS	803	0	6	5841
HS	802	0	7	5848
HS	801	0	8	5856
HS	800	0	4	5860
HS	799	0	9	5869
HS	798	0	7	5876
HS	797	0	5	5881
HS	796	0	7	5888
HS	795	0	4	5892
HS	794	0	5	5897
HS	793	0	8	5905
HS	792	0	4	5909
HS	791	0	4	5913
HS	790	0	8	5921
HS	789	0	6	5927
HS	788	0	7	5934
HS	787	0	10	5944
HS	786	0	7	5951
HS	785	0	18	5969
HS	784	0	13	5982
HS	783	0	10	5992
HS	782	0	8	6000
HS	781	0	5	6005
HS	780	0	6	6011
HS	779	0	4	6015
HS	778	0	4	6019
HS	777	0	3	6022
HS	776	0	2	6024
HS	775	0	2	6026
HS	774	0	4	6030
HS	773	0	4	6034
HS	772	0	3	6037
HS	771	0	6	6043
HS	770	0	3	6046
HS	769	0	5	6051
HS	768	0	1	6052
HS	767	0	7	6059
HS	766	0	4	6063
HS	765	0	3	6066
HS	764	0	5	6071
HS	763	0	3	6074
HS	762	0	3	6077
HS	761	0	4	6081
HS	760	0	2	6083
HS	759	0	5	6088
HS	758	0	7	6095
HS	757	0	5	6100
HS	756	0	6	6106
HS	755	0	6	6112
HS	754	0	9	6121
HS	753	0	7	6128
HS	752	0	3	6131
HS	751	0	7	6138
HS	750	0	6	6144
HS	749	0	3	6147
HS	748	0	2	6149
HS	747	0	2	6151
HS	746	0	4	6155
HS	745	0	7	6162
HS	744	0	10	6172
HS	743	0	6	6178
HS	742	0	7	6185
HS	741	0	5	6190
HS	740	0	4	6194
HS	739	0	5	6199
HS	738	0	8	6207
HS	737	0	3	6210
HS	736	0	3	6213
HS	735	0	6	6219
HS	734	0	8	6227
HS	733	0	7	6234
HS	732	0	8	6242
HS	731	0	7	6249
HS	730	0	4	6253
HS	729	0	4	6257
HS	728	0	9	6266
HS	727	0	5	6271
HS	726	0	6	6277
HS	725	0	8	6285
HS	724	0	5	6290
HS	723	0	6	6296
HS	722	0	7	6303
HS	721	0	7	6310
HS	720	0	13	6323
HS	719	0	10	6333
HS	718	0	9	6342
HS	717	0	6	6348
HS	716	0	8	6356
HS	715	0	9	6365
HS	714	0	13	6378
HS	713	0	13	6391
HS	712	0	14	6405
HS	711	0	15	6420
HS	710	0	11	6431
HS	709	0	12	6443
HS	708	0	8	6451
HS	707	0	8	6459
HS	706	0	14	6473
HS	705	0	8	6481
HS	704	0	8	6489
HS	703	0	8	6497
HS	702	0	7	6504
HS	701	0	12	6516
HS	700	0	8	6524
HS	699	0	8	6532
HS	698	0	11	6543
HS	697	0	6	6549
HS	696	0	7	6556
HS	695	0	4	6560
HS	694	0	8	6568
HS	693	0	4	6572
HS	692	0	5	6577
HS	691	0	9	6586
HS	690	0	7	6593
HS	689	0	5	6598
HS	688	0	5	6603
HS	687	0	9	6612
HS	686	0	5	6617
HS	685	0	7	6624
HS	684	0	11	6635
HS	683	0	11	6646
HS	682	0	10	6656
HS	681	0	5	6661
HS	680	0	14	6675
HS	679	0	12	6687
HS	678	0	8	6695
HS	677	0	11	6706
HS	676	0	14	6720
HS	675	0	15	6735
HS	674	0	10	6745
HS	673	0	18	6763
HS	672	0	9	6772
HS	671	0	12	6784
HS	670	0	14	6798
HS	669	0	17	6815
HS	668	0	15	6830
HS	667	0	18	6848
HS	666	0	14	6862
HS	665	0	10	6872
HS	664	0	12	6884
HS	663	0	5	6889
HS	662	0	10	6899
HS	661	0	14	6913
HS	660	0	13	6926
HS	659	0	5	6931
HS	658	0	10	6941
HS	657	0	11	6952
HS	656	0	11	6963
HS	655	0	9	6972
HS	654	0	12	6984
HS	653	0	10	6994
HS	652	0	13	7007
HS	651	0	7	7014
HS	650	0	13	7027
HS	649	0	10	7037
HS	648	0	15	7052
HS	647	0	14	7066
HS	646	0	20	7086
HS	645	0	12	7098
HS	644	0	16	7114
HS	643	0	18	7132
HS	642	0	15	7147
HS	641	0	17	7164
HS	640	0	24	7188
HS	639	0	11	7199
HS	638	0	16	7215
HS	637	0	23	7238
HS	636	0	21	7259
HS	635	0	14	7273
HS	634	0	20	7293
HS	633	0	14	7307
HS	632	0	22	7329
HS	631	0	20	7349
HS	630	0	22	7371
HS	629	0	17	7388
HS	628	0	14	7402
HS	627	0	12	7414
HS	626	0	23	7437
HS	625	0	16	7453
HS	624	0	18	7471
HS	623	0	15	7486
HS	622	0	24	7510
HS	621	0	15	7525
HS	620	0	28	7553
HS	619	0	15	7568
HS	618	0	22	7590
HS	617	0	17	7607
HS	616	0	14	7621
HS	615	0	19	7640
HS	614	0	20	7660
HS	613	0	23	7683
HS	612	0	21	7704
HS	611	0	24	7728
HS	610	0	15	7743
HS	609	0	32	7775
HS	608	0	24	7799
HS	607	0	20	7819
HS	606	0	21	7840
HS	605	0	22	7862
HS	604	0	12	7874
HS	603	0	17	7891
HS	602	0	29	7920
HS	601	0	23	7943
HS	600	0	19	7962
HS	599	0	22	7984
HS	598	0	23	8007
HS	597	0	26	8033
HS	596	0	37	8070
HS	595	0	19	8089
HS	594	0	25	8114
HS	593	0	29	8143
HS	592	0	20	8163
HS	591	0	30	8193
HS	590	0	24	8217
HS	589	0	36	8253
HS	588	0	26	8279
HS	587	0	22	8301
HS	586	0	33	8334
HS	585	0	22	8356
HS	584	0	28	8384
HS	583	0	22	8406
HS	582	0	35	8441
HS	581	0	38	8479
HS	580	0	30	8509
HS	579	0	38	8547
HS	578	0	16	8563
HS	577	0	29	8592
HS	576	0	30	8622
HS	575	0	31	8653
HS	574	0	27	8680
HS	573	0	27	8707
HS	572	0	17	8724
HS	571	0	37	8761
HS	570	0	31	8792
HS	569	0	40	8832
HS	568	0	36	8868
HS	567	0	25	8893
HS	566	0	29	8922
HS	565	0	20	8942
HS	564	0	32	8974
HS	563	0	34	9008
HS	562	0	18	9026
HS	561	0	20	9046
HS	560	0	21	9067
HS	559	0	22	9089
HS	558	0	31	9120
HS	557	0	23	9143
HS	556	0	25	9168
HS	555	0	30	9198
HS	554	0	30	9228
HS	553	0	34	9262
HS	552	0	34	9296
HS	551	0	41	9337
HS	550	0	40	9377
HS	549	0	43	9420
HS	548	0	36	9456
HS	547	0	38	9494
HS	546	0	42	9536
HS	545	0	32	9568
HS	544	0	39	9607
HS	543	0	27	9634
HS	542	0	25	9659
HS	541	0	36	9695
HS	540	0	43	9738
HS	539	0	30	9768
HS	538	0	44	9812
HS	537	0	35	9847
HS	536	0	39	9886
HS	535	0	36	9922
HS	534	0	59	9981
HS	533	0	52	10033
HS	532	0	47	10080
HS	531	0	35	10115
HS	530	0	27	10142
HS	529	0	51	10193
HS	528	0	38	10231
HS	527	0	28	10259
HS	526	0	42	10301
HS	525	0	39	10340
HS	524	0	52	10392
HS	523	0	40	10432
HS	522	0	47	10479
HS	521	0	41	10520
HS	520	0	54	10574
HS	519	0	48	10622
HS	518	0	51	10673
HS	517	0	58	10731
HS	516	0	58	10789
HS	515	0	72	10861
HS	514	0	51	10912
HS	513	0	62	10974
HS	512	0	52	11026
HS	511	0	60	11086
HS	510	0	70	11156
HS	509	0	65	11221
HS	508	0	65	11286
HS	507	0	60	11346
HS	506	0	53	11399
HS	505	0	65	11464
HS	504	0	59	11523
HS	503	0	65	11588
HS	502	0	54	11642
HS	501	0	73	11715
HS	500	0	69	11784
HS	499	0	64	11848
HS	498	0	77	11925
HS	497	0	83	12008
HS	496	0	70	12078
HS	495	0	69	12147
HS	494	0	73	12220
HS	493	0	81	12301
HS	492	0	73	12374
HS	491	0	65	12439
HS	490	0	70	12509
HS	489	0	70	12579
HS	488	0	79	12658
HS	487	0	71	12729
HS	486	0	79	12808
HS	485	0	84	12892
HS	484	0	77	12969
HS	483	0	84	13053
HS	482	0	78	13131
HS	481	0	76	13207
HS	480	0	69	13276
HS	479	0	78	13354
HS	478	0	77	13431
HS	477	0	67	13498
HS	476	0	79	13577
HS	475	0	75	13652
HS	474	0	81	13733
HS	473	0	88	13821
HS	472	0	100	13921
HS	471	0	87	14008
HS	470	0	72	14080
HS	469	0	82	14162
HS	468	0	96	14258
HS	467	0	73	14331
HS	466	0	71	14402
HS	465	0	80	14482
HS	464	0	95	14577
HS	463	0	86	14663
HS	462	0	94	14757
HS	461	0	97	14854
HS	460	0	112	14966
HS	459	0	133	15099
HS	458	0	104	15203
HS	457	0	107	15310
HS	456	0	104	15414
HS	455	0	101	15515
HS	454	0	99	15614
HS	453	0	84	15698
HS	452	0	79	15777
HS	451	0	115	15892
HS	450	0	91	15983
HS	449	0	109	16092
HS	448	0	88	16180
HS	447	0	114	16294
HS	446	0	104	16398
HS	445	0	104	16502
HS	444	0	91	16593
HS	443	0	108	16701
HS	442	0	99	16800
HS	441	0	101	16901
HS	440	0	96	16997
HS	439	0	101	17098
HS	438	0	107	17205
HS	437	0	105	17310
HS	436	0	109	17419
HS	435	0	96	17515
HS	434	0	120	17635
HS	433	0	106	17741
HS	432	0	112	17853
HS	431	0	111	17964
HS	430	0	146	18110
HS	429	0	130	18240
HS	428	0	138	18378
HS	427	0	106	18484
HS	426	0	139	18623
HS	425	0	132	18755
HS	424	0	122	18877
HS	423	0	123	19000
HS	422	0	129	19129
HS	421	0	128	19257
HS	420	0	122	19379
HS	419	0	120	19499
HS	418	0	151	19650
HS	417	0	161	19811
HS	416	0	155	19966
HS	415	0	162	20128
HS	414	0	160	20288
HS	413	0	145	20433
HS	412	0	146	20579
HS	411	0	167	20746
HS	410	0	175	20921
HS	409	0	171	21092
HS	408	0	179	21271
HS	407	0	193	21464
HS	406	0	164	21628
HS	405	0	208	21836
HS	404	0	183	22019
HS	403	0	207	22226
HS	402	0	158	22384
HS	401	0	200	22584
HS	400	0	163	22747
HS	399	0	163	22910
HS	398	0	187	23097
HS	397	0	192	23289
HS	396	0	216	23505
HS	395	0	196	23701
HS	394	0	189	23890
HS	393	0	189	24079
HS	392	0	186	24265
HS	391	0	206	24471
HS	390	0	203	24674
HS	389	0	217	24891
HS	388	0	190	25081
HS	387	0	185	25266
HS	386	0	206	25472
HS	385	0	191	25663
HS	384	0	217	25880
HS	383	0	223	26103
HS	382	0	238	26341
HS	381	0	225	26566
HS	380	0	211	26777
HS	379	0	189	26966
HS	378	0	205	27171
HS	377	0	211	27382
HS	376	0	192	27574
HS	375	0	198	27772
HS	374	0	213	27985
HS	373	0	224	28209
HS	372	0	218	28427
HS	371	0	221	28648
HS	370	0	226	28874
HS	369	0	244	29118
HS	368	0	228	29346
HS	367	0	240	29586
HS	366	0	228	29814
HS	365	0	299	30113
HS	364	0	244	30357
HS	363	0	267	30624
HS	362	0	275	30899
HS	361	0	317	31216
HS	360	0	298	31514
HS	359	0	282	31796
HS	358	0	286	32082
HS	357	0	294	32376
HS	356	0	356	32732
HS	355	0	321	33053
HS	354	0	326	33379
HS	353	0	312	33691
HS	352	0	339	34030
HS	351	0	334	34364
HS	350	0	361	34725
HS	349	0	360	35085
HS	348	0	410	35495
HS	347	0	397	35892
HS	346	0	408	36300
HS	345	0	412	36712
HS	344	0	397	37109
HS	343	0	452	37561
HS	342	0	455	38016
HS	341	0	494	38510
HS	340	0	514	39024
HS	339	0	515	39539
HS	338	0	540	40079
HS	337	0	539	40618
HS	336	0	549	41167
HS	335	0	514	41681
HS	334	0	560	42241
HS	333	0	586	42827
HS	332	0	547	43374
HS	331	0	548	43922
HS	330	0	560	44482
HS	329	0	598	45080
HS	328	0	629	45709
HS	327	0	645	46354
HS	326	0	665	47019
HS	325	0	662	47681
HS	324	0	681	48362
HS	323	0	747	49109
HS	322	0	782	49891
HS	321	0	823	50714
HS	320	0	867	51581
HS	319	0	858	52439
HS	318	0	921	53360
HS	317	0	952	54312
HS	316	0	991	55303
HS	315	0	1017	56320
HS	314	0	1035	57355
HS	313	0	1068	58423
HS	312	0	1044	59467
HS	311	0	1092	60559
HS	310	0	1182	61741
HS	309	0	1270	63011
HS	308	0	1215	64226
HS	307	0	1301	65527
HS	306	0	1320	66847
HS	305	0	1421	68268
HS	304	0	1380	69648
HS	303	0	1471	71119
HS	302	0	1487	72606
HS	301	0	1627	74233
HS	300	0	1628	75861
HS	299	0	1725	77586
HS	298	0	1747	79333
HS	297	0	1790	81123
HS	296	0	1734	82857
HS	295	0	1847	84704
HS	294	0	1992	86696
HS	293	0	1973	88669
HS	292	0	2076	90745
HS	291	0	2157	92902
HS	290	0	2199	95101
HS	289	0	2273	97374
HS	288	0	2423	99797
HS	287	0	2495	102292
HS	286	0	2534	104826
HS	285	0	2709	107535
HS	284	0	2814	110349
HS	283	0	2808	113157
HS	282	0	2981	116138
HS	281	0	3113	119251
HS	280	0	3191	122442
HS	279	0	3295	125737
HS	278	0	3470	129207
HS	277	0	3637	132844
HS	276	0	3685	136529
HS	275	0	4065	140594
HS	274	0	3954	144548
HS	273	0	4129	148677
HS	272	0	4324	153001
HS	271	0	4457	157458
HS	270	0	4626	162084
HS	269	0	4769	166853
HS	268	0	4879	171732
HS	267	0	5063	176795
HS	266	0	5175	181970
HS	265	0	5325	187295
HS	264	0	5543	192838
HS	263	0	5775	198613
HS	262	0	6032	204645
HS	261	0	6204	210849
HS	260	0	6188	217037
HS	259	0	6560	223597
HS	258	0	6622	230219
HS	257	0	6952	237171
HS	256	0	7189	244360
HS	255	0	7274	251634
HS	254	0	7607	259241
HS	253	0	7813	267054
HS	252	0	8181	275235
HS	251	0	8310	283545
HS	250	0	8494	292039
HS	249	0	8775	300814
HS	248	0	9057	309871
HS	247	0	9387	319258
HS	246	0	9458	328716
HS	245	0	9733	338449
HS	244	0	10344	348793
HS	243	0	10542	359335
HS	242	0	10816	370151
HS	241	0	11046	381197
HS	240	0	11737	392934
HS	239	0	12021	404955
HS	238	0	12265	417220
HS	237	0	12614	429834
HS	236	0	12792	442626
HS	235	0	13402	456028
HS	234	0	13909	469937
HS	233	0	14293	484230
HS	232	0	14634	498864
HS	231	0	15165	514029
HS	230	0	15511	529540
HS	229	0	16027	545567
HS	228	0	16083	561650
HS	227	0	16713	578363
HS	226	0	17145	595508
HS	225	0	17356	612864
HS	224	0	17670	630534
HS	223	0	18324	648858
HS	222	0	18734	667592
HS	221	0	18960	686552
HS	220	0	19644	706196
HS	219	0	20223	726419
HS	218	0	20754	747173
HS	217	0	21469	768642
HS	216	0	22012	790654
HS	215	0	22819	813473
HS	214	0	23105	836578
HS	213	0	23663	860241
HS	212	0	24281	884522
HS	211	0	24607	909129
HS	210	0	25692	934821
HS	209	0	26532	961353
HS	208	0	26834	988187
HS	207	0	27439	1015626
HS	206	0	27927	1043553
HS	205	0	28399	1071952
HS	204	0	28701	1100653
HS	203	0	29358	1130011
HS	202	0	30152	1160163
HS	201	0	30415	1190578
HS	200	0	31553	1222131
HS	199	0	31876	1254007
HS	198	0	32427	1286434
HS	197	0	33162	1319596
HS	196	0	33606	1353202
HS	195	0	34559	1387761
HS	194	0	34868	1422629
HS	193	0	35660	1458289
HS	192	0	36286	1494575
HS	191	0	36657	1531232
HS	190	0	37241	1568473
HS	189	0	38141	1606614
HS	188	0	38546	1645160
HS	187	0	38697	1683857
HS	186	0	39465	1723322
HS	185	0	39746	1763068
HS	184	0	40629	1803697
HS	183	0	41156	1844853
HS	182	0	42110	1886963
HS	181	0	42444	1929407
HS	180	0	43270	1972677
HS	179	0	43995	2016672
HS	178	0	44443	2061115
HS	177	0	43896	2105011
HS	176	0	44851	2149862
HS	175	0	45146	2195008
HS	174	0	45686	2240694
HS	173	0	46173	2286867
HS	172	0	46331	2333198
HS	171	0	46613	2379811
HS	170	0	47190	2427001
HS	169	0	47509	2474510
HS	168	0	48145	2522655
HS	167	0	48438	2571093
HS	166	0	49167	2620260
HS	165	0	49022	2669282
HS	164	0	49438	2718720
HS	163	0	49290	2768010
HS	162	0	49758	2817768
HS	161	0	50057	2867825
HS	160	0	49584	2917409
HS	159	0	50305	2967714
HS	158	0	49941	3017655
HS	157	0	50101	3067756
HS	156	0	50140	3117896
HS	155	0	49530	3167426
HS	154	0	50126	3217552
HS	153	0	49282	3266834
HS	152	0	49795	3316629
HS	151	0	49509	3366138
HS	150	0	48976	3415114
HS	149	0	49228	3464342
HS	148	0	49203	3513545
HS	147	0	48907	3562452
HS	146	0	48008	3610460
HS	145	0	47832	3658292
HS	144	0	47478	3705770
HS	143	0	46864	3752634
HS	142	0	46484	3799118
HS	141	0	45247	3844365
HS	140	0	45370	3889735
HS	139	0	44832	3934567
HS	138	0	44128	3978695
HS	137	0	43574	4022269
HS	136	0	43102	4065371
HS	135	0	42467	4107838
HS	134	0	41482	4149320
HS	133	0	40899	4190219
HS	132	0	39998	4230217
HS	131	0	40110	4270327
HS	130	0	39093	4309420
HS	129	0	38431	4347851
HS	128	0	37459	4385310
HS	127	0	36472	4421782
HS	126	0	34780	4456562
HS	125	0	34273	4490835
HS	124	0	33241	4524076
HS	123	0	32529	4556605
HS	122	0	31201	4587806
HS	121	0	30382	4618188
HS	120	0	29342	4647530
HS	119	0	28429	4675959
HS	118	0	27470	4703429
HS	117	0	26380	4729809
HS	116	0	25768	4755577
HS	115	0	24901	4780478
HS	114	0	23789	4804267
HS	113	0	23448	4827715
HS	112	0	22282	4849997
HS	111	0	21675	4871672
HS	110	0	20705	4892377
HS	109	0	19908	4912285
HS	108	0	19026	4931311
HS	107	0	18248	4949559
HS	106	0	17405	4966964
HS	105	0	16345	4983309
HS	104	0	15814	4999123
HS	103	0	14653	5013776
HS	102	0	14194	5027970
HS	101	0	13403	5041373
HS	100	0	12612	5053985
HS	99	0	11786	5065771
HS	98	0	11296	5077067
HS	97	0	10770	5087837
HS	96	0	10146	5097983
HS	95	0	9739	5107722
HS	94	0	9155	5116877
HS	93	0	8469	5125346
HS	92	0	8107	5133453
HS	91	0	7767	5141220
HS	90	0	7296	5148516
HS	89	0	6689	5155205
HS	88	0	6206	5161411
HS	87	0	5865	5167276
HS	86	0	5558	5172834
HS	85	0	5156	5177990
HS	84	0	5006	5182996
HS	83	0	4479	5187475
HS	82	0	4277	5191752
HS	81	0	3838	5195590
HS	80	0	3600	5199190
HS	79	0	3223	5202413
HS	78	0	3062	5205475
HS	77	0	2830	5208305
HS	76	0	2508	5210813
HS	75	0	2392	5213205
HS	74	0	2113	5215318
HS	73	0	2018	5217336
HS	72	0	1937	5219273
HS	71	0	1674	5220947
HS	70	0	1518	5222465
HS	69	0	1405	5223870
HS	68	0	1291	5225161
HS	67	0	1139	5226300
HS	66	0	1002	5227302
HS	65	0	1026	5228328
HS	64	0	795	5229123
HS	63	0	838	5229961
HS	62	0	704	5230665
HS	61	0	706	5231371
HS	60	0	577	5231948
HS	59	0	618	5232566
HS	58	0	538	5233104
HS	57	0	543	5233647
HS	56	0	494	5234141
HS	55	0	443	5234584
HS	54	0	413	5234997
HS	53	0	441	5235438
HS	52	0	489	5235927
HS	51	0	565	5236492
HS	50	0	575	5237067
HS	49	0	569	5237636
HS	48	0	644	5238280
HS	47	0	803	5239083
HS	46	0	842	5239925
HS	45	0	923	5240848
HS	44	0	1113	5241961
HS	43	0	1183	5243144
HS	42	0	1451	5244595
HS	41	0	1958	5246553
HS	40	0	2347	5248900
HS	39	0	2825	5251725
HS	38	0	3495	5255220
HS	37	0	4278	5259498
HS	36	0	4975	5264473
HS	35	0	5725	5270198
HS	34	0	6781	5276979
HS	33	0	7766	5284745
HS	32	0	8851	5293596
HS	31	0	10532	5304128
HS	30	0	12185	5316313
HS	29	0	14003	5330316
HS	28	0	15696	5346012
HS	27	0	17107	5363119
HS	26	0	17839	5380958
HS	25	0	19421	5400379
HS	24	0	20846	5421225
HS	23	0	21328	5442553
HS	22	0	22020	5464573
HS	21	0	23048	5487621
HS	20	0	21958	5509579
HS	19	0	21236	5530815
HS	18	0	21093	5551908
HS	17	0	20822	5572730
HS	16	0	20190	5592920
HS	15	0	20497	5613417
HS	14	0	21474	5634891
HS	13	0	22026	5656917
HS	12	0	24312	5681229
HS	11	0	28103	5709332
HS	10	0	33977	5743309
HS	9	0	44233	5787542
HS	8	0	61609	5849151
HS	7	0	93842	5942993
HS	6	0	152522	6095515
HS	5	0	281747	6377262
HS	4	0	611355	6988617
HS	3	0	1560377	8548994
HS	2	0	6416326	14965320
HS	1	0	0	14965320
HS	0	0	0	14965320
