CC	CT  kmer_occurrence    short_read_kmer_count  raw_input_kmer_count  adjusted_input_kmer_count
CC	FR  fpr_lower_bound    fpr_upper_bound
CC	ER  total_input_kmers  adjusted_error_kmers
CC	CV  coverage
CC	QV  raw_quality_value  adjusted_quality_value
CC
SQ	CP126091.1	4335104	4335074	4335045	66.66
CT	1023	355349	395401	395401.000
CT	1022	2474	2480	2480.000
CT	1021	2429	2430	2430.000
CT	1020	2498	2503	2503.000
CT	1019	2463	2469	2469.000
CT	1018	2519	2519	2519.000
CT	1017	2485	2489	2489.000
CT	1016	2518	2520	2520.000
CT	1015	2520	2523	2523.000
CT	1014	2627	2629	2629.000
CT	1013	2570	2578	2578.000
CT	1012	2552	2557	2557.000
CT	1011	2638	2643	2643.000
CT	1010	2622	2622	2622.000
CT	1009	2621	2626	2626.000
CT	1008	2715	2718	2718.000
CT	1007	2671	2677	2677.000
CT	1006	2779	2783	2783.000
CT	1005	2647	2649	2649.000
CT	1004	2762	2763	2763.000
CT	1003	2692	2693	2693.000
CT	1002	2757	2762	2762.000
CT	1001	2890	2893	2893.000
CT	1000	2823	2824	2824.000
CT	999	2729	2735	2735.000
CT	998	2724	2724	2724.000
CT	997	2814	2821	2821.000
CT	996	2754	2757	2757.000
CT	995	2905	2906	2906.000
CT	994	2839	2849	2849.000
CT	993	2820	2824	2824.000
CT	992	2830	2837	2837.000
CT	991	2873	2873	2873.000
CT	990	2866	2871	2871.000
CT	989	2852	2857	2857.000
CT	988	2842	2845	2845.000
CT	987	2980	2982	2982.000
CT	986	2999	3002	3002.000
CT	985	2808	2811	2811.000
CT	984	2844	2848	2848.000
CT	983	2935	2938	2938.000
CT	982	3121	3128	3128.000
CT	981	2947	2951	2951.000
CT	980	3012	3022	3022.000
CT	979	2926	2931	2931.000
CT	978	3065	3065	3065.000
CT	977	3021	3028	3028.000
CT	976	3113	3119	3119.000
CT	975	3182	3186	3186.000
CT	974	3143	3154	3154.000
CT	973	3130	3130	3130.000
CT	972	3281	3283	3283.000
CT	971	3212	3220	3220.000
CT	970	3194	3196	3196.000
CT	969	3223	3223	3223.000
CT	968	3253	3262	3262.000
CT	967	3276	3279	3279.000
CT	966	3288	3293	3293.000
CT	965	3391	3400	3400.000
CT	964	3374	3376	3376.000
CT	963	3226	3231	3231.000
CT	962	3430	3430	3430.000
CT	961	3339	3351	3351.000
CT	960	3315	3324	3324.000
CT	959	3314	3322	3322.000
CT	958	3445	3454	3454.000
CT	957	3484	3489	3489.000
CT	956	3428	3433	3433.000
CT	955	3437	3439	3439.000
CT	954	3454	3460	3460.000
CT	953	3588	3591	3591.000
CT	952	3677	3680	3680.000
CT	951	3643	3647	3647.000
CT	950	3505	3518	3518.000
CT	949	3594	3608	3608.000
CT	948	3654	3661	3661.000
CT	947	3624	3632	3632.000
CT	946	3652	3658	3658.000
CT	945	3692	3703	3703.000
CT	944	3596	3601	3601.000
CT	943	3728	3739	3739.000
CT	942	3782	3796	3796.000
CT	941	3827	3838	3838.000
CT	940	3816	3815	3815.000
CT	939	3820	3826	3826.000
CT	938	3834	3838	3838.000
CT	937	3954	3954	3954.000
CT	936	3868	3870	3870.000
CT	935	3785	3788	3788.000
CT	934	3891	3896	3896.000
CT	933	3977	3978	3978.000
CT	932	4035	4047	4047.000
CT	931	3895	3898	3898.000
CT	930	4005	4012	4012.000
CT	929	3840	3847	3847.000
CT	928	4041	4048	4048.000
CT	927	3980	3997	3997.000
CT	926	4123	4133	4133.000
CT	925	4046	4048	4048.000
CT	924	4082	4084	4084.000
CT	923	4054	4055	4055.000
CT	922	4096	4109	4109.000
CT	921	4213	4219	4219.000
CT	920	4152	4165	4165.000
CT	919	4206	4210	4210.000
CT	918	4304	4309	4309.000
CT	917	4318	4327	4327.000
CT	916	4205	4217	4217.000
CT	915	4265	4278	4278.000
CT	914	4401	4413	4413.000
CT	913	4462	4472	4472.000
CT	912	4454	4456	4456.000
CT	911	4321	4329	4329.000
CT	910	4399	4404	4404.000
CT	909	4545	4555	4555.000
CT	908	4539	4544	4544.000
CT	907	4543	4549	4549.000
CT	906	4470	4478	4478.000
CT	905	4525	4537	4537.000
CT	904	4432	4451	4451.000
CT	903	4534	4542	4542.000
CT	902	4656	4666	4666.000
CT	901	4614	4632	4632.000
CT	900	4655	4668	4668.000
CT	899	4686	4691	4691.000
CT	898	4754	4768	4768.000
CT	897	4718	4725	4725.000
CT	896	4727	4743	4743.000
CT	895	4772	4783	4783.000
CT	894	4686	4697	4697.000
CT	893	4753	4762	4762.000
CT	892	4756	4762	4762.000
CT	891	4904	4923	4923.000
CT	890	4928	4936	4936.000
CT	889	4931	4934	4934.000
CT	888	4993	5003	5003.000
CT	887	5007	5017	5017.000
CT	886	4918	4924	4924.000
CT	885	5075	5081	5081.000
CT	884	5036	5036	5036.000
CT	883	5060	5061	5061.000
CT	882	5183	5188	5188.000
CT	881	5123	5125	5125.000
CT	880	5121	5128	5128.000
CT	879	5234	5243	5243.000
CT	878	5262	5262	5262.000
CT	877	5188	5190	5190.000
CT	876	5260	5261	5261.000
CT	875	5330	5331	5331.000
CT	874	5336	5336	5336.000
CT	873	5435	5442	5442.000
CT	872	5425	5428	5428.000
CT	871	5281	5289	5289.000
CT	870	5414	5416	5416.000
CT	869	5538	5540	5540.000
CT	868	5510	5513	5513.000
CT	867	5517	5517	5517.000
CT	866	5514	5517	5517.000
CT	865	5507	5508	5508.000
CT	864	5573	5579	5579.000
CT	863	5509	5513	5513.000
CT	862	5444	5448	5448.000
CT	861	5603	5615	5615.000
CT	860	5772	5783	5783.000
CT	859	5697	5700	5700.000
CT	858	5827	5835	5835.000
CT	857	5618	5619	5619.000
CT	856	5768	5770	5770.000
CT	855	5735	5739	5739.000
CT	854	5757	5758	5758.000
CT	853	5820	5826	5826.000
CT	852	5741	5744	5744.000
CT	851	6036	6048	6048.000
CT	850	5988	5995	5995.000
CT	849	5858	5868	5868.000
CT	848	5978	5982	5982.000
CT	847	5985	5996	5996.000
CT	846	5910	5913	5913.000
CT	845	5988	6008	6008.000
CT	844	6020	6029	6029.000
CT	843	6095	6110	6110.000
CT	842	5886	5893	5893.000
CT	841	6209	6221	6221.000
CT	840	6158	6175	6175.000
CT	839	6212	6220	6220.000
CT	838	6250	6257	6257.000
CT	837	6198	6205	6205.000
CT	836	6396	6411	6411.000
CT	835	6248	6248	6248.000
CT	834	6357	6366	6366.000
CT	833	6345	6355	6355.000
CT	832	6385	6390	6390.000
CT	831	6238	6247	6247.000
CT	830	6385	6386	6386.000
CT	829	6419	6427	6427.000
CT	828	6557	6563	6563.000
CT	827	6423	6430	6430.000
CT	826	6635	6641	6641.000
CT	825	6437	6446	6446.000
CT	824	6607	6616	6616.000
CT	823	6717	6723	6723.000
CT	822	6640	6644	6644.000
CT	821	6727	6731	6731.000
CT	820	6780	6786	6786.000
CT	819	6675	6678	6678.000
CT	818	6842	6844	6844.000
CT	817	6721	6725	6725.000
CT	816	6760	6764	6764.000
CT	815	6781	6787	6787.000
CT	814	6710	6713	6713.000
CT	813	6665	6671	6671.000
CT	812	6759	6761	6761.000
CT	811	6869	6875	6875.000
CT	810	6976	6980	6980.000
CT	809	6921	6926	6926.000
CT	808	6862	6865	6865.000
CT	807	6862	6865	6865.000
CT	806	6824	6824	6824.000
CT	805	7014	7014	7014.000
CT	804	7121	7125	7125.000
CT	803	7056	7066	7066.000
CT	802	7127	7128	7128.000
CT	801	7070	7073	7073.000
CT	800	7047	7053	7053.000
CT	799	7294	7301	7301.000
CT	798	7087	7088	7088.000
CT	797	7172	7173	7173.000
CT	796	7082	7095	7095.000
CT	795	7312	7319	7319.000
CT	794	7064	7070	7070.000
CT	793	7297	7302	7302.000
CT	792	7376	7381	7381.000
CT	791	7396	7402	7402.000
CT	790	7426	7440	7440.000
CT	789	7365	7369	7369.000
CT	788	7345	7349	7349.000
CT	787	7392	7395	7395.000
CT	786	7470	7478	7478.000
CT	785	7538	7540	7540.000
CT	784	7386	7393	7393.000
CT	783	7416	7420	7420.000
CT	782	7561	7563	7563.000
CT	781	7405	7408	7408.000
CT	780	7442	7447	7447.000
CT	779	7630	7633	7633.000
CT	778	7597	7603	7603.000
CT	777	7577	7583	7583.000
CT	776	7769	7777	7777.000
CT	775	7844	7848	7848.000
CT	774	7733	7736	7736.000
CT	773	7709	7711	7711.000
CT	772	7708	7711	7711.000
CT	771	8055	8061	8061.000
CT	770	7831	7841	7841.000
CT	769	7863	7868	7868.000
CT	768	7889	7895	7895.000
CT	767	7983	7987	7987.000
CT	766	7991	7998	7998.000
CT	765	8103	8109	8109.000
CT	764	8167	8176	8176.000
CT	763	8041	8051	8051.000
CT	762	8177	8182	8182.000
CT	761	8156	8163	8163.000
CT	760	8051	8055	8055.000
CT	759	8198	8202	8202.000
CT	758	8149	8152	8152.000
CT	757	8258	8265	8265.000
CT	756	8304	8314	8314.000
CT	755	8149	8152	8152.000
CT	754	8346	8356	8356.000
CT	753	8385	8401	8401.000
CT	752	8353	8356	8356.000
CT	751	8495	8503	8503.000
CT	750	8263	8267	8267.000
CT	749	8306	8313	8313.000
CT	748	8445	8451	8451.000
CT	747	8343	8352	8352.000
CT	746	8578	8589	8589.000
CT	745	8556	8566	8566.000
CT	744	8588	8596	8596.000
CT	743	8492	8493	8493.000
CT	742	8617	8625	8625.000
CT	741	8576	8584	8584.000
CT	740	8442	8446	8446.000
CT	739	8427	8432	8432.000
CT	738	8607	8614	8614.000
CT	737	8633	8640	8640.000
CT	736	8673	8678	8678.000
CT	735	8552	8558	8558.000
CT	734	8731	8733	8733.000
CT	733	8835	8839	8839.000
CT	732	8722	8730	8730.000
CT	731	8925	8932	8932.000
CT	730	8767	8773	8773.000
CT	729	8909	8913	8913.000
CT	728	8808	8814	8814.000
CT	727	8909	8912	8912.000
CT	726	9104	9112	9112.000
CT	725	8915	8923	8923.000
CT	724	8944	8948	8948.000
CT	723	9072	9084	9084.000
CT	722	9092	9098	9098.000
CT	721	9127	9132	9132.000
CT	720	9289	9293	9293.000
CT	719	9191	9193	9193.000
CT	718	9090	9100	9100.000
CT	717	9302	9306	9306.000
CT	716	9233	9237	9237.000
CT	715	9137	9143	9143.000
CT	714	9276	9285	9285.000
CT	713	9241	9247	9247.000
CT	712	9352	9355	9355.000
CT	711	9423	9428	9428.000
CT	710	9294	9302	9302.000
CT	709	9395	9416	9416.000
CT	708	9352	9374	9374.000
CT	707	9272	9280	9280.000
CT	706	9357	9363	9363.000
CT	705	9444	9451	9451.000
CT	704	9472	9485	9485.000
CT	703	9400	9411	9411.000
CT	702	9226	9234	9234.000
CT	701	9565	9570	9570.000
CT	700	9416	9423	9423.000
CT	699	9608	9623	9623.000
CT	698	9500	9507	9507.000
CT	697	9464	9469	9469.000
CT	696	9631	9647	9647.000
CT	695	9676	9684	9684.000
CT	694	9699	9710	9710.000
CT	693	9585	9597	9597.000
CT	692	9644	9653	9653.000
CT	691	9570	9582	9582.000
CT	690	9622	9628	9628.000
CT	689	9796	9808	9808.000
CT	688	9691	9702	9702.000
CT	687	9857	9866	9866.000
CT	686	9868	9872	9872.000
CT	685	9812	9824	9824.000
CT	684	9742	9747	9747.000
CT	683	9797	9802	9802.000
CT	682	9929	9937	9937.000
CT	681	9672	9688	9688.000
CT	680	9883	9893	9893.000
CT	679	9689	9691	9691.000
CT	678	9957	9960	9960.000
CT	677	9761	9773	9773.000
CT	676	9570	9583	9583.000
CT	675	9756	9765	9765.000
CT	674	9686	9698	9698.000
CT	673	9719	9732	9732.000
CT	672	9630	9648	9648.000
CT	671	9844	9855	9855.000
CT	670	9739	9753	9753.000
CT	669	9757	9764	9764.000
CT	668	9854	9860	9860.000
CT	667	9803	9812	9812.000
CT	666	9893	9903	9903.000
CT	665	9834	9842	9842.000
CT	664	9822	9830	9830.000
CT	663	9725	9738	9738.000
CT	662	9972	9983	9983.000
CT	661	9974	9984	9984.000
CT	660	9904	9915	9915.000
CT	659	9708	9728	9728.000
CT	658	9843	9858	9858.000
CT	657	9776	9784	9784.000
CT	656	10006	10013	10013.000
CT	655	9912	9920	9920.000
CT	654	10063	10066	10066.000
CT	653	9910	9918	9918.000
CT	652	9814	9820	9820.000
CT	651	9865	9873	9873.000
CT	650	9865	9866	9866.000
CT	649	10039	10042	10042.000
CT	648	9983	9986	9986.000
CT	647	9840	9842	9842.000
CT	646	10006	10010	10010.000
CT	645	9780	9785	9785.000
CT	644	9743	9751	9751.000
CT	643	9863	9866	9866.000
CT	642	9968	9973	9973.000
CT	641	9958	9959	9959.000
CT	640	9952	9958	9958.000
CT	639	9823	9827	9827.000
CT	638	9898	9903	9903.000
CT	637	9931	9937	9937.000
CT	636	9671	9682	9682.000
CT	635	9960	9967	9967.000
CT	634	9771	9774	9774.000
CT	633	9606	9610	9610.000
CT	632	9640	9643	9643.000
CT	631	9658	9662	9662.000
CT	630	9875	9878	9878.000
CT	629	9747	9749	9749.000
CT	628	9667	9668	9668.000
CT	627	9626	9634	9634.000
CT	626	9583	9583	9583.000
CT	625	9489	9496	9496.000
CT	624	9482	9487	9487.000
CT	623	9488	9494	9494.000
CT	622	9486	9492	9492.000
CT	621	9666	9677	9677.000
CT	620	9605	9616	9616.000
CT	619	9459	9467	9467.000
CT	618	9521	9529	9529.000
CT	617	9605	9612	9612.000
CT	616	9722	9730	9730.000
CT	615	9400	9406	9406.000
CT	614	9328	9335	9335.000
CT	613	9483	9489	9489.000
CT	612	9530	9538	9538.000
CT	611	9462	9465	9465.000
CT	610	9190	9191	9191.000
CT	609	9251	9255	9255.000
CT	608	9238	9249	9249.000
CT	607	9562	9566	9566.000
CT	606	9448	9448	9448.000
CT	605	9338	9341	9341.000
CT	604	9127	9131	9131.000
CT	603	9383	9389	9389.000
CT	602	9342	9349	9349.000
CT	601	9372	9374	9374.000
CT	600	9270	9274	9274.000
CT	599	9065	9069	9069.000
CT	598	9309	9308	9308.000
CT	597	9036	9034	9034.000
CT	596	8845	8845	8845.000
CT	595	8996	8992	8992.000
CT	594	9053	9053	9053.000
CT	593	9097	9093	9093.000
CT	592	9022	9021	9021.000
CT	591	8913	8916	8916.000
CT	590	8819	8823	8823.000
CT	589	8812	8815	8815.000
CT	588	8657	8658	8658.000
CT	587	8760	8757	8757.000
CT	586	8906	8907	8907.000
CT	585	8785	8784	8784.000
CT	584	8722	8720	8720.000
CT	583	8835	8833	8833.000
CT	582	8914	8914	8914.000
CT	581	8767	8765	8765.000
CT	580	8785	8785	8785.000
CT	579	8767	8768	8768.000
CT	578	8612	8614	8614.000
CT	577	8609	8608	8608.000
CT	576	8642	8643	8643.000
CT	575	8548	8549	8549.000
CT	574	8515	8516	8516.000
CT	573	8558	8557	8557.000
CT	572	8638	8640	8640.000
CT	571	8382	8384	8384.000
CT	570	8334	8334	8334.000
CT	569	8396	8394	8394.000
CT	568	8381	8382	8382.000
CT	567	8201	8201	8201.000
CT	566	8383	8381	8381.000
CT	565	8076	8076	8076.000
CT	564	8256	8255	8255.000
CT	563	8125	8124	8124.000
CT	562	7944	7943	7943.000
CT	561	8082	8081	8081.000
CT	560	8160	8158	8158.000
CT	559	7947	7943	7943.000
CT	558	8081	8080	8080.000
CT	557	8015	8015	8015.000
CT	556	7933	7932	7932.000
CT	555	7867	7865	7865.000
CT	554	7892	7891	7891.000
CT	553	7714	7712	7712.000
CT	552	7609	7610	7610.000
CT	551	7731	7729	7729.000
CT	550	7562	7560	7560.000
CT	549	7555	7551	7551.000
CT	548	7576	7575	7575.000
CT	547	7456	7454	7454.000
CT	546	7538	7538	7538.000
CT	545	7359	7360	7360.000
CT	544	7313	7315	7315.000
CT	543	7438	7439	7439.000
CT	542	7277	7279	7279.000
CT	541	7090	7092	7092.000
CT	540	7303	7304	7304.000
CT	539	7116	7119	7119.000
CT	538	7166	7168	7168.000
CT	537	7333	7339	7339.000
CT	536	7152	7154	7154.000
CT	535	7164	7173	7173.000
CT	534	7067	7068	7068.000
CT	533	7167	7171	7171.000
CT	532	6970	6973	6973.000
CT	531	7118	7122	7122.000
CT	530	7038	7041	7041.000
CT	529	6889	6891	6891.000
CT	528	6867	6868	6868.000
CT	527	6648	6648	6648.000
CT	526	6856	6861	6861.000
CT	525	6734	6738	6738.000
CT	524	6603	6605	6605.000
CT	523	6591	6593	6593.000
CT	522	6512	6514	6514.000
CT	521	6508	6511	6511.000
CT	520	6507	6510	6510.000
CT	519	6302	6305	6305.000
CT	518	6390	6391	6391.000
CT	517	6133	6130	6130.000
CT	516	6196	6195	6195.000
CT	515	6004	6006	6006.000
CT	514	5948	5951	5951.000
CT	513	5971	5973	5973.000
CT	512	5810	5813	5813.000
CT	511	5934	5935	5935.000
CT	510	5784	5784	5784.000
CT	509	5858	5861	5861.000
CT	508	5584	5585	5585.000
CT	507	5691	5693	5693.000
CT	506	5493	5495	5495.000
CT	505	5572	5575	5575.000
CT	504	5597	5600	5600.000
CT	503	5493	5494	5494.000
CT	502	5422	5425	5425.000
CT	501	5378	5383	5383.000
CT	500	5313	5315	5315.000
CT	499	5219	5220	5220.000
CT	498	5167	5172	5172.000
CT	497	5121	5124	5124.000
CT	496	4909	4915	4915.000
CT	495	5073	5076	5076.000
CT	494	5092	5093	5093.000
CT	493	4941	4943	4943.000
CT	492	4859	4861	4861.000
CT	491	4837	4833	4833.000
CT	490	4904	4904	4904.000
CT	489	4763	4761	4761.000
CT	488	4739	4743	4743.000
CT	487	4616	4619	4619.000
CT	486	4660	4662	4662.000
CT	485	4606	4607	4607.000
CT	484	4468	4469	4469.000
CT	483	4512	4518	4518.000
CT	482	4464	4465	4465.000
CT	481	4536	4539	4539.000
CT	480	4356	4359	4359.000
CT	479	4472	4473	4473.000
CT	478	4288	4297	4297.000
CT	477	4301	4301	4301.000
CT	476	4223	4224	4224.000
CT	475	4178	4181	4181.000
CT	474	4166	4170	4170.000
CT	473	4062	4068	4068.000
CT	472	4146	4148	4148.000
CT	471	3995	3997	3997.000
CT	470	4041	4049	4049.000
CT	469	3936	3950	3950.000
CT	468	3825	3833	3833.000
CT	467	3810	3812	3812.000
CT	466	3728	3737	3737.000
CT	465	3752	3756	3756.000
CT	464	3723	3732	3732.000
CT	463	3701	3703	3703.000
CT	462	3505	3511	3511.000
CT	461	3400	3405	3405.000
CT	460	3463	3473	3473.000
CT	459	3397	3402	3402.000
CT	458	3396	3404	3404.000
CT	457	3391	3398	3398.000
CT	456	3386	3394	3394.000
CT	455	3324	3327	3327.000
CT	454	3169	3177	3177.000
CT	453	3209	3214	3214.000
CT	452	3125	3131	3131.000
CT	451	3088	3093	3093.000
CT	450	2877	2884	2884.000
CT	449	2966	2975	2975.000
CT	448	2987	2995	2995.000
CT	447	2971	2973	2973.000
CT	446	2886	2891	2891.000
CT	445	2827	2832	2832.000
CT	444	2937	2944	2944.000
CT	443	2836	2842	2842.000
CT	442	2766	2772	2772.000
CT	441	2777	2783	2783.000
CT	440	2689	2690	2690.000
CT	439	2652	2656	2656.000
CT	438	2605	2604	2604.000
CT	437	2586	2584	2584.000
CT	436	2531	2530	2530.000
CT	435	2599	2600	2600.000
CT	434	2474	2473	2473.000
CT	433	2477	2477	2477.000
CT	432	2433	2432	2432.000
CT	431	2388	2385	2385.000
CT	430	2323	2321	2321.000
CT	429	2290	2290	2290.000
CT	428	2256	2250	2250.000
CT	427	2225	2222	2222.000
CT	426	2194	2193	2193.000
CT	425	2045	2048	2048.000
CT	424	2015	2015	2015.000
CT	423	2022	2021	2021.000
CT	422	2007	2008	2008.000
CT	421	1957	1954	1954.000
CT	420	1962	1964	1964.000
CT	419	1914	1913	1913.000
CT	418	1855	1856	1856.000
CT	417	1851	1853	1853.000
CT	416	1863	1862	1862.000
CT	415	1816	1809	1809.000
CT	414	1811	1806	1806.000
CT	413	1747	1750	1750.000
CT	412	1732	1735	1735.000
CT	411	1666	1667	1667.000
CT	410	1697	1701	1701.000
CT	409	1624	1622	1622.000
CT	408	1603	1604	1604.000
CT	407	1577	1573	1573.000
CT	406	1513	1513	1513.000
CT	405	1471	1474	1474.000
CT	404	1471	1477	1477.000
CT	403	1402	1404	1404.000
CT	402	1375	1372	1372.000
CT	401	1378	1377	1377.000
CT	400	1326	1329	1329.000
CT	399	1294	1295	1295.000
CT	398	1298	1296	1296.000
CT	397	1282	1284	1284.000
CT	396	1310	1312	1312.000
CT	395	1205	1204	1204.000
CT	394	1167	1172	1172.000
CT	393	1218	1217	1217.000
CT	392	1194	1196	1196.000
CT	391	1151	1148	1148.000
CT	390	1124	1125	1125.000
CT	389	1037	1036	1036.000
CT	388	1052	1052	1052.000
CT	387	1001	1001	1001.000
CT	386	968	967	967.000
CT	385	921	920	920.000
CT	384	965	963	963.000
CT	383	936	938	938.000
CT	382	885	883	883.000
CT	381	865	864	864.000
CT	380	865	864	864.000
CT	379	763	762	762.000
CT	378	839	838	838.000
CT	377	795	793	793.000
CT	376	771	771	771.000
CT	375	780	779	779.000
CT	374	759	758	758.000
CT	373	659	658	658.000
CT	372	696	696	696.000
CT	371	715	712	712.000
CT	370	694	692	692.000
CT	369	665	664	664.000
CT	368	646	646	646.000
CT	367	653	648	648.000
CT	366	643	640	640.000
CT	365	561	560	560.000
CT	364	583	584	584.000
CT	363	606	604	604.000
CT	362	545	544	544.000
CT	361	515	513	513.000
CT	360	498	496	496.000
CT	359	503	499	499.000
CT	358	434	433	433.000
CT	357	393	393	393.000
CT	356	415	414	414.000
CT	355	442	442	442.000
CT	354	400	399	399.000
CT	353	353	353	353.000
CT	352	366	365	365.000
CT	351	347	345	345.000
CT	350	356	354	354.000
CT	349	373	371	371.000
CT	348	319	318	318.000
CT	347	321	321	321.000
CT	346	279	278	278.000
CT	345	274	271	271.000
CT	344	260	258	258.000
CT	343	263	265	265.000
CT	342	250	248	248.000
CT	341	239	236	236.000
CT	340	243	242	242.000
CT	339	259	260	260.000
CT	338	231	231	231.000
CT	337	242	241	241.000
CT	336	229	231	231.000
CT	335	183	183	183.000
CT	334	178	176	176.000
CT	333	177	180	180.000
CT	332	169	168	168.000
CT	331	160	160	160.000
CT	330	134	136	136.000
CT	329	131	132	132.000
CT	328	136	138	138.000
CT	327	142	145	145.000
CT	326	126	125	125.000
CT	325	130	131	131.000
CT	324	128	125	125.000
CT	323	104	102	102.000
CT	322	115	115	115.000
CT	321	109	108	108.000
CT	320	94	95	95.000
CT	319	89	88	88.000
CT	318	95	95	95.000
CT	317	88	84	84.000
CT	316	96	94	94.000
CT	315	87	85	85.000
CT	314	90	92	92.000
CT	313	92	89	89.000
CT	312	98	97	97.000
CT	311	87	88	88.000
CT	310	81	82	82.000
CT	309	80	80	80.000
CT	308	67	65	65.000
CT	307	76	71	71.000
CT	306	62	62	62.000
CT	305	62	61	61.000
CT	304	61	59	59.000
CT	303	59	58	58.000
CT	302	63	63	63.000
CT	301	53	51	51.000
CT	300	63	60	60.000
CT	299	70	68	68.000
CT	298	46	45	45.000
CT	297	57	57	57.000
CT	296	58	58	58.000
CT	295	71	70	70.000
CT	294	52	49	49.000
CT	293	60	62	62.000
CT	292	80	81	81.000
CT	291	66	64	64.000
CT	290	71	68	68.000
CT	289	62	62	62.000
CT	288	82	81	81.000
CT	287	63	62	62.000
CT	286	69	64	64.000
CT	285	74	69	69.000
CT	284	58	57	57.000
CT	283	62	58	58.000
CT	282	55	55	55.000
CT	281	44	43	43.000
CT	280	41	42	42.000
CT	279	43	40	40.000
CT	278	50	48	48.000
CT	277	45	47	47.000
CT	276	46	43	43.000
CT	275	33	33	33.000
CT	274	40	39	39.000
CT	273	55	54	54.000
CT	272	61	57	57.000
CT	271	41	39	39.000
CT	270	37	35	35.000
CT	269	36	34	34.000
CT	268	29	28	28.000
CT	267	41	39	39.000
CT	266	38	34	34.000
CT	265	29	28	28.000
CT	264	27	25	25.000
CT	263	44	38	38.000
CT	262	29	27	27.000
CT	261	35	32	32.000
CT	260	32	32	32.000
CT	259	30	29	29.000
CT	258	34	28	28.000
CT	257	31	28	28.000
CT	256	33	29	29.000
CT	255	41	33	33.000
CT	254	37	37	37.000
CT	253	30	27	27.000
CT	252	29	27	27.000
CT	251	28	28	28.000
CT	250	30	28	28.000
CT	249	36	34	34.000
CT	248	34	31	31.000
CT	247	35	33	33.000
CT	246	20	19	19.000
CT	245	25	25	25.000
CT	244	27	25	25.000
CT	243	27	23	23.000
CT	242	37	30	30.000
CT	241	28	27	27.000
CT	240	22	20	20.000
CT	239	20	16	16.000
CT	238	24	22	22.000
CT	237	29	26	26.000
CT	236	30	26	26.000
CT	235	26	22	22.000
CT	234	23	21	21.000
CT	233	32	29	29.000
CT	232	34	32	32.000
CT	231	34	29	29.000
CT	230	34	30	30.000
CT	229	26	23	23.000
CT	228	28	24	24.000
CT	227	27	25	25.000
CT	226	26	20	20.000
CT	225	41	38	38.000
CT	224	32	30	30.000
CT	223	40	37	37.000
CT	222	42	40	40.000
CT	221	35	30	30.000
CT	220	42	37	37.000
CT	219	35	32	32.000
CT	218	30	30	30.000
CT	217	42	38	38.000
CT	216	41	37	37.000
CT	215	40	37	37.000
CT	214	36	33	33.000
CT	213	41	37	37.000
CT	212	41	33	33.000
CT	211	31	25	25.000
CT	210	34	31	31.000
CT	209	20	17	17.000
CT	208	26	20	20.000
CT	207	28	28	28.000
CT	206	25	22	22.000
CT	205	24	22	22.000
CT	204	32	27	27.000
CT	203	23	18	18.000
CT	202	25	22	22.000
CT	201	31	26	26.000
CT	200	24	20	20.000
CT	199	23	18	18.000
CT	198	29	26	26.000
CT	197	24	21	21.000
CT	196	32	24	24.000
CT	195	18	12	12.000
CT	194	15	12	12.000
CT	193	25	20	20.000
CT	192	15	10	10.000
CT	191	12	9	9.000
CT	190	16	13	13.000
CT	189	18	14	14.000
CT	188	22	20	20.000
CT	187	15	12	12.000
CT	186	16	12	12.000
CT	185	16	10	10.000
CT	184	14	10	10.000
CT	183	15	10	10.000
CT	182	12	9	9.000
CT	181	13	10	10.000
CT	180	17	12	12.000
CT	179	13	8	8.000
CT	178	21	9	9.000
CT	177	14	11	11.000
CT	176	23	15	15.000
CT	175	26	20	20.000
CT	174	12	10	10.000
CT	173	19	10	10.000
CT	172	9	1	1.000
CT	171	11	5	5.000
CT	170	11	2	2.000
CT	169	20	9	9.000
CT	168	10	4	4.000
CT	167	11	3	3.000
CT	166	15	3	3.000
CT	165	7	1	1.000
CT	164	11	5	5.000
CT	163	13	2	2.000
CT	162	10	3	3.000
CT	161	7	2	2.000
CT	160	17	3	3.000
CT	159	16	9	9.000
CT	158	13	3	3.000
CT	157	13	4	4.000
CT	156	6	4	4.000
CT	155	12	4	4.000
CT	154	18	6	6.000
CT	153	20	6	6.000
CT	152	6	2	2.000
CT	151	14	7	7.000
CT	150	14	6	6.000
CT	149	14	4	4.000
CT	148	13	3	3.000
CT	147	14	4	4.000
CT	146	9	2	2.000
CT	145	14	7	7.000
CT	144	30	12	12.000
CT	143	15	5	5.000
CT	142	18	6	6.000
CT	141	17	8	8.000
CT	140	10	8	8.000
CT	139	6	3	3.000
CT	138	13	4	4.000
CT	137	13	4	4.000
CT	136	11	3	3.000
CT	135	13	3	3.000
CT	134	9	3	3.000
CT	133	10	4	4.000
CT	132	16	3	3.000
CT	131	9	3	3.000
CT	130	11	2	2.000
CT	129	19	7	7.000
CT	128	9	5	5.000
CT	127	23	4	4.000
CT	126	13	2	2.000
CT	125	21	6	6.000
CT	124	13	3	3.000
CT	123	22	2	2.000
CT	122	11	0	0.000
CT	121	11	0	0.000
CT	120	11	0	0.000
CT	119	11	0	0.000
CT	118	18	0	0.000
CT	117	17	0	0.000
CT	116	16	0	0.000
CT	115	9	0	0.000
CT	114	8	0	0.000
CT	113	14	0	0.000
CT	112	15	0	0.000
CT	111	10	0	0.000
CT	110	19	0	0.000
CT	109	17	0	0.000
CT	108	18	0	0.000
CT	107	19	0	0.000
CT	106	20	0	0.000
CT	105	21	0	0.000
CT	104	23	0	0.000
CT	103	24	0	0.000
CT	102	18	0	0.000
CT	101	17	0	0.000
CT	100	29	0	0.000
CT	99	20	0	0.000
CT	98	28	0	0.000
CT	97	23	0	0.000
CT	96	28	0	0.000
CT	95	26	0	0.000
CT	94	30	0	0.000
CT	93	35	0	0.000
CT	92	27	0	0.000
CT	91	22	0	0.000
CT	90	32	0	0.000
CT	89	18	0	0.000
CT	88	26	0	0.000
CT	87	27	0	0.000
CT	86	31	0	0.000
CT	85	38	0	0.000
CT	84	37	0	0.000
CT	83	31	0	0.000
CT	82	28	0	0.000
CT	81	34	0	0.000
CT	80	41	0	0.000
CT	79	48	0	0.000
CT	78	49	0	0.000
CT	77	48	0	0.000
CT	76	44	0	0.000
CT	75	48	0	0.000
CT	74	46	0	0.000
CT	73	68	0	0.000
CT	72	59	0	0.000
CT	71	64	0	0.000
CT	70	69	0	0.000
CT	69	67	0	0.000
CT	68	76	0	0.000
CT	67	62	0	0.000
CT	66	67	0	0.000
CT	65	63	0	0.000
CT	64	97	0	0.000
CT	63	87	0	0.000
CT	62	92	0	0.000
CT	61	81	0	0.000
CT	60	85	0	0.000
CT	59	87	0	0.000
CT	58	125	0	0.000
CT	57	118	0	0.000
CT	56	115	0	0.000
CT	55	133	0	0.000
CT	54	129	0	0.000
CT	53	123	0	0.000
CT	52	133	0	0.000
CT	51	108	0	0.000
CT	50	180	0	0.000
CT	49	191	0	0.000
CT	48	205	0	0.000
CT	47	189	0	0.000
CT	46	214	0	0.000
CT	45	231	0	0.000
CT	44	249	0	0.000
CT	43	249	0	0.000
CT	42	305	0	0.000
CT	41	302	0	0.000
CT	40	309	0	0.000
CT	39	393	0	0.000
CT	38	419	0	0.000
CT	37	466	0	0.000
CT	36	437	0	0.000
CT	35	583	0	0.000
CT	34	599	0	0.000
CT	33	621	0	0.000
CT	32	640	0	0.000
CT	31	797	0	0.000
CT	30	875	0	0.000
CT	29	984	0	0.000
CT	28	1260	0	0.000
CT	27	1469	0	0.000
CT	26	1774	0	0.000
CT	25	1940	0	0.000
CT	24	2302	0	0.000
CT	23	2664	0	0.000
CT	22	3323	0	0.000
CT	21	4029	0	0.000
CT	20	4823	0	0.000
CT	19	6175	0	0.000
CT	18	7767	0	0.000
CT	17	10193	0	0.000
CT	16	13077	0	0.000
CT	15	16700	0	0.000
CT	14	21563	0	0.000
CT	13	29732	0	0.000
CT	12	40022	0	0.000
CT	11	55972	0	0.000
CT	10	80208	0	0.000
CT	9	118639	0	0.000
CT	8	185374	0	0.000
CT	7	308786	0	0.000
CT	6	565507	0	0.000
CT	5	1172340	0	0.000
CT	4	2833082	0	0.000
CT	3	7813458	0	0.000
CT	2	26752819	0	0.000
CT	1	0	0	-nan
CT	0	0	29	-nan
FR	0	0
ER	4335074	0.000
CV	1.000
QV	66.660	66.660
