HS	1023	0	355349	355349
HS	1022	0	2474	357823
HS	1021	0	2429	360252
HS	1020	0	2498	362750
HS	1019	0	2463	365213
HS	1018	0	2519	367732
HS	1017	0	2485	370217
HS	1016	0	2518	372735
HS	1015	0	2520	375255
HS	1014	0	2627	377882
HS	1013	0	2570	380452
HS	1012	0	2552	383004
HS	1011	0	2638	385642
HS	1010	0	2622	388264
HS	1009	0	2621	390885
HS	1008	0	2715	393600
HS	1007	0	2671	396271
HS	1006	0	2779	399050
HS	1005	0	2647	401697
HS	1004	0	2762	404459
HS	1003	0	2692	407151
HS	1002	0	2757	409908
HS	1001	0	2890	412798
HS	1000	0	2823	415621
HS	999	0	2729	418350
HS	998	0	2724	421074
HS	997	0	2814	423888
HS	996	0	2754	426642
HS	995	0	2905	429547
HS	994	0	2839	432386
HS	993	0	2820	435206
HS	992	0	2830	438036
HS	991	0	2873	440909
HS	990	0	2866	443775
HS	989	0	2852	446627
HS	988	0	2842	449469
HS	987	0	2980	452449
HS	986	0	2999	455448
HS	985	0	2808	458256
HS	984	0	2844	461100
HS	983	0	2935	464035
HS	982	0	3121	467156
HS	981	0	2947	470103
HS	980	0	3012	473115
HS	979	0	2926	476041
HS	978	0	3065	479106
HS	977	0	3021	482127
HS	976	0	3113	485240
HS	975	0	3182	488422
HS	974	0	3143	491565
HS	973	0	3130	494695
HS	972	0	3281	497976
HS	971	0	3212	501188
HS	970	0	3194	504382
HS	969	0	3223	507605
HS	968	0	3253	510858
HS	967	0	3276	514134
HS	966	0	3288	517422
HS	965	0	3391	520813
HS	964	0	3374	524187
HS	963	0	3226	527413
HS	962	0	3430	530843
HS	961	0	3339	534182
HS	960	0	3315	537497
HS	959	0	3314	540811
HS	958	0	3445	544256
HS	957	0	3484	547740
HS	956	0	3428	551168
HS	955	0	3437	554605
HS	954	0	3454	558059
HS	953	0	3588	561647
HS	952	0	3677	565324
HS	951	0	3643	568967
HS	950	0	3505	572472
HS	949	0	3594	576066
HS	948	0	3654	579720
HS	947	0	3624	583344
HS	946	0	3652	586996
HS	945	0	3692	590688
HS	944	0	3596	594284
HS	943	0	3728	598012
HS	942	0	3782	601794
HS	941	0	3827	605621
HS	940	0	3816	609437
HS	939	0	3820	613257
HS	938	0	3834	617091
HS	937	0	3954	621045
HS	936	0	3868	624913
HS	935	0	3785	628698
HS	934	0	3891	632589
HS	933	0	3977	636566
HS	932	0	4035	640601
HS	931	0	3895	644496
HS	930	0	4005	648501
HS	929	0	3840	652341
HS	928	0	4041	656382
HS	927	0	3980	660362
HS	926	0	4123	664485
HS	925	0	4046	668531
HS	924	0	4082	672613
HS	923	0	4054	676667
HS	922	0	4096	680763
HS	921	0	4213	684976
HS	920	0	4152	689128
HS	919	0	4206	693334
HS	918	0	4304	697638
HS	917	0	4318	701956
HS	916	0	4205	706161
HS	915	0	4265	710426
HS	914	0	4401	714827
HS	913	0	4462	719289
HS	912	0	4454	723743
HS	911	0	4321	728064
HS	910	0	4399	732463
HS	909	0	4545	737008
HS	908	0	4539	741547
HS	907	0	4543	746090
HS	906	0	4470	750560
HS	905	0	4525	755085
HS	904	0	4432	759517
HS	903	0	4534	764051
HS	902	0	4656	768707
HS	901	0	4614	773321
HS	900	0	4655	777976
HS	899	0	4686	782662
HS	898	0	4754	787416
HS	897	0	4718	792134
HS	896	0	4727	796861
HS	895	0	4772	801633
HS	894	0	4686	806319
HS	893	0	4753	811072
HS	892	0	4756	815828
HS	891	0	4904	820732
HS	890	0	4928	825660
HS	889	0	4931	830591
HS	888	0	4993	835584
HS	887	0	5007	840591
HS	886	0	4918	845509
HS	885	0	5075	850584
HS	884	0	5036	855620
HS	883	0	5060	860680
HS	882	0	5183	865863
HS	881	0	5123	870986
HS	880	0	5121	876107
HS	879	0	5234	881341
HS	878	0	5262	886603
HS	877	0	5188	891791
HS	876	0	5260	897051
HS	875	0	5330	902381
HS	874	0	5336	907717
HS	873	0	5435	913152
HS	872	0	5425	918577
HS	871	0	5281	923858
HS	870	0	5414	929272
HS	869	0	5538	934810
HS	868	0	5510	940320
HS	867	0	5517	945837
HS	866	0	5514	951351
HS	865	0	5507	956858
HS	864	0	5573	962431
HS	863	0	5509	967940
HS	862	0	5444	973384
HS	861	0	5603	978987
HS	860	0	5772	984759
HS	859	0	5697	990456
HS	858	0	5827	996283
HS	857	0	5618	1001901
HS	856	0	5768	1007669
HS	855	0	5735	1013404
HS	854	0	5757	1019161
HS	853	0	5820	1024981
HS	852	0	5741	1030722
HS	851	0	6036	1036758
HS	850	0	5988	1042746
HS	849	0	5858	1048604
HS	848	0	5978	1054582
HS	847	0	5985	1060567
HS	846	0	5910	1066477
HS	845	0	5988	1072465
HS	844	0	6020	1078485
HS	843	0	6095	1084580
HS	842	0	5886	1090466
HS	841	0	6209	1096675
HS	840	0	6158	1102833
HS	839	0	6212	1109045
HS	838	0	6250	1115295
HS	837	0	6198	1121493
HS	836	0	6396	1127889
HS	835	0	6248	1134137
HS	834	0	6357	1140494
HS	833	0	6345	1146839
HS	832	0	6385	1153224
HS	831	0	6238	1159462
HS	830	0	6385	1165847
HS	829	0	6419	1172266
HS	828	0	6557	1178823
HS	827	0	6423	1185246
HS	826	0	6635	1191881
HS	825	0	6437	1198318
HS	824	0	6607	1204925
HS	823	0	6717	1211642
HS	822	0	6640	1218282
HS	821	0	6727	1225009
HS	820	0	6780	1231789
HS	819	0	6675	1238464
HS	818	0	6842	1245306
HS	817	0	6721	1252027
HS	816	0	6760	1258787
HS	815	0	6781	1265568
HS	814	0	6710	1272278
HS	813	0	6665	1278943
HS	812	0	6759	1285702
HS	811	0	6869	1292571
HS	810	0	6976	1299547
HS	809	0	6921	1306468
HS	808	0	6862	1313330
HS	807	0	6862	1320192
HS	806	0	6824	1327016
HS	805	0	7014	1334030
HS	804	0	7121	1341151
HS	803	0	7056	1348207
HS	802	0	7127	1355334
HS	801	0	7070	1362404
HS	800	0	7047	1369451
HS	799	0	7294	1376745
HS	798	0	7087	1383832
HS	797	0	7172	1391004
HS	796	0	7082	1398086
HS	795	0	7312	1405398
HS	794	0	7064	1412462
HS	793	0	7297	1419759
HS	792	0	7376	1427135
HS	791	0	7396	1434531
HS	790	0	7426	1441957
HS	789	0	7365	1449322
HS	788	0	7345	1456667
HS	787	0	7392	1464059
HS	786	0	7470	1471529
HS	785	0	7538	1479067
HS	784	0	7386	1486453
HS	783	0	7416	1493869
HS	782	0	7561	1501430
HS	781	0	7405	1508835
HS	780	0	7442	1516277
HS	779	0	7630	1523907
HS	778	0	7597	1531504
HS	777	0	7577	1539081
HS	776	0	7769	1546850
HS	775	0	7844	1554694
HS	774	0	7733	1562427
HS	773	0	7709	1570136
HS	772	0	7708	1577844
HS	771	0	8055	1585899
HS	770	0	7831	1593730
HS	769	0	7863	1601593
HS	768	0	7889	1609482
HS	767	0	7983	1617465
HS	766	0	7991	1625456
HS	765	0	8103	1633559
HS	764	0	8167	1641726
HS	763	0	8041	1649767
HS	762	0	8177	1657944
HS	761	0	8156	1666100
HS	760	0	8051	1674151
HS	759	0	8198	1682349
HS	758	0	8149	1690498
HS	757	0	8258	1698756
HS	756	0	8304	1707060
HS	755	0	8149	1715209
HS	754	0	8346	1723555
HS	753	0	8385	1731940
HS	752	0	8353	1740293
HS	751	0	8495	1748788
HS	750	0	8263	1757051
HS	749	0	8306	1765357
HS	748	0	8445	1773802
HS	747	0	8343	1782145
HS	746	0	8578	1790723
HS	745	0	8556	1799279
HS	744	0	8588	1807867
HS	743	0	8492	1816359
HS	742	0	8617	1824976
HS	741	0	8576	1833552
HS	740	0	8442	1841994
HS	739	0	8427	1850421
HS	738	0	8607	1859028
HS	737	0	8633	1867661
HS	736	0	8673	1876334
HS	735	0	8552	1884886
HS	734	0	8731	1893617
HS	733	0	8835	1902452
HS	732	0	8722	1911174
HS	731	0	8925	1920099
HS	730	0	8767	1928866
HS	729	0	8909	1937775
HS	728	0	8808	1946583
HS	727	0	8909	1955492
HS	726	0	9104	1964596
HS	725	0	8915	1973511
HS	724	0	8944	1982455
HS	723	0	9072	1991527
HS	722	0	9092	2000619
HS	721	0	9127	2009746
HS	720	0	9289	2019035
HS	719	0	9191	2028226
HS	718	0	9090	2037316
HS	717	0	9302	2046618
HS	716	0	9233	2055851
HS	715	0	9137	2064988
HS	714	0	9276	2074264
HS	713	0	9241	2083505
HS	712	0	9352	2092857
HS	711	0	9423	2102280
HS	710	0	9294	2111574
HS	709	0	9395	2120969
HS	708	0	9352	2130321
HS	707	0	9272	2139593
HS	706	0	9357	2148950
HS	705	0	9444	2158394
HS	704	0	9472	2167866
HS	703	0	9400	2177266
HS	702	0	9226	2186492
HS	701	0	9565	2196057
HS	700	0	9416	2205473
HS	699	0	9608	2215081
HS	698	0	9500	2224581
HS	697	0	9464	2234045
HS	696	0	9631	2243676
HS	695	0	9676	2253352
HS	694	0	9699	2263051
HS	693	0	9585	2272636
HS	692	0	9644	2282280
HS	691	0	9570	2291850
HS	690	0	9622	2301472
HS	689	0	9796	2311268
HS	688	0	9691	2320959
HS	687	0	9857	2330816
HS	686	0	9868	2340684
HS	685	0	9812	2350496
HS	684	0	9742	2360238
HS	683	0	9797	2370035
HS	682	0	9929	2379964
HS	681	0	9672	2389636
HS	680	0	9883	2399519
HS	679	0	9689	2409208
HS	678	0	9957	2419165
HS	677	0	9761	2428926
HS	676	0	9570	2438496
HS	675	0	9756	2448252
HS	674	0	9686	2457938
HS	673	0	9719	2467657
HS	672	0	9630	2477287
HS	671	0	9844	2487131
HS	670	0	9739	2496870
HS	669	0	9757	2506627
HS	668	0	9854	2516481
HS	667	0	9803	2526284
HS	666	0	9893	2536177
HS	665	0	9834	2546011
HS	664	0	9822	2555833
HS	663	0	9725	2565558
HS	662	0	9972	2575530
HS	661	0	9974	2585504
HS	660	0	9904	2595408
HS	659	0	9708	2605116
HS	658	0	9843	2614959
HS	657	0	9776	2624735
HS	656	0	10006	2634741
HS	655	0	9912	2644653
HS	654	0	10063	2654716
HS	653	0	9910	2664626
HS	652	0	9814	2674440
HS	651	0	9865	2684305
HS	650	0	9865	2694170
HS	649	0	10039	2704209
HS	648	0	9983	2714192
HS	647	0	9840	2724032
HS	646	0	10006	2734038
HS	645	0	9780	2743818
HS	644	0	9743	2753561
HS	643	0	9863	2763424
HS	642	0	9968	2773392
HS	641	0	9958	2783350
HS	640	0	9952	2793302
HS	639	0	9823	2803125
HS	638	0	9898	2813023
HS	637	0	9931	2822954
HS	636	0	9671	2832625
HS	635	0	9960	2842585
HS	634	0	9771	2852356
HS	633	0	9606	2861962
HS	632	0	9640	2871602
HS	631	0	9658	2881260
HS	630	0	9875	2891135
HS	629	0	9747	2900882
HS	628	0	9667	2910549
HS	627	0	9626	2920175
HS	626	0	9583	2929758
HS	625	0	9489	2939247
HS	624	0	9482	2948729
HS	623	0	9488	2958217
HS	622	0	9486	2967703
HS	621	0	9666	2977369
HS	620	0	9605	2986974
HS	619	0	9459	2996433
HS	618	0	9521	3005954
HS	617	0	9605	3015559
HS	616	0	9722	3025281
HS	615	0	9400	3034681
HS	614	0	9328	3044009
HS	613	0	9483	3053492
HS	612	0	9530	3063022
HS	611	0	9462	3072484
HS	610	0	9190	3081674
HS	609	0	9251	3090925
HS	608	0	9238	3100163
HS	607	0	9562	3109725
HS	606	0	9448	3119173
HS	605	0	9338	3128511
HS	604	0	9127	3137638
HS	603	0	9383	3147021
HS	602	0	9342	3156363
HS	601	0	9372	3165735
HS	600	0	9270	3175005
HS	599	0	9065	3184070
HS	598	0	9309	3193379
HS	597	0	9036	3202415
HS	596	0	8845	3211260
HS	595	0	8996	3220256
HS	594	0	9053	3229309
HS	593	0	9097	3238406
HS	592	0	9022	3247428
HS	591	0	8913	3256341
HS	590	0	8819	3265160
HS	589	0	8812	3273972
HS	588	0	8657	3282629
HS	587	0	8760	3291389
HS	586	0	8906	3300295
HS	585	0	8785	3309080
HS	584	0	8722	3317802
HS	583	0	8835	3326637
HS	582	0	8914	3335551
HS	581	0	8767	3344318
HS	580	0	8785	3353103
HS	579	0	8767	3361870
HS	578	0	8612	3370482
HS	577	0	8609	3379091
HS	576	0	8642	3387733
HS	575	0	8548	3396281
HS	574	0	8515	3404796
HS	573	0	8558	3413354
HS	572	0	8638	3421992
HS	571	0	8382	3430374
HS	570	0	8334	3438708
HS	569	0	8396	3447104
HS	568	0	8381	3455485
HS	567	0	8201	3463686
HS	566	0	8383	3472069
HS	565	0	8076	3480145
HS	564	0	8256	3488401
HS	563	0	8125	3496526
HS	562	0	7944	3504470
HS	561	0	8082	3512552
HS	560	0	8160	3520712
HS	559	0	7947	3528659
HS	558	0	8081	3536740
HS	557	0	8015	3544755
HS	556	0	7933	3552688
HS	555	0	7867	3560555
HS	554	0	7892	3568447
HS	553	0	7714	3576161
HS	552	0	7609	3583770
HS	551	0	7731	3591501
HS	550	0	7562	3599063
HS	549	0	7555	3606618
HS	548	0	7576	3614194
HS	547	0	7456	3621650
HS	546	0	7538	3629188
HS	545	0	7359	3636547
HS	544	0	7313	3643860
HS	543	0	7438	3651298
HS	542	0	7277	3658575
HS	541	0	7090	3665665
HS	540	0	7303	3672968
HS	539	0	7116	3680084
HS	538	0	7166	3687250
HS	537	0	7333	3694583
HS	536	0	7152	3701735
HS	535	0	7164	3708899
HS	534	0	7067	3715966
HS	533	0	7167	3723133
HS	532	0	6970	3730103
HS	531	0	7118	3737221
HS	530	0	7038	3744259
HS	529	0	6889	3751148
HS	528	0	6867	3758015
HS	527	0	6648	3764663
HS	526	0	6856	3771519
HS	525	0	6734	3778253
HS	524	0	6603	3784856
HS	523	0	6591	3791447
HS	522	0	6512	3797959
HS	521	0	6508	3804467
HS	520	0	6507	3810974
HS	519	0	6302	3817276
HS	518	0	6390	3823666
HS	517	0	6133	3829799
HS	516	0	6196	3835995
HS	515	0	6004	3841999
HS	514	0	5948	3847947
HS	513	0	5971	3853918
HS	512	0	5810	3859728
HS	511	0	5934	3865662
HS	510	0	5784	3871446
HS	509	0	5858	3877304
HS	508	0	5584	3882888
HS	507	0	5691	3888579
HS	506	0	5493	3894072
HS	505	0	5572	3899644
HS	504	0	5597	3905241
HS	503	0	5493	3910734
HS	502	0	5422	3916156
HS	501	0	5378	3921534
HS	500	0	5313	3926847
HS	499	0	5219	3932066
HS	498	0	5167	3937233
HS	497	0	5121	3942354
HS	496	0	4909	3947263
HS	495	0	5073	3952336
HS	494	0	5092	3957428
HS	493	0	4941	3962369
HS	492	0	4859	3967228
HS	491	0	4837	3972065
HS	490	0	4904	3976969
HS	489	0	4763	3981732
HS	488	0	4739	3986471
HS	487	0	4616	3991087
HS	486	0	4660	3995747
HS	485	0	4606	4000353
HS	484	0	4468	4004821
HS	483	0	4512	4009333
HS	482	0	4464	4013797
HS	481	0	4536	4018333
HS	480	0	4356	4022689
HS	479	0	4472	4027161
HS	478	0	4288	4031449
HS	477	0	4301	4035750
HS	476	0	4223	4039973
HS	475	0	4178	4044151
HS	474	0	4166	4048317
HS	473	0	4062	4052379
HS	472	0	4146	4056525
HS	471	0	3995	4060520
HS	470	0	4041	4064561
HS	469	0	3936	4068497
HS	468	0	3825	4072322
HS	467	0	3810	4076132
HS	466	0	3728	4079860
HS	465	0	3752	4083612
HS	464	0	3723	4087335
HS	463	0	3701	4091036
HS	462	0	3505	4094541
HS	461	0	3400	4097941
HS	460	0	3463	4101404
HS	459	0	3397	4104801
HS	458	0	3396	4108197
HS	457	0	3391	4111588
HS	456	0	3386	4114974
HS	455	0	3324	4118298
HS	454	0	3169	4121467
HS	453	0	3209	4124676
HS	452	0	3125	4127801
HS	451	0	3088	4130889
HS	450	0	2877	4133766
HS	449	0	2966	4136732
HS	448	0	2987	4139719
HS	447	0	2971	4142690
HS	446	0	2886	4145576
HS	445	0	2827	4148403
HS	444	0	2937	4151340
HS	443	0	2836	4154176
HS	442	0	2766	4156942
HS	441	0	2777	4159719
HS	440	0	2689	4162408
HS	439	0	2652	4165060
HS	438	0	2605	4167665
HS	437	0	2586	4170251
HS	436	0	2531	4172782
HS	435	0	2599	4175381
HS	434	0	2474	4177855
HS	433	0	2477	4180332
HS	432	0	2433	4182765
HS	431	0	2388	4185153
HS	430	0	2323	4187476
HS	429	0	2290	4189766
HS	428	0	2256	4192022
HS	427	0	2225	4194247
HS	426	0	2194	4196441
HS	425	0	2045	4198486
HS	424	0	2015	4200501
HS	423	0	2022	4202523
HS	422	0	2007	4204530
HS	421	0	1957	4206487
HS	420	0	1962	4208449
HS	419	0	1914	4210363
HS	418	0	1855	4212218
HS	417	0	1851	4214069
HS	416	0	1863	4215932
HS	415	0	1816	4217748
HS	414	0	1811	4219559
HS	413	0	1747	4221306
HS	412	0	1732	4223038
HS	411	0	1666	4224704
HS	410	0	1697	4226401
HS	409	0	1624	4228025
HS	408	0	1603	4229628
HS	407	0	1577	4231205
HS	406	0	1513	4232718
HS	405	0	1471	4234189
HS	404	0	1471	4235660
HS	403	0	1402	4237062
HS	402	0	1375	4238437
HS	401	0	1378	4239815
HS	400	0	1326	4241141
HS	399	0	1294	4242435
HS	398	0	1298	4243733
HS	397	0	1282	4245015
HS	396	0	1310	4246325
HS	395	0	1205	4247530
HS	394	0	1167	4248697
HS	393	0	1218	4249915
HS	392	0	1194	4251109
HS	391	0	1151	4252260
HS	390	0	1124	4253384
HS	389	0	1037	4254421
HS	388	0	1052	4255473
HS	387	0	1001	4256474
HS	386	0	968	4257442
HS	385	0	921	4258363
HS	384	0	965	4259328
HS	383	0	936	4260264
HS	382	0	885	4261149
HS	381	0	865	4262014
HS	380	0	865	4262879
HS	379	0	763	4263642
HS	378	0	839	4264481
HS	377	0	795	4265276
HS	376	0	771	4266047
HS	375	0	780	4266827
HS	374	0	759	4267586
HS	373	0	659	4268245
HS	372	0	696	4268941
HS	371	0	715	4269656
HS	370	0	694	4270350
HS	369	0	665	4271015
HS	368	0	646	4271661
HS	367	0	653	4272314
HS	366	0	643	4272957
HS	365	0	561	4273518
HS	364	0	583	4274101
HS	363	0	606	4274707
HS	362	0	545	4275252
HS	361	0	515	4275767
HS	360	0	498	4276265
HS	359	0	503	4276768
HS	358	0	434	4277202
HS	357	0	393	4277595
HS	356	0	415	4278010
HS	355	0	442	4278452
HS	354	0	400	4278852
HS	353	0	353	4279205
HS	352	0	366	4279571
HS	351	0	347	4279918
HS	350	0	356	4280274
HS	349	0	373	4280647
HS	348	0	319	4280966
HS	347	0	321	4281287
HS	346	0	279	4281566
HS	345	0	274	4281840
HS	344	0	260	4282100
HS	343	0	263	4282363
HS	342	0	250	4282613
HS	341	0	239	4282852
HS	340	0	243	4283095
HS	339	0	259	4283354
HS	338	0	231	4283585
HS	337	0	242	4283827
HS	336	0	229	4284056
HS	335	0	183	4284239
HS	334	0	178	4284417
HS	333	0	177	4284594
HS	332	0	169	4284763
HS	331	0	160	4284923
HS	330	0	134	4285057
HS	329	0	131	4285188
HS	328	0	136	4285324
HS	327	0	142	4285466
HS	326	0	126	4285592
HS	325	0	130	4285722
HS	324	0	128	4285850
HS	323	0	104	4285954
HS	322	0	115	4286069
HS	321	0	109	4286178
HS	320	0	94	4286272
HS	319	0	89	4286361
HS	318	0	95	4286456
HS	317	0	88	4286544
HS	316	0	96	4286640
HS	315	0	87	4286727
HS	314	0	90	4286817
HS	313	0	92	4286909
HS	312	0	98	4287007
HS	311	0	87	4287094
HS	310	0	81	4287175
HS	309	0	80	4287255
HS	308	0	67	4287322
HS	307	0	76	4287398
HS	306	0	62	4287460
HS	305	0	62	4287522
HS	304	0	61	4287583
HS	303	0	59	4287642
HS	302	0	63	4287705
HS	301	0	53	4287758
HS	300	0	63	4287821
HS	299	0	70	4287891
HS	298	0	46	4287937
HS	297	0	57	4287994
HS	296	0	58	4288052
HS	295	0	71	4288123
HS	294	0	52	4288175
HS	293	0	60	4288235
HS	292	0	80	4288315
HS	291	0	66	4288381
HS	290	0	71	4288452
HS	289	0	62	4288514
HS	288	0	82	4288596
HS	287	0	63	4288659
HS	286	0	69	4288728
HS	285	0	74	4288802
HS	284	0	58	4288860
HS	283	0	62	4288922
HS	282	0	55	4288977
HS	281	0	44	4289021
HS	280	0	41	4289062
HS	279	0	43	4289105
HS	278	0	50	4289155
HS	277	0	45	4289200
HS	276	0	46	4289246
HS	275	0	33	4289279
HS	274	0	40	4289319
HS	273	0	55	4289374
HS	272	0	61	4289435
HS	271	0	41	4289476
HS	270	0	37	4289513
HS	269	0	36	4289549
HS	268	0	29	4289578
HS	267	0	41	4289619
HS	266	0	38	4289657
HS	265	0	29	4289686
HS	264	0	27	4289713
HS	263	0	44	4289757
HS	262	0	29	4289786
HS	261	0	35	4289821
HS	260	0	32	4289853
HS	259	0	30	4289883
HS	258	0	34	4289917
HS	257	0	31	4289948
HS	256	0	33	4289981
HS	255	0	41	4290022
HS	254	0	37	4290059
HS	253	0	30	4290089
HS	252	0	29	4290118
HS	251	0	28	4290146
HS	250	0	30	4290176
HS	249	0	36	4290212
HS	248	0	34	4290246
HS	247	0	35	4290281
HS	246	0	20	4290301
HS	245	0	25	4290326
HS	244	0	27	4290353
HS	243	0	27	4290380
HS	242	0	37	4290417
HS	241	0	28	4290445
HS	240	0	22	4290467
HS	239	0	20	4290487
HS	238	0	24	4290511
HS	237	0	29	4290540
HS	236	0	30	4290570
HS	235	0	26	4290596
HS	234	0	23	4290619
HS	233	0	32	4290651
HS	232	0	34	4290685
HS	231	0	34	4290719
HS	230	0	34	4290753
HS	229	0	26	4290779
HS	228	0	28	4290807
HS	227	0	27	4290834
HS	226	0	26	4290860
HS	225	0	41	4290901
HS	224	0	32	4290933
HS	223	0	40	4290973
HS	222	0	42	4291015
HS	221	0	35	4291050
HS	220	0	42	4291092
HS	219	0	35	4291127
HS	218	0	30	4291157
HS	217	0	42	4291199
HS	216	0	41	4291240
HS	215	0	40	4291280
HS	214	0	36	4291316
HS	213	0	41	4291357
HS	212	0	41	4291398
HS	211	0	31	4291429
HS	210	0	34	4291463
HS	209	0	20	4291483
HS	208	0	26	4291509
HS	207	0	28	4291537
HS	206	0	25	4291562
HS	205	0	24	4291586
HS	204	0	32	4291618
HS	203	0	23	4291641
HS	202	0	25	4291666
HS	201	0	31	4291697
HS	200	0	24	4291721
HS	199	0	23	4291744
HS	198	0	29	4291773
HS	197	0	24	4291797
HS	196	0	32	4291829
HS	195	0	18	4291847
HS	194	0	15	4291862
HS	193	0	25	4291887
HS	192	0	15	4291902
HS	191	0	12	4291914
HS	190	0	16	4291930
HS	189	0	18	4291948
HS	188	0	22	4291970
HS	187	0	15	4291985
HS	186	0	16	4292001
HS	185	0	16	4292017
HS	184	0	14	4292031
HS	183	0	15	4292046
HS	182	0	12	4292058
HS	181	0	13	4292071
HS	180	0	17	4292088
HS	179	0	13	4292101
HS	178	0	21	4292122
HS	177	0	14	4292136
HS	176	0	23	4292159
HS	175	0	26	4292185
HS	174	0	12	4292197
HS	173	0	19	4292216
HS	172	0	9	4292225
HS	171	0	11	4292236
HS	170	0	11	4292247
HS	169	0	20	4292267
HS	168	0	10	4292277
HS	167	0	11	4292288
HS	166	0	15	4292303
HS	165	0	7	4292310
HS	164	0	11	4292321
HS	163	0	13	4292334
HS	162	0	10	4292344
HS	161	0	7	4292351
HS	160	0	17	4292368
HS	159	0	16	4292384
HS	158	0	13	4292397
HS	157	0	13	4292410
HS	156	0	6	4292416
HS	155	0	12	4292428
HS	154	0	18	4292446
HS	153	0	20	4292466
HS	152	0	6	4292472
HS	151	0	14	4292486
HS	150	0	14	4292500
HS	149	0	14	4292514
HS	148	0	13	4292527
HS	147	0	14	4292541
HS	146	0	9	4292550
HS	145	0	14	4292564
HS	144	0	30	4292594
HS	143	0	15	4292609
HS	142	0	18	4292627
HS	141	0	17	4292644
HS	140	0	10	4292654
HS	139	0	6	4292660
HS	138	0	13	4292673
HS	137	0	13	4292686
HS	136	0	11	4292697
HS	135	0	13	4292710
HS	134	0	9	4292719
HS	133	0	10	4292729
HS	132	0	16	4292745
HS	131	0	9	4292754
HS	130	0	11	4292765
HS	129	0	19	4292784
HS	128	0	9	4292793
HS	127	0	23	4292816
HS	126	0	13	4292829
HS	125	0	21	4292850
HS	124	0	13	4292863
HS	123	0	22	4292885
HS	122	0	11	4292896
HS	121	0	11	4292907
HS	120	0	11	4292918
HS	119	0	11	4292929
HS	118	0	18	4292947
HS	117	0	17	4292964
HS	116	0	16	4292980
HS	115	0	9	4292989
HS	114	0	8	4292997
HS	113	0	14	4293011
HS	112	0	15	4293026
HS	111	0	10	4293036
HS	110	0	19	4293055
HS	109	0	17	4293072
HS	108	0	18	4293090
HS	107	0	19	4293109
HS	106	0	20	4293129
HS	105	0	21	4293150
HS	104	0	23	4293173
HS	103	0	24	4293197
HS	102	0	18	4293215
HS	101	0	17	4293232
HS	100	0	29	4293261
HS	99	0	20	4293281
HS	98	0	28	4293309
HS	97	0	23	4293332
HS	96	0	28	4293360
HS	95	0	26	4293386
HS	94	0	30	4293416
HS	93	0	35	4293451
HS	92	0	27	4293478
HS	91	0	22	4293500
HS	90	0	32	4293532
HS	89	0	18	4293550
HS	88	0	26	4293576
HS	87	0	27	4293603
HS	86	0	31	4293634
HS	85	0	38	4293672
HS	84	0	37	4293709
HS	83	0	31	4293740
HS	82	0	28	4293768
HS	81	0	34	4293802
HS	80	0	41	4293843
HS	79	0	48	4293891
HS	78	0	49	4293940
HS	77	0	48	4293988
HS	76	0	44	4294032
HS	75	0	48	4294080
HS	74	0	46	4294126
HS	73	0	68	4294194
HS	72	0	59	4294253
HS	71	0	64	4294317
HS	70	0	69	4294386
HS	69	0	67	4294453
HS	68	0	76	4294529
HS	67	0	62	4294591
HS	66	0	67	4294658
HS	65	0	63	4294721
HS	64	0	97	4294818
HS	63	0	87	4294905
HS	62	0	92	4294997
HS	61	0	81	4295078
HS	60	0	85	4295163
HS	59	0	87	4295250
HS	58	0	125	4295375
HS	57	0	118	4295493
HS	56	0	115	4295608
HS	55	0	133	4295741
HS	54	0	129	4295870
HS	53	0	123	4295993
HS	52	0	133	4296126
HS	51	0	108	4296234
HS	50	0	180	4296414
HS	49	0	191	4296605
HS	48	0	205	4296810
HS	47	0	189	4296999
HS	46	0	214	4297213
HS	45	0	231	4297444
HS	44	0	249	4297693
HS	43	0	249	4297942
HS	42	0	305	4298247
HS	41	0	302	4298549
HS	40	0	309	4298858
HS	39	0	393	4299251
HS	38	0	419	4299670
HS	37	0	466	4300136
HS	36	0	437	4300573
HS	35	0	583	4301156
HS	34	0	599	4301755
HS	33	0	621	4302376
HS	32	0	640	4303016
HS	31	0	797	4303813
HS	30	0	875	4304688
HS	29	0	984	4305672
HS	28	0	1260	4306932
HS	27	0	1469	4308401
HS	26	0	1774	4310175
HS	25	0	1940	4312115
HS	24	0	2302	4314417
HS	23	0	2664	4317081
HS	22	0	3323	4320404
HS	21	0	4029	4324433
HS	20	0	4823	4329256
HS	19	0	6175	4335431
HS	18	0	7767	4343198
HS	17	0	10193	4353391
HS	16	0	13077	4366468
HS	15	0	16700	4383168
HS	14	0	21563	4404731
HS	13	0	29732	4434463
HS	12	0	40022	4474485
HS	11	0	55972	4530457
HS	10	0	80208	4610665
HS	9	0	118639	4729304
HS	8	0	185374	4914678
HS	7	0	308786	5223464
HS	6	0	565507	5788971
HS	5	0	1172340	6961311
HS	4	0	2833082	9794393
HS	3	0	7813458	17607851
HS	2	0	26752819	44360670
HS	1	0	0	44360670
HS	0	0	0	44360670
