HS	1023	0	47684	47684
HS	1022	0	177	47861
HS	1021	0	188	48049
HS	1020	0	194	48243
HS	1019	0	204	48447
HS	1018	0	205	48652
HS	1017	0	195	48847
HS	1016	0	209	49056
HS	1015	0	180	49236
HS	1014	0	188	49424
HS	1013	0	205	49629
HS	1012	0	212	49841
HS	1011	0	214	50055
HS	1010	0	205	50260
HS	1009	0	182	50442
HS	1008	0	226	50668
HS	1007	0	221	50889
HS	1006	0	203	51092
HS	1005	0	218	51310
HS	1004	0	211	51521
HS	1003	0	210	51731
HS	1002	0	225	51956
HS	1001	0	258	52214
HS	1000	0	250	52464
HS	999	0	227	52691
HS	998	0	215	52906
HS	997	0	232	53138
HS	996	0	217	53355
HS	995	0	269	53624
HS	994	0	250	53874
HS	993	0	264	54138
HS	992	0	263	54401
HS	991	0	235	54636
HS	990	0	252	54888
HS	989	0	300	55188
HS	988	0	240	55428
HS	987	0	252	55680
HS	986	0	279	55959
HS	985	0	263	56222
HS	984	0	294	56516
HS	983	0	248	56764
HS	982	0	241	57005
HS	981	0	309	57314
HS	980	0	239	57553
HS	979	0	239	57792
HS	978	0	270	58062
HS	977	0	272	58334
HS	976	0	264	58598
HS	975	0	261	58859
HS	974	0	261	59120
HS	973	0	298	59418
HS	972	0	304	59722
HS	971	0	271	59993
HS	970	0	319	60312
HS	969	0	294	60606
HS	968	0	312	60918
HS	967	0	320	61238
HS	966	0	309	61547
HS	965	0	317	61864
HS	964	0	331	62195
HS	963	0	355	62550
HS	962	0	329	62879
HS	961	0	335	63214
HS	960	0	327	63541
HS	959	0	345	63886
HS	958	0	344	64230
HS	957	0	323	64553
HS	956	0	346	64899
HS	955	0	336	65235
HS	954	0	415	65650
HS	953	0	358	66008
HS	952	0	372	66380
HS	951	0	410	66790
HS	950	0	407	67197
HS	949	0	376	67573
HS	948	0	390	67963
HS	947	0	368	68331
HS	946	0	416	68747
HS	945	0	400	69147
HS	944	0	435	69582
HS	943	0	422	70004
HS	942	0	367	70371
HS	941	0	363	70734
HS	940	0	440	71174
HS	939	0	441	71615
HS	938	0	461	72076
HS	937	0	480	72556
HS	936	0	480	73036
HS	935	0	447	73483
HS	934	0	449	73932
HS	933	0	439	74371
HS	932	0	410	74781
HS	931	0	443	75224
HS	930	0	438	75662
HS	929	0	462	76124
HS	928	0	478	76602
HS	927	0	474	77076
HS	926	0	461	77537
HS	925	0	476	78013
HS	924	0	517	78530
HS	923	0	459	78989
HS	922	0	480	79469
HS	921	0	502	79971
HS	920	0	527	80498
HS	919	0	548	81046
HS	918	0	527	81573
HS	917	0	542	82115
HS	916	0	555	82670
HS	915	0	557	83227
HS	914	0	563	83790
HS	913	0	603	84393
HS	912	0	591	84984
HS	911	0	541	85525
HS	910	0	595	86120
HS	909	0	588	86708
HS	908	0	607	87315
HS	907	0	605	87920
HS	906	0	626	88546
HS	905	0	602	89148
HS	904	0	589	89737
HS	903	0	642	90379
HS	902	0	646	91025
HS	901	0	654	91679
HS	900	0	663	92342
HS	899	0	688	93030
HS	898	0	611	93641
HS	897	0	689	94330
HS	896	0	683	95013
HS	895	0	620	95633
HS	894	0	666	96299
HS	893	0	669	96968
HS	892	0	700	97668
HS	891	0	754	98422
HS	890	0	664	99086
HS	889	0	684	99770
HS	888	0	704	100474
HS	887	0	683	101157
HS	886	0	713	101870
HS	885	0	713	102583
HS	884	0	707	103290
HS	883	0	717	104007
HS	882	0	735	104742
HS	881	0	755	105497
HS	880	0	792	106289
HS	879	0	735	107024
HS	878	0	791	107815
HS	877	0	816	108631
HS	876	0	768	109399
HS	875	0	792	110191
HS	874	0	776	110967
HS	873	0	811	111778
HS	872	0	749	112527
HS	871	0	844	113371
HS	870	0	821	114192
HS	869	0	805	114997
HS	868	0	810	115807
HS	867	0	850	116657
HS	866	0	826	117483
HS	865	0	818	118301
HS	864	0	862	119163
HS	863	0	899	120062
HS	862	0	886	120948
HS	861	0	896	121844
HS	860	0	910	122754
HS	859	0	843	123597
HS	858	0	880	124477
HS	857	0	885	125362
HS	856	0	936	126298
HS	855	0	909	127207
HS	854	0	927	128134
HS	853	0	947	129081
HS	852	0	958	130039
HS	851	0	943	130982
HS	850	0	961	131943
HS	849	0	989	132932
HS	848	0	942	133874
HS	847	0	964	134838
HS	846	0	986	135824
HS	845	0	927	136751
HS	844	0	933	137684
HS	843	0	1005	138689
HS	842	0	938	139627
HS	841	0	1000	140627
HS	840	0	976	141603
HS	839	0	1037	142640
HS	838	0	1063	143703
HS	837	0	1058	144761
HS	836	0	1085	145846
HS	835	0	1074	146920
HS	834	0	1082	148002
HS	833	0	1109	149111
HS	832	0	1095	150206
HS	831	0	1060	151266
HS	830	0	1139	152405
HS	829	0	1101	153506
HS	828	0	1185	154691
HS	827	0	1205	155896
HS	826	0	1175	157071
HS	825	0	1269	158340
HS	824	0	1159	159499
HS	823	0	1249	160748
HS	822	0	1173	161921
HS	821	0	1199	163120
HS	820	0	1254	164374
HS	819	0	1296	165670
HS	818	0	1273	166943
HS	817	0	1255	168198
HS	816	0	1350	169548
HS	815	0	1290	170838
HS	814	0	1314	172152
HS	813	0	1295	173447
HS	812	0	1366	174813
HS	811	0	1379	176192
HS	810	0	1376	177568
HS	809	0	1375	178943
HS	808	0	1376	180319
HS	807	0	1404	181723
HS	806	0	1386	183109
HS	805	0	1487	184596
HS	804	0	1387	185983
HS	803	0	1514	187497
HS	802	0	1484	188981
HS	801	0	1481	190462
HS	800	0	1539	192001
HS	799	0	1495	193496
HS	798	0	1569	195065
HS	797	0	1591	196656
HS	796	0	1579	198235
HS	795	0	1592	199827
HS	794	0	1535	201362
HS	793	0	1607	202969
HS	792	0	1680	204649
HS	791	0	1605	206254
HS	790	0	1689	207943
HS	789	0	1670	209613
HS	788	0	1599	211212
HS	787	0	1754	212966
HS	786	0	1672	214638
HS	785	0	1684	216322
HS	784	0	1755	218077
HS	783	0	1655	219732
HS	782	0	1720	221452
HS	781	0	1789	223241
HS	780	0	1845	225086
HS	779	0	1723	226809
HS	778	0	1892	228701
HS	777	0	1938	230639
HS	776	0	1899	232538
HS	775	0	1901	234439
HS	774	0	1904	236343
HS	773	0	1849	238192
HS	772	0	1981	240173
HS	771	0	2050	242223
HS	770	0	2022	244245
HS	769	0	1973	246218
HS	768	0	2132	248350
HS	767	0	2102	250452
HS	766	0	2069	252521
HS	765	0	2063	254584
HS	764	0	2090	256674
HS	763	0	2169	258843
HS	762	0	2150	260993
HS	761	0	2252	263245
HS	760	0	2262	265507
HS	759	0	2184	267691
HS	758	0	2264	269955
HS	757	0	2179	272134
HS	756	0	2251	274385
HS	755	0	2289	276674
HS	754	0	2274	278948
HS	753	0	2288	281236
HS	752	0	2320	283556
HS	751	0	2333	285889
HS	750	0	2369	288258
HS	749	0	2336	290594
HS	748	0	2306	292900
HS	747	0	2382	295282
HS	746	0	2414	297696
HS	745	0	2484	300180
HS	744	0	2443	302623
HS	743	0	2561	305184
HS	742	0	2652	307836
HS	741	0	2527	310363
HS	740	0	2514	312877
HS	739	0	2594	315471
HS	738	0	2716	318187
HS	737	0	2723	320910
HS	736	0	2700	323610
HS	735	0	2717	326327
HS	734	0	2754	329081
HS	733	0	2833	331914
HS	732	0	2878	334792
HS	731	0	2899	337691
HS	730	0	2931	340622
HS	729	0	3022	343644
HS	728	0	3018	346662
HS	727	0	2995	349657
HS	726	0	3012	352669
HS	725	0	3001	355670
HS	724	0	3112	358782
HS	723	0	3244	362026
HS	722	0	3070	365096
HS	721	0	3154	368250
HS	720	0	3112	371362
HS	719	0	3216	374578
HS	718	0	3256	377834
HS	717	0	3231	381065
HS	716	0	3263	384328
HS	715	0	3340	387668
HS	714	0	3301	390969
HS	713	0	3413	394382
HS	712	0	3527	397909
HS	711	0	3451	401360
HS	710	0	3459	404819
HS	709	0	3439	408258
HS	708	0	3609	411867
HS	707	0	3486	415353
HS	706	0	3577	418930
HS	705	0	3679	422609
HS	704	0	3683	426292
HS	703	0	3723	430015
HS	702	0	3764	433779
HS	701	0	3876	437655
HS	700	0	3825	441480
HS	699	0	3884	445364
HS	698	0	3904	449268
HS	697	0	3955	453223
HS	696	0	3945	457168
HS	695	0	4065	461233
HS	694	0	3989	465222
HS	693	0	4064	469286
HS	692	0	4138	473424
HS	691	0	4179	477603
HS	690	0	4185	481788
HS	689	0	4186	485974
HS	688	0	4296	490270
HS	687	0	4168	494438
HS	686	0	4427	498865
HS	685	0	4429	503294
HS	684	0	4323	507617
HS	683	0	4448	512065
HS	682	0	4541	516606
HS	681	0	4714	521320
HS	680	0	4608	525928
HS	679	0	4587	530515
HS	678	0	4737	535252
HS	677	0	4718	539970
HS	676	0	4847	544817
HS	675	0	4782	549599
HS	674	0	4806	554405
HS	673	0	4965	559370
HS	672	0	5054	564424
HS	671	0	5095	569519
HS	670	0	5153	574672
HS	669	0	5368	580040
HS	668	0	5136	585176
HS	667	0	5253	590429
HS	666	0	5439	595868
HS	665	0	5534	601402
HS	664	0	5456	606858
HS	663	0	5588	612446
HS	662	0	5711	618157
HS	661	0	5599	623756
HS	660	0	5623	629379
HS	659	0	5756	635135
HS	658	0	5747	640882
HS	657	0	5932	646814
HS	656	0	5856	652670
HS	655	0	5860	658530
HS	654	0	6058	664588
HS	653	0	6061	670649
HS	652	0	6153	676802
HS	651	0	6250	683052
HS	650	0	6094	689146
HS	649	0	6308	695454
HS	648	0	6433	701887
HS	647	0	6411	708298
HS	646	0	6437	714735
HS	645	0	6625	721360
HS	644	0	6648	728008
HS	643	0	6689	734697
HS	642	0	6890	741587
HS	641	0	6890	748477
HS	640	0	6964	755441
HS	639	0	6931	762372
HS	638	0	7021	769393
HS	637	0	7088	776481
HS	636	0	7220	783701
HS	635	0	7272	790973
HS	634	0	7528	798501
HS	633	0	7448	805949
HS	632	0	7524	813473
HS	631	0	7518	820991
HS	630	0	7603	828594
HS	629	0	7735	836329
HS	628	0	7939	844268
HS	627	0	7773	852041
HS	626	0	7876	859917
HS	625	0	7949	867866
HS	624	0	8129	875995
HS	623	0	8168	884163
HS	622	0	8133	892296
HS	621	0	8242	900538
HS	620	0	8339	908877
HS	619	0	8318	917195
HS	618	0	8488	925683
HS	617	0	8534	934217
HS	616	0	8427	942644
HS	615	0	8440	951084
HS	614	0	8730	959814
HS	613	0	8684	968498
HS	612	0	8969	977467
HS	611	0	8895	986362
HS	610	0	8947	995309
HS	609	0	9181	1004490
HS	608	0	9280	1013770
HS	607	0	9353	1023123
HS	606	0	9462	1032585
HS	605	0	9518	1042103
HS	604	0	9559	1051662
HS	603	0	9810	1061472
HS	602	0	9813	1071285
HS	601	0	9641	1080926
HS	600	0	10074	1091000
HS	599	0	10058	1101058
HS	598	0	10143	1111201
HS	597	0	9949	1121150
HS	596	0	10154	1131304
HS	595	0	10450	1141754
HS	594	0	10284	1152038
HS	593	0	10593	1162631
HS	592	0	10596	1173227
HS	591	0	10782	1184009
HS	590	0	10920	1194929
HS	589	0	10959	1205888
HS	588	0	11098	1216986
HS	587	0	11145	1228131
HS	586	0	11320	1239451
HS	585	0	11275	1250726
HS	584	0	11321	1262047
HS	583	0	11425	1273472
HS	582	0	11488	1284960
HS	581	0	11785	1296745
HS	580	0	11915	1308660
HS	579	0	11827	1320487
HS	578	0	11786	1332273
HS	577	0	11920	1344193
HS	576	0	12469	1356662
HS	575	0	12196	1368858
HS	574	0	12279	1381137
HS	573	0	12262	1393399
HS	572	0	12318	1405717
HS	571	0	12614	1418331
HS	570	0	12650	1430981
HS	569	0	12683	1443664
HS	568	0	12797	1456461
HS	567	0	12779	1469240
HS	566	0	12901	1482141
HS	565	0	12925	1495066
HS	564	0	13047	1508113
HS	563	0	13366	1521479
HS	562	0	13433	1534912
HS	561	0	13373	1548285
HS	560	0	13496	1561781
HS	559	0	13490	1575271
HS	558	0	13470	1588741
HS	557	0	13838	1602579
HS	556	0	13927	1616506
HS	555	0	14131	1630637
HS	554	0	13988	1644625
HS	553	0	14197	1658822
HS	552	0	14345	1673167
HS	551	0	14485	1687652
HS	550	0	14527	1702179
HS	549	0	14504	1716683
HS	548	0	14509	1731192
HS	547	0	14692	1745884
HS	546	0	14972	1760856
HS	545	0	14950	1775806
HS	544	0	15251	1791057
HS	543	0	15005	1806062
HS	542	0	15284	1821346
HS	541	0	15256	1836602
HS	540	0	15304	1851906
HS	539	0	15674	1867580
HS	538	0	15825	1883405
HS	537	0	15914	1899319
HS	536	0	16101	1915420
HS	535	0	16075	1931495
HS	534	0	16053	1947548
HS	533	0	16794	1964342
HS	532	0	16568	1980910
HS	531	0	16390	1997300
HS	530	0	16641	2013941
HS	529	0	16958	2030899
HS	528	0	17314	2048213
HS	527	0	16896	2065109
HS	526	0	17290	2082399
HS	525	0	17219	2099618
HS	524	0	17467	2117085
HS	523	0	17532	2134617
HS	522	0	17445	2152062
HS	521	0	17615	2169677
HS	520	0	17577	2187254
HS	519	0	17734	2204988
HS	518	0	17955	2222943
HS	517	0	17895	2240838
HS	516	0	17723	2258561
HS	515	0	18251	2276812
HS	514	0	18106	2294918
HS	513	0	18205	2313123
HS	512	0	18444	2331567
HS	511	0	18504	2350071
HS	510	0	18567	2368638
HS	509	0	18738	2387376
HS	508	0	18793	2406169
HS	507	0	18856	2425025
HS	506	0	18781	2443806
HS	505	0	18984	2462790
HS	504	0	19195	2481985
HS	503	0	19366	2501351
HS	502	0	19322	2520673
HS	501	0	19305	2539978
HS	500	0	19198	2559176
HS	499	0	19492	2578668
HS	498	0	19679	2598347
HS	497	0	19585	2617932
HS	496	0	19913	2637845
HS	495	0	19731	2657576
HS	494	0	19661	2677237
HS	493	0	19865	2697102
HS	492	0	20159	2717261
HS	491	0	20141	2737402
HS	490	0	19819	2757221
HS	489	0	20294	2777515
HS	488	0	20049	2797564
HS	487	0	20134	2817698
HS	486	0	20471	2838169
HS	485	0	20057	2858226
HS	484	0	20508	2878734
HS	483	0	20421	2899155
HS	482	0	20344	2919499
HS	481	0	20454	2939953
HS	480	0	20853	2960806
HS	479	0	20641	2981447
HS	478	0	20878	3002325
HS	477	0	20871	3023196
HS	476	0	20889	3044085
HS	475	0	21122	3065207
HS	474	0	20815	3086022
HS	473	0	20434	3106456
HS	472	0	20882	3127338
HS	471	0	20704	3148042
HS	470	0	20691	3168733
HS	469	0	20637	3189370
HS	468	0	20828	3210198
HS	467	0	20762	3230960
HS	466	0	20497	3251457
HS	465	0	20897	3272354
HS	464	0	20874	3293228
HS	463	0	20716	3313944
HS	462	0	20834	3334778
HS	461	0	20763	3355541
HS	460	0	20844	3376385
HS	459	0	20838	3397223
HS	458	0	20838	3418061
HS	457	0	21093	3439154
HS	456	0	20897	3460051
HS	455	0	20823	3480874
HS	454	0	20966	3501840
HS	453	0	20619	3522459
HS	452	0	20602	3543061
HS	451	0	21042	3564103
HS	450	0	20761	3584864
HS	449	0	21078	3605942
HS	448	0	20869	3626811
HS	447	0	20648	3647459
HS	446	0	20833	3668292
HS	445	0	20952	3689244
HS	444	0	21039	3710283
HS	443	0	20840	3731123
HS	442	0	20547	3751670
HS	441	0	20912	3772582
HS	440	0	20561	3793143
HS	439	0	20739	3813882
HS	438	0	20609	3834491
HS	437	0	20762	3855253
HS	436	0	20481	3875734
HS	435	0	20563	3896297
HS	434	0	20490	3916787
HS	433	0	20502	3937289
HS	432	0	20316	3957605
HS	431	0	20350	3977955
HS	430	0	20254	3998209
HS	429	0	20098	4018307
HS	428	0	20112	4038419
HS	427	0	20020	4058439
HS	426	0	19704	4078143
HS	425	0	19829	4097972
HS	424	0	19620	4117592
HS	423	0	19656	4137248
HS	422	0	19450	4156698
HS	421	0	19336	4176034
HS	420	0	19404	4195438
HS	419	0	19339	4214777
HS	418	0	19424	4234201
HS	417	0	19447	4253648
HS	416	0	19371	4273019
HS	415	0	19204	4292223
HS	414	0	19142	4311365
HS	413	0	18994	4330359
HS	412	0	18993	4349352
HS	411	0	18698	4368050
HS	410	0	18604	4386654
HS	409	0	18483	4405137
HS	408	0	18332	4423469
HS	407	0	18114	4441583
HS	406	0	17742	4459325
HS	405	0	17602	4476927
HS	404	0	17845	4494772
HS	403	0	17578	4512350
HS	402	0	17546	4529896
HS	401	0	17232	4547128
HS	400	0	17089	4564217
HS	399	0	17251	4581468
HS	398	0	16913	4598381
HS	397	0	16606	4614987
HS	396	0	16494	4631481
HS	395	0	16516	4647997
HS	394	0	16194	4664191
HS	393	0	16367	4680558
HS	392	0	16245	4696803
HS	391	0	15967	4712770
HS	390	0	15730	4728500
HS	389	0	15721	4744221
HS	388	0	15319	4759540
HS	387	0	15203	4774743
HS	386	0	15044	4789787
HS	385	0	14918	4804705
HS	384	0	14617	4819322
HS	383	0	14326	4833648
HS	382	0	14435	4848083
HS	381	0	14233	4862316
HS	380	0	14138	4876454
HS	379	0	13824	4890278
HS	378	0	13635	4903913
HS	377	0	13689	4917602
HS	376	0	13468	4931070
HS	375	0	13430	4944500
HS	374	0	13084	4957584
HS	373	0	13154	4970738
HS	372	0	12938	4983676
HS	371	0	12504	4996180
HS	370	0	12545	5008725
HS	369	0	12327	5021052
HS	368	0	12313	5033365
HS	367	0	12121	5045486
HS	366	0	11751	5057237
HS	365	0	11423	5068660
HS	364	0	11594	5080254
HS	363	0	11136	5091390
HS	362	0	11228	5102618
HS	361	0	10962	5113580
HS	360	0	10720	5124300
HS	359	0	10626	5134926
HS	358	0	10267	5145193
HS	357	0	10232	5155425
HS	356	0	10242	5165667
HS	355	0	9877	5175544
HS	354	0	9926	5185470
HS	353	0	9514	5194984
HS	352	0	9572	5204556
HS	351	0	9265	5213821
HS	350	0	8965	5222786
HS	349	0	8940	5231726
HS	348	0	8837	5240563
HS	347	0	8500	5249063
HS	346	0	8455	5257518
HS	345	0	8447	5265965
HS	344	0	7995	5273960
HS	343	0	7941	5281901
HS	342	0	7680	5289581
HS	341	0	7454	5297035
HS	340	0	7415	5304450
HS	339	0	7336	5311786
HS	338	0	7054	5318840
HS	337	0	6993	5325833
HS	336	0	6627	5332460
HS	335	0	6635	5339095
HS	334	0	6464	5345559
HS	333	0	6343	5351902
HS	332	0	6190	5358092
HS	331	0	6109	5364201
HS	330	0	5881	5370082
HS	329	0	5719	5375801
HS	328	0	5637	5381438
HS	327	0	5595	5387033
HS	326	0	5262	5392295
HS	325	0	5122	5397417
HS	324	0	5032	5402449
HS	323	0	4959	5407408
HS	322	0	4913	5412321
HS	321	0	4743	5417064
HS	320	0	4501	5421565
HS	319	0	4555	5426120
HS	318	0	4435	5430555
HS	317	0	4146	5434701
HS	316	0	3942	5438643
HS	315	0	3948	5442591
HS	314	0	3801	5446392
HS	313	0	3572	5449964
HS	312	0	3557	5453521
HS	311	0	3421	5456942
HS	310	0	3336	5460278
HS	309	0	3247	5463525
HS	308	0	3064	5466589
HS	307	0	3013	5469602
HS	306	0	2876	5472478
HS	305	0	2749	5475227
HS	304	0	2625	5477852
HS	303	0	2569	5480421
HS	302	0	2358	5482779
HS	301	0	2355	5485134
HS	300	0	2250	5487384
HS	299	0	2121	5489505
HS	298	0	2164	5491669
HS	297	0	2053	5493722
HS	296	0	2042	5495764
HS	295	0	1857	5497621
HS	294	0	1737	5499358
HS	293	0	1752	5501110
HS	292	0	1653	5502763
HS	291	0	1670	5504433
HS	290	0	1610	5506043
HS	289	0	1516	5507559
HS	288	0	1422	5508981
HS	287	0	1378	5510359
HS	286	0	1292	5511651
HS	285	0	1239	5512890
HS	284	0	1280	5514170
HS	283	0	1224	5515394
HS	282	0	1232	5516626
HS	281	0	1073	5517699
HS	280	0	1032	5518731
HS	279	0	1034	5519765
HS	278	0	930	5520695
HS	277	0	927	5521622
HS	276	0	840	5522462
HS	275	0	779	5523241
HS	274	0	788	5524029
HS	273	0	802	5524831
HS	272	0	695	5525526
HS	271	0	662	5526188
HS	270	0	699	5526887
HS	269	0	651	5527538
HS	268	0	657	5528195
HS	267	0	575	5528770
HS	266	0	540	5529310
HS	265	0	528	5529838
HS	264	0	485	5530323
HS	263	0	489	5530812
HS	262	0	456	5531268
HS	261	0	399	5531667
HS	260	0	378	5532045
HS	259	0	355	5532400
HS	258	0	343	5532743
HS	257	0	322	5533065
HS	256	0	296	5533361
HS	255	0	239	5533600
HS	254	0	254	5533854
HS	253	0	287	5534141
HS	252	0	232	5534373
HS	251	0	243	5534616
HS	250	0	215	5534831
HS	249	0	205	5535036
HS	248	0	189	5535225
HS	247	0	200	5535425
HS	246	0	164	5535589
HS	245	0	124	5535713
HS	244	0	163	5535876
HS	243	0	125	5536001
HS	242	0	119	5536120
HS	241	0	98	5536218
HS	240	0	94	5536312
HS	239	0	103	5536415
HS	238	0	101	5536516
HS	237	0	93	5536609
HS	236	0	89	5536698
HS	235	0	63	5536761
HS	234	0	72	5536833
HS	233	0	66	5536899
HS	232	0	70	5536969
HS	231	0	78	5537047
HS	230	0	56	5537103
HS	229	0	52	5537155
HS	228	0	43	5537198
HS	227	0	44	5537242
HS	226	0	52	5537294
HS	225	0	44	5537338
HS	224	0	31	5537369
HS	223	0	44	5537413
HS	222	0	43	5537456
HS	221	0	39	5537495
HS	220	0	29	5537524
HS	219	0	43	5537567
HS	218	0	29	5537596
HS	217	0	28	5537624
HS	216	0	20	5537644
HS	215	0	18	5537662
HS	214	0	21	5537683
HS	213	0	23	5537706
HS	212	0	32	5537738
HS	211	0	24	5537762
HS	210	0	24	5537786
HS	209	0	27	5537813
HS	208	0	18	5537831
HS	207	0	22	5537853
HS	206	0	26	5537879
HS	205	0	18	5537897
HS	204	0	30	5537927
HS	203	0	14	5537941
HS	202	0	10	5537951
HS	201	0	11	5537962
HS	200	0	14	5537976
HS	199	0	8	5537984
HS	198	0	6	5537990
HS	197	0	8	5537998
HS	196	0	7	5538005
HS	195	0	11	5538016
HS	194	0	10	5538026
HS	193	0	14	5538040
HS	192	0	12	5538052
HS	191	0	10	5538062
HS	190	0	11	5538073
HS	189	0	15	5538088
HS	188	0	6	5538094
HS	187	0	12	5538106
HS	186	0	3	5538109
HS	185	0	12	5538121
HS	184	0	15	5538136
HS	183	0	8	5538144
HS	182	0	12	5538156
HS	181	0	12	5538168
HS	180	0	11	5538179
HS	179	0	9	5538188
HS	178	0	6	5538194
HS	177	0	5	5538199
HS	176	0	8	5538207
HS	175	0	9	5538216
HS	174	0	6	5538222
HS	173	0	9	5538231
HS	172	0	7	5538238
HS	171	0	10	5538248
HS	170	0	8	5538256
HS	169	0	5	5538261
HS	168	0	9	5538270
HS	167	0	19	5538289
HS	166	0	7	5538296
HS	165	0	11	5538307
HS	164	0	7	5538314
HS	163	0	8	5538322
HS	162	0	4	5538326
HS	161	0	10	5538336
HS	160	0	9	5538345
HS	159	0	10	5538355
HS	158	0	12	5538367
HS	157	0	12	5538379
HS	156	0	13	5538392
HS	155	0	8	5538400
HS	154	0	11	5538411
HS	153	0	10	5538421
HS	152	0	13	5538434
HS	151	0	11	5538445
HS	150	0	15	5538460
HS	149	0	18	5538478
HS	148	0	12	5538490
HS	147	0	24	5538514
HS	146	0	21	5538535
HS	145	0	23	5538558
HS	144	0	24	5538582
HS	143	0	18	5538600
HS	142	0	19	5538619
HS	141	0	28	5538647
HS	140	0	19	5538666
HS	139	0	31	5538697
HS	138	0	23	5538720
HS	137	0	19	5538739
HS	136	0	21	5538760
HS	135	0	18	5538778
HS	134	0	16	5538794
HS	133	0	11	5538805
HS	132	0	17	5538822
HS	131	0	17	5538839
HS	130	0	13	5538852
HS	129	0	13	5538865
HS	128	0	14	5538879
HS	127	0	18	5538897
HS	126	0	12	5538909
HS	125	0	17	5538926
HS	124	0	19	5538945
HS	123	0	10	5538955
HS	122	0	16	5538971
HS	121	0	22	5538993
HS	120	0	33	5539026
HS	119	0	25	5539051
HS	118	0	36	5539087
HS	117	0	22	5539109
HS	116	0	30	5539139
HS	115	0	24	5539163
HS	114	0	21	5539184
HS	113	0	28	5539212
HS	112	0	32	5539244
HS	111	0	32	5539276
HS	110	0	39	5539315
HS	109	0	40	5539355
HS	108	0	44	5539399
HS	107	0	36	5539435
HS	106	0	37	5539472
HS	105	0	45	5539517
HS	104	0	44	5539561
HS	103	0	34	5539595
HS	102	0	36	5539631
HS	101	0	48	5539679
HS	100	0	58	5539737
HS	99	0	47	5539784
HS	98	0	55	5539839
HS	97	0	61	5539900
HS	96	0	53	5539953
HS	95	0	69	5540022
HS	94	0	60	5540082
HS	93	0	74	5540156
HS	92	0	77	5540233
HS	91	0	71	5540304
HS	90	0	67	5540371
HS	89	0	77	5540448
HS	88	0	86	5540534
HS	87	0	87	5540621
HS	86	0	88	5540709
HS	85	0	85	5540794
HS	84	0	113	5540907
HS	83	0	121	5541028
HS	82	0	132	5541160
HS	81	0	153	5541313
HS	80	0	159	5541472
HS	79	0	162	5541634
HS	78	0	171	5541805
HS	77	0	159	5541964
HS	76	0	184	5542148
HS	75	0	169	5542317
HS	74	0	227	5542544
HS	73	0	199	5542743
HS	72	0	230	5542973
HS	71	0	272	5543245
HS	70	0	269	5543514
HS	69	0	290	5543804
HS	68	0	312	5544116
HS	67	0	323	5544439
HS	66	0	371	5544810
HS	65	0	319	5545129
HS	64	0	429	5545558
HS	63	0	377	5545935
HS	62	0	457	5546392
HS	61	0	437	5546829
HS	60	0	488	5547317
HS	59	0	494	5547811
HS	58	0	550	5548361
HS	57	0	687	5549048
HS	56	0	666	5549714
HS	55	0	717	5550431
HS	54	0	834	5551265
HS	53	0	848	5552113
HS	52	0	895	5553008
HS	51	0	965	5553973
HS	50	0	1067	5555040
HS	49	0	1091	5556131
HS	48	0	1207	5557338
HS	47	0	1199	5558537
HS	46	0	1386	5559923
HS	45	0	1426	5561349
HS	44	0	1620	5562969
HS	43	0	1870	5564839
HS	42	0	1948	5566787
HS	41	0	2069	5568856
HS	40	0	2179	5571035
HS	39	0	2418	5573453
HS	38	0	2746	5576199
HS	37	0	3116	5579315
HS	36	0	3533	5582848
HS	35	0	3779	5586627
HS	34	0	4086	5590713
HS	33	0	4350	5595063
HS	32	0	5020	5600083
HS	31	0	5510	5605593
HS	30	0	6208	5611801
HS	29	0	6729	5618530
HS	28	0	7371	5625901
HS	27	0	8262	5634163
HS	26	0	9537	5643700
HS	25	0	11265	5654965
HS	24	0	13169	5668134
HS	23	0	15063	5683197
HS	22	0	17436	5700633
HS	21	0	20618	5721251
HS	20	0	24317	5745568
HS	19	0	29117	5774685
HS	18	0	35197	5809882
HS	17	0	43040	5852922
HS	16	0	54043	5906965
HS	15	0	70265	5977230
HS	14	0	93027	6070257
HS	13	0	128148	6198405
HS	12	0	183273	6381678
HS	11	0	271127	6652805
HS	10	0	414261	7067066
HS	9	0	647559	7714625
HS	8	0	1027165	8741790
HS	7	0	1648325	10390115
HS	6	0	2670820	13060935
HS	5	0	4426629	17487564
HS	4	0	7730335	25217899
HS	3	0	15221078	40438977
HS	2	0	37914984	78353961
HS	1	0	0	78353961
HS	0	0	0	78353961
