CC	CT  kmer_occurrence    short_read_kmer_count  raw_input_kmer_count  adjusted_input_kmer_count
CC	FR  fpr_lower_bound    fpr_upper_bound
CC	ER  total_input_kmers  adjusted_error_kmers
CC	CV  coverage
CC	QV  raw_quality_value  adjusted_quality_value
CC
SQ	CP126103.1	5249683	5249653	5249653	99.00
CT	1023	1602	16834	16834.000
CT	1022	7	44	44.000
CT	1021	5	55	55.000
CT	1020	3	21	21.000
CT	1019	4	43	43.000
CT	1018	9	87	87.000
CT	1017	8	80	80.000
CT	1016	7	57	57.000
CT	1015	9	74	74.000
CT	1014	6	64	64.000
CT	1013	4	33	33.000
CT	1012	6	39	39.000
CT	1011	5	42	42.000
CT	1010	5	51	51.000
CT	1009	7	75	75.000
CT	1008	2	11	11.000
CT	1007	6	44	44.000
CT	1006	5	55	55.000
CT	1005	4	44	44.000
CT	1004	11	98	98.000
CT	1003	6	64	64.000
CT	1002	3	33	33.000
CT	1001	5	55	55.000
CT	1000	4	44	44.000
CT	999	9	93	93.000
CT	998	4	41	41.000
CT	997	6	55	55.000
CT	996	4	41	41.000
CT	995	10	105	105.000
CT	994	5	55	55.000
CT	993	10	86	86.000
CT	992	5	55	55.000
CT	991	5	47	47.000
CT	990	10	99	99.000
CT	989	3	31	31.000
CT	988	9	87	87.000
CT	987	12	121	121.000
CT	986	10	110	110.000
CT	985	9	88	88.000
CT	984	5	21	21.000
CT	983	3	33	33.000
CT	982	7	77	77.000
CT	981	10	110	110.000
CT	980	13	119	119.000
CT	979	10	105	105.000
CT	978	3	31	31.000
CT	977	5	52	52.000
CT	976	7	54	54.000
CT	975	9	88	88.000
CT	974	2	17	17.000
CT	973	7	75	75.000
CT	972	5	55	55.000
CT	971	6	66	66.000
CT	970	8	86	86.000
CT	969	8	88	88.000
CT	968	4	44	44.000
CT	967	6	63	63.000
CT	966	4	42	42.000
CT	965	11	141	141.000
CT	964	14	130	130.000
CT	963	8	88	88.000
CT	962	3	33	33.000
CT	961	13	144	144.000
CT	960	13	144	144.000
CT	959	9	123	123.000
CT	958	7	101	101.000
CT	957	8	88	88.000
CT	956	12	131	131.000
CT	955	9	123	123.000
CT	954	10	108	108.000
CT	953	11	117	117.000
CT	952	10	109	109.000
CT	951	14	156	156.000
CT	950	11	99	99.000
CT	949	5	42	42.000
CT	948	9	120	120.000
CT	947	10	134	134.000
CT	946	5	44	44.000
CT	945	6	65	65.000
CT	944	9	95	95.000
CT	943	6	66	66.000
CT	942	6	64	64.000
CT	941	3	33	33.000
CT	940	8	80	80.000
CT	939	5	44	44.000
CT	938	7	77	77.000
CT	937	8	87	87.000
CT	936	4	42	42.000
CT	935	2	22	22.000
CT	934	10	104	104.000
CT	933	11	118	118.000
CT	932	6	63	63.000
CT	931	8	88	88.000
CT	930	7	66	66.000
CT	929	9	80	80.000
CT	928	12	125	125.000
CT	927	14	144	144.000
CT	926	13	140	140.000
CT	925	12	122	122.000
CT	924	12	154	154.000
CT	923	8	74	74.000
CT	922	20	202	202.000
CT	921	12	130	130.000
CT	920	11	113	113.000
CT	919	6	62	62.000
CT	918	10	108	108.000
CT	917	18	209	209.000
CT	916	9	96	96.000
CT	915	19	185	185.000
CT	914	12	103	103.000
CT	913	15	184	184.000
CT	912	22	283	283.000
CT	911	17	182	182.000
CT	910	14	213	213.000
CT	909	11	118	118.000
CT	908	14	173	173.000
CT	907	11	114	114.000
CT	906	14	147	147.000
CT	905	15	175	175.000
CT	904	11	142	142.000
CT	903	16	194	194.000
CT	902	19	189	189.000
CT	901	21	211	211.000
CT	900	21	212	212.000
CT	899	17	197	197.000
CT	898	15	149	149.000
CT	897	7	77	77.000
CT	896	11	116	116.000
CT	895	10	107	107.000
CT	894	22	238	238.000
CT	893	21	212	212.000
CT	892	15	158	158.000
CT	891	16	173	173.000
CT	890	25	271	271.000
CT	889	20	203	203.000
CT	888	19	206	206.000
CT	887	23	252	252.000
CT	886	23	251	251.000
CT	885	19	198	198.000
CT	884	22	239	239.000
CT	883	22	226	226.000
CT	882	21	229	229.000
CT	881	24	251	251.000
CT	880	16	170	170.000
CT	879	25	259	259.000
CT	878	21	220	220.000
CT	877	13	136	136.000
CT	876	26	281	281.000
CT	875	26	268	268.000
CT	874	12	130	130.000
CT	873	26	263	263.000
CT	872	23	250	250.000
CT	871	22	235	235.000
CT	870	22	234	234.000
CT	869	19	209	209.000
CT	868	22	231	231.000
CT	867	18	195	195.000
CT	866	13	143	143.000
CT	865	19	208	208.000
CT	864	24	262	262.000
CT	863	17	185	185.000
CT	862	21	229	229.000
CT	861	24	254	254.000
CT	860	22	237	237.000
CT	859	25	263	263.000
CT	858	13	143	143.000
CT	857	16	176	176.000
CT	856	16	176	176.000
CT	855	15	159	159.000
CT	854	14	154	154.000
CT	853	14	154	154.000
CT	852	21	209	209.000
CT	851	12	129	129.000
CT	850	20	225	225.000
CT	849	20	217	217.000
CT	848	15	165	165.000
CT	847	22	231	231.000
CT	846	19	214	214.000
CT	845	32	350	350.000
CT	844	22	242	242.000
CT	843	23	258	258.000
CT	842	19	214	214.000
CT	841	30	321	321.000
CT	840	27	293	293.000
CT	839	33	368	368.000
CT	838	29	314	314.000
CT	837	32	345	345.000
CT	836	27	279	279.000
CT	835	27	297	297.000
CT	834	34	353	353.000
CT	833	22	224	224.000
CT	832	30	304	304.000
CT	831	18	183	183.000
CT	830	16	153	153.000
CT	829	20	211	211.000
CT	828	21	218	218.000
CT	827	16	172	172.000
CT	826	26	245	245.000
CT	825	27	287	287.000
CT	824	26	281	281.000
CT	823	22	242	242.000
CT	822	17	187	187.000
CT	821	8	88	88.000
CT	820	24	243	243.000
CT	819	19	194	194.000
CT	818	12	124	124.000
CT	817	15	154	154.000
CT	816	17	184	184.000
CT	815	17	184	184.000
CT	814	20	212	212.000
CT	813	12	132	132.000
CT	812	14	154	154.000
CT	811	20	213	213.000
CT	810	13	139	139.000
CT	809	18	193	193.000
CT	808	17	168	168.000
CT	807	7	70	70.000
CT	806	16	173	173.000
CT	805	19	197	197.000
CT	804	13	143	143.000
CT	803	10	105	105.000
CT	802	17	169	169.000
CT	801	15	158	158.000
CT	800	14	154	154.000
CT	799	11	121	121.000
CT	798	17	172	172.000
CT	797	15	141	141.000
CT	796	19	205	205.000
CT	795	19	201	201.000
CT	794	20	213	213.000
CT	793	21	201	201.000
CT	792	16	163	163.000
CT	791	14	146	146.000
CT	790	12	119	119.000
CT	789	24	229	229.000
CT	788	8	88	88.000
CT	787	14	141	141.000
CT	786	15	155	155.000
CT	785	16	153	153.000
CT	784	12	113	113.000
CT	783	13	143	143.000
CT	782	17	155	155.000
CT	781	14	150	150.000
CT	780	15	146	146.000
CT	779	13	127	127.000
CT	778	16	168	168.000
CT	777	18	172	172.000
CT	776	9	98	98.000
CT	775	8	76	76.000
CT	774	14	144	144.000
CT	773	21	214	214.000
CT	772	10	99	99.000
CT	771	8	74	74.000
CT	770	18	152	152.000
CT	769	14	150	150.000
CT	768	11	111	111.000
CT	767	20	195	195.000
CT	766	17	152	152.000
CT	765	20	198	198.000
CT	764	17	153	153.000
CT	763	11	117	117.000
CT	762	13	138	138.000
CT	761	17	165	165.000
CT	760	19	204	204.000
CT	759	17	172	172.000
CT	758	18	180	180.000
CT	757	17	172	172.000
CT	756	21	231	231.000
CT	755	13	128	128.000
CT	754	22	219	219.000
CT	753	18	180	180.000
CT	752	18	158	158.000
CT	751	12	126	126.000
CT	750	10	110	110.000
CT	749	20	198	198.000
CT	748	16	148	148.000
CT	747	18	190	190.000
CT	746	18	161	161.000
CT	745	23	223	223.000
CT	744	22	221	221.000
CT	743	24	226	226.000
CT	742	20	182	182.000
CT	741	14	118	118.000
CT	740	19	186	186.000
CT	739	12	111	111.000
CT	738	17	159	159.000
CT	737	15	107	107.000
CT	736	16	165	165.000
CT	735	10	99	99.000
CT	734	10	95	95.000
CT	733	15	136	136.000
CT	732	23	204	204.000
CT	731	17	163	163.000
CT	730	11	84	84.000
CT	729	14	127	127.000
CT	728	19	143	143.000
CT	727	16	127	127.000
CT	726	14	132	132.000
CT	725	14	111	111.000
CT	724	20	181	181.000
CT	723	18	151	151.000
CT	722	15	130	130.000
CT	721	18	155	155.000
CT	720	13	108	108.000
CT	719	7	47	47.000
CT	718	15	124	124.000
CT	717	14	132	132.000
CT	716	12	114	114.000
CT	715	16	124	124.000
CT	714	13	113	113.000
CT	713	11	111	111.000
CT	712	14	130	130.000
CT	711	8	74	74.000
CT	710	20	206	206.000
CT	709	14	134	134.000
CT	708	5	44	44.000
CT	707	16	125	125.000
CT	706	6	62	62.000
CT	705	8	75	75.000
CT	704	11	84	84.000
CT	703	18	166	166.000
CT	702	10	96	96.000
CT	701	7	56	56.000
CT	700	12	93	93.000
CT	699	9	85	85.000
CT	698	9	78	78.000
CT	697	13	106	106.000
CT	696	14	121	121.000
CT	695	10	83	83.000
CT	694	12	91	91.000
CT	693	9	64	64.000
CT	692	4	32	32.000
CT	691	10	80	80.000
CT	690	13	82	82.000
CT	689	17	139	139.000
CT	688	14	102	102.000
CT	687	8	57	57.000
CT	686	12	85	85.000
CT	685	17	131	131.000
CT	684	10	83	83.000
CT	683	13	93	93.000
CT	682	15	101	101.000
CT	681	17	112	112.000
CT	680	13	94	94.000
CT	679	18	122	122.000
CT	678	12	73	73.000
CT	677	16	107	107.000
CT	676	14	87	87.000
CT	675	15	89	89.000
CT	674	18	121	121.000
CT	673	22	128	128.000
CT	672	20	117	117.000
CT	671	18	79	79.000
CT	670	25	164	164.000
CT	669	21	153	153.000
CT	668	14	76	76.000
CT	667	14	84	84.000
CT	666	11	60	60.000
CT	665	11	74	74.000
CT	664	11	75	75.000
CT	663	16	101	101.000
CT	662	23	144	144.000
CT	661	11	69	69.000
CT	660	13	86	86.000
CT	659	12	78	78.000
CT	658	16	104	104.000
CT	657	13	87	87.000
CT	656	15	100	100.000
CT	655	13	75	75.000
CT	654	9	42	42.000
CT	653	21	122	122.000
CT	652	18	100	100.000
CT	651	14	73	73.000
CT	650	15	89	89.000
CT	649	14	82	82.000
CT	648	11	59	59.000
CT	647	9	69	69.000
CT	646	7	42	42.000
CT	645	17	97	97.000
CT	644	14	76	76.000
CT	643	11	71	71.000
CT	642	10	66	66.000
CT	641	7	34	34.000
CT	640	11	65	65.000
CT	639	16	102	102.000
CT	638	8	45	45.000
CT	637	8	46	46.000
CT	636	18	116	116.000
CT	635	12	72	72.000
CT	634	20	116	116.000
CT	633	7	50	50.000
CT	632	17	122	122.000
CT	631	17	132	132.000
CT	630	13	105	105.000
CT	629	18	95	95.000
CT	628	9	55	55.000
CT	627	13	79	79.000
CT	626	15	95	95.000
CT	625	14	86	86.000
CT	624	17	105	105.000
CT	623	15	95	95.000
CT	622	16	98	98.000
CT	621	18	105	105.000
CT	620	12	57	57.000
CT	619	8	46	46.000
CT	618	6	43	43.000
CT	617	11	63	63.000
CT	616	10	54	54.000
CT	615	7	39	39.000
CT	614	17	113	113.000
CT	613	12	64	64.000
CT	612	6	31	31.000
CT	611	7	34	34.000
CT	610	14	79	79.000
CT	609	12	61	61.000
CT	608	11	65	65.000
CT	607	14	70	70.000
CT	606	12	70	70.000
CT	605	11	54	54.000
CT	604	16	95	95.000
CT	603	13	68	68.000
CT	602	14	87	87.000
CT	601	10	54	54.000
CT	600	12	51	51.000
CT	599	8	47	47.000
CT	598	11	39	39.000
CT	597	17	65	65.000
CT	596	6	38	38.000
CT	595	13	70	70.000
CT	594	15	75	75.000
CT	593	12	58	58.000
CT	592	14	55	55.000
CT	591	11	46	46.000
CT	590	13	70	70.000
CT	589	11	43	43.000
CT	588	10	53	53.000
CT	587	11	42	42.000
CT	586	12	42	42.000
CT	585	22	102	102.000
CT	584	13	40	40.000
CT	583	15	59	59.000
CT	582	15	62	62.000
CT	581	12	43	43.000
CT	580	12	41	41.000
CT	579	11	45	45.000
CT	578	18	79	79.000
CT	577	22	101	101.000
CT	576	12	44	44.000
CT	575	15	66	66.000
CT	574	25	101	101.000
CT	573	22	99	99.000
CT	572	13	44	44.000
CT	571	18	75	75.000
CT	570	19	78	78.000
CT	569	19	83	83.000
CT	568	19	71	71.000
CT	567	16	55	55.000
CT	566	22	82	82.000
CT	565	25	87	87.000
CT	564	19	84	84.000
CT	563	23	91	91.000
CT	562	21	83	83.000
CT	561	23	83	83.000
CT	560	25	107	107.000
CT	559	23	78	78.000
CT	558	17	60	60.000
CT	557	32	137	137.000
CT	556	11	39	39.000
CT	555	25	104	104.000
CT	554	26	100	100.000
CT	553	18	72	72.000
CT	552	17	64	64.000
CT	551	14	41	41.000
CT	550	17	62	62.000
CT	549	13	58	58.000
CT	548	24	80	80.000
CT	547	18	70	70.000
CT	546	25	95	95.000
CT	545	17	56	56.000
CT	544	13	39	39.000
CT	543	18	58	58.000
CT	542	23	79	79.000
CT	541	15	49	49.000
CT	540	19	75	75.000
CT	539	21	78	78.000
CT	538	21	73	73.000
CT	537	24	91	91.000
CT	536	25	86	86.000
CT	535	33	125	125.000
CT	534	24	92	92.000
CT	533	12	52	52.000
CT	532	22	78	78.000
CT	531	19	70	70.000
CT	530	18	80	80.000
CT	529	25	85	85.000
CT	528	36	148	148.000
CT	527	14	46	46.000
CT	526	26	119	119.000
CT	525	29	108	108.000
CT	524	22	79	79.000
CT	523	24	92	92.000
CT	522	38	149	149.000
CT	521	29	100	100.000
CT	520	27	104	104.000
CT	519	26	97	97.000
CT	518	22	86	86.000
CT	517	23	73	73.000
CT	516	22	88	88.000
CT	515	25	100	100.000
CT	514	18	62	62.000
CT	513	19	52	52.000
CT	512	20	77	77.000
CT	511	31	111	111.000
CT	510	24	104	104.000
CT	509	27	105	105.000
CT	508	24	91	91.000
CT	507	22	87	87.000
CT	506	25	97	97.000
CT	505	17	69	69.000
CT	504	41	154	154.000
CT	503	38	154	154.000
CT	502	33	125	125.000
CT	501	33	128	128.000
CT	500	36	138	138.000
CT	499	22	86	86.000
CT	498	20	76	76.000
CT	497	26	92	92.000
CT	496	28	102	102.000
CT	495	32	123	123.000
CT	494	23	92	92.000
CT	493	21	91	91.000
CT	492	34	137	137.000
CT	491	30	117	117.000
CT	490	34	140	140.000
CT	489	20	72	72.000
CT	488	20	85	85.000
CT	487	27	106	106.000
CT	486	38	140	140.000
CT	485	26	96	96.000
CT	484	36	133	133.000
CT	483	36	123	123.000
CT	482	33	124	124.000
CT	481	35	140	140.000
CT	480	25	92	92.000
CT	479	34	125	125.000
CT	478	32	124	124.000
CT	477	34	149	149.000
CT	476	23	86	86.000
CT	475	18	61	61.000
CT	474	28	110	110.000
CT	473	22	71	71.000
CT	472	18	65	65.000
CT	471	26	88	88.000
CT	470	20	66	66.000
CT	469	28	99	99.000
CT	468	19	74	74.000
CT	467	27	97	97.000
CT	466	22	77	77.000
CT	465	23	77	77.000
CT	464	27	90	90.000
CT	463	27	93	93.000
CT	462	21	73	73.000
CT	461	32	107	107.000
CT	460	22	82	82.000
CT	459	31	98	98.000
CT	458	31	110	110.000
CT	457	37	112	112.000
CT	456	28	104	104.000
CT	455	34	113	113.000
CT	454	32	115	115.000
CT	453	43	151	151.000
CT	452	40	132	132.000
CT	451	42	139	139.000
CT	450	35	113	113.000
CT	449	45	143	143.000
CT	448	29	81	81.000
CT	447	35	105	105.000
CT	446	37	125	125.000
CT	445	29	103	103.000
CT	444	33	114	114.000
CT	443	33	123	123.000
CT	442	29	104	104.000
CT	441	46	164	164.000
CT	440	32	110	110.000
CT	439	43	157	157.000
CT	438	37	126	126.000
CT	437	37	129	129.000
CT	436	36	112	112.000
CT	435	33	109	109.000
CT	434	36	112	112.000
CT	433	24	81	81.000
CT	432	49	161	161.000
CT	431	35	131	131.000
CT	430	34	118	118.000
CT	429	38	131	131.000
CT	428	37	128	128.000
CT	427	24	83	83.000
CT	426	28	95	95.000
CT	425	34	108	108.000
CT	424	29	110	110.000
CT	423	30	104	104.000
CT	422	33	109	109.000
CT	421	39	112	112.000
CT	420	40	136	136.000
CT	419	44	132	132.000
CT	418	34	109	109.000
CT	417	24	79	79.000
CT	416	32	111	111.000
CT	415	39	116	116.000
CT	414	38	125	125.000
CT	413	49	171	171.000
CT	412	46	146	146.000
CT	411	33	94	94.000
CT	410	48	161	161.000
CT	409	47	163	163.000
CT	408	57	195	195.000
CT	407	57	176	176.000
CT	406	59	183	183.000
CT	405	56	168	168.000
CT	404	61	198	198.000
CT	403	69	215	215.000
CT	402	58	163	163.000
CT	401	79	234	234.000
CT	400	49	143	143.000
CT	399	51	152	152.000
CT	398	40	125	125.000
CT	397	59	178	178.000
CT	396	55	170	170.000
CT	395	63	196	196.000
CT	394	56	156	156.000
CT	393	61	181	181.000
CT	392	44	126	126.000
CT	391	54	164	164.000
CT	390	56	158	158.000
CT	389	60	184	184.000
CT	388	57	163	163.000
CT	387	58	165	165.000
CT	386	47	136	136.000
CT	385	55	148	148.000
CT	384	61	177	177.000
CT	383	54	155	155.000
CT	382	57	177	177.000
CT	381	55	171	171.000
CT	380	59	159	159.000
CT	379	66	190	190.000
CT	378	71	192	192.000
CT	377	98	272	272.000
CT	376	77	210	210.000
CT	375	88	241	241.000
CT	374	80	211	211.000
CT	373	74	206	206.000
CT	372	94	263	263.000
CT	371	92	247	247.000
CT	370	90	245	245.000
CT	369	81	218	218.000
CT	368	78	206	206.000
CT	367	76	201	201.000
CT	366	83	232	232.000
CT	365	75	198	198.000
CT	364	89	237	237.000
CT	363	73	193	193.000
CT	362	93	253	253.000
CT	361	88	248	248.000
CT	360	78	212	212.000
CT	359	99	261	261.000
CT	358	96	262	262.000
CT	357	80	212	212.000
CT	356	87	223	223.000
CT	355	98	255	255.000
CT	354	90	233	233.000
CT	353	97	249	249.000
CT	352	96	253	253.000
CT	351	97	246	246.000
CT	350	101	260	260.000
CT	349	99	245	245.000
CT	348	108	261	261.000
CT	347	87	214	214.000
CT	346	91	218	218.000
CT	345	82	197	197.000
CT	344	103	249	249.000
CT	343	97	242	242.000
CT	342	97	229	229.000
CT	341	104	255	255.000
CT	340	105	243	243.000
CT	339	113	269	269.000
CT	338	108	264	264.000
CT	337	112	274	274.000
CT	336	113	273	273.000
CT	335	124	302	302.000
CT	334	119	283	283.000
CT	333	142	345	345.000
CT	332	138	324	324.000
CT	331	164	386	386.000
CT	330	138	320	320.000
CT	329	152	363	363.000
CT	328	131	325	325.000
CT	327	144	337	337.000
CT	326	122	299	299.000
CT	325	124	282	282.000
CT	324	133	303	303.000
CT	323	133	309	309.000
CT	322	119	280	280.000
CT	321	137	326	326.000
CT	320	117	275	275.000
CT	319	151	347	347.000
CT	318	117	292	292.000
CT	317	110	261	261.000
CT	316	141	322	322.000
CT	315	132	318	318.000
CT	314	139	331	331.000
CT	313	143	325	325.000
CT	312	122	292	292.000
CT	311	148	330	330.000
CT	310	146	340	340.000
CT	309	144	343	343.000
CT	308	126	320	320.000
CT	307	133	336	336.000
CT	306	160	391	391.000
CT	305	129	295	295.000
CT	304	155	370	370.000
CT	303	131	296	296.000
CT	302	141	309	309.000
CT	301	136	314	314.000
CT	300	111	262	262.000
CT	299	140	304	304.000
CT	298	153	347	347.000
CT	297	147	332	332.000
CT	296	176	394	394.000
CT	295	146	336	336.000
CT	294	172	374	374.000
CT	293	170	385	385.000
CT	292	209	474	474.000
CT	291	169	368	368.000
CT	290	158	352	352.000
CT	289	176	360	360.000
CT	288	195	419	419.000
CT	287	191	417	417.000
CT	286	191	423	423.000
CT	285	164	388	388.000
CT	284	149	331	331.000
CT	283	170	377	377.000
CT	282	172	339	339.000
CT	281	183	398	398.000
CT	280	207	428	428.000
CT	279	219	437	437.000
CT	278	223	435	435.000
CT	277	222	430	430.000
CT	276	205	393	393.000
CT	275	225	434	434.000
CT	274	230	449	449.000
CT	273	263	498	498.000
CT	272	263	475	475.000
CT	271	254	466	466.000
CT	270	266	461	461.000
CT	269	254	469	469.000
CT	268	292	528	528.000
CT	267	288	520	520.000
CT	266	281	481	481.000
CT	265	318	537	537.000
CT	264	339	607	607.000
CT	263	371	629	629.000
CT	262	345	591	591.000
CT	261	351	592	592.000
CT	260	336	583	583.000
CT	259	401	648	648.000
CT	258	387	639	639.000
CT	257	393	662	662.000
CT	256	342	580	580.000
CT	255	421	668	668.000
CT	254	382	604	604.000
CT	253	371	592	592.000
CT	252	451	700	700.000
CT	251	411	652	652.000
CT	250	474	736	736.000
CT	249	473	724	724.000
CT	248	482	758	758.000
CT	247	420	664	664.000
CT	246	531	793	793.000
CT	245	585	869	869.000
CT	244	603	861	861.000
CT	243	628	880	880.000
CT	242	659	930	930.000
CT	241	657	926	926.000
CT	240	684	913	913.000
CT	239	760	1058	1058.000
CT	238	792	1045	1045.000
CT	237	874	1158	1158.000
CT	236	944	1204	1204.000
CT	235	918	1185	1185.000
CT	234	955	1233	1233.000
CT	233	1013	1313	1313.000
CT	232	1160	1498	1498.000
CT	231	1059	1306	1306.000
CT	230	1173	1438	1438.000
CT	229	1246	1532	1532.000
CT	228	1267	1466	1466.000
CT	227	1274	1507	1507.000
CT	226	1336	1565	1565.000
CT	225	1369	1572	1572.000
CT	224	1562	1761	1761.000
CT	223	1660	1861	1861.000
CT	222	1715	1922	1922.000
CT	221	1871	2096	2096.000
CT	220	1844	2078	2078.000
CT	219	1993	2210	2210.000
CT	218	2050	2249	2249.000
CT	217	2247	2465	2465.000
CT	216	2307	2504	2504.000
CT	215	2504	2720	2720.000
CT	214	2633	2830	2830.000
CT	213	2873	3110	3110.000
CT	212	2975	3200	3200.000
CT	211	3172	3399	3399.000
CT	210	3299	3525	3525.000
CT	209	3648	3877	3877.000
CT	208	3825	4035	4035.000
CT	207	3885	4100	4100.000
CT	206	4081	4317	4317.000
CT	205	4284	4535	4535.000
CT	204	4384	4580	4580.000
CT	203	4742	4938	4938.000
CT	202	5031	5266	5266.000
CT	201	5133	5340	5340.000
CT	200	5470	5672	5672.000
CT	199	5809	6014	6014.000
CT	198	6097	6324	6324.000
CT	197	6325	6514	6514.000
CT	196	6763	6978	6978.000
CT	195	7200	7399	7399.000
CT	194	7627	7805	7805.000
CT	193	8187	8391	8391.000
CT	192	8597	8772	8772.000
CT	191	9143	9339	9339.000
CT	190	9720	9887	9887.000
CT	189	10098	10284	10284.000
CT	188	10871	11013	11013.000
CT	187	11382	11602	11602.000
CT	186	11989	12160	12160.000
CT	185	12826	13035	13035.000
CT	184	13277	13472	13472.000
CT	183	13917	14132	14132.000
CT	182	14848	15041	15041.000
CT	181	15386	15581	15581.000
CT	180	16312	16513	16513.000
CT	179	17296	17431	17431.000
CT	178	17589	17728	17728.000
CT	177	18246	18362	18362.000
CT	176	19198	19319	19319.000
CT	175	20182	20302	20302.000
CT	174	20943	21084	21084.000
CT	173	22322	22425	22425.000
CT	172	23324	23454	23454.000
CT	171	24517	24641	24641.000
CT	170	25723	25834	25834.000
CT	169	26952	27053	27053.000
CT	168	27716	27792	27792.000
CT	167	29032	29115	29115.000
CT	166	30049	30129	30129.000
CT	165	31519	31598	31598.000
CT	164	33033	33098	33098.000
CT	163	33559	33626	33626.000
CT	162	34870	34922	34922.000
CT	161	36268	36346	36346.000
CT	160	37892	37961	37961.000
CT	159	39303	39396	39396.000
CT	158	40606	40704	40704.000
CT	157	42167	42238	42238.000
CT	156	43231	43311	43311.000
CT	155	45184	45264	45264.000
CT	154	46388	46457	46457.000
CT	153	48093	48169	48169.000
CT	152	49756	49835	49835.000
CT	151	51232	51322	51322.000
CT	150	52670	52754	52754.000
CT	149	54263	54343	54343.000
CT	148	55088	55163	55163.000
CT	147	56132	56210	56210.000
CT	146	57674	57741	57741.000
CT	145	58809	58869	58869.000
CT	144	60052	60120	60120.000
CT	143	61080	61135	61135.000
CT	142	62769	62845	62845.000
CT	141	63867	63931	63931.000
CT	140	64782	64829	64829.000
CT	139	66250	66289	66289.000
CT	138	67328	67353	67353.000
CT	137	68017	68042	68042.000
CT	136	68798	68814	68814.000
CT	135	69766	69795	69795.000
CT	134	70447	70465	70465.000
CT	133	71243	71276	71276.000
CT	132	72336	72355	72355.000
CT	131	72288	72309	72309.000
CT	130	72457	72485	72485.000
CT	129	73618	73638	73638.000
CT	128	72700	72716	72716.000
CT	127	72808	72827	72827.000
CT	126	72726	72738	72738.000
CT	125	72789	72791	72791.000
CT	124	73963	73955	73955.000
CT	123	73106	73091	73091.000
CT	122	72316	72304	72304.000
CT	121	71435	71426	71426.000
CT	120	70972	70962	70962.000
CT	119	70480	70467	70467.000
CT	118	70392	70380	70380.000
CT	117	69004	68992	68992.000
CT	116	68370	68372	68372.000
CT	115	66308	66308	66308.000
CT	114	65428	65411	65411.000
CT	113	63889	63872	63872.000
CT	112	63198	63174	63174.000
CT	111	61163	61143	61143.000
CT	110	59881	59863	59863.000
CT	109	58069	58047	58047.000
CT	108	56482	56465	56465.000
CT	107	54522	54504	54504.000
CT	106	53545	53527	53527.000
CT	105	51520	51499	51499.000
CT	104	50198	50178	50178.000
CT	103	47936	47914	47914.000
CT	102	46921	46912	46912.000
CT	101	44724	44711	44711.000
CT	100	43150	43123	43123.000
CT	99	40959	40930	40930.000
CT	98	39230	39177	39177.000
CT	97	37189	37146	37146.000
CT	96	35383	35359	35359.000
CT	95	33792	33778	33778.000
CT	94	31830	31812	31812.000
CT	93	30320	30312	30312.000
CT	92	28202	28183	28183.000
CT	91	26815	26789	26789.000
CT	90	25120	25094	25094.000
CT	89	23276	23260	23260.000
CT	88	21344	21314	21314.000
CT	87	19771	19750	19750.000
CT	86	18149	18118	18118.000
CT	85	17105	17087	17087.000
CT	84	15927	15902	15902.000
CT	83	14921	14907	14907.000
CT	82	13848	13813	13813.000
CT	81	12890	12872	12872.000
CT	80	11703	11666	11666.000
CT	79	10724	10704	10704.000
CT	78	10098	10061	10061.000
CT	77	8956	8927	8927.000
CT	76	8215	8184	8184.000
CT	75	7506	7472	7472.000
CT	74	6876	6852	6852.000
CT	73	6188	6167	6167.000
CT	72	5690	5661	5661.000
CT	71	5210	5170	5170.000
CT	70	4679	4639	4639.000
CT	69	4248	4224	4224.000
CT	68	3704	3667	3667.000
CT	67	3148	3112	3112.000
CT	66	2913	2872	2872.000
CT	65	2649	2613	2613.000
CT	64	2478	2435	2435.000
CT	63	2165	2120	2120.000
CT	62	1944	1911	1911.000
CT	61	1699	1654	1654.000
CT	60	1547	1515	1515.000
CT	59	1379	1330	1330.000
CT	58	1207	1164	1164.000
CT	57	1078	1034	1034.000
CT	56	882	837	837.000
CT	55	775	724	724.000
CT	54	734	677	677.000
CT	53	629	587	587.000
CT	52	583	530	530.000
CT	51	591	523	523.000
CT	50	485	432	432.000
CT	49	437	348	348.000
CT	48	415	330	330.000
CT	47	401	290	290.000
CT	46	358	261	261.000
CT	45	325	216	216.000
CT	44	320	204	204.000
CT	43	273	171	171.000
CT	42	287	181	181.000
CT	41	310	177	177.000
CT	40	307	163	163.000
CT	39	279	119	119.000
CT	38	250	108	108.000
CT	37	227	85	85.000
CT	36	257	102	102.000
CT	35	241	105	105.000
CT	34	227	69	69.000
CT	33	233	43	43.000
CT	32	195	26	26.000
CT	31	201	27	27.000
CT	30	269	44	44.000
CT	29	271	55	55.000
CT	28	282	32	32.000
CT	27	310	21	21.000
CT	26	315	17	17.000
CT	25	317	20	20.000
CT	24	390	24	24.000
CT	23	474	33	33.000
CT	22	515	24	24.000
CT	21	551	6	6.000
CT	20	664	1	1.000
CT	19	679	0	0.000
CT	18	1013	2	2.000
CT	17	1022	1	1.000
CT	16	1284	1	1.000
CT	15	1548	1	1.000
CT	14	1967	0	0.000
CT	13	2375	1	1.000
CT	12	3039	3	3.000
CT	11	3871	1	1.000
CT	10	5239	3	3.000
CT	9	8257	3	3.000
CT	8	11920	2	2.000
CT	7	20016	0	0.000
CT	6	36508	0	0.000
CT	5	77849	0	0.000
CT	4	211481	0	0.000
CT	3	737405	0	0.000
CT	2	5639231	0	0.000
CT	1	0	0	-nan
CT	0	0	0	-nan
FR	0	0
ER	5249653	0.000
CV	1.000
QV	inf	inf
