HS	1023	0	1602	1602
HS	1022	0	7	1609
HS	1021	0	5	1614
HS	1020	0	3	1617
HS	1019	0	4	1621
HS	1018	0	9	1630
HS	1017	0	8	1638
HS	1016	0	7	1645
HS	1015	0	9	1654
HS	1014	0	6	1660
HS	1013	0	4	1664
HS	1012	0	6	1670
HS	1011	0	5	1675
HS	1010	0	5	1680
HS	1009	0	7	1687
HS	1008	0	2	1689
HS	1007	0	6	1695
HS	1006	0	5	1700
HS	1005	0	4	1704
HS	1004	0	11	1715
HS	1003	0	6	1721
HS	1002	0	3	1724
HS	1001	0	5	1729
HS	1000	0	4	1733
HS	999	0	9	1742
HS	998	0	4	1746
HS	997	0	6	1752
HS	996	0	4	1756
HS	995	0	10	1766
HS	994	0	5	1771
HS	993	0	10	1781
HS	992	0	5	1786
HS	991	0	5	1791
HS	990	0	10	1801
HS	989	0	3	1804
HS	988	0	9	1813
HS	987	0	12	1825
HS	986	0	10	1835
HS	985	0	9	1844
HS	984	0	5	1849
HS	983	0	3	1852
HS	982	0	7	1859
HS	981	0	10	1869
HS	980	0	13	1882
HS	979	0	10	1892
HS	978	0	3	1895
HS	977	0	5	1900
HS	976	0	7	1907
HS	975	0	9	1916
HS	974	0	2	1918
HS	973	0	7	1925
HS	972	0	5	1930
HS	971	0	6	1936
HS	970	0	8	1944
HS	969	0	8	1952
HS	968	0	4	1956
HS	967	0	6	1962
HS	966	0	4	1966
HS	965	0	11	1977
HS	964	0	14	1991
HS	963	0	8	1999
HS	962	0	3	2002
HS	961	0	13	2015
HS	960	0	13	2028
HS	959	0	9	2037
HS	958	0	7	2044
HS	957	0	8	2052
HS	956	0	12	2064
HS	955	0	9	2073
HS	954	0	10	2083
HS	953	0	11	2094
HS	952	0	10	2104
HS	951	0	14	2118
HS	950	0	11	2129
HS	949	0	5	2134
HS	948	0	9	2143
HS	947	0	10	2153
HS	946	0	5	2158
HS	945	0	6	2164
HS	944	0	9	2173
HS	943	0	6	2179
HS	942	0	6	2185
HS	941	0	3	2188
HS	940	0	8	2196
HS	939	0	5	2201
HS	938	0	7	2208
HS	937	0	8	2216
HS	936	0	4	2220
HS	935	0	2	2222
HS	934	0	10	2232
HS	933	0	11	2243
HS	932	0	6	2249
HS	931	0	8	2257
HS	930	0	7	2264
HS	929	0	9	2273
HS	928	0	12	2285
HS	927	0	14	2299
HS	926	0	13	2312
HS	925	0	12	2324
HS	924	0	12	2336
HS	923	0	8	2344
HS	922	0	20	2364
HS	921	0	12	2376
HS	920	0	11	2387
HS	919	0	6	2393
HS	918	0	10	2403
HS	917	0	18	2421
HS	916	0	9	2430
HS	915	0	19	2449
HS	914	0	12	2461
HS	913	0	15	2476
HS	912	0	22	2498
HS	911	0	17	2515
HS	910	0	14	2529
HS	909	0	11	2540
HS	908	0	14	2554
HS	907	0	11	2565
HS	906	0	14	2579
HS	905	0	15	2594
HS	904	0	11	2605
HS	903	0	16	2621
HS	902	0	19	2640
HS	901	0	21	2661
HS	900	0	21	2682
HS	899	0	17	2699
HS	898	0	15	2714
HS	897	0	7	2721
HS	896	0	11	2732
HS	895	0	10	2742
HS	894	0	22	2764
HS	893	0	21	2785
HS	892	0	15	2800
HS	891	0	16	2816
HS	890	0	25	2841
HS	889	0	20	2861
HS	888	0	19	2880
HS	887	0	23	2903
HS	886	0	23	2926
HS	885	0	19	2945
HS	884	0	22	2967
HS	883	0	22	2989
HS	882	0	21	3010
HS	881	0	24	3034
HS	880	0	16	3050
HS	879	0	25	3075
HS	878	0	21	3096
HS	877	0	13	3109
HS	876	0	26	3135
HS	875	0	26	3161
HS	874	0	12	3173
HS	873	0	26	3199
HS	872	0	23	3222
HS	871	0	22	3244
HS	870	0	22	3266
HS	869	0	19	3285
HS	868	0	22	3307
HS	867	0	18	3325
HS	866	0	13	3338
HS	865	0	19	3357
HS	864	0	24	3381
HS	863	0	17	3398
HS	862	0	21	3419
HS	861	0	24	3443
HS	860	0	22	3465
HS	859	0	25	3490
HS	858	0	13	3503
HS	857	0	16	3519
HS	856	0	16	3535
HS	855	0	15	3550
HS	854	0	14	3564
HS	853	0	14	3578
HS	852	0	21	3599
HS	851	0	12	3611
HS	850	0	20	3631
HS	849	0	20	3651
HS	848	0	15	3666
HS	847	0	22	3688
HS	846	0	19	3707
HS	845	0	32	3739
HS	844	0	22	3761
HS	843	0	23	3784
HS	842	0	19	3803
HS	841	0	30	3833
HS	840	0	27	3860
HS	839	0	33	3893
HS	838	0	29	3922
HS	837	0	32	3954
HS	836	0	27	3981
HS	835	0	27	4008
HS	834	0	34	4042
HS	833	0	22	4064
HS	832	0	30	4094
HS	831	0	18	4112
HS	830	0	16	4128
HS	829	0	20	4148
HS	828	0	21	4169
HS	827	0	16	4185
HS	826	0	26	4211
HS	825	0	27	4238
HS	824	0	26	4264
HS	823	0	22	4286
HS	822	0	17	4303
HS	821	0	8	4311
HS	820	0	24	4335
HS	819	0	19	4354
HS	818	0	12	4366
HS	817	0	15	4381
HS	816	0	17	4398
HS	815	0	17	4415
HS	814	0	20	4435
HS	813	0	12	4447
HS	812	0	14	4461
HS	811	0	20	4481
HS	810	0	13	4494
HS	809	0	18	4512
HS	808	0	17	4529
HS	807	0	7	4536
HS	806	0	16	4552
HS	805	0	19	4571
HS	804	0	13	4584
HS	803	0	10	4594
HS	802	0	17	4611
HS	801	0	15	4626
HS	800	0	14	4640
HS	799	0	11	4651
HS	798	0	17	4668
HS	797	0	15	4683
HS	796	0	19	4702
HS	795	0	19	4721
HS	794	0	20	4741
HS	793	0	21	4762
HS	792	0	16	4778
HS	791	0	14	4792
HS	790	0	12	4804
HS	789	0	24	4828
HS	788	0	8	4836
HS	787	0	14	4850
HS	786	0	15	4865
HS	785	0	16	4881
HS	784	0	12	4893
HS	783	0	13	4906
HS	782	0	17	4923
HS	781	0	14	4937
HS	780	0	15	4952
HS	779	0	13	4965
HS	778	0	16	4981
HS	777	0	18	4999
HS	776	0	9	5008
HS	775	0	8	5016
HS	774	0	14	5030
HS	773	0	21	5051
HS	772	0	10	5061
HS	771	0	8	5069
HS	770	0	18	5087
HS	769	0	14	5101
HS	768	0	11	5112
HS	767	0	20	5132
HS	766	0	17	5149
HS	765	0	20	5169
HS	764	0	17	5186
HS	763	0	11	5197
HS	762	0	13	5210
HS	761	0	17	5227
HS	760	0	19	5246
HS	759	0	17	5263
HS	758	0	18	5281
HS	757	0	17	5298
HS	756	0	21	5319
HS	755	0	13	5332
HS	754	0	22	5354
HS	753	0	18	5372
HS	752	0	18	5390
HS	751	0	12	5402
HS	750	0	10	5412
HS	749	0	20	5432
HS	748	0	16	5448
HS	747	0	18	5466
HS	746	0	18	5484
HS	745	0	23	5507
HS	744	0	22	5529
HS	743	0	24	5553
HS	742	0	20	5573
HS	741	0	14	5587
HS	740	0	19	5606
HS	739	0	12	5618
HS	738	0	17	5635
HS	737	0	15	5650
HS	736	0	16	5666
HS	735	0	10	5676
HS	734	0	10	5686
HS	733	0	15	5701
HS	732	0	23	5724
HS	731	0	17	5741
HS	730	0	11	5752
HS	729	0	14	5766
HS	728	0	19	5785
HS	727	0	16	5801
HS	726	0	14	5815
HS	725	0	14	5829
HS	724	0	20	5849
HS	723	0	18	5867
HS	722	0	15	5882
HS	721	0	18	5900
HS	720	0	13	5913
HS	719	0	7	5920
HS	718	0	15	5935
HS	717	0	14	5949
HS	716	0	12	5961
HS	715	0	16	5977
HS	714	0	13	5990
HS	713	0	11	6001
HS	712	0	14	6015
HS	711	0	8	6023
HS	710	0	20	6043
HS	709	0	14	6057
HS	708	0	5	6062
HS	707	0	16	6078
HS	706	0	6	6084
HS	705	0	8	6092
HS	704	0	11	6103
HS	703	0	18	6121
HS	702	0	10	6131
HS	701	0	7	6138
HS	700	0	12	6150
HS	699	0	9	6159
HS	698	0	9	6168
HS	697	0	13	6181
HS	696	0	14	6195
HS	695	0	10	6205
HS	694	0	12	6217
HS	693	0	9	6226
HS	692	0	4	6230
HS	691	0	10	6240
HS	690	0	13	6253
HS	689	0	17	6270
HS	688	0	14	6284
HS	687	0	8	6292
HS	686	0	12	6304
HS	685	0	17	6321
HS	684	0	10	6331
HS	683	0	13	6344
HS	682	0	15	6359
HS	681	0	17	6376
HS	680	0	13	6389
HS	679	0	18	6407
HS	678	0	12	6419
HS	677	0	16	6435
HS	676	0	14	6449
HS	675	0	15	6464
HS	674	0	18	6482
HS	673	0	22	6504
HS	672	0	20	6524
HS	671	0	18	6542
HS	670	0	25	6567
HS	669	0	21	6588
HS	668	0	14	6602
HS	667	0	14	6616
HS	666	0	11	6627
HS	665	0	11	6638
HS	664	0	11	6649
HS	663	0	16	6665
HS	662	0	23	6688
HS	661	0	11	6699
HS	660	0	13	6712
HS	659	0	12	6724
HS	658	0	16	6740
HS	657	0	13	6753
HS	656	0	15	6768
HS	655	0	13	6781
HS	654	0	9	6790
HS	653	0	21	6811
HS	652	0	18	6829
HS	651	0	14	6843
HS	650	0	15	6858
HS	649	0	14	6872
HS	648	0	11	6883
HS	647	0	9	6892
HS	646	0	7	6899
HS	645	0	17	6916
HS	644	0	14	6930
HS	643	0	11	6941
HS	642	0	10	6951
HS	641	0	7	6958
HS	640	0	11	6969
HS	639	0	16	6985
HS	638	0	8	6993
HS	637	0	8	7001
HS	636	0	18	7019
HS	635	0	12	7031
HS	634	0	20	7051
HS	633	0	7	7058
HS	632	0	17	7075
HS	631	0	17	7092
HS	630	0	13	7105
HS	629	0	18	7123
HS	628	0	9	7132
HS	627	0	13	7145
HS	626	0	15	7160
HS	625	0	14	7174
HS	624	0	17	7191
HS	623	0	15	7206
HS	622	0	16	7222
HS	621	0	18	7240
HS	620	0	12	7252
HS	619	0	8	7260
HS	618	0	6	7266
HS	617	0	11	7277
HS	616	0	10	7287
HS	615	0	7	7294
HS	614	0	17	7311
HS	613	0	12	7323
HS	612	0	6	7329
HS	611	0	7	7336
HS	610	0	14	7350
HS	609	0	12	7362
HS	608	0	11	7373
HS	607	0	14	7387
HS	606	0	12	7399
HS	605	0	11	7410
HS	604	0	16	7426
HS	603	0	13	7439
HS	602	0	14	7453
HS	601	0	10	7463
HS	600	0	12	7475
HS	599	0	8	7483
HS	598	0	11	7494
HS	597	0	17	7511
HS	596	0	6	7517
HS	595	0	13	7530
HS	594	0	15	7545
HS	593	0	12	7557
HS	592	0	14	7571
HS	591	0	11	7582
HS	590	0	13	7595
HS	589	0	11	7606
HS	588	0	10	7616
HS	587	0	11	7627
HS	586	0	12	7639
HS	585	0	22	7661
HS	584	0	13	7674
HS	583	0	15	7689
HS	582	0	15	7704
HS	581	0	12	7716
HS	580	0	12	7728
HS	579	0	11	7739
HS	578	0	18	7757
HS	577	0	22	7779
HS	576	0	12	7791
HS	575	0	15	7806
HS	574	0	25	7831
HS	573	0	22	7853
HS	572	0	13	7866
HS	571	0	18	7884
HS	570	0	19	7903
HS	569	0	19	7922
HS	568	0	19	7941
HS	567	0	16	7957
HS	566	0	22	7979
HS	565	0	25	8004
HS	564	0	19	8023
HS	563	0	23	8046
HS	562	0	21	8067
HS	561	0	23	8090
HS	560	0	25	8115
HS	559	0	23	8138
HS	558	0	17	8155
HS	557	0	32	8187
HS	556	0	11	8198
HS	555	0	25	8223
HS	554	0	26	8249
HS	553	0	18	8267
HS	552	0	17	8284
HS	551	0	14	8298
HS	550	0	17	8315
HS	549	0	13	8328
HS	548	0	24	8352
HS	547	0	18	8370
HS	546	0	25	8395
HS	545	0	17	8412
HS	544	0	13	8425
HS	543	0	18	8443
HS	542	0	23	8466
HS	541	0	15	8481
HS	540	0	19	8500
HS	539	0	21	8521
HS	538	0	21	8542
HS	537	0	24	8566
HS	536	0	25	8591
HS	535	0	33	8624
HS	534	0	24	8648
HS	533	0	12	8660
HS	532	0	22	8682
HS	531	0	19	8701
HS	530	0	18	8719
HS	529	0	25	8744
HS	528	0	36	8780
HS	527	0	14	8794
HS	526	0	26	8820
HS	525	0	29	8849
HS	524	0	22	8871
HS	523	0	24	8895
HS	522	0	38	8933
HS	521	0	29	8962
HS	520	0	27	8989
HS	519	0	26	9015
HS	518	0	22	9037
HS	517	0	23	9060
HS	516	0	22	9082
HS	515	0	25	9107
HS	514	0	18	9125
HS	513	0	19	9144
HS	512	0	20	9164
HS	511	0	31	9195
HS	510	0	24	9219
HS	509	0	27	9246
HS	508	0	24	9270
HS	507	0	22	9292
HS	506	0	25	9317
HS	505	0	17	9334
HS	504	0	41	9375
HS	503	0	38	9413
HS	502	0	33	9446
HS	501	0	33	9479
HS	500	0	36	9515
HS	499	0	22	9537
HS	498	0	20	9557
HS	497	0	26	9583
HS	496	0	28	9611
HS	495	0	32	9643
HS	494	0	23	9666
HS	493	0	21	9687
HS	492	0	34	9721
HS	491	0	30	9751
HS	490	0	34	9785
HS	489	0	20	9805
HS	488	0	20	9825
HS	487	0	27	9852
HS	486	0	38	9890
HS	485	0	26	9916
HS	484	0	36	9952
HS	483	0	36	9988
HS	482	0	33	10021
HS	481	0	35	10056
HS	480	0	25	10081
HS	479	0	34	10115
HS	478	0	32	10147
HS	477	0	34	10181
HS	476	0	23	10204
HS	475	0	18	10222
HS	474	0	28	10250
HS	473	0	22	10272
HS	472	0	18	10290
HS	471	0	26	10316
HS	470	0	20	10336
HS	469	0	28	10364
HS	468	0	19	10383
HS	467	0	27	10410
HS	466	0	22	10432
HS	465	0	23	10455
HS	464	0	27	10482
HS	463	0	27	10509
HS	462	0	21	10530
HS	461	0	32	10562
HS	460	0	22	10584
HS	459	0	31	10615
HS	458	0	31	10646
HS	457	0	37	10683
HS	456	0	28	10711
HS	455	0	34	10745
HS	454	0	32	10777
HS	453	0	43	10820
HS	452	0	40	10860
HS	451	0	42	10902
HS	450	0	35	10937
HS	449	0	45	10982
HS	448	0	29	11011
HS	447	0	35	11046
HS	446	0	37	11083
HS	445	0	29	11112
HS	444	0	33	11145
HS	443	0	33	11178
HS	442	0	29	11207
HS	441	0	46	11253
HS	440	0	32	11285
HS	439	0	43	11328
HS	438	0	37	11365
HS	437	0	37	11402
HS	436	0	36	11438
HS	435	0	33	11471
HS	434	0	36	11507
HS	433	0	24	11531
HS	432	0	49	11580
HS	431	0	35	11615
HS	430	0	34	11649
HS	429	0	38	11687
HS	428	0	37	11724
HS	427	0	24	11748
HS	426	0	28	11776
HS	425	0	34	11810
HS	424	0	29	11839
HS	423	0	30	11869
HS	422	0	33	11902
HS	421	0	39	11941
HS	420	0	40	11981
HS	419	0	44	12025
HS	418	0	34	12059
HS	417	0	24	12083
HS	416	0	32	12115
HS	415	0	39	12154
HS	414	0	38	12192
HS	413	0	49	12241
HS	412	0	46	12287
HS	411	0	33	12320
HS	410	0	48	12368
HS	409	0	47	12415
HS	408	0	57	12472
HS	407	0	57	12529
HS	406	0	59	12588
HS	405	0	56	12644
HS	404	0	61	12705
HS	403	0	69	12774
HS	402	0	58	12832
HS	401	0	79	12911
HS	400	0	49	12960
HS	399	0	51	13011
HS	398	0	40	13051
HS	397	0	59	13110
HS	396	0	55	13165
HS	395	0	63	13228
HS	394	0	56	13284
HS	393	0	61	13345
HS	392	0	44	13389
HS	391	0	54	13443
HS	390	0	56	13499
HS	389	0	60	13559
HS	388	0	57	13616
HS	387	0	58	13674
HS	386	0	47	13721
HS	385	0	55	13776
HS	384	0	61	13837
HS	383	0	54	13891
HS	382	0	57	13948
HS	381	0	55	14003
HS	380	0	59	14062
HS	379	0	66	14128
HS	378	0	71	14199
HS	377	0	98	14297
HS	376	0	77	14374
HS	375	0	88	14462
HS	374	0	80	14542
HS	373	0	74	14616
HS	372	0	94	14710
HS	371	0	92	14802
HS	370	0	90	14892
HS	369	0	81	14973
HS	368	0	78	15051
HS	367	0	76	15127
HS	366	0	83	15210
HS	365	0	75	15285
HS	364	0	89	15374
HS	363	0	73	15447
HS	362	0	93	15540
HS	361	0	88	15628
HS	360	0	78	15706
HS	359	0	99	15805
HS	358	0	96	15901
HS	357	0	80	15981
HS	356	0	87	16068
HS	355	0	98	16166
HS	354	0	90	16256
HS	353	0	97	16353
HS	352	0	96	16449
HS	351	0	97	16546
HS	350	0	101	16647
HS	349	0	99	16746
HS	348	0	108	16854
HS	347	0	87	16941
HS	346	0	91	17032
HS	345	0	82	17114
HS	344	0	103	17217
HS	343	0	97	17314
HS	342	0	97	17411
HS	341	0	104	17515
HS	340	0	105	17620
HS	339	0	113	17733
HS	338	0	108	17841
HS	337	0	112	17953
HS	336	0	113	18066
HS	335	0	124	18190
HS	334	0	119	18309
HS	333	0	142	18451
HS	332	0	138	18589
HS	331	0	164	18753
HS	330	0	138	18891
HS	329	0	152	19043
HS	328	0	131	19174
HS	327	0	144	19318
HS	326	0	122	19440
HS	325	0	124	19564
HS	324	0	133	19697
HS	323	0	133	19830
HS	322	0	119	19949
HS	321	0	137	20086
HS	320	0	117	20203
HS	319	0	151	20354
HS	318	0	117	20471
HS	317	0	110	20581
HS	316	0	141	20722
HS	315	0	132	20854
HS	314	0	139	20993
HS	313	0	143	21136
HS	312	0	122	21258
HS	311	0	148	21406
HS	310	0	146	21552
HS	309	0	144	21696
HS	308	0	126	21822
HS	307	0	133	21955
HS	306	0	160	22115
HS	305	0	129	22244
HS	304	0	155	22399
HS	303	0	131	22530
HS	302	0	141	22671
HS	301	0	136	22807
HS	300	0	111	22918
HS	299	0	140	23058
HS	298	0	153	23211
HS	297	0	147	23358
HS	296	0	176	23534
HS	295	0	146	23680
HS	294	0	172	23852
HS	293	0	170	24022
HS	292	0	209	24231
HS	291	0	169	24400
HS	290	0	158	24558
HS	289	0	176	24734
HS	288	0	195	24929
HS	287	0	191	25120
HS	286	0	191	25311
HS	285	0	164	25475
HS	284	0	149	25624
HS	283	0	170	25794
HS	282	0	172	25966
HS	281	0	183	26149
HS	280	0	207	26356
HS	279	0	219	26575
HS	278	0	223	26798
HS	277	0	222	27020
HS	276	0	205	27225
HS	275	0	225	27450
HS	274	0	230	27680
HS	273	0	263	27943
HS	272	0	263	28206
HS	271	0	254	28460
HS	270	0	266	28726
HS	269	0	254	28980
HS	268	0	292	29272
HS	267	0	288	29560
HS	266	0	281	29841
HS	265	0	318	30159
HS	264	0	339	30498
HS	263	0	371	30869
HS	262	0	345	31214
HS	261	0	351	31565
HS	260	0	336	31901
HS	259	0	401	32302
HS	258	0	387	32689
HS	257	0	393	33082
HS	256	0	342	33424
HS	255	0	421	33845
HS	254	0	382	34227
HS	253	0	371	34598
HS	252	0	451	35049
HS	251	0	411	35460
HS	250	0	474	35934
HS	249	0	473	36407
HS	248	0	482	36889
HS	247	0	420	37309
HS	246	0	531	37840
HS	245	0	585	38425
HS	244	0	603	39028
HS	243	0	628	39656
HS	242	0	659	40315
HS	241	0	657	40972
HS	240	0	684	41656
HS	239	0	760	42416
HS	238	0	792	43208
HS	237	0	874	44082
HS	236	0	944	45026
HS	235	0	918	45944
HS	234	0	955	46899
HS	233	0	1013	47912
HS	232	0	1160	49072
HS	231	0	1059	50131
HS	230	0	1173	51304
HS	229	0	1246	52550
HS	228	0	1267	53817
HS	227	0	1274	55091
HS	226	0	1336	56427
HS	225	0	1369	57796
HS	224	0	1562	59358
HS	223	0	1660	61018
HS	222	0	1715	62733
HS	221	0	1871	64604
HS	220	0	1844	66448
HS	219	0	1993	68441
HS	218	0	2050	70491
HS	217	0	2247	72738
HS	216	0	2307	75045
HS	215	0	2504	77549
HS	214	0	2633	80182
HS	213	0	2873	83055
HS	212	0	2975	86030
HS	211	0	3172	89202
HS	210	0	3299	92501
HS	209	0	3648	96149
HS	208	0	3825	99974
HS	207	0	3885	103859
HS	206	0	4081	107940
HS	205	0	4284	112224
HS	204	0	4384	116608
HS	203	0	4742	121350
HS	202	0	5031	126381
HS	201	0	5133	131514
HS	200	0	5470	136984
HS	199	0	5809	142793
HS	198	0	6097	148890
HS	197	0	6325	155215
HS	196	0	6763	161978
HS	195	0	7200	169178
HS	194	0	7627	176805
HS	193	0	8187	184992
HS	192	0	8597	193589
HS	191	0	9143	202732
HS	190	0	9720	212452
HS	189	0	10098	222550
HS	188	0	10871	233421
HS	187	0	11382	244803
HS	186	0	11989	256792
HS	185	0	12826	269618
HS	184	0	13277	282895
HS	183	0	13917	296812
HS	182	0	14848	311660
HS	181	0	15386	327046
HS	180	0	16312	343358
HS	179	0	17296	360654
HS	178	0	17589	378243
HS	177	0	18246	396489
HS	176	0	19198	415687
HS	175	0	20182	435869
HS	174	0	20943	456812
HS	173	0	22322	479134
HS	172	0	23324	502458
HS	171	0	24517	526975
HS	170	0	25723	552698
HS	169	0	26952	579650
HS	168	0	27716	607366
HS	167	0	29032	636398
HS	166	0	30049	666447
HS	165	0	31519	697966
HS	164	0	33033	730999
HS	163	0	33559	764558
HS	162	0	34870	799428
HS	161	0	36268	835696
HS	160	0	37892	873588
HS	159	0	39303	912891
HS	158	0	40606	953497
HS	157	0	42167	995664
HS	156	0	43231	1038895
HS	155	0	45184	1084079
HS	154	0	46388	1130467
HS	153	0	48093	1178560
HS	152	0	49756	1228316
HS	151	0	51232	1279548
HS	150	0	52670	1332218
HS	149	0	54263	1386481
HS	148	0	55088	1441569
HS	147	0	56132	1497701
HS	146	0	57674	1555375
HS	145	0	58809	1614184
HS	144	0	60052	1674236
HS	143	0	61080	1735316
HS	142	0	62769	1798085
HS	141	0	63867	1861952
HS	140	0	64782	1926734
HS	139	0	66250	1992984
HS	138	0	67328	2060312
HS	137	0	68017	2128329
HS	136	0	68798	2197127
HS	135	0	69766	2266893
HS	134	0	70447	2337340
HS	133	0	71243	2408583
HS	132	0	72336	2480919
HS	131	0	72288	2553207
HS	130	0	72457	2625664
HS	129	0	73618	2699282
HS	128	0	72700	2771982
HS	127	0	72808	2844790
HS	126	0	72726	2917516
HS	125	0	72789	2990305
HS	124	0	73963	3064268
HS	123	0	73106	3137374
HS	122	0	72316	3209690
HS	121	0	71435	3281125
HS	120	0	70972	3352097
HS	119	0	70480	3422577
HS	118	0	70392	3492969
HS	117	0	69004	3561973
HS	116	0	68370	3630343
HS	115	0	66308	3696651
HS	114	0	65428	3762079
HS	113	0	63889	3825968
HS	112	0	63198	3889166
HS	111	0	61163	3950329
HS	110	0	59881	4010210
HS	109	0	58069	4068279
HS	108	0	56482	4124761
HS	107	0	54522	4179283
HS	106	0	53545	4232828
HS	105	0	51520	4284348
HS	104	0	50198	4334546
HS	103	0	47936	4382482
HS	102	0	46921	4429403
HS	101	0	44724	4474127
HS	100	0	43150	4517277
HS	99	0	40959	4558236
HS	98	0	39230	4597466
HS	97	0	37189	4634655
HS	96	0	35383	4670038
HS	95	0	33792	4703830
HS	94	0	31830	4735660
HS	93	0	30320	4765980
HS	92	0	28202	4794182
HS	91	0	26815	4820997
HS	90	0	25120	4846117
HS	89	0	23276	4869393
HS	88	0	21344	4890737
HS	87	0	19771	4910508
HS	86	0	18149	4928657
HS	85	0	17105	4945762
HS	84	0	15927	4961689
HS	83	0	14921	4976610
HS	82	0	13848	4990458
HS	81	0	12890	5003348
HS	80	0	11703	5015051
HS	79	0	10724	5025775
HS	78	0	10098	5035873
HS	77	0	8956	5044829
HS	76	0	8215	5053044
HS	75	0	7506	5060550
HS	74	0	6876	5067426
HS	73	0	6188	5073614
HS	72	0	5690	5079304
HS	71	0	5210	5084514
HS	70	0	4679	5089193
HS	69	0	4248	5093441
HS	68	0	3704	5097145
HS	67	0	3148	5100293
HS	66	0	2913	5103206
HS	65	0	2649	5105855
HS	64	0	2478	5108333
HS	63	0	2165	5110498
HS	62	0	1944	5112442
HS	61	0	1699	5114141
HS	60	0	1547	5115688
HS	59	0	1379	5117067
HS	58	0	1207	5118274
HS	57	0	1078	5119352
HS	56	0	882	5120234
HS	55	0	775	5121009
HS	54	0	734	5121743
HS	53	0	629	5122372
HS	52	0	583	5122955
HS	51	0	591	5123546
HS	50	0	485	5124031
HS	49	0	437	5124468
HS	48	0	415	5124883
HS	47	0	401	5125284
HS	46	0	358	5125642
HS	45	0	325	5125967
HS	44	0	320	5126287
HS	43	0	273	5126560
HS	42	0	287	5126847
HS	41	0	310	5127157
HS	40	0	307	5127464
HS	39	0	279	5127743
HS	38	0	250	5127993
HS	37	0	227	5128220
HS	36	0	257	5128477
HS	35	0	241	5128718
HS	34	0	227	5128945
HS	33	0	233	5129178
HS	32	0	195	5129373
HS	31	0	201	5129574
HS	30	0	269	5129843
HS	29	0	271	5130114
HS	28	0	282	5130396
HS	27	0	310	5130706
HS	26	0	315	5131021
HS	25	0	317	5131338
HS	24	0	390	5131728
HS	23	0	474	5132202
HS	22	0	515	5132717
HS	21	0	551	5133268
HS	20	0	664	5133932
HS	19	0	679	5134611
HS	18	0	1013	5135624
HS	17	0	1022	5136646
HS	16	0	1284	5137930
HS	15	0	1548	5139478
HS	14	0	1967	5141445
HS	13	0	2375	5143820
HS	12	0	3039	5146859
HS	11	0	3871	5150730
HS	10	0	5239	5155969
HS	9	0	8257	5164226
HS	8	0	11920	5176146
HS	7	0	20016	5196162
HS	6	0	36508	5232670
HS	5	0	77849	5310519
HS	4	0	211481	5522000
HS	3	0	737405	6259405
HS	2	0	5639231	11898636
HS	1	0	0	11898636
HS	0	0	0	11898636
