CC	CT  kmer_occurrence    short_read_kmer_count  raw_input_kmer_count  adjusted_input_kmer_count
CC	FR  fpr_lower_bound    fpr_upper_bound
CC	ER  total_input_kmers  adjusted_error_kmers
CC	CV  coverage
CC	QV  raw_quality_value  adjusted_quality_value
CC
SQ	CP126092.1	5348884	5348854	5348369	55.34
CT	1023	9327	116931	116931.000
CT	1022	16	150	150.000
CT	1021	8	79	79.000
CT	1020	15	143	143.000
CT	1019	5	47	47.000
CT	1018	10	95	95.000
CT	1017	15	146	146.000
CT	1016	16	147	147.000
CT	1015	8	61	61.000
CT	1014	8	59	59.000
CT	1013	9	79	79.000
CT	1012	13	125	125.000
CT	1011	8	72	72.000
CT	1010	6	49	49.000
CT	1009	7	34	34.000
CT	1008	11	116	116.000
CT	1007	10	70	70.000
CT	1006	12	96	96.000
CT	1005	5	38	38.000
CT	1004	15	97	97.000
CT	1003	7	51	51.000
CT	1002	10	76	76.000
CT	1001	8	62	62.000
CT	1000	7	46	46.000
CT	999	9	62	62.000
CT	998	4	21	21.000
CT	997	7	57	57.000
CT	996	4	21	21.000
CT	995	8	45	45.000
CT	994	5	38	38.000
CT	993	7	57	57.000
CT	992	9	47	47.000
CT	991	5	27	27.000
CT	990	8	40	40.000
CT	989	10	77	77.000
CT	988	9	74	74.000
CT	987	5	38	38.000
CT	986	10	59	59.000
CT	985	8	65	65.000
CT	984	6	32	32.000
CT	983	8	59	59.000
CT	982	17	144	144.000
CT	981	7	53	53.000
CT	980	10	88	88.000
CT	979	8	50	50.000
CT	978	10	71	71.000
CT	977	11	71	71.000
CT	976	14	116	116.000
CT	975	20	144	144.000
CT	974	9	82	82.000
CT	973	11	64	64.000
CT	972	12	81	81.000
CT	971	5	30	30.000
CT	970	8	57	57.000
CT	969	9	56	56.000
CT	968	12	81	81.000
CT	967	12	62	62.000
CT	966	7	35	35.000
CT	965	12	91	91.000
CT	964	9	53	53.000
CT	963	10	86	86.000
CT	962	9	66	66.000
CT	961	7	40	40.000
CT	960	11	58	58.000
CT	959	10	61	61.000
CT	958	13	80	80.000
CT	957	3	23	23.000
CT	956	10	86	86.000
CT	955	10	49	49.000
CT	954	12	76	76.000
CT	953	8	49	49.000
CT	952	8	59	59.000
CT	951	7	54	54.000
CT	950	7	49	49.000
CT	949	10	74	74.000
CT	948	4	19	19.000
CT	947	7	58	58.000
CT	946	6	33	33.000
CT	945	2	28	28.000
CT	944	19	147	147.000
CT	943	14	99	99.000
CT	942	3	27	27.000
CT	941	7	54	54.000
CT	940	9	83	83.000
CT	939	4	48	48.000
CT	938	2	13	13.000
CT	937	4	29	29.000
CT	936	7	42	42.000
CT	935	7	59	59.000
CT	934	5	24	24.000
CT	933	9	69	69.000
CT	932	12	83	83.000
CT	931	5	36	36.000
CT	930	9	68	68.000
CT	929	7	62	62.000
CT	928	7	58	58.000
CT	927	5	39	39.000
CT	926	7	65	65.000
CT	925	5	33	33.000
CT	924	6	29	29.000
CT	923	4	36	36.000
CT	922	7	60	60.000
CT	921	6	64	64.000
CT	920	7	34	34.000
CT	919	4	38	38.000
CT	918	7	47	47.000
CT	917	6	35	35.000
CT	916	10	52	52.000
CT	915	9	47	47.000
CT	914	6	32	32.000
CT	913	9	37	37.000
CT	912	8	44	44.000
CT	911	5	27	27.000
CT	910	7	32	32.000
CT	909	4	27	27.000
CT	908	6	36	36.000
CT	907	8	39	39.000
CT	906	7	41	41.000
CT	905	10	41	41.000
CT	904	10	52	52.000
CT	903	4	20	20.000
CT	902	8	37	37.000
CT	901	14	74	74.000
CT	900	9	47	47.000
CT	899	6	27	27.000
CT	898	9	43	43.000
CT	897	15	86	86.000
CT	896	9	62	62.000
CT	895	12	80	80.000
CT	894	14	78	78.000
CT	893	8	47	47.000
CT	892	15	85	85.000
CT	891	10	52	52.000
CT	890	10	56	56.000
CT	889	20	116	116.000
CT	888	15	98	98.000
CT	887	10	57	57.000
CT	886	14	82	82.000
CT	885	18	105	105.000
CT	884	15	73	73.000
CT	883	15	93	93.000
CT	882	9	37	37.000
CT	881	12	80	80.000
CT	880	12	62	62.000
CT	879	10	65	65.000
CT	878	16	93	93.000
CT	877	14	70	70.000
CT	876	12	68	68.000
CT	875	9	61	61.000
CT	874	13	79	79.000
CT	873	5	28	28.000
CT	872	12	76	76.000
CT	871	8	38	38.000
CT	870	7	39	39.000
CT	869	6	29	29.000
CT	868	9	45	45.000
CT	867	5	23	23.000
CT	866	6	34	34.000
CT	865	8	37	37.000
CT	864	11	59	59.000
CT	863	11	53	53.000
CT	862	12	62	62.000
CT	861	10	45	45.000
CT	860	5	25	25.000
CT	859	12	53	53.000
CT	858	9	44	44.000
CT	857	16	80	80.000
CT	856	9	44	44.000
CT	855	7	34	34.000
CT	854	8	37	37.000
CT	853	13	66	66.000
CT	852	7	35	35.000
CT	851	12	60	60.000
CT	850	9	44	44.000
CT	849	13	64	64.000
CT	848	9	52	52.000
CT	847	6	28	28.000
CT	846	12	67	67.000
CT	845	12	58	58.000
CT	844	11	54	54.000
CT	843	10	35	35.000
CT	842	8	40	40.000
CT	841	11	52	52.000
CT	840	10	54	54.000
CT	839	8	40	40.000
CT	838	8	37	37.000
CT	837	8	38	38.000
CT	836	9	40	40.000
CT	835	11	49	49.000
CT	834	7	40	40.000
CT	833	7	33	33.000
CT	832	7	41	41.000
CT	831	7	31	31.000
CT	830	3	13	13.000
CT	829	9	53	53.000
CT	828	5	21	21.000
CT	827	8	50	50.000
CT	826	5	24	24.000
CT	825	7	35	35.000
CT	824	13	62	62.000
CT	823	6	29	29.000
CT	822	8	39	39.000
CT	821	4	28	28.000
CT	820	6	34	34.000
CT	819	7	36	36.000
CT	818	3	16	16.000
CT	817	3	14	14.000
CT	816	15	74	74.000
CT	815	9	40	40.000
CT	814	15	70	70.000
CT	813	12	63	63.000
CT	812	8	39	39.000
CT	811	7	32	32.000
CT	810	5	26	26.000
CT	809	7	33	33.000
CT	808	5	24	24.000
CT	807	3	16	16.000
CT	806	14	68	68.000
CT	805	4	21	21.000
CT	804	8	37	37.000
CT	803	7	31	31.000
CT	802	10	48	48.000
CT	801	10	45	45.000
CT	800	10	48	48.000
CT	799	9	38	38.000
CT	798	9	37	37.000
CT	797	10	39	39.000
CT	796	13	64	64.000
CT	795	14	61	61.000
CT	794	11	54	54.000
CT	793	6	24	24.000
CT	792	10	49	49.000
CT	791	16	71	71.000
CT	790	15	62	62.000
CT	789	8	36	36.000
CT	788	14	64	64.000
CT	787	12	57	57.000
CT	786	10	46	46.000
CT	785	11	55	55.000
CT	784	18	81	81.000
CT	783	9	40	40.000
CT	782	14	66	66.000
CT	781	12	54	54.000
CT	780	21	101	101.000
CT	779	17	73	73.000
CT	778	7	33	33.000
CT	777	13	55	55.000
CT	776	15	68	68.000
CT	775	7	32	32.000
CT	774	13	57	57.000
CT	773	15	65	65.000
CT	772	18	84	84.000
CT	771	24	106	106.000
CT	770	18	81	81.000
CT	769	15	66	66.000
CT	768	13	62	62.000
CT	767	14	66	66.000
CT	766	12	55	55.000
CT	765	9	39	39.000
CT	764	17	76	76.000
CT	763	10	45	45.000
CT	762	17	78	78.000
CT	761	18	84	84.000
CT	760	21	88	88.000
CT	759	12	53	53.000
CT	758	23	108	108.000
CT	757	20	83	83.000
CT	756	12	52	52.000
CT	755	12	52	52.000
CT	754	17	76	76.000
CT	753	13	59	59.000
CT	752	19	84	84.000
CT	751	17	77	77.000
CT	750	21	92	92.000
CT	749	14	55	55.000
CT	748	28	122	122.000
CT	747	19	77	77.000
CT	746	19	94	94.000
CT	745	18	74	74.000
CT	744	11	51	51.000
CT	743	13	66	66.000
CT	742	10	48	48.000
CT	741	16	66	66.000
CT	740	11	52	52.000
CT	739	13	55	55.000
CT	738	7	27	27.000
CT	737	16	57	57.000
CT	736	17	74	74.000
CT	735	14	49	49.000
CT	734	9	34	34.000
CT	733	13	43	43.000
CT	732	11	49	49.000
CT	731	20	88	88.000
CT	730	18	79	79.000
CT	729	12	63	63.000
CT	728	15	73	73.000
CT	727	22	86	86.000
CT	726	12	58	58.000
CT	725	14	61	61.000
CT	724	14	58	58.000
CT	723	13	57	57.000
CT	722	18	83	83.000
CT	721	17	76	76.000
CT	720	24	114	114.000
CT	719	12	57	57.000
CT	718	15	65	65.000
CT	717	23	109	109.000
CT	716	16	77	77.000
CT	715	20	96	96.000
CT	714	16	76	76.000
CT	713	16	75	75.000
CT	712	17	81	81.000
CT	711	19	89	89.000
CT	710	24	112	112.000
CT	709	15	62	62.000
CT	708	11	54	54.000
CT	707	19	86	86.000
CT	706	13	52	52.000
CT	705	16	69	69.000
CT	704	9	39	39.000
CT	703	20	86	86.000
CT	702	16	82	82.000
CT	701	10	45	45.000
CT	700	14	62	62.000
CT	699	13	62	62.000
CT	698	11	47	47.000
CT	697	13	55	55.000
CT	696	14	61	61.000
CT	695	17	73	73.000
CT	694	17	74	74.000
CT	693	16	81	81.000
CT	692	15	66	66.000
CT	691	16	68	68.000
CT	690	16	68	68.000
CT	689	17	82	82.000
CT	688	12	60	60.000
CT	687	13	65	65.000
CT	686	17	85	85.000
CT	685	20	88	88.000
CT	684	23	98	98.000
CT	683	17	70	70.000
CT	682	16	76	76.000
CT	681	18	68	68.000
CT	680	14	56	56.000
CT	679	18	72	72.000
CT	678	25	105	105.000
CT	677	11	43	43.000
CT	676	17	70	70.000
CT	675	24	109	109.000
CT	674	26	109	109.000
CT	673	11	46	46.000
CT	672	18	75	75.000
CT	671	6	23	23.000
CT	670	23	90	90.000
CT	669	19	78	78.000
CT	668	22	95	95.000
CT	667	17	64	64.000
CT	666	15	63	63.000
CT	665	22	87	87.000
CT	664	23	93	93.000
CT	663	28	106	106.000
CT	662	16	69	69.000
CT	661	25	119	119.000
CT	660	15	62	62.000
CT	659	29	112	112.000
CT	658	17	72	72.000
CT	657	24	96	96.000
CT	656	18	72	72.000
CT	655	24	97	97.000
CT	654	22	97	97.000
CT	653	30	118	118.000
CT	652	17	63	63.000
CT	651	24	98	98.000
CT	650	22	81	81.000
CT	649	15	59	59.000
CT	648	13	51	51.000
CT	647	25	98	98.000
CT	646	14	55	55.000
CT	645	18	78	78.000
CT	644	24	92	92.000
CT	643	16	56	56.000
CT	642	23	93	93.000
CT	641	16	57	57.000
CT	640	19	74	74.000
CT	639	21	74	74.000
CT	638	20	68	68.000
CT	637	19	68	68.000
CT	636	21	79	79.000
CT	635	20	79	79.000
CT	634	30	116	116.000
CT	633	15	54	54.000
CT	632	24	95	95.000
CT	631	20	77	77.000
CT	630	25	99	99.000
CT	629	26	95	95.000
CT	628	20	77	77.000
CT	627	31	110	110.000
CT	626	28	109	109.000
CT	625	35	133	133.000
CT	624	27	101	101.000
CT	623	24	94	94.000
CT	622	31	116	116.000
CT	621	25	97	97.000
CT	620	32	109	109.000
CT	619	24	80	80.000
CT	618	17	57	57.000
CT	617	32	117	117.000
CT	616	16	62	62.000
CT	615	23	81	81.000
CT	614	24	98	98.000
CT	613	26	88	88.000
CT	612	15	50	50.000
CT	611	22	79	79.000
CT	610	30	107	107.000
CT	609	19	69	69.000
CT	608	11	33	33.000
CT	607	18	67	67.000
CT	606	31	110	110.000
CT	605	22	73	73.000
CT	604	30	104	104.000
CT	603	32	111	111.000
CT	602	25	77	77.000
CT	601	21	76	76.000
CT	600	23	71	71.000
CT	599	30	93	93.000
CT	598	18	61	61.000
CT	597	21	67	67.000
CT	596	32	107	107.000
CT	595	27	102	102.000
CT	594	26	89	89.000
CT	593	24	91	91.000
CT	592	21	71	71.000
CT	591	22	75	75.000
CT	590	27	74	74.000
CT	589	15	51	51.000
CT	588	21	59	59.000
CT	587	18	56	56.000
CT	586	24	68	68.000
CT	585	21	61	61.000
CT	584	20	57	57.000
CT	583	25	87	87.000
CT	582	19	63	63.000
CT	581	23	79	79.000
CT	580	22	73	73.000
CT	579	25	78	78.000
CT	578	24	84	84.000
CT	577	14	40	40.000
CT	576	19	65	65.000
CT	575	14	46	46.000
CT	574	27	99	99.000
CT	573	18	58	58.000
CT	572	14	42	42.000
CT	571	6	20	20.000
CT	570	9	29	29.000
CT	569	12	38	38.000
CT	568	10	31	31.000
CT	567	15	47	47.000
CT	566	18	57	57.000
CT	565	15	52	52.000
CT	564	13	37	37.000
CT	563	19	46	46.000
CT	562	16	41	41.000
CT	561	22	60	60.000
CT	560	12	41	41.000
CT	559	16	55	55.000
CT	558	10	29	29.000
CT	557	9	27	27.000
CT	556	12	35	35.000
CT	555	15	46	46.000
CT	554	23	76	76.000
CT	553	16	47	47.000
CT	552	19	47	47.000
CT	551	9	29	29.000
CT	550	13	38	38.000
CT	549	15	40	40.000
CT	548	16	53	53.000
CT	547	17	53	53.000
CT	546	15	45	45.000
CT	545	16	41	41.000
CT	544	11	25	25.000
CT	543	11	32	32.000
CT	542	8	25	25.000
CT	541	18	57	57.000
CT	540	15	48	48.000
CT	539	16	46	46.000
CT	538	20	53	53.000
CT	537	18	42	42.000
CT	536	22	59	59.000
CT	535	17	49	49.000
CT	534	21	54	54.000
CT	533	12	34	34.000
CT	532	30	86	86.000
CT	531	23	67	67.000
CT	530	21	57	57.000
CT	529	27	78	78.000
CT	528	24	76	76.000
CT	527	19	52	52.000
CT	526	31	89	89.000
CT	525	22	64	64.000
CT	524	24	57	57.000
CT	523	23	58	58.000
CT	522	15	43	43.000
CT	521	27	65	65.000
CT	520	34	80	80.000
CT	519	17	35	35.000
CT	518	40	108	108.000
CT	517	29	67	67.000
CT	516	40	99	99.000
CT	515	39	85	85.000
CT	514	49	119	119.000
CT	513	37	88	88.000
CT	512	35	93	93.000
CT	511	40	95	95.000
CT	510	39	103	103.000
CT	509	38	98	98.000
CT	508	49	121	121.000
CT	507	39	93	93.000
CT	506	42	98	98.000
CT	505	30	76	76.000
CT	504	39	110	110.000
CT	503	30	87	87.000
CT	502	34	88	88.000
CT	501	39	83	83.000
CT	500	43	94	94.000
CT	499	29	65	65.000
CT	498	34	81	81.000
CT	497	41	101	101.000
CT	496	35	90	90.000
CT	495	49	118	118.000
CT	494	58	143	143.000
CT	493	55	123	123.000
CT	492	41	104	104.000
CT	491	46	112	112.000
CT	490	49	118	118.000
CT	489	55	115	115.000
CT	488	46	92	92.000
CT	487	38	92	92.000
CT	486	51	111	111.000
CT	485	51	107	107.000
CT	484	55	130	130.000
CT	483	50	110	110.000
CT	482	46	101	101.000
CT	481	63	154	154.000
CT	480	54	128	128.000
CT	479	55	118	118.000
CT	478	46	107	107.000
CT	477	42	93	93.000
CT	476	52	105	105.000
CT	475	48	108	108.000
CT	474	48	107	107.000
CT	473	38	95	95.000
CT	472	49	117	117.000
CT	471	45	102	102.000
CT	470	36	70	70.000
CT	469	52	112	112.000
CT	468	53	110	110.000
CT	467	39	81	81.000
CT	466	44	105	105.000
CT	465	34	85	85.000
CT	464	42	91	91.000
CT	463	68	144	144.000
CT	462	74	163	163.000
CT	461	59	118	118.000
CT	460	62	126	126.000
CT	459	70	147	147.000
CT	458	59	112	112.000
CT	457	66	127	127.000
CT	456	70	135	135.000
CT	455	70	138	138.000
CT	454	74	135	135.000
CT	453	67	135	135.000
CT	452	98	184	184.000
CT	451	72	140	140.000
CT	450	82	160	160.000
CT	449	57	114	114.000
CT	448	58	113	113.000
CT	447	81	165	165.000
CT	446	66	129	129.000
CT	445	63	123	123.000
CT	444	73	147	147.000
CT	443	59	115	115.000
CT	442	71	124	124.000
CT	441	71	134	134.000
CT	440	55	95	95.000
CT	439	69	131	131.000
CT	438	69	120	120.000
CT	437	79	154	154.000
CT	436	70	137	137.000
CT	435	74	129	129.000
CT	434	68	121	121.000
CT	433	76	133	133.000
CT	432	65	125	125.000
CT	431	95	178	178.000
CT	430	83	140	140.000
CT	429	83	149	149.000
CT	428	102	188	188.000
CT	427	84	142	142.000
CT	426	92	153	153.000
CT	425	88	149	149.000
CT	424	101	174	174.000
CT	423	84	140	140.000
CT	422	87	145	145.000
CT	421	92	151	151.000
CT	420	133	216	216.000
CT	419	96	153	153.000
CT	418	100	158	158.000
CT	417	112	186	186.000
CT	416	111	160	160.000
CT	415	116	172	172.000
CT	414	139	204	204.000
CT	413	123	197	197.000
CT	412	116	178	178.000
CT	411	106	162	162.000
CT	410	92	134	134.000
CT	409	110	167	167.000
CT	408	109	157	157.000
CT	407	108	159	159.000
CT	406	125	183	183.000
CT	405	124	193	193.000
CT	404	111	169	169.000
CT	403	144	233	233.000
CT	402	138	213	213.000
CT	401	137	206	206.000
CT	400	135	223	223.000
CT	399	154	242	242.000
CT	398	162	260	260.000
CT	397	148	236	236.000
CT	396	174	257	257.000
CT	395	169	262	262.000
CT	394	186	290	290.000
CT	393	152	228	228.000
CT	392	180	286	286.000
CT	391	139	215	215.000
CT	390	171	250	250.000
CT	389	166	254	254.000
CT	388	164	244	244.000
CT	387	203	272	272.000
CT	386	175	255	255.000
CT	385	192	277	277.000
CT	384	223	315	315.000
CT	383	195	280	280.000
CT	382	221	301	301.000
CT	381	207	292	292.000
CT	380	235	313	313.000
CT	379	232	332	332.000
CT	378	231	324	324.000
CT	377	254	348	348.000
CT	376	277	380	380.000
CT	375	232	322	322.000
CT	374	286	377	377.000
CT	373	292	387	387.000
CT	372	303	408	408.000
CT	371	321	419	419.000
CT	370	307	438	438.000
CT	369	294	403	403.000
CT	368	318	429	429.000
CT	367	303	405	405.000
CT	366	365	480	480.000
CT	365	307	424	424.000
CT	364	363	459	459.000
CT	363	311	396	396.000
CT	362	330	434	434.000
CT	361	368	485	485.000
CT	360	353	466	466.000
CT	359	368	482	482.000
CT	358	368	483	483.000
CT	357	391	493	493.000
CT	356	374	465	465.000
CT	355	397	488	488.000
CT	354	413	505	505.000
CT	353	405	497	497.000
CT	352	419	541	541.000
CT	351	445	565	565.000
CT	350	440	539	539.000
CT	349	498	615	615.000
CT	348	515	638	638.000
CT	347	492	617	617.000
CT	346	570	685	685.000
CT	345	541	650	650.000
CT	344	555	677	677.000
CT	343	561	669	669.000
CT	342	585	713	713.000
CT	341	614	720	720.000
CT	340	669	798	798.000
CT	339	691	789	789.000
CT	338	644	741	741.000
CT	337	707	811	811.000
CT	336	777	879	879.000
CT	335	819	922	922.000
CT	334	826	932	932.000
CT	333	792	891	891.000
CT	332	796	891	891.000
CT	331	836	922	922.000
CT	330	910	1009	1009.000
CT	329	956	1042	1042.000
CT	328	964	1070	1070.000
CT	327	993	1092	1092.000
CT	326	1062	1170	1170.000
CT	325	1166	1259	1259.000
CT	324	1084	1195	1195.000
CT	323	1140	1271	1271.000
CT	322	1229	1356	1356.000
CT	321	1259	1373	1373.000
CT	320	1282	1401	1401.000
CT	319	1326	1450	1450.000
CT	318	1384	1507	1507.000
CT	317	1453	1574	1574.000
CT	316	1406	1516	1516.000
CT	315	1452	1569	1569.000
CT	314	1544	1649	1649.000
CT	313	1570	1671	1671.000
CT	312	1634	1726	1726.000
CT	311	1772	1882	1882.000
CT	310	1750	1834	1834.000
CT	309	1787	1859	1859.000
CT	308	1912	1988	1988.000
CT	307	2034	2131	2131.000
CT	306	2066	2154	2154.000
CT	305	2152	2253	2253.000
CT	304	2222	2301	2301.000
CT	303	2197	2278	2278.000
CT	302	2374	2457	2457.000
CT	301	2460	2537	2537.000
CT	300	2448	2522	2522.000
CT	299	2619	2690	2690.000
CT	298	2735	2822	2822.000
CT	297	2911	3000	3000.000
CT	296	2887	2981	2981.000
CT	295	3073	3170	3170.000
CT	294	3167	3261	3261.000
CT	293	3286	3375	3375.000
CT	292	3361	3432	3432.000
CT	291	3459	3549	3549.000
CT	290	3475	3546	3546.000
CT	289	3703	3816	3816.000
CT	288	3777	3862	3862.000
CT	287	3969	4079	4079.000
CT	286	4117	4220	4220.000
CT	285	4216	4312	4312.000
CT	284	4285	4398	4398.000
CT	283	4533	4646	4646.000
CT	282	4731	4823	4823.000
CT	281	4737	4826	4826.000
CT	280	4952	5039	5039.000
CT	279	5083	5159	5159.000
CT	278	5257	5346	5346.000
CT	277	5354	5453	5453.000
CT	276	5458	5533	5533.000
CT	275	5686	5772	5772.000
CT	274	5787	5877	5877.000
CT	273	6005	6055	6055.000
CT	272	6206	6265	6265.000
CT	271	6388	6452	6452.000
CT	270	6610	6662	6662.000
CT	269	7065	7135	7135.000
CT	268	6880	6925	6925.000
CT	267	7419	7488	7488.000
CT	266	7459	7502	7502.000
CT	265	7892	7985	7985.000
CT	264	7928	7997	7997.000
CT	263	8246	8322	8322.000
CT	262	8400	8478	8478.000
CT	261	8687	8759	8759.000
CT	260	8907	8949	8949.000
CT	259	9193	9252	9252.000
CT	258	9534	9621	9621.000
CT	257	9719	9783	9783.000
CT	256	9796	9847	9847.000
CT	255	10115	10183	10183.000
CT	254	10520	10578	10578.000
CT	253	10651	10720	10720.000
CT	252	10993	11061	11061.000
CT	251	11379	11446	11446.000
CT	250	11635	11699	11699.000
CT	249	11882	11927	11927.000
CT	248	12219	12283	12283.000
CT	247	12757	12814	12814.000
CT	246	13196	13240	13240.000
CT	245	13900	13948	13948.000
CT	244	14152	14206	14206.000
CT	243	14254	14302	14302.000
CT	242	14678	14723	14723.000
CT	241	15423	15461	15461.000
CT	240	15396	15435	15435.000
CT	239	16330	16373	16373.000
CT	238	16599	16640	16640.000
CT	237	16966	16993	16993.000
CT	236	17454	17487	17487.000
CT	235	18002	18040	18040.000
CT	234	18506	18551	18551.000
CT	233	18864	18909	18909.000
CT	232	19329	19368	19368.000
CT	231	20037	20067	20067.000
CT	230	20199	20237	20237.000
CT	229	20505	20536	20536.000
CT	228	20948	20968	20968.000
CT	227	21418	21436	21436.000
CT	226	21843	21869	21869.000
CT	225	22302	22318	22318.000
CT	224	22799	22809	22809.000
CT	223	23470	23474	23474.000
CT	222	24043	24049	24049.000
CT	221	24486	24499	24499.000
CT	220	24768	24787	24787.000
CT	219	25650	25663	25663.000
CT	218	25922	25945	25945.000
CT	217	26361	26372	26372.000
CT	216	26701	26716	26716.000
CT	215	27340	27364	27364.000
CT	214	27940	27941	27941.000
CT	213	28376	28393	28393.000
CT	212	29033	29046	29046.000
CT	211	29446	29448	29448.000
CT	210	29856	29861	29861.000
CT	209	31185	31195	31195.000
CT	208	31192	31201	31201.000
CT	207	32528	32535	32535.000
CT	206	32433	32437	32437.000
CT	205	33629	33631	33631.000
CT	204	34013	34004	34004.000
CT	203	34689	34697	34697.000
CT	202	34995	35005	35005.000
CT	201	35972	35980	35980.000
CT	200	36253	36259	36259.000
CT	199	36865	36869	36869.000
CT	198	37755	37762	37762.000
CT	197	37879	37884	37884.000
CT	196	38326	38332	38332.000
CT	195	38824	38833	38833.000
CT	194	39754	39769	39769.000
CT	193	40367	40367	40367.000
CT	192	40975	40986	40986.000
CT	191	41446	41440	41440.000
CT	190	41740	41736	41736.000
CT	189	42102	42095	42095.000
CT	188	42504	42496	42496.000
CT	187	43228	43225	43225.000
CT	186	43704	43686	43686.000
CT	185	44369	44363	44363.000
CT	184	44473	44479	44479.000
CT	183	44604	44602	44602.000
CT	182	45035	45030	45030.000
CT	181	45444	45439	45439.000
CT	180	45503	45509	45509.000
CT	179	46122	46113	46113.000
CT	178	46467	46454	46454.000
CT	177	46814	46798	46798.000
CT	176	46947	46935	46935.000
CT	175	46685	46692	46692.000
CT	174	47305	47299	47299.000
CT	173	47831	47819	47819.000
CT	172	48445	48424	48424.000
CT	171	48127	48119	48119.000
CT	170	48012	47996	47996.000
CT	169	48397	48375	48375.000
CT	168	48275	48260	48260.000
CT	167	48271	48241	48241.000
CT	166	48361	48337	48337.000
CT	165	48264	48247	48247.000
CT	164	47860	47841	47841.000
CT	163	47970	47931	47931.000
CT	162	47807	47779	47779.000
CT	161	47826	47804	47804.000
CT	160	47322	47299	47299.000
CT	159	47239	47213	47213.000
CT	158	47004	46994	46994.000
CT	157	46976	46944	46944.000
CT	156	46806	46798	46798.000
CT	155	46574	46553	46553.000
CT	154	45911	45900	45900.000
CT	153	45334	45321	45321.000
CT	152	44552	44536	44536.000
CT	151	44734	44710	44710.000
CT	150	43805	43792	43792.000
CT	149	43284	43270	43270.000
CT	148	42698	42689	42689.000
CT	147	42179	42170	42170.000
CT	146	41452	41433	41433.000
CT	145	40501	40497	40497.000
CT	144	40350	40342	40342.000
CT	143	40074	40058	40058.000
CT	142	39348	39332	39332.000
CT	141	38309	38296	38296.000
CT	140	37604	37586	37586.000
CT	139	36748	36735	36735.000
CT	138	35840	35827	35827.000
CT	137	35392	35363	35363.000
CT	136	34177	34164	34164.000
CT	135	33812	33803	33803.000
CT	134	32833	32820	32820.000
CT	133	32457	32441	32441.000
CT	132	31802	31796	31796.000
CT	131	31101	31080	31080.000
CT	130	30243	30227	30227.000
CT	129	29611	29598	29598.000
CT	128	28689	28678	28678.000
CT	127	27699	27681	27681.000
CT	126	26835	26813	26813.000
CT	125	26005	25993	25993.000
CT	124	25265	25254	25254.000
CT	123	24401	24382	24382.000
CT	122	23718	23699	23699.000
CT	121	22774	22760	22760.000
CT	120	22028	22014	22014.000
CT	119	21153	21141	21141.000
CT	118	20185	20180	20180.000
CT	117	18993	18989	18989.000
CT	116	18465	18454	18454.000
CT	115	17484	17470	17470.000
CT	114	16803	16788	16788.000
CT	113	15886	15867	15867.000
CT	112	15227	15217	15217.000
CT	111	14805	14793	14793.000
CT	110	13890	13873	13873.000
CT	109	12828	12820	12820.000
CT	108	12284	12275	12275.000
CT	107	11707	11694	11694.000
CT	106	10919	10901	10901.000
CT	105	10266	10248	10248.000
CT	104	9521	9505	9505.000
CT	103	9280	9269	9269.000
CT	102	8727	8716	8716.000
CT	101	8381	8363	8363.000
CT	100	7796	7777	7777.000
CT	99	7370	7356	7356.000
CT	98	6944	6930	6930.000
CT	97	6625	6598	6598.000
CT	96	6056	6034	6034.000
CT	95	5593	5575	5575.000
CT	94	5420	5402	5402.000
CT	93	5054	5044	5044.000
CT	92	4873	4854	4854.000
CT	91	4432	4418	4418.000
CT	90	4060	4047	4047.000
CT	89	3680	3665	3665.000
CT	88	3394	3373	3373.000
CT	87	3112	3098	3098.000
CT	86	2812	2795	2795.000
CT	85	2652	2638	2638.000
CT	84	2574	2543	2543.000
CT	83	2358	2338	2338.000
CT	82	2222	2196	2196.000
CT	81	2064	2034	2034.000
CT	80	1755	1726	1726.000
CT	79	1705	1674	1674.000
CT	78	1487	1451	1451.000
CT	77	1398	1369	1369.000
CT	76	1307	1268	1268.000
CT	75	1200	1160	1160.000
CT	74	1062	1027	1027.000
CT	73	954	924	924.000
CT	72	932	903	903.000
CT	71	974	940	940.000
CT	70	839	815	815.000
CT	69	798	763	763.000
CT	68	662	620	620.000
CT	67	606	555	555.000
CT	66	507	467	467.000
CT	65	506	456	456.000
CT	64	410	370	370.000
CT	63	417	358	358.000
CT	62	417	361	361.000
CT	61	420	367	367.000
CT	60	403	348	348.000
CT	59	412	338	338.000
CT	58	367	284	284.000
CT	57	342	266	266.000
CT	56	324	255	255.000
CT	55	276	200	200.000
CT	54	270	197	197.000
CT	53	282	198	198.000
CT	52	286	194	194.000
CT	51	251	155	155.000
CT	50	243	134	134.000
CT	49	221	100	100.000
CT	48	225	96	96.000
CT	47	185	64	64.000
CT	46	175	68	68.000
CT	45	210	49	49.000
CT	44	179	49	49.000
CT	43	199	32	32.000
CT	42	229	32	32.000
CT	41	290	37	37.000
CT	40	242	27	27.000
CT	39	257	29	29.000
CT	38	309	39	39.000
CT	37	337	53	53.000
CT	36	332	24	24.000
CT	35	394	25	24.999
CT	34	410	24	23.999
CT	33	483	24	23.999
CT	32	543	29	28.999
CT	31	709	25	24.999
CT	30	720	31	30.999
CT	29	892	24	23.999
CT	28	1003	20	19.999
CT	27	1217	15	14.998
CT	26	1319	13	12.998
CT	25	1461	10	9.998
CT	24	1909	8	7.997
CT	23	2228	1	0.997
CT	22	2613	6	5.996
CT	21	3167	4	3.995
CT	20	3720	1	0.994
CT	19	4223	1	0.994
CT	18	5325	2	1.992
CT	17	6582	1	0.990
CT	16	8307	0	0.000
CT	15	10420	0	0.000
CT	14	12974	3	2.981
CT	13	16192	3	2.976
CT	12	21038	3	2.969
CT	11	28538	1	0.958
CT	10	37094	4	3.945
CT	9	49923	5	4.926
CT	8	70895	0	0.000
CT	7	106194	0	0.000
CT	6	167997	6	5.751
CT	5	295288	4	3.563
CT	4	620136	1	0.082
CT	3	1684072	0	0.000
CT	2	7765856	9	-nan
CT	1	0	0	-nan
CT	0	0	485	-nan
FR	1.48e-06	0
ER	5348854	0.000
CV	1.000
QV	55.339	55.339
