HS	1023	0	9327	9327
HS	1022	0	16	9343
HS	1021	0	8	9351
HS	1020	0	15	9366
HS	1019	0	5	9371
HS	1018	0	10	9381
HS	1017	0	15	9396
HS	1016	0	16	9412
HS	1015	0	8	9420
HS	1014	0	8	9428
HS	1013	0	9	9437
HS	1012	0	13	9450
HS	1011	0	8	9458
HS	1010	0	6	9464
HS	1009	0	7	9471
HS	1008	0	11	9482
HS	1007	0	10	9492
HS	1006	0	12	9504
HS	1005	0	5	9509
HS	1004	0	15	9524
HS	1003	0	7	9531
HS	1002	0	10	9541
HS	1001	0	8	9549
HS	1000	0	7	9556
HS	999	0	9	9565
HS	998	0	4	9569
HS	997	0	7	9576
HS	996	0	4	9580
HS	995	0	8	9588
HS	994	0	5	9593
HS	993	0	7	9600
HS	992	0	9	9609
HS	991	0	5	9614
HS	990	0	8	9622
HS	989	0	10	9632
HS	988	0	9	9641
HS	987	0	5	9646
HS	986	0	10	9656
HS	985	0	8	9664
HS	984	0	6	9670
HS	983	0	8	9678
HS	982	0	17	9695
HS	981	0	7	9702
HS	980	0	10	9712
HS	979	0	8	9720
HS	978	0	10	9730
HS	977	0	11	9741
HS	976	0	14	9755
HS	975	0	20	9775
HS	974	0	9	9784
HS	973	0	11	9795
HS	972	0	12	9807
HS	971	0	5	9812
HS	970	0	8	9820
HS	969	0	9	9829
HS	968	0	12	9841
HS	967	0	12	9853
HS	966	0	7	9860
HS	965	0	12	9872
HS	964	0	9	9881
HS	963	0	10	9891
HS	962	0	9	9900
HS	961	0	7	9907
HS	960	0	11	9918
HS	959	0	10	9928
HS	958	0	13	9941
HS	957	0	3	9944
HS	956	0	10	9954
HS	955	0	10	9964
HS	954	0	12	9976
HS	953	0	8	9984
HS	952	0	8	9992
HS	951	0	7	9999
HS	950	0	7	10006
HS	949	0	10	10016
HS	948	0	4	10020
HS	947	0	7	10027
HS	946	0	6	10033
HS	945	0	2	10035
HS	944	0	19	10054
HS	943	0	14	10068
HS	942	0	3	10071
HS	941	0	7	10078
HS	940	0	9	10087
HS	939	0	4	10091
HS	938	0	2	10093
HS	937	0	4	10097
HS	936	0	7	10104
HS	935	0	7	10111
HS	934	0	5	10116
HS	933	0	9	10125
HS	932	0	12	10137
HS	931	0	5	10142
HS	930	0	9	10151
HS	929	0	7	10158
HS	928	0	7	10165
HS	927	0	5	10170
HS	926	0	7	10177
HS	925	0	5	10182
HS	924	0	6	10188
HS	923	0	4	10192
HS	922	0	7	10199
HS	921	0	6	10205
HS	920	0	7	10212
HS	919	0	4	10216
HS	918	0	7	10223
HS	917	0	6	10229
HS	916	0	10	10239
HS	915	0	9	10248
HS	914	0	6	10254
HS	913	0	9	10263
HS	912	0	8	10271
HS	911	0	5	10276
HS	910	0	7	10283
HS	909	0	4	10287
HS	908	0	6	10293
HS	907	0	8	10301
HS	906	0	7	10308
HS	905	0	10	10318
HS	904	0	10	10328
HS	903	0	4	10332
HS	902	0	8	10340
HS	901	0	14	10354
HS	900	0	9	10363
HS	899	0	6	10369
HS	898	0	9	10378
HS	897	0	15	10393
HS	896	0	9	10402
HS	895	0	12	10414
HS	894	0	14	10428
HS	893	0	8	10436
HS	892	0	15	10451
HS	891	0	10	10461
HS	890	0	10	10471
HS	889	0	20	10491
HS	888	0	15	10506
HS	887	0	10	10516
HS	886	0	14	10530
HS	885	0	18	10548
HS	884	0	15	10563
HS	883	0	15	10578
HS	882	0	9	10587
HS	881	0	12	10599
HS	880	0	12	10611
HS	879	0	10	10621
HS	878	0	16	10637
HS	877	0	14	10651
HS	876	0	12	10663
HS	875	0	9	10672
HS	874	0	13	10685
HS	873	0	5	10690
HS	872	0	12	10702
HS	871	0	8	10710
HS	870	0	7	10717
HS	869	0	6	10723
HS	868	0	9	10732
HS	867	0	5	10737
HS	866	0	6	10743
HS	865	0	8	10751
HS	864	0	11	10762
HS	863	0	11	10773
HS	862	0	12	10785
HS	861	0	10	10795
HS	860	0	5	10800
HS	859	0	12	10812
HS	858	0	9	10821
HS	857	0	16	10837
HS	856	0	9	10846
HS	855	0	7	10853
HS	854	0	8	10861
HS	853	0	13	10874
HS	852	0	7	10881
HS	851	0	12	10893
HS	850	0	9	10902
HS	849	0	13	10915
HS	848	0	9	10924
HS	847	0	6	10930
HS	846	0	12	10942
HS	845	0	12	10954
HS	844	0	11	10965
HS	843	0	10	10975
HS	842	0	8	10983
HS	841	0	11	10994
HS	840	0	10	11004
HS	839	0	8	11012
HS	838	0	8	11020
HS	837	0	8	11028
HS	836	0	9	11037
HS	835	0	11	11048
HS	834	0	7	11055
HS	833	0	7	11062
HS	832	0	7	11069
HS	831	0	7	11076
HS	830	0	3	11079
HS	829	0	9	11088
HS	828	0	5	11093
HS	827	0	8	11101
HS	826	0	5	11106
HS	825	0	7	11113
HS	824	0	13	11126
HS	823	0	6	11132
HS	822	0	8	11140
HS	821	0	4	11144
HS	820	0	6	11150
HS	819	0	7	11157
HS	818	0	3	11160
HS	817	0	3	11163
HS	816	0	15	11178
HS	815	0	9	11187
HS	814	0	15	11202
HS	813	0	12	11214
HS	812	0	8	11222
HS	811	0	7	11229
HS	810	0	5	11234
HS	809	0	7	11241
HS	808	0	5	11246
HS	807	0	3	11249
HS	806	0	14	11263
HS	805	0	4	11267
HS	804	0	8	11275
HS	803	0	7	11282
HS	802	0	10	11292
HS	801	0	10	11302
HS	800	0	10	11312
HS	799	0	9	11321
HS	798	0	9	11330
HS	797	0	10	11340
HS	796	0	13	11353
HS	795	0	14	11367
HS	794	0	11	11378
HS	793	0	6	11384
HS	792	0	10	11394
HS	791	0	16	11410
HS	790	0	15	11425
HS	789	0	8	11433
HS	788	0	14	11447
HS	787	0	12	11459
HS	786	0	10	11469
HS	785	0	11	11480
HS	784	0	18	11498
HS	783	0	9	11507
HS	782	0	14	11521
HS	781	0	12	11533
HS	780	0	21	11554
HS	779	0	17	11571
HS	778	0	7	11578
HS	777	0	13	11591
HS	776	0	15	11606
HS	775	0	7	11613
HS	774	0	13	11626
HS	773	0	15	11641
HS	772	0	18	11659
HS	771	0	24	11683
HS	770	0	18	11701
HS	769	0	15	11716
HS	768	0	13	11729
HS	767	0	14	11743
HS	766	0	12	11755
HS	765	0	9	11764
HS	764	0	17	11781
HS	763	0	10	11791
HS	762	0	17	11808
HS	761	0	18	11826
HS	760	0	21	11847
HS	759	0	12	11859
HS	758	0	23	11882
HS	757	0	20	11902
HS	756	0	12	11914
HS	755	0	12	11926
HS	754	0	17	11943
HS	753	0	13	11956
HS	752	0	19	11975
HS	751	0	17	11992
HS	750	0	21	12013
HS	749	0	14	12027
HS	748	0	28	12055
HS	747	0	19	12074
HS	746	0	19	12093
HS	745	0	18	12111
HS	744	0	11	12122
HS	743	0	13	12135
HS	742	0	10	12145
HS	741	0	16	12161
HS	740	0	11	12172
HS	739	0	13	12185
HS	738	0	7	12192
HS	737	0	16	12208
HS	736	0	17	12225
HS	735	0	14	12239
HS	734	0	9	12248
HS	733	0	13	12261
HS	732	0	11	12272
HS	731	0	20	12292
HS	730	0	18	12310
HS	729	0	12	12322
HS	728	0	15	12337
HS	727	0	22	12359
HS	726	0	12	12371
HS	725	0	14	12385
HS	724	0	14	12399
HS	723	0	13	12412
HS	722	0	18	12430
HS	721	0	17	12447
HS	720	0	24	12471
HS	719	0	12	12483
HS	718	0	15	12498
HS	717	0	23	12521
HS	716	0	16	12537
HS	715	0	20	12557
HS	714	0	16	12573
HS	713	0	16	12589
HS	712	0	17	12606
HS	711	0	19	12625
HS	710	0	24	12649
HS	709	0	15	12664
HS	708	0	11	12675
HS	707	0	19	12694
HS	706	0	13	12707
HS	705	0	16	12723
HS	704	0	9	12732
HS	703	0	20	12752
HS	702	0	16	12768
HS	701	0	10	12778
HS	700	0	14	12792
HS	699	0	13	12805
HS	698	0	11	12816
HS	697	0	13	12829
HS	696	0	14	12843
HS	695	0	17	12860
HS	694	0	17	12877
HS	693	0	16	12893
HS	692	0	15	12908
HS	691	0	16	12924
HS	690	0	16	12940
HS	689	0	17	12957
HS	688	0	12	12969
HS	687	0	13	12982
HS	686	0	17	12999
HS	685	0	20	13019
HS	684	0	23	13042
HS	683	0	17	13059
HS	682	0	16	13075
HS	681	0	18	13093
HS	680	0	14	13107
HS	679	0	18	13125
HS	678	0	25	13150
HS	677	0	11	13161
HS	676	0	17	13178
HS	675	0	24	13202
HS	674	0	26	13228
HS	673	0	11	13239
HS	672	0	18	13257
HS	671	0	6	13263
HS	670	0	23	13286
HS	669	0	19	13305
HS	668	0	22	13327
HS	667	0	17	13344
HS	666	0	15	13359
HS	665	0	22	13381
HS	664	0	23	13404
HS	663	0	28	13432
HS	662	0	16	13448
HS	661	0	25	13473
HS	660	0	15	13488
HS	659	0	29	13517
HS	658	0	17	13534
HS	657	0	24	13558
HS	656	0	18	13576
HS	655	0	24	13600
HS	654	0	22	13622
HS	653	0	30	13652
HS	652	0	17	13669
HS	651	0	24	13693
HS	650	0	22	13715
HS	649	0	15	13730
HS	648	0	13	13743
HS	647	0	25	13768
HS	646	0	14	13782
HS	645	0	18	13800
HS	644	0	24	13824
HS	643	0	16	13840
HS	642	0	23	13863
HS	641	0	16	13879
HS	640	0	19	13898
HS	639	0	21	13919
HS	638	0	20	13939
HS	637	0	19	13958
HS	636	0	21	13979
HS	635	0	20	13999
HS	634	0	30	14029
HS	633	0	15	14044
HS	632	0	24	14068
HS	631	0	20	14088
HS	630	0	25	14113
HS	629	0	26	14139
HS	628	0	20	14159
HS	627	0	31	14190
HS	626	0	28	14218
HS	625	0	35	14253
HS	624	0	27	14280
HS	623	0	24	14304
HS	622	0	31	14335
HS	621	0	25	14360
HS	620	0	32	14392
HS	619	0	24	14416
HS	618	0	17	14433
HS	617	0	32	14465
HS	616	0	16	14481
HS	615	0	23	14504
HS	614	0	24	14528
HS	613	0	26	14554
HS	612	0	15	14569
HS	611	0	22	14591
HS	610	0	30	14621
HS	609	0	19	14640
HS	608	0	11	14651
HS	607	0	18	14669
HS	606	0	31	14700
HS	605	0	22	14722
HS	604	0	30	14752
HS	603	0	32	14784
HS	602	0	25	14809
HS	601	0	21	14830
HS	600	0	23	14853
HS	599	0	30	14883
HS	598	0	18	14901
HS	597	0	21	14922
HS	596	0	32	14954
HS	595	0	27	14981
HS	594	0	26	15007
HS	593	0	24	15031
HS	592	0	21	15052
HS	591	0	22	15074
HS	590	0	27	15101
HS	589	0	15	15116
HS	588	0	21	15137
HS	587	0	18	15155
HS	586	0	24	15179
HS	585	0	21	15200
HS	584	0	20	15220
HS	583	0	25	15245
HS	582	0	19	15264
HS	581	0	23	15287
HS	580	0	22	15309
HS	579	0	25	15334
HS	578	0	24	15358
HS	577	0	14	15372
HS	576	0	19	15391
HS	575	0	14	15405
HS	574	0	27	15432
HS	573	0	18	15450
HS	572	0	14	15464
HS	571	0	6	15470
HS	570	0	9	15479
HS	569	0	12	15491
HS	568	0	10	15501
HS	567	0	15	15516
HS	566	0	18	15534
HS	565	0	15	15549
HS	564	0	13	15562
HS	563	0	19	15581
HS	562	0	16	15597
HS	561	0	22	15619
HS	560	0	12	15631
HS	559	0	16	15647
HS	558	0	10	15657
HS	557	0	9	15666
HS	556	0	12	15678
HS	555	0	15	15693
HS	554	0	23	15716
HS	553	0	16	15732
HS	552	0	19	15751
HS	551	0	9	15760
HS	550	0	13	15773
HS	549	0	15	15788
HS	548	0	16	15804
HS	547	0	17	15821
HS	546	0	15	15836
HS	545	0	16	15852
HS	544	0	11	15863
HS	543	0	11	15874
HS	542	0	8	15882
HS	541	0	18	15900
HS	540	0	15	15915
HS	539	0	16	15931
HS	538	0	20	15951
HS	537	0	18	15969
HS	536	0	22	15991
HS	535	0	17	16008
HS	534	0	21	16029
HS	533	0	12	16041
HS	532	0	30	16071
HS	531	0	23	16094
HS	530	0	21	16115
HS	529	0	27	16142
HS	528	0	24	16166
HS	527	0	19	16185
HS	526	0	31	16216
HS	525	0	22	16238
HS	524	0	24	16262
HS	523	0	23	16285
HS	522	0	15	16300
HS	521	0	27	16327
HS	520	0	34	16361
HS	519	0	17	16378
HS	518	0	40	16418
HS	517	0	29	16447
HS	516	0	40	16487
HS	515	0	39	16526
HS	514	0	49	16575
HS	513	0	37	16612
HS	512	0	35	16647
HS	511	0	40	16687
HS	510	0	39	16726
HS	509	0	38	16764
HS	508	0	49	16813
HS	507	0	39	16852
HS	506	0	42	16894
HS	505	0	30	16924
HS	504	0	39	16963
HS	503	0	30	16993
HS	502	0	34	17027
HS	501	0	39	17066
HS	500	0	43	17109
HS	499	0	29	17138
HS	498	0	34	17172
HS	497	0	41	17213
HS	496	0	35	17248
HS	495	0	49	17297
HS	494	0	58	17355
HS	493	0	55	17410
HS	492	0	41	17451
HS	491	0	46	17497
HS	490	0	49	17546
HS	489	0	55	17601
HS	488	0	46	17647
HS	487	0	38	17685
HS	486	0	51	17736
HS	485	0	51	17787
HS	484	0	55	17842
HS	483	0	50	17892
HS	482	0	46	17938
HS	481	0	63	18001
HS	480	0	54	18055
HS	479	0	55	18110
HS	478	0	46	18156
HS	477	0	42	18198
HS	476	0	52	18250
HS	475	0	48	18298
HS	474	0	48	18346
HS	473	0	38	18384
HS	472	0	49	18433
HS	471	0	45	18478
HS	470	0	36	18514
HS	469	0	52	18566
HS	468	0	53	18619
HS	467	0	39	18658
HS	466	0	44	18702
HS	465	0	34	18736
HS	464	0	42	18778
HS	463	0	68	18846
HS	462	0	74	18920
HS	461	0	59	18979
HS	460	0	62	19041
HS	459	0	70	19111
HS	458	0	59	19170
HS	457	0	66	19236
HS	456	0	70	19306
HS	455	0	70	19376
HS	454	0	74	19450
HS	453	0	67	19517
HS	452	0	98	19615
HS	451	0	72	19687
HS	450	0	82	19769
HS	449	0	57	19826
HS	448	0	58	19884
HS	447	0	81	19965
HS	446	0	66	20031
HS	445	0	63	20094
HS	444	0	73	20167
HS	443	0	59	20226
HS	442	0	71	20297
HS	441	0	71	20368
HS	440	0	55	20423
HS	439	0	69	20492
HS	438	0	69	20561
HS	437	0	79	20640
HS	436	0	70	20710
HS	435	0	74	20784
HS	434	0	68	20852
HS	433	0	76	20928
HS	432	0	65	20993
HS	431	0	95	21088
HS	430	0	83	21171
HS	429	0	83	21254
HS	428	0	102	21356
HS	427	0	84	21440
HS	426	0	92	21532
HS	425	0	88	21620
HS	424	0	101	21721
HS	423	0	84	21805
HS	422	0	87	21892
HS	421	0	92	21984
HS	420	0	133	22117
HS	419	0	96	22213
HS	418	0	100	22313
HS	417	0	112	22425
HS	416	0	111	22536
HS	415	0	116	22652
HS	414	0	139	22791
HS	413	0	123	22914
HS	412	0	116	23030
HS	411	0	106	23136
HS	410	0	92	23228
HS	409	0	110	23338
HS	408	0	109	23447
HS	407	0	108	23555
HS	406	0	125	23680
HS	405	0	124	23804
HS	404	0	111	23915
HS	403	0	144	24059
HS	402	0	138	24197
HS	401	0	137	24334
HS	400	0	135	24469
HS	399	0	154	24623
HS	398	0	162	24785
HS	397	0	148	24933
HS	396	0	174	25107
HS	395	0	169	25276
HS	394	0	186	25462
HS	393	0	152	25614
HS	392	0	180	25794
HS	391	0	139	25933
HS	390	0	171	26104
HS	389	0	166	26270
HS	388	0	164	26434
HS	387	0	203	26637
HS	386	0	175	26812
HS	385	0	192	27004
HS	384	0	223	27227
HS	383	0	195	27422
HS	382	0	221	27643
HS	381	0	207	27850
HS	380	0	235	28085
HS	379	0	232	28317
HS	378	0	231	28548
HS	377	0	254	28802
HS	376	0	277	29079
HS	375	0	232	29311
HS	374	0	286	29597
HS	373	0	292	29889
HS	372	0	303	30192
HS	371	0	321	30513
HS	370	0	307	30820
HS	369	0	294	31114
HS	368	0	318	31432
HS	367	0	303	31735
HS	366	0	365	32100
HS	365	0	307	32407
HS	364	0	363	32770
HS	363	0	311	33081
HS	362	0	330	33411
HS	361	0	368	33779
HS	360	0	353	34132
HS	359	0	368	34500
HS	358	0	368	34868
HS	357	0	391	35259
HS	356	0	374	35633
HS	355	0	397	36030
HS	354	0	413	36443
HS	353	0	405	36848
HS	352	0	419	37267
HS	351	0	445	37712
HS	350	0	440	38152
HS	349	0	498	38650
HS	348	0	515	39165
HS	347	0	492	39657
HS	346	0	570	40227
HS	345	0	541	40768
HS	344	0	555	41323
HS	343	0	561	41884
HS	342	0	585	42469
HS	341	0	614	43083
HS	340	0	669	43752
HS	339	0	691	44443
HS	338	0	644	45087
HS	337	0	707	45794
HS	336	0	777	46571
HS	335	0	819	47390
HS	334	0	826	48216
HS	333	0	792	49008
HS	332	0	796	49804
HS	331	0	836	50640
HS	330	0	910	51550
HS	329	0	956	52506
HS	328	0	964	53470
HS	327	0	993	54463
HS	326	0	1062	55525
HS	325	0	1166	56691
HS	324	0	1084	57775
HS	323	0	1140	58915
HS	322	0	1229	60144
HS	321	0	1259	61403
HS	320	0	1282	62685
HS	319	0	1326	64011
HS	318	0	1384	65395
HS	317	0	1453	66848
HS	316	0	1406	68254
HS	315	0	1452	69706
HS	314	0	1544	71250
HS	313	0	1570	72820
HS	312	0	1634	74454
HS	311	0	1772	76226
HS	310	0	1750	77976
HS	309	0	1787	79763
HS	308	0	1912	81675
HS	307	0	2034	83709
HS	306	0	2066	85775
HS	305	0	2152	87927
HS	304	0	2222	90149
HS	303	0	2197	92346
HS	302	0	2374	94720
HS	301	0	2460	97180
HS	300	0	2448	99628
HS	299	0	2619	102247
HS	298	0	2735	104982
HS	297	0	2911	107893
HS	296	0	2887	110780
HS	295	0	3073	113853
HS	294	0	3167	117020
HS	293	0	3286	120306
HS	292	0	3361	123667
HS	291	0	3459	127126
HS	290	0	3475	130601
HS	289	0	3703	134304
HS	288	0	3777	138081
HS	287	0	3969	142050
HS	286	0	4117	146167
HS	285	0	4216	150383
HS	284	0	4285	154668
HS	283	0	4533	159201
HS	282	0	4731	163932
HS	281	0	4737	168669
HS	280	0	4952	173621
HS	279	0	5083	178704
HS	278	0	5257	183961
HS	277	0	5354	189315
HS	276	0	5458	194773
HS	275	0	5686	200459
HS	274	0	5787	206246
HS	273	0	6005	212251
HS	272	0	6206	218457
HS	271	0	6388	224845
HS	270	0	6610	231455
HS	269	0	7065	238520
HS	268	0	6880	245400
HS	267	0	7419	252819
HS	266	0	7459	260278
HS	265	0	7892	268170
HS	264	0	7928	276098
HS	263	0	8246	284344
HS	262	0	8400	292744
HS	261	0	8687	301431
HS	260	0	8907	310338
HS	259	0	9193	319531
HS	258	0	9534	329065
HS	257	0	9719	338784
HS	256	0	9796	348580
HS	255	0	10115	358695
HS	254	0	10520	369215
HS	253	0	10651	379866
HS	252	0	10993	390859
HS	251	0	11379	402238
HS	250	0	11635	413873
HS	249	0	11882	425755
HS	248	0	12219	437974
HS	247	0	12757	450731
HS	246	0	13196	463927
HS	245	0	13900	477827
HS	244	0	14152	491979
HS	243	0	14254	506233
HS	242	0	14678	520911
HS	241	0	15423	536334
HS	240	0	15396	551730
HS	239	0	16330	568060
HS	238	0	16599	584659
HS	237	0	16966	601625
HS	236	0	17454	619079
HS	235	0	18002	637081
HS	234	0	18506	655587
HS	233	0	18864	674451
HS	232	0	19329	693780
HS	231	0	20037	713817
HS	230	0	20199	734016
HS	229	0	20505	754521
HS	228	0	20948	775469
HS	227	0	21418	796887
HS	226	0	21843	818730
HS	225	0	22302	841032
HS	224	0	22799	863831
HS	223	0	23470	887301
HS	222	0	24043	911344
HS	221	0	24486	935830
HS	220	0	24768	960598
HS	219	0	25650	986248
HS	218	0	25922	1012170
HS	217	0	26361	1038531
HS	216	0	26701	1065232
HS	215	0	27340	1092572
HS	214	0	27940	1120512
HS	213	0	28376	1148888
HS	212	0	29033	1177921
HS	211	0	29446	1207367
HS	210	0	29856	1237223
HS	209	0	31185	1268408
HS	208	0	31192	1299600
HS	207	0	32528	1332128
HS	206	0	32433	1364561
HS	205	0	33629	1398190
HS	204	0	34013	1432203
HS	203	0	34689	1466892
HS	202	0	34995	1501887
HS	201	0	35972	1537859
HS	200	0	36253	1574112
HS	199	0	36865	1610977
HS	198	0	37755	1648732
HS	197	0	37879	1686611
HS	196	0	38326	1724937
HS	195	0	38824	1763761
HS	194	0	39754	1803515
HS	193	0	40367	1843882
HS	192	0	40975	1884857
HS	191	0	41446	1926303
HS	190	0	41740	1968043
HS	189	0	42102	2010145
HS	188	0	42504	2052649
HS	187	0	43228	2095877
HS	186	0	43704	2139581
HS	185	0	44369	2183950
HS	184	0	44473	2228423
HS	183	0	44604	2273027
HS	182	0	45035	2318062
HS	181	0	45444	2363506
HS	180	0	45503	2409009
HS	179	0	46122	2455131
HS	178	0	46467	2501598
HS	177	0	46814	2548412
HS	176	0	46947	2595359
HS	175	0	46685	2642044
HS	174	0	47305	2689349
HS	173	0	47831	2737180
HS	172	0	48445	2785625
HS	171	0	48127	2833752
HS	170	0	48012	2881764
HS	169	0	48397	2930161
HS	168	0	48275	2978436
HS	167	0	48271	3026707
HS	166	0	48361	3075068
HS	165	0	48264	3123332
HS	164	0	47860	3171192
HS	163	0	47970	3219162
HS	162	0	47807	3266969
HS	161	0	47826	3314795
HS	160	0	47322	3362117
HS	159	0	47239	3409356
HS	158	0	47004	3456360
HS	157	0	46976	3503336
HS	156	0	46806	3550142
HS	155	0	46574	3596716
HS	154	0	45911	3642627
HS	153	0	45334	3687961
HS	152	0	44552	3732513
HS	151	0	44734	3777247
HS	150	0	43805	3821052
HS	149	0	43284	3864336
HS	148	0	42698	3907034
HS	147	0	42179	3949213
HS	146	0	41452	3990665
HS	145	0	40501	4031166
HS	144	0	40350	4071516
HS	143	0	40074	4111590
HS	142	0	39348	4150938
HS	141	0	38309	4189247
HS	140	0	37604	4226851
HS	139	0	36748	4263599
HS	138	0	35840	4299439
HS	137	0	35392	4334831
HS	136	0	34177	4369008
HS	135	0	33812	4402820
HS	134	0	32833	4435653
HS	133	0	32457	4468110
HS	132	0	31802	4499912
HS	131	0	31101	4531013
HS	130	0	30243	4561256
HS	129	0	29611	4590867
HS	128	0	28689	4619556
HS	127	0	27699	4647255
HS	126	0	26835	4674090
HS	125	0	26005	4700095
HS	124	0	25265	4725360
HS	123	0	24401	4749761
HS	122	0	23718	4773479
HS	121	0	22774	4796253
HS	120	0	22028	4818281
HS	119	0	21153	4839434
HS	118	0	20185	4859619
HS	117	0	18993	4878612
HS	116	0	18465	4897077
HS	115	0	17484	4914561
HS	114	0	16803	4931364
HS	113	0	15886	4947250
HS	112	0	15227	4962477
HS	111	0	14805	4977282
HS	110	0	13890	4991172
HS	109	0	12828	5004000
HS	108	0	12284	5016284
HS	107	0	11707	5027991
HS	106	0	10919	5038910
HS	105	0	10266	5049176
HS	104	0	9521	5058697
HS	103	0	9280	5067977
HS	102	0	8727	5076704
HS	101	0	8381	5085085
HS	100	0	7796	5092881
HS	99	0	7370	5100251
HS	98	0	6944	5107195
HS	97	0	6625	5113820
HS	96	0	6056	5119876
HS	95	0	5593	5125469
HS	94	0	5420	5130889
HS	93	0	5054	5135943
HS	92	0	4873	5140816
HS	91	0	4432	5145248
HS	90	0	4060	5149308
HS	89	0	3680	5152988
HS	88	0	3394	5156382
HS	87	0	3112	5159494
HS	86	0	2812	5162306
HS	85	0	2652	5164958
HS	84	0	2574	5167532
HS	83	0	2358	5169890
HS	82	0	2222	5172112
HS	81	0	2064	5174176
HS	80	0	1755	5175931
HS	79	0	1705	5177636
HS	78	0	1487	5179123
HS	77	0	1398	5180521
HS	76	0	1307	5181828
HS	75	0	1200	5183028
HS	74	0	1062	5184090
HS	73	0	954	5185044
HS	72	0	932	5185976
HS	71	0	974	5186950
HS	70	0	839	5187789
HS	69	0	798	5188587
HS	68	0	662	5189249
HS	67	0	606	5189855
HS	66	0	507	5190362
HS	65	0	506	5190868
HS	64	0	410	5191278
HS	63	0	417	5191695
HS	62	0	417	5192112
HS	61	0	420	5192532
HS	60	0	403	5192935
HS	59	0	412	5193347
HS	58	0	367	5193714
HS	57	0	342	5194056
HS	56	0	324	5194380
HS	55	0	276	5194656
HS	54	0	270	5194926
HS	53	0	282	5195208
HS	52	0	286	5195494
HS	51	0	251	5195745
HS	50	0	243	5195988
HS	49	0	221	5196209
HS	48	0	225	5196434
HS	47	0	185	5196619
HS	46	0	175	5196794
HS	45	0	210	5197004
HS	44	0	179	5197183
HS	43	0	199	5197382
HS	42	0	229	5197611
HS	41	0	290	5197901
HS	40	0	242	5198143
HS	39	0	257	5198400
HS	38	0	309	5198709
HS	37	0	337	5199046
HS	36	0	332	5199378
HS	35	0	394	5199772
HS	34	0	410	5200182
HS	33	0	483	5200665
HS	32	0	543	5201208
HS	31	0	709	5201917
HS	30	0	720	5202637
HS	29	0	892	5203529
HS	28	0	1003	5204532
HS	27	0	1217	5205749
HS	26	0	1319	5207068
HS	25	0	1461	5208529
HS	24	0	1909	5210438
HS	23	0	2228	5212666
HS	22	0	2613	5215279
HS	21	0	3167	5218446
HS	20	0	3720	5222166
HS	19	0	4223	5226389
HS	18	0	5325	5231714
HS	17	0	6582	5238296
HS	16	0	8307	5246603
HS	15	0	10420	5257023
HS	14	0	12974	5269997
HS	13	0	16192	5286189
HS	12	0	21038	5307227
HS	11	0	28538	5335765
HS	10	0	37094	5372859
HS	9	0	49923	5422782
HS	8	0	70895	5493677
HS	7	0	106194	5599871
HS	6	0	167997	5767868
HS	5	0	295288	6063156
HS	4	0	620136	6683292
HS	3	0	1684072	8367364
HS	2	0	7765856	16133220
HS	1	0	0	16133220
HS	0	0	0	16133220
