CC	CT  kmer_occurrence    short_read_kmer_count  raw_input_kmer_count  adjusted_input_kmer_count
CC	FR  fpr_lower_bound    fpr_upper_bound
CC	ER  total_input_kmers  adjusted_error_kmers
CC	CV  coverage
CC	QV  raw_quality_value  adjusted_quality_value
CC
SQ	JAUCES010000005.1	3929449	3929419	3929390	66.23
CT	1023	6931	45464	45464.000
CT	1022	5	12	12.000
CT	1021	6	14	14.000
CT	1020	9	23	23.000
CT	1019	6	14	14.000
CT	1018	7	22	22.000
CT	1017	5	11	11.000
CT	1016	7	18	18.000
CT	1015	11	37	37.000
CT	1014	8	19	19.000
CT	1013	5	11	11.000
CT	1012	11	32	32.000
CT	1011	8	21	21.000
CT	1010	8	20	20.000
CT	1009	11	30	30.000
CT	1008	11	36	36.000
CT	1007	9	25	25.000
CT	1006	4	11	11.000
CT	1005	10	25	25.000
CT	1004	5	11	11.000
CT	1003	6	18	18.000
CT	1002	10	23	23.000
CT	1001	10	30	30.000
CT	1000	4	8	8.000
CT	999	8	20	20.000
CT	998	4	13	13.000
CT	997	8	15	15.000
CT	996	7	24	24.000
CT	995	8	20	20.000
CT	994	3	7	7.000
CT	993	7	32	32.000
CT	992	5	15	15.000
CT	991	7	29	29.000
CT	990	10	24	24.000
CT	989	6	17	17.000
CT	988	7	20	20.000
CT	987	4	7	7.000
CT	986	6	15	15.000
CT	985	6	22	22.000
CT	984	8	19	19.000
CT	983	8	22	22.000
CT	982	10	18	18.000
CT	981	9	38	38.000
CT	980	4	22	22.000
CT	979	7	16	16.000
CT	978	7	20	20.000
CT	977	10	30	30.000
CT	976	13	42	42.000
CT	975	6	25	25.000
CT	974	4	8	8.000
CT	973	6	24	24.000
CT	972	7	19	19.000
CT	971	4	11	11.000
CT	970	4	13	13.000
CT	969	9	25	25.000
CT	968	4	8	8.000
CT	967	8	20	20.000
CT	966	8	17	17.000
CT	965	7	14	14.000
CT	964	6	17	17.000
CT	963	7	30	30.000
CT	962	6	19	19.000
CT	961	12	27	27.000
CT	960	6	14	14.000
CT	959	2	4	4.000
CT	958	7	13	13.000
CT	957	7	17	17.000
CT	956	9	19	19.000
CT	955	10	22	22.000
CT	954	7	15	15.000
CT	953	6	16	16.000
CT	952	14	28	28.000
CT	951	10	23	23.000
CT	950	2	4	4.000
CT	949	4	12	12.000
CT	948	5	16	16.000
CT	947	14	40	40.000
CT	946	13	38	38.000
CT	945	8	22	22.000
CT	944	7	17	17.000
CT	943	7	21	21.000
CT	942	11	23	23.000
CT	941	7	15	15.000
CT	940	7	14	14.000
CT	939	8	17	17.000
CT	938	9	20	20.000
CT	937	9	38	38.000
CT	936	8	14	14.000
CT	935	10	22	22.000
CT	934	9	21	21.000
CT	933	10	16	16.000
CT	932	13	35	35.000
CT	931	8	14	14.000
CT	930	7	10	10.000
CT	929	11	24	24.000
CT	928	9	17	17.000
CT	927	11	24	24.000
CT	926	15	27	27.000
CT	925	9	14	14.000
CT	924	5	10	10.000
CT	923	16	31	31.000
CT	922	8	22	22.000
CT	921	9	19	19.000
CT	920	9	15	15.000
CT	919	11	24	24.000
CT	918	7	16	16.000
CT	917	16	38	38.000
CT	916	15	21	21.000
CT	915	16	26	26.000
CT	914	12	22	22.000
CT	913	13	27	27.000
CT	912	6	9	9.000
CT	911	16	25	25.000
CT	910	13	21	21.000
CT	909	19	36	36.000
CT	908	16	19	19.000
CT	907	8	10	10.000
CT	906	15	23	23.000
CT	905	19	31	31.000
CT	904	22	42	42.000
CT	903	17	31	31.000
CT	902	25	44	44.000
CT	901	16	23	23.000
CT	900	14	21	21.000
CT	899	18	32	32.000
CT	898	22	39	39.000
CT	897	35	60	60.000
CT	896	17	32	32.000
CT	895	16	28	28.000
CT	894	30	50	50.000
CT	893	24	50	50.000
CT	892	30	48	48.000
CT	891	25	45	45.000
CT	890	25	45	45.000
CT	889	19	36	36.000
CT	888	18	27	27.000
CT	887	19	31	31.000
CT	886	27	42	42.000
CT	885	18	30	30.000
CT	884	21	41	41.000
CT	883	18	31	31.000
CT	882	20	27	27.000
CT	881	17	30	30.000
CT	880	29	62	62.000
CT	879	19	30	30.000
CT	878	19	34	34.000
CT	877	24	43	43.000
CT	876	16	24	24.000
CT	875	21	35	35.000
CT	874	23	31	31.000
CT	873	17	27	27.000
CT	872	26	51	51.000
CT	871	21	38	38.000
CT	870	25	39	39.000
CT	869	13	22	22.000
CT	868	18	25	25.000
CT	867	18	35	35.000
CT	866	36	65	65.000
CT	865	27	47	47.000
CT	864	25	33	33.000
CT	863	28	42	42.000
CT	862	26	38	38.000
CT	861	30	52	52.000
CT	860	30	48	48.000
CT	859	27	37	37.000
CT	858	31	48	48.000
CT	857	33	53	53.000
CT	856	25	37	37.000
CT	855	33	52	52.000
CT	854	31	55	55.000
CT	853	36	60	60.000
CT	852	22	39	39.000
CT	851	35	62	62.000
CT	850	25	34	34.000
CT	849	35	57	57.000
CT	848	32	48	48.000
CT	847	32	52	52.000
CT	846	38	53	53.000
CT	845	29	42	42.000
CT	844	26	40	40.000
CT	843	44	79	79.000
CT	842	40	61	61.000
CT	841	49	87	87.000
CT	840	48	70	70.000
CT	839	35	43	43.000
CT	838	41	52	52.000
CT	837	36	57	57.000
CT	836	39	61	61.000
CT	835	53	75	75.000
CT	834	52	71	71.000
CT	833	48	67	67.000
CT	832	46	64	64.000
CT	831	55	90	90.000
CT	830	41	55	55.000
CT	829	65	99	99.000
CT	828	52	70	70.000
CT	827	61	105	105.000
CT	826	47	72	72.000
CT	825	55	72	72.000
CT	824	49	70	70.000
CT	823	52	75	75.000
CT	822	56	68	68.000
CT	821	45	58	58.000
CT	820	58	84	84.000
CT	819	53	64	64.000
CT	818	57	67	67.000
CT	817	49	57	57.000
CT	816	60	83	83.000
CT	815	65	86	86.000
CT	814	52	64	64.000
CT	813	64	85	85.000
CT	812	55	78	78.000
CT	811	64	84	84.000
CT	810	54	67	67.000
CT	809	73	92	92.000
CT	808	66	108	108.000
CT	807	61	81	81.000
CT	806	46	63	63.000
CT	805	61	84	84.000
CT	804	61	92	92.000
CT	803	52	90	90.000
CT	802	70	89	89.000
CT	801	58	93	93.000
CT	800	62	85	85.000
CT	799	65	95	95.000
CT	798	71	110	110.000
CT	797	66	101	101.000
CT	796	67	96	96.000
CT	795	75	117	117.000
CT	794	64	80	80.000
CT	793	59	82	82.000
CT	792	96	142	142.000
CT	791	69	93	93.000
CT	790	78	101	101.000
CT	789	81	109	109.000
CT	788	74	115	115.000
CT	787	73	102	102.000
CT	786	70	81	81.000
CT	785	66	75	75.000
CT	784	75	109	109.000
CT	783	78	102	102.000
CT	782	103	138	138.000
CT	781	75	88	88.000
CT	780	79	96	96.000
CT	779	94	119	119.000
CT	778	84	100	100.000
CT	777	100	128	128.000
CT	776	97	130	130.000
CT	775	96	117	117.000
CT	774	72	82	82.000
CT	773	93	112	112.000
CT	772	103	124	124.000
CT	771	104	143	143.000
CT	770	106	133	133.000
CT	769	103	126	126.000
CT	768	102	119	119.000
CT	767	91	104	104.000
CT	766	99	114	114.000
CT	765	100	116	116.000
CT	764	111	128	128.000
CT	763	110	125	125.000
CT	762	107	125	125.000
CT	761	111	126	126.000
CT	760	99	123	123.000
CT	759	122	154	154.000
CT	758	121	152	152.000
CT	757	120	145	145.000
CT	756	125	145	145.000
CT	755	122	138	138.000
CT	754	140	164	164.000
CT	753	124	143	143.000
CT	752	105	122	122.000
CT	751	141	167	167.000
CT	750	127	155	155.000
CT	749	147	180	180.000
CT	748	124	146	146.000
CT	747	110	131	131.000
CT	746	122	143	143.000
CT	745	118	127	127.000
CT	744	124	146	146.000
CT	743	128	149	149.000
CT	742	138	152	152.000
CT	741	157	176	176.000
CT	740	141	154	154.000
CT	739	135	149	149.000
CT	738	144	160	160.000
CT	737	170	189	189.000
CT	736	150	162	162.000
CT	735	149	174	174.000
CT	734	115	138	138.000
CT	733	165	175	175.000
CT	732	181	203	203.000
CT	731	170	194	194.000
CT	730	169	192	192.000
CT	729	169	177	177.000
CT	728	182	206	206.000
CT	727	198	221	221.000
CT	726	194	213	213.000
CT	725	177	203	203.000
CT	724	187	202	202.000
CT	723	184	207	207.000
CT	722	233	256	256.000
CT	721	188	201	201.000
CT	720	179	203	203.000
CT	719	175	199	199.000
CT	718	231	260	260.000
CT	717	221	244	244.000
CT	716	216	239	239.000
CT	715	210	237	237.000
CT	714	227	252	252.000
CT	713	219	236	236.000
CT	712	245	254	254.000
CT	711	216	240	240.000
CT	710	228	251	251.000
CT	709	259	279	279.000
CT	708	243	258	258.000
CT	707	296	321	321.000
CT	706	253	288	288.000
CT	705	263	295	295.000
CT	704	265	286	286.000
CT	703	281	315	315.000
CT	702	293	316	316.000
CT	701	313	330	330.000
CT	700	315	335	335.000
CT	699	289	295	295.000
CT	698	303	319	319.000
CT	697	294	307	307.000
CT	696	350	362	362.000
CT	695	340	360	360.000
CT	694	307	327	327.000
CT	693	308	328	328.000
CT	692	302	322	322.000
CT	691	342	370	370.000
CT	690	304	311	311.000
CT	689	342	360	360.000
CT	688	338	351	351.000
CT	687	380	395	395.000
CT	686	362	378	378.000
CT	685	338	353	353.000
CT	684	358	373	373.000
CT	683	360	376	376.000
CT	682	352	362	362.000
CT	681	368	381	381.000
CT	680	404	420	420.000
CT	679	380	400	400.000
CT	678	378	399	399.000
CT	677	400	413	413.000
CT	676	396	408	408.000
CT	675	440	458	458.000
CT	674	439	455	455.000
CT	673	462	487	487.000
CT	672	418	428	428.000
CT	671	452	469	469.000
CT	670	467	493	493.000
CT	669	460	474	474.000
CT	668	482	494	494.000
CT	667	439	458	458.000
CT	666	478	490	490.000
CT	665	492	518	518.000
CT	664	476	491	491.000
CT	663	465	482	482.000
CT	662	460	463	463.000
CT	661	506	517	517.000
CT	660	473	485	485.000
CT	659	529	550	550.000
CT	658	470	487	487.000
CT	657	555	580	580.000
CT	656	566	585	585.000
CT	655	513	532	532.000
CT	654	527	535	535.000
CT	653	577	597	597.000
CT	652	578	594	594.000
CT	651	578	593	593.000
CT	650	560	578	578.000
CT	649	566	587	587.000
CT	648	594	612	612.000
CT	647	639	658	658.000
CT	646	580	597	597.000
CT	645	606	639	639.000
CT	644	621	653	653.000
CT	643	659	679	679.000
CT	642	663	682	682.000
CT	641	690	708	708.000
CT	640	675	716	716.000
CT	639	687	705	705.000
CT	638	665	673	673.000
CT	637	732	745	745.000
CT	636	709	736	736.000
CT	635	686	696	696.000
CT	634	754	768	768.000
CT	633	758	781	781.000
CT	632	744	759	759.000
CT	631	746	763	763.000
CT	630	738	748	748.000
CT	629	785	800	800.000
CT	628	778	788	788.000
CT	627	808	824	824.000
CT	626	739	758	758.000
CT	625	800	808	808.000
CT	624	761	776	776.000
CT	623	793	803	803.000
CT	622	894	905	905.000
CT	621	878	892	892.000
CT	620	835	851	851.000
CT	619	835	842	842.000
CT	618	898	907	907.000
CT	617	881	894	894.000
CT	616	926	936	936.000
CT	615	914	916	916.000
CT	614	981	990	990.000
CT	613	988	997	997.000
CT	612	1030	1035	1035.000
CT	611	1022	1030	1030.000
CT	610	1011	1024	1024.000
CT	609	1014	1019	1019.000
CT	608	1087	1093	1093.000
CT	607	1079	1087	1087.000
CT	606	1124	1133	1133.000
CT	605	1088	1096	1096.000
CT	604	1153	1162	1162.000
CT	603	1125	1138	1138.000
CT	602	1166	1173	1173.000
CT	601	1148	1156	1156.000
CT	600	1164	1175	1175.000
CT	599	1164	1176	1176.000
CT	598	1283	1298	1298.000
CT	597	1231	1250	1250.000
CT	596	1234	1246	1246.000
CT	595	1223	1242	1242.000
CT	594	1247	1257	1257.000
CT	593	1256	1281	1281.000
CT	592	1299	1314	1314.000
CT	591	1254	1277	1277.000
CT	590	1294	1315	1315.000
CT	589	1283	1303	1303.000
CT	588	1363	1379	1379.000
CT	587	1386	1404	1404.000
CT	586	1405	1424	1424.000
CT	585	1441	1453	1453.000
CT	584	1439	1451	1451.000
CT	583	1377	1386	1386.000
CT	582	1363	1369	1369.000
CT	581	1428	1442	1442.000
CT	580	1488	1502	1502.000
CT	579	1469	1480	1480.000
CT	578	1496	1503	1503.000
CT	577	1593	1609	1609.000
CT	576	1633	1639	1639.000
CT	575	1614	1622	1622.000
CT	574	1675	1685	1685.000
CT	573	1557	1566	1566.000
CT	572	1661	1669	1669.000
CT	571	1734	1747	1747.000
CT	570	1714	1732	1732.000
CT	569	1693	1709	1709.000
CT	568	1750	1764	1764.000
CT	567	1780	1790	1790.000
CT	566	1776	1795	1795.000
CT	565	1771	1785	1785.000
CT	564	1785	1802	1802.000
CT	563	1708	1723	1723.000
CT	562	1755	1774	1774.000
CT	561	1804	1817	1817.000
CT	560	1838	1846	1846.000
CT	559	1862	1876	1876.000
CT	558	1830	1846	1846.000
CT	557	1853	1867	1867.000
CT	556	1892	1911	1911.000
CT	555	1898	1912	1912.000
CT	554	1933	1952	1952.000
CT	553	1999	2012	2012.000
CT	552	1986	1997	1997.000
CT	551	1981	1987	1987.000
CT	550	1906	1918	1918.000
CT	549	1994	2005	2005.000
CT	548	2028	2037	2037.000
CT	547	2015	2022	2022.000
CT	546	2093	2111	2111.000
CT	545	2228	2242	2242.000
CT	544	2133	2149	2149.000
CT	543	2091	2098	2098.000
CT	542	2153	2164	2164.000
CT	541	2205	2210	2210.000
CT	540	2245	2262	2262.000
CT	539	2299	2311	2311.000
CT	538	2290	2308	2308.000
CT	537	2313	2329	2329.000
CT	536	2292	2319	2319.000
CT	535	2286	2300	2300.000
CT	534	2387	2418	2418.000
CT	533	2496	2512	2512.000
CT	532	2488	2506	2506.000
CT	531	2485	2498	2498.000
CT	530	2456	2475	2475.000
CT	529	2467	2487	2487.000
CT	528	2535	2557	2557.000
CT	527	2450	2462	2462.000
CT	526	2547	2566	2566.000
CT	525	2588	2608	2608.000
CT	524	2638	2657	2657.000
CT	523	2566	2579	2579.000
CT	522	2520	2528	2528.000
CT	521	2632	2648	2648.000
CT	520	2681	2690	2690.000
CT	519	2701	2706	2706.000
CT	518	2638	2655	2655.000
CT	517	2607	2622	2622.000
CT	516	2611	2632	2632.000
CT	515	2622	2636	2636.000
CT	514	2727	2743	2743.000
CT	513	2727	2754	2754.000
CT	512	2761	2783	2783.000
CT	511	2827	2842	2842.000
CT	510	2766	2788	2788.000
CT	509	2822	2836	2836.000
CT	508	2819	2830	2830.000
CT	507	2831	2853	2853.000
CT	506	2961	2979	2979.000
CT	505	2932	2945	2945.000
CT	504	2979	3001	3001.000
CT	503	3093	3111	3111.000
CT	502	2997	3009	3009.000
CT	501	3110	3125	3125.000
CT	500	3024	3037	3037.000
CT	499	3076	3120	3120.000
CT	498	3151	3164	3164.000
CT	497	3089	3102	3102.000
CT	496	3164	3183	3183.000
CT	495	3250	3282	3282.000
CT	494	3274	3289	3289.000
CT	493	3196	3210	3210.000
CT	492	3315	3331	3331.000
CT	491	3284	3310	3310.000
CT	490	3315	3334	3334.000
CT	489	3415	3420	3420.000
CT	488	3384	3398	3398.000
CT	487	3399	3412	3412.000
CT	486	3351	3366	3366.000
CT	485	3470	3482	3482.000
CT	484	3442	3457	3457.000
CT	483	3425	3447	3447.000
CT	482	3449	3458	3458.000
CT	481	3534	3544	3544.000
CT	480	3580	3592	3592.000
CT	479	3686	3697	3697.000
CT	478	3670	3676	3676.000
CT	477	3622	3625	3625.000
CT	476	3717	3725	3725.000
CT	475	3657	3666	3666.000
CT	474	3585	3597	3597.000
CT	473	3712	3721	3721.000
CT	472	3639	3642	3642.000
CT	471	3828	3835	3835.000
CT	470	3724	3727	3727.000
CT	469	3682	3688	3688.000
CT	468	3788	3796	3796.000
CT	467	3802	3810	3810.000
CT	466	3847	3856	3856.000
CT	465	3862	3876	3876.000
CT	464	3955	3980	3980.000
CT	463	3969	3974	3974.000
CT	462	3899	3906	3906.000
CT	461	4063	4063	4063.000
CT	460	3970	3992	3992.000
CT	459	3961	3965	3965.000
CT	458	3958	3961	3961.000
CT	457	4131	4126	4126.000
CT	456	4025	4024	4024.000
CT	455	4146	4148	4148.000
CT	454	4292	4297	4297.000
CT	453	4172	4173	4173.000
CT	452	4286	4286	4286.000
CT	451	4274	4274	4274.000
CT	450	4374	4376	4376.000
CT	449	4477	4480	4480.000
CT	448	4476	4484	4484.000
CT	447	4474	4481	4481.000
CT	446	4557	4562	4562.000
CT	445	4564	4570	4570.000
CT	444	4659	4666	4666.000
CT	443	4574	4578	4578.000
CT	442	4618	4622	4622.000
CT	441	4715	4717	4717.000
CT	440	4719	4726	4726.000
CT	439	4790	4801	4801.000
CT	438	4800	4810	4810.000
CT	437	4832	4854	4854.000
CT	436	4832	4831	4831.000
CT	435	5010	5009	5009.000
CT	434	4912	4914	4914.000
CT	433	4820	4818	4818.000
CT	432	4893	4887	4887.000
CT	431	4850	4843	4843.000
CT	430	4919	4927	4927.000
CT	429	4938	4930	4930.000
CT	428	5098	5099	5099.000
CT	427	5129	5128	5128.000
CT	426	5240	5240	5240.000
CT	425	5327	5330	5330.000
CT	424	5103	5101	5101.000
CT	423	5331	5329	5329.000
CT	422	5225	5224	5224.000
CT	421	5125	5123	5123.000
CT	420	5339	5339	5339.000
CT	419	5284	5286	5286.000
CT	418	5221	5223	5223.000
CT	417	5249	5245	5245.000
CT	416	5340	5339	5339.000
CT	415	5433	5438	5438.000
CT	414	5409	5419	5419.000
CT	413	5445	5449	5449.000
CT	412	5590	5601	5601.000
CT	411	5606	5613	5613.000
CT	410	5541	5535	5535.000
CT	409	5653	5648	5648.000
CT	408	5837	5837	5837.000
CT	407	5710	5705	5705.000
CT	406	5705	5701	5701.000
CT	405	5932	5939	5939.000
CT	404	5807	5810	5810.000
CT	403	5850	5861	5861.000
CT	402	5812	5822	5822.000
CT	401	6055	6066	6066.000
CT	400	5903	5906	5906.000
CT	399	6113	6116	6116.000
CT	398	6028	6028	6028.000
CT	397	6093	6095	6095.000
CT	396	6145	6147	6147.000
CT	395	6033	6038	6038.000
CT	394	6248	6256	6256.000
CT	393	6189	6196	6196.000
CT	392	6296	6301	6301.000
CT	391	6368	6373	6373.000
CT	390	6551	6555	6555.000
CT	389	6500	6501	6501.000
CT	388	6545	6547	6547.000
CT	387	6640	6647	6647.000
CT	386	6526	6537	6537.000
CT	385	6657	6661	6661.000
CT	384	6566	6568	6568.000
CT	383	6540	6545	6545.000
CT	382	6568	6568	6568.000
CT	381	6649	6653	6653.000
CT	380	6630	6634	6634.000
CT	379	6616	6622	6622.000
CT	378	6734	6738	6738.000
CT	377	6764	6768	6768.000
CT	376	6753	6757	6757.000
CT	375	6992	7002	7002.000
CT	374	6783	6789	6789.000
CT	373	6699	6705	6705.000
CT	372	7050	7055	7055.000
CT	371	6977	6986	6986.000
CT	370	6931	6941	6941.000
CT	369	7088	7098	7098.000
CT	368	6981	6986	6986.000
CT	367	7102	7107	7107.000
CT	366	7286	7298	7298.000
CT	365	7252	7260	7260.000
CT	364	7222	7228	7228.000
CT	363	7103	7100	7100.000
CT	362	7156	7158	7158.000
CT	361	7262	7263	7263.000
CT	360	7361	7367	7367.000
CT	359	7468	7472	7472.000
CT	358	7426	7436	7436.000
CT	357	7413	7417	7417.000
CT	356	7480	7483	7483.000
CT	355	7339	7342	7342.000
CT	354	7646	7654	7654.000
CT	353	7705	7714	7714.000
CT	352	7602	7611	7611.000
CT	351	7666	7672	7672.000
CT	350	7665	7669	7669.000
CT	349	7657	7665	7665.000
CT	348	7813	7821	7821.000
CT	347	7824	7829	7829.000
CT	346	7774	7775	7775.000
CT	345	7927	7927	7927.000
CT	344	7903	7909	7909.000
CT	343	7753	7757	7757.000
CT	342	7915	7917	7917.000
CT	341	7921	7918	7918.000
CT	340	7809	7808	7808.000
CT	339	7934	7942	7942.000
CT	338	8017	8020	8020.000
CT	337	8018	8021	8021.000
CT	336	7995	7994	7994.000
CT	335	7946	7948	7948.000
CT	334	7999	8001	8001.000
CT	333	7941	7944	7944.000
CT	332	8225	8230	8230.000
CT	331	8137	8146	8146.000
CT	330	8105	8108	8108.000
CT	329	8367	8372	8372.000
CT	328	8144	8141	8141.000
CT	327	8214	8217	8217.000
CT	326	8274	8277	8277.000
CT	325	8480	8483	8483.000
CT	324	8388	8391	8391.000
CT	323	8593	8598	8598.000
CT	322	8658	8658	8658.000
CT	321	8666	8671	8671.000
CT	320	8614	8619	8619.000
CT	319	8622	8620	8620.000
CT	318	8851	8860	8860.000
CT	317	8654	8659	8659.000
CT	316	8775	8778	8778.000
CT	315	8850	8848	8848.000
CT	314	8749	8749	8749.000
CT	313	8971	8966	8966.000
CT	312	8907	8911	8911.000
CT	311	9088	9088	9088.000
CT	310	9203	9201	9201.000
CT	309	9183	9185	9185.000
CT	308	9394	9391	9391.000
CT	307	9278	9277	9277.000
CT	306	9385	9382	9382.000
CT	305	9345	9345	9345.000
CT	304	9491	9494	9494.000
CT	303	9633	9632	9632.000
CT	302	9263	9262	9262.000
CT	301	9416	9418	9418.000
CT	300	9662	9658	9658.000
CT	299	9510	9505	9505.000
CT	298	9804	9806	9806.000
CT	297	9850	9846	9846.000
CT	296	9848	9846	9846.000
CT	295	9853	9852	9852.000
CT	294	10178	10179	10179.000
CT	293	10107	10111	10111.000
CT	292	10153	10157	10157.000
CT	291	10164	10171	10171.000
CT	290	10157	10160	10160.000
CT	289	10063	10065	10065.000
CT	288	10246	10247	10247.000
CT	287	10542	10543	10543.000
CT	286	10394	10403	10403.000
CT	285	10588	10597	10597.000
CT	284	10766	10771	10771.000
CT	283	10490	10492	10492.000
CT	282	10765	10765	10765.000
CT	281	10806	10806	10806.000
CT	280	10797	10800	10800.000
CT	279	11019	11022	11022.000
CT	278	11125	11126	11126.000
CT	277	11005	11009	11009.000
CT	276	11082	11083	11083.000
CT	275	11112	11111	11111.000
CT	274	11294	11300	11300.000
CT	273	11129	11130	11130.000
CT	272	11381	11381	11381.000
CT	271	11276	11277	11277.000
CT	270	11364	11365	11365.000
CT	269	11536	11535	11535.000
CT	268	11532	11532	11532.000
CT	267	11471	11473	11473.000
CT	266	11497	11498	11498.000
CT	265	11831	11834	11834.000
CT	264	11672	11669	11669.000
CT	263	11604	11604	11604.000
CT	262	11902	11903	11903.000
CT	261	12032	12033	12033.000
CT	260	12210	12213	12213.000
CT	259	12074	12083	12083.000
CT	258	12059	12062	12062.000
CT	257	12283	12290	12290.000
CT	256	11929	11931	11931.000
CT	255	12180	12184	12184.000
CT	254	12217	12224	12224.000
CT	253	12097	12099	12099.000
CT	252	12236	12239	12239.000
CT	251	12294	12299	12299.000
CT	250	12328	12332	12332.000
CT	249	12461	12466	12466.000
CT	248	12440	12446	12446.000
CT	247	12741	12741	12741.000
CT	246	12909	12913	12913.000
CT	245	12876	12880	12880.000
CT	244	13184	13187	13187.000
CT	243	13309	13314	13314.000
CT	242	13302	13309	13309.000
CT	241	13468	13478	13478.000
CT	240	13697	13699	13699.000
CT	239	13733	13741	13741.000
CT	238	13776	13783	13783.000
CT	237	13765	13772	13772.000
CT	236	13951	13957	13957.000
CT	235	13875	13876	13876.000
CT	234	13813	13815	13815.000
CT	233	13817	13820	13820.000
CT	232	13837	13843	13843.000
CT	231	13995	13997	13997.000
CT	230	14080	14080	14080.000
CT	229	14156	14158	14158.000
CT	228	14104	14104	14104.000
CT	227	13951	13954	13954.000
CT	226	14174	14176	14176.000
CT	225	13984	13987	13987.000
CT	224	13981	13982	13982.000
CT	223	14118	14118	14118.000
CT	222	14038	14038	14038.000
CT	221	14074	14073	14073.000
CT	220	14214	14212	14212.000
CT	219	13927	13926	13926.000
CT	218	13963	13959	13959.000
CT	217	13802	13800	13800.000
CT	216	13595	13597	13597.000
CT	215	13953	13957	13957.000
CT	214	13978	13979	13979.000
CT	213	14067	14071	14071.000
CT	212	14118	14117	14117.000
CT	211	14065	14062	14062.000
CT	210	13959	13960	13960.000
CT	209	14057	14059	14059.000
CT	208	13984	13989	13989.000
CT	207	13835	13833	13833.000
CT	206	13793	13793	13793.000
CT	205	13938	13943	13943.000
CT	204	14171	14179	14179.000
CT	203	13856	13860	13860.000
CT	202	13990	13990	13990.000
CT	201	13793	13795	13795.000
CT	200	13757	13754	13754.000
CT	199	14186	14182	14182.000
CT	198	14280	14279	14279.000
CT	197	14127	14129	14129.000
CT	196	14475	14474	14474.000
CT	195	14220	14222	14222.000
CT	194	13877	13879	13879.000
CT	193	13836	13838	13838.000
CT	192	13868	13868	13868.000
CT	191	13815	13814	13814.000
CT	190	13655	13652	13652.000
CT	189	13833	13831	13831.000
CT	188	13496	13493	13493.000
CT	187	13669	13666	13666.000
CT	186	13560	13558	13558.000
CT	185	13069	13068	13068.000
CT	184	13382	13379	13379.000
CT	183	13246	13245	13245.000
CT	182	13178	13179	13179.000
CT	181	13129	13126	13126.000
CT	180	12867	12869	12869.000
CT	179	13092	13091	13091.000
CT	178	13092	13090	13090.000
CT	177	13270	13273	13273.000
CT	176	12931	12931	12931.000
CT	175	13120	13120	13120.000
CT	174	13001	13006	13006.000
CT	173	12993	12993	12993.000
CT	172	12926	12929	12929.000
CT	171	12719	12721	12721.000
CT	170	12887	12884	12884.000
CT	169	12894	12892	12892.000
CT	168	12636	12642	12642.000
CT	167	12636	12643	12643.000
CT	166	12867	12874	12874.000
CT	165	12400	12400	12400.000
CT	164	12345	12343	12343.000
CT	163	12385	12383	12383.000
CT	162	12159	12153	12153.000
CT	161	12248	12243	12243.000
CT	160	12064	12059	12059.000
CT	159	11944	11939	11939.000
CT	158	12145	12138	12138.000
CT	157	12111	12103	12103.000
CT	156	11950	11945	11945.000
CT	155	12126	12121	12121.000
CT	154	11562	11560	11560.000
CT	153	11634	11631	11631.000
CT	152	11799	11791	11791.000
CT	151	11637	11633	11633.000
CT	150	11415	11409	11409.000
CT	149	11571	11565	11565.000
CT	148	11273	11269	11269.000
CT	147	11294	11285	11285.000
CT	146	11046	11045	11045.000
CT	145	11096	11087	11087.000
CT	144	10924	10919	10919.000
CT	143	10612	10609	10609.000
CT	142	10701	10695	10695.000
CT	141	10335	10326	10326.000
CT	140	10144	10136	10136.000
CT	139	10182	10179	10179.000
CT	138	9909	9901	9901.000
CT	137	9850	9842	9842.000
CT	136	9736	9727	9727.000
CT	135	9601	9590	9590.000
CT	134	9617	9610	9610.000
CT	133	9242	9228	9228.000
CT	132	9339	9327	9327.000
CT	131	9243	9232	9232.000
CT	130	9111	9100	9100.000
CT	129	9109	9098	9098.000
CT	128	8818	8810	8810.000
CT	127	8714	8697	8697.000
CT	126	8456	8450	8450.000
CT	125	8407	8393	8393.000
CT	124	8237	8224	8224.000
CT	123	8048	8040	8040.000
CT	122	7965	7961	7961.000
CT	121	7753	7746	7746.000
CT	120	7587	7576	7576.000
CT	119	7201	7187	7187.000
CT	118	7122	7109	7109.000
CT	117	6970	6945	6945.000
CT	116	6633	6620	6620.000
CT	115	6569	6558	6558.000
CT	114	6337	6327	6327.000
CT	113	6302	6283	6283.000
CT	112	6008	5992	5992.000
CT	111	5904	5891	5891.000
CT	110	5829	5812	5812.000
CT	109	5676	5662	5662.000
CT	108	5476	5465	5465.000
CT	107	5164	5151	5151.000
CT	106	5182	5163	5163.000
CT	105	4873	4857	4857.000
CT	104	4662	4645	4645.000
CT	103	4597	4574	4574.000
CT	102	4550	4533	4533.000
CT	101	4282	4263	4263.000
CT	100	4217	4197	4197.000
CT	99	3937	3913	3913.000
CT	98	3995	3971	3971.000
CT	97	3757	3733	3733.000
CT	96	3662	3642	3642.000
CT	95	3578	3548	3548.000
CT	94	3289	3254	3254.000
CT	93	3165	3138	3138.000
CT	92	3022	2989	2989.000
CT	91	2874	2836	2836.000
CT	90	2830	2795	2795.000
CT	89	2661	2618	2618.000
CT	88	2635	2591	2591.000
CT	87	2567	2512	2512.000
CT	86	2491	2439	2439.000
CT	85	2466	2415	2415.000
CT	84	2276	2205	2205.000
CT	83	2188	2119	2119.000
CT	82	2099	2036	2036.000
CT	81	1923	1860	1860.000
CT	80	1835	1734	1734.000
CT	79	1741	1647	1647.000
CT	78	1647	1542	1542.000
CT	77	1483	1360	1360.000
CT	76	1549	1435	1435.000
CT	75	1464	1362	1362.000
CT	74	1393	1291	1291.000
CT	73	1434	1313	1313.000
CT	72	1344	1202	1202.000
CT	71	1350	1200	1200.000
CT	70	1279	1113	1113.000
CT	69	1141	990	990.000
CT	68	1141	953	953.000
CT	67	1139	923	923.000
CT	66	1041	848	848.000
CT	65	988	771	771.000
CT	64	918	719	719.000
CT	63	801	614	614.000
CT	62	794	543	543.000
CT	61	741	455	455.000
CT	60	740	427	427.000
CT	59	727	401	401.000
CT	58	663	342	342.000
CT	57	679	287	287.000
CT	56	646	240	240.000
CT	55	717	255	255.000
CT	54	691	233	233.000
CT	53	755	244	244.000
CT	52	821	199	199.000
CT	51	801	185	185.000
CT	50	804	154	154.000
CT	49	784	131	131.000
CT	48	812	106	106.000
CT	47	903	86	86.000
CT	46	1033	111	111.000
CT	45	1094	79	79.000
CT	44	1190	63	63.000
CT	43	1364	84	84.000
CT	42	1518	72	72.000
CT	41	1698	58	58.000
CT	40	1846	76	76.000
CT	39	2001	52	52.000
CT	38	2341	36	36.000
CT	37	2535	43	43.000
CT	36	2595	54	54.000
CT	35	2978	49	49.000
CT	34	3207	52	52.000
CT	33	3735	41	41.000
CT	32	4112	59	59.000
CT	31	4552	34	34.000
CT	30	4893	42	42.000
CT	29	5810	30	30.000
CT	28	6504	14	14.000
CT	27	7097	11	11.000
CT	26	8214	6	6.000
CT	25	9474	17	17.000
CT	24	10691	11	11.000
CT	23	12210	5	5.000
CT	22	13840	11	11.000
CT	21	15909	12	12.000
CT	20	17866	20	20.000
CT	19	21515	27	27.000
CT	18	25072	35	35.000
CT	17	29196	39	39.000
CT	16	34432	24	24.000
CT	15	40337	41	41.000
CT	14	49276	25	25.000
CT	13	60351	6	6.000
CT	12	74957	6	6.000
CT	11	93628	10	10.000
CT	10	122723	2	2.000
CT	9	161364	9	9.000
CT	8	226426	1	1.000
CT	7	332806	0	0.000
CT	6	519730	1	1.000
CT	5	889479	0	0.000
CT	4	1764800	0	0.000
CT	3	4241485	0	0.000
CT	2	13623585	0	0.000
CT	1	0	0	-nan
CT	0	0	29	-nan
FR	0	0
ER	3929419	0.000
CV	1.000
QV	66.233	66.233
