HS	1023	0	6931	6931
HS	1022	0	5	6936
HS	1021	0	6	6942
HS	1020	0	9	6951
HS	1019	0	6	6957
HS	1018	0	7	6964
HS	1017	0	5	6969
HS	1016	0	7	6976
HS	1015	0	11	6987
HS	1014	0	8	6995
HS	1013	0	5	7000
HS	1012	0	11	7011
HS	1011	0	8	7019
HS	1010	0	8	7027
HS	1009	0	11	7038
HS	1008	0	11	7049
HS	1007	0	9	7058
HS	1006	0	4	7062
HS	1005	0	10	7072
HS	1004	0	5	7077
HS	1003	0	6	7083
HS	1002	0	10	7093
HS	1001	0	10	7103
HS	1000	0	4	7107
HS	999	0	8	7115
HS	998	0	4	7119
HS	997	0	8	7127
HS	996	0	7	7134
HS	995	0	8	7142
HS	994	0	3	7145
HS	993	0	7	7152
HS	992	0	5	7157
HS	991	0	7	7164
HS	990	0	10	7174
HS	989	0	6	7180
HS	988	0	7	7187
HS	987	0	4	7191
HS	986	0	6	7197
HS	985	0	6	7203
HS	984	0	8	7211
HS	983	0	8	7219
HS	982	0	10	7229
HS	981	0	9	7238
HS	980	0	4	7242
HS	979	0	7	7249
HS	978	0	7	7256
HS	977	0	10	7266
HS	976	0	13	7279
HS	975	0	6	7285
HS	974	0	4	7289
HS	973	0	6	7295
HS	972	0	7	7302
HS	971	0	4	7306
HS	970	0	4	7310
HS	969	0	9	7319
HS	968	0	4	7323
HS	967	0	8	7331
HS	966	0	8	7339
HS	965	0	7	7346
HS	964	0	6	7352
HS	963	0	7	7359
HS	962	0	6	7365
HS	961	0	12	7377
HS	960	0	6	7383
HS	959	0	2	7385
HS	958	0	7	7392
HS	957	0	7	7399
HS	956	0	9	7408
HS	955	0	10	7418
HS	954	0	7	7425
HS	953	0	6	7431
HS	952	0	14	7445
HS	951	0	10	7455
HS	950	0	2	7457
HS	949	0	4	7461
HS	948	0	5	7466
HS	947	0	14	7480
HS	946	0	13	7493
HS	945	0	8	7501
HS	944	0	7	7508
HS	943	0	7	7515
HS	942	0	11	7526
HS	941	0	7	7533
HS	940	0	7	7540
HS	939	0	8	7548
HS	938	0	9	7557
HS	937	0	9	7566
HS	936	0	8	7574
HS	935	0	10	7584
HS	934	0	9	7593
HS	933	0	10	7603
HS	932	0	13	7616
HS	931	0	8	7624
HS	930	0	7	7631
HS	929	0	11	7642
HS	928	0	9	7651
HS	927	0	11	7662
HS	926	0	15	7677
HS	925	0	9	7686
HS	924	0	5	7691
HS	923	0	16	7707
HS	922	0	8	7715
HS	921	0	9	7724
HS	920	0	9	7733
HS	919	0	11	7744
HS	918	0	7	7751
HS	917	0	16	7767
HS	916	0	15	7782
HS	915	0	16	7798
HS	914	0	12	7810
HS	913	0	13	7823
HS	912	0	6	7829
HS	911	0	16	7845
HS	910	0	13	7858
HS	909	0	19	7877
HS	908	0	16	7893
HS	907	0	8	7901
HS	906	0	15	7916
HS	905	0	19	7935
HS	904	0	22	7957
HS	903	0	17	7974
HS	902	0	25	7999
HS	901	0	16	8015
HS	900	0	14	8029
HS	899	0	18	8047
HS	898	0	22	8069
HS	897	0	35	8104
HS	896	0	17	8121
HS	895	0	16	8137
HS	894	0	30	8167
HS	893	0	24	8191
HS	892	0	30	8221
HS	891	0	25	8246
HS	890	0	25	8271
HS	889	0	19	8290
HS	888	0	18	8308
HS	887	0	19	8327
HS	886	0	27	8354
HS	885	0	18	8372
HS	884	0	21	8393
HS	883	0	18	8411
HS	882	0	20	8431
HS	881	0	17	8448
HS	880	0	29	8477
HS	879	0	19	8496
HS	878	0	19	8515
HS	877	0	24	8539
HS	876	0	16	8555
HS	875	0	21	8576
HS	874	0	23	8599
HS	873	0	17	8616
HS	872	0	26	8642
HS	871	0	21	8663
HS	870	0	25	8688
HS	869	0	13	8701
HS	868	0	18	8719
HS	867	0	18	8737
HS	866	0	36	8773
HS	865	0	27	8800
HS	864	0	25	8825
HS	863	0	28	8853
HS	862	0	26	8879
HS	861	0	30	8909
HS	860	0	30	8939
HS	859	0	27	8966
HS	858	0	31	8997
HS	857	0	33	9030
HS	856	0	25	9055
HS	855	0	33	9088
HS	854	0	31	9119
HS	853	0	36	9155
HS	852	0	22	9177
HS	851	0	35	9212
HS	850	0	25	9237
HS	849	0	35	9272
HS	848	0	32	9304
HS	847	0	32	9336
HS	846	0	38	9374
HS	845	0	29	9403
HS	844	0	26	9429
HS	843	0	44	9473
HS	842	0	40	9513
HS	841	0	49	9562
HS	840	0	48	9610
HS	839	0	35	9645
HS	838	0	41	9686
HS	837	0	36	9722
HS	836	0	39	9761
HS	835	0	53	9814
HS	834	0	52	9866
HS	833	0	48	9914
HS	832	0	46	9960
HS	831	0	55	10015
HS	830	0	41	10056
HS	829	0	65	10121
HS	828	0	52	10173
HS	827	0	61	10234
HS	826	0	47	10281
HS	825	0	55	10336
HS	824	0	49	10385
HS	823	0	52	10437
HS	822	0	56	10493
HS	821	0	45	10538
HS	820	0	58	10596
HS	819	0	53	10649
HS	818	0	57	10706
HS	817	0	49	10755
HS	816	0	60	10815
HS	815	0	65	10880
HS	814	0	52	10932
HS	813	0	64	10996
HS	812	0	55	11051
HS	811	0	64	11115
HS	810	0	54	11169
HS	809	0	73	11242
HS	808	0	66	11308
HS	807	0	61	11369
HS	806	0	46	11415
HS	805	0	61	11476
HS	804	0	61	11537
HS	803	0	52	11589
HS	802	0	70	11659
HS	801	0	58	11717
HS	800	0	62	11779
HS	799	0	65	11844
HS	798	0	71	11915
HS	797	0	66	11981
HS	796	0	67	12048
HS	795	0	75	12123
HS	794	0	64	12187
HS	793	0	59	12246
HS	792	0	96	12342
HS	791	0	69	12411
HS	790	0	78	12489
HS	789	0	81	12570
HS	788	0	74	12644
HS	787	0	73	12717
HS	786	0	70	12787
HS	785	0	66	12853
HS	784	0	75	12928
HS	783	0	78	13006
HS	782	0	103	13109
HS	781	0	75	13184
HS	780	0	79	13263
HS	779	0	94	13357
HS	778	0	84	13441
HS	777	0	100	13541
HS	776	0	97	13638
HS	775	0	96	13734
HS	774	0	72	13806
HS	773	0	93	13899
HS	772	0	103	14002
HS	771	0	104	14106
HS	770	0	106	14212
HS	769	0	103	14315
HS	768	0	102	14417
HS	767	0	91	14508
HS	766	0	99	14607
HS	765	0	100	14707
HS	764	0	111	14818
HS	763	0	110	14928
HS	762	0	107	15035
HS	761	0	111	15146
HS	760	0	99	15245
HS	759	0	122	15367
HS	758	0	121	15488
HS	757	0	120	15608
HS	756	0	125	15733
HS	755	0	122	15855
HS	754	0	140	15995
HS	753	0	124	16119
HS	752	0	105	16224
HS	751	0	141	16365
HS	750	0	127	16492
HS	749	0	147	16639
HS	748	0	124	16763
HS	747	0	110	16873
HS	746	0	122	16995
HS	745	0	118	17113
HS	744	0	124	17237
HS	743	0	128	17365
HS	742	0	138	17503
HS	741	0	157	17660
HS	740	0	141	17801
HS	739	0	135	17936
HS	738	0	144	18080
HS	737	0	170	18250
HS	736	0	150	18400
HS	735	0	149	18549
HS	734	0	115	18664
HS	733	0	165	18829
HS	732	0	181	19010
HS	731	0	170	19180
HS	730	0	169	19349
HS	729	0	169	19518
HS	728	0	182	19700
HS	727	0	198	19898
HS	726	0	194	20092
HS	725	0	177	20269
HS	724	0	187	20456
HS	723	0	184	20640
HS	722	0	233	20873
HS	721	0	188	21061
HS	720	0	179	21240
HS	719	0	175	21415
HS	718	0	231	21646
HS	717	0	221	21867
HS	716	0	216	22083
HS	715	0	210	22293
HS	714	0	227	22520
HS	713	0	219	22739
HS	712	0	245	22984
HS	711	0	216	23200
HS	710	0	228	23428
HS	709	0	259	23687
HS	708	0	243	23930
HS	707	0	296	24226
HS	706	0	253	24479
HS	705	0	263	24742
HS	704	0	265	25007
HS	703	0	281	25288
HS	702	0	293	25581
HS	701	0	313	25894
HS	700	0	315	26209
HS	699	0	289	26498
HS	698	0	303	26801
HS	697	0	294	27095
HS	696	0	350	27445
HS	695	0	340	27785
HS	694	0	307	28092
HS	693	0	308	28400
HS	692	0	302	28702
HS	691	0	342	29044
HS	690	0	304	29348
HS	689	0	342	29690
HS	688	0	338	30028
HS	687	0	380	30408
HS	686	0	362	30770
HS	685	0	338	31108
HS	684	0	358	31466
HS	683	0	360	31826
HS	682	0	352	32178
HS	681	0	368	32546
HS	680	0	404	32950
HS	679	0	380	33330
HS	678	0	378	33708
HS	677	0	400	34108
HS	676	0	396	34504
HS	675	0	440	34944
HS	674	0	439	35383
HS	673	0	462	35845
HS	672	0	418	36263
HS	671	0	452	36715
HS	670	0	467	37182
HS	669	0	460	37642
HS	668	0	482	38124
HS	667	0	439	38563
HS	666	0	478	39041
HS	665	0	492	39533
HS	664	0	476	40009
HS	663	0	465	40474
HS	662	0	460	40934
HS	661	0	506	41440
HS	660	0	473	41913
HS	659	0	529	42442
HS	658	0	470	42912
HS	657	0	555	43467
HS	656	0	566	44033
HS	655	0	513	44546
HS	654	0	527	45073
HS	653	0	577	45650
HS	652	0	578	46228
HS	651	0	578	46806
HS	650	0	560	47366
HS	649	0	566	47932
HS	648	0	594	48526
HS	647	0	639	49165
HS	646	0	580	49745
HS	645	0	606	50351
HS	644	0	621	50972
HS	643	0	659	51631
HS	642	0	663	52294
HS	641	0	690	52984
HS	640	0	675	53659
HS	639	0	687	54346
HS	638	0	665	55011
HS	637	0	732	55743
HS	636	0	709	56452
HS	635	0	686	57138
HS	634	0	754	57892
HS	633	0	758	58650
HS	632	0	744	59394
HS	631	0	746	60140
HS	630	0	738	60878
HS	629	0	785	61663
HS	628	0	778	62441
HS	627	0	808	63249
HS	626	0	739	63988
HS	625	0	800	64788
HS	624	0	761	65549
HS	623	0	793	66342
HS	622	0	894	67236
HS	621	0	878	68114
HS	620	0	835	68949
HS	619	0	835	69784
HS	618	0	898	70682
HS	617	0	881	71563
HS	616	0	926	72489
HS	615	0	914	73403
HS	614	0	981	74384
HS	613	0	988	75372
HS	612	0	1030	76402
HS	611	0	1022	77424
HS	610	0	1011	78435
HS	609	0	1014	79449
HS	608	0	1087	80536
HS	607	0	1079	81615
HS	606	0	1124	82739
HS	605	0	1088	83827
HS	604	0	1153	84980
HS	603	0	1125	86105
HS	602	0	1166	87271
HS	601	0	1148	88419
HS	600	0	1164	89583
HS	599	0	1164	90747
HS	598	0	1283	92030
HS	597	0	1231	93261
HS	596	0	1234	94495
HS	595	0	1223	95718
HS	594	0	1247	96965
HS	593	0	1256	98221
HS	592	0	1299	99520
HS	591	0	1254	100774
HS	590	0	1294	102068
HS	589	0	1283	103351
HS	588	0	1363	104714
HS	587	0	1386	106100
HS	586	0	1405	107505
HS	585	0	1441	108946
HS	584	0	1439	110385
HS	583	0	1377	111762
HS	582	0	1363	113125
HS	581	0	1428	114553
HS	580	0	1488	116041
HS	579	0	1469	117510
HS	578	0	1496	119006
HS	577	0	1593	120599
HS	576	0	1633	122232
HS	575	0	1614	123846
HS	574	0	1675	125521
HS	573	0	1557	127078
HS	572	0	1661	128739
HS	571	0	1734	130473
HS	570	0	1714	132187
HS	569	0	1693	133880
HS	568	0	1750	135630
HS	567	0	1780	137410
HS	566	0	1776	139186
HS	565	0	1771	140957
HS	564	0	1785	142742
HS	563	0	1708	144450
HS	562	0	1755	146205
HS	561	0	1804	148009
HS	560	0	1838	149847
HS	559	0	1862	151709
HS	558	0	1830	153539
HS	557	0	1853	155392
HS	556	0	1892	157284
HS	555	0	1898	159182
HS	554	0	1933	161115
HS	553	0	1999	163114
HS	552	0	1986	165100
HS	551	0	1981	167081
HS	550	0	1906	168987
HS	549	0	1994	170981
HS	548	0	2028	173009
HS	547	0	2015	175024
HS	546	0	2093	177117
HS	545	0	2228	179345
HS	544	0	2133	181478
HS	543	0	2091	183569
HS	542	0	2153	185722
HS	541	0	2205	187927
HS	540	0	2245	190172
HS	539	0	2299	192471
HS	538	0	2290	194761
HS	537	0	2313	197074
HS	536	0	2292	199366
HS	535	0	2286	201652
HS	534	0	2387	204039
HS	533	0	2496	206535
HS	532	0	2488	209023
HS	531	0	2485	211508
HS	530	0	2456	213964
HS	529	0	2467	216431
HS	528	0	2535	218966
HS	527	0	2450	221416
HS	526	0	2547	223963
HS	525	0	2588	226551
HS	524	0	2638	229189
HS	523	0	2566	231755
HS	522	0	2520	234275
HS	521	0	2632	236907
HS	520	0	2681	239588
HS	519	0	2701	242289
HS	518	0	2638	244927
HS	517	0	2607	247534
HS	516	0	2611	250145
HS	515	0	2622	252767
HS	514	0	2727	255494
HS	513	0	2727	258221
HS	512	0	2761	260982
HS	511	0	2827	263809
HS	510	0	2766	266575
HS	509	0	2822	269397
HS	508	0	2819	272216
HS	507	0	2831	275047
HS	506	0	2961	278008
HS	505	0	2932	280940
HS	504	0	2979	283919
HS	503	0	3093	287012
HS	502	0	2997	290009
HS	501	0	3110	293119
HS	500	0	3024	296143
HS	499	0	3076	299219
HS	498	0	3151	302370
HS	497	0	3089	305459
HS	496	0	3164	308623
HS	495	0	3250	311873
HS	494	0	3274	315147
HS	493	0	3196	318343
HS	492	0	3315	321658
HS	491	0	3284	324942
HS	490	0	3315	328257
HS	489	0	3415	331672
HS	488	0	3384	335056
HS	487	0	3399	338455
HS	486	0	3351	341806
HS	485	0	3470	345276
HS	484	0	3442	348718
HS	483	0	3425	352143
HS	482	0	3449	355592
HS	481	0	3534	359126
HS	480	0	3580	362706
HS	479	0	3686	366392
HS	478	0	3670	370062
HS	477	0	3622	373684
HS	476	0	3717	377401
HS	475	0	3657	381058
HS	474	0	3585	384643
HS	473	0	3712	388355
HS	472	0	3639	391994
HS	471	0	3828	395822
HS	470	0	3724	399546
HS	469	0	3682	403228
HS	468	0	3788	407016
HS	467	0	3802	410818
HS	466	0	3847	414665
HS	465	0	3862	418527
HS	464	0	3955	422482
HS	463	0	3969	426451
HS	462	0	3899	430350
HS	461	0	4063	434413
HS	460	0	3970	438383
HS	459	0	3961	442344
HS	458	0	3958	446302
HS	457	0	4131	450433
HS	456	0	4025	454458
HS	455	0	4146	458604
HS	454	0	4292	462896
HS	453	0	4172	467068
HS	452	0	4286	471354
HS	451	0	4274	475628
HS	450	0	4374	480002
HS	449	0	4477	484479
HS	448	0	4476	488955
HS	447	0	4474	493429
HS	446	0	4557	497986
HS	445	0	4564	502550
HS	444	0	4659	507209
HS	443	0	4574	511783
HS	442	0	4618	516401
HS	441	0	4715	521116
HS	440	0	4719	525835
HS	439	0	4790	530625
HS	438	0	4800	535425
HS	437	0	4832	540257
HS	436	0	4832	545089
HS	435	0	5010	550099
HS	434	0	4912	555011
HS	433	0	4820	559831
HS	432	0	4893	564724
HS	431	0	4850	569574
HS	430	0	4919	574493
HS	429	0	4938	579431
HS	428	0	5098	584529
HS	427	0	5129	589658
HS	426	0	5240	594898
HS	425	0	5327	600225
HS	424	0	5103	605328
HS	423	0	5331	610659
HS	422	0	5225	615884
HS	421	0	5125	621009
HS	420	0	5339	626348
HS	419	0	5284	631632
HS	418	0	5221	636853
HS	417	0	5249	642102
HS	416	0	5340	647442
HS	415	0	5433	652875
HS	414	0	5409	658284
HS	413	0	5445	663729
HS	412	0	5590	669319
HS	411	0	5606	674925
HS	410	0	5541	680466
HS	409	0	5653	686119
HS	408	0	5837	691956
HS	407	0	5710	697666
HS	406	0	5705	703371
HS	405	0	5932	709303
HS	404	0	5807	715110
HS	403	0	5850	720960
HS	402	0	5812	726772
HS	401	0	6055	732827
HS	400	0	5903	738730
HS	399	0	6113	744843
HS	398	0	6028	750871
HS	397	0	6093	756964
HS	396	0	6145	763109
HS	395	0	6033	769142
HS	394	0	6248	775390
HS	393	0	6189	781579
HS	392	0	6296	787875
HS	391	0	6368	794243
HS	390	0	6551	800794
HS	389	0	6500	807294
HS	388	0	6545	813839
HS	387	0	6640	820479
HS	386	0	6526	827005
HS	385	0	6657	833662
HS	384	0	6566	840228
HS	383	0	6540	846768
HS	382	0	6568	853336
HS	381	0	6649	859985
HS	380	0	6630	866615
HS	379	0	6616	873231
HS	378	0	6734	879965
HS	377	0	6764	886729
HS	376	0	6753	893482
HS	375	0	6992	900474
HS	374	0	6783	907257
HS	373	0	6699	913956
HS	372	0	7050	921006
HS	371	0	6977	927983
HS	370	0	6931	934914
HS	369	0	7088	942002
HS	368	0	6981	948983
HS	367	0	7102	956085
HS	366	0	7286	963371
HS	365	0	7252	970623
HS	364	0	7222	977845
HS	363	0	7103	984948
HS	362	0	7156	992104
HS	361	0	7262	999366
HS	360	0	7361	1006727
HS	359	0	7468	1014195
HS	358	0	7426	1021621
HS	357	0	7413	1029034
HS	356	0	7480	1036514
HS	355	0	7339	1043853
HS	354	0	7646	1051499
HS	353	0	7705	1059204
HS	352	0	7602	1066806
HS	351	0	7666	1074472
HS	350	0	7665	1082137
HS	349	0	7657	1089794
HS	348	0	7813	1097607
HS	347	0	7824	1105431
HS	346	0	7774	1113205
HS	345	0	7927	1121132
HS	344	0	7903	1129035
HS	343	0	7753	1136788
HS	342	0	7915	1144703
HS	341	0	7921	1152624
HS	340	0	7809	1160433
HS	339	0	7934	1168367
HS	338	0	8017	1176384
HS	337	0	8018	1184402
HS	336	0	7995	1192397
HS	335	0	7946	1200343
HS	334	0	7999	1208342
HS	333	0	7941	1216283
HS	332	0	8225	1224508
HS	331	0	8137	1232645
HS	330	0	8105	1240750
HS	329	0	8367	1249117
HS	328	0	8144	1257261
HS	327	0	8214	1265475
HS	326	0	8274	1273749
HS	325	0	8480	1282229
HS	324	0	8388	1290617
HS	323	0	8593	1299210
HS	322	0	8658	1307868
HS	321	0	8666	1316534
HS	320	0	8614	1325148
HS	319	0	8622	1333770
HS	318	0	8851	1342621
HS	317	0	8654	1351275
HS	316	0	8775	1360050
HS	315	0	8850	1368900
HS	314	0	8749	1377649
HS	313	0	8971	1386620
HS	312	0	8907	1395527
HS	311	0	9088	1404615
HS	310	0	9203	1413818
HS	309	0	9183	1423001
HS	308	0	9394	1432395
HS	307	0	9278	1441673
HS	306	0	9385	1451058
HS	305	0	9345	1460403
HS	304	0	9491	1469894
HS	303	0	9633	1479527
HS	302	0	9263	1488790
HS	301	0	9416	1498206
HS	300	0	9662	1507868
HS	299	0	9510	1517378
HS	298	0	9804	1527182
HS	297	0	9850	1537032
HS	296	0	9848	1546880
HS	295	0	9853	1556733
HS	294	0	10178	1566911
HS	293	0	10107	1577018
HS	292	0	10153	1587171
HS	291	0	10164	1597335
HS	290	0	10157	1607492
HS	289	0	10063	1617555
HS	288	0	10246	1627801
HS	287	0	10542	1638343
HS	286	0	10394	1648737
HS	285	0	10588	1659325
HS	284	0	10766	1670091
HS	283	0	10490	1680581
HS	282	0	10765	1691346
HS	281	0	10806	1702152
HS	280	0	10797	1712949
HS	279	0	11019	1723968
HS	278	0	11125	1735093
HS	277	0	11005	1746098
HS	276	0	11082	1757180
HS	275	0	11112	1768292
HS	274	0	11294	1779586
HS	273	0	11129	1790715
HS	272	0	11381	1802096
HS	271	0	11276	1813372
HS	270	0	11364	1824736
HS	269	0	11536	1836272
HS	268	0	11532	1847804
HS	267	0	11471	1859275
HS	266	0	11497	1870772
HS	265	0	11831	1882603
HS	264	0	11672	1894275
HS	263	0	11604	1905879
HS	262	0	11902	1917781
HS	261	0	12032	1929813
HS	260	0	12210	1942023
HS	259	0	12074	1954097
HS	258	0	12059	1966156
HS	257	0	12283	1978439
HS	256	0	11929	1990368
HS	255	0	12180	2002548
HS	254	0	12217	2014765
HS	253	0	12097	2026862
HS	252	0	12236	2039098
HS	251	0	12294	2051392
HS	250	0	12328	2063720
HS	249	0	12461	2076181
HS	248	0	12440	2088621
HS	247	0	12741	2101362
HS	246	0	12909	2114271
HS	245	0	12876	2127147
HS	244	0	13184	2140331
HS	243	0	13309	2153640
HS	242	0	13302	2166942
HS	241	0	13468	2180410
HS	240	0	13697	2194107
HS	239	0	13733	2207840
HS	238	0	13776	2221616
HS	237	0	13765	2235381
HS	236	0	13951	2249332
HS	235	0	13875	2263207
HS	234	0	13813	2277020
HS	233	0	13817	2290837
HS	232	0	13837	2304674
HS	231	0	13995	2318669
HS	230	0	14080	2332749
HS	229	0	14156	2346905
HS	228	0	14104	2361009
HS	227	0	13951	2374960
HS	226	0	14174	2389134
HS	225	0	13984	2403118
HS	224	0	13981	2417099
HS	223	0	14118	2431217
HS	222	0	14038	2445255
HS	221	0	14074	2459329
HS	220	0	14214	2473543
HS	219	0	13927	2487470
HS	218	0	13963	2501433
HS	217	0	13802	2515235
HS	216	0	13595	2528830
HS	215	0	13953	2542783
HS	214	0	13978	2556761
HS	213	0	14067	2570828
HS	212	0	14118	2584946
HS	211	0	14065	2599011
HS	210	0	13959	2612970
HS	209	0	14057	2627027
HS	208	0	13984	2641011
HS	207	0	13835	2654846
HS	206	0	13793	2668639
HS	205	0	13938	2682577
HS	204	0	14171	2696748
HS	203	0	13856	2710604
HS	202	0	13990	2724594
HS	201	0	13793	2738387
HS	200	0	13757	2752144
HS	199	0	14186	2766330
HS	198	0	14280	2780610
HS	197	0	14127	2794737
HS	196	0	14475	2809212
HS	195	0	14220	2823432
HS	194	0	13877	2837309
HS	193	0	13836	2851145
HS	192	0	13868	2865013
HS	191	0	13815	2878828
HS	190	0	13655	2892483
HS	189	0	13833	2906316
HS	188	0	13496	2919812
HS	187	0	13669	2933481
HS	186	0	13560	2947041
HS	185	0	13069	2960110
HS	184	0	13382	2973492
HS	183	0	13246	2986738
HS	182	0	13178	2999916
HS	181	0	13129	3013045
HS	180	0	12867	3025912
HS	179	0	13092	3039004
HS	178	0	13092	3052096
HS	177	0	13270	3065366
HS	176	0	12931	3078297
HS	175	0	13120	3091417
HS	174	0	13001	3104418
HS	173	0	12993	3117411
HS	172	0	12926	3130337
HS	171	0	12719	3143056
HS	170	0	12887	3155943
HS	169	0	12894	3168837
HS	168	0	12636	3181473
HS	167	0	12636	3194109
HS	166	0	12867	3206976
HS	165	0	12400	3219376
HS	164	0	12345	3231721
HS	163	0	12385	3244106
HS	162	0	12159	3256265
HS	161	0	12248	3268513
HS	160	0	12064	3280577
HS	159	0	11944	3292521
HS	158	0	12145	3304666
HS	157	0	12111	3316777
HS	156	0	11950	3328727
HS	155	0	12126	3340853
HS	154	0	11562	3352415
HS	153	0	11634	3364049
HS	152	0	11799	3375848
HS	151	0	11637	3387485
HS	150	0	11415	3398900
HS	149	0	11571	3410471
HS	148	0	11273	3421744
HS	147	0	11294	3433038
HS	146	0	11046	3444084
HS	145	0	11096	3455180
HS	144	0	10924	3466104
HS	143	0	10612	3476716
HS	142	0	10701	3487417
HS	141	0	10335	3497752
HS	140	0	10144	3507896
HS	139	0	10182	3518078
HS	138	0	9909	3527987
HS	137	0	9850	3537837
HS	136	0	9736	3547573
HS	135	0	9601	3557174
HS	134	0	9617	3566791
HS	133	0	9242	3576033
HS	132	0	9339	3585372
HS	131	0	9243	3594615
HS	130	0	9111	3603726
HS	129	0	9109	3612835
HS	128	0	8818	3621653
HS	127	0	8714	3630367
HS	126	0	8456	3638823
HS	125	0	8407	3647230
HS	124	0	8237	3655467
HS	123	0	8048	3663515
HS	122	0	7965	3671480
HS	121	0	7753	3679233
HS	120	0	7587	3686820
HS	119	0	7201	3694021
HS	118	0	7122	3701143
HS	117	0	6970	3708113
HS	116	0	6633	3714746
HS	115	0	6569	3721315
HS	114	0	6337	3727652
HS	113	0	6302	3733954
HS	112	0	6008	3739962
HS	111	0	5904	3745866
HS	110	0	5829	3751695
HS	109	0	5676	3757371
HS	108	0	5476	3762847
HS	107	0	5164	3768011
HS	106	0	5182	3773193
HS	105	0	4873	3778066
HS	104	0	4662	3782728
HS	103	0	4597	3787325
HS	102	0	4550	3791875
HS	101	0	4282	3796157
HS	100	0	4217	3800374
HS	99	0	3937	3804311
HS	98	0	3995	3808306
HS	97	0	3757	3812063
HS	96	0	3662	3815725
HS	95	0	3578	3819303
HS	94	0	3289	3822592
HS	93	0	3165	3825757
HS	92	0	3022	3828779
HS	91	0	2874	3831653
HS	90	0	2830	3834483
HS	89	0	2661	3837144
HS	88	0	2635	3839779
HS	87	0	2567	3842346
HS	86	0	2491	3844837
HS	85	0	2466	3847303
HS	84	0	2276	3849579
HS	83	0	2188	3851767
HS	82	0	2099	3853866
HS	81	0	1923	3855789
HS	80	0	1835	3857624
HS	79	0	1741	3859365
HS	78	0	1647	3861012
HS	77	0	1483	3862495
HS	76	0	1549	3864044
HS	75	0	1464	3865508
HS	74	0	1393	3866901
HS	73	0	1434	3868335
HS	72	0	1344	3869679
HS	71	0	1350	3871029
HS	70	0	1279	3872308
HS	69	0	1141	3873449
HS	68	0	1141	3874590
HS	67	0	1139	3875729
HS	66	0	1041	3876770
HS	65	0	988	3877758
HS	64	0	918	3878676
HS	63	0	801	3879477
HS	62	0	794	3880271
HS	61	0	741	3881012
HS	60	0	740	3881752
HS	59	0	727	3882479
HS	58	0	663	3883142
HS	57	0	679	3883821
HS	56	0	646	3884467
HS	55	0	717	3885184
HS	54	0	691	3885875
HS	53	0	755	3886630
HS	52	0	821	3887451
HS	51	0	801	3888252
HS	50	0	804	3889056
HS	49	0	784	3889840
HS	48	0	812	3890652
HS	47	0	903	3891555
HS	46	0	1033	3892588
HS	45	0	1094	3893682
HS	44	0	1190	3894872
HS	43	0	1364	3896236
HS	42	0	1518	3897754
HS	41	0	1698	3899452
HS	40	0	1846	3901298
HS	39	0	2001	3903299
HS	38	0	2341	3905640
HS	37	0	2535	3908175
HS	36	0	2595	3910770
HS	35	0	2978	3913748
HS	34	0	3207	3916955
HS	33	0	3735	3920690
HS	32	0	4112	3924802
HS	31	0	4552	3929354
HS	30	0	4893	3934247
HS	29	0	5810	3940057
HS	28	0	6504	3946561
HS	27	0	7097	3953658
HS	26	0	8214	3961872
HS	25	0	9474	3971346
HS	24	0	10691	3982037
HS	23	0	12210	3994247
HS	22	0	13840	4008087
HS	21	0	15909	4023996
HS	20	0	17866	4041862
HS	19	0	21515	4063377
HS	18	0	25072	4088449
HS	17	0	29196	4117645
HS	16	0	34432	4152077
HS	15	0	40337	4192414
HS	14	0	49276	4241690
HS	13	0	60351	4302041
HS	12	0	74957	4376998
HS	11	0	93628	4470626
HS	10	0	122723	4593349
HS	9	0	161364	4754713
HS	8	0	226426	4981139
HS	7	0	332806	5313945
HS	6	0	519730	5833675
HS	5	0	889479	6723154
HS	4	0	1764800	8487954
HS	3	0	4241485	12729439
HS	2	0	13623585	26353024
HS	1	0	0	26353024
HS	0	0	0	26353024
