CC	CT  kmer_occurrence    short_read_kmer_count  raw_input_kmer_count  adjusted_input_kmer_count
CC	FR  fpr_lower_bound    fpr_upper_bound
CC	ER  total_input_kmers  adjusted_error_kmers
CC	CV  coverage
CC	QV  raw_quality_value  adjusted_quality_value
CC
SQ	CP126591.1	232104	232074	232074	99.00
SQ	CP126592.1	600534	600504	600195	47.80
SQ	CP126590.1	5288525	5288495	5287882	54.27
CT	1023	1477	19853	19853.000
CT	1022	13	182	182.000
CT	1021	17	222	222.000
CT	1020	15	209	209.000
CT	1019	8	112	112.000
CT	1018	13	181	181.000
CT	1017	9	104	104.000
CT	1016	13	180	180.000
CT	1015	13	164	164.000
CT	1014	6	76	76.000
CT	1013	14	195	195.000
CT	1012	16	215	215.000
CT	1011	7	90	90.000
CT	1010	9	118	118.000
CT	1009	7	98	98.000
CT	1008	7	97	97.000
CT	1007	9	125	125.000
CT	1006	7	98	98.000
CT	1005	2	28	28.000
CT	1004	8	111	111.000
CT	1003	5	70	70.000
CT	1002	10	140	140.000
CT	1001	4	55	55.000
CT	1000	8	112	112.000
CT	999	8	111	111.000
CT	998	8	112	112.000
CT	997	6	84	84.000
CT	996	11	154	154.000
CT	995	7	98	98.000
CT	994	11	154	154.000
CT	993	10	140	140.000
CT	992	9	126	126.000
CT	991	7	97	97.000
CT	990	11	153	153.000
CT	989	2	28	28.000
CT	988	7	98	98.000
CT	987	12	168	168.000
CT	986	7	98	98.000
CT	985	12	166	166.000
CT	984	6	84	84.000
CT	983	7	98	98.000
CT	982	6	84	84.000
CT	981	7	98	98.000
CT	980	5	56	56.000
CT	979	8	112	112.000
CT	978	4	56	56.000
CT	977	8	112	112.000
CT	976	5	70	70.000
CT	975	8	112	112.000
CT	974	8	112	112.000
CT	973	10	131	131.000
CT	972	8	112	112.000
CT	971	7	98	98.000
CT	970	7	98	98.000
CT	969	8	94	94.000
CT	968	6	84	84.000
CT	967	7	89	89.000
CT	966	5	70	70.000
CT	965	11	152	152.000
CT	964	6	80	80.000
CT	963	9	126	126.000
CT	962	9	115	115.000
CT	961	8	112	112.000
CT	960	7	96	96.000
CT	959	9	126	126.000
CT	958	12	166	166.000
CT	957	6	84	84.000
CT	956	8	110	110.000
CT	955	13	182	182.000
CT	954	11	140	140.000
CT	953	9	126	126.000
CT	952	8	107	107.000
CT	951	9	126	126.000
CT	950	15	206	206.000
CT	949	13	179	179.000
CT	948	6	80	80.000
CT	947	12	152	152.000
CT	946	12	125	125.000
CT	945	3	42	42.000
CT	944	8	111	111.000
CT	943	10	113	113.000
CT	942	22	275	275.000
CT	941	11	136	136.000
CT	940	13	157	157.000
CT	939	13	135	135.000
CT	938	11	154	154.000
CT	937	8	112	112.000
CT	936	14	188	188.000
CT	935	5	62	62.000
CT	934	6	60	60.000
CT	933	10	131	131.000
CT	932	10	121	121.000
CT	931	10	131	131.000
CT	930	5	60	60.000
CT	929	10	124	124.000
CT	928	11	137	137.000
CT	927	9	110	110.000
CT	926	13	150	150.000
CT	925	9	109	109.000
CT	924	11	121	121.000
CT	923	9	109	109.000
CT	922	10	131	131.000
CT	921	5	38	38.000
CT	920	8	86	86.000
CT	919	8	96	96.000
CT	918	6	68	68.000
CT	917	14	140	140.000
CT	916	9	115	115.000
CT	915	8	104	104.000
CT	914	6	68	68.000
CT	913	10	124	124.000
CT	912	10	116	116.000
CT	911	9	111	111.000
CT	910	9	110	110.000
CT	909	14	187	187.000
CT	908	2	20	20.000
CT	907	1	14	14.000
CT	906	8	86	86.000
CT	905	8	89	89.000
CT	904	3	26	26.000
CT	903	4	47	47.000
CT	902	8	103	103.000
CT	901	8	86	86.000
CT	900	6	67	67.000
CT	899	10	139	139.000
CT	898	9	108	108.000
CT	897	8	90	90.000
CT	896	6	76	76.000
CT	895	9	102	102.000
CT	894	9	116	116.000
CT	893	5	70	70.000
CT	892	15	170	170.000
CT	891	7	90	90.000
CT	890	6	84	84.000
CT	889	9	118	118.000
CT	888	4	40	40.000
CT	887	5	70	70.000
CT	886	11	146	146.000
CT	885	13	174	174.000
CT	884	15	172	172.000
CT	883	11	129	129.000
CT	882	9	118	118.000
CT	881	11	137	137.000
CT	880	4	56	56.000
CT	879	14	188	188.000
CT	878	10	116	116.000
CT	877	15	202	202.000
CT	876	9	116	116.000
CT	875	5	70	70.000
CT	874	12	160	160.000
CT	873	11	130	130.000
CT	872	8	95	95.000
CT	871	12	159	159.000
CT	870	11	144	144.000
CT	869	17	214	214.000
CT	868	7	82	82.000
CT	867	11	135	135.000
CT	866	26	293	293.000
CT	865	14	172	172.000
CT	864	20	240	240.000
CT	863	22	281	281.000
CT	862	15	192	192.000
CT	861	17	203	203.000
CT	860	7	98	98.000
CT	859	13	171	171.000
CT	858	16	212	212.000
CT	857	12	122	122.000
CT	856	6	52	52.000
CT	855	13	156	156.000
CT	854	15	156	156.000
CT	853	7	88	88.000
CT	852	7	74	74.000
CT	851	16	166	166.000
CT	850	6	76	76.000
CT	849	13	155	155.000
CT	848	11	143	143.000
CT	847	10	109	109.000
CT	846	11	111	111.000
CT	845	15	164	164.000
CT	844	9	118	118.000
CT	843	7	69	69.000
CT	842	7	98	98.000
CT	841	11	125	125.000
CT	840	7	79	79.000
CT	839	10	132	132.000
CT	838	4	48	48.000
CT	837	11	143	143.000
CT	836	9	99	99.000
CT	835	10	121	121.000
CT	834	3	31	31.000
CT	833	7	90	90.000
CT	832	6	84	84.000
CT	831	7	70	70.000
CT	830	4	46	46.000
CT	829	6	62	62.000
CT	828	8	112	112.000
CT	827	8	84	84.000
CT	826	7	90	90.000
CT	825	10	106	106.000
CT	824	9	107	107.000
CT	823	5	51	51.000
CT	822	3	42	42.000
CT	821	7	74	74.000
CT	820	7	71	71.000
CT	819	6	68	68.000
CT	818	5	42	42.000
CT	817	12	134	134.000
CT	816	11	135	135.000
CT	815	11	138	138.000
CT	814	13	156	156.000
CT	813	10	124	124.000
CT	812	7	68	68.000
CT	811	8	104	104.000
CT	810	13	164	164.000
CT	809	10	108	108.000
CT	808	17	204	204.000
CT	807	14	187	187.000
CT	806	12	134	134.000
CT	805	14	162	162.000
CT	804	14	180	180.000
CT	803	12	144	144.000
CT	802	13	164	164.000
CT	801	10	140	140.000
CT	800	13	142	142.000
CT	799	11	130	130.000
CT	798	21	235	235.000
CT	797	11	145	145.000
CT	796	9	108	108.000
CT	795	10	108	108.000
CT	794	8	63	63.000
CT	793	9	94	94.000
CT	792	16	184	184.000
CT	791	6	60	60.000
CT	790	9	86	86.000
CT	789	10	124	124.000
CT	788	15	137	137.000
CT	787	10	121	121.000
CT	786	15	169	169.000
CT	785	15	160	160.000
CT	784	21	233	233.000
CT	783	11	122	122.000
CT	782	10	138	138.000
CT	781	27	272	272.000
CT	780	13	139	139.000
CT	779	20	231	231.000
CT	778	15	152	152.000
CT	777	21	228	228.000
CT	776	27	269	269.000
CT	775	22	235	235.000
CT	774	14	137	137.000
CT	773	25	279	279.000
CT	772	17	174	174.000
CT	771	21	203	203.000
CT	770	11	97	97.000
CT	769	19	197	197.000
CT	768	20	165	165.000
CT	767	12	119	119.000
CT	766	16	196	196.000
CT	765	16	178	178.000
CT	764	22	222	222.000
CT	763	17	190	190.000
CT	762	16	176	176.000
CT	761	25	259	259.000
CT	760	20	229	229.000
CT	759	16	200	200.000
CT	758	18	195	195.000
CT	757	15	162	162.000
CT	756	18	164	164.000
CT	755	16	175	175.000
CT	754	18	187	187.000
CT	753	19	225	225.000
CT	752	18	186	186.000
CT	751	16	160	160.000
CT	750	12	120	120.000
CT	749	16	136	136.000
CT	748	19	206	206.000
CT	747	20	191	191.000
CT	746	12	135	135.000
CT	745	18	160	160.000
CT	744	11	105	105.000
CT	743	14	164	164.000
CT	742	16	162	162.000
CT	741	16	160	160.000
CT	740	16	159	159.000
CT	739	20	198	198.000
CT	738	17	155	155.000
CT	737	16	156	156.000
CT	736	8	88	88.000
CT	735	13	128	128.000
CT	734	17	149	149.000
CT	733	18	180	180.000
CT	732	18	171	171.000
CT	731	27	279	279.000
CT	730	11	85	85.000
CT	729	17	126	126.000
CT	728	22	169	169.000
CT	727	12	128	128.000
CT	726	21	176	176.000
CT	725	18	171	171.000
CT	724	18	128	128.000
CT	723	17	148	148.000
CT	722	20	173	173.000
CT	721	24	237	237.000
CT	720	22	249	249.000
CT	719	18	149	149.000
CT	718	8	79	79.000
CT	717	13	149	149.000
CT	716	14	107	107.000
CT	715	21	200	200.000
CT	714	12	127	127.000
CT	713	22	226	226.000
CT	712	12	128	128.000
CT	711	16	170	170.000
CT	710	10	103	103.000
CT	709	11	90	90.000
CT	708	16	161	161.000
CT	707	16	179	179.000
CT	706	14	137	137.000
CT	705	11	110	110.000
CT	704	14	128	128.000
CT	703	14	135	135.000
CT	702	13	150	150.000
CT	701	13	139	139.000
CT	700	12	133	133.000
CT	699	10	93	93.000
CT	698	8	58	58.000
CT	697	10	70	70.000
CT	696	11	100	100.000
CT	695	11	76	76.000
CT	694	8	88	88.000
CT	693	10	109	109.000
CT	692	8	72	72.000
CT	691	9	96	96.000
CT	690	12	118	118.000
CT	689	18	146	146.000
CT	688	9	63	63.000
CT	687	18	157	157.000
CT	686	6	47	47.000
CT	685	13	111	111.000
CT	684	14	119	119.000
CT	683	12	105	105.000
CT	682	13	101	101.000
CT	681	14	135	135.000
CT	680	12	132	132.000
CT	679	19	206	206.000
CT	678	16	143	143.000
CT	677	14	152	152.000
CT	676	11	111	111.000
CT	675	11	91	91.000
CT	674	15	149	149.000
CT	673	12	98	98.000
CT	672	9	49	49.000
CT	671	8	61	61.000
CT	670	7	67	67.000
CT	669	12	92	92.000
CT	668	11	85	85.000
CT	667	8	76	76.000
CT	666	12	82	82.000
CT	665	13	107	107.000
CT	664	9	61	61.000
CT	663	7	42	42.000
CT	662	10	62	62.000
CT	661	8	57	57.000
CT	660	8	61	61.000
CT	659	9	66	66.000
CT	658	7	52	52.000
CT	657	8	75	75.000
CT	656	8	62	62.000
CT	655	11	82	82.000
CT	654	6	42	42.000
CT	653	6	54	54.000
CT	652	13	73	73.000
CT	651	7	45	45.000
CT	650	7	48	48.000
CT	649	12	117	117.000
CT	648	8	60	60.000
CT	647	12	87	87.000
CT	646	12	73	73.000
CT	645	12	118	118.000
CT	644	12	107	107.000
CT	643	14	81	81.000
CT	642	12	58	58.000
CT	641	17	154	154.000
CT	640	11	89	89.000
CT	639	13	111	111.000
CT	638	12	66	66.000
CT	637	17	108	108.000
CT	636	11	65	65.000
CT	635	18	138	138.000
CT	634	11	74	74.000
CT	633	9	82	82.000
CT	632	24	183	183.000
CT	631	8	46	46.000
CT	630	12	100	100.000
CT	629	23	135	135.000
CT	628	15	66	66.000
CT	627	19	91	91.000
CT	626	18	121	121.000
CT	625	13	73	73.000
CT	624	16	122	122.000
CT	623	12	60	60.000
CT	622	14	59	59.000
CT	621	9	73	73.000
CT	620	19	115	115.000
CT	619	10	61	61.000
CT	618	19	141	141.000
CT	617	8	41	41.000
CT	616	13	88	88.000
CT	615	20	143	143.000
CT	614	17	73	73.000
CT	613	12	79	79.000
CT	612	14	95	95.000
CT	611	19	135	135.000
CT	610	17	89	89.000
CT	609	16	145	145.000
CT	608	16	64	64.000
CT	607	8	48	48.000
CT	606	14	65	65.000
CT	605	12	75	75.000
CT	604	28	144	144.000
CT	603	20	134	134.000
CT	602	17	95	95.000
CT	601	17	69	69.000
CT	600	14	68	68.000
CT	599	21	148	148.000
CT	598	15	94	94.000
CT	597	15	74	74.000
CT	596	19	105	105.000
CT	595	18	98	98.000
CT	594	15	116	116.000
CT	593	17	54	54.000
CT	592	22	112	112.000
CT	591	20	118	118.000
CT	590	14	59	59.000
CT	589	13	67	67.000
CT	588	16	91	91.000
CT	587	19	94	94.000
CT	586	8	35	35.000
CT	585	22	142	142.000
CT	584	21	85	85.000
CT	583	20	75	75.000
CT	582	6	33	33.000
CT	581	18	100	100.000
CT	580	19	98	98.000
CT	579	17	83	83.000
CT	578	20	79	79.000
CT	577	8	21	21.000
CT	576	12	48	48.000
CT	575	17	104	104.000
CT	574	20	111	111.000
CT	573	18	79	79.000
CT	572	20	90	90.000
CT	571	15	81	81.000
CT	570	11	64	64.000
CT	569	20	90	90.000
CT	568	14	69	69.000
CT	567	16	52	52.000
CT	566	18	93	93.000
CT	565	20	78	78.000
CT	564	20	110	110.000
CT	563	18	78	78.000
CT	562	17	74	74.000
CT	561	15	74	74.000
CT	560	18	83	83.000
CT	559	15	98	98.000
CT	558	23	72	72.000
CT	557	20	100	100.000
CT	556	15	54	54.000
CT	555	22	80	80.000
CT	554	36	163	163.000
CT	553	17	61	61.000
CT	552	25	128	128.000
CT	551	24	105	105.000
CT	550	17	51	51.000
CT	549	27	91	91.000
CT	548	24	78	78.000
CT	547	28	112	112.000
CT	546	24	91	91.000
CT	545	29	85	85.000
CT	544	23	93	93.000
CT	543	15	53	53.000
CT	542	20	121	121.000
CT	541	26	110	110.000
CT	540	20	63	63.000
CT	539	33	169	169.000
CT	538	22	101	101.000
CT	537	30	112	112.000
CT	536	21	109	109.000
CT	535	22	62	62.000
CT	534	19	65	65.000
CT	533	19	54	54.000
CT	532	22	82	82.000
CT	531	7	28	28.000
CT	530	14	46	46.000
CT	529	18	74	74.000
CT	528	21	62	62.000
CT	527	26	60	60.000
CT	526	27	58	58.000
CT	525	31	83	83.000
CT	524	33	115	115.000
CT	523	25	66	66.000
CT	522	38	114	114.000
CT	521	28	97	97.000
CT	520	26	68	68.000
CT	519	19	62	62.000
CT	518	15	57	57.000
CT	517	26	72	72.000
CT	516	23	116	116.000
CT	515	28	75	75.000
CT	514	26	68	68.000
CT	513	24	68	68.000
CT	512	30	84	84.000
CT	511	36	131	131.000
CT	510	27	76	76.000
CT	509	28	74	74.000
CT	508	26	77	77.000
CT	507	33	123	123.000
CT	506	30	109	109.000
CT	505	37	149	149.000
CT	504	25	73	73.000
CT	503	36	83	83.000
CT	502	42	94	94.000
CT	501	34	95	95.000
CT	500	29	80	80.000
CT	499	32	115	115.000
CT	498	24	57	57.000
CT	497	29	92	92.000
CT	496	34	123	123.000
CT	495	24	67	67.000
CT	494	34	92	92.000
CT	493	37	107	107.000
CT	492	39	94	94.000
CT	491	36	94	94.000
CT	490	40	124	124.000
CT	489	38	98	98.000
CT	488	40	122	122.000
CT	487	42	150	150.000
CT	486	37	106	106.000
CT	485	33	83	83.000
CT	484	47	151	151.000
CT	483	35	83	83.000
CT	482	35	90	90.000
CT	481	47	122	122.000
CT	480	36	91	91.000
CT	479	38	101	101.000
CT	478	36	84	84.000
CT	477	40	96	96.000
CT	476	43	112	112.000
CT	475	47	120	120.000
CT	474	42	115	115.000
CT	473	42	128	128.000
CT	472	41	102	102.000
CT	471	35	86	86.000
CT	470	33	81	81.000
CT	469	41	128	128.000
CT	468	33	86	86.000
CT	467	34	84	84.000
CT	466	25	98	98.000
CT	465	24	64	64.000
CT	464	21	45	45.000
CT	463	27	75	75.000
CT	462	39	121	121.000
CT	461	43	108	108.000
CT	460	46	135	135.000
CT	459	28	75	75.000
CT	458	43	116	116.000
CT	457	38	96	96.000
CT	456	37	98	98.000
CT	455	42	124	124.000
CT	454	52	105	105.000
CT	453	56	143	143.000
CT	452	64	162	162.000
CT	451	51	115	115.000
CT	450	52	120	120.000
CT	449	46	123	123.000
CT	448	49	112	112.000
CT	447	49	99	99.000
CT	446	44	101	101.000
CT	445	38	85	85.000
CT	444	54	126	126.000
CT	443	50	112	112.000
CT	442	62	134	134.000
CT	441	68	171	171.000
CT	440	47	111	111.000
CT	439	49	107	107.000
CT	438	60	132	132.000
CT	437	58	127	127.000
CT	436	54	134	134.000
CT	435	60	141	141.000
CT	434	66	151	151.000
CT	433	58	141	141.000
CT	432	62	133	133.000
CT	431	81	187	187.000
CT	430	53	128	128.000
CT	429	83	187	187.000
CT	428	73	178	178.000
CT	427	68	144	144.000
CT	426	84	178	178.000
CT	425	67	135	135.000
CT	424	74	158	158.000
CT	423	91	208	208.000
CT	422	69	143	143.000
CT	421	73	141	141.000
CT	420	78	166	166.000
CT	419	66	136	136.000
CT	418	79	140	140.000
CT	417	109	206	206.000
CT	416	110	202	202.000
CT	415	105	223	223.000
CT	414	92	186	186.000
CT	413	127	255	255.000
CT	412	110	219	219.000
CT	411	109	192	192.000
CT	410	93	172	172.000
CT	409	107	202	202.000
CT	408	113	228	228.000
CT	407	88	161	161.000
CT	406	107	217	217.000
CT	405	129	268	268.000
CT	404	98	170	170.000
CT	403	122	243	243.000
CT	402	97	185	185.000
CT	401	117	246	246.000
CT	400	126	241	241.000
CT	399	126	232	232.000
CT	398	127	263	263.000
CT	397	109	219	219.000
CT	396	121	242	242.000
CT	395	127	235	235.000
CT	394	159	316	316.000
CT	393	146	269	269.000
CT	392	144	274	274.000
CT	391	145	267	267.000
CT	390	136	226	226.000
CT	389	139	221	221.000
CT	388	145	254	254.000
CT	387	171	311	311.000
CT	386	162	255	255.000
CT	385	161	256	256.000
CT	384	172	300	300.000
CT	383	180	277	277.000
CT	382	196	310	310.000
CT	381	163	272	272.000
CT	380	175	279	279.000
CT	379	157	280	280.000
CT	378	202	318	318.000
CT	377	176	264	264.000
CT	376	212	317	317.000
CT	375	212	333	333.000
CT	374	231	378	378.000
CT	373	172	294	294.000
CT	372	191	302	302.000
CT	371	181	290	290.000
CT	370	181	278	278.000
CT	369	207	321	321.000
CT	368	218	349	349.000
CT	367	226	354	354.000
CT	366	214	357	357.000
CT	365	246	390	390.000
CT	364	223	346	346.000
CT	363	246	382	382.000
CT	362	227	337	337.000
CT	361	210	320	320.000
CT	360	275	413	413.000
CT	359	261	404	404.000
CT	358	283	423	423.000
CT	357	251	368	368.000
CT	356	278	411	411.000
CT	355	281	421	421.000
CT	354	235	352	352.000
CT	353	277	380	380.000
CT	352	272	374	374.000
CT	351	278	405	405.000
CT	350	290	408	408.000
CT	349	293	420	420.000
CT	348	288	411	411.000
CT	347	295	413	413.000
CT	346	295	436	436.000
CT	345	293	406	406.000
CT	344	307	443	443.000
CT	343	344	474	474.000
CT	342	317	458	458.000
CT	341	375	516	516.000
CT	340	338	470	470.000
CT	339	386	524	524.000
CT	338	389	559	559.000
CT	337	383	522	522.000
CT	336	402	535	535.000
CT	335	387	518	518.000
CT	334	396	559	559.000
CT	333	424	584	584.000
CT	332	415	605	605.000
CT	331	445	596	596.000
CT	330	412	562	562.000
CT	329	456	626	626.000
CT	328	437	576	576.000
CT	327	466	608	608.000
CT	326	461	582	582.000
CT	325	509	660	660.000
CT	324	463	599	599.000
CT	323	488	635	635.000
CT	322	526	676	676.000
CT	321	539	689	689.000
CT	320	553	713	713.000
CT	319	589	735	735.000
CT	318	562	707	707.000
CT	317	572	701	701.000
CT	316	594	780	780.000
CT	315	606	759	759.000
CT	314	644	812	812.000
CT	313	651	835	835.000
CT	312	621	760	760.000
CT	311	693	847	847.000
CT	310	603	757	757.000
CT	309	645	825	825.000
CT	308	648	780	780.000
CT	307	648	823	823.000
CT	306	680	827	827.000
CT	305	701	852	852.000
CT	304	754	913	913.000
CT	303	800	932	932.000
CT	302	751	893	893.000
CT	301	734	889	889.000
CT	300	722	857	857.000
CT	299	840	983	983.000
CT	298	793	932	932.000
CT	297	842	968	968.000
CT	296	862	1002	1002.000
CT	295	812	929	929.000
CT	294	875	1016	1016.000
CT	293	836	1003	1003.000
CT	292	870	1014	1014.000
CT	291	915	1039	1039.000
CT	290	849	970	970.000
CT	289	953	1111	1111.000
CT	288	940	1088	1088.000
CT	287	966	1128	1128.000
CT	286	1011	1158	1158.000
CT	285	1089	1280	1280.000
CT	284	1047	1176	1176.000
CT	283	1061	1198	1198.000
CT	282	1074	1194	1194.000
CT	281	1116	1237	1237.000
CT	280	1136	1294	1294.000
CT	279	1190	1355	1355.000
CT	278	1217	1390	1390.000
CT	277	1128	1285	1285.000
CT	276	1147	1314	1314.000
CT	275	1148	1309	1309.000
CT	274	1286	1471	1471.000
CT	273	1299	1427	1427.000
CT	272	1300	1441	1441.000
CT	271	1347	1497	1497.000
CT	270	1385	1557	1557.000
CT	269	1385	1543	1543.000
CT	268	1505	1668	1668.000
CT	267	1496	1675	1675.000
CT	266	1570	1721	1721.000
CT	265	1665	1825	1825.000
CT	264	1721	1888	1888.000
CT	263	1694	1862	1862.000
CT	262	1676	1818	1818.000
CT	261	1826	1987	1987.000
CT	260	1788	1938	1938.000
CT	259	1811	1987	1987.000
CT	258	1814	1954	1954.000
CT	257	1859	2018	2018.000
CT	256	1879	1996	1996.000
CT	255	2003	2146	2146.000
CT	254	1906	2044	2044.000
CT	253	1958	2096	2096.000
CT	252	2018	2160	2160.000
CT	251	1964	2104	2104.000
CT	250	2049	2163	2163.000
CT	249	2168	2278	2278.000
CT	248	2042	2162	2162.000
CT	247	2145	2244	2244.000
CT	246	2118	2255	2255.000
CT	245	2220	2335	2335.000
CT	244	2158	2280	2280.000
CT	243	2238	2374	2374.000
CT	242	2267	2401	2401.000
CT	241	2476	2613	2613.000
CT	240	2469	2633	2633.000
CT	239	2561	2737	2737.000
CT	238	2698	2838	2838.000
CT	237	2735	2901	2901.000
CT	236	2743	2884	2884.000
CT	235	2760	2889	2889.000
CT	234	2801	2946	2946.000
CT	233	2908	3057	3057.000
CT	232	2983	3139	3139.000
CT	231	3096	3261	3261.000
CT	230	3125	3277	3277.000
CT	229	3181	3340	3340.000
CT	228	3312	3488	3488.000
CT	227	3310	3424	3424.000
CT	226	3359	3483	3483.000
CT	225	3353	3484	3484.000
CT	224	3629	3779	3779.000
CT	223	3743	3897	3897.000
CT	222	3810	3944	3944.000
CT	221	3975	4143	4143.000
CT	220	4003	4131	4131.000
CT	219	4144	4292	4292.000
CT	218	4241	4368	4368.000
CT	217	4239	4372	4372.000
CT	216	4379	4488	4488.000
CT	215	4591	4723	4723.000
CT	214	4642	4775	4775.000
CT	213	4838	4984	4984.000
CT	212	4799	4902	4902.000
CT	211	4855	4974	4974.000
CT	210	4936	5062	5062.000
CT	209	5201	5314	5314.000
CT	208	5292	5422	5422.000
CT	207	5423	5556	5556.000
CT	206	5605	5723	5723.000
CT	205	5642	5748	5748.000
CT	204	5746	5843	5843.000
CT	203	6046	6162	6162.000
CT	202	6307	6417	6417.000
CT	201	6208	6299	6299.000
CT	200	6503	6596	6596.000
CT	199	6601	6691	6691.000
CT	198	6866	6940	6940.000
CT	197	7065	7151	7151.000
CT	196	7176	7274	7274.000
CT	195	7334	7407	7407.000
CT	194	7766	7872	7872.000
CT	193	8043	8127	8127.000
CT	192	8327	8424	8424.000
CT	191	8406	8501	8501.000
CT	190	8709	8826	8826.000
CT	189	9031	9132	9132.000
CT	188	9416	9545	9545.000
CT	187	9677	9789	9789.000
CT	186	10162	10252	10252.000
CT	185	10446	10560	10560.000
CT	184	10820	10906	10906.000
CT	183	11179	11262	11262.000
CT	182	11651	11736	11736.000
CT	181	12301	12398	12398.000
CT	180	12683	12815	12815.000
CT	179	13239	13327	13327.000
CT	178	13583	13687	13687.000
CT	177	13919	14003	14003.000
CT	176	14742	14824	14824.000
CT	175	15456	15584	15584.000
CT	174	15750	15852	15852.000
CT	173	16326	16429	16429.000
CT	172	17160	17243	17243.000
CT	171	17431	17521	17521.000
CT	170	18266	18386	18386.000
CT	169	19326	19452	19452.000
CT	168	19755	19870	19870.000
CT	167	20457	20557	20557.000
CT	166	20911	20997	20997.000
CT	165	21809	21906	21906.000
CT	164	22697	22817	22817.000
CT	163	23399	23507	23507.000
CT	162	24354	24450	24450.000
CT	161	25426	25533	25533.000
CT	160	26307	26400	26400.000
CT	159	27443	27555	27555.000
CT	158	28369	28468	28468.000
CT	157	29516	29612	29612.000
CT	156	30447	30535	30535.000
CT	155	31239	31328	31328.000
CT	154	32253	32335	32335.000
CT	153	33920	34014	34014.000
CT	152	34964	35052	35052.000
CT	151	35868	35952	35952.000
CT	150	37103	37194	37194.000
CT	149	38369	38460	38460.000
CT	148	39811	39904	39904.000
CT	147	40491	40570	40570.000
CT	146	41891	41937	41937.000
CT	145	43170	43248	43248.000
CT	144	44211	44282	44282.000
CT	143	45323	45365	45365.000
CT	142	46888	46949	46949.000
CT	141	48402	48454	48454.000
CT	140	50056	50119	50119.000
CT	139	51217	51288	51288.000
CT	138	52201	52259	52259.000
CT	137	53450	53503	53503.000
CT	136	54915	55011	55011.000
CT	135	56331	56400	56400.000
CT	134	57768	57837	57837.000
CT	133	58688	58743	58743.000
CT	132	59905	59955	59955.000
CT	131	61032	61072	61072.000
CT	130	61841	61882	61882.000
CT	129	63673	63719	63719.000
CT	128	64185	64231	64231.000
CT	127	64917	64971	64971.000
CT	126	66289	66324	66324.000
CT	125	67272	67344	67344.000
CT	124	68208	68268	68268.000
CT	123	69362	69443	69443.000
CT	122	70098	70173	70173.000
CT	121	70717	70801	70801.000
CT	120	72000	72078	72078.000
CT	119	72670	72729	72729.000
CT	118	72995	73068	73068.000
CT	117	74082	74173	74173.000
CT	116	74096	74190	74190.000
CT	115	74470	74536	74536.000
CT	114	74080	74144	74144.000
CT	113	75195	75249	75249.000
CT	112	75017	75063	75063.000
CT	111	75373	75421	75421.000
CT	110	75074	75094	75094.000
CT	109	74995	75043	75043.000
CT	108	74278	74301	74301.000
CT	107	73855	73890	73890.000
CT	106	73066	73120	73120.000
CT	105	72109	72165	72165.000
CT	104	71434	71499	71499.000
CT	103	70654	70731	70731.000
CT	102	70056	70088	70088.000
CT	101	68564	68611	68611.000
CT	100	67685	67739	67739.000
CT	99	66708	66743	66743.000
CT	98	65835	65857	65857.000
CT	97	64290	64304	64304.000
CT	96	62458	62489	62489.000
CT	95	61129	61165	61165.000
CT	94	60276	60314	60314.000
CT	93	58843	58868	58868.000
CT	92	57697	57731	57731.000
CT	91	55868	55909	55909.000
CT	90	54394	54411	54411.000
CT	89	53134	53162	53162.000
CT	88	51630	51671	51671.000
CT	87	49723	49765	49765.000
CT	86	48393	48433	48433.000
CT	85	46903	46950	46950.000
CT	84	45242	45294	45294.000
CT	83	43803	43841	43841.000
CT	82	42394	42420	42420.000
CT	81	40734	40767	40767.000
CT	80	38502	38527	38527.000
CT	79	36933	36971	36971.000
CT	78	35456	35477	35477.000
CT	77	33419	33450	33450.000
CT	76	32492	32546	32546.000
CT	75	30796	30858	30858.000
CT	74	29466	29530	29530.000
CT	73	28034	28057	28057.000
CT	72	26632	26667	26667.000
CT	71	25029	25062	25062.000
CT	70	23475	23540	23540.000
CT	69	21959	22013	22013.000
CT	68	20853	20896	20896.000
CT	67	19743	19788	19788.000
CT	66	18424	18462	18462.000
CT	65	16944	16974	16974.000
CT	64	16309	16343	16343.000
CT	63	15455	15468	15468.000
CT	62	14093	14113	14113.000
CT	61	13429	13421	13421.000
CT	60	12261	12279	12279.000
CT	59	11347	11371	11371.000
CT	58	10287	10301	10301.000
CT	57	9469	9486	9486.000
CT	56	8936	8968	8968.000
CT	55	8054	8073	8073.000
CT	54	7301	7323	7323.000
CT	53	6727	6714	6714.000
CT	52	6157	6170	6170.000
CT	51	5631	5634	5634.000
CT	50	5175	5177	5177.000
CT	49	4767	4769	4769.000
CT	48	4081	4069	4069.000
CT	47	3770	3772	3772.000
CT	46	3474	3462	3462.000
CT	45	3253	3255	3255.000
CT	44	2853	2854	2854.000
CT	43	2590	2568	2568.000
CT	42	2369	2354	2354.000
CT	41	2279	2247	2247.000
CT	40	2129	2108	2108.000
CT	39	1986	1949	1949.000
CT	38	1844	1805	1805.000
CT	37	1672	1623	1623.000
CT	36	1428	1382	1382.000
CT	35	1243	1192	1192.000
CT	34	1209	1112	1112.000
CT	33	1157	1082	1082.000
CT	32	929	844	844.000
CT	31	811	738	738.000
CT	30	879	730	729.999
CT	29	935	742	741.999
CT	28	961	721	720.999
CT	27	880	633	632.999
CT	26	804	510	509.999
CT	25	930	519	518.998
CT	24	922	504	503.998
CT	23	935	405	404.998
CT	22	1157	478	477.997
CT	21	1194	419	418.997
CT	20	1486	336	335.996
CT	19	1964	326	325.994
CT	18	2552	270	269.991
CT	17	2918	297	296.990
CT	16	3539	248	247.987
CT	15	4827	225	224.982
CT	14	6367	173	172.976
CT	13	8339	163	162.968
CT	12	11259	117	116.957
CT	11	15782	110	109.939
CT	10	21300	133	132.918
CT	9	31163	162	161.880
CT	8	46248	161	160.822
CT	7	70518	118	117.728
CT	6	110522	91	90.573
CT	5	196596	43	42.240
CT	4	405205	31	29.433
CT	3	1130688	32	14.474
CT	2	5301767	41	6.300
CT	1	0	0	2.434
CT	0	0	922	0.838
FR	2.04e-06	7.73e-06
ER	6121073	974.595
CV	1.001
QV	53.134	52.893
