HS	1023	0	1477	1477
HS	1022	0	13	1490
HS	1021	0	17	1507
HS	1020	0	15	1522
HS	1019	0	8	1530
HS	1018	0	13	1543
HS	1017	0	9	1552
HS	1016	0	13	1565
HS	1015	0	13	1578
HS	1014	0	6	1584
HS	1013	0	14	1598
HS	1012	0	16	1614
HS	1011	0	7	1621
HS	1010	0	9	1630
HS	1009	0	7	1637
HS	1008	0	7	1644
HS	1007	0	9	1653
HS	1006	0	7	1660
HS	1005	0	2	1662
HS	1004	0	8	1670
HS	1003	0	5	1675
HS	1002	0	10	1685
HS	1001	0	4	1689
HS	1000	0	8	1697
HS	999	0	8	1705
HS	998	0	8	1713
HS	997	0	6	1719
HS	996	0	11	1730
HS	995	0	7	1737
HS	994	0	11	1748
HS	993	0	10	1758
HS	992	0	9	1767
HS	991	0	7	1774
HS	990	0	11	1785
HS	989	0	2	1787
HS	988	0	7	1794
HS	987	0	12	1806
HS	986	0	7	1813
HS	985	0	12	1825
HS	984	0	6	1831
HS	983	0	7	1838
HS	982	0	6	1844
HS	981	0	7	1851
HS	980	0	5	1856
HS	979	0	8	1864
HS	978	0	4	1868
HS	977	0	8	1876
HS	976	0	5	1881
HS	975	0	8	1889
HS	974	0	8	1897
HS	973	0	10	1907
HS	972	0	8	1915
HS	971	0	7	1922
HS	970	0	7	1929
HS	969	0	8	1937
HS	968	0	6	1943
HS	967	0	7	1950
HS	966	0	5	1955
HS	965	0	11	1966
HS	964	0	6	1972
HS	963	0	9	1981
HS	962	0	9	1990
HS	961	0	8	1998
HS	960	0	7	2005
HS	959	0	9	2014
HS	958	0	12	2026
HS	957	0	6	2032
HS	956	0	8	2040
HS	955	0	13	2053
HS	954	0	11	2064
HS	953	0	9	2073
HS	952	0	8	2081
HS	951	0	9	2090
HS	950	0	15	2105
HS	949	0	13	2118
HS	948	0	6	2124
HS	947	0	12	2136
HS	946	0	12	2148
HS	945	0	3	2151
HS	944	0	8	2159
HS	943	0	10	2169
HS	942	0	22	2191
HS	941	0	11	2202
HS	940	0	13	2215
HS	939	0	13	2228
HS	938	0	11	2239
HS	937	0	8	2247
HS	936	0	14	2261
HS	935	0	5	2266
HS	934	0	6	2272
HS	933	0	10	2282
HS	932	0	10	2292
HS	931	0	10	2302
HS	930	0	5	2307
HS	929	0	10	2317
HS	928	0	11	2328
HS	927	0	9	2337
HS	926	0	13	2350
HS	925	0	9	2359
HS	924	0	11	2370
HS	923	0	9	2379
HS	922	0	10	2389
HS	921	0	5	2394
HS	920	0	8	2402
HS	919	0	8	2410
HS	918	0	6	2416
HS	917	0	14	2430
HS	916	0	9	2439
HS	915	0	8	2447
HS	914	0	6	2453
HS	913	0	10	2463
HS	912	0	10	2473
HS	911	0	9	2482
HS	910	0	9	2491
HS	909	0	14	2505
HS	908	0	2	2507
HS	907	0	1	2508
HS	906	0	8	2516
HS	905	0	8	2524
HS	904	0	3	2527
HS	903	0	4	2531
HS	902	0	8	2539
HS	901	0	8	2547
HS	900	0	6	2553
HS	899	0	10	2563
HS	898	0	9	2572
HS	897	0	8	2580
HS	896	0	6	2586
HS	895	0	9	2595
HS	894	0	9	2604
HS	893	0	5	2609
HS	892	0	15	2624
HS	891	0	7	2631
HS	890	0	6	2637
HS	889	0	9	2646
HS	888	0	4	2650
HS	887	0	5	2655
HS	886	0	11	2666
HS	885	0	13	2679
HS	884	0	15	2694
HS	883	0	11	2705
HS	882	0	9	2714
HS	881	0	11	2725
HS	880	0	4	2729
HS	879	0	14	2743
HS	878	0	10	2753
HS	877	0	15	2768
HS	876	0	9	2777
HS	875	0	5	2782
HS	874	0	12	2794
HS	873	0	11	2805
HS	872	0	8	2813
HS	871	0	12	2825
HS	870	0	11	2836
HS	869	0	17	2853
HS	868	0	7	2860
HS	867	0	11	2871
HS	866	0	26	2897
HS	865	0	14	2911
HS	864	0	20	2931
HS	863	0	22	2953
HS	862	0	15	2968
HS	861	0	17	2985
HS	860	0	7	2992
HS	859	0	13	3005
HS	858	0	16	3021
HS	857	0	12	3033
HS	856	0	6	3039
HS	855	0	13	3052
HS	854	0	15	3067
HS	853	0	7	3074
HS	852	0	7	3081
HS	851	0	16	3097
HS	850	0	6	3103
HS	849	0	13	3116
HS	848	0	11	3127
HS	847	0	10	3137
HS	846	0	11	3148
HS	845	0	15	3163
HS	844	0	9	3172
HS	843	0	7	3179
HS	842	0	7	3186
HS	841	0	11	3197
HS	840	0	7	3204
HS	839	0	10	3214
HS	838	0	4	3218
HS	837	0	11	3229
HS	836	0	9	3238
HS	835	0	10	3248
HS	834	0	3	3251
HS	833	0	7	3258
HS	832	0	6	3264
HS	831	0	7	3271
HS	830	0	4	3275
HS	829	0	6	3281
HS	828	0	8	3289
HS	827	0	8	3297
HS	826	0	7	3304
HS	825	0	10	3314
HS	824	0	9	3323
HS	823	0	5	3328
HS	822	0	3	3331
HS	821	0	7	3338
HS	820	0	7	3345
HS	819	0	6	3351
HS	818	0	5	3356
HS	817	0	12	3368
HS	816	0	11	3379
HS	815	0	11	3390
HS	814	0	13	3403
HS	813	0	10	3413
HS	812	0	7	3420
HS	811	0	8	3428
HS	810	0	13	3441
HS	809	0	10	3451
HS	808	0	17	3468
HS	807	0	14	3482
HS	806	0	12	3494
HS	805	0	14	3508
HS	804	0	14	3522
HS	803	0	12	3534
HS	802	0	13	3547
HS	801	0	10	3557
HS	800	0	13	3570
HS	799	0	11	3581
HS	798	0	21	3602
HS	797	0	11	3613
HS	796	0	9	3622
HS	795	0	10	3632
HS	794	0	8	3640
HS	793	0	9	3649
HS	792	0	16	3665
HS	791	0	6	3671
HS	790	0	9	3680
HS	789	0	10	3690
HS	788	0	15	3705
HS	787	0	10	3715
HS	786	0	15	3730
HS	785	0	15	3745
HS	784	0	21	3766
HS	783	0	11	3777
HS	782	0	10	3787
HS	781	0	27	3814
HS	780	0	13	3827
HS	779	0	20	3847
HS	778	0	15	3862
HS	777	0	21	3883
HS	776	0	27	3910
HS	775	0	22	3932
HS	774	0	14	3946
HS	773	0	25	3971
HS	772	0	17	3988
HS	771	0	21	4009
HS	770	0	11	4020
HS	769	0	19	4039
HS	768	0	20	4059
HS	767	0	12	4071
HS	766	0	16	4087
HS	765	0	16	4103
HS	764	0	22	4125
HS	763	0	17	4142
HS	762	0	16	4158
HS	761	0	25	4183
HS	760	0	20	4203
HS	759	0	16	4219
HS	758	0	18	4237
HS	757	0	15	4252
HS	756	0	18	4270
HS	755	0	16	4286
HS	754	0	18	4304
HS	753	0	19	4323
HS	752	0	18	4341
HS	751	0	16	4357
HS	750	0	12	4369
HS	749	0	16	4385
HS	748	0	19	4404
HS	747	0	20	4424
HS	746	0	12	4436
HS	745	0	18	4454
HS	744	0	11	4465
HS	743	0	14	4479
HS	742	0	16	4495
HS	741	0	16	4511
HS	740	0	16	4527
HS	739	0	20	4547
HS	738	0	17	4564
HS	737	0	16	4580
HS	736	0	8	4588
HS	735	0	13	4601
HS	734	0	17	4618
HS	733	0	18	4636
HS	732	0	18	4654
HS	731	0	27	4681
HS	730	0	11	4692
HS	729	0	17	4709
HS	728	0	22	4731
HS	727	0	12	4743
HS	726	0	21	4764
HS	725	0	18	4782
HS	724	0	18	4800
HS	723	0	17	4817
HS	722	0	20	4837
HS	721	0	24	4861
HS	720	0	22	4883
HS	719	0	18	4901
HS	718	0	8	4909
HS	717	0	13	4922
HS	716	0	14	4936
HS	715	0	21	4957
HS	714	0	12	4969
HS	713	0	22	4991
HS	712	0	12	5003
HS	711	0	16	5019
HS	710	0	10	5029
HS	709	0	11	5040
HS	708	0	16	5056
HS	707	0	16	5072
HS	706	0	14	5086
HS	705	0	11	5097
HS	704	0	14	5111
HS	703	0	14	5125
HS	702	0	13	5138
HS	701	0	13	5151
HS	700	0	12	5163
HS	699	0	10	5173
HS	698	0	8	5181
HS	697	0	10	5191
HS	696	0	11	5202
HS	695	0	11	5213
HS	694	0	8	5221
HS	693	0	10	5231
HS	692	0	8	5239
HS	691	0	9	5248
HS	690	0	12	5260
HS	689	0	18	5278
HS	688	0	9	5287
HS	687	0	18	5305
HS	686	0	6	5311
HS	685	0	13	5324
HS	684	0	14	5338
HS	683	0	12	5350
HS	682	0	13	5363
HS	681	0	14	5377
HS	680	0	12	5389
HS	679	0	19	5408
HS	678	0	16	5424
HS	677	0	14	5438
HS	676	0	11	5449
HS	675	0	11	5460
HS	674	0	15	5475
HS	673	0	12	5487
HS	672	0	9	5496
HS	671	0	8	5504
HS	670	0	7	5511
HS	669	0	12	5523
HS	668	0	11	5534
HS	667	0	8	5542
HS	666	0	12	5554
HS	665	0	13	5567
HS	664	0	9	5576
HS	663	0	7	5583
HS	662	0	10	5593
HS	661	0	8	5601
HS	660	0	8	5609
HS	659	0	9	5618
HS	658	0	7	5625
HS	657	0	8	5633
HS	656	0	8	5641
HS	655	0	11	5652
HS	654	0	6	5658
HS	653	0	6	5664
HS	652	0	13	5677
HS	651	0	7	5684
HS	650	0	7	5691
HS	649	0	12	5703
HS	648	0	8	5711
HS	647	0	12	5723
HS	646	0	12	5735
HS	645	0	12	5747
HS	644	0	12	5759
HS	643	0	14	5773
HS	642	0	12	5785
HS	641	0	17	5802
HS	640	0	11	5813
HS	639	0	13	5826
HS	638	0	12	5838
HS	637	0	17	5855
HS	636	0	11	5866
HS	635	0	18	5884
HS	634	0	11	5895
HS	633	0	9	5904
HS	632	0	24	5928
HS	631	0	8	5936
HS	630	0	12	5948
HS	629	0	23	5971
HS	628	0	15	5986
HS	627	0	19	6005
HS	626	0	18	6023
HS	625	0	13	6036
HS	624	0	16	6052
HS	623	0	12	6064
HS	622	0	14	6078
HS	621	0	9	6087
HS	620	0	19	6106
HS	619	0	10	6116
HS	618	0	19	6135
HS	617	0	8	6143
HS	616	0	13	6156
HS	615	0	20	6176
HS	614	0	17	6193
HS	613	0	12	6205
HS	612	0	14	6219
HS	611	0	19	6238
HS	610	0	17	6255
HS	609	0	16	6271
HS	608	0	16	6287
HS	607	0	8	6295
HS	606	0	14	6309
HS	605	0	12	6321
HS	604	0	28	6349
HS	603	0	20	6369
HS	602	0	17	6386
HS	601	0	17	6403
HS	600	0	14	6417
HS	599	0	21	6438
HS	598	0	15	6453
HS	597	0	15	6468
HS	596	0	19	6487
HS	595	0	18	6505
HS	594	0	15	6520
HS	593	0	17	6537
HS	592	0	22	6559
HS	591	0	20	6579
HS	590	0	14	6593
HS	589	0	13	6606
HS	588	0	16	6622
HS	587	0	19	6641
HS	586	0	8	6649
HS	585	0	22	6671
HS	584	0	21	6692
HS	583	0	20	6712
HS	582	0	6	6718
HS	581	0	18	6736
HS	580	0	19	6755
HS	579	0	17	6772
HS	578	0	20	6792
HS	577	0	8	6800
HS	576	0	12	6812
HS	575	0	17	6829
HS	574	0	20	6849
HS	573	0	18	6867
HS	572	0	20	6887
HS	571	0	15	6902
HS	570	0	11	6913
HS	569	0	20	6933
HS	568	0	14	6947
HS	567	0	16	6963
HS	566	0	18	6981
HS	565	0	20	7001
HS	564	0	20	7021
HS	563	0	18	7039
HS	562	0	17	7056
HS	561	0	15	7071
HS	560	0	18	7089
HS	559	0	15	7104
HS	558	0	23	7127
HS	557	0	20	7147
HS	556	0	15	7162
HS	555	0	22	7184
HS	554	0	36	7220
HS	553	0	17	7237
HS	552	0	25	7262
HS	551	0	24	7286
HS	550	0	17	7303
HS	549	0	27	7330
HS	548	0	24	7354
HS	547	0	28	7382
HS	546	0	24	7406
HS	545	0	29	7435
HS	544	0	23	7458
HS	543	0	15	7473
HS	542	0	20	7493
HS	541	0	26	7519
HS	540	0	20	7539
HS	539	0	33	7572
HS	538	0	22	7594
HS	537	0	30	7624
HS	536	0	21	7645
HS	535	0	22	7667
HS	534	0	19	7686
HS	533	0	19	7705
HS	532	0	22	7727
HS	531	0	7	7734
HS	530	0	14	7748
HS	529	0	18	7766
HS	528	0	21	7787
HS	527	0	26	7813
HS	526	0	27	7840
HS	525	0	31	7871
HS	524	0	33	7904
HS	523	0	25	7929
HS	522	0	38	7967
HS	521	0	28	7995
HS	520	0	26	8021
HS	519	0	19	8040
HS	518	0	15	8055
HS	517	0	26	8081
HS	516	0	23	8104
HS	515	0	28	8132
HS	514	0	26	8158
HS	513	0	24	8182
HS	512	0	30	8212
HS	511	0	36	8248
HS	510	0	27	8275
HS	509	0	28	8303
HS	508	0	26	8329
HS	507	0	33	8362
HS	506	0	30	8392
HS	505	0	37	8429
HS	504	0	25	8454
HS	503	0	36	8490
HS	502	0	42	8532
HS	501	0	34	8566
HS	500	0	29	8595
HS	499	0	32	8627
HS	498	0	24	8651
HS	497	0	29	8680
HS	496	0	34	8714
HS	495	0	24	8738
HS	494	0	34	8772
HS	493	0	37	8809
HS	492	0	39	8848
HS	491	0	36	8884
HS	490	0	40	8924
HS	489	0	38	8962
HS	488	0	40	9002
HS	487	0	42	9044
HS	486	0	37	9081
HS	485	0	33	9114
HS	484	0	47	9161
HS	483	0	35	9196
HS	482	0	35	9231
HS	481	0	47	9278
HS	480	0	36	9314
HS	479	0	38	9352
HS	478	0	36	9388
HS	477	0	40	9428
HS	476	0	43	9471
HS	475	0	47	9518
HS	474	0	42	9560
HS	473	0	42	9602
HS	472	0	41	9643
HS	471	0	35	9678
HS	470	0	33	9711
HS	469	0	41	9752
HS	468	0	33	9785
HS	467	0	34	9819
HS	466	0	25	9844
HS	465	0	24	9868
HS	464	0	21	9889
HS	463	0	27	9916
HS	462	0	39	9955
HS	461	0	43	9998
HS	460	0	46	10044
HS	459	0	28	10072
HS	458	0	43	10115
HS	457	0	38	10153
HS	456	0	37	10190
HS	455	0	42	10232
HS	454	0	52	10284
HS	453	0	56	10340
HS	452	0	64	10404
HS	451	0	51	10455
HS	450	0	52	10507
HS	449	0	46	10553
HS	448	0	49	10602
HS	447	0	49	10651
HS	446	0	44	10695
HS	445	0	38	10733
HS	444	0	54	10787
HS	443	0	50	10837
HS	442	0	62	10899
HS	441	0	68	10967
HS	440	0	47	11014
HS	439	0	49	11063
HS	438	0	60	11123
HS	437	0	58	11181
HS	436	0	54	11235
HS	435	0	60	11295
HS	434	0	66	11361
HS	433	0	58	11419
HS	432	0	62	11481
HS	431	0	81	11562
HS	430	0	53	11615
HS	429	0	83	11698
HS	428	0	73	11771
HS	427	0	68	11839
HS	426	0	84	11923
HS	425	0	67	11990
HS	424	0	74	12064
HS	423	0	91	12155
HS	422	0	69	12224
HS	421	0	73	12297
HS	420	0	78	12375
HS	419	0	66	12441
HS	418	0	79	12520
HS	417	0	109	12629
HS	416	0	110	12739
HS	415	0	105	12844
HS	414	0	92	12936
HS	413	0	127	13063
HS	412	0	110	13173
HS	411	0	109	13282
HS	410	0	93	13375
HS	409	0	107	13482
HS	408	0	113	13595
HS	407	0	88	13683
HS	406	0	107	13790
HS	405	0	129	13919
HS	404	0	98	14017
HS	403	0	122	14139
HS	402	0	97	14236
HS	401	0	117	14353
HS	400	0	126	14479
HS	399	0	126	14605
HS	398	0	127	14732
HS	397	0	109	14841
HS	396	0	121	14962
HS	395	0	127	15089
HS	394	0	159	15248
HS	393	0	146	15394
HS	392	0	144	15538
HS	391	0	145	15683
HS	390	0	136	15819
HS	389	0	139	15958
HS	388	0	145	16103
HS	387	0	171	16274
HS	386	0	162	16436
HS	385	0	161	16597
HS	384	0	172	16769
HS	383	0	180	16949
HS	382	0	196	17145
HS	381	0	163	17308
HS	380	0	175	17483
HS	379	0	157	17640
HS	378	0	202	17842
HS	377	0	176	18018
HS	376	0	212	18230
HS	375	0	212	18442
HS	374	0	231	18673
HS	373	0	172	18845
HS	372	0	191	19036
HS	371	0	181	19217
HS	370	0	181	19398
HS	369	0	207	19605
HS	368	0	218	19823
HS	367	0	226	20049
HS	366	0	214	20263
HS	365	0	246	20509
HS	364	0	223	20732
HS	363	0	246	20978
HS	362	0	227	21205
HS	361	0	210	21415
HS	360	0	275	21690
HS	359	0	261	21951
HS	358	0	283	22234
HS	357	0	251	22485
HS	356	0	278	22763
HS	355	0	281	23044
HS	354	0	235	23279
HS	353	0	277	23556
HS	352	0	272	23828
HS	351	0	278	24106
HS	350	0	290	24396
HS	349	0	293	24689
HS	348	0	288	24977
HS	347	0	295	25272
HS	346	0	295	25567
HS	345	0	293	25860
HS	344	0	307	26167
HS	343	0	344	26511
HS	342	0	317	26828
HS	341	0	375	27203
HS	340	0	338	27541
HS	339	0	386	27927
HS	338	0	389	28316
HS	337	0	383	28699
HS	336	0	402	29101
HS	335	0	387	29488
HS	334	0	396	29884
HS	333	0	424	30308
HS	332	0	415	30723
HS	331	0	445	31168
HS	330	0	412	31580
HS	329	0	456	32036
HS	328	0	437	32473
HS	327	0	466	32939
HS	326	0	461	33400
HS	325	0	509	33909
HS	324	0	463	34372
HS	323	0	488	34860
HS	322	0	526	35386
HS	321	0	539	35925
HS	320	0	553	36478
HS	319	0	589	37067
HS	318	0	562	37629
HS	317	0	572	38201
HS	316	0	594	38795
HS	315	0	606	39401
HS	314	0	644	40045
HS	313	0	651	40696
HS	312	0	621	41317
HS	311	0	693	42010
HS	310	0	603	42613
HS	309	0	645	43258
HS	308	0	648	43906
HS	307	0	648	44554
HS	306	0	680	45234
HS	305	0	701	45935
HS	304	0	754	46689
HS	303	0	800	47489
HS	302	0	751	48240
HS	301	0	734	48974
HS	300	0	722	49696
HS	299	0	840	50536
HS	298	0	793	51329
HS	297	0	842	52171
HS	296	0	862	53033
HS	295	0	812	53845
HS	294	0	875	54720
HS	293	0	836	55556
HS	292	0	870	56426
HS	291	0	915	57341
HS	290	0	849	58190
HS	289	0	953	59143
HS	288	0	940	60083
HS	287	0	966	61049
HS	286	0	1011	62060
HS	285	0	1089	63149
HS	284	0	1047	64196
HS	283	0	1061	65257
HS	282	0	1074	66331
HS	281	0	1116	67447
HS	280	0	1136	68583
HS	279	0	1190	69773
HS	278	0	1217	70990
HS	277	0	1128	72118
HS	276	0	1147	73265
HS	275	0	1148	74413
HS	274	0	1286	75699
HS	273	0	1299	76998
HS	272	0	1300	78298
HS	271	0	1347	79645
HS	270	0	1385	81030
HS	269	0	1385	82415
HS	268	0	1505	83920
HS	267	0	1496	85416
HS	266	0	1570	86986
HS	265	0	1665	88651
HS	264	0	1721	90372
HS	263	0	1694	92066
HS	262	0	1676	93742
HS	261	0	1826	95568
HS	260	0	1788	97356
HS	259	0	1811	99167
HS	258	0	1814	100981
HS	257	0	1859	102840
HS	256	0	1879	104719
HS	255	0	2003	106722
HS	254	0	1906	108628
HS	253	0	1958	110586
HS	252	0	2018	112604
HS	251	0	1964	114568
HS	250	0	2049	116617
HS	249	0	2168	118785
HS	248	0	2042	120827
HS	247	0	2145	122972
HS	246	0	2118	125090
HS	245	0	2220	127310
HS	244	0	2158	129468
HS	243	0	2238	131706
HS	242	0	2267	133973
HS	241	0	2476	136449
HS	240	0	2469	138918
HS	239	0	2561	141479
HS	238	0	2698	144177
HS	237	0	2735	146912
HS	236	0	2743	149655
HS	235	0	2760	152415
HS	234	0	2801	155216
HS	233	0	2908	158124
HS	232	0	2983	161107
HS	231	0	3096	164203
HS	230	0	3125	167328
HS	229	0	3181	170509
HS	228	0	3312	173821
HS	227	0	3310	177131
HS	226	0	3359	180490
HS	225	0	3353	183843
HS	224	0	3629	187472
HS	223	0	3743	191215
HS	222	0	3810	195025
HS	221	0	3975	199000
HS	220	0	4003	203003
HS	219	0	4144	207147
HS	218	0	4241	211388
HS	217	0	4239	215627
HS	216	0	4379	220006
HS	215	0	4591	224597
HS	214	0	4642	229239
HS	213	0	4838	234077
HS	212	0	4799	238876
HS	211	0	4855	243731
HS	210	0	4936	248667
HS	209	0	5201	253868
HS	208	0	5292	259160
HS	207	0	5423	264583
HS	206	0	5605	270188
HS	205	0	5642	275830
HS	204	0	5746	281576
HS	203	0	6046	287622
HS	202	0	6307	293929
HS	201	0	6208	300137
HS	200	0	6503	306640
HS	199	0	6601	313241
HS	198	0	6866	320107
HS	197	0	7065	327172
HS	196	0	7176	334348
HS	195	0	7334	341682
HS	194	0	7766	349448
HS	193	0	8043	357491
HS	192	0	8327	365818
HS	191	0	8406	374224
HS	190	0	8709	382933
HS	189	0	9031	391964
HS	188	0	9416	401380
HS	187	0	9677	411057
HS	186	0	10162	421219
HS	185	0	10446	431665
HS	184	0	10820	442485
HS	183	0	11179	453664
HS	182	0	11651	465315
HS	181	0	12301	477616
HS	180	0	12683	490299
HS	179	0	13239	503538
HS	178	0	13583	517121
HS	177	0	13919	531040
HS	176	0	14742	545782
HS	175	0	15456	561238
HS	174	0	15750	576988
HS	173	0	16326	593314
HS	172	0	17160	610474
HS	171	0	17431	627905
HS	170	0	18266	646171
HS	169	0	19326	665497
HS	168	0	19755	685252
HS	167	0	20457	705709
HS	166	0	20911	726620
HS	165	0	21809	748429
HS	164	0	22697	771126
HS	163	0	23399	794525
HS	162	0	24354	818879
HS	161	0	25426	844305
HS	160	0	26307	870612
HS	159	0	27443	898055
HS	158	0	28369	926424
HS	157	0	29516	955940
HS	156	0	30447	986387
HS	155	0	31239	1017626
HS	154	0	32253	1049879
HS	153	0	33920	1083799
HS	152	0	34964	1118763
HS	151	0	35868	1154631
HS	150	0	37103	1191734
HS	149	0	38369	1230103
HS	148	0	39811	1269914
HS	147	0	40491	1310405
HS	146	0	41891	1352296
HS	145	0	43170	1395466
HS	144	0	44211	1439677
HS	143	0	45323	1485000
HS	142	0	46888	1531888
HS	141	0	48402	1580290
HS	140	0	50056	1630346
HS	139	0	51217	1681563
HS	138	0	52201	1733764
HS	137	0	53450	1787214
HS	136	0	54915	1842129
HS	135	0	56331	1898460
HS	134	0	57768	1956228
HS	133	0	58688	2014916
HS	132	0	59905	2074821
HS	131	0	61032	2135853
HS	130	0	61841	2197694
HS	129	0	63673	2261367
HS	128	0	64185	2325552
HS	127	0	64917	2390469
HS	126	0	66289	2456758
HS	125	0	67272	2524030
HS	124	0	68208	2592238
HS	123	0	69362	2661600
HS	122	0	70098	2731698
HS	121	0	70717	2802415
HS	120	0	72000	2874415
HS	119	0	72670	2947085
HS	118	0	72995	3020080
HS	117	0	74082	3094162
HS	116	0	74096	3168258
HS	115	0	74470	3242728
HS	114	0	74080	3316808
HS	113	0	75195	3392003
HS	112	0	75017	3467020
HS	111	0	75373	3542393
HS	110	0	75074	3617467
HS	109	0	74995	3692462
HS	108	0	74278	3766740
HS	107	0	73855	3840595
HS	106	0	73066	3913661
HS	105	0	72109	3985770
HS	104	0	71434	4057204
HS	103	0	70654	4127858
HS	102	0	70056	4197914
HS	101	0	68564	4266478
HS	100	0	67685	4334163
HS	99	0	66708	4400871
HS	98	0	65835	4466706
HS	97	0	64290	4530996
HS	96	0	62458	4593454
HS	95	0	61129	4654583
HS	94	0	60276	4714859
HS	93	0	58843	4773702
HS	92	0	57697	4831399
HS	91	0	55868	4887267
HS	90	0	54394	4941661
HS	89	0	53134	4994795
HS	88	0	51630	5046425
HS	87	0	49723	5096148
HS	86	0	48393	5144541
HS	85	0	46903	5191444
HS	84	0	45242	5236686
HS	83	0	43803	5280489
HS	82	0	42394	5322883
HS	81	0	40734	5363617
HS	80	0	38502	5402119
HS	79	0	36933	5439052
HS	78	0	35456	5474508
HS	77	0	33419	5507927
HS	76	0	32492	5540419
HS	75	0	30796	5571215
HS	74	0	29466	5600681
HS	73	0	28034	5628715
HS	72	0	26632	5655347
HS	71	0	25029	5680376
HS	70	0	23475	5703851
HS	69	0	21959	5725810
HS	68	0	20853	5746663
HS	67	0	19743	5766406
HS	66	0	18424	5784830
HS	65	0	16944	5801774
HS	64	0	16309	5818083
HS	63	0	15455	5833538
HS	62	0	14093	5847631
HS	61	0	13429	5861060
HS	60	0	12261	5873321
HS	59	0	11347	5884668
HS	58	0	10287	5894955
HS	57	0	9469	5904424
HS	56	0	8936	5913360
HS	55	0	8054	5921414
HS	54	0	7301	5928715
HS	53	0	6727	5935442
HS	52	0	6157	5941599
HS	51	0	5631	5947230
HS	50	0	5175	5952405
HS	49	0	4767	5957172
HS	48	0	4081	5961253
HS	47	0	3770	5965023
HS	46	0	3474	5968497
HS	45	0	3253	5971750
HS	44	0	2853	5974603
HS	43	0	2590	5977193
HS	42	0	2369	5979562
HS	41	0	2279	5981841
HS	40	0	2129	5983970
HS	39	0	1986	5985956
HS	38	0	1844	5987800
HS	37	0	1672	5989472
HS	36	0	1428	5990900
HS	35	0	1243	5992143
HS	34	0	1209	5993352
HS	33	0	1157	5994509
HS	32	0	929	5995438
HS	31	0	811	5996249
HS	30	0	879	5997128
HS	29	0	935	5998063
HS	28	0	961	5999024
HS	27	0	880	5999904
HS	26	0	804	6000708
HS	25	0	930	6001638
HS	24	0	922	6002560
HS	23	0	935	6003495
HS	22	0	1157	6004652
HS	21	0	1194	6005846
HS	20	0	1486	6007332
HS	19	0	1964	6009296
HS	18	0	2552	6011848
HS	17	0	2918	6014766
HS	16	0	3539	6018305
HS	15	0	4827	6023132
HS	14	0	6367	6029499
HS	13	0	8339	6037838
HS	12	0	11259	6049097
HS	11	0	15782	6064879
HS	10	0	21300	6086179
HS	9	0	31163	6117342
HS	8	0	46248	6163590
HS	7	0	70518	6234108
HS	6	0	110522	6344630
HS	5	0	196596	6541226
HS	4	0	405205	6946431
HS	3	0	1130688	8077119
HS	2	0	5301767	13378886
HS	1	0	0	13378886
HS	0	0	0	13378886
