CC	CT  kmer_occurrence    short_read_kmer_count  raw_input_kmer_count  adjusted_input_kmer_count
CC	FR  fpr_lower_bound    fpr_upper_bound
CC	ER  total_input_kmers  adjusted_error_kmers
CC	CV  coverage
CC	QV  raw_quality_value  adjusted_quality_value
CC
SQ	CP128163.1	180296	180266	180266	99.00
SQ	CP128162.1	405357	405327	405302	57.01
SQ	CP128166.1	5163149	5163019	5162816	58.97
CT	1023	879	2097	2097.000
CT	1022	3	14	14.000
CT	1021	4	14	14.000
CT	1020	10	14	14.000
CT	1019	7	20	20.000
CT	1018	3	14	14.000
CT	1017	4	21	21.000
CT	1016	3	7	7.000
CT	1015	7	27	27.000
CT	1014	8	14	14.000
CT	1013	3	0	0.000
CT	1012	7	39	39.000
CT	1011	9	48	48.000
CT	1010	4	14	14.000
CT	1009	10	28	28.000
CT	1008	7	14	14.000
CT	1007	8	28	28.000
CT	1006	10	34	34.000
CT	1005	6	14	14.000
CT	1004	11	56	56.000
CT	1003	8	70	70.000
CT	1002	6	28	28.000
CT	1001	6	0	0.000
CT	1000	9	14	14.000
CT	999	3	14	14.000
CT	998	11	61	61.000
CT	997	7	0	0.000
CT	996	9	49	49.000
CT	995	4	14	14.000
CT	994	2	0	0.000
CT	993	10	28	28.000
CT	992	5	34	34.000
CT	991	3	0	0.000
CT	990	3	0	0.000
CT	989	10	14	14.000
CT	988	2	0	0.000
CT	987	3	14	14.000
CT	986	4	0	0.000
CT	985	11	42	42.000
CT	984	10	0	0.000
CT	983	7	35	35.000
CT	982	5	0	0.000
CT	981	6	42	42.000
CT	980	9	42	42.000
CT	979	7	0	0.000
CT	978	17	56	56.000
CT	977	4	0	0.000
CT	976	8	14	14.000
CT	975	5	0	0.000
CT	974	8	36	36.000
CT	973	8	46	46.000
CT	972	6	14	14.000
CT	971	12	42	42.000
CT	970	4	28	28.000
CT	969	5	28	28.000
CT	968	6	0	0.000
CT	967	11	56	56.000
CT	966	6	14	14.000
CT	965	10	42	42.000
CT	964	9	14	14.000
CT	963	12	14	14.000
CT	962	6	42	42.000
CT	961	12	42	42.000
CT	960	14	46	46.000
CT	959	13	81	81.000
CT	958	12	14	14.000
CT	957	6	0	0.000
CT	956	12	28	28.000
CT	955	8	0	0.000
CT	954	9	0	0.000
CT	953	14	11	11.000
CT	952	17	25	25.000
CT	951	6	0	0.000
CT	950	10	0	0.000
CT	949	7	0	0.000
CT	948	11	16	16.000
CT	947	13	56	56.000
CT	946	5	28	28.000
CT	945	10	28	28.000
CT	944	11	14	14.000
CT	943	13	42	42.000
CT	942	12	42	42.000
CT	941	14	44	44.000
CT	940	10	56	56.000
CT	939	10	28	28.000
CT	938	9	28	28.000
CT	937	14	56	56.000
CT	936	11	21	21.000
CT	935	15	28	28.000
CT	934	23	56	56.000
CT	933	11	56	56.000
CT	932	14	70	70.000
CT	931	9	28	28.000
CT	930	15	57	57.000
CT	929	18	56	56.000
CT	928	17	70	70.000
CT	927	17	56	56.000
CT	926	9	28	28.000
CT	925	11	57	57.000
CT	924	15	43	43.000
CT	923	15	42	42.000
CT	922	15	42	42.000
CT	921	15	98	98.000
CT	920	14	28	28.000
CT	919	16	28	28.000
CT	918	11	28	28.000
CT	917	14	84	84.000
CT	916	20	99	99.000
CT	915	22	84	84.000
CT	914	18	72	72.000
CT	913	26	101	101.000
CT	912	13	43	43.000
CT	911	16	42	42.000
CT	910	11	42	42.000
CT	909	25	77	77.000
CT	908	21	71	71.000
CT	907	12	44	44.000
CT	906	16	70	70.000
CT	905	13	46	46.000
CT	904	14	56	56.000
CT	903	19	71	71.000
CT	902	21	78	78.000
CT	901	14	42	42.000
CT	900	16	56	56.000
CT	899	10	14	14.000
CT	898	14	43	43.000
CT	897	19	86	86.000
CT	896	21	99	99.000
CT	895	16	28	28.000
CT	894	23	86	86.000
CT	893	22	171	171.000
CT	892	32	141	141.000
CT	891	17	114	114.000
CT	890	22	150	150.000
CT	889	12	14	14.000
CT	888	16	113	113.000
CT	887	17	141	141.000
CT	886	23	90	90.000
CT	885	20	91	91.000
CT	884	16	101	101.000
CT	883	17	82	82.000
CT	882	23	174	174.000
CT	881	19	100	100.000
CT	880	14	57	57.000
CT	879	18	73	73.000
CT	878	15	56	56.000
CT	877	9	43	43.000
CT	876	15	70	70.000
CT	875	24	139	139.000
CT	874	14	70	70.000
CT	873	12	120	120.000
CT	872	20	133	133.000
CT	871	18	150	150.000
CT	870	15	101	101.000
CT	869	12	73	73.000
CT	868	14	84	84.000
CT	867	13	101	101.000
CT	866	19	146	146.000
CT	865	6	42	42.000
CT	864	18	92	92.000
CT	863	11	88	88.000
CT	862	16	152	152.000
CT	861	14	76	76.000
CT	860	20	70	70.000
CT	859	12	28	28.000
CT	858	12	40	40.000
CT	857	15	98	98.000
CT	856	12	56	56.000
CT	855	18	42	42.000
CT	854	16	31	31.000
CT	853	27	127	127.000
CT	852	28	134	134.000
CT	851	22	140	140.000
CT	850	18	99	99.000
CT	849	18	87	87.000
CT	848	26	70	70.000
CT	847	18	112	112.000
CT	846	28	182	182.000
CT	845	24	155	155.000
CT	844	21	98	98.000
CT	843	19	87	87.000
CT	842	21	140	140.000
CT	841	17	140	140.000
CT	840	24	140	140.000
CT	839	15	55	55.000
CT	838	24	98	98.000
CT	837	14	45	45.000
CT	836	20	136	136.000
CT	835	22	109	109.000
CT	834	23	168	168.000
CT	833	22	112	112.000
CT	832	21	143	143.000
CT	831	13	95	95.000
CT	830	15	83	83.000
CT	829	15	42	42.000
CT	828	12	84	84.000
CT	827	14	45	45.000
CT	826	16	110	110.000
CT	825	24	143	143.000
CT	824	19	112	112.000
CT	823	18	126	126.000
CT	822	25	146	146.000
CT	821	19	84	84.000
CT	820	20	110	110.000
CT	819	22	96	96.000
CT	818	25	104	104.000
CT	817	20	98	98.000
CT	816	17	104	104.000
CT	815	23	118	118.000
CT	814	19	112	112.000
CT	813	27	199	199.000
CT	812	26	129	129.000
CT	811	26	112	112.000
CT	810	21	134	134.000
CT	809	19	84	84.000
CT	808	21	78	78.000
CT	807	25	136	136.000
CT	806	20	70	70.000
CT	805	23	70	70.000
CT	804	20	143	143.000
CT	803	20	126	126.000
CT	802	28	116	116.000
CT	801	20	130	130.000
CT	800	22	198	198.000
CT	799	17	83	83.000
CT	798	25	112	112.000
CT	797	36	140	140.000
CT	796	26	126	126.000
CT	795	20	98	98.000
CT	794	23	78	78.000
CT	793	27	92	92.000
CT	792	32	152	152.000
CT	791	20	126	126.000
CT	790	25	123	123.000
CT	789	32	105	105.000
CT	788	21	124	124.000
CT	787	28	113	113.000
CT	786	25	169	169.000
CT	785	25	142	142.000
CT	784	35	211	211.000
CT	783	28	91	91.000
CT	782	26	183	183.000
CT	781	26	120	120.000
CT	780	27	175	175.000
CT	779	22	127	127.000
CT	778	26	182	182.000
CT	777	26	139	139.000
CT	776	30	252	252.000
CT	775	24	84	84.000
CT	774	31	167	167.000
CT	773	29	168	168.000
CT	772	37	161	161.000
CT	771	37	241	241.000
CT	770	35	160	160.000
CT	769	37	154	154.000
CT	768	37	177	177.000
CT	767	36	204	204.000
CT	766	41	279	279.000
CT	765	28	126	126.000
CT	764	38	190	190.000
CT	763	35	246	246.000
CT	762	31	197	197.000
CT	761	45	228	228.000
CT	760	35	210	210.000
CT	759	40	230	230.000
CT	758	50	290	290.000
CT	757	38	230	230.000
CT	756	32	182	182.000
CT	755	39	247	247.000
CT	754	52	344	344.000
CT	753	36	280	280.000
CT	752	44	330	330.000
CT	751	35	226	226.000
CT	750	30	141	141.000
CT	749	44	244	244.000
CT	748	45	305	305.000
CT	747	39	235	235.000
CT	746	35	210	210.000
CT	745	37	224	224.000
CT	744	63	354	354.000
CT	743	49	262	262.000
CT	742	28	113	113.000
CT	741	38	200	200.000
CT	740	60	379	379.000
CT	739	51	400	400.000
CT	738	43	401	401.000
CT	737	44	259	259.000
CT	736	61	488	488.000
CT	735	42	304	304.000
CT	734	44	321	321.000
CT	733	60	478	478.000
CT	732	51	449	449.000
CT	731	49	422	422.000
CT	730	54	320	320.000
CT	729	50	377	377.000
CT	728	54	447	447.000
CT	727	52	398	398.000
CT	726	48	374	374.000
CT	725	53	369	369.000
CT	724	49	257	257.000
CT	723	36	201	201.000
CT	722	43	251	251.000
CT	721	39	192	192.000
CT	720	45	302	302.000
CT	719	55	388	388.000
CT	718	48	351	351.000
CT	717	53	344	344.000
CT	716	65	366	366.000
CT	715	50	358	358.000
CT	714	50	326	326.000
CT	713	54	277	277.000
CT	712	40	183	183.000
CT	711	48	294	294.000
CT	710	31	166	166.000
CT	709	42	238	238.000
CT	708	37	209	209.000
CT	707	34	217	217.000
CT	706	35	96	96.000
CT	705	41	269	269.000
CT	704	45	236	236.000
CT	703	32	94	94.000
CT	702	42	157	157.000
CT	701	40	219	219.000
CT	700	50	289	289.000
CT	699	47	170	170.000
CT	698	53	328	328.000
CT	697	37	153	153.000
CT	696	26	101	101.000
CT	695	43	139	139.000
CT	694	43	175	175.000
CT	693	42	160	160.000
CT	692	43	129	129.000
CT	691	35	93	93.000
CT	690	51	230	230.000
CT	689	37	147	147.000
CT	688	47	189	189.000
CT	687	48	188	188.000
CT	686	48	223	223.000
CT	685	36	181	181.000
CT	684	32	157	157.000
CT	683	40	143	143.000
CT	682	33	130	130.000
CT	681	41	172	172.000
CT	680	45	252	252.000
CT	679	32	91	91.000
CT	678	50	214	214.000
CT	677	57	246	246.000
CT	676	40	159	159.000
CT	675	54	277	277.000
CT	674	48	235	235.000
CT	673	43	223	223.000
CT	672	47	194	194.000
CT	671	46	255	255.000
CT	670	58	355	355.000
CT	669	49	246	246.000
CT	668	45	195	195.000
CT	667	46	203	203.000
CT	666	47	238	238.000
CT	665	47	251	251.000
CT	664	51	269	269.000
CT	663	36	91	91.000
CT	662	47	186	186.000
CT	661	37	198	198.000
CT	660	37	204	204.000
CT	659	44	231	231.000
CT	658	44	245	245.000
CT	657	43	229	229.000
CT	656	37	153	153.000
CT	655	38	208	208.000
CT	654	51	166	166.000
CT	653	45	256	256.000
CT	652	40	240	240.000
CT	651	41	203	203.000
CT	650	43	188	188.000
CT	649	44	167	167.000
CT	648	39	203	203.000
CT	647	48	210	210.000
CT	646	32	115	115.000
CT	645	38	123	123.000
CT	644	50	292	292.000
CT	643	43	185	185.000
CT	642	42	109	109.000
CT	641	44	205	205.000
CT	640	43	214	214.000
CT	639	49	240	240.000
CT	638	48	173	173.000
CT	637	39	200	200.000
CT	636	52	187	187.000
CT	635	37	148	148.000
CT	634	53	217	217.000
CT	633	50	240	240.000
CT	632	44	155	155.000
CT	631	37	159	159.000
CT	630	32	157	157.000
CT	629	39	145	145.000
CT	628	39	145	145.000
CT	627	30	100	100.000
CT	626	42	179	179.000
CT	625	42	158	158.000
CT	624	26	120	120.000
CT	623	33	116	116.000
CT	622	53	135	135.000
CT	621	31	134	134.000
CT	620	25	132	132.000
CT	619	37	247	247.000
CT	618	33	218	218.000
CT	617	42	190	190.000
CT	616	42	210	210.000
CT	615	37	249	249.000
CT	614	36	200	200.000
CT	613	24	164	164.000
CT	612	37	206	206.000
CT	611	40	257	257.000
CT	610	41	227	227.000
CT	609	40	255	255.000
CT	608	47	187	187.000
CT	607	25	189	189.000
CT	606	41	212	212.000
CT	605	43	228	228.000
CT	604	37	218	218.000
CT	603	31	85	85.000
CT	602	39	204	204.000
CT	601	35	177	177.000
CT	600	38	152	152.000
CT	599	31	180	180.000
CT	598	28	150	150.000
CT	597	37	166	166.000
CT	596	31	187	187.000
CT	595	38	136	136.000
CT	594	34	118	118.000
CT	593	38	206	206.000
CT	592	34	183	183.000
CT	591	49	245	245.000
CT	590	26	143	143.000
CT	589	29	150	150.000
CT	588	44	243	243.000
CT	587	40	183	183.000
CT	586	52	259	259.000
CT	585	47	184	184.000
CT	584	23	151	151.000
CT	583	29	177	177.000
CT	582	39	211	211.000
CT	581	39	183	183.000
CT	580	42	210	210.000
CT	579	45	195	195.000
CT	578	37	196	196.000
CT	577	32	162	162.000
CT	576	32	175	175.000
CT	575	47	299	299.000
CT	574	39	138	138.000
CT	573	41	237	237.000
CT	572	28	126	126.000
CT	571	33	168	168.000
CT	570	39	244	244.000
CT	569	27	148	148.000
CT	568	33	143	143.000
CT	567	46	259	259.000
CT	566	47	258	258.000
CT	565	31	169	169.000
CT	564	26	183	183.000
CT	563	43	238	238.000
CT	562	35	183	183.000
CT	561	47	289	289.000
CT	560	43	232	232.000
CT	559	31	162	162.000
CT	558	43	222	222.000
CT	557	43	320	320.000
CT	556	42	328	328.000
CT	555	44	295	295.000
CT	554	40	264	264.000
CT	553	47	309	309.000
CT	552	39	150	150.000
CT	551	38	241	241.000
CT	550	42	236	236.000
CT	549	53	322	322.000
CT	548	45	218	218.000
CT	547	35	185	185.000
CT	546	51	338	338.000
CT	545	42	191	191.000
CT	544	29	138	138.000
CT	543	41	163	163.000
CT	542	37	221	221.000
CT	541	36	227	227.000
CT	540	23	134	134.000
CT	539	25	152	152.000
CT	538	44	196	196.000
CT	537	39	215	215.000
CT	536	39	209	209.000
CT	535	42	276	276.000
CT	534	33	182	182.000
CT	533	32	101	101.000
CT	532	32	232	232.000
CT	531	36	183	183.000
CT	530	35	182	182.000
CT	529	43	190	190.000
CT	528	38	207	207.000
CT	527	43	201	201.000
CT	526	54	280	280.000
CT	525	45	232	232.000
CT	524	33	181	181.000
CT	523	32	128	128.000
CT	522	39	251	251.000
CT	521	34	181	181.000
CT	520	50	175	175.000
CT	519	46	180	180.000
CT	518	47	149	149.000
CT	517	50	229	229.000
CT	516	59	182	182.000
CT	515	55	197	197.000
CT	514	45	188	188.000
CT	513	62	184	184.000
CT	512	50	204	204.000
CT	511	53	254	254.000
CT	510	54	189	189.000
CT	509	55	285	285.000
CT	508	47	234	234.000
CT	507	48	199	199.000
CT	506	51	209	209.000
CT	505	49	229	229.000
CT	504	51	237	237.000
CT	503	53	369	369.000
CT	502	55	339	339.000
CT	501	38	179	179.000
CT	500	45	231	231.000
CT	499	47	237	237.000
CT	498	32	203	203.000
CT	497	33	196	196.000
CT	496	45	283	283.000
CT	495	28	165	165.000
CT	494	38	247	247.000
CT	493	28	123	123.000
CT	492	36	181	181.000
CT	491	33	220	220.000
CT	490	24	69	69.000
CT	489	21	83	83.000
CT	488	30	178	178.000
CT	487	33	196	196.000
CT	486	23	71	71.000
CT	485	32	205	205.000
CT	484	29	160	160.000
CT	483	28	171	171.000
CT	482	32	131	131.000
CT	481	27	149	149.000
CT	480	29	107	107.000
CT	479	33	194	194.000
CT	478	29	155	155.000
CT	477	28	130	130.000
CT	476	27	47	47.000
CT	475	30	153	153.000
CT	474	27	132	132.000
CT	473	32	144	144.000
CT	472	36	115	115.000
CT	471	34	172	172.000
CT	470	40	215	215.000
CT	469	28	89	89.000
CT	468	33	119	119.000
CT	467	32	46	46.000
CT	466	27	106	106.000
CT	465	18	59	59.000
CT	464	31	112	112.000
CT	463	22	89	89.000
CT	462	22	93	93.000
CT	461	26	102	102.000
CT	460	31	80	80.000
CT	459	32	141	141.000
CT	458	27	54	54.000
CT	457	32	120	120.000
CT	456	31	48	48.000
CT	455	34	106	106.000
CT	454	34	51	51.000
CT	453	21	76	76.000
CT	452	37	110	110.000
CT	451	24	45	45.000
CT	450	30	132	132.000
CT	449	32	86	86.000
CT	448	24	86	86.000
CT	447	33	67	67.000
CT	446	23	75	75.000
CT	445	32	171	171.000
CT	444	30	113	113.000
CT	443	27	118	118.000
CT	442	22	91	91.000
CT	441	28	123	123.000
CT	440	31	100	100.000
CT	439	24	71	71.000
CT	438	24	93	93.000
CT	437	21	76	76.000
CT	436	33	124	124.000
CT	435	28	105	105.000
CT	434	27	146	146.000
CT	433	33	124	124.000
CT	432	22	103	103.000
CT	431	28	128	128.000
CT	430	32	169	169.000
CT	429	28	114	114.000
CT	428	23	104	104.000
CT	427	22	68	68.000
CT	426	28	133	133.000
CT	425	29	147	147.000
CT	424	24	98	98.000
CT	423	28	159	159.000
CT	422	25	149	149.000
CT	421	27	140	140.000
CT	420	25	128	128.000
CT	419	35	200	200.000
CT	418	23	100	100.000
CT	417	25	194	194.000
CT	416	24	145	145.000
CT	415	30	190	190.000
CT	414	30	161	161.000
CT	413	31	109	109.000
CT	412	26	138	138.000
CT	411	24	120	120.000
CT	410	41	170	170.000
CT	409	18	68	68.000
CT	408	36	121	121.000
CT	407	22	149	149.000
CT	406	26	124	124.000
CT	405	21	70	70.000
CT	404	24	101	101.000
CT	403	26	89	89.000
CT	402	23	106	106.000
CT	401	27	78	78.000
CT	400	23	49	49.000
CT	399	29	84	84.000
CT	398	27	93	93.000
CT	397	32	93	93.000
CT	396	27	54	54.000
CT	395	19	55	55.000
CT	394	33	102	102.000
CT	393	26	86	86.000
CT	392	31	95	95.000
CT	391	27	73	73.000
CT	390	24	68	68.000
CT	389	29	64	64.000
CT	388	21	70	70.000
CT	387	27	40	40.000
CT	386	19	49	49.000
CT	385	20	54	54.000
CT	384	23	34	34.000
CT	383	18	61	61.000
CT	382	21	54	54.000
CT	381	30	66	66.000
CT	380	20	48	48.000
CT	379	21	32	32.000
CT	378	19	73	73.000
CT	377	15	46	46.000
CT	376	18	46	46.000
CT	375	22	62	62.000
CT	374	21	46	46.000
CT	373	21	49	49.000
CT	372	29	90	90.000
CT	371	23	43	43.000
CT	370	22	73	73.000
CT	369	28	38	38.000
CT	368	20	54	54.000
CT	367	23	47	47.000
CT	366	18	45	45.000
CT	365	25	62	62.000
CT	364	28	104	104.000
CT	363	22	72	72.000
CT	362	12	42	42.000
CT	361	32	79	79.000
CT	360	21	96	96.000
CT	359	30	54	54.000
CT	358	23	61	61.000
CT	357	32	118	118.000
CT	356	23	84	84.000
CT	355	25	37	37.000
CT	354	33	70	70.000
CT	353	28	62	62.000
CT	352	33	89	89.000
CT	351	37	65	65.000
CT	350	25	50	50.000
CT	349	43	88	88.000
CT	348	44	84	84.000
CT	347	39	86	86.000
CT	346	53	118	118.000
CT	345	44	127	127.000
CT	344	52	172	172.000
CT	343	43	132	132.000
CT	342	45	166	166.000
CT	341	45	130	130.000
CT	340	46	144	144.000
CT	339	49	170	170.000
CT	338	51	169	169.000
CT	337	48	155	155.000
CT	336	48	137	137.000
CT	335	59	185	185.000
CT	334	45	128	128.000
CT	333	41	100	100.000
CT	332	49	120	120.000
CT	331	49	132	132.000
CT	330	28	68	68.000
CT	329	50	148	148.000
CT	328	35	116	116.000
CT	327	44	133	133.000
CT	326	52	121	121.000
CT	325	45	122	122.000
CT	324	44	110	110.000
CT	323	52	118	118.000
CT	322	54	199	199.000
CT	321	64	188	188.000
CT	320	67	183	183.000
CT	319	37	88	88.000
CT	318	47	130	130.000
CT	317	59	136	136.000
CT	316	68	200	200.000
CT	315	48	144	144.000
CT	314	49	129	129.000
CT	313	57	131	131.000
CT	312	60	147	147.000
CT	311	48	133	133.000
CT	310	65	157	157.000
CT	309	64	152	152.000
CT	308	56	159	159.000
CT	307	57	193	193.000
CT	306	53	131	131.000
CT	305	49	141	141.000
CT	304	52	145	145.000
CT	303	63	166	166.000
CT	302	68	196	196.000
CT	301	53	142	142.000
CT	300	53	134	134.000
CT	299	56	141	141.000
CT	298	61	163	163.000
CT	297	52	154	154.000
CT	296	70	190	190.000
CT	295	40	94	94.000
CT	294	54	145	145.000
CT	293	70	167	167.000
CT	292	58	160	160.000
CT	291	66	148	148.000
CT	290	51	115	115.000
CT	289	50	133	133.000
CT	288	63	139	139.000
CT	287	79	169	169.000
CT	286	65	137	137.000
CT	285	69	158	158.000
CT	284	75	171	171.000
CT	283	76	148	148.000
CT	282	75	162	162.000
CT	281	76	188	188.000
CT	280	69	153	153.000
CT	279	72	173	173.000
CT	278	75	188	188.000
CT	277	72	186	186.000
CT	276	74	207	207.000
CT	275	60	161	161.000
CT	274	70	193	193.000
CT	273	68	195	195.000
CT	272	65	185	185.000
CT	271	76	201	201.000
CT	270	73	208	208.000
CT	269	79	206	206.000
CT	268	81	226	226.000
CT	267	82	238	238.000
CT	266	71	201	201.000
CT	265	91	289	289.000
CT	264	78	193	193.000
CT	263	67	169	169.000
CT	262	71	181	181.000
CT	261	83	236	236.000
CT	260	75	183	183.000
CT	259	86	194	194.000
CT	258	83	205	205.000
CT	257	79	226	226.000
CT	256	89	277	277.000
CT	255	88	262	262.000
CT	254	87	226	226.000
CT	253	93	243	243.000
CT	252	82	219	219.000
CT	251	82	228	228.000
CT	250	88	260	260.000
CT	249	91	247	247.000
CT	248	81	233	233.000
CT	247	84	209	209.000
CT	246	85	241	241.000
CT	245	97	253	253.000
CT	244	100	258	258.000
CT	243	102	262	262.000
CT	242	105	245	245.000
CT	241	121	290	290.000
CT	240	110	268	268.000
CT	239	92	220	220.000
CT	238	112	268	268.000
CT	237	133	328	328.000
CT	236	125	301	301.000
CT	235	147	345	345.000
CT	234	142	335	335.000
CT	233	158	377	377.000
CT	232	150	343	343.000
CT	231	129	292	292.000
CT	230	152	346	346.000
CT	229	157	371	371.000
CT	228	170	402	402.000
CT	227	159	387	387.000
CT	226	157	374	374.000
CT	225	169	376	376.000
CT	224	159	341	341.000
CT	223	143	315	315.000
CT	222	154	344	344.000
CT	221	178	373	373.000
CT	220	177	377	377.000
CT	219	177	388	388.000
CT	218	183	412	412.000
CT	217	180	382	382.000
CT	216	193	388	388.000
CT	215	194	419	419.000
CT	214	195	387	387.000
CT	213	183	381	381.000
CT	212	226	465	465.000
CT	211	217	451	451.000
CT	210	184	364	364.000
CT	209	176	336	336.000
CT	208	203	409	409.000
CT	207	227	454	454.000
CT	206	271	516	516.000
CT	205	276	533	533.000
CT	204	272	502	502.000
CT	203	272	455	455.000
CT	202	267	475	475.000
CT	201	289	453	453.000
CT	200	274	468	468.000
CT	199	300	488	488.000
CT	198	350	574	574.000
CT	197	332	548	548.000
CT	196	357	588	588.000
CT	195	376	636	636.000
CT	194	386	635	635.000
CT	193	402	671	671.000
CT	192	400	631	631.000
CT	191	433	702	702.000
CT	190	428	659	659.000
CT	189	498	760	760.000
CT	188	509	736	736.000
CT	187	509	809	809.000
CT	186	566	848	848.000
CT	185	594	880	880.000
CT	184	608	957	957.000
CT	183	638	918	918.000
CT	182	677	967	967.000
CT	181	711	956	956.000
CT	180	696	965	965.000
CT	179	807	1118	1118.000
CT	178	826	1110	1110.000
CT	177	837	1106	1106.000
CT	176	917	1220	1220.000
CT	175	974	1289	1289.000
CT	174	1041	1378	1378.000
CT	173	1075	1418	1418.000
CT	172	1035	1302	1302.000
CT	171	1091	1361	1361.000
CT	170	1124	1432	1432.000
CT	169	1174	1448	1448.000
CT	168	1288	1592	1592.000
CT	167	1305	1581	1581.000
CT	166	1337	1611	1611.000
CT	165	1510	1767	1767.000
CT	164	1531	1793	1793.000
CT	163	1633	1887	1887.000
CT	162	1676	1926	1926.000
CT	161	1817	2091	2091.000
CT	160	2013	2292	2292.000
CT	159	1998	2196	2196.000
CT	158	2183	2412	2412.000
CT	157	2203	2392	2392.000
CT	156	2298	2495	2495.000
CT	155	2444	2663	2663.000
CT	154	2442	2671	2671.000
CT	153	2714	2944	2944.000
CT	152	2789	3009	3009.000
CT	151	2908	3122	3122.000
CT	150	3154	3406	3406.000
CT	149	3414	3650	3650.000
CT	148	3490	3720	3720.000
CT	147	3788	4023	4023.000
CT	146	3983	4215	4215.000
CT	145	4090	4291	4291.000
CT	144	4441	4715	4715.000
CT	143	4713	4941	4941.000
CT	142	4921	5142	5142.000
CT	141	5198	5436	5436.000
CT	140	5540	5748	5748.000
CT	139	5904	6111	6111.000
CT	138	6223	6414	6414.000
CT	137	6656	6836	6836.000
CT	136	7056	7249	7249.000
CT	135	7305	7466	7466.000
CT	134	7998	8132	8132.000
CT	133	8324	8452	8452.000
CT	132	9047	9200	9200.000
CT	131	9809	9991	9991.000
CT	130	10554	10696	10696.000
CT	129	11150	11307	11307.000
CT	128	11648	11808	11808.000
CT	127	12376	12558	12558.000
CT	126	12989	13146	13146.000
CT	125	14101	14261	14261.000
CT	124	14887	15100	15100.000
CT	123	15629	15892	15892.000
CT	122	16820	17024	17024.000
CT	121	17833	18026	18026.000
CT	120	18642	18830	18830.000
CT	119	19600	19806	19806.000
CT	118	20728	20937	20937.000
CT	117	22437	22634	22634.000
CT	116	23556	23709	23709.000
CT	115	24883	25047	25047.000
CT	114	26188	26344	26344.000
CT	113	27307	27478	27478.000
CT	112	29153	29351	29351.000
CT	111	30845	31039	31039.000
CT	110	32705	32913	32913.000
CT	109	34682	34878	34878.000
CT	108	35990	36180	36180.000
CT	107	38483	38632	38632.000
CT	106	40690	40836	40836.000
CT	105	42644	42762	42762.000
CT	104	44918	45062	45062.000
CT	103	46517	46653	46653.000
CT	102	48645	48786	48786.000
CT	101	50658	50825	50825.000
CT	100	52885	53032	53032.000
CT	99	55636	55785	55785.000
CT	98	57685	57853	57853.000
CT	97	59875	60027	60027.000
CT	96	62634	62772	62772.000
CT	95	65288	65438	65438.000
CT	94	68100	68258	68258.000
CT	93	70557	70717	70717.000
CT	92	72956	73058	73058.000
CT	91	75102	75204	75204.000
CT	90	78345	78398	78398.000
CT	89	80686	80781	80781.000
CT	88	82890	83015	83015.000
CT	87	85178	85311	85311.000
CT	86	87080	87176	87176.000
CT	85	88898	88998	88998.000
CT	84	91704	91777	91777.000
CT	83	93427	93479	93479.000
CT	82	96122	96184	96184.000
CT	81	98419	98490	98490.000
CT	80	100241	100309	100309.000
CT	79	101024	101083	101083.000
CT	78	102283	102346	102346.000
CT	77	102686	102765	102765.000
CT	76	103428	103510	103510.000
CT	75	103427	103482	103482.000
CT	74	103131	103186	103186.000
CT	73	103929	103966	103966.000
CT	72	102718	102776	102776.000
CT	71	101968	102008	102008.000
CT	70	101525	101593	101593.000
CT	69	99763	99853	99853.000
CT	68	99041	99119	99119.000
CT	67	97440	97507	97507.000
CT	66	95207	95266	95266.000
CT	65	93026	93098	93098.000
CT	64	91102	91154	91154.000
CT	63	89165	89207	89207.000
CT	62	86558	86600	86600.000
CT	61	84287	84309	84309.000
CT	60	81900	81957	81957.000
CT	59	78903	78919	78919.000
CT	58	75651	75687	75687.000
CT	57	72156	72206	72206.000
CT	56	69187	69238	69238.000
CT	55	65620	65692	65692.000
CT	54	61951	62015	62015.000
CT	53	58376	58414	58414.000
CT	52	54121	54163	54163.000
CT	51	50234	50337	50337.000
CT	50	46697	46748	46748.000
CT	49	43643	43696	43696.000
CT	48	40446	40465	40465.000
CT	47	37355	37356	37356.000
CT	46	34196	34200	34200.000
CT	45	31077	31112	31112.000
CT	44	28236	28277	28277.000
CT	43	25420	25466	25466.000
CT	42	22579	22635	22635.000
CT	41	20208	20243	20243.000
CT	40	18194	18228	18228.000
CT	39	15931	15962	15962.000
CT	38	14083	14088	14088.000
CT	37	12415	12429	12429.000
CT	36	10662	10726	10726.000
CT	35	9540	9560	9560.000
CT	34	8195	8201	8201.000
CT	33	7034	7056	7056.000
CT	32	5940	5909	5909.000
CT	31	5112	5075	5075.000
CT	30	4446	4410	4410.000
CT	29	4065	3984	3984.000
CT	28	3190	3135	3135.000
CT	27	2873	2801	2801.000
CT	26	2479	2350	2350.000
CT	25	2189	1981	1980.999
CT	24	2040	1804	1803.999
CT	23	1700	1501	1500.999
CT	22	1415	1212	1211.999
CT	21	1332	1051	1050.999
CT	20	1304	925	924.999
CT	19	1204	745	744.998
CT	18	1237	733	732.998
CT	17	1494	696	695.997
CT	16	1495	547	546.997
CT	15	1846	592	591.996
CT	14	2324	664	663.994
CT	13	2814	470	469.992
CT	12	4062	432	431.988
CT	11	5939	393	392.981
CT	10	8975	378	377.971
CT	9	13377	448	447.957
CT	8	20905	333	332.931
CT	7	32636	307	306.892
CT	6	55540	278	277.815
CT	5	103528	224	223.654
CT	4	221125	69	68.260
CT	3	630535	39	36.888
CT	2	3283993	22	11.000
CT	1	0	0	2.827
CT	0	0	228	0.605
FR	0	6.7e-06
ER	5748612	239.262
CV	1.000
QV	58.930	58.720
