HS	1023	0	879	879
HS	1022	0	3	882
HS	1021	0	4	886
HS	1020	0	10	896
HS	1019	0	7	903
HS	1018	0	3	906
HS	1017	0	4	910
HS	1016	0	3	913
HS	1015	0	7	920
HS	1014	0	8	928
HS	1013	0	3	931
HS	1012	0	7	938
HS	1011	0	9	947
HS	1010	0	4	951
HS	1009	0	10	961
HS	1008	0	7	968
HS	1007	0	8	976
HS	1006	0	10	986
HS	1005	0	6	992
HS	1004	0	11	1003
HS	1003	0	8	1011
HS	1002	0	6	1017
HS	1001	0	6	1023
HS	1000	0	9	1032
HS	999	0	3	1035
HS	998	0	11	1046
HS	997	0	7	1053
HS	996	0	9	1062
HS	995	0	4	1066
HS	994	0	2	1068
HS	993	0	10	1078
HS	992	0	5	1083
HS	991	0	3	1086
HS	990	0	3	1089
HS	989	0	10	1099
HS	988	0	2	1101
HS	987	0	3	1104
HS	986	0	4	1108
HS	985	0	11	1119
HS	984	0	10	1129
HS	983	0	7	1136
HS	982	0	5	1141
HS	981	0	6	1147
HS	980	0	9	1156
HS	979	0	7	1163
HS	978	0	17	1180
HS	977	0	4	1184
HS	976	0	8	1192
HS	975	0	5	1197
HS	974	0	8	1205
HS	973	0	8	1213
HS	972	0	6	1219
HS	971	0	12	1231
HS	970	0	4	1235
HS	969	0	5	1240
HS	968	0	6	1246
HS	967	0	11	1257
HS	966	0	6	1263
HS	965	0	10	1273
HS	964	0	9	1282
HS	963	0	12	1294
HS	962	0	6	1300
HS	961	0	12	1312
HS	960	0	14	1326
HS	959	0	13	1339
HS	958	0	12	1351
HS	957	0	6	1357
HS	956	0	12	1369
HS	955	0	8	1377
HS	954	0	9	1386
HS	953	0	14	1400
HS	952	0	17	1417
HS	951	0	6	1423
HS	950	0	10	1433
HS	949	0	7	1440
HS	948	0	11	1451
HS	947	0	13	1464
HS	946	0	5	1469
HS	945	0	10	1479
HS	944	0	11	1490
HS	943	0	13	1503
HS	942	0	12	1515
HS	941	0	14	1529
HS	940	0	10	1539
HS	939	0	10	1549
HS	938	0	9	1558
HS	937	0	14	1572
HS	936	0	11	1583
HS	935	0	15	1598
HS	934	0	23	1621
HS	933	0	11	1632
HS	932	0	14	1646
HS	931	0	9	1655
HS	930	0	15	1670
HS	929	0	18	1688
HS	928	0	17	1705
HS	927	0	17	1722
HS	926	0	9	1731
HS	925	0	11	1742
HS	924	0	15	1757
HS	923	0	15	1772
HS	922	0	15	1787
HS	921	0	15	1802
HS	920	0	14	1816
HS	919	0	16	1832
HS	918	0	11	1843
HS	917	0	14	1857
HS	916	0	20	1877
HS	915	0	22	1899
HS	914	0	18	1917
HS	913	0	26	1943
HS	912	0	13	1956
HS	911	0	16	1972
HS	910	0	11	1983
HS	909	0	25	2008
HS	908	0	21	2029
HS	907	0	12	2041
HS	906	0	16	2057
HS	905	0	13	2070
HS	904	0	14	2084
HS	903	0	19	2103
HS	902	0	21	2124
HS	901	0	14	2138
HS	900	0	16	2154
HS	899	0	10	2164
HS	898	0	14	2178
HS	897	0	19	2197
HS	896	0	21	2218
HS	895	0	16	2234
HS	894	0	23	2257
HS	893	0	22	2279
HS	892	0	32	2311
HS	891	0	17	2328
HS	890	0	22	2350
HS	889	0	12	2362
HS	888	0	16	2378
HS	887	0	17	2395
HS	886	0	23	2418
HS	885	0	20	2438
HS	884	0	16	2454
HS	883	0	17	2471
HS	882	0	23	2494
HS	881	0	19	2513
HS	880	0	14	2527
HS	879	0	18	2545
HS	878	0	15	2560
HS	877	0	9	2569
HS	876	0	15	2584
HS	875	0	24	2608
HS	874	0	14	2622
HS	873	0	12	2634
HS	872	0	20	2654
HS	871	0	18	2672
HS	870	0	15	2687
HS	869	0	12	2699
HS	868	0	14	2713
HS	867	0	13	2726
HS	866	0	19	2745
HS	865	0	6	2751
HS	864	0	18	2769
HS	863	0	11	2780
HS	862	0	16	2796
HS	861	0	14	2810
HS	860	0	20	2830
HS	859	0	12	2842
HS	858	0	12	2854
HS	857	0	15	2869
HS	856	0	12	2881
HS	855	0	18	2899
HS	854	0	16	2915
HS	853	0	27	2942
HS	852	0	28	2970
HS	851	0	22	2992
HS	850	0	18	3010
HS	849	0	18	3028
HS	848	0	26	3054
HS	847	0	18	3072
HS	846	0	28	3100
HS	845	0	24	3124
HS	844	0	21	3145
HS	843	0	19	3164
HS	842	0	21	3185
HS	841	0	17	3202
HS	840	0	24	3226
HS	839	0	15	3241
HS	838	0	24	3265
HS	837	0	14	3279
HS	836	0	20	3299
HS	835	0	22	3321
HS	834	0	23	3344
HS	833	0	22	3366
HS	832	0	21	3387
HS	831	0	13	3400
HS	830	0	15	3415
HS	829	0	15	3430
HS	828	0	12	3442
HS	827	0	14	3456
HS	826	0	16	3472
HS	825	0	24	3496
HS	824	0	19	3515
HS	823	0	18	3533
HS	822	0	25	3558
HS	821	0	19	3577
HS	820	0	20	3597
HS	819	0	22	3619
HS	818	0	25	3644
HS	817	0	20	3664
HS	816	0	17	3681
HS	815	0	23	3704
HS	814	0	19	3723
HS	813	0	27	3750
HS	812	0	26	3776
HS	811	0	26	3802
HS	810	0	21	3823
HS	809	0	19	3842
HS	808	0	21	3863
HS	807	0	25	3888
HS	806	0	20	3908
HS	805	0	23	3931
HS	804	0	20	3951
HS	803	0	20	3971
HS	802	0	28	3999
HS	801	0	20	4019
HS	800	0	22	4041
HS	799	0	17	4058
HS	798	0	25	4083
HS	797	0	36	4119
HS	796	0	26	4145
HS	795	0	20	4165
HS	794	0	23	4188
HS	793	0	27	4215
HS	792	0	32	4247
HS	791	0	20	4267
HS	790	0	25	4292
HS	789	0	32	4324
HS	788	0	21	4345
HS	787	0	28	4373
HS	786	0	25	4398
HS	785	0	25	4423
HS	784	0	35	4458
HS	783	0	28	4486
HS	782	0	26	4512
HS	781	0	26	4538
HS	780	0	27	4565
HS	779	0	22	4587
HS	778	0	26	4613
HS	777	0	26	4639
HS	776	0	30	4669
HS	775	0	24	4693
HS	774	0	31	4724
HS	773	0	29	4753
HS	772	0	37	4790
HS	771	0	37	4827
HS	770	0	35	4862
HS	769	0	37	4899
HS	768	0	37	4936
HS	767	0	36	4972
HS	766	0	41	5013
HS	765	0	28	5041
HS	764	0	38	5079
HS	763	0	35	5114
HS	762	0	31	5145
HS	761	0	45	5190
HS	760	0	35	5225
HS	759	0	40	5265
HS	758	0	50	5315
HS	757	0	38	5353
HS	756	0	32	5385
HS	755	0	39	5424
HS	754	0	52	5476
HS	753	0	36	5512
HS	752	0	44	5556
HS	751	0	35	5591
HS	750	0	30	5621
HS	749	0	44	5665
HS	748	0	45	5710
HS	747	0	39	5749
HS	746	0	35	5784
HS	745	0	37	5821
HS	744	0	63	5884
HS	743	0	49	5933
HS	742	0	28	5961
HS	741	0	38	5999
HS	740	0	60	6059
HS	739	0	51	6110
HS	738	0	43	6153
HS	737	0	44	6197
HS	736	0	61	6258
HS	735	0	42	6300
HS	734	0	44	6344
HS	733	0	60	6404
HS	732	0	51	6455
HS	731	0	49	6504
HS	730	0	54	6558
HS	729	0	50	6608
HS	728	0	54	6662
HS	727	0	52	6714
HS	726	0	48	6762
HS	725	0	53	6815
HS	724	0	49	6864
HS	723	0	36	6900
HS	722	0	43	6943
HS	721	0	39	6982
HS	720	0	45	7027
HS	719	0	55	7082
HS	718	0	48	7130
HS	717	0	53	7183
HS	716	0	65	7248
HS	715	0	50	7298
HS	714	0	50	7348
HS	713	0	54	7402
HS	712	0	40	7442
HS	711	0	48	7490
HS	710	0	31	7521
HS	709	0	42	7563
HS	708	0	37	7600
HS	707	0	34	7634
HS	706	0	35	7669
HS	705	0	41	7710
HS	704	0	45	7755
HS	703	0	32	7787
HS	702	0	42	7829
HS	701	0	40	7869
HS	700	0	50	7919
HS	699	0	47	7966
HS	698	0	53	8019
HS	697	0	37	8056
HS	696	0	26	8082
HS	695	0	43	8125
HS	694	0	43	8168
HS	693	0	42	8210
HS	692	0	43	8253
HS	691	0	35	8288
HS	690	0	51	8339
HS	689	0	37	8376
HS	688	0	47	8423
HS	687	0	48	8471
HS	686	0	48	8519
HS	685	0	36	8555
HS	684	0	32	8587
HS	683	0	40	8627
HS	682	0	33	8660
HS	681	0	41	8701
HS	680	0	45	8746
HS	679	0	32	8778
HS	678	0	50	8828
HS	677	0	57	8885
HS	676	0	40	8925
HS	675	0	54	8979
HS	674	0	48	9027
HS	673	0	43	9070
HS	672	0	47	9117
HS	671	0	46	9163
HS	670	0	58	9221
HS	669	0	49	9270
HS	668	0	45	9315
HS	667	0	46	9361
HS	666	0	47	9408
HS	665	0	47	9455
HS	664	0	51	9506
HS	663	0	36	9542
HS	662	0	47	9589
HS	661	0	37	9626
HS	660	0	37	9663
HS	659	0	44	9707
HS	658	0	44	9751
HS	657	0	43	9794
HS	656	0	37	9831
HS	655	0	38	9869
HS	654	0	51	9920
HS	653	0	45	9965
HS	652	0	40	10005
HS	651	0	41	10046
HS	650	0	43	10089
HS	649	0	44	10133
HS	648	0	39	10172
HS	647	0	48	10220
HS	646	0	32	10252
HS	645	0	38	10290
HS	644	0	50	10340
HS	643	0	43	10383
HS	642	0	42	10425
HS	641	0	44	10469
HS	640	0	43	10512
HS	639	0	49	10561
HS	638	0	48	10609
HS	637	0	39	10648
HS	636	0	52	10700
HS	635	0	37	10737
HS	634	0	53	10790
HS	633	0	50	10840
HS	632	0	44	10884
HS	631	0	37	10921
HS	630	0	32	10953
HS	629	0	39	10992
HS	628	0	39	11031
HS	627	0	30	11061
HS	626	0	42	11103
HS	625	0	42	11145
HS	624	0	26	11171
HS	623	0	33	11204
HS	622	0	53	11257
HS	621	0	31	11288
HS	620	0	25	11313
HS	619	0	37	11350
HS	618	0	33	11383
HS	617	0	42	11425
HS	616	0	42	11467
HS	615	0	37	11504
HS	614	0	36	11540
HS	613	0	24	11564
HS	612	0	37	11601
HS	611	0	40	11641
HS	610	0	41	11682
HS	609	0	40	11722
HS	608	0	47	11769
HS	607	0	25	11794
HS	606	0	41	11835
HS	605	0	43	11878
HS	604	0	37	11915
HS	603	0	31	11946
HS	602	0	39	11985
HS	601	0	35	12020
HS	600	0	38	12058
HS	599	0	31	12089
HS	598	0	28	12117
HS	597	0	37	12154
HS	596	0	31	12185
HS	595	0	38	12223
HS	594	0	34	12257
HS	593	0	38	12295
HS	592	0	34	12329
HS	591	0	49	12378
HS	590	0	26	12404
HS	589	0	29	12433
HS	588	0	44	12477
HS	587	0	40	12517
HS	586	0	52	12569
HS	585	0	47	12616
HS	584	0	23	12639
HS	583	0	29	12668
HS	582	0	39	12707
HS	581	0	39	12746
HS	580	0	42	12788
HS	579	0	45	12833
HS	578	0	37	12870
HS	577	0	32	12902
HS	576	0	32	12934
HS	575	0	47	12981
HS	574	0	39	13020
HS	573	0	41	13061
HS	572	0	28	13089
HS	571	0	33	13122
HS	570	0	39	13161
HS	569	0	27	13188
HS	568	0	33	13221
HS	567	0	46	13267
HS	566	0	47	13314
HS	565	0	31	13345
HS	564	0	26	13371
HS	563	0	43	13414
HS	562	0	35	13449
HS	561	0	47	13496
HS	560	0	43	13539
HS	559	0	31	13570
HS	558	0	43	13613
HS	557	0	43	13656
HS	556	0	42	13698
HS	555	0	44	13742
HS	554	0	40	13782
HS	553	0	47	13829
HS	552	0	39	13868
HS	551	0	38	13906
HS	550	0	42	13948
HS	549	0	53	14001
HS	548	0	45	14046
HS	547	0	35	14081
HS	546	0	51	14132
HS	545	0	42	14174
HS	544	0	29	14203
HS	543	0	41	14244
HS	542	0	37	14281
HS	541	0	36	14317
HS	540	0	23	14340
HS	539	0	25	14365
HS	538	0	44	14409
HS	537	0	39	14448
HS	536	0	39	14487
HS	535	0	42	14529
HS	534	0	33	14562
HS	533	0	32	14594
HS	532	0	32	14626
HS	531	0	36	14662
HS	530	0	35	14697
HS	529	0	43	14740
HS	528	0	38	14778
HS	527	0	43	14821
HS	526	0	54	14875
HS	525	0	45	14920
HS	524	0	33	14953
HS	523	0	32	14985
HS	522	0	39	15024
HS	521	0	34	15058
HS	520	0	50	15108
HS	519	0	46	15154
HS	518	0	47	15201
HS	517	0	50	15251
HS	516	0	59	15310
HS	515	0	55	15365
HS	514	0	45	15410
HS	513	0	62	15472
HS	512	0	50	15522
HS	511	0	53	15575
HS	510	0	54	15629
HS	509	0	55	15684
HS	508	0	47	15731
HS	507	0	48	15779
HS	506	0	51	15830
HS	505	0	49	15879
HS	504	0	51	15930
HS	503	0	53	15983
HS	502	0	55	16038
HS	501	0	38	16076
HS	500	0	45	16121
HS	499	0	47	16168
HS	498	0	32	16200
HS	497	0	33	16233
HS	496	0	45	16278
HS	495	0	28	16306
HS	494	0	38	16344
HS	493	0	28	16372
HS	492	0	36	16408
HS	491	0	33	16441
HS	490	0	24	16465
HS	489	0	21	16486
HS	488	0	30	16516
HS	487	0	33	16549
HS	486	0	23	16572
HS	485	0	32	16604
HS	484	0	29	16633
HS	483	0	28	16661
HS	482	0	32	16693
HS	481	0	27	16720
HS	480	0	29	16749
HS	479	0	33	16782
HS	478	0	29	16811
HS	477	0	28	16839
HS	476	0	27	16866
HS	475	0	30	16896
HS	474	0	27	16923
HS	473	0	32	16955
HS	472	0	36	16991
HS	471	0	34	17025
HS	470	0	40	17065
HS	469	0	28	17093
HS	468	0	33	17126
HS	467	0	32	17158
HS	466	0	27	17185
HS	465	0	18	17203
HS	464	0	31	17234
HS	463	0	22	17256
HS	462	0	22	17278
HS	461	0	26	17304
HS	460	0	31	17335
HS	459	0	32	17367
HS	458	0	27	17394
HS	457	0	32	17426
HS	456	0	31	17457
HS	455	0	34	17491
HS	454	0	34	17525
HS	453	0	21	17546
HS	452	0	37	17583
HS	451	0	24	17607
HS	450	0	30	17637
HS	449	0	32	17669
HS	448	0	24	17693
HS	447	0	33	17726
HS	446	0	23	17749
HS	445	0	32	17781
HS	444	0	30	17811
HS	443	0	27	17838
HS	442	0	22	17860
HS	441	0	28	17888
HS	440	0	31	17919
HS	439	0	24	17943
HS	438	0	24	17967
HS	437	0	21	17988
HS	436	0	33	18021
HS	435	0	28	18049
HS	434	0	27	18076
HS	433	0	33	18109
HS	432	0	22	18131
HS	431	0	28	18159
HS	430	0	32	18191
HS	429	0	28	18219
HS	428	0	23	18242
HS	427	0	22	18264
HS	426	0	28	18292
HS	425	0	29	18321
HS	424	0	24	18345
HS	423	0	28	18373
HS	422	0	25	18398
HS	421	0	27	18425
HS	420	0	25	18450
HS	419	0	35	18485
HS	418	0	23	18508
HS	417	0	25	18533
HS	416	0	24	18557
HS	415	0	30	18587
HS	414	0	30	18617
HS	413	0	31	18648
HS	412	0	26	18674
HS	411	0	24	18698
HS	410	0	41	18739
HS	409	0	18	18757
HS	408	0	36	18793
HS	407	0	22	18815
HS	406	0	26	18841
HS	405	0	21	18862
HS	404	0	24	18886
HS	403	0	26	18912
HS	402	0	23	18935
HS	401	0	27	18962
HS	400	0	23	18985
HS	399	0	29	19014
HS	398	0	27	19041
HS	397	0	32	19073
HS	396	0	27	19100
HS	395	0	19	19119
HS	394	0	33	19152
HS	393	0	26	19178
HS	392	0	31	19209
HS	391	0	27	19236
HS	390	0	24	19260
HS	389	0	29	19289
HS	388	0	21	19310
HS	387	0	27	19337
HS	386	0	19	19356
HS	385	0	20	19376
HS	384	0	23	19399
HS	383	0	18	19417
HS	382	0	21	19438
HS	381	0	30	19468
HS	380	0	20	19488
HS	379	0	21	19509
HS	378	0	19	19528
HS	377	0	15	19543
HS	376	0	18	19561
HS	375	0	22	19583
HS	374	0	21	19604
HS	373	0	21	19625
HS	372	0	29	19654
HS	371	0	23	19677
HS	370	0	22	19699
HS	369	0	28	19727
HS	368	0	20	19747
HS	367	0	23	19770
HS	366	0	18	19788
HS	365	0	25	19813
HS	364	0	28	19841
HS	363	0	22	19863
HS	362	0	12	19875
HS	361	0	32	19907
HS	360	0	21	19928
HS	359	0	30	19958
HS	358	0	23	19981
HS	357	0	32	20013
HS	356	0	23	20036
HS	355	0	25	20061
HS	354	0	33	20094
HS	353	0	28	20122
HS	352	0	33	20155
HS	351	0	37	20192
HS	350	0	25	20217
HS	349	0	43	20260
HS	348	0	44	20304
HS	347	0	39	20343
HS	346	0	53	20396
HS	345	0	44	20440
HS	344	0	52	20492
HS	343	0	43	20535
HS	342	0	45	20580
HS	341	0	45	20625
HS	340	0	46	20671
HS	339	0	49	20720
HS	338	0	51	20771
HS	337	0	48	20819
HS	336	0	48	20867
HS	335	0	59	20926
HS	334	0	45	20971
HS	333	0	41	21012
HS	332	0	49	21061
HS	331	0	49	21110
HS	330	0	28	21138
HS	329	0	50	21188
HS	328	0	35	21223
HS	327	0	44	21267
HS	326	0	52	21319
HS	325	0	45	21364
HS	324	0	44	21408
HS	323	0	52	21460
HS	322	0	54	21514
HS	321	0	64	21578
HS	320	0	67	21645
HS	319	0	37	21682
HS	318	0	47	21729
HS	317	0	59	21788
HS	316	0	68	21856
HS	315	0	48	21904
HS	314	0	49	21953
HS	313	0	57	22010
HS	312	0	60	22070
HS	311	0	48	22118
HS	310	0	65	22183
HS	309	0	64	22247
HS	308	0	56	22303
HS	307	0	57	22360
HS	306	0	53	22413
HS	305	0	49	22462
HS	304	0	52	22514
HS	303	0	63	22577
HS	302	0	68	22645
HS	301	0	53	22698
HS	300	0	53	22751
HS	299	0	56	22807
HS	298	0	61	22868
HS	297	0	52	22920
HS	296	0	70	22990
HS	295	0	40	23030
HS	294	0	54	23084
HS	293	0	70	23154
HS	292	0	58	23212
HS	291	0	66	23278
HS	290	0	51	23329
HS	289	0	50	23379
HS	288	0	63	23442
HS	287	0	79	23521
HS	286	0	65	23586
HS	285	0	69	23655
HS	284	0	75	23730
HS	283	0	76	23806
HS	282	0	75	23881
HS	281	0	76	23957
HS	280	0	69	24026
HS	279	0	72	24098
HS	278	0	75	24173
HS	277	0	72	24245
HS	276	0	74	24319
HS	275	0	60	24379
HS	274	0	70	24449
HS	273	0	68	24517
HS	272	0	65	24582
HS	271	0	76	24658
HS	270	0	73	24731
HS	269	0	79	24810
HS	268	0	81	24891
HS	267	0	82	24973
HS	266	0	71	25044
HS	265	0	91	25135
HS	264	0	78	25213
HS	263	0	67	25280
HS	262	0	71	25351
HS	261	0	83	25434
HS	260	0	75	25509
HS	259	0	86	25595
HS	258	0	83	25678
HS	257	0	79	25757
HS	256	0	89	25846
HS	255	0	88	25934
HS	254	0	87	26021
HS	253	0	93	26114
HS	252	0	82	26196
HS	251	0	82	26278
HS	250	0	88	26366
HS	249	0	91	26457
HS	248	0	81	26538
HS	247	0	84	26622
HS	246	0	85	26707
HS	245	0	97	26804
HS	244	0	100	26904
HS	243	0	102	27006
HS	242	0	105	27111
HS	241	0	121	27232
HS	240	0	110	27342
HS	239	0	92	27434
HS	238	0	112	27546
HS	237	0	133	27679
HS	236	0	125	27804
HS	235	0	147	27951
HS	234	0	142	28093
HS	233	0	158	28251
HS	232	0	150	28401
HS	231	0	129	28530
HS	230	0	152	28682
HS	229	0	157	28839
HS	228	0	170	29009
HS	227	0	159	29168
HS	226	0	157	29325
HS	225	0	169	29494
HS	224	0	159	29653
HS	223	0	143	29796
HS	222	0	154	29950
HS	221	0	178	30128
HS	220	0	177	30305
HS	219	0	177	30482
HS	218	0	183	30665
HS	217	0	180	30845
HS	216	0	193	31038
HS	215	0	194	31232
HS	214	0	195	31427
HS	213	0	183	31610
HS	212	0	226	31836
HS	211	0	217	32053
HS	210	0	184	32237
HS	209	0	176	32413
HS	208	0	203	32616
HS	207	0	227	32843
HS	206	0	271	33114
HS	205	0	276	33390
HS	204	0	272	33662
HS	203	0	272	33934
HS	202	0	267	34201
HS	201	0	289	34490
HS	200	0	274	34764
HS	199	0	300	35064
HS	198	0	350	35414
HS	197	0	332	35746
HS	196	0	357	36103
HS	195	0	376	36479
HS	194	0	386	36865
HS	193	0	402	37267
HS	192	0	400	37667
HS	191	0	433	38100
HS	190	0	428	38528
HS	189	0	498	39026
HS	188	0	509	39535
HS	187	0	509	40044
HS	186	0	566	40610
HS	185	0	594	41204
HS	184	0	608	41812
HS	183	0	638	42450
HS	182	0	677	43127
HS	181	0	711	43838
HS	180	0	696	44534
HS	179	0	807	45341
HS	178	0	826	46167
HS	177	0	837	47004
HS	176	0	917	47921
HS	175	0	974	48895
HS	174	0	1041	49936
HS	173	0	1075	51011
HS	172	0	1035	52046
HS	171	0	1091	53137
HS	170	0	1124	54261
HS	169	0	1174	55435
HS	168	0	1288	56723
HS	167	0	1305	58028
HS	166	0	1337	59365
HS	165	0	1510	60875
HS	164	0	1531	62406
HS	163	0	1633	64039
HS	162	0	1676	65715
HS	161	0	1817	67532
HS	160	0	2013	69545
HS	159	0	1998	71543
HS	158	0	2183	73726
HS	157	0	2203	75929
HS	156	0	2298	78227
HS	155	0	2444	80671
HS	154	0	2442	83113
HS	153	0	2714	85827
HS	152	0	2789	88616
HS	151	0	2908	91524
HS	150	0	3154	94678
HS	149	0	3414	98092
HS	148	0	3490	101582
HS	147	0	3788	105370
HS	146	0	3983	109353
HS	145	0	4090	113443
HS	144	0	4441	117884
HS	143	0	4713	122597
HS	142	0	4921	127518
HS	141	0	5198	132716
HS	140	0	5540	138256
HS	139	0	5904	144160
HS	138	0	6223	150383
HS	137	0	6656	157039
HS	136	0	7056	164095
HS	135	0	7305	171400
HS	134	0	7998	179398
HS	133	0	8324	187722
HS	132	0	9047	196769
HS	131	0	9809	206578
HS	130	0	10554	217132
HS	129	0	11150	228282
HS	128	0	11648	239930
HS	127	0	12376	252306
HS	126	0	12989	265295
HS	125	0	14101	279396
HS	124	0	14887	294283
HS	123	0	15629	309912
HS	122	0	16820	326732
HS	121	0	17833	344565
HS	120	0	18642	363207
HS	119	0	19600	382807
HS	118	0	20728	403535
HS	117	0	22437	425972
HS	116	0	23556	449528
HS	115	0	24883	474411
HS	114	0	26188	500599
HS	113	0	27307	527906
HS	112	0	29153	557059
HS	111	0	30845	587904
HS	110	0	32705	620609
HS	109	0	34682	655291
HS	108	0	35990	691281
HS	107	0	38483	729764
HS	106	0	40690	770454
HS	105	0	42644	813098
HS	104	0	44918	858016
HS	103	0	46517	904533
HS	102	0	48645	953178
HS	101	0	50658	1003836
HS	100	0	52885	1056721
HS	99	0	55636	1112357
HS	98	0	57685	1170042
HS	97	0	59875	1229917
HS	96	0	62634	1292551
HS	95	0	65288	1357839
HS	94	0	68100	1425939
HS	93	0	70557	1496496
HS	92	0	72956	1569452
HS	91	0	75102	1644554
HS	90	0	78345	1722899
HS	89	0	80686	1803585
HS	88	0	82890	1886475
HS	87	0	85178	1971653
HS	86	0	87080	2058733
HS	85	0	88898	2147631
HS	84	0	91704	2239335
HS	83	0	93427	2332762
HS	82	0	96122	2428884
HS	81	0	98419	2527303
HS	80	0	100241	2627544
HS	79	0	101024	2728568
HS	78	0	102283	2830851
HS	77	0	102686	2933537
HS	76	0	103428	3036965
HS	75	0	103427	3140392
HS	74	0	103131	3243523
HS	73	0	103929	3347452
HS	72	0	102718	3450170
HS	71	0	101968	3552138
HS	70	0	101525	3653663
HS	69	0	99763	3753426
HS	68	0	99041	3852467
HS	67	0	97440	3949907
HS	66	0	95207	4045114
HS	65	0	93026	4138140
HS	64	0	91102	4229242
HS	63	0	89165	4318407
HS	62	0	86558	4404965
HS	61	0	84287	4489252
HS	60	0	81900	4571152
HS	59	0	78903	4650055
HS	58	0	75651	4725706
HS	57	0	72156	4797862
HS	56	0	69187	4867049
HS	55	0	65620	4932669
HS	54	0	61951	4994620
HS	53	0	58376	5052996
HS	52	0	54121	5107117
HS	51	0	50234	5157351
HS	50	0	46697	5204048
HS	49	0	43643	5247691
HS	48	0	40446	5288137
HS	47	0	37355	5325492
HS	46	0	34196	5359688
HS	45	0	31077	5390765
HS	44	0	28236	5419001
HS	43	0	25420	5444421
HS	42	0	22579	5467000
HS	41	0	20208	5487208
HS	40	0	18194	5505402
HS	39	0	15931	5521333
HS	38	0	14083	5535416
HS	37	0	12415	5547831
HS	36	0	10662	5558493
HS	35	0	9540	5568033
HS	34	0	8195	5576228
HS	33	0	7034	5583262
HS	32	0	5940	5589202
HS	31	0	5112	5594314
HS	30	0	4446	5598760
HS	29	0	4065	5602825
HS	28	0	3190	5606015
HS	27	0	2873	5608888
HS	26	0	2479	5611367
HS	25	0	2189	5613556
HS	24	0	2040	5615596
HS	23	0	1700	5617296
HS	22	0	1415	5618711
HS	21	0	1332	5620043
HS	20	0	1304	5621347
HS	19	0	1204	5622551
HS	18	0	1237	5623788
HS	17	0	1494	5625282
HS	16	0	1495	5626777
HS	15	0	1846	5628623
HS	14	0	2324	5630947
HS	13	0	2814	5633761
HS	12	0	4062	5637823
HS	11	0	5939	5643762
HS	10	0	8975	5652737
HS	9	0	13377	5666114
HS	8	0	20905	5687019
HS	7	0	32636	5719655
HS	6	0	55540	5775195
HS	5	0	103528	5878723
HS	4	0	221125	6099848
HS	3	0	630535	6730383
HS	2	0	3283993	10014376
HS	1	0	0	10014376
HS	0	0	0	10014376
