CC	CT  kmer_occurrence    short_read_kmer_count  raw_input_kmer_count  adjusted_input_kmer_count
CC	FR  fpr_lower_bound    fpr_upper_bound
CC	ER  total_input_kmers  adjusted_error_kmers
CC	CV  coverage
CC	QV  raw_quality_value  adjusted_quality_value
CC
SQ	CP126082.1	4090469	4090439	4090439	99.00
CT	1023	5119	48612	48612.000
CT	1022	4	12	12.000
CT	1021	2	6	6.000
CT	1020	0	0	0.000
CT	1019	3	6	6.000
CT	1018	1	4	4.000
CT	1017	3	8	8.000
CT	1016	2	8	8.000
CT	1015	3	8	8.000
CT	1014	3	6	6.000
CT	1013	4	10	10.000
CT	1012	1	4	4.000
CT	1011	2	4	4.000
CT	1010	2	4	4.000
CT	1009	1	4	4.000
CT	1008	1	2	2.000
CT	1007	5	10	10.000
CT	1006	4	10	10.000
CT	1005	2	4	4.000
CT	1004	1	2	2.000
CT	1003	5	14	14.000
CT	1002	2	4	4.000
CT	1001	1	2	2.000
CT	1000	2	4	4.000
CT	999	0	0	0.000
CT	998	1	2	2.000
CT	997	4	12	12.000
CT	996	3	8	8.000
CT	995	3	10	10.000
CT	994	2	6	6.000
CT	993	2	6	6.000
CT	992	5	18	18.000
CT	991	1	2	2.000
CT	990	3	8	8.000
CT	989	3	8	8.000
CT	988	5	16	16.000
CT	987	3	10	10.000
CT	986	3	8	8.000
CT	985	3	10	10.000
CT	984	4	8	8.000
CT	983	5	14	14.000
CT	982	7	20	20.000
CT	981	12	36	36.000
CT	980	2	4	4.000
CT	979	7	18	18.000
CT	978	3	8	8.000
CT	977	2	4	4.000
CT	976	5	12	12.000
CT	975	3	8	8.000
CT	974	5	14	14.000
CT	973	6	16	16.000
CT	972	3	8	8.000
CT	971	2	8	8.000
CT	970	2	2	2.000
CT	969	0	0	0.000
CT	968	1	0	0.000
CT	967	1	2	2.000
CT	966	3	8	8.000
CT	965	2	4	4.000
CT	964	3	4	4.000
CT	963	8	8	8.000
CT	962	3	6	6.000
CT	961	5	8	8.000
CT	960	4	8	8.000
CT	959	1	2	2.000
CT	958	5	12	12.000
CT	957	6	8	8.000
CT	956	0	0	0.000
CT	955	2	6	6.000
CT	954	3	7	7.000
CT	953	2	4	4.000
CT	952	7	17	17.000
CT	951	3	9	9.000
CT	950	4	12	12.000
CT	949	5	13	13.000
CT	948	2	6	6.000
CT	947	8	29	29.000
CT	946	0	0	0.000
CT	945	1	3	3.000
CT	944	3	8	8.000
CT	943	1	4	4.000
CT	942	3	6	6.000
CT	941	1	4	4.000
CT	940	4	8	8.000
CT	939	2	2	2.000
CT	938	5	12	12.000
CT	937	2	6	6.000
CT	936	3	7	7.000
CT	935	6	12	12.000
CT	934	2	6	6.000
CT	933	3	8	8.000
CT	932	6	16	16.000
CT	931	5	10	10.000
CT	930	10	20	20.000
CT	929	5	9	9.000
CT	928	4	10	10.000
CT	927	3	8	8.000
CT	926	9	20	20.000
CT	925	7	12	12.000
CT	924	7	16	16.000
CT	923	2	3	3.000
CT	922	4	8	8.000
CT	921	2	2	2.000
CT	920	2	5	5.000
CT	919	3	6	6.000
CT	918	3	6	6.000
CT	917	5	10	10.000
CT	916	2	5	5.000
CT	915	1	0	0.000
CT	914	4	8	8.000
CT	913	4	4	4.000
CT	912	3	4	4.000
CT	911	3	4	4.000
CT	910	5	10	10.000
CT	909	3	4	4.000
CT	908	3	6	6.000
CT	907	2	4	4.000
CT	906	1	3	3.000
CT	905	5	9	9.000
CT	904	7	10	10.000
CT	903	3	6	6.000
CT	902	9	18	18.000
CT	901	4	8	8.000
CT	900	5	8	8.000
CT	899	0	0	0.000
CT	898	2	6	6.000
CT	897	2	5	5.000
CT	896	2	8	8.000
CT	895	7	18	18.000
CT	894	3	6	6.000
CT	893	2	4	4.000
CT	892	5	12	12.000
CT	891	4	6	6.000
CT	890	5	18	18.000
CT	889	2	6	6.000
CT	888	3	4	4.000
CT	887	1	2	2.000
CT	886	6	21	21.000
CT	885	4	8	8.000
CT	884	3	8	8.000
CT	883	3	6	6.000
CT	882	4	8	8.000
CT	881	4	14	14.000
CT	880	3	12	12.000
CT	879	4	14	14.000
CT	878	3	12	12.000
CT	877	4	18	18.000
CT	876	4	14	14.000
CT	875	5	14	14.000
CT	874	1	4	4.000
CT	873	3	14	14.000
CT	872	4	14	14.000
CT	871	4	12	12.000
CT	870	2	5	5.000
CT	869	5	19	19.000
CT	868	8	20	20.000
CT	867	4	8	8.000
CT	866	3	6	6.000
CT	865	4	10	10.000
CT	864	0	0	0.000
CT	863	1	2	2.000
CT	862	7	16	16.000
CT	861	2	8	8.000
CT	860	3	6	6.000
CT	859	2	10	10.000
CT	858	4	11	11.000
CT	857	4	11	11.000
CT	856	3	6	6.000
CT	855	0	0	0.000
CT	854	6	12	12.000
CT	853	1	2	2.000
CT	852	1	3	3.000
CT	851	3	6	6.000
CT	850	3	6	6.000
CT	849	2	4	4.000
CT	848	1	2	2.000
CT	847	3	8	8.000
CT	846	3	8	8.000
CT	845	4	8	8.000
CT	844	4	8	8.000
CT	843	2	4	4.000
CT	842	4	11	11.000
CT	841	8	24	24.000
CT	840	5	16	16.000
CT	839	4	9	9.000
CT	838	7	17	17.000
CT	837	3	8	8.000
CT	836	4	12	12.000
CT	835	8	20	20.000
CT	834	5	10	10.000
CT	833	7	14	14.000
CT	832	3	6	6.000
CT	831	6	10	10.000
CT	830	4	10	10.000
CT	829	1	2	2.000
CT	828	5	16	16.000
CT	827	3	9	9.000
CT	826	5	18	18.000
CT	825	5	12	12.000
CT	824	11	29	29.000
CT	823	2	4	4.000
CT	822	5	7	7.000
CT	821	6	18	18.000
CT	820	7	18	18.000
CT	819	9	18	18.000
CT	818	2	3	3.000
CT	817	11	30	30.000
CT	816	5	9	9.000
CT	815	10	23	23.000
CT	814	13	31	31.000
CT	813	11	25	25.000
CT	812	9	21	21.000
CT	811	14	39	39.000
CT	810	15	40	40.000
CT	809	8	21	21.000
CT	808	10	26	26.000
CT	807	9	28	28.000
CT	806	13	35	35.000
CT	805	14	36	36.000
CT	804	13	40	40.000
CT	803	16	33	33.000
CT	802	16	34	34.000
CT	801	13	23	23.000
CT	800	7	16	16.000
CT	799	11	21	21.000
CT	798	17	38	38.000
CT	797	9	17	17.000
CT	796	12	28	28.000
CT	795	17	32	32.000
CT	794	15	26	26.000
CT	793	23	49	49.000
CT	792	15	33	33.000
CT	791	19	46	46.000
CT	790	14	36	36.000
CT	789	11	22	22.000
CT	788	12	26	26.000
CT	787	12	35	35.000
CT	786	9	23	23.000
CT	785	14	35	35.000
CT	784	8	18	18.000
CT	783	8	18	18.000
CT	782	8	20	20.000
CT	781	13	26	26.000
CT	780	12	24	24.000
CT	779	8	21	21.000
CT	778	13	26	26.000
CT	777	15	28	28.000
CT	776	8	16	16.000
CT	775	10	25	25.000
CT	774	9	22	22.000
CT	773	10	19	19.000
CT	772	13	27	27.000
CT	771	7	14	14.000
CT	770	9	26	26.000
CT	769	8	15	15.000
CT	768	7	16	16.000
CT	767	10	18	18.000
CT	766	5	11	11.000
CT	765	10	16	16.000
CT	764	12	26	26.000
CT	763	13	29	29.000
CT	762	13	25	25.000
CT	761	9	18	18.000
CT	760	11	21	21.000
CT	759	9	17	17.000
CT	758	16	34	34.000
CT	757	13	25	25.000
CT	756	19	33	33.000
CT	755	8	18	18.000
CT	754	12	23	23.000
CT	753	14	23	23.000
CT	752	9	17	17.000
CT	751	7	13	13.000
CT	750	14	27	27.000
CT	749	6	13	13.000
CT	748	7	14	14.000
CT	747	12	23	23.000
CT	746	6	12	12.000
CT	745	10	19	19.000
CT	744	10	20	20.000
CT	743	12	23	23.000
CT	742	12	25	25.000
CT	741	17	34	34.000
CT	740	9	18	18.000
CT	739	12	26	26.000
CT	738	15	33	33.000
CT	737	21	50	50.000
CT	736	14	29	29.000
CT	735	16	34	34.000
CT	734	13	22	22.000
CT	733	8	15	15.000
CT	732	16	33	33.000
CT	731	14	27	27.000
CT	730	18	31	31.000
CT	729	15	25	25.000
CT	728	16	28	28.000
CT	727	11	23	23.000
CT	726	14	29	29.000
CT	725	18	30	30.000
CT	724	17	33	33.000
CT	723	11	24	24.000
CT	722	16	27	27.000
CT	721	19	33	33.000
CT	720	16	30	30.000
CT	719	9	15	15.000
CT	718	24	43	43.000
CT	717	17	31	31.000
CT	716	24	43	43.000
CT	715	25	47	47.000
CT	714	29	45	45.000
CT	713	21	40	40.000
CT	712	17	34	34.000
CT	711	18	30	30.000
CT	710	28	52	52.000
CT	709	27	48	48.000
CT	708	25	42	42.000
CT	707	22	41	41.000
CT	706	24	40	40.000
CT	705	23	42	42.000
CT	704	17	31	31.000
CT	703	27	44	44.000
CT	702	31	55	55.000
CT	701	17	24	24.000
CT	700	29	47	47.000
CT	699	28	45	45.000
CT	698	27	44	44.000
CT	697	22	31	31.000
CT	696	28	48	48.000
CT	695	25	39	39.000
CT	694	30	52	52.000
CT	693	43	73	73.000
CT	692	29	53	53.000
CT	691	39	64	64.000
CT	690	34	51	51.000
CT	689	42	71	71.000
CT	688	44	71	71.000
CT	687	35	64	64.000
CT	686	27	52	52.000
CT	685	34	53	53.000
CT	684	45	70	70.000
CT	683	37	55	55.000
CT	682	45	75	75.000
CT	681	45	70	70.000
CT	680	21	39	39.000
CT	679	46	64	64.000
CT	678	34	54	54.000
CT	677	40	63	63.000
CT	676	48	65	65.000
CT	675	35	57	57.000
CT	674	42	71	71.000
CT	673	43	67	67.000
CT	672	33	55	55.000
CT	671	41	61	61.000
CT	670	32	53	53.000
CT	669	41	68	68.000
CT	668	37	60	60.000
CT	667	33	54	54.000
CT	666	41	66	66.000
CT	665	52	87	87.000
CT	664	55	86	86.000
CT	663	45	76	76.000
CT	662	56	82	82.000
CT	661	37	59	59.000
CT	660	44	71	71.000
CT	659	42	63	63.000
CT	658	53	82	82.000
CT	657	45	69	69.000
CT	656	44	71	71.000
CT	655	51	78	78.000
CT	654	47	72	72.000
CT	653	54	87	87.000
CT	652	57	86	86.000
CT	651	40	56	56.000
CT	650	50	74	74.000
CT	649	40	63	63.000
CT	648	55	88	88.000
CT	647	50	72	72.000
CT	646	53	82	82.000
CT	645	43	62	62.000
CT	644	65	95	95.000
CT	643	63	88	88.000
CT	642	63	86	86.000
CT	641	59	82	82.000
CT	640	65	97	97.000
CT	639	62	91	91.000
CT	638	63	83	83.000
CT	637	58	87	87.000
CT	636	65	90	90.000
CT	635	68	86	86.000
CT	634	68	98	98.000
CT	633	76	114	114.000
CT	632	79	93	93.000
CT	631	68	96	96.000
CT	630	78	98	98.000
CT	629	81	101	101.000
CT	628	74	96	96.000
CT	627	78	106	106.000
CT	626	72	101	101.000
CT	625	78	104	104.000
CT	624	81	103	103.000
CT	623	85	114	114.000
CT	622	103	134	134.000
CT	621	82	107	107.000
CT	620	100	127	127.000
CT	619	88	118	118.000
CT	618	95	132	132.000
CT	617	98	125	125.000
CT	616	98	141	141.000
CT	615	101	142	142.000
CT	614	72	97	97.000
CT	613	92	115	115.000
CT	612	133	187	187.000
CT	611	116	150	150.000
CT	610	93	116	116.000
CT	609	114	147	147.000
CT	608	126	171	171.000
CT	607	102	130	130.000
CT	606	128	156	156.000
CT	605	144	191	191.000
CT	604	132	164	164.000
CT	603	135	177	177.000
CT	602	137	175	175.000
CT	601	159	206	206.000
CT	600	158	213	213.000
CT	599	180	227	227.000
CT	598	144	185	185.000
CT	597	136	181	181.000
CT	596	143	178	178.000
CT	595	160	197	197.000
CT	594	188	228	228.000
CT	593	173	210	210.000
CT	592	183	202	202.000
CT	591	178	218	218.000
CT	590	191	232	232.000
CT	589	202	232	232.000
CT	588	203	235	235.000
CT	587	214	247	247.000
CT	586	199	240	240.000
CT	585	252	292	292.000
CT	584	224	259	259.000
CT	583	247	299	299.000
CT	582	241	278	278.000
CT	581	221	249	249.000
CT	580	226	271	271.000
CT	579	239	270	270.000
CT	578	220	239	239.000
CT	577	230	265	265.000
CT	576	234	266	266.000
CT	575	246	275	275.000
CT	574	248	292	292.000
CT	573	236	257	257.000
CT	572	263	293	293.000
CT	571	244	273	273.000
CT	570	280	303	303.000
CT	569	253	284	284.000
CT	568	289	308	308.000
CT	567	272	296	296.000
CT	566	261	295	295.000
CT	565	307	325	325.000
CT	564	301	320	320.000
CT	563	272	298	298.000
CT	562	302	330	330.000
CT	561	276	298	298.000
CT	560	330	352	352.000
CT	559	327	353	353.000
CT	558	354	381	381.000
CT	557	346	373	373.000
CT	556	352	387	387.000
CT	555	346	376	376.000
CT	554	351	382	382.000
CT	553	358	396	396.000
CT	552	370	397	397.000
CT	551	384	420	420.000
CT	550	395	426	426.000
CT	549	366	384	384.000
CT	548	441	478	478.000
CT	547	411	436	436.000
CT	546	437	471	471.000
CT	545	521	545	545.000
CT	544	506	533	533.000
CT	543	508	532	532.000
CT	542	469	498	498.000
CT	541	509	538	538.000
CT	540	528	560	560.000
CT	539	476	504	504.000
CT	538	539	578	578.000
CT	537	527	557	557.000
CT	536	539	577	577.000
CT	535	573	606	606.000
CT	534	571	595	595.000
CT	533	562	612	612.000
CT	532	582	621	621.000
CT	531	583	611	611.000
CT	530	622	650	650.000
CT	529	610	629	629.000
CT	528	690	731	731.000
CT	527	621	644	644.000
CT	526	647	677	677.000
CT	525	672	693	693.000
CT	524	644	660	660.000
CT	523	734	776	776.000
CT	522	663	699	699.000
CT	521	691	729	729.000
CT	520	775	802	802.000
CT	519	764	800	800.000
CT	518	779	814	814.000
CT	517	748	782	782.000
CT	516	691	706	706.000
CT	515	812	840	840.000
CT	514	848	882	882.000
CT	513	853	891	891.000
CT	512	879	905	905.000
CT	511	855	875	875.000
CT	510	915	935	935.000
CT	509	929	964	964.000
CT	508	994	1028	1028.000
CT	507	983	1009	1009.000
CT	506	1013	1034	1034.000
CT	505	991	1011	1011.000
CT	504	1047	1078	1078.000
CT	503	1158	1179	1179.000
CT	502	1094	1112	1112.000
CT	501	1162	1182	1182.000
CT	500	1240	1255	1255.000
CT	499	1170	1186	1186.000
CT	498	1208	1231	1231.000
CT	497	1314	1343	1343.000
CT	496	1283	1305	1305.000
CT	495	1325	1362	1362.000
CT	494	1254	1279	1279.000
CT	493	1398	1418	1418.000
CT	492	1416	1440	1440.000
CT	491	1398	1413	1413.000
CT	490	1479	1500	1500.000
CT	489	1466	1488	1488.000
CT	488	1490	1515	1515.000
CT	487	1535	1565	1565.000
CT	486	1577	1590	1590.000
CT	485	1591	1609	1609.000
CT	484	1677	1692	1692.000
CT	483	1644	1668	1668.000
CT	482	1714	1745	1745.000
CT	481	1816	1838	1838.000
CT	480	1826	1852	1852.000
CT	479	1766	1793	1793.000
CT	478	1848	1857	1857.000
CT	477	1830	1840	1840.000
CT	476	1985	2002	2002.000
CT	475	1915	1930	1930.000
CT	474	2029	2062	2062.000
CT	473	2068	2094	2094.000
CT	472	2087	2098	2098.000
CT	471	2159	2177	2177.000
CT	470	2222	2243	2243.000
CT	469	2264	2287	2287.000
CT	468	2316	2347	2347.000
CT	467	2467	2486	2486.000
CT	466	2395	2422	2422.000
CT	465	2499	2525	2525.000
CT	464	2543	2573	2573.000
CT	463	2621	2632	2632.000
CT	462	2676	2690	2690.000
CT	461	2747	2770	2770.000
CT	460	2806	2836	2836.000
CT	459	2869	2889	2889.000
CT	458	2905	2925	2925.000
CT	457	3136	3163	3163.000
CT	456	2990	3016	3016.000
CT	455	3154	3180	3180.000
CT	454	3170	3184	3184.000
CT	453	3201	3229	3229.000
CT	452	3331	3348	3348.000
CT	451	3401	3422	3422.000
CT	450	3339	3362	3362.000
CT	449	3526	3549	3549.000
CT	448	3572	3591	3591.000
CT	447	3585	3603	3603.000
CT	446	3665	3680	3680.000
CT	445	3700	3719	3719.000
CT	444	3822	3845	3845.000
CT	443	3851	3876	3876.000
CT	442	3931	3945	3945.000
CT	441	4135	4149	4149.000
CT	440	4102	4115	4115.000
CT	439	4343	4360	4360.000
CT	438	4371	4384	4384.000
CT	437	4405	4424	4424.000
CT	436	4580	4605	4605.000
CT	435	4617	4639	4639.000
CT	434	4826	4855	4855.000
CT	433	4902	4911	4911.000
CT	432	4924	4945	4945.000
CT	431	4983	4999	4999.000
CT	430	5099	5125	5125.000
CT	429	5251	5263	5263.000
CT	428	5305	5319	5319.000
CT	427	5326	5349	5349.000
CT	426	5579	5596	5596.000
CT	425	5673	5688	5688.000
CT	424	5790	5812	5812.000
CT	423	5904	5922	5922.000
CT	422	5957	5976	5976.000
CT	421	6024	6046	6046.000
CT	420	6090	6115	6115.000
CT	419	6137	6165	6165.000
CT	418	6124	6142	6142.000
CT	417	6479	6502	6502.000
CT	416	6614	6635	6635.000
CT	415	6756	6777	6777.000
CT	414	6796	6833	6833.000
CT	413	6871	6898	6898.000
CT	412	7062	7092	7092.000
CT	411	7183	7209	7209.000
CT	410	7296	7320	7320.000
CT	409	7431	7453	7453.000
CT	408	7483	7507	7507.000
CT	407	7656	7693	7693.000
CT	406	7967	7992	7992.000
CT	405	8043	8065	8065.000
CT	404	8142	8168	8168.000
CT	403	8351	8377	8377.000
CT	402	8417	8434	8434.000
CT	401	8622	8653	8653.000
CT	400	8642	8656	8656.000
CT	399	8750	8772	8772.000
CT	398	9067	9090	9090.000
CT	397	9248	9274	9274.000
CT	396	9208	9235	9235.000
CT	395	9507	9534	9534.000
CT	394	9840	9859	9859.000
CT	393	9844	9867	9867.000
CT	392	10025	10045	10045.000
CT	391	10178	10196	10196.000
CT	390	10405	10421	10421.000
CT	389	10539	10554	10554.000
CT	388	10623	10634	10634.000
CT	387	10781	10798	10798.000
CT	386	11022	11042	11042.000
CT	385	11172	11195	11195.000
CT	384	11282	11295	11295.000
CT	383	11393	11412	11412.000
CT	382	11815	11830	11830.000
CT	381	12016	12036	12036.000
CT	380	12084	12095	12095.000
CT	379	12182	12196	12196.000
CT	378	12319	12339	12339.000
CT	377	12640	12654	12654.000
CT	376	12705	12718	12718.000
CT	375	12804	12822	12822.000
CT	374	13109	13125	13125.000
CT	373	13191	13208	13208.000
CT	372	13471	13483	13483.000
CT	371	13498	13508	13508.000
CT	370	13959	13973	13973.000
CT	369	13988	14007	14007.000
CT	368	14310	14326	14326.000
CT	367	14578	14595	14595.000
CT	366	14715	14736	14736.000
CT	365	14919	14932	14932.000
CT	364	15190	15215	15215.000
CT	363	15132	15149	15149.000
CT	362	14957	14980	14980.000
CT	361	15429	15451	15451.000
CT	360	15669	15691	15691.000
CT	359	15801	15818	15818.000
CT	358	15869	15885	15885.000
CT	357	16047	16060	16060.000
CT	356	16084	16109	16109.000
CT	355	16285	16304	16304.000
CT	354	16350	16365	16365.000
CT	353	16802	16824	16824.000
CT	352	17221	17242	17242.000
CT	351	17125	17138	17138.000
CT	350	17362	17377	17377.000
CT	349	17543	17556	17556.000
CT	348	17614	17623	17623.000
CT	347	17779	17800	17800.000
CT	346	17832	17854	17854.000
CT	345	18280	18297	18297.000
CT	344	18292	18303	18303.000
CT	343	18274	18298	18298.000
CT	342	18515	18529	18529.000
CT	341	19041	19067	19067.000
CT	340	19080	19096	19096.000
CT	339	19084	19099	19099.000
CT	338	19292	19309	19309.000
CT	337	19369	19381	19381.000
CT	336	19552	19566	19566.000
CT	335	20050	20068	20068.000
CT	334	19867	19883	19883.000
CT	333	20273	20293	20293.000
CT	332	20079	20099	20099.000
CT	331	20463	20473	20473.000
CT	330	20693	20705	20705.000
CT	329	20703	20715	20715.000
CT	328	20844	20859	20859.000
CT	327	21005	21011	21011.000
CT	326	21021	21034	21034.000
CT	325	21267	21276	21276.000
CT	324	21691	21696	21696.000
CT	323	22005	22020	22020.000
CT	322	22247	22266	22266.000
CT	321	22151	22168	22168.000
CT	320	22246	22263	22263.000
CT	319	22601	22605	22605.000
CT	318	22672	22687	22687.000
CT	317	22949	22965	22965.000
CT	316	22972	22984	22984.000
CT	315	23336	23351	23351.000
CT	314	23378	23387	23387.000
CT	313	23489	23507	23507.000
CT	312	23409	23423	23423.000
CT	311	23724	23733	23733.000
CT	310	23626	23642	23642.000
CT	309	23787	23798	23798.000
CT	308	23961	23974	23974.000
CT	307	24282	24294	24294.000
CT	306	24006	24013	24013.000
CT	305	24227	24236	24236.000
CT	304	23996	24008	24008.000
CT	303	24123	24139	24139.000
CT	302	24188	24198	24198.000
CT	301	24307	24316	24316.000
CT	300	24569	24579	24579.000
CT	299	24277	24290	24290.000
CT	298	24662	24673	24673.000
CT	297	24528	24540	24540.000
CT	296	24819	24829	24829.000
CT	295	24681	24690	24690.000
CT	294	24522	24531	24531.000
CT	293	24884	24890	24890.000
CT	292	24791	24808	24808.000
CT	291	24785	24792	24792.000
CT	290	24741	24754	24754.000
CT	289	25091	25100	25100.000
CT	288	24538	24554	24554.000
CT	287	24452	24468	24468.000
CT	286	24459	24472	24472.000
CT	285	24441	24452	24452.000
CT	284	24497	24506	24506.000
CT	283	24262	24273	24273.000
CT	282	24046	24055	24055.000
CT	281	24018	24029	24029.000
CT	280	23772	23776	23776.000
CT	279	23622	23631	23631.000
CT	278	23652	23660	23660.000
CT	277	23485	23492	23492.000
CT	276	23233	23235	23235.000
CT	275	23265	23268	23268.000
CT	274	22943	22948	22948.000
CT	273	22937	22945	22945.000
CT	272	22631	22635	22635.000
CT	271	22724	22728	22728.000
CT	270	22550	22549	22549.000
CT	269	22487	22486	22486.000
CT	268	22430	22437	22437.000
CT	267	21876	21879	21879.000
CT	266	22237	22248	22248.000
CT	265	21777	21781	21781.000
CT	264	21561	21561	21561.000
CT	263	21566	21563	21563.000
CT	262	20955	20953	20953.000
CT	261	20952	20951	20951.000
CT	260	20585	20588	20588.000
CT	259	20720	20719	20719.000
CT	258	20325	20327	20327.000
CT	257	20120	20121	20121.000
CT	256	20222	20220	20220.000
CT	255	19817	19817	19817.000
CT	254	19510	19509	19509.000
CT	253	19360	19362	19362.000
CT	252	19221	19218	19218.000
CT	251	18650	18647	18647.000
CT	250	18105	18101	18101.000
CT	249	18266	18260	18260.000
CT	248	17762	17758	17758.000
CT	247	17975	17971	17971.000
CT	246	17526	17522	17522.000
CT	245	17009	17005	17005.000
CT	244	16827	16824	16824.000
CT	243	16814	16803	16803.000
CT	242	16443	16441	16441.000
CT	241	16042	16034	16034.000
CT	240	16037	16034	16034.000
CT	239	15782	15776	15776.000
CT	238	15303	15300	15300.000
CT	237	15240	15234	15234.000
CT	236	14857	14853	14853.000
CT	235	14542	14537	14537.000
CT	234	14241	14237	14237.000
CT	233	14055	14050	14050.000
CT	232	13704	13699	13699.000
CT	231	13744	13739	13739.000
CT	230	13280	13273	13273.000
CT	229	12962	12957	12957.000
CT	228	13002	12998	12998.000
CT	227	12557	12552	12552.000
CT	226	12375	12367	12367.000
CT	225	12007	11999	11999.000
CT	224	11705	11691	11691.000
CT	223	11391	11387	11387.000
CT	222	11042	11035	11035.000
CT	221	11002	10991	10991.000
CT	220	10423	10415	10415.000
CT	219	10325	10321	10321.000
CT	218	10116	10109	10109.000
CT	217	9865	9861	9861.000
CT	216	9409	9404	9404.000
CT	215	9215	9207	9207.000
CT	214	8974	8965	8965.000
CT	213	8597	8592	8592.000
CT	212	8475	8466	8466.000
CT	211	8096	8087	8087.000
CT	210	7984	7976	7976.000
CT	209	7659	7653	7653.000
CT	208	7520	7510	7510.000
CT	207	7112	7109	7109.000
CT	206	6977	6967	6967.000
CT	205	6748	6743	6743.000
CT	204	6645	6637	6637.000
CT	203	6545	6539	6539.000
CT	202	6156	6146	6146.000
CT	201	5962	5955	5955.000
CT	200	5826	5818	5818.000
CT	199	5529	5518	5518.000
CT	198	5361	5354	5354.000
CT	197	5111	5100	5100.000
CT	196	4972	4961	4961.000
CT	195	4689	4687	4687.000
CT	194	4529	4521	4521.000
CT	193	4345	4340	4340.000
CT	192	4228	4224	4224.000
CT	191	4075	4069	4069.000
CT	190	3908	3907	3907.000
CT	189	3687	3677	3677.000
CT	188	3670	3671	3671.000
CT	187	3458	3446	3446.000
CT	186	3373	3366	3366.000
CT	185	3187	3190	3190.000
CT	184	3070	3065	3065.000
CT	183	3072	3065	3065.000
CT	182	2910	2910	2910.000
CT	181	2728	2735	2735.000
CT	180	2562	2563	2563.000
CT	179	2531	2529	2529.000
CT	178	2306	2309	2309.000
CT	177	2314	2316	2316.000
CT	176	2166	2164	2164.000
CT	175	2023	2020	2020.000
CT	174	1911	1907	1907.000
CT	173	1782	1780	1780.000
CT	172	1725	1727	1727.000
CT	171	1591	1598	1598.000
CT	170	1521	1519	1519.000
CT	169	1461	1464	1464.000
CT	168	1419	1422	1422.000
CT	167	1396	1403	1403.000
CT	166	1314	1315	1315.000
CT	165	1291	1292	1292.000
CT	164	1196	1196	1196.000
CT	163	1114	1115	1115.000
CT	162	1024	1028	1028.000
CT	161	944	944	944.000
CT	160	886	889	889.000
CT	159	827	829	829.000
CT	158	816	808	808.000
CT	157	746	744	744.000
CT	156	646	640	640.000
CT	155	659	654	654.000
CT	154	591	584	584.000
CT	153	615	609	609.000
CT	152	583	588	588.000
CT	151	494	493	493.000
CT	150	534	532	532.000
CT	149	502	500	500.000
CT	148	517	517	517.000
CT	147	449	447	447.000
CT	146	466	466	466.000
CT	145	381	382	382.000
CT	144	365	363	363.000
CT	143	392	391	391.000
CT	142	371	370	370.000
CT	141	376	374	374.000
CT	140	388	386	386.000
CT	139	418	415	415.000
CT	138	337	335	335.000
CT	137	310	305	305.000
CT	136	360	358	358.000
CT	135	313	309	309.000
CT	134	294	289	289.000
CT	133	297	288	288.000
CT	132	262	263	263.000
CT	131	298	298	298.000
CT	130	269	271	271.000
CT	129	244	245	245.000
CT	128	256	254	254.000
CT	127	190	186	186.000
CT	126	201	196	196.000
CT	125	170	171	171.000
CT	124	171	171	171.000
CT	123	166	164	164.000
CT	122	157	150	150.000
CT	121	130	129	129.000
CT	120	127	115	115.000
CT	119	122	114	114.000
CT	118	108	103	103.000
CT	117	107	99	99.000
CT	116	93	85	85.000
CT	115	89	85	85.000
CT	114	90	83	83.000
CT	113	89	78	78.000
CT	112	73	69	69.000
CT	111	79	70	70.000
CT	110	68	61	61.000
CT	109	72	62	62.000
CT	108	86	71	71.000
CT	107	82	71	71.000
CT	106	81	67	67.000
CT	105	82	73	73.000
CT	104	81	71	71.000
CT	103	75	59	59.000
CT	102	63	54	54.000
CT	101	58	50	50.000
CT	100	55	44	44.000
CT	99	51	45	45.000
CT	98	56	46	46.000
CT	97	45	37	37.000
CT	96	36	31	31.000
CT	95	39	27	27.000
CT	94	36	26	26.000
CT	93	30	24	24.000
CT	92	22	13	13.000
CT	91	40	28	28.000
CT	90	17	13	13.000
CT	89	28	19	19.000
CT	88	17	12	12.000
CT	87	15	10	10.000
CT	86	39	30	30.000
CT	85	29	16	16.000
CT	84	31	14	14.000
CT	83	23	9	9.000
CT	82	23	8	8.000
CT	81	28	6	6.000
CT	80	38	7	7.000
CT	79	38	8	8.000
CT	78	40	7	7.000
CT	77	56	10	10.000
CT	76	48	5	5.000
CT	75	50	7	7.000
CT	74	44	5	5.000
CT	73	44	5	5.000
CT	72	58	4	4.000
CT	71	66	8	8.000
CT	70	65	4	4.000
CT	69	79	4	4.000
CT	68	74	8	8.000
CT	67	101	4	4.000
CT	66	111	3	3.000
CT	65	114	4	4.000
CT	64	91	3	3.000
CT	63	120	2	2.000
CT	62	122	4	4.000
CT	61	144	4	4.000
CT	60	135	2	2.000
CT	59	191	0	0.000
CT	58	180	1	1.000
CT	57	248	0	0.000
CT	56	246	0	0.000
CT	55	284	2	2.000
CT	54	322	5	5.000
CT	53	331	6	6.000
CT	52	398	9	9.000
CT	51	439	2	2.000
CT	50	482	1	1.000
CT	49	570	1	1.000
CT	48	577	5	5.000
CT	47	633	6	6.000
CT	46	730	5	5.000
CT	45	799	2	2.000
CT	44	914	1	1.000
CT	43	1036	0	0.000
CT	42	1331	0	0.000
CT	41	1463	0	0.000
CT	40	1496	0	0.000
CT	39	1664	0	0.000
CT	38	1871	0	0.000
CT	37	2176	0	0.000
CT	36	2352	0	0.000
CT	35	2681	0	0.000
CT	34	3104	0	0.000
CT	33	3671	0	0.000
CT	32	4140	0	0.000
CT	31	4478	0	0.000
CT	30	5308	0	0.000
CT	29	5930	0	0.000
CT	28	7136	0	0.000
CT	27	8347	0	0.000
CT	26	9574	0	0.000
CT	25	10460	0	0.000
CT	24	11655	0	0.000
CT	23	12898	0	0.000
CT	22	15194	0	0.000
CT	21	17099	0	0.000
CT	20	19860	0	0.000
CT	19	23429	0	0.000
CT	18	28219	0	0.000
CT	17	33062	0	0.000
CT	16	38939	0	0.000
CT	15	46442	0	0.000
CT	14	55921	0	0.000
CT	13	68715	0	0.000
CT	12	86015	0	0.000
CT	11	108772	0	0.000
CT	10	139093	0	0.000
CT	9	189747	0	0.000
CT	8	265832	0	0.000
CT	7	397282	0	0.000
CT	6	634625	0	0.000
CT	5	1115482	0	0.000
CT	4	2217379	0	0.000
CT	3	5251216	0	0.000
CT	2	16179369	0	0.000
CT	1	0	0	-nan
CT	0	0	0	-nan
FR	0	0
ER	4090439	0.000
CV	1.000
QV	inf	inf
