HS	1023	0	5119	5119
HS	1022	0	4	5123
HS	1021	0	2	5125
HS	1020	0	0	5125
HS	1019	0	3	5128
HS	1018	0	1	5129
HS	1017	0	3	5132
HS	1016	0	2	5134
HS	1015	0	3	5137
HS	1014	0	3	5140
HS	1013	0	4	5144
HS	1012	0	1	5145
HS	1011	0	2	5147
HS	1010	0	2	5149
HS	1009	0	1	5150
HS	1008	0	1	5151
HS	1007	0	5	5156
HS	1006	0	4	5160
HS	1005	0	2	5162
HS	1004	0	1	5163
HS	1003	0	5	5168
HS	1002	0	2	5170
HS	1001	0	1	5171
HS	1000	0	2	5173
HS	999	0	0	5173
HS	998	0	1	5174
HS	997	0	4	5178
HS	996	0	3	5181
HS	995	0	3	5184
HS	994	0	2	5186
HS	993	0	2	5188
HS	992	0	5	5193
HS	991	0	1	5194
HS	990	0	3	5197
HS	989	0	3	5200
HS	988	0	5	5205
HS	987	0	3	5208
HS	986	0	3	5211
HS	985	0	3	5214
HS	984	0	4	5218
HS	983	0	5	5223
HS	982	0	7	5230
HS	981	0	12	5242
HS	980	0	2	5244
HS	979	0	7	5251
HS	978	0	3	5254
HS	977	0	2	5256
HS	976	0	5	5261
HS	975	0	3	5264
HS	974	0	5	5269
HS	973	0	6	5275
HS	972	0	3	5278
HS	971	0	2	5280
HS	970	0	2	5282
HS	969	0	0	5282
HS	968	0	1	5283
HS	967	0	1	5284
HS	966	0	3	5287
HS	965	0	2	5289
HS	964	0	3	5292
HS	963	0	8	5300
HS	962	0	3	5303
HS	961	0	5	5308
HS	960	0	4	5312
HS	959	0	1	5313
HS	958	0	5	5318
HS	957	0	6	5324
HS	956	0	0	5324
HS	955	0	2	5326
HS	954	0	3	5329
HS	953	0	2	5331
HS	952	0	7	5338
HS	951	0	3	5341
HS	950	0	4	5345
HS	949	0	5	5350
HS	948	0	2	5352
HS	947	0	8	5360
HS	946	0	0	5360
HS	945	0	1	5361
HS	944	0	3	5364
HS	943	0	1	5365
HS	942	0	3	5368
HS	941	0	1	5369
HS	940	0	4	5373
HS	939	0	2	5375
HS	938	0	5	5380
HS	937	0	2	5382
HS	936	0	3	5385
HS	935	0	6	5391
HS	934	0	2	5393
HS	933	0	3	5396
HS	932	0	6	5402
HS	931	0	5	5407
HS	930	0	10	5417
HS	929	0	5	5422
HS	928	0	4	5426
HS	927	0	3	5429
HS	926	0	9	5438
HS	925	0	7	5445
HS	924	0	7	5452
HS	923	0	2	5454
HS	922	0	4	5458
HS	921	0	2	5460
HS	920	0	2	5462
HS	919	0	3	5465
HS	918	0	3	5468
HS	917	0	5	5473
HS	916	0	2	5475
HS	915	0	1	5476
HS	914	0	4	5480
HS	913	0	4	5484
HS	912	0	3	5487
HS	911	0	3	5490
HS	910	0	5	5495
HS	909	0	3	5498
HS	908	0	3	5501
HS	907	0	2	5503
HS	906	0	1	5504
HS	905	0	5	5509
HS	904	0	7	5516
HS	903	0	3	5519
HS	902	0	9	5528
HS	901	0	4	5532
HS	900	0	5	5537
HS	899	0	0	5537
HS	898	0	2	5539
HS	897	0	2	5541
HS	896	0	2	5543
HS	895	0	7	5550
HS	894	0	3	5553
HS	893	0	2	5555
HS	892	0	5	5560
HS	891	0	4	5564
HS	890	0	5	5569
HS	889	0	2	5571
HS	888	0	3	5574
HS	887	0	1	5575
HS	886	0	6	5581
HS	885	0	4	5585
HS	884	0	3	5588
HS	883	0	3	5591
HS	882	0	4	5595
HS	881	0	4	5599
HS	880	0	3	5602
HS	879	0	4	5606
HS	878	0	3	5609
HS	877	0	4	5613
HS	876	0	4	5617
HS	875	0	5	5622
HS	874	0	1	5623
HS	873	0	3	5626
HS	872	0	4	5630
HS	871	0	4	5634
HS	870	0	2	5636
HS	869	0	5	5641
HS	868	0	8	5649
HS	867	0	4	5653
HS	866	0	3	5656
HS	865	0	4	5660
HS	864	0	0	5660
HS	863	0	1	5661
HS	862	0	7	5668
HS	861	0	2	5670
HS	860	0	3	5673
HS	859	0	2	5675
HS	858	0	4	5679
HS	857	0	4	5683
HS	856	0	3	5686
HS	855	0	0	5686
HS	854	0	6	5692
HS	853	0	1	5693
HS	852	0	1	5694
HS	851	0	3	5697
HS	850	0	3	5700
HS	849	0	2	5702
HS	848	0	1	5703
HS	847	0	3	5706
HS	846	0	3	5709
HS	845	0	4	5713
HS	844	0	4	5717
HS	843	0	2	5719
HS	842	0	4	5723
HS	841	0	8	5731
HS	840	0	5	5736
HS	839	0	4	5740
HS	838	0	7	5747
HS	837	0	3	5750
HS	836	0	4	5754
HS	835	0	8	5762
HS	834	0	5	5767
HS	833	0	7	5774
HS	832	0	3	5777
HS	831	0	6	5783
HS	830	0	4	5787
HS	829	0	1	5788
HS	828	0	5	5793
HS	827	0	3	5796
HS	826	0	5	5801
HS	825	0	5	5806
HS	824	0	11	5817
HS	823	0	2	5819
HS	822	0	5	5824
HS	821	0	6	5830
HS	820	0	7	5837
HS	819	0	9	5846
HS	818	0	2	5848
HS	817	0	11	5859
HS	816	0	5	5864
HS	815	0	10	5874
HS	814	0	13	5887
HS	813	0	11	5898
HS	812	0	9	5907
HS	811	0	14	5921
HS	810	0	15	5936
HS	809	0	8	5944
HS	808	0	10	5954
HS	807	0	9	5963
HS	806	0	13	5976
HS	805	0	14	5990
HS	804	0	13	6003
HS	803	0	16	6019
HS	802	0	16	6035
HS	801	0	13	6048
HS	800	0	7	6055
HS	799	0	11	6066
HS	798	0	17	6083
HS	797	0	9	6092
HS	796	0	12	6104
HS	795	0	17	6121
HS	794	0	15	6136
HS	793	0	23	6159
HS	792	0	15	6174
HS	791	0	19	6193
HS	790	0	14	6207
HS	789	0	11	6218
HS	788	0	12	6230
HS	787	0	12	6242
HS	786	0	9	6251
HS	785	0	14	6265
HS	784	0	8	6273
HS	783	0	8	6281
HS	782	0	8	6289
HS	781	0	13	6302
HS	780	0	12	6314
HS	779	0	8	6322
HS	778	0	13	6335
HS	777	0	15	6350
HS	776	0	8	6358
HS	775	0	10	6368
HS	774	0	9	6377
HS	773	0	10	6387
HS	772	0	13	6400
HS	771	0	7	6407
HS	770	0	9	6416
HS	769	0	8	6424
HS	768	0	7	6431
HS	767	0	10	6441
HS	766	0	5	6446
HS	765	0	10	6456
HS	764	0	12	6468
HS	763	0	13	6481
HS	762	0	13	6494
HS	761	0	9	6503
HS	760	0	11	6514
HS	759	0	9	6523
HS	758	0	16	6539
HS	757	0	13	6552
HS	756	0	19	6571
HS	755	0	8	6579
HS	754	0	12	6591
HS	753	0	14	6605
HS	752	0	9	6614
HS	751	0	7	6621
HS	750	0	14	6635
HS	749	0	6	6641
HS	748	0	7	6648
HS	747	0	12	6660
HS	746	0	6	6666
HS	745	0	10	6676
HS	744	0	10	6686
HS	743	0	12	6698
HS	742	0	12	6710
HS	741	0	17	6727
HS	740	0	9	6736
HS	739	0	12	6748
HS	738	0	15	6763
HS	737	0	21	6784
HS	736	0	14	6798
HS	735	0	16	6814
HS	734	0	13	6827
HS	733	0	8	6835
HS	732	0	16	6851
HS	731	0	14	6865
HS	730	0	18	6883
HS	729	0	15	6898
HS	728	0	16	6914
HS	727	0	11	6925
HS	726	0	14	6939
HS	725	0	18	6957
HS	724	0	17	6974
HS	723	0	11	6985
HS	722	0	16	7001
HS	721	0	19	7020
HS	720	0	16	7036
HS	719	0	9	7045
HS	718	0	24	7069
HS	717	0	17	7086
HS	716	0	24	7110
HS	715	0	25	7135
HS	714	0	29	7164
HS	713	0	21	7185
HS	712	0	17	7202
HS	711	0	18	7220
HS	710	0	28	7248
HS	709	0	27	7275
HS	708	0	25	7300
HS	707	0	22	7322
HS	706	0	24	7346
HS	705	0	23	7369
HS	704	0	17	7386
HS	703	0	27	7413
HS	702	0	31	7444
HS	701	0	17	7461
HS	700	0	29	7490
HS	699	0	28	7518
HS	698	0	27	7545
HS	697	0	22	7567
HS	696	0	28	7595
HS	695	0	25	7620
HS	694	0	30	7650
HS	693	0	43	7693
HS	692	0	29	7722
HS	691	0	39	7761
HS	690	0	34	7795
HS	689	0	42	7837
HS	688	0	44	7881
HS	687	0	35	7916
HS	686	0	27	7943
HS	685	0	34	7977
HS	684	0	45	8022
HS	683	0	37	8059
HS	682	0	45	8104
HS	681	0	45	8149
HS	680	0	21	8170
HS	679	0	46	8216
HS	678	0	34	8250
HS	677	0	40	8290
HS	676	0	48	8338
HS	675	0	35	8373
HS	674	0	42	8415
HS	673	0	43	8458
HS	672	0	33	8491
HS	671	0	41	8532
HS	670	0	32	8564
HS	669	0	41	8605
HS	668	0	37	8642
HS	667	0	33	8675
HS	666	0	41	8716
HS	665	0	52	8768
HS	664	0	55	8823
HS	663	0	45	8868
HS	662	0	56	8924
HS	661	0	37	8961
HS	660	0	44	9005
HS	659	0	42	9047
HS	658	0	53	9100
HS	657	0	45	9145
HS	656	0	44	9189
HS	655	0	51	9240
HS	654	0	47	9287
HS	653	0	54	9341
HS	652	0	57	9398
HS	651	0	40	9438
HS	650	0	50	9488
HS	649	0	40	9528
HS	648	0	55	9583
HS	647	0	50	9633
HS	646	0	53	9686
HS	645	0	43	9729
HS	644	0	65	9794
HS	643	0	63	9857
HS	642	0	63	9920
HS	641	0	59	9979
HS	640	0	65	10044
HS	639	0	62	10106
HS	638	0	63	10169
HS	637	0	58	10227
HS	636	0	65	10292
HS	635	0	68	10360
HS	634	0	68	10428
HS	633	0	76	10504
HS	632	0	79	10583
HS	631	0	68	10651
HS	630	0	78	10729
HS	629	0	81	10810
HS	628	0	74	10884
HS	627	0	78	10962
HS	626	0	72	11034
HS	625	0	78	11112
HS	624	0	81	11193
HS	623	0	85	11278
HS	622	0	103	11381
HS	621	0	82	11463
HS	620	0	100	11563
HS	619	0	88	11651
HS	618	0	95	11746
HS	617	0	98	11844
HS	616	0	98	11942
HS	615	0	101	12043
HS	614	0	72	12115
HS	613	0	92	12207
HS	612	0	133	12340
HS	611	0	116	12456
HS	610	0	93	12549
HS	609	0	114	12663
HS	608	0	126	12789
HS	607	0	102	12891
HS	606	0	128	13019
HS	605	0	144	13163
HS	604	0	132	13295
HS	603	0	135	13430
HS	602	0	137	13567
HS	601	0	159	13726
HS	600	0	158	13884
HS	599	0	180	14064
HS	598	0	144	14208
HS	597	0	136	14344
HS	596	0	143	14487
HS	595	0	160	14647
HS	594	0	188	14835
HS	593	0	173	15008
HS	592	0	183	15191
HS	591	0	178	15369
HS	590	0	191	15560
HS	589	0	202	15762
HS	588	0	203	15965
HS	587	0	214	16179
HS	586	0	199	16378
HS	585	0	252	16630
HS	584	0	224	16854
HS	583	0	247	17101
HS	582	0	241	17342
HS	581	0	221	17563
HS	580	0	226	17789
HS	579	0	239	18028
HS	578	0	220	18248
HS	577	0	230	18478
HS	576	0	234	18712
HS	575	0	246	18958
HS	574	0	248	19206
HS	573	0	236	19442
HS	572	0	263	19705
HS	571	0	244	19949
HS	570	0	280	20229
HS	569	0	253	20482
HS	568	0	289	20771
HS	567	0	272	21043
HS	566	0	261	21304
HS	565	0	307	21611
HS	564	0	301	21912
HS	563	0	272	22184
HS	562	0	302	22486
HS	561	0	276	22762
HS	560	0	330	23092
HS	559	0	327	23419
HS	558	0	354	23773
HS	557	0	346	24119
HS	556	0	352	24471
HS	555	0	346	24817
HS	554	0	351	25168
HS	553	0	358	25526
HS	552	0	370	25896
HS	551	0	384	26280
HS	550	0	395	26675
HS	549	0	366	27041
HS	548	0	441	27482
HS	547	0	411	27893
HS	546	0	437	28330
HS	545	0	521	28851
HS	544	0	506	29357
HS	543	0	508	29865
HS	542	0	469	30334
HS	541	0	509	30843
HS	540	0	528	31371
HS	539	0	476	31847
HS	538	0	539	32386
HS	537	0	527	32913
HS	536	0	539	33452
HS	535	0	573	34025
HS	534	0	571	34596
HS	533	0	562	35158
HS	532	0	582	35740
HS	531	0	583	36323
HS	530	0	622	36945
HS	529	0	610	37555
HS	528	0	690	38245
HS	527	0	621	38866
HS	526	0	647	39513
HS	525	0	672	40185
HS	524	0	644	40829
HS	523	0	734	41563
HS	522	0	663	42226
HS	521	0	691	42917
HS	520	0	775	43692
HS	519	0	764	44456
HS	518	0	779	45235
HS	517	0	748	45983
HS	516	0	691	46674
HS	515	0	812	47486
HS	514	0	848	48334
HS	513	0	853	49187
HS	512	0	879	50066
HS	511	0	855	50921
HS	510	0	915	51836
HS	509	0	929	52765
HS	508	0	994	53759
HS	507	0	983	54742
HS	506	0	1013	55755
HS	505	0	991	56746
HS	504	0	1047	57793
HS	503	0	1158	58951
HS	502	0	1094	60045
HS	501	0	1162	61207
HS	500	0	1240	62447
HS	499	0	1170	63617
HS	498	0	1208	64825
HS	497	0	1314	66139
HS	496	0	1283	67422
HS	495	0	1325	68747
HS	494	0	1254	70001
HS	493	0	1398	71399
HS	492	0	1416	72815
HS	491	0	1398	74213
HS	490	0	1479	75692
HS	489	0	1466	77158
HS	488	0	1490	78648
HS	487	0	1535	80183
HS	486	0	1577	81760
HS	485	0	1591	83351
HS	484	0	1677	85028
HS	483	0	1644	86672
HS	482	0	1714	88386
HS	481	0	1816	90202
HS	480	0	1826	92028
HS	479	0	1766	93794
HS	478	0	1848	95642
HS	477	0	1830	97472
HS	476	0	1985	99457
HS	475	0	1915	101372
HS	474	0	2029	103401
HS	473	0	2068	105469
HS	472	0	2087	107556
HS	471	0	2159	109715
HS	470	0	2222	111937
HS	469	0	2264	114201
HS	468	0	2316	116517
HS	467	0	2467	118984
HS	466	0	2395	121379
HS	465	0	2499	123878
HS	464	0	2543	126421
HS	463	0	2621	129042
HS	462	0	2676	131718
HS	461	0	2747	134465
HS	460	0	2806	137271
HS	459	0	2869	140140
HS	458	0	2905	143045
HS	457	0	3136	146181
HS	456	0	2990	149171
HS	455	0	3154	152325
HS	454	0	3170	155495
HS	453	0	3201	158696
HS	452	0	3331	162027
HS	451	0	3401	165428
HS	450	0	3339	168767
HS	449	0	3526	172293
HS	448	0	3572	175865
HS	447	0	3585	179450
HS	446	0	3665	183115
HS	445	0	3700	186815
HS	444	0	3822	190637
HS	443	0	3851	194488
HS	442	0	3931	198419
HS	441	0	4135	202554
HS	440	0	4102	206656
HS	439	0	4343	210999
HS	438	0	4371	215370
HS	437	0	4405	219775
HS	436	0	4580	224355
HS	435	0	4617	228972
HS	434	0	4826	233798
HS	433	0	4902	238700
HS	432	0	4924	243624
HS	431	0	4983	248607
HS	430	0	5099	253706
HS	429	0	5251	258957
HS	428	0	5305	264262
HS	427	0	5326	269588
HS	426	0	5579	275167
HS	425	0	5673	280840
HS	424	0	5790	286630
HS	423	0	5904	292534
HS	422	0	5957	298491
HS	421	0	6024	304515
HS	420	0	6090	310605
HS	419	0	6137	316742
HS	418	0	6124	322866
HS	417	0	6479	329345
HS	416	0	6614	335959
HS	415	0	6756	342715
HS	414	0	6796	349511
HS	413	0	6871	356382
HS	412	0	7062	363444
HS	411	0	7183	370627
HS	410	0	7296	377923
HS	409	0	7431	385354
HS	408	0	7483	392837
HS	407	0	7656	400493
HS	406	0	7967	408460
HS	405	0	8043	416503
HS	404	0	8142	424645
HS	403	0	8351	432996
HS	402	0	8417	441413
HS	401	0	8622	450035
HS	400	0	8642	458677
HS	399	0	8750	467427
HS	398	0	9067	476494
HS	397	0	9248	485742
HS	396	0	9208	494950
HS	395	0	9507	504457
HS	394	0	9840	514297
HS	393	0	9844	524141
HS	392	0	10025	534166
HS	391	0	10178	544344
HS	390	0	10405	554749
HS	389	0	10539	565288
HS	388	0	10623	575911
HS	387	0	10781	586692
HS	386	0	11022	597714
HS	385	0	11172	608886
HS	384	0	11282	620168
HS	383	0	11393	631561
HS	382	0	11815	643376
HS	381	0	12016	655392
HS	380	0	12084	667476
HS	379	0	12182	679658
HS	378	0	12319	691977
HS	377	0	12640	704617
HS	376	0	12705	717322
HS	375	0	12804	730126
HS	374	0	13109	743235
HS	373	0	13191	756426
HS	372	0	13471	769897
HS	371	0	13498	783395
HS	370	0	13959	797354
HS	369	0	13988	811342
HS	368	0	14310	825652
HS	367	0	14578	840230
HS	366	0	14715	854945
HS	365	0	14919	869864
HS	364	0	15190	885054
HS	363	0	15132	900186
HS	362	0	14957	915143
HS	361	0	15429	930572
HS	360	0	15669	946241
HS	359	0	15801	962042
HS	358	0	15869	977911
HS	357	0	16047	993958
HS	356	0	16084	1010042
HS	355	0	16285	1026327
HS	354	0	16350	1042677
HS	353	0	16802	1059479
HS	352	0	17221	1076700
HS	351	0	17125	1093825
HS	350	0	17362	1111187
HS	349	0	17543	1128730
HS	348	0	17614	1146344
HS	347	0	17779	1164123
HS	346	0	17832	1181955
HS	345	0	18280	1200235
HS	344	0	18292	1218527
HS	343	0	18274	1236801
HS	342	0	18515	1255316
HS	341	0	19041	1274357
HS	340	0	19080	1293437
HS	339	0	19084	1312521
HS	338	0	19292	1331813
HS	337	0	19369	1351182
HS	336	0	19552	1370734
HS	335	0	20050	1390784
HS	334	0	19867	1410651
HS	333	0	20273	1430924
HS	332	0	20079	1451003
HS	331	0	20463	1471466
HS	330	0	20693	1492159
HS	329	0	20703	1512862
HS	328	0	20844	1533706
HS	327	0	21005	1554711
HS	326	0	21021	1575732
HS	325	0	21267	1596999
HS	324	0	21691	1618690
HS	323	0	22005	1640695
HS	322	0	22247	1662942
HS	321	0	22151	1685093
HS	320	0	22246	1707339
HS	319	0	22601	1729940
HS	318	0	22672	1752612
HS	317	0	22949	1775561
HS	316	0	22972	1798533
HS	315	0	23336	1821869
HS	314	0	23378	1845247
HS	313	0	23489	1868736
HS	312	0	23409	1892145
HS	311	0	23724	1915869
HS	310	0	23626	1939495
HS	309	0	23787	1963282
HS	308	0	23961	1987243
HS	307	0	24282	2011525
HS	306	0	24006	2035531
HS	305	0	24227	2059758
HS	304	0	23996	2083754
HS	303	0	24123	2107877
HS	302	0	24188	2132065
HS	301	0	24307	2156372
HS	300	0	24569	2180941
HS	299	0	24277	2205218
HS	298	0	24662	2229880
HS	297	0	24528	2254408
HS	296	0	24819	2279227
HS	295	0	24681	2303908
HS	294	0	24522	2328430
HS	293	0	24884	2353314
HS	292	0	24791	2378105
HS	291	0	24785	2402890
HS	290	0	24741	2427631
HS	289	0	25091	2452722
HS	288	0	24538	2477260
HS	287	0	24452	2501712
HS	286	0	24459	2526171
HS	285	0	24441	2550612
HS	284	0	24497	2575109
HS	283	0	24262	2599371
HS	282	0	24046	2623417
HS	281	0	24018	2647435
HS	280	0	23772	2671207
HS	279	0	23622	2694829
HS	278	0	23652	2718481
HS	277	0	23485	2741966
HS	276	0	23233	2765199
HS	275	0	23265	2788464
HS	274	0	22943	2811407
HS	273	0	22937	2834344
HS	272	0	22631	2856975
HS	271	0	22724	2879699
HS	270	0	22550	2902249
HS	269	0	22487	2924736
HS	268	0	22430	2947166
HS	267	0	21876	2969042
HS	266	0	22237	2991279
HS	265	0	21777	3013056
HS	264	0	21561	3034617
HS	263	0	21566	3056183
HS	262	0	20955	3077138
HS	261	0	20952	3098090
HS	260	0	20585	3118675
HS	259	0	20720	3139395
HS	258	0	20325	3159720
HS	257	0	20120	3179840
HS	256	0	20222	3200062
HS	255	0	19817	3219879
HS	254	0	19510	3239389
HS	253	0	19360	3258749
HS	252	0	19221	3277970
HS	251	0	18650	3296620
HS	250	0	18105	3314725
HS	249	0	18266	3332991
HS	248	0	17762	3350753
HS	247	0	17975	3368728
HS	246	0	17526	3386254
HS	245	0	17009	3403263
HS	244	0	16827	3420090
HS	243	0	16814	3436904
HS	242	0	16443	3453347
HS	241	0	16042	3469389
HS	240	0	16037	3485426
HS	239	0	15782	3501208
HS	238	0	15303	3516511
HS	237	0	15240	3531751
HS	236	0	14857	3546608
HS	235	0	14542	3561150
HS	234	0	14241	3575391
HS	233	0	14055	3589446
HS	232	0	13704	3603150
HS	231	0	13744	3616894
HS	230	0	13280	3630174
HS	229	0	12962	3643136
HS	228	0	13002	3656138
HS	227	0	12557	3668695
HS	226	0	12375	3681070
HS	225	0	12007	3693077
HS	224	0	11705	3704782
HS	223	0	11391	3716173
HS	222	0	11042	3727215
HS	221	0	11002	3738217
HS	220	0	10423	3748640
HS	219	0	10325	3758965
HS	218	0	10116	3769081
HS	217	0	9865	3778946
HS	216	0	9409	3788355
HS	215	0	9215	3797570
HS	214	0	8974	3806544
HS	213	0	8597	3815141
HS	212	0	8475	3823616
HS	211	0	8096	3831712
HS	210	0	7984	3839696
HS	209	0	7659	3847355
HS	208	0	7520	3854875
HS	207	0	7112	3861987
HS	206	0	6977	3868964
HS	205	0	6748	3875712
HS	204	0	6645	3882357
HS	203	0	6545	3888902
HS	202	0	6156	3895058
HS	201	0	5962	3901020
HS	200	0	5826	3906846
HS	199	0	5529	3912375
HS	198	0	5361	3917736
HS	197	0	5111	3922847
HS	196	0	4972	3927819
HS	195	0	4689	3932508
HS	194	0	4529	3937037
HS	193	0	4345	3941382
HS	192	0	4228	3945610
HS	191	0	4075	3949685
HS	190	0	3908	3953593
HS	189	0	3687	3957280
HS	188	0	3670	3960950
HS	187	0	3458	3964408
HS	186	0	3373	3967781
HS	185	0	3187	3970968
HS	184	0	3070	3974038
HS	183	0	3072	3977110
HS	182	0	2910	3980020
HS	181	0	2728	3982748
HS	180	0	2562	3985310
HS	179	0	2531	3987841
HS	178	0	2306	3990147
HS	177	0	2314	3992461
HS	176	0	2166	3994627
HS	175	0	2023	3996650
HS	174	0	1911	3998561
HS	173	0	1782	4000343
HS	172	0	1725	4002068
HS	171	0	1591	4003659
HS	170	0	1521	4005180
HS	169	0	1461	4006641
HS	168	0	1419	4008060
HS	167	0	1396	4009456
HS	166	0	1314	4010770
HS	165	0	1291	4012061
HS	164	0	1196	4013257
HS	163	0	1114	4014371
HS	162	0	1024	4015395
HS	161	0	944	4016339
HS	160	0	886	4017225
HS	159	0	827	4018052
HS	158	0	816	4018868
HS	157	0	746	4019614
HS	156	0	646	4020260
HS	155	0	659	4020919
HS	154	0	591	4021510
HS	153	0	615	4022125
HS	152	0	583	4022708
HS	151	0	494	4023202
HS	150	0	534	4023736
HS	149	0	502	4024238
HS	148	0	517	4024755
HS	147	0	449	4025204
HS	146	0	466	4025670
HS	145	0	381	4026051
HS	144	0	365	4026416
HS	143	0	392	4026808
HS	142	0	371	4027179
HS	141	0	376	4027555
HS	140	0	388	4027943
HS	139	0	418	4028361
HS	138	0	337	4028698
HS	137	0	310	4029008
HS	136	0	360	4029368
HS	135	0	313	4029681
HS	134	0	294	4029975
HS	133	0	297	4030272
HS	132	0	262	4030534
HS	131	0	298	4030832
HS	130	0	269	4031101
HS	129	0	244	4031345
HS	128	0	256	4031601
HS	127	0	190	4031791
HS	126	0	201	4031992
HS	125	0	170	4032162
HS	124	0	171	4032333
HS	123	0	166	4032499
HS	122	0	157	4032656
HS	121	0	130	4032786
HS	120	0	127	4032913
HS	119	0	122	4033035
HS	118	0	108	4033143
HS	117	0	107	4033250
HS	116	0	93	4033343
HS	115	0	89	4033432
HS	114	0	90	4033522
HS	113	0	89	4033611
HS	112	0	73	4033684
HS	111	0	79	4033763
HS	110	0	68	4033831
HS	109	0	72	4033903
HS	108	0	86	4033989
HS	107	0	82	4034071
HS	106	0	81	4034152
HS	105	0	82	4034234
HS	104	0	81	4034315
HS	103	0	75	4034390
HS	102	0	63	4034453
HS	101	0	58	4034511
HS	100	0	55	4034566
HS	99	0	51	4034617
HS	98	0	56	4034673
HS	97	0	45	4034718
HS	96	0	36	4034754
HS	95	0	39	4034793
HS	94	0	36	4034829
HS	93	0	30	4034859
HS	92	0	22	4034881
HS	91	0	40	4034921
HS	90	0	17	4034938
HS	89	0	28	4034966
HS	88	0	17	4034983
HS	87	0	15	4034998
HS	86	0	39	4035037
HS	85	0	29	4035066
HS	84	0	31	4035097
HS	83	0	23	4035120
HS	82	0	23	4035143
HS	81	0	28	4035171
HS	80	0	38	4035209
HS	79	0	38	4035247
HS	78	0	40	4035287
HS	77	0	56	4035343
HS	76	0	48	4035391
HS	75	0	50	4035441
HS	74	0	44	4035485
HS	73	0	44	4035529
HS	72	0	58	4035587
HS	71	0	66	4035653
HS	70	0	65	4035718
HS	69	0	79	4035797
HS	68	0	74	4035871
HS	67	0	101	4035972
HS	66	0	111	4036083
HS	65	0	114	4036197
HS	64	0	91	4036288
HS	63	0	120	4036408
HS	62	0	122	4036530
HS	61	0	144	4036674
HS	60	0	135	4036809
HS	59	0	191	4037000
HS	58	0	180	4037180
HS	57	0	248	4037428
HS	56	0	246	4037674
HS	55	0	284	4037958
HS	54	0	322	4038280
HS	53	0	331	4038611
HS	52	0	398	4039009
HS	51	0	439	4039448
HS	50	0	482	4039930
HS	49	0	570	4040500
HS	48	0	577	4041077
HS	47	0	633	4041710
HS	46	0	730	4042440
HS	45	0	799	4043239
HS	44	0	914	4044153
HS	43	0	1036	4045189
HS	42	0	1331	4046520
HS	41	0	1463	4047983
HS	40	0	1496	4049479
HS	39	0	1664	4051143
HS	38	0	1871	4053014
HS	37	0	2176	4055190
HS	36	0	2352	4057542
HS	35	0	2681	4060223
HS	34	0	3104	4063327
HS	33	0	3671	4066998
HS	32	0	4140	4071138
HS	31	0	4478	4075616
HS	30	0	5308	4080924
HS	29	0	5930	4086854
HS	28	0	7136	4093990
HS	27	0	8347	4102337
HS	26	0	9574	4111911
HS	25	0	10460	4122371
HS	24	0	11655	4134026
HS	23	0	12898	4146924
HS	22	0	15194	4162118
HS	21	0	17099	4179217
HS	20	0	19860	4199077
HS	19	0	23429	4222506
HS	18	0	28219	4250725
HS	17	0	33062	4283787
HS	16	0	38939	4322726
HS	15	0	46442	4369168
HS	14	0	55921	4425089
HS	13	0	68715	4493804
HS	12	0	86015	4579819
HS	11	0	108772	4688591
HS	10	0	139093	4827684
HS	9	0	189747	5017431
HS	8	0	265832	5283263
HS	7	0	397282	5680545
HS	6	0	634625	6315170
HS	5	0	1115482	7430652
HS	4	0	2217379	9648031
HS	3	0	5251216	14899247
HS	2	0	16179369	31078616
HS	1	0	0	31078616
HS	0	0	0	31078616
