CC	CT  kmer_occurrence    short_read_kmer_count  raw_input_kmer_count  adjusted_input_kmer_count
CC	FR  fpr_lower_bound    fpr_upper_bound
CC	ER  total_input_kmers  adjusted_error_kmers
CC	CV  coverage
CC	QV  raw_quality_value  adjusted_quality_value
CC
SQ	CP126112.1	5786109	5786079	5786029	65.55
CT	1023	5136	67183	67183.000
CT	1022	3	34	34.000
CT	1021	2	22	22.000
CT	1020	4	38	38.000
CT	1019	2	14	14.000
CT	1018	1	14	14.000
CT	1017	3	30	30.000
CT	1016	2	22	22.000
CT	1015	1	7	7.000
CT	1014	0	0	0.000
CT	1013	5	44	44.000
CT	1012	4	35	35.000
CT	1011	2	14	14.000
CT	1010	0	0	0.000
CT	1009	3	21	21.000
CT	1008	3	22	22.000
CT	1007	3	22	22.000
CT	1006	1	7	7.000
CT	1005	2	0	0.000
CT	1004	2	14	14.000
CT	1003	2	15	15.000
CT	1002	0	0	0.000
CT	1001	3	28	28.000
CT	1000	0	0	0.000
CT	999	4	42	42.000
CT	998	1	8	8.000
CT	997	0	0	0.000
CT	996	3	30	30.000
CT	995	3	14	14.000
CT	994	1	0	0.000
CT	993	1	0	0.000
CT	992	0	0	0.000
CT	991	1	0	0.000
CT	990	1	8	8.000
CT	989	1	7	7.000
CT	988	0	0	0.000
CT	987	0	0	0.000
CT	986	2	0	0.000
CT	985	1	0	0.000
CT	984	2	8	8.000
CT	983	1	7	7.000
CT	982	2	15	15.000
CT	981	1	0	0.000
CT	980	2	7	7.000
CT	979	1	14	14.000
CT	978	1	0	0.000
CT	977	2	11	11.000
CT	976	2	28	28.000
CT	975	2	8	8.000
CT	974	0	0	0.000
CT	973	0	0	0.000
CT	972	1	14	14.000
CT	971	1	7	7.000
CT	970	2	15	15.000
CT	969	3	26	26.000
CT	968	4	26	26.000
CT	967	2	14	14.000
CT	966	5	25	25.000
CT	965	1	7	7.000
CT	964	4	31	31.000
CT	963	3	23	23.000
CT	962	3	27	27.000
CT	961	4	25	25.000
CT	960	0	0	0.000
CT	959	5	25	25.000
CT	958	0	0	0.000
CT	957	5	36	36.000
CT	956	2	12	12.000
CT	955	1	8	8.000
CT	954	2	17	17.000
CT	953	3	20	20.000
CT	952	3	15	15.000
CT	951	0	0	0.000
CT	950	1	0	0.000
CT	949	3	20	20.000
CT	948	2	7	7.000
CT	947	1	7	7.000
CT	946	0	0	0.000
CT	945	4	29	29.000
CT	944	0	0	0.000
CT	943	0	0	0.000
CT	942	2	20	20.000
CT	941	2	15	15.000
CT	940	2	16	16.000
CT	939	5	43	43.000
CT	938	3	16	16.000
CT	937	1	8	8.000
CT	936	3	24	24.000
CT	935	1	7	7.000
CT	934	0	0	0.000
CT	933	1	0	0.000
CT	932	4	29	29.000
CT	931	3	23	23.000
CT	930	1	8	8.000
CT	929	2	22	22.000
CT	928	2	16	16.000
CT	927	3	27	27.000
CT	926	2	16	16.000
CT	925	3	29	29.000
CT	924	2	0	0.000
CT	923	1	8	8.000
CT	922	5	37	37.000
CT	921	3	30	30.000
CT	920	1	6	6.000
CT	919	3	27	27.000
CT	918	2	26	26.000
CT	917	2	6	6.000
CT	916	2	13	13.000
CT	915	2	14	14.000
CT	914	3	13	13.000
CT	913	2	14	14.000
CT	912	5	43	43.000
CT	911	2	13	13.000
CT	910	3	8	8.000
CT	909	3	8	8.000
CT	908	1	8	8.000
CT	907	4	30	30.000
CT	906	3	14	14.000
CT	905	3	23	23.000
CT	904	3	15	15.000
CT	903	3	7	7.000
CT	902	2	14	14.000
CT	901	1	0	0.000
CT	900	5	31	31.000
CT	899	2	15	15.000
CT	898	1	8	8.000
CT	897	5	21	21.000
CT	896	2	16	16.000
CT	895	2	14	14.000
CT	894	1	8	8.000
CT	893	3	15	15.000
CT	892	1	0	0.000
CT	891	4	15	15.000
CT	890	1	7	7.000
CT	889	2	6	6.000
CT	888	4	9	9.000
CT	887	0	0	0.000
CT	886	3	16	16.000
CT	885	0	0	0.000
CT	884	0	0	0.000
CT	883	1	8	8.000
CT	882	2	17	17.000
CT	881	2	10	10.000
CT	880	1	8	8.000
CT	879	2	10	10.000
CT	878	1	7	7.000
CT	877	4	17	17.000
CT	876	2	14	14.000
CT	875	0	0	0.000
CT	874	3	15	15.000
CT	873	2	17	17.000
CT	872	3	13	13.000
CT	871	6	31	31.000
CT	870	4	25	25.000
CT	869	1	9	9.000
CT	868	2	10	10.000
CT	867	2	0	0.000
CT	866	4	24	24.000
CT	865	0	0	0.000
CT	864	4	24	24.000
CT	863	2	0	0.000
CT	862	2	7	7.000
CT	861	1	0	0.000
CT	860	1	7	7.000
CT	859	2	17	17.000
CT	858	4	32	32.000
CT	857	0	0	0.000
CT	856	0	0	0.000
CT	855	1	0	0.000
CT	854	2	10	10.000
CT	853	1	7	7.000
CT	852	0	0	0.000
CT	851	1	10	10.000
CT	850	3	15	15.000
CT	849	1	0	0.000
CT	848	3	20	20.000
CT	847	0	0	0.000
CT	846	1	10	10.000
CT	845	2	10	10.000
CT	844	2	17	17.000
CT	843	2	12	12.000
CT	842	0	0	0.000
CT	841	2	12	12.000
CT	840	5	35	35.000
CT	839	2	7	7.000
CT	838	0	0	0.000
CT	837	2	12	12.000
CT	836	0	0	0.000
CT	835	1	7	7.000
CT	834	1	0	0.000
CT	833	2	6	6.000
CT	832	1	6	6.000
CT	831	1	0	0.000
CT	830	4	17	17.000
CT	829	1	12	12.000
CT	828	1	8	8.000
CT	827	0	0	0.000
CT	826	0	0	0.000
CT	825	1	5	5.000
CT	824	1	10	10.000
CT	823	0	0	0.000
CT	822	1	0	0.000
CT	821	0	0	0.000
CT	820	1	0	0.000
CT	819	0	0	0.000
CT	818	2	11	11.000
CT	817	1	0	0.000
CT	816	2	0	0.000
CT	815	0	0	0.000
CT	814	1	12	12.000
CT	813	5	40	40.000
CT	812	2	5	5.000
CT	811	1	0	0.000
CT	810	1	0	0.000
CT	809	2	18	18.000
CT	808	4	24	24.000
CT	807	6	36	36.000
CT	806	0	0	0.000
CT	805	0	0	0.000
CT	804	1	6	6.000
CT	803	0	0	0.000
CT	802	1	6	6.000
CT	801	3	6	6.000
CT	800	4	24	24.000
CT	799	3	19	19.000
CT	798	2	12	12.000
CT	797	2	19	19.000
CT	796	1	6	6.000
CT	795	1	12	12.000
CT	794	1	7	7.000
CT	793	1	7	7.000
CT	792	0	0	0.000
CT	791	1	8	8.000
CT	790	1	3	3.000
CT	789	2	18	18.000
CT	788	0	0	0.000
CT	787	3	3	3.000
CT	786	1	0	0.000
CT	785	4	18	18.000
CT	784	1	0	0.000
CT	783	3	12	12.000
CT	782	2	0	0.000
CT	781	2	3	3.000
CT	780	1	6	6.000
CT	779	2	6	6.000
CT	778	1	7	7.000
CT	777	0	0	0.000
CT	776	1	6	6.000
CT	775	1	3	3.000
CT	774	3	19	19.000
CT	773	3	6	6.000
CT	772	2	6	6.000
CT	771	1	3	3.000
CT	770	1	6	6.000
CT	769	1	0	0.000
CT	768	0	0	0.000
CT	767	3	12	12.000
CT	766	6	33	33.000
CT	765	1	6	6.000
CT	764	2	11	11.000
CT	763	6	35	35.000
CT	762	2	6	6.000
CT	761	4	15	15.000
CT	760	6	30	30.000
CT	759	4	21	21.000
CT	758	6	28	28.000
CT	757	7	35	35.000
CT	756	7	33	33.000
CT	755	4	24	24.000
CT	754	5	30	30.000
CT	753	2	12	12.000
CT	752	4	17	17.000
CT	751	6	30	30.000
CT	750	3	18	18.000
CT	749	2	6	6.000
CT	748	0	0	0.000
CT	747	3	5	5.000
CT	746	4	24	24.000
CT	745	3	17	17.000
CT	744	5	16	16.000
CT	743	3	16	16.000
CT	742	1	0	0.000
CT	741	5	25	25.000
CT	740	5	16	16.000
CT	739	1	6	6.000
CT	738	1	0	0.000
CT	737	3	6	6.000
CT	736	1	5	5.000
CT	735	0	0	0.000
CT	734	2	5	5.000
CT	733	4	14	14.000
CT	732	3	11	11.000
CT	731	2	5	5.000
CT	730	0	0	0.000
CT	729	3	16	16.000
CT	728	1	6	6.000
CT	727	5	23	23.000
CT	726	1	8	8.000
CT	725	0	0	0.000
CT	724	1	6	6.000
CT	723	5	37	37.000
CT	722	2	8	8.000
CT	721	1	8	8.000
CT	720	1	0	0.000
CT	719	3	8	8.000
CT	718	6	37	37.000
CT	717	2	8	8.000
CT	716	1	0	0.000
CT	715	3	8	8.000
CT	714	1	5	5.000
CT	713	2	0	0.000
CT	712	1	5	5.000
CT	711	4	16	16.000
CT	710	4	10	10.000
CT	709	4	23	23.000
CT	708	4	21	21.000
CT	707	2	5	5.000
CT	706	1	5	5.000
CT	705	5	13	13.000
CT	704	3	0	0.000
CT	703	2	14	14.000
CT	702	1	4	4.000
CT	701	1	0	0.000
CT	700	1	5	5.000
CT	699	5	15	15.000
CT	698	3	14	14.000
CT	697	6	27	27.000
CT	696	5	19	19.000
CT	695	2	6	6.000
CT	694	5	15	15.000
CT	693	4	11	11.000
CT	692	3	5	5.000
CT	691	5	15	15.000
CT	690	6	12	12.000
CT	689	6	21	21.000
CT	688	6	20	20.000
CT	687	0	0	0.000
CT	686	5	20	20.000
CT	685	6	30	30.000
CT	684	6	31	31.000
CT	683	3	13	13.000
CT	682	6	24	24.000
CT	681	6	29	29.000
CT	680	2	0	0.000
CT	679	4	13	13.000
CT	678	3	6	6.000
CT	677	4	3	3.000
CT	676	1	0	0.000
CT	675	3	10	10.000
CT	674	0	0	0.000
CT	673	5	16	16.000
CT	672	0	0	0.000
CT	671	2	0	0.000
CT	670	2	11	11.000
CT	669	1	0	0.000
CT	668	3	13	13.000
CT	667	1	0	0.000
CT	666	2	5	5.000
CT	665	2	3	3.000
CT	664	1	3	3.000
CT	663	4	13	13.000
CT	662	2	8	8.000
CT	661	2	10	10.000
CT	660	5	13	13.000
CT	659	4	10	10.000
CT	658	0	0	0.000
CT	657	3	14	14.000
CT	656	4	18	18.000
CT	655	4	17	17.000
CT	654	2	10	10.000
CT	653	5	18	18.000
CT	652	10	45	45.000
CT	651	4	13	13.000
CT	650	5	15	15.000
CT	649	7	18	18.000
CT	648	4	13	13.000
CT	647	3	14	14.000
CT	646	3	8	8.000
CT	645	9	18	18.000
CT	644	5	14	14.000
CT	643	3	14	14.000
CT	642	4	17	17.000
CT	641	4	19	19.000
CT	640	3	5	5.000
CT	639	0	0	0.000
CT	638	1	4	4.000
CT	637	5	16	16.000
CT	636	1	0	0.000
CT	635	5	21	21.000
CT	634	2	4	4.000
CT	633	3	8	8.000
CT	632	11	42	42.000
CT	631	7	26	26.000
CT	630	7	33	33.000
CT	629	5	23	23.000
CT	628	9	38	38.000
CT	627	7	31	31.000
CT	626	2	9	9.000
CT	625	6	23	23.000
CT	624	4	18	18.000
CT	623	5	19	19.000
CT	622	2	8	8.000
CT	621	5	17	17.000
CT	620	2	5	5.000
CT	619	5	23	23.000
CT	618	8	26	26.000
CT	617	0	0	0.000
CT	616	4	12	12.000
CT	615	7	12	12.000
CT	614	2	6	6.000
CT	613	5	14	14.000
CT	612	5	16	16.000
CT	611	5	16	16.000
CT	610	1	0	0.000
CT	609	2	8	8.000
CT	608	4	8	8.000
CT	607	6	16	16.000
CT	606	8	16	16.000
CT	605	2	9	9.000
CT	604	7	17	17.000
CT	603	5	15	15.000
CT	602	3	10	10.000
CT	601	8	25	25.000
CT	600	10	33	33.000
CT	599	7	21	21.000
CT	598	8	15	15.000
CT	597	5	21	21.000
CT	596	3	9	9.000
CT	595	1	6	6.000
CT	594	3	12	12.000
CT	593	7	22	22.000
CT	592	3	15	15.000
CT	591	7	13	13.000
CT	590	9	22	22.000
CT	589	8	18	18.000
CT	588	2	5	5.000
CT	587	8	26	26.000
CT	586	5	14	14.000
CT	585	6	20	20.000
CT	584	12	32	32.000
CT	583	4	10	10.000
CT	582	8	25	25.000
CT	581	5	13	13.000
CT	580	12	28	28.000
CT	579	10	34	34.000
CT	578	9	20	20.000
CT	577	7	16	16.000
CT	576	9	32	32.000
CT	575	9	31	31.000
CT	574	9	22	22.000
CT	573	18	41	41.000
CT	572	11	28	28.000
CT	571	6	14	14.000
CT	570	11	26	26.000
CT	569	16	36	36.000
CT	568	18	32	32.000
CT	567	12	24	24.000
CT	566	11	26	26.000
CT	565	18	36	36.000
CT	564	13	30	30.000
CT	563	10	25	25.000
CT	562	12	26	26.000
CT	561	21	62	62.000
CT	560	17	45	45.000
CT	559	11	30	30.000
CT	558	17	44	44.000
CT	557	20	52	52.000
CT	556	16	42	42.000
CT	555	12	35	35.000
CT	554	15	46	46.000
CT	553	24	68	68.000
CT	552	17	48	48.000
CT	551	16	34	34.000
CT	550	10	33	33.000
CT	549	15	35	35.000
CT	548	9	21	21.000
CT	547	15	38	38.000
CT	546	17	36	36.000
CT	545	17	26	26.000
CT	544	11	28	28.000
CT	543	19	33	33.000
CT	542	16	39	39.000
CT	541	19	45	45.000
CT	540	18	39	39.000
CT	539	25	66	66.000
CT	538	12	32	32.000
CT	537	18	42	42.000
CT	536	14	30	30.000
CT	535	20	41	41.000
CT	534	7	18	18.000
CT	533	13	26	26.000
CT	532	16	36	36.000
CT	531	11	30	30.000
CT	530	17	36	36.000
CT	529	16	36	36.000
CT	528	14	40	40.000
CT	527	16	30	30.000
CT	526	8	21	21.000
CT	525	16	36	36.000
CT	524	14	31	31.000
CT	523	18	31	31.000
CT	522	12	31	31.000
CT	521	14	36	36.000
CT	520	15	37	37.000
CT	519	18	29	29.000
CT	518	14	36	36.000
CT	517	8	18	18.000
CT	516	24	58	58.000
CT	515	19	46	46.000
CT	514	22	48	48.000
CT	513	14	38	38.000
CT	512	10	29	29.000
CT	511	11	24	24.000
CT	510	20	41	41.000
CT	509	19	44	44.000
CT	508	22	54	54.000
CT	507	13	22	22.000
CT	506	14	32	32.000
CT	505	18	34	34.000
CT	504	22	47	47.000
CT	503	21	46	46.000
CT	502	22	41	41.000
CT	501	16	32	32.000
CT	500	29	62	62.000
CT	499	33	72	72.000
CT	498	23	42	42.000
CT	497	26	52	52.000
CT	496	28	59	59.000
CT	495	28	52	52.000
CT	494	29	57	57.000
CT	493	32	60	60.000
CT	492	23	48	48.000
CT	491	20	32	32.000
CT	490	21	37	37.000
CT	489	15	29	29.000
CT	488	19	36	36.000
CT	487	21	49	49.000
CT	486	18	25	25.000
CT	485	23	38	38.000
CT	484	19	42	42.000
CT	483	19	53	53.000
CT	482	30	68	68.000
CT	481	30	62	62.000
CT	480	15	30	30.000
CT	479	15	33	33.000
CT	478	13	25	25.000
CT	477	19	50	50.000
CT	476	16	40	40.000
CT	475	29	69	69.000
CT	474	14	37	37.000
CT	473	13	33	33.000
CT	472	24	54	54.000
CT	471	29	59	59.000
CT	470	18	41	41.000
CT	469	21	53	53.000
CT	468	10	24	24.000
CT	467	24	60	60.000
CT	466	21	44	44.000
CT	465	29	66	66.000
CT	464	23	40	40.000
CT	463	25	52	52.000
CT	462	21	39	39.000
CT	461	24	32	32.000
CT	460	30	63	63.000
CT	459	19	35	35.000
CT	458	23	45	45.000
CT	457	18	33	33.000
CT	456	25	56	56.000
CT	455	23	50	50.000
CT	454	21	48	48.000
CT	453	24	51	51.000
CT	452	16	30	30.000
CT	451	18	36	36.000
CT	450	21	41	41.000
CT	449	11	25	25.000
CT	448	28	65	65.000
CT	447	17	37	37.000
CT	446	27	58	58.000
CT	445	25	49	49.000
CT	444	32	74	74.000
CT	443	27	55	55.000
CT	442	35	71	71.000
CT	441	29	63	63.000
CT	440	35	61	61.000
CT	439	24	44	44.000
CT	438	28	61	61.000
CT	437	19	47	47.000
CT	436	31	64	64.000
CT	435	38	86	86.000
CT	434	35	73	73.000
CT	433	30	58	58.000
CT	432	34	70	70.000
CT	431	31	69	69.000
CT	430	38	81	81.000
CT	429	34	72	72.000
CT	428	32	75	75.000
CT	427	34	81	81.000
CT	426	31	70	70.000
CT	425	32	70	70.000
CT	424	38	90	90.000
CT	423	41	93	93.000
CT	422	36	76	76.000
CT	421	44	78	78.000
CT	420	45	107	107.000
CT	419	54	133	133.000
CT	418	45	103	103.000
CT	417	45	94	94.000
CT	416	50	116	116.000
CT	415	47	104	104.000
CT	414	46	95	95.000
CT	413	52	113	113.000
CT	412	52	117	117.000
CT	411	36	82	82.000
CT	410	48	111	111.000
CT	409	46	97	97.000
CT	408	41	86	86.000
CT	407	51	99	99.000
CT	406	58	128	128.000
CT	405	38	84	84.000
CT	404	56	113	113.000
CT	403	44	85	85.000
CT	402	39	77	77.000
CT	401	48	94	94.000
CT	400	56	114	114.000
CT	399	63	125	125.000
CT	398	70	141	141.000
CT	397	68	141	141.000
CT	396	75	154	154.000
CT	395	50	109	109.000
CT	394	63	139	139.000
CT	393	45	106	106.000
CT	392	70	143	143.000
CT	391	66	129	129.000
CT	390	77	150	150.000
CT	389	61	125	125.000
CT	388	81	164	164.000
CT	387	73	154	154.000
CT	386	93	176	176.000
CT	385	90	190	190.000
CT	384	77	166	166.000
CT	383	77	142	142.000
CT	382	91	178	178.000
CT	381	79	147	147.000
CT	380	74	138	138.000
CT	379	71	126	126.000
CT	378	82	153	153.000
CT	377	84	155	155.000
CT	376	78	149	149.000
CT	375	63	117	117.000
CT	374	103	180	180.000
CT	373	93	177	177.000
CT	372	101	183	183.000
CT	371	91	164	164.000
CT	370	91	172	172.000
CT	369	87	159	159.000
CT	368	91	173	173.000
CT	367	75	134	134.000
CT	366	88	160	160.000
CT	365	98	184	184.000
CT	364	90	150	150.000
CT	363	76	145	145.000
CT	362	91	152	152.000
CT	361	119	192	192.000
CT	360	109	183	183.000
CT	359	103	185	185.000
CT	358	124	212	212.000
CT	357	105	168	168.000
CT	356	112	188	188.000
CT	355	113	180	180.000
CT	354	89	151	151.000
CT	353	107	179	179.000
CT	352	111	206	206.000
CT	351	130	235	235.000
CT	350	125	210	210.000
CT	349	109	175	175.000
CT	348	145	244	244.000
CT	347	122	199	199.000
CT	346	148	232	232.000
CT	345	124	182	182.000
CT	344	125	205	205.000
CT	343	129	188	188.000
CT	342	150	236	236.000
CT	341	177	261	261.000
CT	340	154	228	228.000
CT	339	180	258	258.000
CT	338	180	258	258.000
CT	337	208	308	308.000
CT	336	215	310	310.000
CT	335	215	314	314.000
CT	334	208	295	295.000
CT	333	231	326	326.000
CT	332	230	323	323.000
CT	331	215	288	288.000
CT	330	266	367	367.000
CT	329	250	344	344.000
CT	328	231	311	311.000
CT	327	252	333	333.000
CT	326	268	342	342.000
CT	325	294	364	364.000
CT	324	280	368	368.000
CT	323	303	386	386.000
CT	322	290	359	359.000
CT	321	331	424	424.000
CT	320	311	393	393.000
CT	319	355	439	439.000
CT	318	358	448	448.000
CT	317	384	482	482.000
CT	316	366	452	452.000
CT	315	371	438	438.000
CT	314	404	487	487.000
CT	313	425	495	495.000
CT	312	475	559	559.000
CT	311	451	533	533.000
CT	310	453	527	527.000
CT	309	498	593	593.000
CT	308	494	604	604.000
CT	307	584	672	672.000
CT	306	550	651	651.000
CT	305	639	727	727.000
CT	304	658	742	742.000
CT	303	666	758	758.000
CT	302	685	788	788.000
CT	301	690	790	790.000
CT	300	726	816	816.000
CT	299	692	792	792.000
CT	298	765	857	857.000
CT	297	796	893	893.000
CT	296	841	952	952.000
CT	295	952	1053	1053.000
CT	294	945	1051	1051.000
CT	293	992	1092	1092.000
CT	292	998	1082	1082.000
CT	291	1112	1213	1213.000
CT	290	1078	1159	1159.000
CT	289	1097	1185	1185.000
CT	288	1270	1374	1374.000
CT	287	1231	1326	1326.000
CT	286	1436	1533	1533.000
CT	285	1521	1628	1628.000
CT	284	1477	1571	1571.000
CT	283	1535	1629	1629.000
CT	282	1681	1765	1765.000
CT	281	1843	1944	1944.000
CT	280	1768	1863	1863.000
CT	279	1851	1951	1951.000
CT	278	2002	2106	2106.000
CT	277	2050	2173	2173.000
CT	276	2221	2314	2314.000
CT	275	2235	2350	2350.000
CT	274	2352	2463	2463.000
CT	273	2485	2597	2597.000
CT	272	2558	2691	2691.000
CT	271	2697	2805	2805.000
CT	270	2743	2845	2845.000
CT	269	2788	2886	2886.000
CT	268	2852	2937	2937.000
CT	267	3191	3272	3272.000
CT	266	3249	3349	3349.000
CT	265	3379	3473	3473.000
CT	264	3566	3655	3655.000
CT	263	3662	3746	3746.000
CT	262	3848	3945	3945.000
CT	261	3973	4056	4056.000
CT	260	4176	4258	4258.000
CT	259	4308	4381	4381.000
CT	258	4484	4590	4590.000
CT	257	4651	4729	4729.000
CT	256	4787	4880	4880.000
CT	255	4994	5095	5095.000
CT	254	5364	5457	5457.000
CT	253	5440	5525	5525.000
CT	252	5565	5643	5643.000
CT	251	5905	6001	6001.000
CT	250	6146	6239	6239.000
CT	249	6442	6530	6530.000
CT	248	6828	6929	6929.000
CT	247	6846	6942	6942.000
CT	246	7262	7368	7368.000
CT	245	7523	7613	7613.000
CT	244	7807	7902	7902.000
CT	243	8187	8285	8285.000
CT	242	8640	8732	8732.000
CT	241	8930	9037	9037.000
CT	240	9150	9243	9243.000
CT	239	9681	9762	9762.000
CT	238	10123	10201	10201.000
CT	237	10521	10612	10612.000
CT	236	10910	10995	10995.000
CT	235	11462	11561	11561.000
CT	234	11650	11730	11730.000
CT	233	12431	12491	12491.000
CT	232	12602	12664	12664.000
CT	231	13212	13283	13283.000
CT	230	13536	13593	13593.000
CT	229	14173	14241	14241.000
CT	228	14802	14864	14864.000
CT	227	15160	15239	15239.000
CT	226	15901	15965	15965.000
CT	225	16287	16340	16340.000
CT	224	16748	16795	16795.000
CT	223	17286	17359	17359.000
CT	222	18041	18096	18096.000
CT	221	18384	18438	18438.000
CT	220	19121	19172	19172.000
CT	219	19643	19670	19670.000
CT	218	20378	20412	20412.000
CT	217	21315	21354	21354.000
CT	216	21982	22028	22028.000
CT	215	22804	22839	22839.000
CT	214	23449	23485	23485.000
CT	213	24249	24293	24293.000
CT	212	24640	24672	24672.000
CT	211	25532	25573	25573.000
CT	210	26357	26407	26407.000
CT	209	27144	27194	27194.000
CT	208	27715	27759	27759.000
CT	207	28928	28973	28973.000
CT	206	29892	29933	29933.000
CT	205	30451	30482	30482.000
CT	204	31459	31498	31498.000
CT	203	32470	32504	32504.000
CT	202	33115	33144	33144.000
CT	201	34423	34450	34450.000
CT	200	34857	34897	34897.000
CT	199	36050	36089	36089.000
CT	198	36731	36758	36758.000
CT	197	37543	37580	37580.000
CT	196	38733	38790	38790.000
CT	195	39351	39393	39393.000
CT	194	40281	40328	40328.000
CT	193	41948	41985	41985.000
CT	192	42952	42993	42993.000
CT	191	43995	44035	44035.000
CT	190	45036	45057	45057.000
CT	189	45744	45787	45787.000
CT	188	46998	47034	47034.000
CT	187	47815	47849	47849.000
CT	186	49132	49183	49183.000
CT	185	50406	50439	50439.000
CT	184	51112	51154	51154.000
CT	183	52160	52212	52212.000
CT	182	53102	53149	53149.000
CT	181	53938	53974	53974.000
CT	180	54588	54619	54619.000
CT	179	55434	55469	55469.000
CT	178	56734	56752	56752.000
CT	177	57118	57154	57154.000
CT	176	57409	57441	57441.000
CT	175	57763	57792	57792.000
CT	174	59038	59047	59047.000
CT	173	59441	59459	59459.000
CT	172	60138	60154	60154.000
CT	171	60673	60690	60690.000
CT	170	61542	61551	61551.000
CT	169	62836	62849	62849.000
CT	168	62658	62675	62675.000
CT	167	63256	63269	63269.000
CT	166	63328	63326	63326.000
CT	165	63930	63928	63928.000
CT	164	64024	64019	64019.000
CT	163	64361	64361	64361.000
CT	162	64388	64388	64388.000
CT	161	64437	64445	64445.000
CT	160	64471	64480	64480.000
CT	159	63900	63900	63900.000
CT	158	64078	64085	64085.000
CT	157	63667	63677	63677.000
CT	156	63530	63534	63534.000
CT	155	63349	63353	63353.000
CT	154	63188	63194	63194.000
CT	153	62902	62905	62905.000
CT	152	62704	62711	62711.000
CT	151	62591	62592	62592.000
CT	150	61665	61671	61671.000
CT	149	61823	61822	61822.000
CT	148	61023	61021	61021.000
CT	147	60579	60563	60563.000
CT	146	60062	60051	60051.000
CT	145	58980	58974	58974.000
CT	144	58362	58350	58350.000
CT	143	57647	57628	57628.000
CT	142	56535	56521	56521.000
CT	141	55397	55381	55381.000
CT	140	54466	54461	54461.000
CT	139	53139	53119	53119.000
CT	138	51939	51927	51927.000
CT	137	50935	50918	50918.000
CT	136	50109	50085	50085.000
CT	135	49069	49050	49050.000
CT	134	47151	47136	47136.000
CT	133	46219	46200	46200.000
CT	132	44617	44598	44598.000
CT	131	43664	43647	43647.000
CT	130	42160	42141	42141.000
CT	129	41177	41163	41163.000
CT	128	39492	39484	39484.000
CT	127	38168	38150	38150.000
CT	126	36828	36814	36814.000
CT	125	35151	35136	35136.000
CT	124	34291	34277	34277.000
CT	123	32531	32520	32520.000
CT	122	30990	30982	30982.000
CT	121	29714	29704	29704.000
CT	120	28521	28505	28505.000
CT	119	27779	27761	27761.000
CT	118	26503	26488	26488.000
CT	117	25333	25319	25319.000
CT	116	24294	24282	24282.000
CT	115	23446	23428	23428.000
CT	114	21914	21896	21896.000
CT	113	20769	20757	20757.000
CT	112	19807	19785	19785.000
CT	111	18607	18588	18588.000
CT	110	17704	17684	17684.000
CT	109	16666	16650	16650.000
CT	108	15859	15838	15838.000
CT	107	15107	15088	15088.000
CT	106	14414	14395	14395.000
CT	105	13049	13031	13031.000
CT	104	12502	12472	12472.000
CT	103	11598	11576	11576.000
CT	102	10719	10693	10693.000
CT	101	10076	10053	10053.000
CT	100	9764	9748	9748.000
CT	99	8822	8803	8803.000
CT	98	8193	8171	8171.000
CT	97	7829	7816	7816.000
CT	96	7342	7327	7327.000
CT	95	6770	6752	6752.000
CT	94	6071	6054	6054.000
CT	93	5472	5457	5457.000
CT	92	5127	5110	5110.000
CT	91	4805	4792	4792.000
CT	90	4411	4387	4387.000
CT	89	3867	3834	3834.000
CT	88	3591	3568	3568.000
CT	87	3245	3213	3213.000
CT	86	2893	2863	2863.000
CT	85	2696	2661	2661.000
CT	84	2365	2334	2334.000
CT	83	2162	2141	2141.000
CT	82	1926	1900	1900.000
CT	81	1799	1772	1772.000
CT	80	1654	1610	1610.000
CT	79	1474	1440	1440.000
CT	78	1249	1203	1203.000
CT	77	1152	1116	1116.000
CT	76	1039	996	996.000
CT	75	863	827	827.000
CT	74	784	758	758.000
CT	73	716	687	687.000
CT	72	643	602	602.000
CT	71	586	556	556.000
CT	70	543	513	513.000
CT	69	533	494	494.000
CT	68	461	426	426.000
CT	67	382	345	345.000
CT	66	374	333	333.000
CT	65	335	300	300.000
CT	64	319	264	264.000
CT	63	281	247	247.000
CT	62	283	242	242.000
CT	61	281	245	245.000
CT	60	257	209	209.000
CT	59	240	196	196.000
CT	58	244	181	181.000
CT	57	231	171	171.000
CT	56	253	185	185.000
CT	55	223	160	160.000
CT	54	203	136	136.000
CT	53	169	106	106.000
CT	52	159	105	105.000
CT	51	140	82	82.000
CT	50	124	64	64.000
CT	49	129	54	54.000
CT	48	119	45	45.000
CT	47	172	65	65.000
CT	46	149	50	50.000
CT	45	148	42	42.000
CT	44	146	37	37.000
CT	43	124	23	23.000
CT	42	117	19	19.000
CT	41	143	10	10.000
CT	40	144	9	9.000
CT	39	149	7	7.000
CT	38	167	12	12.000
CT	37	179	8	8.000
CT	36	170	3	3.000
CT	35	192	1	1.000
CT	34	223	1	1.000
CT	33	210	3	3.000
CT	32	228	6	6.000
CT	31	258	1	1.000
CT	30	309	0	0.000
CT	29	317	0	0.000
CT	28	353	2	2.000
CT	27	403	3	3.000
CT	26	448	4	4.000
CT	25	429	1	1.000
CT	24	508	3	3.000
CT	23	631	6	6.000
CT	22	719	2	2.000
CT	21	853	2	2.000
CT	20	1058	2	2.000
CT	19	1137	5	5.000
CT	18	1338	11	11.000
CT	17	1656	7	7.000
CT	16	1889	4	4.000
CT	15	2448	11	11.000
CT	14	3144	5	5.000
CT	13	4071	7	7.000
CT	12	4980	2	2.000
CT	11	7052	0	0.000
CT	10	9464	0	0.000
CT	9	14065	0	0.000
CT	8	21752	0	0.000
CT	7	35200	2	2.000
CT	6	68584	0	0.000
CT	5	153367	1	1.000
CT	4	396787	2	2.000
CT	3	1348042	0	0.000
CT	2	8575209	0	0.000
CT	1	0	0	-nan
CT	0	0	50	-nan
FR	0	0
ER	5786079	0.000
CV	1.000
QV	65.548	65.548
