HS	1023	0	5136	5136
HS	1022	0	3	5139
HS	1021	0	2	5141
HS	1020	0	4	5145
HS	1019	0	2	5147
HS	1018	0	1	5148
HS	1017	0	3	5151
HS	1016	0	2	5153
HS	1015	0	1	5154
HS	1014	0	0	5154
HS	1013	0	5	5159
HS	1012	0	4	5163
HS	1011	0	2	5165
HS	1010	0	0	5165
HS	1009	0	3	5168
HS	1008	0	3	5171
HS	1007	0	3	5174
HS	1006	0	1	5175
HS	1005	0	2	5177
HS	1004	0	2	5179
HS	1003	0	2	5181
HS	1002	0	0	5181
HS	1001	0	3	5184
HS	1000	0	0	5184
HS	999	0	4	5188
HS	998	0	1	5189
HS	997	0	0	5189
HS	996	0	3	5192
HS	995	0	3	5195
HS	994	0	1	5196
HS	993	0	1	5197
HS	992	0	0	5197
HS	991	0	1	5198
HS	990	0	1	5199
HS	989	0	1	5200
HS	988	0	0	5200
HS	987	0	0	5200
HS	986	0	2	5202
HS	985	0	1	5203
HS	984	0	2	5205
HS	983	0	1	5206
HS	982	0	2	5208
HS	981	0	1	5209
HS	980	0	2	5211
HS	979	0	1	5212
HS	978	0	1	5213
HS	977	0	2	5215
HS	976	0	2	5217
HS	975	0	2	5219
HS	974	0	0	5219
HS	973	0	0	5219
HS	972	0	1	5220
HS	971	0	1	5221
HS	970	0	2	5223
HS	969	0	3	5226
HS	968	0	4	5230
HS	967	0	2	5232
HS	966	0	5	5237
HS	965	0	1	5238
HS	964	0	4	5242
HS	963	0	3	5245
HS	962	0	3	5248
HS	961	0	4	5252
HS	960	0	0	5252
HS	959	0	5	5257
HS	958	0	0	5257
HS	957	0	5	5262
HS	956	0	2	5264
HS	955	0	1	5265
HS	954	0	2	5267
HS	953	0	3	5270
HS	952	0	3	5273
HS	951	0	0	5273
HS	950	0	1	5274
HS	949	0	3	5277
HS	948	0	2	5279
HS	947	0	1	5280
HS	946	0	0	5280
HS	945	0	4	5284
HS	944	0	0	5284
HS	943	0	0	5284
HS	942	0	2	5286
HS	941	0	2	5288
HS	940	0	2	5290
HS	939	0	5	5295
HS	938	0	3	5298
HS	937	0	1	5299
HS	936	0	3	5302
HS	935	0	1	5303
HS	934	0	0	5303
HS	933	0	1	5304
HS	932	0	4	5308
HS	931	0	3	5311
HS	930	0	1	5312
HS	929	0	2	5314
HS	928	0	2	5316
HS	927	0	3	5319
HS	926	0	2	5321
HS	925	0	3	5324
HS	924	0	2	5326
HS	923	0	1	5327
HS	922	0	5	5332
HS	921	0	3	5335
HS	920	0	1	5336
HS	919	0	3	5339
HS	918	0	2	5341
HS	917	0	2	5343
HS	916	0	2	5345
HS	915	0	2	5347
HS	914	0	3	5350
HS	913	0	2	5352
HS	912	0	5	5357
HS	911	0	2	5359
HS	910	0	3	5362
HS	909	0	3	5365
HS	908	0	1	5366
HS	907	0	4	5370
HS	906	0	3	5373
HS	905	0	3	5376
HS	904	0	3	5379
HS	903	0	3	5382
HS	902	0	2	5384
HS	901	0	1	5385
HS	900	0	5	5390
HS	899	0	2	5392
HS	898	0	1	5393
HS	897	0	5	5398
HS	896	0	2	5400
HS	895	0	2	5402
HS	894	0	1	5403
HS	893	0	3	5406
HS	892	0	1	5407
HS	891	0	4	5411
HS	890	0	1	5412
HS	889	0	2	5414
HS	888	0	4	5418
HS	887	0	0	5418
HS	886	0	3	5421
HS	885	0	0	5421
HS	884	0	0	5421
HS	883	0	1	5422
HS	882	0	2	5424
HS	881	0	2	5426
HS	880	0	1	5427
HS	879	0	2	5429
HS	878	0	1	5430
HS	877	0	4	5434
HS	876	0	2	5436
HS	875	0	0	5436
HS	874	0	3	5439
HS	873	0	2	5441
HS	872	0	3	5444
HS	871	0	6	5450
HS	870	0	4	5454
HS	869	0	1	5455
HS	868	0	2	5457
HS	867	0	2	5459
HS	866	0	4	5463
HS	865	0	0	5463
HS	864	0	4	5467
HS	863	0	2	5469
HS	862	0	2	5471
HS	861	0	1	5472
HS	860	0	1	5473
HS	859	0	2	5475
HS	858	0	4	5479
HS	857	0	0	5479
HS	856	0	0	5479
HS	855	0	1	5480
HS	854	0	2	5482
HS	853	0	1	5483
HS	852	0	0	5483
HS	851	0	1	5484
HS	850	0	3	5487
HS	849	0	1	5488
HS	848	0	3	5491
HS	847	0	0	5491
HS	846	0	1	5492
HS	845	0	2	5494
HS	844	0	2	5496
HS	843	0	2	5498
HS	842	0	0	5498
HS	841	0	2	5500
HS	840	0	5	5505
HS	839	0	2	5507
HS	838	0	0	5507
HS	837	0	2	5509
HS	836	0	0	5509
HS	835	0	1	5510
HS	834	0	1	5511
HS	833	0	2	5513
HS	832	0	1	5514
HS	831	0	1	5515
HS	830	0	4	5519
HS	829	0	1	5520
HS	828	0	1	5521
HS	827	0	0	5521
HS	826	0	0	5521
HS	825	0	1	5522
HS	824	0	1	5523
HS	823	0	0	5523
HS	822	0	1	5524
HS	821	0	0	5524
HS	820	0	1	5525
HS	819	0	0	5525
HS	818	0	2	5527
HS	817	0	1	5528
HS	816	0	2	5530
HS	815	0	0	5530
HS	814	0	1	5531
HS	813	0	5	5536
HS	812	0	2	5538
HS	811	0	1	5539
HS	810	0	1	5540
HS	809	0	2	5542
HS	808	0	4	5546
HS	807	0	6	5552
HS	806	0	0	5552
HS	805	0	0	5552
HS	804	0	1	5553
HS	803	0	0	5553
HS	802	0	1	5554
HS	801	0	3	5557
HS	800	0	4	5561
HS	799	0	3	5564
HS	798	0	2	5566
HS	797	0	2	5568
HS	796	0	1	5569
HS	795	0	1	5570
HS	794	0	1	5571
HS	793	0	1	5572
HS	792	0	0	5572
HS	791	0	1	5573
HS	790	0	1	5574
HS	789	0	2	5576
HS	788	0	0	5576
HS	787	0	3	5579
HS	786	0	1	5580
HS	785	0	4	5584
HS	784	0	1	5585
HS	783	0	3	5588
HS	782	0	2	5590
HS	781	0	2	5592
HS	780	0	1	5593
HS	779	0	2	5595
HS	778	0	1	5596
HS	777	0	0	5596
HS	776	0	1	5597
HS	775	0	1	5598
HS	774	0	3	5601
HS	773	0	3	5604
HS	772	0	2	5606
HS	771	0	1	5607
HS	770	0	1	5608
HS	769	0	1	5609
HS	768	0	0	5609
HS	767	0	3	5612
HS	766	0	6	5618
HS	765	0	1	5619
HS	764	0	2	5621
HS	763	0	6	5627
HS	762	0	2	5629
HS	761	0	4	5633
HS	760	0	6	5639
HS	759	0	4	5643
HS	758	0	6	5649
HS	757	0	7	5656
HS	756	0	7	5663
HS	755	0	4	5667
HS	754	0	5	5672
HS	753	0	2	5674
HS	752	0	4	5678
HS	751	0	6	5684
HS	750	0	3	5687
HS	749	0	2	5689
HS	748	0	0	5689
HS	747	0	3	5692
HS	746	0	4	5696
HS	745	0	3	5699
HS	744	0	5	5704
HS	743	0	3	5707
HS	742	0	1	5708
HS	741	0	5	5713
HS	740	0	5	5718
HS	739	0	1	5719
HS	738	0	1	5720
HS	737	0	3	5723
HS	736	0	1	5724
HS	735	0	0	5724
HS	734	0	2	5726
HS	733	0	4	5730
HS	732	0	3	5733
HS	731	0	2	5735
HS	730	0	0	5735
HS	729	0	3	5738
HS	728	0	1	5739
HS	727	0	5	5744
HS	726	0	1	5745
HS	725	0	0	5745
HS	724	0	1	5746
HS	723	0	5	5751
HS	722	0	2	5753
HS	721	0	1	5754
HS	720	0	1	5755
HS	719	0	3	5758
HS	718	0	6	5764
HS	717	0	2	5766
HS	716	0	1	5767
HS	715	0	3	5770
HS	714	0	1	5771
HS	713	0	2	5773
HS	712	0	1	5774
HS	711	0	4	5778
HS	710	0	4	5782
HS	709	0	4	5786
HS	708	0	4	5790
HS	707	0	2	5792
HS	706	0	1	5793
HS	705	0	5	5798
HS	704	0	3	5801
HS	703	0	2	5803
HS	702	0	1	5804
HS	701	0	1	5805
HS	700	0	1	5806
HS	699	0	5	5811
HS	698	0	3	5814
HS	697	0	6	5820
HS	696	0	5	5825
HS	695	0	2	5827
HS	694	0	5	5832
HS	693	0	4	5836
HS	692	0	3	5839
HS	691	0	5	5844
HS	690	0	6	5850
HS	689	0	6	5856
HS	688	0	6	5862
HS	687	0	0	5862
HS	686	0	5	5867
HS	685	0	6	5873
HS	684	0	6	5879
HS	683	0	3	5882
HS	682	0	6	5888
HS	681	0	6	5894
HS	680	0	2	5896
HS	679	0	4	5900
HS	678	0	3	5903
HS	677	0	4	5907
HS	676	0	1	5908
HS	675	0	3	5911
HS	674	0	0	5911
HS	673	0	5	5916
HS	672	0	0	5916
HS	671	0	2	5918
HS	670	0	2	5920
HS	669	0	1	5921
HS	668	0	3	5924
HS	667	0	1	5925
HS	666	0	2	5927
HS	665	0	2	5929
HS	664	0	1	5930
HS	663	0	4	5934
HS	662	0	2	5936
HS	661	0	2	5938
HS	660	0	5	5943
HS	659	0	4	5947
HS	658	0	0	5947
HS	657	0	3	5950
HS	656	0	4	5954
HS	655	0	4	5958
HS	654	0	2	5960
HS	653	0	5	5965
HS	652	0	10	5975
HS	651	0	4	5979
HS	650	0	5	5984
HS	649	0	7	5991
HS	648	0	4	5995
HS	647	0	3	5998
HS	646	0	3	6001
HS	645	0	9	6010
HS	644	0	5	6015
HS	643	0	3	6018
HS	642	0	4	6022
HS	641	0	4	6026
HS	640	0	3	6029
HS	639	0	0	6029
HS	638	0	1	6030
HS	637	0	5	6035
HS	636	0	1	6036
HS	635	0	5	6041
HS	634	0	2	6043
HS	633	0	3	6046
HS	632	0	11	6057
HS	631	0	7	6064
HS	630	0	7	6071
HS	629	0	5	6076
HS	628	0	9	6085
HS	627	0	7	6092
HS	626	0	2	6094
HS	625	0	6	6100
HS	624	0	4	6104
HS	623	0	5	6109
HS	622	0	2	6111
HS	621	0	5	6116
HS	620	0	2	6118
HS	619	0	5	6123
HS	618	0	8	6131
HS	617	0	0	6131
HS	616	0	4	6135
HS	615	0	7	6142
HS	614	0	2	6144
HS	613	0	5	6149
HS	612	0	5	6154
HS	611	0	5	6159
HS	610	0	1	6160
HS	609	0	2	6162
HS	608	0	4	6166
HS	607	0	6	6172
HS	606	0	8	6180
HS	605	0	2	6182
HS	604	0	7	6189
HS	603	0	5	6194
HS	602	0	3	6197
HS	601	0	8	6205
HS	600	0	10	6215
HS	599	0	7	6222
HS	598	0	8	6230
HS	597	0	5	6235
HS	596	0	3	6238
HS	595	0	1	6239
HS	594	0	3	6242
HS	593	0	7	6249
HS	592	0	3	6252
HS	591	0	7	6259
HS	590	0	9	6268
HS	589	0	8	6276
HS	588	0	2	6278
HS	587	0	8	6286
HS	586	0	5	6291
HS	585	0	6	6297
HS	584	0	12	6309
HS	583	0	4	6313
HS	582	0	8	6321
HS	581	0	5	6326
HS	580	0	12	6338
HS	579	0	10	6348
HS	578	0	9	6357
HS	577	0	7	6364
HS	576	0	9	6373
HS	575	0	9	6382
HS	574	0	9	6391
HS	573	0	18	6409
HS	572	0	11	6420
HS	571	0	6	6426
HS	570	0	11	6437
HS	569	0	16	6453
HS	568	0	18	6471
HS	567	0	12	6483
HS	566	0	11	6494
HS	565	0	18	6512
HS	564	0	13	6525
HS	563	0	10	6535
HS	562	0	12	6547
HS	561	0	21	6568
HS	560	0	17	6585
HS	559	0	11	6596
HS	558	0	17	6613
HS	557	0	20	6633
HS	556	0	16	6649
HS	555	0	12	6661
HS	554	0	15	6676
HS	553	0	24	6700
HS	552	0	17	6717
HS	551	0	16	6733
HS	550	0	10	6743
HS	549	0	15	6758
HS	548	0	9	6767
HS	547	0	15	6782
HS	546	0	17	6799
HS	545	0	17	6816
HS	544	0	11	6827
HS	543	0	19	6846
HS	542	0	16	6862
HS	541	0	19	6881
HS	540	0	18	6899
HS	539	0	25	6924
HS	538	0	12	6936
HS	537	0	18	6954
HS	536	0	14	6968
HS	535	0	20	6988
HS	534	0	7	6995
HS	533	0	13	7008
HS	532	0	16	7024
HS	531	0	11	7035
HS	530	0	17	7052
HS	529	0	16	7068
HS	528	0	14	7082
HS	527	0	16	7098
HS	526	0	8	7106
HS	525	0	16	7122
HS	524	0	14	7136
HS	523	0	18	7154
HS	522	0	12	7166
HS	521	0	14	7180
HS	520	0	15	7195
HS	519	0	18	7213
HS	518	0	14	7227
HS	517	0	8	7235
HS	516	0	24	7259
HS	515	0	19	7278
HS	514	0	22	7300
HS	513	0	14	7314
HS	512	0	10	7324
HS	511	0	11	7335
HS	510	0	20	7355
HS	509	0	19	7374
HS	508	0	22	7396
HS	507	0	13	7409
HS	506	0	14	7423
HS	505	0	18	7441
HS	504	0	22	7463
HS	503	0	21	7484
HS	502	0	22	7506
HS	501	0	16	7522
HS	500	0	29	7551
HS	499	0	33	7584
HS	498	0	23	7607
HS	497	0	26	7633
HS	496	0	28	7661
HS	495	0	28	7689
HS	494	0	29	7718
HS	493	0	32	7750
HS	492	0	23	7773
HS	491	0	20	7793
HS	490	0	21	7814
HS	489	0	15	7829
HS	488	0	19	7848
HS	487	0	21	7869
HS	486	0	18	7887
HS	485	0	23	7910
HS	484	0	19	7929
HS	483	0	19	7948
HS	482	0	30	7978
HS	481	0	30	8008
HS	480	0	15	8023
HS	479	0	15	8038
HS	478	0	13	8051
HS	477	0	19	8070
HS	476	0	16	8086
HS	475	0	29	8115
HS	474	0	14	8129
HS	473	0	13	8142
HS	472	0	24	8166
HS	471	0	29	8195
HS	470	0	18	8213
HS	469	0	21	8234
HS	468	0	10	8244
HS	467	0	24	8268
HS	466	0	21	8289
HS	465	0	29	8318
HS	464	0	23	8341
HS	463	0	25	8366
HS	462	0	21	8387
HS	461	0	24	8411
HS	460	0	30	8441
HS	459	0	19	8460
HS	458	0	23	8483
HS	457	0	18	8501
HS	456	0	25	8526
HS	455	0	23	8549
HS	454	0	21	8570
HS	453	0	24	8594
HS	452	0	16	8610
HS	451	0	18	8628
HS	450	0	21	8649
HS	449	0	11	8660
HS	448	0	28	8688
HS	447	0	17	8705
HS	446	0	27	8732
HS	445	0	25	8757
HS	444	0	32	8789
HS	443	0	27	8816
HS	442	0	35	8851
HS	441	0	29	8880
HS	440	0	35	8915
HS	439	0	24	8939
HS	438	0	28	8967
HS	437	0	19	8986
HS	436	0	31	9017
HS	435	0	38	9055
HS	434	0	35	9090
HS	433	0	30	9120
HS	432	0	34	9154
HS	431	0	31	9185
HS	430	0	38	9223
HS	429	0	34	9257
HS	428	0	32	9289
HS	427	0	34	9323
HS	426	0	31	9354
HS	425	0	32	9386
HS	424	0	38	9424
HS	423	0	41	9465
HS	422	0	36	9501
HS	421	0	44	9545
HS	420	0	45	9590
HS	419	0	54	9644
HS	418	0	45	9689
HS	417	0	45	9734
HS	416	0	50	9784
HS	415	0	47	9831
HS	414	0	46	9877
HS	413	0	52	9929
HS	412	0	52	9981
HS	411	0	36	10017
HS	410	0	48	10065
HS	409	0	46	10111
HS	408	0	41	10152
HS	407	0	51	10203
HS	406	0	58	10261
HS	405	0	38	10299
HS	404	0	56	10355
HS	403	0	44	10399
HS	402	0	39	10438
HS	401	0	48	10486
HS	400	0	56	10542
HS	399	0	63	10605
HS	398	0	70	10675
HS	397	0	68	10743
HS	396	0	75	10818
HS	395	0	50	10868
HS	394	0	63	10931
HS	393	0	45	10976
HS	392	0	70	11046
HS	391	0	66	11112
HS	390	0	77	11189
HS	389	0	61	11250
HS	388	0	81	11331
HS	387	0	73	11404
HS	386	0	93	11497
HS	385	0	90	11587
HS	384	0	77	11664
HS	383	0	77	11741
HS	382	0	91	11832
HS	381	0	79	11911
HS	380	0	74	11985
HS	379	0	71	12056
HS	378	0	82	12138
HS	377	0	84	12222
HS	376	0	78	12300
HS	375	0	63	12363
HS	374	0	103	12466
HS	373	0	93	12559
HS	372	0	101	12660
HS	371	0	91	12751
HS	370	0	91	12842
HS	369	0	87	12929
HS	368	0	91	13020
HS	367	0	75	13095
HS	366	0	88	13183
HS	365	0	98	13281
HS	364	0	90	13371
HS	363	0	76	13447
HS	362	0	91	13538
HS	361	0	119	13657
HS	360	0	109	13766
HS	359	0	103	13869
HS	358	0	124	13993
HS	357	0	105	14098
HS	356	0	112	14210
HS	355	0	113	14323
HS	354	0	89	14412
HS	353	0	107	14519
HS	352	0	111	14630
HS	351	0	130	14760
HS	350	0	125	14885
HS	349	0	109	14994
HS	348	0	145	15139
HS	347	0	122	15261
HS	346	0	148	15409
HS	345	0	124	15533
HS	344	0	125	15658
HS	343	0	129	15787
HS	342	0	150	15937
HS	341	0	177	16114
HS	340	0	154	16268
HS	339	0	180	16448
HS	338	0	180	16628
HS	337	0	208	16836
HS	336	0	215	17051
HS	335	0	215	17266
HS	334	0	208	17474
HS	333	0	231	17705
HS	332	0	230	17935
HS	331	0	215	18150
HS	330	0	266	18416
HS	329	0	250	18666
HS	328	0	231	18897
HS	327	0	252	19149
HS	326	0	268	19417
HS	325	0	294	19711
HS	324	0	280	19991
HS	323	0	303	20294
HS	322	0	290	20584
HS	321	0	331	20915
HS	320	0	311	21226
HS	319	0	355	21581
HS	318	0	358	21939
HS	317	0	384	22323
HS	316	0	366	22689
HS	315	0	371	23060
HS	314	0	404	23464
HS	313	0	425	23889
HS	312	0	475	24364
HS	311	0	451	24815
HS	310	0	453	25268
HS	309	0	498	25766
HS	308	0	494	26260
HS	307	0	584	26844
HS	306	0	550	27394
HS	305	0	639	28033
HS	304	0	658	28691
HS	303	0	666	29357
HS	302	0	685	30042
HS	301	0	690	30732
HS	300	0	726	31458
HS	299	0	692	32150
HS	298	0	765	32915
HS	297	0	796	33711
HS	296	0	841	34552
HS	295	0	952	35504
HS	294	0	945	36449
HS	293	0	992	37441
HS	292	0	998	38439
HS	291	0	1112	39551
HS	290	0	1078	40629
HS	289	0	1097	41726
HS	288	0	1270	42996
HS	287	0	1231	44227
HS	286	0	1436	45663
HS	285	0	1521	47184
HS	284	0	1477	48661
HS	283	0	1535	50196
HS	282	0	1681	51877
HS	281	0	1843	53720
HS	280	0	1768	55488
HS	279	0	1851	57339
HS	278	0	2002	59341
HS	277	0	2050	61391
HS	276	0	2221	63612
HS	275	0	2235	65847
HS	274	0	2352	68199
HS	273	0	2485	70684
HS	272	0	2558	73242
HS	271	0	2697	75939
HS	270	0	2743	78682
HS	269	0	2788	81470
HS	268	0	2852	84322
HS	267	0	3191	87513
HS	266	0	3249	90762
HS	265	0	3379	94141
HS	264	0	3566	97707
HS	263	0	3662	101369
HS	262	0	3848	105217
HS	261	0	3973	109190
HS	260	0	4176	113366
HS	259	0	4308	117674
HS	258	0	4484	122158
HS	257	0	4651	126809
HS	256	0	4787	131596
HS	255	0	4994	136590
HS	254	0	5364	141954
HS	253	0	5440	147394
HS	252	0	5565	152959
HS	251	0	5905	158864
HS	250	0	6146	165010
HS	249	0	6442	171452
HS	248	0	6828	178280
HS	247	0	6846	185126
HS	246	0	7262	192388
HS	245	0	7523	199911
HS	244	0	7807	207718
HS	243	0	8187	215905
HS	242	0	8640	224545
HS	241	0	8930	233475
HS	240	0	9150	242625
HS	239	0	9681	252306
HS	238	0	10123	262429
HS	237	0	10521	272950
HS	236	0	10910	283860
HS	235	0	11462	295322
HS	234	0	11650	306972
HS	233	0	12431	319403
HS	232	0	12602	332005
HS	231	0	13212	345217
HS	230	0	13536	358753
HS	229	0	14173	372926
HS	228	0	14802	387728
HS	227	0	15160	402888
HS	226	0	15901	418789
HS	225	0	16287	435076
HS	224	0	16748	451824
HS	223	0	17286	469110
HS	222	0	18041	487151
HS	221	0	18384	505535
HS	220	0	19121	524656
HS	219	0	19643	544299
HS	218	0	20378	564677
HS	217	0	21315	585992
HS	216	0	21982	607974
HS	215	0	22804	630778
HS	214	0	23449	654227
HS	213	0	24249	678476
HS	212	0	24640	703116
HS	211	0	25532	728648
HS	210	0	26357	755005
HS	209	0	27144	782149
HS	208	0	27715	809864
HS	207	0	28928	838792
HS	206	0	29892	868684
HS	205	0	30451	899135
HS	204	0	31459	930594
HS	203	0	32470	963064
HS	202	0	33115	996179
HS	201	0	34423	1030602
HS	200	0	34857	1065459
HS	199	0	36050	1101509
HS	198	0	36731	1138240
HS	197	0	37543	1175783
HS	196	0	38733	1214516
HS	195	0	39351	1253867
HS	194	0	40281	1294148
HS	193	0	41948	1336096
HS	192	0	42952	1379048
HS	191	0	43995	1423043
HS	190	0	45036	1468079
HS	189	0	45744	1513823
HS	188	0	46998	1560821
HS	187	0	47815	1608636
HS	186	0	49132	1657768
HS	185	0	50406	1708174
HS	184	0	51112	1759286
HS	183	0	52160	1811446
HS	182	0	53102	1864548
HS	181	0	53938	1918486
HS	180	0	54588	1973074
HS	179	0	55434	2028508
HS	178	0	56734	2085242
HS	177	0	57118	2142360
HS	176	0	57409	2199769
HS	175	0	57763	2257532
HS	174	0	59038	2316570
HS	173	0	59441	2376011
HS	172	0	60138	2436149
HS	171	0	60673	2496822
HS	170	0	61542	2558364
HS	169	0	62836	2621200
HS	168	0	62658	2683858
HS	167	0	63256	2747114
HS	166	0	63328	2810442
HS	165	0	63930	2874372
HS	164	0	64024	2938396
HS	163	0	64361	3002757
HS	162	0	64388	3067145
HS	161	0	64437	3131582
HS	160	0	64471	3196053
HS	159	0	63900	3259953
HS	158	0	64078	3324031
HS	157	0	63667	3387698
HS	156	0	63530	3451228
HS	155	0	63349	3514577
HS	154	0	63188	3577765
HS	153	0	62902	3640667
HS	152	0	62704	3703371
HS	151	0	62591	3765962
HS	150	0	61665	3827627
HS	149	0	61823	3889450
HS	148	0	61023	3950473
HS	147	0	60579	4011052
HS	146	0	60062	4071114
HS	145	0	58980	4130094
HS	144	0	58362	4188456
HS	143	0	57647	4246103
HS	142	0	56535	4302638
HS	141	0	55397	4358035
HS	140	0	54466	4412501
HS	139	0	53139	4465640
HS	138	0	51939	4517579
HS	137	0	50935	4568514
HS	136	0	50109	4618623
HS	135	0	49069	4667692
HS	134	0	47151	4714843
HS	133	0	46219	4761062
HS	132	0	44617	4805679
HS	131	0	43664	4849343
HS	130	0	42160	4891503
HS	129	0	41177	4932680
HS	128	0	39492	4972172
HS	127	0	38168	5010340
HS	126	0	36828	5047168
HS	125	0	35151	5082319
HS	124	0	34291	5116610
HS	123	0	32531	5149141
HS	122	0	30990	5180131
HS	121	0	29714	5209845
HS	120	0	28521	5238366
HS	119	0	27779	5266145
HS	118	0	26503	5292648
HS	117	0	25333	5317981
HS	116	0	24294	5342275
HS	115	0	23446	5365721
HS	114	0	21914	5387635
HS	113	0	20769	5408404
HS	112	0	19807	5428211
HS	111	0	18607	5446818
HS	110	0	17704	5464522
HS	109	0	16666	5481188
HS	108	0	15859	5497047
HS	107	0	15107	5512154
HS	106	0	14414	5526568
HS	105	0	13049	5539617
HS	104	0	12502	5552119
HS	103	0	11598	5563717
HS	102	0	10719	5574436
HS	101	0	10076	5584512
HS	100	0	9764	5594276
HS	99	0	8822	5603098
HS	98	0	8193	5611291
HS	97	0	7829	5619120
HS	96	0	7342	5626462
HS	95	0	6770	5633232
HS	94	0	6071	5639303
HS	93	0	5472	5644775
HS	92	0	5127	5649902
HS	91	0	4805	5654707
HS	90	0	4411	5659118
HS	89	0	3867	5662985
HS	88	0	3591	5666576
HS	87	0	3245	5669821
HS	86	0	2893	5672714
HS	85	0	2696	5675410
HS	84	0	2365	5677775
HS	83	0	2162	5679937
HS	82	0	1926	5681863
HS	81	0	1799	5683662
HS	80	0	1654	5685316
HS	79	0	1474	5686790
HS	78	0	1249	5688039
HS	77	0	1152	5689191
HS	76	0	1039	5690230
HS	75	0	863	5691093
HS	74	0	784	5691877
HS	73	0	716	5692593
HS	72	0	643	5693236
HS	71	0	586	5693822
HS	70	0	543	5694365
HS	69	0	533	5694898
HS	68	0	461	5695359
HS	67	0	382	5695741
HS	66	0	374	5696115
HS	65	0	335	5696450
HS	64	0	319	5696769
HS	63	0	281	5697050
HS	62	0	283	5697333
HS	61	0	281	5697614
HS	60	0	257	5697871
HS	59	0	240	5698111
HS	58	0	244	5698355
HS	57	0	231	5698586
HS	56	0	253	5698839
HS	55	0	223	5699062
HS	54	0	203	5699265
HS	53	0	169	5699434
HS	52	0	159	5699593
HS	51	0	140	5699733
HS	50	0	124	5699857
HS	49	0	129	5699986
HS	48	0	119	5700105
HS	47	0	172	5700277
HS	46	0	149	5700426
HS	45	0	148	5700574
HS	44	0	146	5700720
HS	43	0	124	5700844
HS	42	0	117	5700961
HS	41	0	143	5701104
HS	40	0	144	5701248
HS	39	0	149	5701397
HS	38	0	167	5701564
HS	37	0	179	5701743
HS	36	0	170	5701913
HS	35	0	192	5702105
HS	34	0	223	5702328
HS	33	0	210	5702538
HS	32	0	228	5702766
HS	31	0	258	5703024
HS	30	0	309	5703333
HS	29	0	317	5703650
HS	28	0	353	5704003
HS	27	0	403	5704406
HS	26	0	448	5704854
HS	25	0	429	5705283
HS	24	0	508	5705791
HS	23	0	631	5706422
HS	22	0	719	5707141
HS	21	0	853	5707994
HS	20	0	1058	5709052
HS	19	0	1137	5710189
HS	18	0	1338	5711527
HS	17	0	1656	5713183
HS	16	0	1889	5715072
HS	15	0	2448	5717520
HS	14	0	3144	5720664
HS	13	0	4071	5724735
HS	12	0	4980	5729715
HS	11	0	7052	5736767
HS	10	0	9464	5746231
HS	9	0	14065	5760296
HS	8	0	21752	5782048
HS	7	0	35200	5817248
HS	6	0	68584	5885832
HS	5	0	153367	6039199
HS	4	0	396787	6435986
HS	3	0	1348042	7784028
HS	2	0	8575209	16359237
HS	1	0	0	16359237
HS	0	0	0	16359237
