CC	CT  kmer_occurrence    short_read_kmer_count  raw_input_kmer_count  adjusted_input_kmer_count
CC	FR  fpr_lower_bound    fpr_upper_bound
CC	ER  total_input_kmers  adjusted_error_kmers
CC	CV  coverage
CC	QV  raw_quality_value  adjusted_quality_value
CC
SQ	JAVIVN010000014.1	483707	483677	483677	99.00
SQ	JAVIVN010000015.1	1509024	1508994	1507517	45.00
SQ	JAVIVN010000001.1	3883034	3883004	3882066	51.08
CT	1023	5193	54425	54425.000
CT	1022	0	0	0.000
CT	1021	1	6	6.000
CT	1020	1	0	0.000
CT	1019	1	0	0.000
CT	1018	1	0	0.000
CT	1017	1	7	7.000
CT	1016	0	0	0.000
CT	1015	0	0	0.000
CT	1014	0	0	0.000
CT	1013	2	12	12.000
CT	1012	2	13	13.000
CT	1011	2	12	12.000
CT	1010	0	0	0.000
CT	1009	1	6	6.000
CT	1008	3	17	17.000
CT	1007	2	13	13.000
CT	1006	4	25	25.000
CT	1005	1	0	0.000
CT	1004	1	7	7.000
CT	1003	0	0	0.000
CT	1002	1	0	0.000
CT	1001	1	6	6.000
CT	1000	2	13	13.000
CT	999	4	22	22.000
CT	998	2	12	12.000
CT	997	0	0	0.000
CT	996	1	3	3.000
CT	995	1	7	7.000
CT	994	1	7	7.000
CT	993	2	6	6.000
CT	992	4	16	16.000
CT	991	2	9	9.000
CT	990	2	9	9.000
CT	989	1	3	3.000
CT	988	1	3	3.000
CT	987	8	44	44.000
CT	986	4	27	27.000
CT	985	5	34	34.000
CT	984	4	20	20.000
CT	983	3	19	19.000
CT	982	6	26	26.000
CT	981	3	16	16.000
CT	980	1	7	7.000
CT	979	2	9	9.000
CT	978	7	44	44.000
CT	977	4	17	17.000
CT	976	4	26	26.000
CT	975	1	6	6.000
CT	974	4	22	22.000
CT	973	1	6	6.000
CT	972	5	31	31.000
CT	971	2	14	14.000
CT	970	4	22	22.000
CT	969	4	22	22.000
CT	968	2	13	13.000
CT	967	0	0	0.000
CT	966	0	0	0.000
CT	965	2	12	12.000
CT	964	0	0	0.000
CT	963	2	14	14.000
CT	962	2	13	13.000
CT	961	5	30	30.000
CT	960	1	6	6.000
CT	959	1	6	6.000
CT	958	6	36	36.000
CT	957	2	11	11.000
CT	956	2	14	14.000
CT	955	6	32	32.000
CT	954	2	8	8.000
CT	953	0	0	0.000
CT	952	2	13	13.000
CT	951	5	30	30.000
CT	950	1	4	4.000
CT	949	1	4	4.000
CT	948	3	18	18.000
CT	947	2	8	8.000
CT	946	2	8	8.000
CT	945	2	14	14.000
CT	944	5	25	25.000
CT	943	2	9	9.000
CT	942	1	6	6.000
CT	941	1	6	6.000
CT	940	1	4	4.000
CT	939	3	15	15.000
CT	938	5	29	29.000
CT	937	6	30	30.000
CT	936	0	0	0.000
CT	935	3	13	13.000
CT	934	2	9	9.000
CT	933	3	18	18.000
CT	932	1	6	6.000
CT	931	2	8	8.000
CT	930	5	24	24.000
CT	929	5	24	24.000
CT	928	5	29	29.000
CT	927	2	8	8.000
CT	926	3	14	14.000
CT	925	6	31	31.000
CT	924	3	10	10.000
CT	923	5	20	20.000
CT	922	1	5	5.000
CT	921	3	13	13.000
CT	920	3	15	15.000
CT	919	3	8	8.000
CT	918	3	6	6.000
CT	917	5	18	18.000
CT	916	2	7	7.000
CT	915	8	33	33.000
CT	914	7	33	33.000
CT	913	4	18	18.000
CT	912	1	2	2.000
CT	911	4	12	12.000
CT	910	1	4	4.000
CT	909	1	2	2.000
CT	908	0	0	0.000
CT	907	4	18	18.000
CT	906	1	2	2.000
CT	905	1	5	5.000
CT	904	4	16	16.000
CT	903	0	0	0.000
CT	902	1	2	2.000
CT	901	2	6	6.000
CT	900	3	11	11.000
CT	899	2	6	6.000
CT	898	6	29	29.000
CT	897	1	2	2.000
CT	896	3	13	13.000
CT	895	3	10	10.000
CT	894	2	6	6.000
CT	893	1	4	4.000
CT	892	3	15	15.000
CT	891	2	11	11.000
CT	890	2	7	7.000
CT	889	4	16	16.000
CT	888	2	8	8.000
CT	887	1	4	4.000
CT	886	1	4	4.000
CT	885	2	9	9.000
CT	884	6	17	17.000
CT	883	4	16	16.000
CT	882	2	5	5.000
CT	881	5	17	17.000
CT	880	2	7	7.000
CT	879	0	0	0.000
CT	878	3	11	11.000
CT	877	2	8	8.000
CT	876	3	10	10.000
CT	875	3	11	11.000
CT	874	3	16	16.000
CT	873	3	9	9.000
CT	872	9	48	48.000
CT	871	3	14	14.000
CT	870	2	11	11.000
CT	869	1	4	4.000
CT	868	2	9	9.000
CT	867	2	11	11.000
CT	866	1	5	5.000
CT	865	5	20	20.000
CT	864	4	20	20.000
CT	863	4	19	19.000
CT	862	4	20	20.000
CT	861	4	22	22.000
CT	860	2	12	12.000
CT	859	4	20	20.000
CT	858	6	31	31.000
CT	857	0	0	0.000
CT	856	3	18	18.000
CT	855	4	17	17.000
CT	854	9	43	43.000
CT	853	1	5	5.000
CT	852	8	44	44.000
CT	851	6	28	28.000
CT	850	4	15	15.000
CT	849	6	28	28.000
CT	848	4	21	21.000
CT	847	10	56	56.000
CT	846	4	18	18.000
CT	845	2	11	11.000
CT	844	3	17	17.000
CT	843	9	42	42.000
CT	842	3	13	13.000
CT	841	3	14	14.000
CT	840	7	27	27.000
CT	839	9	44	44.000
CT	838	8	30	30.000
CT	837	5	21	21.000
CT	836	5	23	23.000
CT	835	5	20	20.000
CT	834	9	32	32.000
CT	833	7	26	26.000
CT	832	1	3	3.000
CT	831	4	16	16.000
CT	830	10	40	40.000
CT	829	10	40	40.000
CT	828	4	17	17.000
CT	827	10	44	44.000
CT	826	10	33	33.000
CT	825	5	18	18.000
CT	824	1	3	3.000
CT	823	13	48	48.000
CT	822	9	35	35.000
CT	821	9	36	36.000
CT	820	2	8	8.000
CT	819	7	26	26.000
CT	818	6	28	28.000
CT	817	4	17	17.000
CT	816	7	30	30.000
CT	815	4	14	14.000
CT	814	4	16	16.000
CT	813	5	24	24.000
CT	812	6	26	26.000
CT	811	2	9	9.000
CT	810	4	16	16.000
CT	809	7	23	23.000
CT	808	9	31	31.000
CT	807	9	34	34.000
CT	806	8	29	29.000
CT	805	5	19	19.000
CT	804	6	23	23.000
CT	803	5	20	20.000
CT	802	8	32	32.000
CT	801	5	18	18.000
CT	800	5	27	27.000
CT	799	2	6	6.000
CT	798	6	24	24.000
CT	797	3	12	12.000
CT	796	7	32	32.000
CT	795	2	5	5.000
CT	794	11	45	45.000
CT	793	1	4	4.000
CT	792	3	11	11.000
CT	791	3	10	10.000
CT	790	7	27	27.000
CT	789	2	6	6.000
CT	788	4	21	21.000
CT	787	7	23	23.000
CT	786	2	7	7.000
CT	785	2	7	7.000
CT	784	4	18	18.000
CT	783	7	29	29.000
CT	782	9	37	37.000
CT	781	10	39	39.000
CT	780	4	15	15.000
CT	779	7	26	26.000
CT	778	10	42	42.000
CT	777	5	17	17.000
CT	776	7	26	26.000
CT	775	8	35	35.000
CT	774	10	35	35.000
CT	773	8	30	30.000
CT	772	10	39	39.000
CT	771	14	57	57.000
CT	770	17	62	62.000
CT	769	16	63	63.000
CT	768	10	35	35.000
CT	767	7	20	20.000
CT	766	12	45	45.000
CT	765	12	46	46.000
CT	764	12	35	35.000
CT	763	9	33	33.000
CT	762	11	33	33.000
CT	761	12	43	43.000
CT	760	14	44	44.000
CT	759	9	33	33.000
CT	758	12	31	31.000
CT	757	11	40	40.000
CT	756	10	34	34.000
CT	755	9	31	31.000
CT	754	13	46	46.000
CT	753	6	23	23.000
CT	752	6	13	13.000
CT	751	9	21	21.000
CT	750	7	25	25.000
CT	749	8	30	30.000
CT	748	3	6	6.000
CT	747	8	23	23.000
CT	746	14	53	53.000
CT	745	11	36	36.000
CT	744	7	13	13.000
CT	743	14	35	35.000
CT	742	5	14	14.000
CT	741	8	17	17.000
CT	740	5	24	24.000
CT	739	8	26	26.000
CT	738	8	22	22.000
CT	737	10	38	38.000
CT	736	9	26	26.000
CT	735	12	36	36.000
CT	734	9	26	26.000
CT	733	16	42	42.000
CT	732	15	42	42.000
CT	731	14	34	34.000
CT	730	15	41	41.000
CT	729	10	21	21.000
CT	728	9	19	19.000
CT	727	11	35	35.000
CT	726	10	13	13.000
CT	725	11	32	32.000
CT	724	10	30	30.000
CT	723	15	49	49.000
CT	722	14	32	32.000
CT	721	16	33	33.000
CT	720	14	40	40.000
CT	719	12	23	23.000
CT	718	12	31	31.000
CT	717	16	41	41.000
CT	716	16	52	52.000
CT	715	18	40	40.000
CT	714	18	50	50.000
CT	713	20	48	48.000
CT	712	15	28	28.000
CT	711	6	17	17.000
CT	710	14	49	49.000
CT	709	14	42	42.000
CT	708	18	55	55.000
CT	707	7	12	12.000
CT	706	20	60	60.000
CT	705	19	65	65.000
CT	704	10	29	29.000
CT	703	11	36	36.000
CT	702	19	57	57.000
CT	701	12	35	35.000
CT	700	16	40	40.000
CT	699	14	40	40.000
CT	698	13	36	36.000
CT	697	14	51	51.000
CT	696	17	52	52.000
CT	695	12	48	48.000
CT	694	10	18	18.000
CT	693	9	27	27.000
CT	692	12	35	35.000
CT	691	10	36	36.000
CT	690	15	55	55.000
CT	689	15	43	43.000
CT	688	13	31	31.000
CT	687	14	34	34.000
CT	686	15	40	40.000
CT	685	5	17	17.000
CT	684	18	58	58.000
CT	683	13	34	34.000
CT	682	8	22	22.000
CT	681	15	40	40.000
CT	680	23	55	55.000
CT	679	22	75	75.000
CT	678	15	39	39.000
CT	677	21	53	53.000
CT	676	30	89	89.000
CT	675	25	72	72.000
CT	674	23	70	70.000
CT	673	20	44	44.000
CT	672	26	60	60.000
CT	671	28	76	76.000
CT	670	21	62	62.000
CT	669	21	46	46.000
CT	668	24	76	76.000
CT	667	26	80	80.000
CT	666	17	35	35.000
CT	665	19	56	56.000
CT	664	27	66	66.000
CT	663	23	63	63.000
CT	662	26	57	57.000
CT	661	23	61	61.000
CT	660	19	45	45.000
CT	659	25	80	80.000
CT	658	13	33	33.000
CT	657	20	48	48.000
CT	656	13	45	45.000
CT	655	21	27	27.000
CT	654	21	49	49.000
CT	653	12	28	28.000
CT	652	16	23	23.000
CT	651	19	38	38.000
CT	650	24	59	59.000
CT	649	25	59	59.000
CT	648	24	49	49.000
CT	647	23	53	53.000
CT	646	30	59	59.000
CT	645	17	33	33.000
CT	644	29	72	72.000
CT	643	25	57	57.000
CT	642	28	53	53.000
CT	641	22	41	41.000
CT	640	22	46	46.000
CT	639	27	60	60.000
CT	638	22	41	41.000
CT	637	28	61	61.000
CT	636	31	61	61.000
CT	635	20	49	49.000
CT	634	31	42	42.000
CT	633	28	66	66.000
CT	632	36	57	57.000
CT	631	36	46	46.000
CT	630	34	69	69.000
CT	629	40	78	78.000
CT	628	31	55	55.000
CT	627	39	61	61.000
CT	626	35	61	61.000
CT	625	34	31	31.000
CT	624	44	79	79.000
CT	623	31	39	39.000
CT	622	37	35	35.000
CT	621	38	45	45.000
CT	620	39	75	75.000
CT	619	29	41	41.000
CT	618	41	62	62.000
CT	617	40	78	78.000
CT	616	52	85	85.000
CT	615	44	48	48.000
CT	614	45	54	54.000
CT	613	45	52	52.000
CT	612	52	62	62.000
CT	611	50	64	64.000
CT	610	45	62	62.000
CT	609	41	55	55.000
CT	608	52	53	53.000
CT	607	46	43	43.000
CT	606	28	34	34.000
CT	605	37	48	48.000
CT	604	36	35	35.000
CT	603	32	42	42.000
CT	602	30	20	20.000
CT	601	48	41	41.000
CT	600	49	52	52.000
CT	599	54	63	63.000
CT	598	36	34	34.000
CT	597	48	58	58.000
CT	596	38	36	36.000
CT	595	43	56	56.000
CT	594	49	80	80.000
CT	593	41	39	39.000
CT	592	43	24	24.000
CT	591	56	80	80.000
CT	590	58	88	88.000
CT	589	46	77	77.000
CT	588	49	57	57.000
CT	587	46	75	75.000
CT	586	57	57	57.000
CT	585	51	69	69.000
CT	584	53	63	63.000
CT	583	52	63	63.000
CT	582	53	76	76.000
CT	581	51	87	87.000
CT	580	64	86	86.000
CT	579	55	78	78.000
CT	578	67	103	103.000
CT	577	66	94	94.000
CT	576	44	64	64.000
CT	575	52	85	85.000
CT	574	48	66	66.000
CT	573	47	77	77.000
CT	572	47	64	64.000
CT	571	63	91	91.000
CT	570	50	91	91.000
CT	569	48	71	71.000
CT	568	48	84	84.000
CT	567	51	89	89.000
CT	566	52	106	106.000
CT	565	39	70	70.000
CT	564	48	69	69.000
CT	563	49	90	90.000
CT	562	48	70	70.000
CT	561	39	75	75.000
CT	560	54	85	85.000
CT	559	42	50	50.000
CT	558	41	70	70.000
CT	557	42	72	72.000
CT	556	39	62	62.000
CT	555	52	75	75.000
CT	554	40	58	58.000
CT	553	52	94	94.000
CT	552	61	88	88.000
CT	551	58	92	92.000
CT	550	59	90	90.000
CT	549	56	81	81.000
CT	548	68	99	99.000
CT	547	58	88	88.000
CT	546	63	98	98.000
CT	545	54	62	62.000
CT	544	66	86	86.000
CT	543	72	102	102.000
CT	542	76	97	97.000
CT	541	57	79	79.000
CT	540	74	99	99.000
CT	539	75	114	114.000
CT	538	78	97	97.000
CT	537	78	109	109.000
CT	536	70	101	101.000
CT	535	82	104	104.000
CT	534	66	76	76.000
CT	533	83	101	101.000
CT	532	80	111	111.000
CT	531	81	101	101.000
CT	530	87	88	88.000
CT	529	100	142	142.000
CT	528	81	85	85.000
CT	527	95	97	97.000
CT	526	101	105	105.000
CT	525	95	119	119.000
CT	524	101	115	115.000
CT	523	115	119	119.000
CT	522	113	143	143.000
CT	521	100	119	119.000
CT	520	101	146	146.000
CT	519	114	123	123.000
CT	518	104	109	109.000
CT	517	88	115	115.000
CT	516	103	135	135.000
CT	515	112	146	146.000
CT	514	104	112	112.000
CT	513	128	155	155.000
CT	512	121	117	117.000
CT	511	108	146	146.000
CT	510	103	122	122.000
CT	509	120	149	149.000
CT	508	138	154	154.000
CT	507	122	126	126.000
CT	506	126	155	155.000
CT	505	125	137	137.000
CT	504	141	159	159.000
CT	503	128	149	149.000
CT	502	123	150	150.000
CT	501	141	176	176.000
CT	500	136	166	166.000
CT	499	158	198	198.000
CT	498	124	169	169.000
CT	497	145	166	166.000
CT	496	136	157	157.000
CT	495	140	159	159.000
CT	494	147	177	177.000
CT	493	149	175	175.000
CT	492	146	152	152.000
CT	491	160	179	179.000
CT	490	171	185	185.000
CT	489	154	165	165.000
CT	488	152	187	187.000
CT	487	179	207	207.000
CT	486	189	221	221.000
CT	485	162	191	191.000
CT	484	178	179	179.000
CT	483	178	207	207.000
CT	482	209	229	229.000
CT	481	215	254	254.000
CT	480	217	245	245.000
CT	479	207	224	224.000
CT	478	228	250	250.000
CT	477	252	288	288.000
CT	476	261	290	290.000
CT	475	271	317	317.000
CT	474	281	328	328.000
CT	473	292	374	374.000
CT	472	309	408	408.000
CT	471	297	348	348.000
CT	470	294	336	336.000
CT	469	272	345	345.000
CT	468	285	348	348.000
CT	467	298	343	343.000
CT	466	303	346	346.000
CT	465	306	340	340.000
CT	464	303	342	342.000
CT	463	302	329	329.000
CT	462	303	350	350.000
CT	461	339	351	351.000
CT	460	320	357	357.000
CT	459	331	364	364.000
CT	458	353	375	375.000
CT	457	381	423	423.000
CT	456	387	424	424.000
CT	455	379	425	425.000
CT	454	408	427	427.000
CT	453	400	451	451.000
CT	452	447	506	506.000
CT	451	495	566	566.000
CT	450	471	523	523.000
CT	449	492	572	572.000
CT	448	436	489	489.000
CT	447	447	479	479.000
CT	446	473	526	526.000
CT	445	506	589	589.000
CT	444	477	515	515.000
CT	443	562	631	631.000
CT	442	523	583	583.000
CT	441	591	644	644.000
CT	440	550	604	604.000
CT	439	528	575	575.000
CT	438	667	727	727.000
CT	437	597	665	665.000
CT	436	633	684	684.000
CT	435	675	727	727.000
CT	434	675	714	714.000
CT	433	778	822	822.000
CT	432	750	823	823.000
CT	431	747	807	807.000
CT	430	794	878	878.000
CT	429	810	887	887.000
CT	428	848	920	920.000
CT	427	849	929	929.000
CT	426	849	904	904.000
CT	425	866	923	923.000
CT	424	876	936	936.000
CT	423	947	1014	1014.000
CT	422	928	975	975.000
CT	421	958	1008	1008.000
CT	420	1023	1053	1053.000
CT	419	975	1029	1029.000
CT	418	1033	1073	1073.000
CT	417	1059	1096	1096.000
CT	416	1117	1143	1143.000
CT	415	1162	1218	1218.000
CT	414	1247	1300	1300.000
CT	413	1225	1273	1273.000
CT	412	1239	1283	1283.000
CT	411	1302	1362	1362.000
CT	410	1245	1310	1310.000
CT	409	1407	1451	1451.000
CT	408	1386	1432	1432.000
CT	407	1403	1439	1439.000
CT	406	1463	1503	1503.000
CT	405	1497	1534	1534.000
CT	404	1498	1542	1542.000
CT	403	1560	1593	1593.000
CT	402	1600	1609	1609.000
CT	401	1636	1641	1641.000
CT	400	1684	1691	1691.000
CT	399	1775	1803	1803.000
CT	398	1745	1759	1759.000
CT	397	1800	1831	1831.000
CT	396	1815	1824	1824.000
CT	395	1906	1939	1939.000
CT	394	1911	1914	1914.000
CT	393	1993	2000	2000.000
CT	392	2116	2146	2146.000
CT	391	2131	2158	2158.000
CT	390	2172	2192	2192.000
CT	389	2166	2187	2187.000
CT	388	2282	2260	2260.000
CT	387	2352	2368	2368.000
CT	386	2508	2520	2520.000
CT	385	2527	2524	2524.000
CT	384	2563	2561	2561.000
CT	383	2618	2610	2610.000
CT	382	2706	2730	2730.000
CT	381	2932	2959	2959.000
CT	380	2828	2825	2825.000
CT	379	2934	2943	2943.000
CT	378	3035	3033	3033.000
CT	377	3089	3097	3097.000
CT	376	3087	3099	3099.000
CT	375	3182	3182	3182.000
CT	374	3215	3234	3234.000
CT	373	3187	3219	3219.000
CT	372	3406	3419	3419.000
CT	371	3400	3413	3413.000
CT	370	3563	3570	3570.000
CT	369	3548	3562	3562.000
CT	368	3725	3734	3734.000
CT	367	3746	3780	3780.000
CT	366	3938	3964	3964.000
CT	365	3923	3936	3936.000
CT	364	4169	4181	4181.000
CT	363	4213	4224	4224.000
CT	362	4339	4365	4365.000
CT	361	4417	4421	4421.000
CT	360	4472	4497	4497.000
CT	359	4600	4608	4608.000
CT	358	4721	4752	4752.000
CT	357	4832	4834	4834.000
CT	356	4938	4961	4961.000
CT	355	5216	5226	5226.000
CT	354	5289	5330	5330.000
CT	353	5454	5470	5470.000
CT	352	5554	5559	5559.000
CT	351	5810	5823	5823.000
CT	350	5904	5904	5904.000
CT	349	5948	5931	5931.000
CT	348	6180	6178	6178.000
CT	347	6371	6378	6378.000
CT	346	6278	6274	6274.000
CT	345	6506	6508	6508.000
CT	344	6624	6599	6599.000
CT	343	6987	6983	6983.000
CT	342	7145	7128	7128.000
CT	341	7201	7197	7197.000
CT	340	7352	7329	7329.000
CT	339	7497	7480	7480.000
CT	338	7592	7565	7565.000
CT	337	7873	7855	7855.000
CT	336	7940	7923	7923.000
CT	335	8303	8270	8270.000
CT	334	8646	8631	8631.000
CT	333	8551	8530	8530.000
CT	332	8725	8723	8723.000
CT	331	9034	9004	9004.000
CT	330	9018	8995	8995.000
CT	329	9304	9297	9297.000
CT	328	9613	9592	9592.000
CT	327	9757	9765	9765.000
CT	326	10170	10158	10158.000
CT	325	10206	10190	10190.000
CT	324	10421	10428	10428.000
CT	323	10378	10369	10369.000
CT	322	10530	10550	10550.000
CT	321	10810	10824	10824.000
CT	320	11029	11023	11023.000
CT	319	11208	11212	11212.000
CT	318	11199	11196	11196.000
CT	317	11499	11520	11520.000
CT	316	11738	11734	11734.000
CT	315	12044	12038	12038.000
CT	314	12275	12289	12289.000
CT	313	12172	12172	12172.000
CT	312	12849	12856	12856.000
CT	311	13020	13030	13030.000
CT	310	13206	13216	13216.000
CT	309	13328	13355	13355.000
CT	308	13783	13802	13802.000
CT	307	13840	13833	13833.000
CT	306	14208	14218	14218.000
CT	305	14613	14630	14630.000
CT	304	14822	14833	14833.000
CT	303	15055	15071	15071.000
CT	302	15282	15286	15286.000
CT	301	15536	15556	15556.000
CT	300	15897	15886	15886.000
CT	299	16248	16258	16258.000
CT	298	16590	16609	16609.000
CT	297	16904	16892	16892.000
CT	296	17358	17339	17339.000
CT	295	17360	17358	17358.000
CT	294	17802	17763	17763.000
CT	293	18222	18183	18183.000
CT	292	18448	18396	18396.000
CT	291	18784	18760	18760.000
CT	290	19175	19140	19140.000
CT	289	19349	19316	19316.000
CT	288	20095	20075	20075.000
CT	287	20281	20225	20225.000
CT	286	20077	20023	20023.000
CT	285	21039	20974	20974.000
CT	284	21064	21007	21007.000
CT	283	21560	21504	21504.000
CT	282	21980	21929	21929.000
CT	281	22066	22000	22000.000
CT	280	22422	22365	22365.000
CT	279	22779	22714	22714.000
CT	278	23206	23170	23170.000
CT	277	23589	23546	23546.000
CT	276	23672	23602	23602.000
CT	275	24001	23940	23940.000
CT	274	24173	24120	24120.000
CT	273	24246	24176	24176.000
CT	272	24719	24634	24634.000
CT	271	24821	24776	24776.000
CT	270	25122	25046	25046.000
CT	269	26155	26093	26093.000
CT	268	26234	26181	26181.000
CT	267	26165	26107	26107.000
CT	266	26131	26069	26069.000
CT	265	26777	26699	26699.000
CT	264	26636	26569	26569.000
CT	263	27519	27440	27440.000
CT	262	27597	27504	27504.000
CT	261	28084	28005	28005.000
CT	260	28547	28478	28478.000
CT	259	28641	28572	28572.000
CT	258	29074	28998	28998.000
CT	257	29055	28962	28962.000
CT	256	29489	29402	29402.000
CT	255	29636	29532	29532.000
CT	254	30056	29946	29946.000
CT	253	29987	29887	29887.000
CT	252	30614	30493	30493.000
CT	251	30934	30816	30816.000
CT	250	31408	31299	31299.000
CT	249	31533	31385	31385.000
CT	248	31695	31556	31556.000
CT	247	32222	32087	32087.000
CT	246	32432	32267	32267.000
CT	245	32587	32397	32397.000
CT	244	32815	32638	32638.000
CT	243	33161	32998	32998.000
CT	242	33061	32883	32883.000
CT	241	33559	33386	33386.000
CT	240	33691	33497	33497.000
CT	239	33957	33778	33778.000
CT	238	34281	34097	34097.000
CT	237	34197	34013	34013.000
CT	236	34317	34098	34098.000
CT	235	34441	34251	34251.000
CT	234	34479	34274	34274.000
CT	233	34499	34298	34298.000
CT	232	34895	34712	34712.000
CT	231	34814	34577	34577.000
CT	230	35124	34873	34873.000
CT	229	34910	34653	34653.000
CT	228	35430	35176	35176.000
CT	227	35731	35465	35465.000
CT	226	35900	35643	35643.000
CT	225	35937	35683	35683.000
CT	224	36142	35848	35848.000
CT	223	36249	35937	35937.000
CT	222	36492	36189	36189.000
CT	221	36157	35870	35870.000
CT	220	36251	35994	35994.000
CT	219	36275	35964	35964.000
CT	218	36684	36378	36378.000
CT	217	36581	36228	36228.000
CT	216	36312	35949	35949.000
CT	215	36826	36480	36480.000
CT	214	36758	36332	36332.000
CT	213	36950	36590	36590.000
CT	212	36720	36370	36370.000
CT	211	36526	36156	36156.000
CT	210	36934	36552	36552.000
CT	209	36446	36060	36060.000
CT	208	36344	35972	35972.000
CT	207	36755	36351	36351.000
CT	206	36944	36560	36560.000
CT	205	36751	36364	36364.000
CT	204	36522	36117	36117.000
CT	203	36475	36043	36043.000
CT	202	36673	36272	36272.000
CT	201	36203	35755	35755.000
CT	200	36435	35975	35975.000
CT	199	35978	35523	35523.000
CT	198	36230	35789	35789.000
CT	197	36028	35583	35583.000
CT	196	35925	35449	35449.000
CT	195	35980	35466	35466.000
CT	194	35839	35354	35354.000
CT	193	35549	35041	35041.000
CT	192	35522	35015	35015.000
CT	191	35502	34977	34977.000
CT	190	35227	34710	34710.000
CT	189	34949	34418	34418.000
CT	188	34888	34369	34369.000
CT	187	34138	33618	33618.000
CT	186	34213	33671	33671.000
CT	185	33904	33403	33403.000
CT	184	33798	33312	33312.000
CT	183	33801	33309	33309.000
CT	182	33681	33151	33151.000
CT	181	33577	33069	33069.000
CT	180	32637	32124	32124.000
CT	179	32327	31786	31786.000
CT	178	32129	31631	31631.000
CT	177	31898	31397	31397.000
CT	176	31453	30950	30950.000
CT	175	31427	30936	30936.000
CT	174	31045	30531	30531.000
CT	173	30804	30307	30307.000
CT	172	30417	29927	29927.000
CT	171	29699	29189	29189.000
CT	170	29471	28995	28995.000
CT	169	29121	28631	28631.000
CT	168	28608	28096	28096.000
CT	167	28309	27828	27828.000
CT	166	27813	27310	27310.000
CT	165	27817	27305	27305.000
CT	164	27096	26640	26640.000
CT	163	27177	26708	26708.000
CT	162	26278	25815	25815.000
CT	161	25742	25264	25264.000
CT	160	24984	24539	24539.000
CT	159	25030	24594	24594.000
CT	158	24794	24401	24401.000
CT	157	24439	24041	24041.000
CT	156	23767	23334	23334.000
CT	155	23724	23269	23269.000
CT	154	23154	22695	22695.000
CT	153	22636	22154	22154.000
CT	152	22159	21721	21721.000
CT	151	21594	21161	21161.000
CT	150	21043	20591	20591.000
CT	149	21043	20617	20617.000
CT	148	20240	19793	19793.000
CT	147	20258	19808	19808.000
CT	146	19746	19249	19249.000
CT	145	18703	18261	18261.000
CT	144	18526	18068	18068.000
CT	143	17824	17363	17363.000
CT	142	17586	17134	17134.000
CT	141	17007	16630	16630.000
CT	140	17125	16763	16763.000
CT	139	16483	16169	16169.000
CT	138	15712	15383	15383.000
CT	137	15468	15126	15126.000
CT	136	15108	14757	14757.000
CT	135	14654	14334	14334.000
CT	134	14085	13791	13791.000
CT	133	13630	13349	13349.000
CT	132	13148	12891	12891.000
CT	131	12530	12233	12233.000
CT	130	12198	11894	11894.000
CT	129	11830	11569	11569.000
CT	128	11588	11324	11324.000
CT	127	11135	10861	10861.000
CT	126	10659	10409	10409.000
CT	125	10169	9921	9921.000
CT	124	9809	9566	9566.000
CT	123	9575	9342	9342.000
CT	122	9323	9117	9117.000
CT	121	9004	8812	8812.000
CT	120	8709	8492	8492.000
CT	119	8302	8088	8088.000
CT	118	8094	7891	7891.000
CT	117	7639	7410	7410.000
CT	116	7334	7120	7120.000
CT	115	7171	6984	6984.000
CT	114	7007	6833	6833.000
CT	113	6612	6459	6459.000
CT	112	6403	6244	6244.000
CT	111	6220	6086	6086.000
CT	110	5951	5806	5806.000
CT	109	5652	5534	5534.000
CT	108	5401	5257	5257.000
CT	107	5341	5197	5197.000
CT	106	4897	4753	4753.000
CT	105	4862	4711	4711.000
CT	104	4568	4407	4407.000
CT	103	4377	4216	4216.000
CT	102	4282	4117	4117.000
CT	101	4261	4105	4105.000
CT	100	3967	3784	3784.000
CT	99	3792	3659	3659.000
CT	98	3480	3337	3337.000
CT	97	3349	3212	3212.000
CT	96	3241	3104	3104.000
CT	95	3200	3057	3057.000
CT	94	2831	2723	2723.000
CT	93	2842	2723	2723.000
CT	92	2908	2728	2728.000
CT	91	2675	2517	2517.000
CT	90	2502	2371	2371.000
CT	89	2403	2266	2266.000
CT	88	2400	2270	2270.000
CT	87	2188	2102	2102.000
CT	86	2101	2012	2012.000
CT	85	1991	1865	1865.000
CT	84	1851	1757	1757.000
CT	83	1720	1629	1629.000
CT	82	1600	1533	1533.000
CT	81	1477	1415	1415.000
CT	80	1383	1335	1335.000
CT	79	1354	1305	1305.000
CT	78	1308	1246	1246.000
CT	77	1181	1137	1137.000
CT	76	1181	1114	1114.000
CT	75	1037	996	996.000
CT	74	996	932	932.000
CT	73	983	923	923.000
CT	72	866	822	822.000
CT	71	805	757	757.000
CT	70	819	764	764.000
CT	69	709	648	648.000
CT	68	731	672	672.000
CT	67	665	611	611.000
CT	66	631	583	583.000
CT	65	566	546	546.000
CT	64	554	504	504.000
CT	63	565	496	496.000
CT	62	540	460	460.000
CT	61	506	438	438.000
CT	60	490	398	398.000
CT	59	431	363	363.000
CT	58	525	438	438.000
CT	57	497	412	412.000
CT	56	407	334	334.000
CT	55	412	337	337.000
CT	54	476	404	404.000
CT	53	405	332	332.000
CT	52	467	388	388.000
CT	51	418	310	310.000
CT	50	434	324	324.000
CT	49	425	301	301.000
CT	48	398	228	228.000
CT	47	453	259	259.000
CT	46	448	262	262.000
CT	45	488	274	274.000
CT	44	492	254	254.000
CT	43	462	182	182.000
CT	42	475	203	203.000
CT	41	452	164	164.000
CT	40	557	175	175.000
CT	39	606	146	146.000
CT	38	763	177	177.000
CT	37	833	188	188.000
CT	36	884	235	235.000
CT	35	1063	209	209.000
CT	34	1165	213	213.000
CT	33	1213	224	224.000
CT	32	1427	153	153.000
CT	31	1742	136	136.000
CT	30	1893	129	129.000
CT	29	2256	98	98.000
CT	28	2700	100	100.000
CT	27	3316	102	101.999
CT	26	3508	139	138.999
CT	25	4260	89	88.999
CT	24	5064	144	143.999
CT	23	5957	183	182.999
CT	22	7015	194	193.999
CT	21	8462	195	194.998
CT	20	9585	136	135.998
CT	19	11820	142	141.998
CT	18	14018	110	109.997
CT	17	17488	117	116.997
CT	16	20923	139	138.996
CT	15	24577	143	142.995
CT	14	31334	94	93.994
CT	13	38066	105	104.993
CT	12	49156	114	113.991
CT	11	62243	138	137.988
CT	10	80332	105	104.985
CT	9	107000	69	68.980
CT	8	149284	69	68.972
CT	7	218794	99	98.959
CT	6	346674	67	66.936
CT	5	613551	62	61.886
CT	4	1281857	32	31.762
CT	3	3484830	9	8.352
CT	2	13450605	5	2.500
CT	1	0	0	0.491
CT	0	0	2415	0.075
FR	0	3.75e-07
ER	5875675	2418.167
CV	0.990
QV	48.774	48.768
