HS	1023	0	5193	5193
HS	1022	0	0	5193
HS	1021	0	1	5194
HS	1020	0	1	5195
HS	1019	0	1	5196
HS	1018	0	1	5197
HS	1017	0	1	5198
HS	1016	0	0	5198
HS	1015	0	0	5198
HS	1014	0	0	5198
HS	1013	0	2	5200
HS	1012	0	2	5202
HS	1011	0	2	5204
HS	1010	0	0	5204
HS	1009	0	1	5205
HS	1008	0	3	5208
HS	1007	0	2	5210
HS	1006	0	4	5214
HS	1005	0	1	5215
HS	1004	0	1	5216
HS	1003	0	0	5216
HS	1002	0	1	5217
HS	1001	0	1	5218
HS	1000	0	2	5220
HS	999	0	4	5224
HS	998	0	2	5226
HS	997	0	0	5226
HS	996	0	1	5227
HS	995	0	1	5228
HS	994	0	1	5229
HS	993	0	2	5231
HS	992	0	4	5235
HS	991	0	2	5237
HS	990	0	2	5239
HS	989	0	1	5240
HS	988	0	1	5241
HS	987	0	8	5249
HS	986	0	4	5253
HS	985	0	5	5258
HS	984	0	4	5262
HS	983	0	3	5265
HS	982	0	6	5271
HS	981	0	3	5274
HS	980	0	1	5275
HS	979	0	2	5277
HS	978	0	7	5284
HS	977	0	4	5288
HS	976	0	4	5292
HS	975	0	1	5293
HS	974	0	4	5297
HS	973	0	1	5298
HS	972	0	5	5303
HS	971	0	2	5305
HS	970	0	4	5309
HS	969	0	4	5313
HS	968	0	2	5315
HS	967	0	0	5315
HS	966	0	0	5315
HS	965	0	2	5317
HS	964	0	0	5317
HS	963	0	2	5319
HS	962	0	2	5321
HS	961	0	5	5326
HS	960	0	1	5327
HS	959	0	1	5328
HS	958	0	6	5334
HS	957	0	2	5336
HS	956	0	2	5338
HS	955	0	6	5344
HS	954	0	2	5346
HS	953	0	0	5346
HS	952	0	2	5348
HS	951	0	5	5353
HS	950	0	1	5354
HS	949	0	1	5355
HS	948	0	3	5358
HS	947	0	2	5360
HS	946	0	2	5362
HS	945	0	2	5364
HS	944	0	5	5369
HS	943	0	2	5371
HS	942	0	1	5372
HS	941	0	1	5373
HS	940	0	1	5374
HS	939	0	3	5377
HS	938	0	5	5382
HS	937	0	6	5388
HS	936	0	0	5388
HS	935	0	3	5391
HS	934	0	2	5393
HS	933	0	3	5396
HS	932	0	1	5397
HS	931	0	2	5399
HS	930	0	5	5404
HS	929	0	5	5409
HS	928	0	5	5414
HS	927	0	2	5416
HS	926	0	3	5419
HS	925	0	6	5425
HS	924	0	3	5428
HS	923	0	5	5433
HS	922	0	1	5434
HS	921	0	3	5437
HS	920	0	3	5440
HS	919	0	3	5443
HS	918	0	3	5446
HS	917	0	5	5451
HS	916	0	2	5453
HS	915	0	8	5461
HS	914	0	7	5468
HS	913	0	4	5472
HS	912	0	1	5473
HS	911	0	4	5477
HS	910	0	1	5478
HS	909	0	1	5479
HS	908	0	0	5479
HS	907	0	4	5483
HS	906	0	1	5484
HS	905	0	1	5485
HS	904	0	4	5489
HS	903	0	0	5489
HS	902	0	1	5490
HS	901	0	2	5492
HS	900	0	3	5495
HS	899	0	2	5497
HS	898	0	6	5503
HS	897	0	1	5504
HS	896	0	3	5507
HS	895	0	3	5510
HS	894	0	2	5512
HS	893	0	1	5513
HS	892	0	3	5516
HS	891	0	2	5518
HS	890	0	2	5520
HS	889	0	4	5524
HS	888	0	2	5526
HS	887	0	1	5527
HS	886	0	1	5528
HS	885	0	2	5530
HS	884	0	6	5536
HS	883	0	4	5540
HS	882	0	2	5542
HS	881	0	5	5547
HS	880	0	2	5549
HS	879	0	0	5549
HS	878	0	3	5552
HS	877	0	2	5554
HS	876	0	3	5557
HS	875	0	3	5560
HS	874	0	3	5563
HS	873	0	3	5566
HS	872	0	9	5575
HS	871	0	3	5578
HS	870	0	2	5580
HS	869	0	1	5581
HS	868	0	2	5583
HS	867	0	2	5585
HS	866	0	1	5586
HS	865	0	5	5591
HS	864	0	4	5595
HS	863	0	4	5599
HS	862	0	4	5603
HS	861	0	4	5607
HS	860	0	2	5609
HS	859	0	4	5613
HS	858	0	6	5619
HS	857	0	0	5619
HS	856	0	3	5622
HS	855	0	4	5626
HS	854	0	9	5635
HS	853	0	1	5636
HS	852	0	8	5644
HS	851	0	6	5650
HS	850	0	4	5654
HS	849	0	6	5660
HS	848	0	4	5664
HS	847	0	10	5674
HS	846	0	4	5678
HS	845	0	2	5680
HS	844	0	3	5683
HS	843	0	9	5692
HS	842	0	3	5695
HS	841	0	3	5698
HS	840	0	7	5705
HS	839	0	9	5714
HS	838	0	8	5722
HS	837	0	5	5727
HS	836	0	5	5732
HS	835	0	5	5737
HS	834	0	9	5746
HS	833	0	7	5753
HS	832	0	1	5754
HS	831	0	4	5758
HS	830	0	10	5768
HS	829	0	10	5778
HS	828	0	4	5782
HS	827	0	10	5792
HS	826	0	10	5802
HS	825	0	5	5807
HS	824	0	1	5808
HS	823	0	13	5821
HS	822	0	9	5830
HS	821	0	9	5839
HS	820	0	2	5841
HS	819	0	7	5848
HS	818	0	6	5854
HS	817	0	4	5858
HS	816	0	7	5865
HS	815	0	4	5869
HS	814	0	4	5873
HS	813	0	5	5878
HS	812	0	6	5884
HS	811	0	2	5886
HS	810	0	4	5890
HS	809	0	7	5897
HS	808	0	9	5906
HS	807	0	9	5915
HS	806	0	8	5923
HS	805	0	5	5928
HS	804	0	6	5934
HS	803	0	5	5939
HS	802	0	8	5947
HS	801	0	5	5952
HS	800	0	5	5957
HS	799	0	2	5959
HS	798	0	6	5965
HS	797	0	3	5968
HS	796	0	7	5975
HS	795	0	2	5977
HS	794	0	11	5988
HS	793	0	1	5989
HS	792	0	3	5992
HS	791	0	3	5995
HS	790	0	7	6002
HS	789	0	2	6004
HS	788	0	4	6008
HS	787	0	7	6015
HS	786	0	2	6017
HS	785	0	2	6019
HS	784	0	4	6023
HS	783	0	7	6030
HS	782	0	9	6039
HS	781	0	10	6049
HS	780	0	4	6053
HS	779	0	7	6060
HS	778	0	10	6070
HS	777	0	5	6075
HS	776	0	7	6082
HS	775	0	8	6090
HS	774	0	10	6100
HS	773	0	8	6108
HS	772	0	10	6118
HS	771	0	14	6132
HS	770	0	17	6149
HS	769	0	16	6165
HS	768	0	10	6175
HS	767	0	7	6182
HS	766	0	12	6194
HS	765	0	12	6206
HS	764	0	12	6218
HS	763	0	9	6227
HS	762	0	11	6238
HS	761	0	12	6250
HS	760	0	14	6264
HS	759	0	9	6273
HS	758	0	12	6285
HS	757	0	11	6296
HS	756	0	10	6306
HS	755	0	9	6315
HS	754	0	13	6328
HS	753	0	6	6334
HS	752	0	6	6340
HS	751	0	9	6349
HS	750	0	7	6356
HS	749	0	8	6364
HS	748	0	3	6367
HS	747	0	8	6375
HS	746	0	14	6389
HS	745	0	11	6400
HS	744	0	7	6407
HS	743	0	14	6421
HS	742	0	5	6426
HS	741	0	8	6434
HS	740	0	5	6439
HS	739	0	8	6447
HS	738	0	8	6455
HS	737	0	10	6465
HS	736	0	9	6474
HS	735	0	12	6486
HS	734	0	9	6495
HS	733	0	16	6511
HS	732	0	15	6526
HS	731	0	14	6540
HS	730	0	15	6555
HS	729	0	10	6565
HS	728	0	9	6574
HS	727	0	11	6585
HS	726	0	10	6595
HS	725	0	11	6606
HS	724	0	10	6616
HS	723	0	15	6631
HS	722	0	14	6645
HS	721	0	16	6661
HS	720	0	14	6675
HS	719	0	12	6687
HS	718	0	12	6699
HS	717	0	16	6715
HS	716	0	16	6731
HS	715	0	18	6749
HS	714	0	18	6767
HS	713	0	20	6787
HS	712	0	15	6802
HS	711	0	6	6808
HS	710	0	14	6822
HS	709	0	14	6836
HS	708	0	18	6854
HS	707	0	7	6861
HS	706	0	20	6881
HS	705	0	19	6900
HS	704	0	10	6910
HS	703	0	11	6921
HS	702	0	19	6940
HS	701	0	12	6952
HS	700	0	16	6968
HS	699	0	14	6982
HS	698	0	13	6995
HS	697	0	14	7009
HS	696	0	17	7026
HS	695	0	12	7038
HS	694	0	10	7048
HS	693	0	9	7057
HS	692	0	12	7069
HS	691	0	10	7079
HS	690	0	15	7094
HS	689	0	15	7109
HS	688	0	13	7122
HS	687	0	14	7136
HS	686	0	15	7151
HS	685	0	5	7156
HS	684	0	18	7174
HS	683	0	13	7187
HS	682	0	8	7195
HS	681	0	15	7210
HS	680	0	23	7233
HS	679	0	22	7255
HS	678	0	15	7270
HS	677	0	21	7291
HS	676	0	30	7321
HS	675	0	25	7346
HS	674	0	23	7369
HS	673	0	20	7389
HS	672	0	26	7415
HS	671	0	28	7443
HS	670	0	21	7464
HS	669	0	21	7485
HS	668	0	24	7509
HS	667	0	26	7535
HS	666	0	17	7552
HS	665	0	19	7571
HS	664	0	27	7598
HS	663	0	23	7621
HS	662	0	26	7647
HS	661	0	23	7670
HS	660	0	19	7689
HS	659	0	25	7714
HS	658	0	13	7727
HS	657	0	20	7747
HS	656	0	13	7760
HS	655	0	21	7781
HS	654	0	21	7802
HS	653	0	12	7814
HS	652	0	16	7830
HS	651	0	19	7849
HS	650	0	24	7873
HS	649	0	25	7898
HS	648	0	24	7922
HS	647	0	23	7945
HS	646	0	30	7975
HS	645	0	17	7992
HS	644	0	29	8021
HS	643	0	25	8046
HS	642	0	28	8074
HS	641	0	22	8096
HS	640	0	22	8118
HS	639	0	27	8145
HS	638	0	22	8167
HS	637	0	28	8195
HS	636	0	31	8226
HS	635	0	20	8246
HS	634	0	31	8277
HS	633	0	28	8305
HS	632	0	36	8341
HS	631	0	36	8377
HS	630	0	34	8411
HS	629	0	40	8451
HS	628	0	31	8482
HS	627	0	39	8521
HS	626	0	35	8556
HS	625	0	34	8590
HS	624	0	44	8634
HS	623	0	31	8665
HS	622	0	37	8702
HS	621	0	38	8740
HS	620	0	39	8779
HS	619	0	29	8808
HS	618	0	41	8849
HS	617	0	40	8889
HS	616	0	52	8941
HS	615	0	44	8985
HS	614	0	45	9030
HS	613	0	45	9075
HS	612	0	52	9127
HS	611	0	50	9177
HS	610	0	45	9222
HS	609	0	41	9263
HS	608	0	52	9315
HS	607	0	46	9361
HS	606	0	28	9389
HS	605	0	37	9426
HS	604	0	36	9462
HS	603	0	32	9494
HS	602	0	30	9524
HS	601	0	48	9572
HS	600	0	49	9621
HS	599	0	54	9675
HS	598	0	36	9711
HS	597	0	48	9759
HS	596	0	38	9797
HS	595	0	43	9840
HS	594	0	49	9889
HS	593	0	41	9930
HS	592	0	43	9973
HS	591	0	56	10029
HS	590	0	58	10087
HS	589	0	46	10133
HS	588	0	49	10182
HS	587	0	46	10228
HS	586	0	57	10285
HS	585	0	51	10336
HS	584	0	53	10389
HS	583	0	52	10441
HS	582	0	53	10494
HS	581	0	51	10545
HS	580	0	64	10609
HS	579	0	55	10664
HS	578	0	67	10731
HS	577	0	66	10797
HS	576	0	44	10841
HS	575	0	52	10893
HS	574	0	48	10941
HS	573	0	47	10988
HS	572	0	47	11035
HS	571	0	63	11098
HS	570	0	50	11148
HS	569	0	48	11196
HS	568	0	48	11244
HS	567	0	51	11295
HS	566	0	52	11347
HS	565	0	39	11386
HS	564	0	48	11434
HS	563	0	49	11483
HS	562	0	48	11531
HS	561	0	39	11570
HS	560	0	54	11624
HS	559	0	42	11666
HS	558	0	41	11707
HS	557	0	42	11749
HS	556	0	39	11788
HS	555	0	52	11840
HS	554	0	40	11880
HS	553	0	52	11932
HS	552	0	61	11993
HS	551	0	58	12051
HS	550	0	59	12110
HS	549	0	56	12166
HS	548	0	68	12234
HS	547	0	58	12292
HS	546	0	63	12355
HS	545	0	54	12409
HS	544	0	66	12475
HS	543	0	72	12547
HS	542	0	76	12623
HS	541	0	57	12680
HS	540	0	74	12754
HS	539	0	75	12829
HS	538	0	78	12907
HS	537	0	78	12985
HS	536	0	70	13055
HS	535	0	82	13137
HS	534	0	66	13203
HS	533	0	83	13286
HS	532	0	80	13366
HS	531	0	81	13447
HS	530	0	87	13534
HS	529	0	100	13634
HS	528	0	81	13715
HS	527	0	95	13810
HS	526	0	101	13911
HS	525	0	95	14006
HS	524	0	101	14107
HS	523	0	115	14222
HS	522	0	113	14335
HS	521	0	100	14435
HS	520	0	101	14536
HS	519	0	114	14650
HS	518	0	104	14754
HS	517	0	88	14842
HS	516	0	103	14945
HS	515	0	112	15057
HS	514	0	104	15161
HS	513	0	128	15289
HS	512	0	121	15410
HS	511	0	108	15518
HS	510	0	103	15621
HS	509	0	120	15741
HS	508	0	138	15879
HS	507	0	122	16001
HS	506	0	126	16127
HS	505	0	125	16252
HS	504	0	141	16393
HS	503	0	128	16521
HS	502	0	123	16644
HS	501	0	141	16785
HS	500	0	136	16921
HS	499	0	158	17079
HS	498	0	124	17203
HS	497	0	145	17348
HS	496	0	136	17484
HS	495	0	140	17624
HS	494	0	147	17771
HS	493	0	149	17920
HS	492	0	146	18066
HS	491	0	160	18226
HS	490	0	171	18397
HS	489	0	154	18551
HS	488	0	152	18703
HS	487	0	179	18882
HS	486	0	189	19071
HS	485	0	162	19233
HS	484	0	178	19411
HS	483	0	178	19589
HS	482	0	209	19798
HS	481	0	215	20013
HS	480	0	217	20230
HS	479	0	207	20437
HS	478	0	228	20665
HS	477	0	252	20917
HS	476	0	261	21178
HS	475	0	271	21449
HS	474	0	281	21730
HS	473	0	292	22022
HS	472	0	309	22331
HS	471	0	297	22628
HS	470	0	294	22922
HS	469	0	272	23194
HS	468	0	285	23479
HS	467	0	298	23777
HS	466	0	303	24080
HS	465	0	306	24386
HS	464	0	303	24689
HS	463	0	302	24991
HS	462	0	303	25294
HS	461	0	339	25633
HS	460	0	320	25953
HS	459	0	331	26284
HS	458	0	353	26637
HS	457	0	381	27018
HS	456	0	387	27405
HS	455	0	379	27784
HS	454	0	408	28192
HS	453	0	400	28592
HS	452	0	447	29039
HS	451	0	495	29534
HS	450	0	471	30005
HS	449	0	492	30497
HS	448	0	436	30933
HS	447	0	447	31380
HS	446	0	473	31853
HS	445	0	506	32359
HS	444	0	477	32836
HS	443	0	562	33398
HS	442	0	523	33921
HS	441	0	591	34512
HS	440	0	550	35062
HS	439	0	528	35590
HS	438	0	667	36257
HS	437	0	597	36854
HS	436	0	633	37487
HS	435	0	675	38162
HS	434	0	675	38837
HS	433	0	778	39615
HS	432	0	750	40365
HS	431	0	747	41112
HS	430	0	794	41906
HS	429	0	810	42716
HS	428	0	848	43564
HS	427	0	849	44413
HS	426	0	849	45262
HS	425	0	866	46128
HS	424	0	876	47004
HS	423	0	947	47951
HS	422	0	928	48879
HS	421	0	958	49837
HS	420	0	1023	50860
HS	419	0	975	51835
HS	418	0	1033	52868
HS	417	0	1059	53927
HS	416	0	1117	55044
HS	415	0	1162	56206
HS	414	0	1247	57453
HS	413	0	1225	58678
HS	412	0	1239	59917
HS	411	0	1302	61219
HS	410	0	1245	62464
HS	409	0	1407	63871
HS	408	0	1386	65257
HS	407	0	1403	66660
HS	406	0	1463	68123
HS	405	0	1497	69620
HS	404	0	1498	71118
HS	403	0	1560	72678
HS	402	0	1600	74278
HS	401	0	1636	75914
HS	400	0	1684	77598
HS	399	0	1775	79373
HS	398	0	1745	81118
HS	397	0	1800	82918
HS	396	0	1815	84733
HS	395	0	1906	86639
HS	394	0	1911	88550
HS	393	0	1993	90543
HS	392	0	2116	92659
HS	391	0	2131	94790
HS	390	0	2172	96962
HS	389	0	2166	99128
HS	388	0	2282	101410
HS	387	0	2352	103762
HS	386	0	2508	106270
HS	385	0	2527	108797
HS	384	0	2563	111360
HS	383	0	2618	113978
HS	382	0	2706	116684
HS	381	0	2932	119616
HS	380	0	2828	122444
HS	379	0	2934	125378
HS	378	0	3035	128413
HS	377	0	3089	131502
HS	376	0	3087	134589
HS	375	0	3182	137771
HS	374	0	3215	140986
HS	373	0	3187	144173
HS	372	0	3406	147579
HS	371	0	3400	150979
HS	370	0	3563	154542
HS	369	0	3548	158090
HS	368	0	3725	161815
HS	367	0	3746	165561
HS	366	0	3938	169499
HS	365	0	3923	173422
HS	364	0	4169	177591
HS	363	0	4213	181804
HS	362	0	4339	186143
HS	361	0	4417	190560
HS	360	0	4472	195032
HS	359	0	4600	199632
HS	358	0	4721	204353
HS	357	0	4832	209185
HS	356	0	4938	214123
HS	355	0	5216	219339
HS	354	0	5289	224628
HS	353	0	5454	230082
HS	352	0	5554	235636
HS	351	0	5810	241446
HS	350	0	5904	247350
HS	349	0	5948	253298
HS	348	0	6180	259478
HS	347	0	6371	265849
HS	346	0	6278	272127
HS	345	0	6506	278633
HS	344	0	6624	285257
HS	343	0	6987	292244
HS	342	0	7145	299389
HS	341	0	7201	306590
HS	340	0	7352	313942
HS	339	0	7497	321439
HS	338	0	7592	329031
HS	337	0	7873	336904
HS	336	0	7940	344844
HS	335	0	8303	353147
HS	334	0	8646	361793
HS	333	0	8551	370344
HS	332	0	8725	379069
HS	331	0	9034	388103
HS	330	0	9018	397121
HS	329	0	9304	406425
HS	328	0	9613	416038
HS	327	0	9757	425795
HS	326	0	10170	435965
HS	325	0	10206	446171
HS	324	0	10421	456592
HS	323	0	10378	466970
HS	322	0	10530	477500
HS	321	0	10810	488310
HS	320	0	11029	499339
HS	319	0	11208	510547
HS	318	0	11199	521746
HS	317	0	11499	533245
HS	316	0	11738	544983
HS	315	0	12044	557027
HS	314	0	12275	569302
HS	313	0	12172	581474
HS	312	0	12849	594323
HS	311	0	13020	607343
HS	310	0	13206	620549
HS	309	0	13328	633877
HS	308	0	13783	647660
HS	307	0	13840	661500
HS	306	0	14208	675708
HS	305	0	14613	690321
HS	304	0	14822	705143
HS	303	0	15055	720198
HS	302	0	15282	735480
HS	301	0	15536	751016
HS	300	0	15897	766913
HS	299	0	16248	783161
HS	298	0	16590	799751
HS	297	0	16904	816655
HS	296	0	17358	834013
HS	295	0	17360	851373
HS	294	0	17802	869175
HS	293	0	18222	887397
HS	292	0	18448	905845
HS	291	0	18784	924629
HS	290	0	19175	943804
HS	289	0	19349	963153
HS	288	0	20095	983248
HS	287	0	20281	1003529
HS	286	0	20077	1023606
HS	285	0	21039	1044645
HS	284	0	21064	1065709
HS	283	0	21560	1087269
HS	282	0	21980	1109249
HS	281	0	22066	1131315
HS	280	0	22422	1153737
HS	279	0	22779	1176516
HS	278	0	23206	1199722
HS	277	0	23589	1223311
HS	276	0	23672	1246983
HS	275	0	24001	1270984
HS	274	0	24173	1295157
HS	273	0	24246	1319403
HS	272	0	24719	1344122
HS	271	0	24821	1368943
HS	270	0	25122	1394065
HS	269	0	26155	1420220
HS	268	0	26234	1446454
HS	267	0	26165	1472619
HS	266	0	26131	1498750
HS	265	0	26777	1525527
HS	264	0	26636	1552163
HS	263	0	27519	1579682
HS	262	0	27597	1607279
HS	261	0	28084	1635363
HS	260	0	28547	1663910
HS	259	0	28641	1692551
HS	258	0	29074	1721625
HS	257	0	29055	1750680
HS	256	0	29489	1780169
HS	255	0	29636	1809805
HS	254	0	30056	1839861
HS	253	0	29987	1869848
HS	252	0	30614	1900462
HS	251	0	30934	1931396
HS	250	0	31408	1962804
HS	249	0	31533	1994337
HS	248	0	31695	2026032
HS	247	0	32222	2058254
HS	246	0	32432	2090686
HS	245	0	32587	2123273
HS	244	0	32815	2156088
HS	243	0	33161	2189249
HS	242	0	33061	2222310
HS	241	0	33559	2255869
HS	240	0	33691	2289560
HS	239	0	33957	2323517
HS	238	0	34281	2357798
HS	237	0	34197	2391995
HS	236	0	34317	2426312
HS	235	0	34441	2460753
HS	234	0	34479	2495232
HS	233	0	34499	2529731
HS	232	0	34895	2564626
HS	231	0	34814	2599440
HS	230	0	35124	2634564
HS	229	0	34910	2669474
HS	228	0	35430	2704904
HS	227	0	35731	2740635
HS	226	0	35900	2776535
HS	225	0	35937	2812472
HS	224	0	36142	2848614
HS	223	0	36249	2884863
HS	222	0	36492	2921355
HS	221	0	36157	2957512
HS	220	0	36251	2993763
HS	219	0	36275	3030038
HS	218	0	36684	3066722
HS	217	0	36581	3103303
HS	216	0	36312	3139615
HS	215	0	36826	3176441
HS	214	0	36758	3213199
HS	213	0	36950	3250149
HS	212	0	36720	3286869
HS	211	0	36526	3323395
HS	210	0	36934	3360329
HS	209	0	36446	3396775
HS	208	0	36344	3433119
HS	207	0	36755	3469874
HS	206	0	36944	3506818
HS	205	0	36751	3543569
HS	204	0	36522	3580091
HS	203	0	36475	3616566
HS	202	0	36673	3653239
HS	201	0	36203	3689442
HS	200	0	36435	3725877
HS	199	0	35978	3761855
HS	198	0	36230	3798085
HS	197	0	36028	3834113
HS	196	0	35925	3870038
HS	195	0	35980	3906018
HS	194	0	35839	3941857
HS	193	0	35549	3977406
HS	192	0	35522	4012928
HS	191	0	35502	4048430
HS	190	0	35227	4083657
HS	189	0	34949	4118606
HS	188	0	34888	4153494
HS	187	0	34138	4187632
HS	186	0	34213	4221845
HS	185	0	33904	4255749
HS	184	0	33798	4289547
HS	183	0	33801	4323348
HS	182	0	33681	4357029
HS	181	0	33577	4390606
HS	180	0	32637	4423243
HS	179	0	32327	4455570
HS	178	0	32129	4487699
HS	177	0	31898	4519597
HS	176	0	31453	4551050
HS	175	0	31427	4582477
HS	174	0	31045	4613522
HS	173	0	30804	4644326
HS	172	0	30417	4674743
HS	171	0	29699	4704442
HS	170	0	29471	4733913
HS	169	0	29121	4763034
HS	168	0	28608	4791642
HS	167	0	28309	4819951
HS	166	0	27813	4847764
HS	165	0	27817	4875581
HS	164	0	27096	4902677
HS	163	0	27177	4929854
HS	162	0	26278	4956132
HS	161	0	25742	4981874
HS	160	0	24984	5006858
HS	159	0	25030	5031888
HS	158	0	24794	5056682
HS	157	0	24439	5081121
HS	156	0	23767	5104888
HS	155	0	23724	5128612
HS	154	0	23154	5151766
HS	153	0	22636	5174402
HS	152	0	22159	5196561
HS	151	0	21594	5218155
HS	150	0	21043	5239198
HS	149	0	21043	5260241
HS	148	0	20240	5280481
HS	147	0	20258	5300739
HS	146	0	19746	5320485
HS	145	0	18703	5339188
HS	144	0	18526	5357714
HS	143	0	17824	5375538
HS	142	0	17586	5393124
HS	141	0	17007	5410131
HS	140	0	17125	5427256
HS	139	0	16483	5443739
HS	138	0	15712	5459451
HS	137	0	15468	5474919
HS	136	0	15108	5490027
HS	135	0	14654	5504681
HS	134	0	14085	5518766
HS	133	0	13630	5532396
HS	132	0	13148	5545544
HS	131	0	12530	5558074
HS	130	0	12198	5570272
HS	129	0	11830	5582102
HS	128	0	11588	5593690
HS	127	0	11135	5604825
HS	126	0	10659	5615484
HS	125	0	10169	5625653
HS	124	0	9809	5635462
HS	123	0	9575	5645037
HS	122	0	9323	5654360
HS	121	0	9004	5663364
HS	120	0	8709	5672073
HS	119	0	8302	5680375
HS	118	0	8094	5688469
HS	117	0	7639	5696108
HS	116	0	7334	5703442
HS	115	0	7171	5710613
HS	114	0	7007	5717620
HS	113	0	6612	5724232
HS	112	0	6403	5730635
HS	111	0	6220	5736855
HS	110	0	5951	5742806
HS	109	0	5652	5748458
HS	108	0	5401	5753859
HS	107	0	5341	5759200
HS	106	0	4897	5764097
HS	105	0	4862	5768959
HS	104	0	4568	5773527
HS	103	0	4377	5777904
HS	102	0	4282	5782186
HS	101	0	4261	5786447
HS	100	0	3967	5790414
HS	99	0	3792	5794206
HS	98	0	3480	5797686
HS	97	0	3349	5801035
HS	96	0	3241	5804276
HS	95	0	3200	5807476
HS	94	0	2831	5810307
HS	93	0	2842	5813149
HS	92	0	2908	5816057
HS	91	0	2675	5818732
HS	90	0	2502	5821234
HS	89	0	2403	5823637
HS	88	0	2400	5826037
HS	87	0	2188	5828225
HS	86	0	2101	5830326
HS	85	0	1991	5832317
HS	84	0	1851	5834168
HS	83	0	1720	5835888
HS	82	0	1600	5837488
HS	81	0	1477	5838965
HS	80	0	1383	5840348
HS	79	0	1354	5841702
HS	78	0	1308	5843010
HS	77	0	1181	5844191
HS	76	0	1181	5845372
HS	75	0	1037	5846409
HS	74	0	996	5847405
HS	73	0	983	5848388
HS	72	0	866	5849254
HS	71	0	805	5850059
HS	70	0	819	5850878
HS	69	0	709	5851587
HS	68	0	731	5852318
HS	67	0	665	5852983
HS	66	0	631	5853614
HS	65	0	566	5854180
HS	64	0	554	5854734
HS	63	0	565	5855299
HS	62	0	540	5855839
HS	61	0	506	5856345
HS	60	0	490	5856835
HS	59	0	431	5857266
HS	58	0	525	5857791
HS	57	0	497	5858288
HS	56	0	407	5858695
HS	55	0	412	5859107
HS	54	0	476	5859583
HS	53	0	405	5859988
HS	52	0	467	5860455
HS	51	0	418	5860873
HS	50	0	434	5861307
HS	49	0	425	5861732
HS	48	0	398	5862130
HS	47	0	453	5862583
HS	46	0	448	5863031
HS	45	0	488	5863519
HS	44	0	492	5864011
HS	43	0	462	5864473
HS	42	0	475	5864948
HS	41	0	452	5865400
HS	40	0	557	5865957
HS	39	0	606	5866563
HS	38	0	763	5867326
HS	37	0	833	5868159
HS	36	0	884	5869043
HS	35	0	1063	5870106
HS	34	0	1165	5871271
HS	33	0	1213	5872484
HS	32	0	1427	5873911
HS	31	0	1742	5875653
HS	30	0	1893	5877546
HS	29	0	2256	5879802
HS	28	0	2700	5882502
HS	27	0	3316	5885818
HS	26	0	3508	5889326
HS	25	0	4260	5893586
HS	24	0	5064	5898650
HS	23	0	5957	5904607
HS	22	0	7015	5911622
HS	21	0	8462	5920084
HS	20	0	9585	5929669
HS	19	0	11820	5941489
HS	18	0	14018	5955507
HS	17	0	17488	5972995
HS	16	0	20923	5993918
HS	15	0	24577	6018495
HS	14	0	31334	6049829
HS	13	0	38066	6087895
HS	12	0	49156	6137051
HS	11	0	62243	6199294
HS	10	0	80332	6279626
HS	9	0	107000	6386626
HS	8	0	149284	6535910
HS	7	0	218794	6754704
HS	6	0	346674	7101378
HS	5	0	613551	7714929
HS	4	0	1281857	8996786
HS	3	0	3484830	12481616
HS	2	0	13450605	25932221
HS	1	0	0	25932221
HS	0	0	0	25932221
