CC	CT  kmer_occurrence    short_read_kmer_count  raw_input_kmer_count  adjusted_input_kmer_count
CC	FR  fpr_lower_bound    fpr_upper_bound
CC	ER  total_input_kmers  adjusted_error_kmers
CC	CV  coverage
CC	QV  raw_quality_value  adjusted_quality_value
CC
SQ	CP126102.1	5004067	5004037	5004016	68.68
CT	1023	5520	64383	64383.000
CT	1022	0	0	0.000
CT	1021	2	21	21.000
CT	1020	0	0	0.000
CT	1019	1	9	9.000
CT	1018	0	0	0.000
CT	1017	3	25	25.000
CT	1016	0	0	0.000
CT	1015	3	19	19.000
CT	1014	1	6	6.000
CT	1013	3	23	23.000
CT	1012	1	0	0.000
CT	1011	0	0	0.000
CT	1010	0	0	0.000
CT	1009	2	12	12.000
CT	1008	3	27	27.000
CT	1007	0	0	0.000
CT	1006	0	0	0.000
CT	1005	2	7	7.000
CT	1004	1	8	8.000
CT	1003	0	0	0.000
CT	1002	1	8	8.000
CT	1001	2	18	18.000
CT	1000	0	0	0.000
CT	999	3	27	27.000
CT	998	3	34	34.000
CT	997	4	29	29.000
CT	996	4	39	39.000
CT	995	4	41	41.000
CT	994	2	18	18.000
CT	993	3	24	24.000
CT	992	3	30	30.000
CT	991	1	0	0.000
CT	990	3	29	29.000
CT	989	2	11	11.000
CT	988	2	23	23.000
CT	987	3	14	14.000
CT	986	4	25	25.000
CT	985	1	11	11.000
CT	984	3	33	33.000
CT	983	4	43	43.000
CT	982	4	42	42.000
CT	981	1	9	9.000
CT	980	3	26	26.000
CT	979	3	23	23.000
CT	978	2	20	20.000
CT	977	3	20	20.000
CT	976	4	39	39.000
CT	975	1	9	9.000
CT	974	4	18	18.000
CT	973	1	9	9.000
CT	972	3	19	19.000
CT	971	5	37	37.000
CT	970	4	36	36.000
CT	969	3	25	25.000
CT	968	3	16	16.000
CT	967	4	29	29.000
CT	966	5	29	29.000
CT	965	5	44	44.000
CT	964	7	47	47.000
CT	963	4	19	19.000
CT	962	4	32	32.000
CT	961	4	38	38.000
CT	960	7	53	53.000
CT	959	3	19	19.000
CT	958	3	27	27.000
CT	957	1	9	9.000
CT	956	0	0	0.000
CT	955	3	9	9.000
CT	954	2	21	21.000
CT	953	1	10	10.000
CT	952	2	12	12.000
CT	951	1	10	10.000
CT	950	7	57	57.000
CT	949	0	0	0.000
CT	948	4	33	33.000
CT	947	3	19	19.000
CT	946	1	9	9.000
CT	945	4	25	25.000
CT	944	3	34	34.000
CT	943	5	39	39.000
CT	942	2	18	18.000
CT	941	0	0	0.000
CT	940	2	16	16.000
CT	939	2	15	15.000
CT	938	3	5	5.000
CT	937	1	6	6.000
CT	936	2	0	0.000
CT	935	6	41	41.000
CT	934	2	17	17.000
CT	933	2	15	15.000
CT	932	3	20	20.000
CT	931	2	19	19.000
CT	930	1	5	5.000
CT	929	3	27	27.000
CT	928	2	17	17.000
CT	927	4	18	18.000
CT	926	3	19	19.000
CT	925	2	11	11.000
CT	924	0	0	0.000
CT	923	3	23	23.000
CT	922	1	5	5.000
CT	921	1	9	9.000
CT	920	1	8	8.000
CT	919	4	27	27.000
CT	918	0	0	0.000
CT	917	4	24	24.000
CT	916	2	19	19.000
CT	915	0	0	0.000
CT	914	1	9	9.000
CT	913	2	16	16.000
CT	912	0	0	0.000
CT	911	2	8	8.000
CT	910	2	17	17.000
CT	909	2	18	18.000
CT	908	6	46	46.000
CT	907	3	29	29.000
CT	906	5	47	47.000
CT	905	1	12	12.000
CT	904	3	12	12.000
CT	903	2	12	12.000
CT	902	1	0	0.000
CT	901	2	12	12.000
CT	900	2	8	8.000
CT	899	5	10	10.000
CT	898	2	15	15.000
CT	897	2	17	17.000
CT	896	0	0	0.000
CT	895	3	23	23.000
CT	894	4	29	29.000
CT	893	2	0	0.000
CT	892	4	10	10.000
CT	891	6	48	48.000
CT	890	3	14	14.000
CT	889	9	67	67.000
CT	888	4	44	44.000
CT	887	6	47	47.000
CT	886	1	6	6.000
CT	885	1	6	6.000
CT	884	4	13	13.000
CT	883	3	21	21.000
CT	882	3	29	29.000
CT	881	6	38	38.000
CT	880	5	33	33.000
CT	879	3	19	19.000
CT	878	5	43	43.000
CT	877	4	29	29.000
CT	876	5	34	34.000
CT	875	3	15	15.000
CT	874	3	25	25.000
CT	873	4	22	22.000
CT	872	4	32	32.000
CT	871	3	17	17.000
CT	870	2	15	15.000
CT	869	4	29	29.000
CT	868	5	32	32.000
CT	867	6	38	38.000
CT	866	1	7	7.000
CT	865	3	24	24.000
CT	864	5	26	26.000
CT	863	8	54	54.000
CT	862	3	20	20.000
CT	861	3	22	22.000
CT	860	5	36	36.000
CT	859	3	21	21.000
CT	858	2	16	16.000
CT	857	3	23	23.000
CT	856	1	8	8.000
CT	855	0	0	0.000
CT	854	4	14	14.000
CT	853	1	0	0.000
CT	852	3	21	21.000
CT	851	2	6	6.000
CT	850	5	29	29.000
CT	849	4	19	19.000
CT	848	5	29	29.000
CT	847	3	13	13.000
CT	846	2	5	5.000
CT	845	3	20	20.000
CT	844	3	24	24.000
CT	843	1	8	8.000
CT	842	4	24	24.000
CT	841	3	23	23.000
CT	840	6	45	45.000
CT	839	10	45	45.000
CT	838	4	25	25.000
CT	837	6	27	27.000
CT	836	3	23	23.000
CT	835	4	24	24.000
CT	834	2	14	14.000
CT	833	1	6	6.000
CT	832	3	19	19.000
CT	831	6	38	38.000
CT	830	2	7	7.000
CT	829	2	6	6.000
CT	828	3	15	15.000
CT	827	5	30	30.000
CT	826	1	8	8.000
CT	825	4	13	13.000
CT	824	2	13	13.000
CT	823	3	7	7.000
CT	822	3	15	15.000
CT	821	2	7	7.000
CT	820	2	13	13.000
CT	819	3	6	6.000
CT	818	6	24	24.000
CT	817	2	0	0.000
CT	816	1	6	6.000
CT	815	3	13	13.000
CT	814	5	21	21.000
CT	813	2	0	0.000
CT	812	2	13	13.000
CT	811	4	20	20.000
CT	810	3	13	13.000
CT	809	1	6	6.000
CT	808	2	6	6.000
CT	807	0	0	0.000
CT	806	2	6	6.000
CT	805	4	18	18.000
CT	804	0	0	0.000
CT	803	0	0	0.000
CT	802	2	0	0.000
CT	801	2	0	0.000
CT	800	2	13	13.000
CT	799	1	7	7.000
CT	798	6	23	23.000
CT	797	3	13	13.000
CT	796	4	19	19.000
CT	795	3	20	20.000
CT	794	4	20	20.000
CT	793	2	7	7.000
CT	792	0	0	0.000
CT	791	4	13	13.000
CT	790	3	12	12.000
CT	789	0	0	0.000
CT	788	6	17	17.000
CT	787	2	12	12.000
CT	786	5	20	20.000
CT	785	3	12	12.000
CT	784	1	7	7.000
CT	783	2	6	6.000
CT	782	7	32	32.000
CT	781	2	6	6.000
CT	780	3	7	7.000
CT	779	5	30	30.000
CT	778	4	19	19.000
CT	777	2	12	12.000
CT	776	4	17	17.000
CT	775	0	0	0.000
CT	774	1	5	5.000
CT	773	3	6	6.000
CT	772	1	6	6.000
CT	771	3	13	13.000
CT	770	3	17	17.000
CT	769	1	5	5.000
CT	768	2	6	6.000
CT	767	0	0	0.000
CT	766	4	15	15.000
CT	765	1	0	0.000
CT	764	5	25	25.000
CT	763	4	19	19.000
CT	762	1	5	5.000
CT	761	2	13	13.000
CT	760	5	23	23.000
CT	759	2	15	15.000
CT	758	5	30	30.000
CT	757	5	24	24.000
CT	756	5	34	34.000
CT	755	3	21	21.000
CT	754	8	31	31.000
CT	753	5	20	20.000
CT	752	1	0	0.000
CT	751	1	8	8.000
CT	750	6	31	31.000
CT	749	6	20	20.000
CT	748	2	6	6.000
CT	747	3	8	8.000
CT	746	4	24	24.000
CT	745	0	0	0.000
CT	744	7	28	28.000
CT	743	6	32	32.000
CT	742	4	13	13.000
CT	741	6	35	35.000
CT	740	5	24	24.000
CT	739	5	25	25.000
CT	738	4	24	24.000
CT	737	1	7	7.000
CT	736	4	12	12.000
CT	735	2	12	12.000
CT	734	1	6	6.000
CT	733	2	13	13.000
CT	732	8	54	54.000
CT	731	5	31	31.000
CT	730	4	21	21.000
CT	729	4	25	25.000
CT	728	3	11	11.000
CT	727	7	31	31.000
CT	726	8	50	50.000
CT	725	3	20	20.000
CT	724	2	13	13.000
CT	723	7	23	23.000
CT	722	7	31	31.000
CT	721	3	17	17.000
CT	720	3	11	11.000
CT	719	2	6	6.000
CT	718	10	60	60.000
CT	717	3	6	6.000
CT	716	11	53	53.000
CT	715	5	25	25.000
CT	714	3	12	12.000
CT	713	3	16	16.000
CT	712	5	17	17.000
CT	711	6	22	22.000
CT	710	7	40	40.000
CT	709	4	15	15.000
CT	708	0	0	0.000
CT	707	6	17	17.000
CT	706	9	33	33.000
CT	705	3	11	11.000
CT	704	3	13	13.000
CT	703	4	24	24.000
CT	702	5	15	15.000
CT	701	9	60	60.000
CT	700	6	35	35.000
CT	699	4	15	15.000
CT	698	4	12	12.000
CT	697	5	11	11.000
CT	696	6	29	29.000
CT	695	7	30	30.000
CT	694	5	28	28.000
CT	693	6	42	42.000
CT	692	9	51	51.000
CT	691	5	38	38.000
CT	690	10	32	32.000
CT	689	4	27	27.000
CT	688	6	39	39.000
CT	687	3	14	14.000
CT	686	4	18	18.000
CT	685	1	7	7.000
CT	684	1	0	0.000
CT	683	5	38	38.000
CT	682	4	28	28.000
CT	681	8	38	38.000
CT	680	6	35	35.000
CT	679	3	4	4.000
CT	678	5	17	17.000
CT	677	5	34	34.000
CT	676	7	31	31.000
CT	675	4	17	17.000
CT	674	7	32	32.000
CT	673	4	23	23.000
CT	672	7	39	39.000
CT	671	11	53	53.000
CT	670	6	38	38.000
CT	669	7	37	37.000
CT	668	10	54	54.000
CT	667	9	67	67.000
CT	666	3	18	18.000
CT	665	12	65	65.000
CT	664	7	39	39.000
CT	663	8	38	38.000
CT	662	6	30	30.000
CT	661	16	63	63.000
CT	660	17	74	74.000
CT	659	5	16	16.000
CT	658	4	22	22.000
CT	657	11	58	58.000
CT	656	13	71	71.000
CT	655	5	24	24.000
CT	654	13	57	57.000
CT	653	5	29	29.000
CT	652	6	29	29.000
CT	651	8	41	41.000
CT	650	6	30	30.000
CT	649	13	57	57.000
CT	648	7	34	34.000
CT	647	7	35	35.000
CT	646	6	36	36.000
CT	645	8	34	34.000
CT	644	10	44	44.000
CT	643	10	40	40.000
CT	642	11	40	40.000
CT	641	8	44	44.000
CT	640	7	37	37.000
CT	639	10	35	35.000
CT	638	6	32	32.000
CT	637	7	27	27.000
CT	636	5	21	21.000
CT	635	7	29	29.000
CT	634	5	29	29.000
CT	633	7	28	28.000
CT	632	10	45	45.000
CT	631	7	19	19.000
CT	630	4	18	18.000
CT	629	6	28	28.000
CT	628	8	23	23.000
CT	627	8	36	36.000
CT	626	6	25	25.000
CT	625	4	21	21.000
CT	624	7	21	21.000
CT	623	8	26	26.000
CT	622	3	10	10.000
CT	621	4	20	20.000
CT	620	2	10	10.000
CT	619	5	23	23.000
CT	618	4	20	20.000
CT	617	5	15	15.000
CT	616	5	25	25.000
CT	615	2	4	4.000
CT	614	5	26	26.000
CT	613	6	22	22.000
CT	612	12	62	62.000
CT	611	5	16	16.000
CT	610	6	26	26.000
CT	609	10	50	50.000
CT	608	10	43	43.000
CT	607	7	29	29.000
CT	606	8	32	32.000
CT	605	6	31	31.000
CT	604	6	29	29.000
CT	603	6	32	32.000
CT	602	12	55	55.000
CT	601	8	36	36.000
CT	600	9	42	42.000
CT	599	4	21	21.000
CT	598	6	26	26.000
CT	597	13	47	47.000
CT	596	16	58	58.000
CT	595	10	37	37.000
CT	594	8	40	40.000
CT	593	11	42	42.000
CT	592	12	51	51.000
CT	591	12	50	50.000
CT	590	9	32	32.000
CT	589	12	44	44.000
CT	588	17	76	76.000
CT	587	6	20	20.000
CT	586	5	21	21.000
CT	585	9	29	29.000
CT	584	5	16	16.000
CT	583	7	12	12.000
CT	582	6	19	19.000
CT	581	6	19	19.000
CT	580	16	53	53.000
CT	579	4	8	8.000
CT	578	5	16	16.000
CT	577	6	24	24.000
CT	576	9	29	29.000
CT	575	8	23	23.000
CT	574	16	60	60.000
CT	573	13	60	60.000
CT	572	18	56	56.000
CT	571	11	39	39.000
CT	570	17	72	72.000
CT	569	7	25	25.000
CT	568	13	47	47.000
CT	567	15	55	55.000
CT	566	11	42	42.000
CT	565	15	48	48.000
CT	564	9	27	27.000
CT	563	14	51	51.000
CT	562	8	28	28.000
CT	561	6	17	17.000
CT	560	7	26	26.000
CT	559	6	23	23.000
CT	558	8	29	29.000
CT	557	13	43	43.000
CT	556	11	36	36.000
CT	555	13	32	32.000
CT	554	11	47	47.000
CT	553	12	40	40.000
CT	552	12	34	34.000
CT	551	12	36	36.000
CT	550	8	28	28.000
CT	549	10	42	42.000
CT	548	9	36	36.000
CT	547	12	48	48.000
CT	546	15	51	51.000
CT	545	14	46	46.000
CT	544	12	36	36.000
CT	543	8	20	20.000
CT	542	11	44	44.000
CT	541	13	39	39.000
CT	540	11	49	49.000
CT	539	7	19	19.000
CT	538	7	25	25.000
CT	537	6	13	13.000
CT	536	12	48	48.000
CT	535	8	31	31.000
CT	534	14	53	53.000
CT	533	12	41	41.000
CT	532	13	53	53.000
CT	531	14	40	40.000
CT	530	6	24	24.000
CT	529	11	39	39.000
CT	528	12	46	46.000
CT	527	9	29	29.000
CT	526	11	40	40.000
CT	525	15	58	58.000
CT	524	8	26	26.000
CT	523	10	34	34.000
CT	522	12	50	50.000
CT	521	15	59	59.000
CT	520	10	37	37.000
CT	519	21	77	77.000
CT	518	9	24	24.000
CT	517	14	42	42.000
CT	516	11	28	28.000
CT	515	9	29	29.000
CT	514	10	38	38.000
CT	513	11	43	43.000
CT	512	9	30	30.000
CT	511	4	13	13.000
CT	510	7	19	19.000
CT	509	10	37	37.000
CT	508	6	24	24.000
CT	507	12	39	39.000
CT	506	5	15	15.000
CT	505	6	15	15.000
CT	504	15	44	44.000
CT	503	11	35	35.000
CT	502	16	44	44.000
CT	501	9	32	32.000
CT	500	12	33	33.000
CT	499	5	13	13.000
CT	498	8	24	24.000
CT	497	11	32	32.000
CT	496	12	29	29.000
CT	495	14	42	42.000
CT	494	10	38	38.000
CT	493	13	32	32.000
CT	492	8	18	18.000
CT	491	9	28	28.000
CT	490	5	17	17.000
CT	489	12	40	40.000
CT	488	9	33	33.000
CT	487	9	32	32.000
CT	486	5	17	17.000
CT	485	9	20	20.000
CT	484	6	15	15.000
CT	483	6	20	20.000
CT	482	4	8	8.000
CT	481	16	45	45.000
CT	480	7	28	28.000
CT	479	12	34	34.000
CT	478	17	51	51.000
CT	477	10	35	35.000
CT	476	14	46	46.000
CT	475	8	26	26.000
CT	474	11	26	26.000
CT	473	10	27	27.000
CT	472	13	47	47.000
CT	471	17	59	59.000
CT	470	11	29	29.000
CT	469	14	34	34.000
CT	468	16	49	49.000
CT	467	16	44	44.000
CT	466	22	65	65.000
CT	465	10	25	25.000
CT	464	10	27	27.000
CT	463	13	18	18.000
CT	462	17	40	40.000
CT	461	19	56	56.000
CT	460	15	32	32.000
CT	459	11	24	24.000
CT	458	23	66	66.000
CT	457	12	21	21.000
CT	456	17	41	41.000
CT	455	13	40	40.000
CT	454	10	37	37.000
CT	453	18	47	47.000
CT	452	16	42	42.000
CT	451	14	39	39.000
CT	450	12	34	34.000
CT	449	9	19	19.000
CT	448	13	33	33.000
CT	447	13	35	35.000
CT	446	10	27	27.000
CT	445	12	30	30.000
CT	444	11	36	36.000
CT	443	5	16	16.000
CT	442	12	35	35.000
CT	441	12	34	34.000
CT	440	12	34	34.000
CT	439	20	41	41.000
CT	438	12	36	36.000
CT	437	11	29	29.000
CT	436	7	19	19.000
CT	435	17	48	48.000
CT	434	13	43	43.000
CT	433	18	57	57.000
CT	432	19	53	53.000
CT	431	17	54	54.000
CT	430	16	51	51.000
CT	429	17	58	58.000
CT	428	28	74	74.000
CT	427	31	100	100.000
CT	426	25	79	79.000
CT	425	23	72	72.000
CT	424	16	49	49.000
CT	423	21	48	48.000
CT	422	20	42	42.000
CT	421	25	84	84.000
CT	420	11	23	23.000
CT	419	17	42	42.000
CT	418	11	30	30.000
CT	417	15	35	35.000
CT	416	24	61	61.000
CT	415	21	60	60.000
CT	414	22	58	58.000
CT	413	19	37	37.000
CT	412	12	25	25.000
CT	411	14	30	30.000
CT	410	15	39	39.000
CT	409	15	32	32.000
CT	408	27	61	61.000
CT	407	26	62	62.000
CT	406	14	39	39.000
CT	405	19	42	42.000
CT	404	31	76	76.000
CT	403	23	57	57.000
CT	402	29	77	77.000
CT	401	24	61	61.000
CT	400	16	34	34.000
CT	399	21	43	43.000
CT	398	25	63	63.000
CT	397	16	42	42.000
CT	396	25	54	54.000
CT	395	20	45	45.000
CT	394	34	85	85.000
CT	393	24	49	49.000
CT	392	28	62	62.000
CT	391	37	95	95.000
CT	390	40	90	90.000
CT	389	49	123	123.000
CT	388	44	90	90.000
CT	387	31	64	64.000
CT	386	41	106	106.000
CT	385	43	100	100.000
CT	384	41	83	83.000
CT	383	31	54	54.000
CT	382	42	84	84.000
CT	381	37	75	75.000
CT	380	60	144	144.000
CT	379	46	85	85.000
CT	378	44	84	84.000
CT	377	56	82	82.000
CT	376	57	97	97.000
CT	375	34	52	52.000
CT	374	55	98	98.000
CT	373	51	91	91.000
CT	372	54	85	85.000
CT	371	44	86	86.000
CT	370	51	85	85.000
CT	369	51	91	91.000
CT	368	60	121	121.000
CT	367	72	138	138.000
CT	366	83	131	131.000
CT	365	68	130	130.000
CT	364	77	138	138.000
CT	363	80	146	146.000
CT	362	64	91	91.000
CT	361	63	102	102.000
CT	360	54	85	85.000
CT	359	73	118	118.000
CT	358	93	139	139.000
CT	357	90	137	137.000
CT	356	107	170	170.000
CT	355	87	119	119.000
CT	354	102	142	142.000
CT	353	102	158	158.000
CT	352	113	143	143.000
CT	351	100	125	125.000
CT	350	111	139	139.000
CT	349	111	146	146.000
CT	348	125	175	175.000
CT	347	145	178	178.000
CT	346	117	160	160.000
CT	345	148	180	180.000
CT	344	162	195	195.000
CT	343	152	205	205.000
CT	342	159	213	213.000
CT	341	161	178	178.000
CT	340	161	197	197.000
CT	339	197	231	231.000
CT	338	198	237	237.000
CT	337	202	239	239.000
CT	336	211	246	246.000
CT	335	228	272	272.000
CT	334	224	273	273.000
CT	333	233	280	280.000
CT	332	241	303	303.000
CT	331	281	327	327.000
CT	330	272	317	317.000
CT	329	296	333	333.000
CT	328	309	342	342.000
CT	327	302	363	363.000
CT	326	309	345	345.000
CT	325	349	372	372.000
CT	324	336	376	376.000
CT	323	378	407	407.000
CT	322	382	423	423.000
CT	321	425	477	477.000
CT	320	492	523	523.000
CT	319	464	486	486.000
CT	318	498	540	540.000
CT	317	518	556	556.000
CT	316	520	539	539.000
CT	315	542	566	566.000
CT	314	578	602	602.000
CT	313	571	616	616.000
CT	312	648	667	667.000
CT	311	664	690	690.000
CT	310	708	754	754.000
CT	309	753	791	791.000
CT	308	751	782	782.000
CT	307	783	812	812.000
CT	306	820	845	845.000
CT	305	833	869	869.000
CT	304	899	943	943.000
CT	303	931	961	961.000
CT	302	966	1012	1012.000
CT	301	1056	1082	1082.000
CT	300	1145	1177	1177.000
CT	299	1113	1142	1142.000
CT	298	1205	1224	1224.000
CT	297	1281	1290	1290.000
CT	296	1347	1380	1380.000
CT	295	1362	1382	1382.000
CT	294	1417	1431	1431.000
CT	293	1548	1579	1579.000
CT	292	1537	1550	1550.000
CT	291	1633	1650	1650.000
CT	290	1720	1755	1755.000
CT	289	1742	1753	1753.000
CT	288	1842	1859	1859.000
CT	287	1939	1964	1964.000
CT	286	2055	2078	2078.000
CT	285	2113	2143	2143.000
CT	284	2240	2262	2262.000
CT	283	2383	2397	2397.000
CT	282	2426	2453	2453.000
CT	281	2546	2575	2575.000
CT	280	2676	2698	2698.000
CT	279	2780	2809	2809.000
CT	278	2907	2926	2926.000
CT	277	2855	2872	2872.000
CT	276	2997	3016	3016.000
CT	275	3236	3250	3250.000
CT	274	3365	3391	3391.000
CT	273	3404	3422	3422.000
CT	272	3615	3638	3638.000
CT	271	3780	3798	3798.000
CT	270	3821	3848	3848.000
CT	269	4000	4030	4030.000
CT	268	4306	4340	4340.000
CT	267	4372	4418	4418.000
CT	266	4677	4708	4708.000
CT	265	4859	4889	4889.000
CT	264	5150	5185	5185.000
CT	263	5278	5313	5313.000
CT	262	5698	5715	5715.000
CT	261	5725	5761	5761.000
CT	260	6067	6100	6100.000
CT	259	6290	6330	6330.000
CT	258	6413	6444	6444.000
CT	257	6877	6909	6909.000
CT	256	7065	7120	7120.000
CT	255	7061	7103	7103.000
CT	254	7541	7590	7590.000
CT	253	7842	7889	7889.000
CT	252	8106	8180	8180.000
CT	251	8369	8418	8418.000
CT	250	8799	8879	8879.000
CT	249	8957	9017	9017.000
CT	248	9369	9436	9436.000
CT	247	9743	9816	9816.000
CT	246	10237	10298	10298.000
CT	245	10457	10513	10513.000
CT	244	11111	11174	11174.000
CT	243	11080	11144	11144.000
CT	242	11696	11747	11747.000
CT	241	11946	11987	11987.000
CT	240	12543	12612	12612.000
CT	239	13079	13129	13129.000
CT	238	13110	13162	13162.000
CT	237	13726	13799	13799.000
CT	236	14364	14439	14439.000
CT	235	14715	14764	14764.000
CT	234	14781	14831	14831.000
CT	233	15672	15729	15729.000
CT	232	16088	16132	16132.000
CT	231	16738	16781	16781.000
CT	230	17299	17341	17341.000
CT	229	17502	17536	17536.000
CT	228	17972	18024	18024.000
CT	227	18628	18665	18665.000
CT	226	19243	19283	19283.000
CT	225	19805	19851	19851.000
CT	224	20166	20205	20205.000
CT	223	20884	20909	20909.000
CT	222	20981	21016	21016.000
CT	221	21658	21691	21691.000
CT	220	22629	22665	22665.000
CT	219	22954	22992	22992.000
CT	218	23847	23873	23873.000
CT	217	24502	24530	24530.000
CT	216	24933	24964	24964.000
CT	215	25834	25852	25852.000
CT	214	26239	26270	26270.000
CT	213	27285	27311	27311.000
CT	212	27605	27645	27645.000
CT	211	28286	28313	28313.000
CT	210	29138	29192	29192.000
CT	209	29450	29500	29500.000
CT	208	30009	30038	30038.000
CT	207	30778	30818	30818.000
CT	206	31503	31553	31553.000
CT	205	32546	32578	32578.000
CT	204	32606	32629	32629.000
CT	203	33480	33514	33514.000
CT	202	34105	34134	34134.000
CT	201	35023	35063	35063.000
CT	200	35621	35663	35663.000
CT	199	36610	36647	36647.000
CT	198	37325	37360	37360.000
CT	197	37512	37550	37550.000
CT	196	38629	38661	38661.000
CT	195	38982	39010	39010.000
CT	194	39350	39369	39369.000
CT	193	40018	40071	40071.000
CT	192	40801	40821	40821.000
CT	191	41401	41433	41433.000
CT	190	42424	42463	42463.000
CT	189	42321	42371	42371.000
CT	188	43023	43052	43052.000
CT	187	43278	43313	43313.000
CT	186	43927	43959	43959.000
CT	185	44613	44647	44647.000
CT	184	44795	44835	44835.000
CT	183	45433	45458	45458.000
CT	182	45616	45643	45643.000
CT	181	46132	46171	46171.000
CT	180	46829	46864	46864.000
CT	179	46713	46746	46746.000
CT	178	47285	47310	47310.000
CT	177	47696	47718	47718.000
CT	176	48142	48164	48164.000
CT	175	48522	48541	48541.000
CT	174	49091	49127	49127.000
CT	173	49056	49075	49075.000
CT	172	49307	49326	49326.000
CT	171	49087	49097	49097.000
CT	170	49152	49158	49158.000
CT	169	49594	49598	49598.000
CT	168	50232	50235	50235.000
CT	167	50203	50214	50214.000
CT	166	50446	50453	50453.000
CT	165	50289	50302	50302.000
CT	164	50325	50327	50327.000
CT	163	50817	50818	50818.000
CT	162	50800	50802	50802.000
CT	161	50692	50698	50698.000
CT	160	50584	50597	50597.000
CT	159	50555	50569	50569.000
CT	158	49829	49832	49832.000
CT	157	49547	49541	49541.000
CT	156	48980	48973	48973.000
CT	155	48279	48278	48278.000
CT	154	48638	48632	48632.000
CT	153	47803	47792	47792.000
CT	152	47279	47275	47275.000
CT	151	46664	46665	46665.000
CT	150	46619	46616	46616.000
CT	149	45875	45877	45877.000
CT	148	44816	44807	44807.000
CT	147	44261	44257	44257.000
CT	146	43625	43615	43615.000
CT	145	42634	42626	42626.000
CT	144	41669	41660	41660.000
CT	143	41095	41092	41092.000
CT	142	40666	40669	40669.000
CT	141	39670	39669	39669.000
CT	140	38816	38815	38815.000
CT	139	37938	37940	37940.000
CT	138	37155	37159	37159.000
CT	137	36583	36578	36578.000
CT	136	35639	35635	35635.000
CT	135	34976	34976	34976.000
CT	134	34211	34207	34207.000
CT	133	33033	33021	33021.000
CT	132	31572	31555	31555.000
CT	131	30668	30667	30667.000
CT	130	29767	29759	29759.000
CT	129	29120	29121	29121.000
CT	128	27988	27987	27987.000
CT	127	26879	26873	26873.000
CT	126	26216	26200	26200.000
CT	125	24898	24889	24889.000
CT	124	24296	24280	24280.000
CT	123	22778	22766	22766.000
CT	122	21939	21927	21927.000
CT	121	21190	21175	21175.000
CT	120	20082	20061	20061.000
CT	119	19378	19349	19349.000
CT	118	18400	18375	18375.000
CT	117	17921	17879	17879.000
CT	116	16893	16873	16873.000
CT	115	16384	16366	16366.000
CT	114	15482	15453	15453.000
CT	113	14976	14955	14955.000
CT	112	14215	14194	14194.000
CT	111	13346	13319	13319.000
CT	110	12606	12581	12581.000
CT	109	11870	11853	11853.000
CT	108	11291	11264	11264.000
CT	107	10474	10447	10447.000
CT	106	9702	9677	9677.000
CT	105	9383	9359	9359.000
CT	104	8778	8742	8742.000
CT	103	8199	8156	8156.000
CT	102	7618	7592	7592.000
CT	101	7167	7144	7144.000
CT	100	6752	6734	6734.000
CT	99	6407	6382	6382.000
CT	98	5969	5939	5939.000
CT	97	5653	5630	5630.000
CT	96	5001	4983	4983.000
CT	95	4786	4771	4771.000
CT	94	4494	4474	4474.000
CT	93	4224	4205	4205.000
CT	92	3822	3801	3801.000
CT	91	3454	3433	3433.000
CT	90	3098	3074	3074.000
CT	89	3002	2965	2965.000
CT	88	2676	2655	2655.000
CT	87	2568	2529	2529.000
CT	86	2306	2277	2277.000
CT	85	2143	2125	2125.000
CT	84	2063	2029	2029.000
CT	83	1958	1941	1941.000
CT	82	1603	1578	1578.000
CT	81	1597	1560	1560.000
CT	80	1469	1435	1435.000
CT	79	1304	1269	1269.000
CT	78	1240	1218	1218.000
CT	77	1149	1130	1130.000
CT	76	1109	1081	1081.000
CT	75	948	917	917.000
CT	74	826	797	797.000
CT	73	789	753	753.000
CT	72	770	735	735.000
CT	71	690	665	665.000
CT	70	636	600	600.000
CT	69	589	546	546.000
CT	68	545	505	505.000
CT	67	498	450	450.000
CT	66	426	387	387.000
CT	65	435	386	386.000
CT	64	455	402	402.000
CT	63	456	420	420.000
CT	62	414	374	374.000
CT	61	388	334	334.000
CT	60	320	250	250.000
CT	59	287	244	244.000
CT	58	266	190	190.000
CT	57	259	202	202.000
CT	56	276	201	201.000
CT	55	211	145	145.000
CT	54	211	126	126.000
CT	53	165	96	96.000
CT	52	141	67	67.000
CT	51	145	65	65.000
CT	50	147	58	58.000
CT	49	146	55	55.000
CT	48	156	48	48.000
CT	47	163	51	51.000
CT	46	140	42	42.000
CT	45	147	27	27.000
CT	44	135	30	30.000
CT	43	124	25	25.000
CT	42	149	17	17.000
CT	41	130	21	21.000
CT	40	174	11	11.000
CT	39	172	8	8.000
CT	38	188	17	17.000
CT	37	198	9	9.000
CT	36	194	6	6.000
CT	35	212	2	2.000
CT	34	229	0	0.000
CT	33	247	0	0.000
CT	32	280	0	0.000
CT	31	282	0	0.000
CT	30	300	0	0.000
CT	29	344	0	0.000
CT	28	331	0	0.000
CT	27	401	0	0.000
CT	26	453	0	0.000
CT	25	506	0	0.000
CT	24	596	0	0.000
CT	23	664	0	0.000
CT	22	719	0	0.000
CT	21	842	0	0.000
CT	20	970	0	0.000
CT	19	1147	0	0.000
CT	18	1381	0	0.000
CT	17	1626	0	0.000
CT	16	1921	0	0.000
CT	15	2588	0	0.000
CT	14	3236	0	0.000
CT	13	3968	0	0.000
CT	12	5281	0	0.000
CT	11	7172	0	0.000
CT	10	9399	0	0.000
CT	9	13929	0	0.000
CT	8	21535	0	0.000
CT	7	35197	0	0.000
CT	6	69775	0	0.000
CT	5	155490	0	0.000
CT	4	411385	0	0.000
CT	3	1336523	0	0.000
CT	2	8184663	0	0.000
CT	1	0	0	-nan
CT	0	0	21	-nan
FR	0	0
ER	5004037	0.000
CV	1.000
QV	68.685	68.685
