HS	1023	0	5520	5520
HS	1022	0	0	5520
HS	1021	0	2	5522
HS	1020	0	0	5522
HS	1019	0	1	5523
HS	1018	0	0	5523
HS	1017	0	3	5526
HS	1016	0	0	5526
HS	1015	0	3	5529
HS	1014	0	1	5530
HS	1013	0	3	5533
HS	1012	0	1	5534
HS	1011	0	0	5534
HS	1010	0	0	5534
HS	1009	0	2	5536
HS	1008	0	3	5539
HS	1007	0	0	5539
HS	1006	0	0	5539
HS	1005	0	2	5541
HS	1004	0	1	5542
HS	1003	0	0	5542
HS	1002	0	1	5543
HS	1001	0	2	5545
HS	1000	0	0	5545
HS	999	0	3	5548
HS	998	0	3	5551
HS	997	0	4	5555
HS	996	0	4	5559
HS	995	0	4	5563
HS	994	0	2	5565
HS	993	0	3	5568
HS	992	0	3	5571
HS	991	0	1	5572
HS	990	0	3	5575
HS	989	0	2	5577
HS	988	0	2	5579
HS	987	0	3	5582
HS	986	0	4	5586
HS	985	0	1	5587
HS	984	0	3	5590
HS	983	0	4	5594
HS	982	0	4	5598
HS	981	0	1	5599
HS	980	0	3	5602
HS	979	0	3	5605
HS	978	0	2	5607
HS	977	0	3	5610
HS	976	0	4	5614
HS	975	0	1	5615
HS	974	0	4	5619
HS	973	0	1	5620
HS	972	0	3	5623
HS	971	0	5	5628
HS	970	0	4	5632
HS	969	0	3	5635
HS	968	0	3	5638
HS	967	0	4	5642
HS	966	0	5	5647
HS	965	0	5	5652
HS	964	0	7	5659
HS	963	0	4	5663
HS	962	0	4	5667
HS	961	0	4	5671
HS	960	0	7	5678
HS	959	0	3	5681
HS	958	0	3	5684
HS	957	0	1	5685
HS	956	0	0	5685
HS	955	0	3	5688
HS	954	0	2	5690
HS	953	0	1	5691
HS	952	0	2	5693
HS	951	0	1	5694
HS	950	0	7	5701
HS	949	0	0	5701
HS	948	0	4	5705
HS	947	0	3	5708
HS	946	0	1	5709
HS	945	0	4	5713
HS	944	0	3	5716
HS	943	0	5	5721
HS	942	0	2	5723
HS	941	0	0	5723
HS	940	0	2	5725
HS	939	0	2	5727
HS	938	0	3	5730
HS	937	0	1	5731
HS	936	0	2	5733
HS	935	0	6	5739
HS	934	0	2	5741
HS	933	0	2	5743
HS	932	0	3	5746
HS	931	0	2	5748
HS	930	0	1	5749
HS	929	0	3	5752
HS	928	0	2	5754
HS	927	0	4	5758
HS	926	0	3	5761
HS	925	0	2	5763
HS	924	0	0	5763
HS	923	0	3	5766
HS	922	0	1	5767
HS	921	0	1	5768
HS	920	0	1	5769
HS	919	0	4	5773
HS	918	0	0	5773
HS	917	0	4	5777
HS	916	0	2	5779
HS	915	0	0	5779
HS	914	0	1	5780
HS	913	0	2	5782
HS	912	0	0	5782
HS	911	0	2	5784
HS	910	0	2	5786
HS	909	0	2	5788
HS	908	0	6	5794
HS	907	0	3	5797
HS	906	0	5	5802
HS	905	0	1	5803
HS	904	0	3	5806
HS	903	0	2	5808
HS	902	0	1	5809
HS	901	0	2	5811
HS	900	0	2	5813
HS	899	0	5	5818
HS	898	0	2	5820
HS	897	0	2	5822
HS	896	0	0	5822
HS	895	0	3	5825
HS	894	0	4	5829
HS	893	0	2	5831
HS	892	0	4	5835
HS	891	0	6	5841
HS	890	0	3	5844
HS	889	0	9	5853
HS	888	0	4	5857
HS	887	0	6	5863
HS	886	0	1	5864
HS	885	0	1	5865
HS	884	0	4	5869
HS	883	0	3	5872
HS	882	0	3	5875
HS	881	0	6	5881
HS	880	0	5	5886
HS	879	0	3	5889
HS	878	0	5	5894
HS	877	0	4	5898
HS	876	0	5	5903
HS	875	0	3	5906
HS	874	0	3	5909
HS	873	0	4	5913
HS	872	0	4	5917
HS	871	0	3	5920
HS	870	0	2	5922
HS	869	0	4	5926
HS	868	0	5	5931
HS	867	0	6	5937
HS	866	0	1	5938
HS	865	0	3	5941
HS	864	0	5	5946
HS	863	0	8	5954
HS	862	0	3	5957
HS	861	0	3	5960
HS	860	0	5	5965
HS	859	0	3	5968
HS	858	0	2	5970
HS	857	0	3	5973
HS	856	0	1	5974
HS	855	0	0	5974
HS	854	0	4	5978
HS	853	0	1	5979
HS	852	0	3	5982
HS	851	0	2	5984
HS	850	0	5	5989
HS	849	0	4	5993
HS	848	0	5	5998
HS	847	0	3	6001
HS	846	0	2	6003
HS	845	0	3	6006
HS	844	0	3	6009
HS	843	0	1	6010
HS	842	0	4	6014
HS	841	0	3	6017
HS	840	0	6	6023
HS	839	0	10	6033
HS	838	0	4	6037
HS	837	0	6	6043
HS	836	0	3	6046
HS	835	0	4	6050
HS	834	0	2	6052
HS	833	0	1	6053
HS	832	0	3	6056
HS	831	0	6	6062
HS	830	0	2	6064
HS	829	0	2	6066
HS	828	0	3	6069
HS	827	0	5	6074
HS	826	0	1	6075
HS	825	0	4	6079
HS	824	0	2	6081
HS	823	0	3	6084
HS	822	0	3	6087
HS	821	0	2	6089
HS	820	0	2	6091
HS	819	0	3	6094
HS	818	0	6	6100
HS	817	0	2	6102
HS	816	0	1	6103
HS	815	0	3	6106
HS	814	0	5	6111
HS	813	0	2	6113
HS	812	0	2	6115
HS	811	0	4	6119
HS	810	0	3	6122
HS	809	0	1	6123
HS	808	0	2	6125
HS	807	0	0	6125
HS	806	0	2	6127
HS	805	0	4	6131
HS	804	0	0	6131
HS	803	0	0	6131
HS	802	0	2	6133
HS	801	0	2	6135
HS	800	0	2	6137
HS	799	0	1	6138
HS	798	0	6	6144
HS	797	0	3	6147
HS	796	0	4	6151
HS	795	0	3	6154
HS	794	0	4	6158
HS	793	0	2	6160
HS	792	0	0	6160
HS	791	0	4	6164
HS	790	0	3	6167
HS	789	0	0	6167
HS	788	0	6	6173
HS	787	0	2	6175
HS	786	0	5	6180
HS	785	0	3	6183
HS	784	0	1	6184
HS	783	0	2	6186
HS	782	0	7	6193
HS	781	0	2	6195
HS	780	0	3	6198
HS	779	0	5	6203
HS	778	0	4	6207
HS	777	0	2	6209
HS	776	0	4	6213
HS	775	0	0	6213
HS	774	0	1	6214
HS	773	0	3	6217
HS	772	0	1	6218
HS	771	0	3	6221
HS	770	0	3	6224
HS	769	0	1	6225
HS	768	0	2	6227
HS	767	0	0	6227
HS	766	0	4	6231
HS	765	0	1	6232
HS	764	0	5	6237
HS	763	0	4	6241
HS	762	0	1	6242
HS	761	0	2	6244
HS	760	0	5	6249
HS	759	0	2	6251
HS	758	0	5	6256
HS	757	0	5	6261
HS	756	0	5	6266
HS	755	0	3	6269
HS	754	0	8	6277
HS	753	0	5	6282
HS	752	0	1	6283
HS	751	0	1	6284
HS	750	0	6	6290
HS	749	0	6	6296
HS	748	0	2	6298
HS	747	0	3	6301
HS	746	0	4	6305
HS	745	0	0	6305
HS	744	0	7	6312
HS	743	0	6	6318
HS	742	0	4	6322
HS	741	0	6	6328
HS	740	0	5	6333
HS	739	0	5	6338
HS	738	0	4	6342
HS	737	0	1	6343
HS	736	0	4	6347
HS	735	0	2	6349
HS	734	0	1	6350
HS	733	0	2	6352
HS	732	0	8	6360
HS	731	0	5	6365
HS	730	0	4	6369
HS	729	0	4	6373
HS	728	0	3	6376
HS	727	0	7	6383
HS	726	0	8	6391
HS	725	0	3	6394
HS	724	0	2	6396
HS	723	0	7	6403
HS	722	0	7	6410
HS	721	0	3	6413
HS	720	0	3	6416
HS	719	0	2	6418
HS	718	0	10	6428
HS	717	0	3	6431
HS	716	0	11	6442
HS	715	0	5	6447
HS	714	0	3	6450
HS	713	0	3	6453
HS	712	0	5	6458
HS	711	0	6	6464
HS	710	0	7	6471
HS	709	0	4	6475
HS	708	0	0	6475
HS	707	0	6	6481
HS	706	0	9	6490
HS	705	0	3	6493
HS	704	0	3	6496
HS	703	0	4	6500
HS	702	0	5	6505
HS	701	0	9	6514
HS	700	0	6	6520
HS	699	0	4	6524
HS	698	0	4	6528
HS	697	0	5	6533
HS	696	0	6	6539
HS	695	0	7	6546
HS	694	0	5	6551
HS	693	0	6	6557
HS	692	0	9	6566
HS	691	0	5	6571
HS	690	0	10	6581
HS	689	0	4	6585
HS	688	0	6	6591
HS	687	0	3	6594
HS	686	0	4	6598
HS	685	0	1	6599
HS	684	0	1	6600
HS	683	0	5	6605
HS	682	0	4	6609
HS	681	0	8	6617
HS	680	0	6	6623
HS	679	0	3	6626
HS	678	0	5	6631
HS	677	0	5	6636
HS	676	0	7	6643
HS	675	0	4	6647
HS	674	0	7	6654
HS	673	0	4	6658
HS	672	0	7	6665
HS	671	0	11	6676
HS	670	0	6	6682
HS	669	0	7	6689
HS	668	0	10	6699
HS	667	0	9	6708
HS	666	0	3	6711
HS	665	0	12	6723
HS	664	0	7	6730
HS	663	0	8	6738
HS	662	0	6	6744
HS	661	0	16	6760
HS	660	0	17	6777
HS	659	0	5	6782
HS	658	0	4	6786
HS	657	0	11	6797
HS	656	0	13	6810
HS	655	0	5	6815
HS	654	0	13	6828
HS	653	0	5	6833
HS	652	0	6	6839
HS	651	0	8	6847
HS	650	0	6	6853
HS	649	0	13	6866
HS	648	0	7	6873
HS	647	0	7	6880
HS	646	0	6	6886
HS	645	0	8	6894
HS	644	0	10	6904
HS	643	0	10	6914
HS	642	0	11	6925
HS	641	0	8	6933
HS	640	0	7	6940
HS	639	0	10	6950
HS	638	0	6	6956
HS	637	0	7	6963
HS	636	0	5	6968
HS	635	0	7	6975
HS	634	0	5	6980
HS	633	0	7	6987
HS	632	0	10	6997
HS	631	0	7	7004
HS	630	0	4	7008
HS	629	0	6	7014
HS	628	0	8	7022
HS	627	0	8	7030
HS	626	0	6	7036
HS	625	0	4	7040
HS	624	0	7	7047
HS	623	0	8	7055
HS	622	0	3	7058
HS	621	0	4	7062
HS	620	0	2	7064
HS	619	0	5	7069
HS	618	0	4	7073
HS	617	0	5	7078
HS	616	0	5	7083
HS	615	0	2	7085
HS	614	0	5	7090
HS	613	0	6	7096
HS	612	0	12	7108
HS	611	0	5	7113
HS	610	0	6	7119
HS	609	0	10	7129
HS	608	0	10	7139
HS	607	0	7	7146
HS	606	0	8	7154
HS	605	0	6	7160
HS	604	0	6	7166
HS	603	0	6	7172
HS	602	0	12	7184
HS	601	0	8	7192
HS	600	0	9	7201
HS	599	0	4	7205
HS	598	0	6	7211
HS	597	0	13	7224
HS	596	0	16	7240
HS	595	0	10	7250
HS	594	0	8	7258
HS	593	0	11	7269
HS	592	0	12	7281
HS	591	0	12	7293
HS	590	0	9	7302
HS	589	0	12	7314
HS	588	0	17	7331
HS	587	0	6	7337
HS	586	0	5	7342
HS	585	0	9	7351
HS	584	0	5	7356
HS	583	0	7	7363
HS	582	0	6	7369
HS	581	0	6	7375
HS	580	0	16	7391
HS	579	0	4	7395
HS	578	0	5	7400
HS	577	0	6	7406
HS	576	0	9	7415
HS	575	0	8	7423
HS	574	0	16	7439
HS	573	0	13	7452
HS	572	0	18	7470
HS	571	0	11	7481
HS	570	0	17	7498
HS	569	0	7	7505
HS	568	0	13	7518
HS	567	0	15	7533
HS	566	0	11	7544
HS	565	0	15	7559
HS	564	0	9	7568
HS	563	0	14	7582
HS	562	0	8	7590
HS	561	0	6	7596
HS	560	0	7	7603
HS	559	0	6	7609
HS	558	0	8	7617
HS	557	0	13	7630
HS	556	0	11	7641
HS	555	0	13	7654
HS	554	0	11	7665
HS	553	0	12	7677
HS	552	0	12	7689
HS	551	0	12	7701
HS	550	0	8	7709
HS	549	0	10	7719
HS	548	0	9	7728
HS	547	0	12	7740
HS	546	0	15	7755
HS	545	0	14	7769
HS	544	0	12	7781
HS	543	0	8	7789
HS	542	0	11	7800
HS	541	0	13	7813
HS	540	0	11	7824
HS	539	0	7	7831
HS	538	0	7	7838
HS	537	0	6	7844
HS	536	0	12	7856
HS	535	0	8	7864
HS	534	0	14	7878
HS	533	0	12	7890
HS	532	0	13	7903
HS	531	0	14	7917
HS	530	0	6	7923
HS	529	0	11	7934
HS	528	0	12	7946
HS	527	0	9	7955
HS	526	0	11	7966
HS	525	0	15	7981
HS	524	0	8	7989
HS	523	0	10	7999
HS	522	0	12	8011
HS	521	0	15	8026
HS	520	0	10	8036
HS	519	0	21	8057
HS	518	0	9	8066
HS	517	0	14	8080
HS	516	0	11	8091
HS	515	0	9	8100
HS	514	0	10	8110
HS	513	0	11	8121
HS	512	0	9	8130
HS	511	0	4	8134
HS	510	0	7	8141
HS	509	0	10	8151
HS	508	0	6	8157
HS	507	0	12	8169
HS	506	0	5	8174
HS	505	0	6	8180
HS	504	0	15	8195
HS	503	0	11	8206
HS	502	0	16	8222
HS	501	0	9	8231
HS	500	0	12	8243
HS	499	0	5	8248
HS	498	0	8	8256
HS	497	0	11	8267
HS	496	0	12	8279
HS	495	0	14	8293
HS	494	0	10	8303
HS	493	0	13	8316
HS	492	0	8	8324
HS	491	0	9	8333
HS	490	0	5	8338
HS	489	0	12	8350
HS	488	0	9	8359
HS	487	0	9	8368
HS	486	0	5	8373
HS	485	0	9	8382
HS	484	0	6	8388
HS	483	0	6	8394
HS	482	0	4	8398
HS	481	0	16	8414
HS	480	0	7	8421
HS	479	0	12	8433
HS	478	0	17	8450
HS	477	0	10	8460
HS	476	0	14	8474
HS	475	0	8	8482
HS	474	0	11	8493
HS	473	0	10	8503
HS	472	0	13	8516
HS	471	0	17	8533
HS	470	0	11	8544
HS	469	0	14	8558
HS	468	0	16	8574
HS	467	0	16	8590
HS	466	0	22	8612
HS	465	0	10	8622
HS	464	0	10	8632
HS	463	0	13	8645
HS	462	0	17	8662
HS	461	0	19	8681
HS	460	0	15	8696
HS	459	0	11	8707
HS	458	0	23	8730
HS	457	0	12	8742
HS	456	0	17	8759
HS	455	0	13	8772
HS	454	0	10	8782
HS	453	0	18	8800
HS	452	0	16	8816
HS	451	0	14	8830
HS	450	0	12	8842
HS	449	0	9	8851
HS	448	0	13	8864
HS	447	0	13	8877
HS	446	0	10	8887
HS	445	0	12	8899
HS	444	0	11	8910
HS	443	0	5	8915
HS	442	0	12	8927
HS	441	0	12	8939
HS	440	0	12	8951
HS	439	0	20	8971
HS	438	0	12	8983
HS	437	0	11	8994
HS	436	0	7	9001
HS	435	0	17	9018
HS	434	0	13	9031
HS	433	0	18	9049
HS	432	0	19	9068
HS	431	0	17	9085
HS	430	0	16	9101
HS	429	0	17	9118
HS	428	0	28	9146
HS	427	0	31	9177
HS	426	0	25	9202
HS	425	0	23	9225
HS	424	0	16	9241
HS	423	0	21	9262
HS	422	0	20	9282
HS	421	0	25	9307
HS	420	0	11	9318
HS	419	0	17	9335
HS	418	0	11	9346
HS	417	0	15	9361
HS	416	0	24	9385
HS	415	0	21	9406
HS	414	0	22	9428
HS	413	0	19	9447
HS	412	0	12	9459
HS	411	0	14	9473
HS	410	0	15	9488
HS	409	0	15	9503
HS	408	0	27	9530
HS	407	0	26	9556
HS	406	0	14	9570
HS	405	0	19	9589
HS	404	0	31	9620
HS	403	0	23	9643
HS	402	0	29	9672
HS	401	0	24	9696
HS	400	0	16	9712
HS	399	0	21	9733
HS	398	0	25	9758
HS	397	0	16	9774
HS	396	0	25	9799
HS	395	0	20	9819
HS	394	0	34	9853
HS	393	0	24	9877
HS	392	0	28	9905
HS	391	0	37	9942
HS	390	0	40	9982
HS	389	0	49	10031
HS	388	0	44	10075
HS	387	0	31	10106
HS	386	0	41	10147
HS	385	0	43	10190
HS	384	0	41	10231
HS	383	0	31	10262
HS	382	0	42	10304
HS	381	0	37	10341
HS	380	0	60	10401
HS	379	0	46	10447
HS	378	0	44	10491
HS	377	0	56	10547
HS	376	0	57	10604
HS	375	0	34	10638
HS	374	0	55	10693
HS	373	0	51	10744
HS	372	0	54	10798
HS	371	0	44	10842
HS	370	0	51	10893
HS	369	0	51	10944
HS	368	0	60	11004
HS	367	0	72	11076
HS	366	0	83	11159
HS	365	0	68	11227
HS	364	0	77	11304
HS	363	0	80	11384
HS	362	0	64	11448
HS	361	0	63	11511
HS	360	0	54	11565
HS	359	0	73	11638
HS	358	0	93	11731
HS	357	0	90	11821
HS	356	0	107	11928
HS	355	0	87	12015
HS	354	0	102	12117
HS	353	0	102	12219
HS	352	0	113	12332
HS	351	0	100	12432
HS	350	0	111	12543
HS	349	0	111	12654
HS	348	0	125	12779
HS	347	0	145	12924
HS	346	0	117	13041
HS	345	0	148	13189
HS	344	0	162	13351
HS	343	0	152	13503
HS	342	0	159	13662
HS	341	0	161	13823
HS	340	0	161	13984
HS	339	0	197	14181
HS	338	0	198	14379
HS	337	0	202	14581
HS	336	0	211	14792
HS	335	0	228	15020
HS	334	0	224	15244
HS	333	0	233	15477
HS	332	0	241	15718
HS	331	0	281	15999
HS	330	0	272	16271
HS	329	0	296	16567
HS	328	0	309	16876
HS	327	0	302	17178
HS	326	0	309	17487
HS	325	0	349	17836
HS	324	0	336	18172
HS	323	0	378	18550
HS	322	0	382	18932
HS	321	0	425	19357
HS	320	0	492	19849
HS	319	0	464	20313
HS	318	0	498	20811
HS	317	0	518	21329
HS	316	0	520	21849
HS	315	0	542	22391
HS	314	0	578	22969
HS	313	0	571	23540
HS	312	0	648	24188
HS	311	0	664	24852
HS	310	0	708	25560
HS	309	0	753	26313
HS	308	0	751	27064
HS	307	0	783	27847
HS	306	0	820	28667
HS	305	0	833	29500
HS	304	0	899	30399
HS	303	0	931	31330
HS	302	0	966	32296
HS	301	0	1056	33352
HS	300	0	1145	34497
HS	299	0	1113	35610
HS	298	0	1205	36815
HS	297	0	1281	38096
HS	296	0	1347	39443
HS	295	0	1362	40805
HS	294	0	1417	42222
HS	293	0	1548	43770
HS	292	0	1537	45307
HS	291	0	1633	46940
HS	290	0	1720	48660
HS	289	0	1742	50402
HS	288	0	1842	52244
HS	287	0	1939	54183
HS	286	0	2055	56238
HS	285	0	2113	58351
HS	284	0	2240	60591
HS	283	0	2383	62974
HS	282	0	2426	65400
HS	281	0	2546	67946
HS	280	0	2676	70622
HS	279	0	2780	73402
HS	278	0	2907	76309
HS	277	0	2855	79164
HS	276	0	2997	82161
HS	275	0	3236	85397
HS	274	0	3365	88762
HS	273	0	3404	92166
HS	272	0	3615	95781
HS	271	0	3780	99561
HS	270	0	3821	103382
HS	269	0	4000	107382
HS	268	0	4306	111688
HS	267	0	4372	116060
HS	266	0	4677	120737
HS	265	0	4859	125596
HS	264	0	5150	130746
HS	263	0	5278	136024
HS	262	0	5698	141722
HS	261	0	5725	147447
HS	260	0	6067	153514
HS	259	0	6290	159804
HS	258	0	6413	166217
HS	257	0	6877	173094
HS	256	0	7065	180159
HS	255	0	7061	187220
HS	254	0	7541	194761
HS	253	0	7842	202603
HS	252	0	8106	210709
HS	251	0	8369	219078
HS	250	0	8799	227877
HS	249	0	8957	236834
HS	248	0	9369	246203
HS	247	0	9743	255946
HS	246	0	10237	266183
HS	245	0	10457	276640
HS	244	0	11111	287751
HS	243	0	11080	298831
HS	242	0	11696	310527
HS	241	0	11946	322473
HS	240	0	12543	335016
HS	239	0	13079	348095
HS	238	0	13110	361205
HS	237	0	13726	374931
HS	236	0	14364	389295
HS	235	0	14715	404010
HS	234	0	14781	418791
HS	233	0	15672	434463
HS	232	0	16088	450551
HS	231	0	16738	467289
HS	230	0	17299	484588
HS	229	0	17502	502090
HS	228	0	17972	520062
HS	227	0	18628	538690
HS	226	0	19243	557933
HS	225	0	19805	577738
HS	224	0	20166	597904
HS	223	0	20884	618788
HS	222	0	20981	639769
HS	221	0	21658	661427
HS	220	0	22629	684056
HS	219	0	22954	707010
HS	218	0	23847	730857
HS	217	0	24502	755359
HS	216	0	24933	780292
HS	215	0	25834	806126
HS	214	0	26239	832365
HS	213	0	27285	859650
HS	212	0	27605	887255
HS	211	0	28286	915541
HS	210	0	29138	944679
HS	209	0	29450	974129
HS	208	0	30009	1004138
HS	207	0	30778	1034916
HS	206	0	31503	1066419
HS	205	0	32546	1098965
HS	204	0	32606	1131571
HS	203	0	33480	1165051
HS	202	0	34105	1199156
HS	201	0	35023	1234179
HS	200	0	35621	1269800
HS	199	0	36610	1306410
HS	198	0	37325	1343735
HS	197	0	37512	1381247
HS	196	0	38629	1419876
HS	195	0	38982	1458858
HS	194	0	39350	1498208
HS	193	0	40018	1538226
HS	192	0	40801	1579027
HS	191	0	41401	1620428
HS	190	0	42424	1662852
HS	189	0	42321	1705173
HS	188	0	43023	1748196
HS	187	0	43278	1791474
HS	186	0	43927	1835401
HS	185	0	44613	1880014
HS	184	0	44795	1924809
HS	183	0	45433	1970242
HS	182	0	45616	2015858
HS	181	0	46132	2061990
HS	180	0	46829	2108819
HS	179	0	46713	2155532
HS	178	0	47285	2202817
HS	177	0	47696	2250513
HS	176	0	48142	2298655
HS	175	0	48522	2347177
HS	174	0	49091	2396268
HS	173	0	49056	2445324
HS	172	0	49307	2494631
HS	171	0	49087	2543718
HS	170	0	49152	2592870
HS	169	0	49594	2642464
HS	168	0	50232	2692696
HS	167	0	50203	2742899
HS	166	0	50446	2793345
HS	165	0	50289	2843634
HS	164	0	50325	2893959
HS	163	0	50817	2944776
HS	162	0	50800	2995576
HS	161	0	50692	3046268
HS	160	0	50584	3096852
HS	159	0	50555	3147407
HS	158	0	49829	3197236
HS	157	0	49547	3246783
HS	156	0	48980	3295763
HS	155	0	48279	3344042
HS	154	0	48638	3392680
HS	153	0	47803	3440483
HS	152	0	47279	3487762
HS	151	0	46664	3534426
HS	150	0	46619	3581045
HS	149	0	45875	3626920
HS	148	0	44816	3671736
HS	147	0	44261	3715997
HS	146	0	43625	3759622
HS	145	0	42634	3802256
HS	144	0	41669	3843925
HS	143	0	41095	3885020
HS	142	0	40666	3925686
HS	141	0	39670	3965356
HS	140	0	38816	4004172
HS	139	0	37938	4042110
HS	138	0	37155	4079265
HS	137	0	36583	4115848
HS	136	0	35639	4151487
HS	135	0	34976	4186463
HS	134	0	34211	4220674
HS	133	0	33033	4253707
HS	132	0	31572	4285279
HS	131	0	30668	4315947
HS	130	0	29767	4345714
HS	129	0	29120	4374834
HS	128	0	27988	4402822
HS	127	0	26879	4429701
HS	126	0	26216	4455917
HS	125	0	24898	4480815
HS	124	0	24296	4505111
HS	123	0	22778	4527889
HS	122	0	21939	4549828
HS	121	0	21190	4571018
HS	120	0	20082	4591100
HS	119	0	19378	4610478
HS	118	0	18400	4628878
HS	117	0	17921	4646799
HS	116	0	16893	4663692
HS	115	0	16384	4680076
HS	114	0	15482	4695558
HS	113	0	14976	4710534
HS	112	0	14215	4724749
HS	111	0	13346	4738095
HS	110	0	12606	4750701
HS	109	0	11870	4762571
HS	108	0	11291	4773862
HS	107	0	10474	4784336
HS	106	0	9702	4794038
HS	105	0	9383	4803421
HS	104	0	8778	4812199
HS	103	0	8199	4820398
HS	102	0	7618	4828016
HS	101	0	7167	4835183
HS	100	0	6752	4841935
HS	99	0	6407	4848342
HS	98	0	5969	4854311
HS	97	0	5653	4859964
HS	96	0	5001	4864965
HS	95	0	4786	4869751
HS	94	0	4494	4874245
HS	93	0	4224	4878469
HS	92	0	3822	4882291
HS	91	0	3454	4885745
HS	90	0	3098	4888843
HS	89	0	3002	4891845
HS	88	0	2676	4894521
HS	87	0	2568	4897089
HS	86	0	2306	4899395
HS	85	0	2143	4901538
HS	84	0	2063	4903601
HS	83	0	1958	4905559
HS	82	0	1603	4907162
HS	81	0	1597	4908759
HS	80	0	1469	4910228
HS	79	0	1304	4911532
HS	78	0	1240	4912772
HS	77	0	1149	4913921
HS	76	0	1109	4915030
HS	75	0	948	4915978
HS	74	0	826	4916804
HS	73	0	789	4917593
HS	72	0	770	4918363
HS	71	0	690	4919053
HS	70	0	636	4919689
HS	69	0	589	4920278
HS	68	0	545	4920823
HS	67	0	498	4921321
HS	66	0	426	4921747
HS	65	0	435	4922182
HS	64	0	455	4922637
HS	63	0	456	4923093
HS	62	0	414	4923507
HS	61	0	388	4923895
HS	60	0	320	4924215
HS	59	0	287	4924502
HS	58	0	266	4924768
HS	57	0	259	4925027
HS	56	0	276	4925303
HS	55	0	211	4925514
HS	54	0	211	4925725
HS	53	0	165	4925890
HS	52	0	141	4926031
HS	51	0	145	4926176
HS	50	0	147	4926323
HS	49	0	146	4926469
HS	48	0	156	4926625
HS	47	0	163	4926788
HS	46	0	140	4926928
HS	45	0	147	4927075
HS	44	0	135	4927210
HS	43	0	124	4927334
HS	42	0	149	4927483
HS	41	0	130	4927613
HS	40	0	174	4927787
HS	39	0	172	4927959
HS	38	0	188	4928147
HS	37	0	198	4928345
HS	36	0	194	4928539
HS	35	0	212	4928751
HS	34	0	229	4928980
HS	33	0	247	4929227
HS	32	0	280	4929507
HS	31	0	282	4929789
HS	30	0	300	4930089
HS	29	0	344	4930433
HS	28	0	331	4930764
HS	27	0	401	4931165
HS	26	0	453	4931618
HS	25	0	506	4932124
HS	24	0	596	4932720
HS	23	0	664	4933384
HS	22	0	719	4934103
HS	21	0	842	4934945
HS	20	0	970	4935915
HS	19	0	1147	4937062
HS	18	0	1381	4938443
HS	17	0	1626	4940069
HS	16	0	1921	4941990
HS	15	0	2588	4944578
HS	14	0	3236	4947814
HS	13	0	3968	4951782
HS	12	0	5281	4957063
HS	11	0	7172	4964235
HS	10	0	9399	4973634
HS	9	0	13929	4987563
HS	8	0	21535	5009098
HS	7	0	35197	5044295
HS	6	0	69775	5114070
HS	5	0	155490	5269560
HS	4	0	411385	5680945
HS	3	0	1336523	7017468
HS	2	0	8184663	15202131
HS	1	0	0	15202131
HS	0	0	0	15202131
