CC	CT  kmer_occurrence    short_read_kmer_count  raw_input_kmer_count  adjusted_input_kmer_count
CC	FR  fpr_lower_bound    fpr_upper_bound
CC	ER  total_input_kmers  adjusted_error_kmers
CC	CV  coverage
CC	QV  raw_quality_value  adjusted_quality_value
CC
SQ	JAUCFC010000003.1	4215305	4215275	4214157	50.68
CT	1023	6472	50572	50572.000
CT	1022	5	19	19.000
CT	1021	5	16	16.000
CT	1020	7	20	20.000
CT	1019	2	6	6.000
CT	1018	2	6	6.000
CT	1017	3	8	8.000
CT	1016	5	16	16.000
CT	1015	7	25	25.000
CT	1014	11	35	35.000
CT	1013	5	14	14.000
CT	1012	7	20	20.000
CT	1011	4	15	15.000
CT	1010	2	7	7.000
CT	1009	3	10	10.000
CT	1008	5	16	16.000
CT	1007	2	7	7.000
CT	1006	2	7	7.000
CT	1005	4	13	13.000
CT	1004	2	8	8.000
CT	1003	2	7	7.000
CT	1002	1	3	3.000
CT	1001	1	3	3.000
CT	1000	3	11	11.000
CT	999	2	6	6.000
CT	998	5	15	15.000
CT	997	2	6	6.000
CT	996	4	14	14.000
CT	995	1	3	3.000
CT	994	2	6	6.000
CT	993	2	6	6.000
CT	992	0	0	0.000
CT	991	4	12	12.000
CT	990	2	6	6.000
CT	989	2	7	7.000
CT	988	4	13	13.000
CT	987	1	4	4.000
CT	986	1	3	3.000
CT	985	1	3	3.000
CT	984	2	7	7.000
CT	983	4	8	8.000
CT	982	2	6	6.000
CT	981	3	9	9.000
CT	980	2	4	4.000
CT	979	2	0	0.000
CT	978	5	11	11.000
CT	977	2	6	6.000
CT	976	4	12	12.000
CT	975	5	11	11.000
CT	974	1	3	3.000
CT	973	4	8	8.000
CT	972	2	6	6.000
CT	971	3	8	8.000
CT	970	5	12	12.000
CT	969	3	8	8.000
CT	968	5	11	11.000
CT	967	3	7	7.000
CT	966	5	8	8.000
CT	965	4	10	10.000
CT	964	4	6	6.000
CT	963	8	16	16.000
CT	962	5	11	11.000
CT	961	9	20	20.000
CT	960	3	8	8.000
CT	959	10	23	23.000
CT	958	7	12	12.000
CT	957	11	23	23.000
CT	956	13	27	27.000
CT	955	7	19	19.000
CT	954	7	15	15.000
CT	953	6	12	12.000
CT	952	4	6	6.000
CT	951	7	16	16.000
CT	950	1	3	3.000
CT	949	4	10	10.000
CT	948	5	13	13.000
CT	947	5	16	16.000
CT	946	5	12	12.000
CT	945	5	14	14.000
CT	944	6	14	14.000
CT	943	7	17	17.000
CT	942	5	12	12.000
CT	941	11	23	23.000
CT	940	10	21	21.000
CT	939	7	16	16.000
CT	938	11	22	22.000
CT	937	10	24	24.000
CT	936	10	28	28.000
CT	935	5	11	11.000
CT	934	12	28	28.000
CT	933	6	13	13.000
CT	932	8	21	21.000
CT	931	11	26	26.000
CT	930	11	25	25.000
CT	929	11	19	19.000
CT	928	7	17	17.000
CT	927	9	22	22.000
CT	926	10	21	21.000
CT	925	9	21	21.000
CT	924	4	10	10.000
CT	923	7	16	16.000
CT	922	16	35	35.000
CT	921	6	12	12.000
CT	920	14	31	31.000
CT	919	8	16	16.000
CT	918	10	23	23.000
CT	917	12	26	26.000
CT	916	20	47	47.000
CT	915	14	27	27.000
CT	914	13	32	32.000
CT	913	12	25	25.000
CT	912	7	13	13.000
CT	911	10	24	24.000
CT	910	10	23	23.000
CT	909	7	12	12.000
CT	908	20	42	42.000
CT	907	13	31	31.000
CT	906	16	35	35.000
CT	905	6	16	16.000
CT	904	6	11	11.000
CT	903	8	15	15.000
CT	902	9	19	19.000
CT	901	5	11	11.000
CT	900	7	11	11.000
CT	899	11	17	17.000
CT	898	9	18	18.000
CT	897	9	17	17.000
CT	896	7	13	13.000
CT	895	5	9	9.000
CT	894	10	19	19.000
CT	893	10	17	17.000
CT	892	10	18	18.000
CT	891	9	17	17.000
CT	890	13	24	24.000
CT	889	8	13	13.000
CT	888	7	11	11.000
CT	887	11	18	18.000
CT	886	15	24	24.000
CT	885	6	12	12.000
CT	884	14	25	25.000
CT	883	9	17	17.000
CT	882	6	11	11.000
CT	881	6	7	7.000
CT	880	9	16	16.000
CT	879	6	10	10.000
CT	878	7	13	13.000
CT	877	6	11	11.000
CT	876	6	12	12.000
CT	875	12	19	19.000
CT	874	7	13	13.000
CT	873	8	13	13.000
CT	872	5	10	10.000
CT	871	8	10	10.000
CT	870	16	30	30.000
CT	869	11	22	22.000
CT	868	13	24	24.000
CT	867	11	21	21.000
CT	866	12	23	23.000
CT	865	10	20	20.000
CT	864	12	22	22.000
CT	863	7	12	12.000
CT	862	15	30	30.000
CT	861	8	13	13.000
CT	860	17	33	33.000
CT	859	18	35	35.000
CT	858	13	29	29.000
CT	857	14	26	26.000
CT	856	7	13	13.000
CT	855	8	15	15.000
CT	854	16	30	30.000
CT	853	10	18	18.000
CT	852	7	14	14.000
CT	851	12	23	23.000
CT	850	19	37	37.000
CT	849	7	13	13.000
CT	848	12	21	21.000
CT	847	9	18	18.000
CT	846	7	13	13.000
CT	845	14	25	25.000
CT	844	9	16	16.000
CT	843	10	14	14.000
CT	842	11	23	23.000
CT	841	12	22	22.000
CT	840	9	23	23.000
CT	839	11	18	18.000
CT	838	12	26	26.000
CT	837	11	21	21.000
CT	836	9	19	19.000
CT	835	11	18	18.000
CT	834	7	12	12.000
CT	833	15	28	28.000
CT	832	9	15	15.000
CT	831	12	23	23.000
CT	830	9	19	19.000
CT	829	8	11	11.000
CT	828	13	26	26.000
CT	827	13	27	27.000
CT	826	12	24	24.000
CT	825	9	15	15.000
CT	824	6	9	9.000
CT	823	10	17	17.000
CT	822	7	12	12.000
CT	821	5	10	10.000
CT	820	9	14	14.000
CT	819	10	17	17.000
CT	818	10	20	20.000
CT	817	8	13	13.000
CT	816	10	23	23.000
CT	815	9	15	15.000
CT	814	7	12	12.000
CT	813	18	34	34.000
CT	812	9	16	16.000
CT	811	16	28	28.000
CT	810	14	33	33.000
CT	809	11	22	22.000
CT	808	10	19	19.000
CT	807	9	16	16.000
CT	806	10	18	18.000
CT	805	7	12	12.000
CT	804	5	10	10.000
CT	803	12	23	23.000
CT	802	12	20	20.000
CT	801	5	8	8.000
CT	800	15	34	34.000
CT	799	11	16	16.000
CT	798	7	13	13.000
CT	797	13	22	22.000
CT	796	9	14	14.000
CT	795	12	14	14.000
CT	794	8	11	11.000
CT	793	12	28	28.000
CT	792	22	53	53.000
CT	791	14	32	32.000
CT	790	13	23	23.000
CT	789	21	39	39.000
CT	788	12	36	36.000
CT	787	8	13	13.000
CT	786	12	20	20.000
CT	785	11	16	16.000
CT	784	15	48	48.000
CT	783	22	43	43.000
CT	782	12	38	38.000
CT	781	18	44	44.000
CT	780	20	34	34.000
CT	779	15	28	28.000
CT	778	14	24	24.000
CT	777	31	48	48.000
CT	776	22	34	34.000
CT	775	26	44	44.000
CT	774	12	17	17.000
CT	773	19	30	30.000
CT	772	17	26	26.000
CT	771	12	21	21.000
CT	770	12	19	19.000
CT	769	20	32	32.000
CT	768	19	32	32.000
CT	767	16	34	34.000
CT	766	12	18	18.000
CT	765	18	34	34.000
CT	764	13	21	21.000
CT	763	16	23	23.000
CT	762	13	24	24.000
CT	761	14	23	23.000
CT	760	23	38	38.000
CT	759	16	27	27.000
CT	758	23	33	33.000
CT	757	15	19	19.000
CT	756	30	44	44.000
CT	755	34	55	55.000
CT	754	19	29	29.000
CT	753	18	22	22.000
CT	752	23	33	33.000
CT	751	21	35	35.000
CT	750	18	24	24.000
CT	749	24	39	39.000
CT	748	22	36	36.000
CT	747	27	35	35.000
CT	746	20	33	33.000
CT	745	14	22	22.000
CT	744	27	45	45.000
CT	743	27	42	42.000
CT	742	29	34	34.000
CT	741	27	36	36.000
CT	740	16	20	20.000
CT	739	16	20	20.000
CT	738	26	37	37.000
CT	737	21	34	34.000
CT	736	23	33	33.000
CT	735	27	43	43.000
CT	734	19	31	31.000
CT	733	20	31	31.000
CT	732	23	35	35.000
CT	731	23	33	33.000
CT	730	31	42	42.000
CT	729	23	34	34.000
CT	728	24	36	36.000
CT	727	36	52	52.000
CT	726	27	32	32.000
CT	725	31	38	38.000
CT	724	34	46	46.000
CT	723	33	44	44.000
CT	722	29	40	40.000
CT	721	37	44	44.000
CT	720	41	48	48.000
CT	719	44	54	54.000
CT	718	47	56	56.000
CT	717	37	49	49.000
CT	716	65	87	87.000
CT	715	64	89	89.000
CT	714	51	71	71.000
CT	713	69	75	75.000
CT	712	61	79	79.000
CT	711	65	84	84.000
CT	710	65	86	86.000
CT	709	54	71	71.000
CT	708	50	63	63.000
CT	707	56	71	71.000
CT	706	40	52	52.000
CT	705	50	68	68.000
CT	704	74	92	92.000
CT	703	73	87	87.000
CT	702	66	83	83.000
CT	701	80	91	91.000
CT	700	71	80	80.000
CT	699	72	92	92.000
CT	698	78	97	97.000
CT	697	71	92	92.000
CT	696	77	89	89.000
CT	695	87	102	102.000
CT	694	82	92	92.000
CT	693	98	118	118.000
CT	692	64	71	71.000
CT	691	75	86	86.000
CT	690	83	103	103.000
CT	689	79	84	84.000
CT	688	83	103	103.000
CT	687	83	98	98.000
CT	686	85	105	105.000
CT	685	91	106	106.000
CT	684	88	103	103.000
CT	683	102	119	119.000
CT	682	97	117	117.000
CT	681	93	112	112.000
CT	680	102	112	112.000
CT	679	106	116	116.000
CT	678	103	124	124.000
CT	677	134	152	152.000
CT	676	127	140	140.000
CT	675	126	148	148.000
CT	674	116	139	139.000
CT	673	123	137	137.000
CT	672	136	167	167.000
CT	671	145	153	153.000
CT	670	157	183	183.000
CT	669	151	169	169.000
CT	668	128	138	138.000
CT	667	135	153	153.000
CT	666	164	179	179.000
CT	665	157	170	170.000
CT	664	165	190	190.000
CT	663	155	167	167.000
CT	662	156	171	171.000
CT	661	157	170	170.000
CT	660	151	171	171.000
CT	659	171	180	180.000
CT	658	176	198	198.000
CT	657	180	207	207.000
CT	656	179	190	190.000
CT	655	194	217	217.000
CT	654	178	189	189.000
CT	653	201	216	216.000
CT	652	189	204	204.000
CT	651	196	211	211.000
CT	650	195	212	212.000
CT	649	212	217	217.000
CT	648	204	209	209.000
CT	647	224	243	243.000
CT	646	226	239	239.000
CT	645	228	254	254.000
CT	644	209	227	227.000
CT	643	246	261	261.000
CT	642	231	241	241.000
CT	641	265	272	272.000
CT	640	258	267	267.000
CT	639	263	266	266.000
CT	638	273	276	276.000
CT	637	318	314	314.000
CT	636	316	327	327.000
CT	635	288	303	303.000
CT	634	294	299	299.000
CT	633	334	333	333.000
CT	632	314	319	319.000
CT	631	382	382	382.000
CT	630	354	353	353.000
CT	629	324	332	332.000
CT	628	338	342	342.000
CT	627	371	377	377.000
CT	626	369	378	378.000
CT	625	420	429	429.000
CT	624	400	404	404.000
CT	623	407	407	407.000
CT	622	435	431	431.000
CT	621	406	406	406.000
CT	620	450	451	451.000
CT	619	433	429	429.000
CT	618	479	481	481.000
CT	617	456	466	466.000
CT	616	544	563	563.000
CT	615	513	516	516.000
CT	614	522	525	525.000
CT	613	541	546	546.000
CT	612	536	534	534.000
CT	611	538	547	547.000
CT	610	560	567	567.000
CT	609	581	575	575.000
CT	608	644	639	639.000
CT	607	627	628	628.000
CT	606	622	632	632.000
CT	605	616	624	624.000
CT	604	627	625	625.000
CT	603	654	658	658.000
CT	602	689	702	702.000
CT	601	656	663	663.000
CT	600	737	749	749.000
CT	599	729	736	736.000
CT	598	766	772	772.000
CT	597	775	782	782.000
CT	596	782	785	785.000
CT	595	805	819	819.000
CT	594	853	860	860.000
CT	593	840	836	836.000
CT	592	877	877	877.000
CT	591	851	845	845.000
CT	590	881	883	883.000
CT	589	901	905	905.000
CT	588	930	931	931.000
CT	587	984	992	992.000
CT	586	952	945	945.000
CT	585	990	1003	1003.000
CT	584	1042	1041	1041.000
CT	583	1065	1065	1065.000
CT	582	1084	1076	1076.000
CT	581	1087	1088	1088.000
CT	580	1084	1071	1071.000
CT	579	1136	1134	1134.000
CT	578	1145	1140	1140.000
CT	577	1178	1174	1174.000
CT	576	1216	1192	1192.000
CT	575	1226	1201	1201.000
CT	574	1285	1261	1261.000
CT	573	1286	1255	1255.000
CT	572	1327	1290	1290.000
CT	571	1249	1223	1223.000
CT	570	1301	1273	1273.000
CT	569	1367	1330	1330.000
CT	568	1329	1282	1282.000
CT	567	1336	1315	1315.000
CT	566	1459	1416	1416.000
CT	565	1439	1401	1401.000
CT	564	1518	1491	1491.000
CT	563	1517	1481	1481.000
CT	562	1571	1534	1534.000
CT	561	1559	1533	1533.000
CT	560	1627	1585	1585.000
CT	559	1591	1555	1555.000
CT	558	1710	1666	1666.000
CT	557	1777	1729	1729.000
CT	556	1802	1750	1750.000
CT	555	1808	1752	1752.000
CT	554	1890	1837	1837.000
CT	553	1942	1874	1874.000
CT	552	1936	1879	1879.000
CT	551	1935	1876	1876.000
CT	550	2067	2004	2004.000
CT	549	2019	1961	1961.000
CT	548	2130	2066	2066.000
CT	547	2134	2079	2079.000
CT	546	2231	2140	2140.000
CT	545	2284	2199	2199.000
CT	544	2355	2285	2285.000
CT	543	2243	2166	2166.000
CT	542	2430	2341	2341.000
CT	541	2444	2382	2382.000
CT	540	2494	2412	2412.000
CT	539	2595	2494	2494.000
CT	538	2549	2451	2451.000
CT	537	2767	2656	2656.000
CT	536	2686	2603	2603.000
CT	535	2742	2644	2644.000
CT	534	2761	2658	2658.000
CT	533	2763	2669	2669.000
CT	532	2850	2750	2750.000
CT	531	2838	2730	2730.000
CT	530	2903	2780	2780.000
CT	529	3035	2925	2925.000
CT	528	3041	2928	2928.000
CT	527	3057	2933	2933.000
CT	526	3092	2983	2983.000
CT	525	3118	3013	3013.000
CT	524	3229	3124	3124.000
CT	523	3237	3129	3129.000
CT	522	3354	3212	3212.000
CT	521	3386	3248	3248.000
CT	520	3414	3295	3295.000
CT	519	3491	3361	3361.000
CT	518	3578	3433	3433.000
CT	517	3562	3404	3404.000
CT	516	3722	3574	3574.000
CT	515	3800	3623	3623.000
CT	514	3764	3604	3604.000
CT	513	3954	3787	3787.000
CT	512	3923	3777	3777.000
CT	511	4108	3967	3967.000
CT	510	4033	3876	3876.000
CT	509	4198	4037	4037.000
CT	508	4255	4099	4099.000
CT	507	4381	4182	4182.000
CT	506	4383	4213	4213.000
CT	505	4552	4341	4341.000
CT	504	4569	4379	4379.000
CT	503	4612	4446	4446.000
CT	502	4770	4566	4566.000
CT	501	4930	4735	4735.000
CT	500	4914	4737	4737.000
CT	499	5087	4904	4904.000
CT	498	5202	5012	5012.000
CT	497	5153	4971	4971.000
CT	496	5456	5255	5255.000
CT	495	5513	5300	5300.000
CT	494	5411	5187	5187.000
CT	493	5617	5404	5404.000
CT	492	5786	5524	5524.000
CT	491	5776	5533	5533.000
CT	490	5875	5639	5639.000
CT	489	5966	5727	5727.000
CT	488	6208	5943	5943.000
CT	487	6092	5840	5840.000
CT	486	6363	6110	6110.000
CT	485	6439	6189	6189.000
CT	484	6684	6398	6398.000
CT	483	6652	6411	6411.000
CT	482	6883	6640	6640.000
CT	481	6750	6479	6479.000
CT	480	6950	6697	6697.000
CT	479	6976	6717	6717.000
CT	478	7136	6867	6867.000
CT	477	7364	7098	7098.000
CT	476	7317	7030	7030.000
CT	475	7350	7044	7044.000
CT	474	7434	7148	7148.000
CT	473	7606	7316	7316.000
CT	472	7674	7382	7382.000
CT	471	8021	7696	7696.000
CT	470	8039	7749	7749.000
CT	469	8320	8037	8037.000
CT	468	8312	7960	7960.000
CT	467	8369	8041	8041.000
CT	466	8547	8233	8233.000
CT	465	8650	8361	8361.000
CT	464	8716	8404	8404.000
CT	463	8968	8650	8650.000
CT	462	9018	8718	8718.000
CT	461	8873	8550	8550.000
CT	460	9211	8911	8911.000
CT	459	9250	8960	8960.000
CT	458	9363	9010	9010.000
CT	457	9567	9214	9214.000
CT	456	9717	9365	9365.000
CT	455	9872	9534	9534.000
CT	454	9922	9543	9543.000
CT	453	10194	9812	9812.000
CT	452	10312	9967	9967.000
CT	451	10571	10164	10164.000
CT	450	10433	10047	10047.000
CT	449	10681	10220	10220.000
CT	448	10830	10406	10406.000
CT	447	10855	10432	10432.000
CT	446	10971	10538	10538.000
CT	445	11255	10809	10809.000
CT	444	11578	11139	11139.000
CT	443	11346	10929	10929.000
CT	442	11465	11054	11054.000
CT	441	11611	11203	11203.000
CT	440	11984	11590	11590.000
CT	439	12185	11789	11789.000
CT	438	12109	11706	11706.000
CT	437	12385	11960	11960.000
CT	436	12527	12105	12105.000
CT	435	12890	12442	12442.000
CT	434	12906	12475	12475.000
CT	433	12668	12247	12247.000
CT	432	13081	12673	12673.000
CT	431	13255	12823	12823.000
CT	430	13513	13035	13035.000
CT	429	13756	13339	13339.000
CT	428	14054	13601	13601.000
CT	427	13781	13322	13322.000
CT	426	13912	13467	13467.000
CT	425	14347	13836	13836.000
CT	424	14398	13918	13918.000
CT	423	14273	13796	13796.000
CT	422	14535	14056	14056.000
CT	421	14766	14322	14322.000
CT	420	14991	14526	14526.000
CT	419	15163	14688	14688.000
CT	418	15497	15013	15013.000
CT	417	15406	14955	14955.000
CT	416	15714	15247	15247.000
CT	415	15834	15409	15409.000
CT	414	15910	15434	15434.000
CT	413	16092	15605	15605.000
CT	412	16091	15632	15632.000
CT	411	16180	15707	15707.000
CT	410	16486	16037	16037.000
CT	409	16659	16176	16176.000
CT	408	16769	16320	16320.000
CT	407	16993	16526	16526.000
CT	406	16838	16383	16383.000
CT	405	17128	16661	16661.000
CT	404	17290	16835	16835.000
CT	403	17700	17215	17215.000
CT	402	17444	17017	17017.000
CT	401	17861	17354	17354.000
CT	400	17856	17385	17385.000
CT	399	17929	17458	17458.000
CT	398	18219	17772	17772.000
CT	397	18067	17601	17601.000
CT	396	18385	17873	17873.000
CT	395	18651	18211	18211.000
CT	394	18676	18180	18180.000
CT	393	18805	18396	18396.000
CT	392	18827	18359	18359.000
CT	391	18963	18499	18499.000
CT	390	19147	18716	18716.000
CT	389	19230	18760	18760.000
CT	388	19453	19032	19032.000
CT	387	19695	19252	19252.000
CT	386	19672	19242	19242.000
CT	385	19760	19311	19311.000
CT	384	20293	19833	19833.000
CT	383	20234	19758	19758.000
CT	382	20165	19698	19698.000
CT	381	20009	19568	19568.000
CT	380	20017	19591	19591.000
CT	379	20220	19808	19808.000
CT	378	20589	20151	20151.000
CT	377	20645	20251	20251.000
CT	376	20862	20434	20434.000
CT	375	20778	20372	20372.000
CT	374	21032	20648	20648.000
CT	373	21069	20629	20629.000
CT	372	21344	20948	20948.000
CT	371	21267	20856	20856.000
CT	370	21330	20943	20943.000
CT	369	21159	20778	20778.000
CT	368	21525	21115	21115.000
CT	367	21702	21261	21261.000
CT	366	21495	21097	21097.000
CT	365	21826	21445	21445.000
CT	364	21629	21262	21262.000
CT	363	21746	21385	21385.000
CT	362	21606	21222	21222.000
CT	361	21904	21533	21533.000
CT	360	21864	21501	21501.000
CT	359	21727	21390	21390.000
CT	358	21933	21603	21603.000
CT	357	21814	21466	21466.000
CT	356	21903	21551	21551.000
CT	355	21751	21424	21424.000
CT	354	22040	21717	21717.000
CT	353	21745	21453	21453.000
CT	352	21997	21629	21629.000
CT	351	21945	21597	21597.000
CT	350	22130	21806	21806.000
CT	349	22300	21969	21969.000
CT	348	22031	21707	21707.000
CT	347	22150	21818	21818.000
CT	346	22069	21714	21714.000
CT	345	21822	21502	21502.000
CT	344	22111	21818	21818.000
CT	343	22005	21671	21671.000
CT	342	21965	21676	21676.000
CT	341	21949	21666	21666.000
CT	340	21620	21315	21315.000
CT	339	21845	21538	21538.000
CT	338	21841	21528	21528.000
CT	337	21708	21382	21382.000
CT	336	21651	21324	21324.000
CT	335	21633	21343	21343.000
CT	334	21497	21200	21200.000
CT	333	21499	21212	21212.000
CT	332	21515	21206	21206.000
CT	331	21501	21195	21195.000
CT	330	21592	21266	21266.000
CT	329	21524	21202	21202.000
CT	328	21250	20921	20921.000
CT	327	21026	20735	20735.000
CT	326	20742	20474	20474.000
CT	325	21194	20936	20936.000
CT	324	20561	20319	20319.000
CT	323	20693	20420	20420.000
CT	322	20603	20322	20322.000
CT	321	20493	20252	20252.000
CT	320	20298	20052	20052.000
CT	319	20167	19920	19920.000
CT	318	20124	19882	19882.000
CT	317	19708	19447	19447.000
CT	316	19792	19541	19541.000
CT	315	19846	19587	19587.000
CT	314	19651	19438	19438.000
CT	313	19696	19450	19450.000
CT	312	19363	19140	19140.000
CT	311	19205	19017	19017.000
CT	310	19101	18924	18924.000
CT	309	18842	18653	18653.000
CT	308	18849	18662	18662.000
CT	307	18614	18415	18415.000
CT	306	18324	18126	18126.000
CT	305	18148	17964	17964.000
CT	304	17827	17640	17640.000
CT	303	18181	17980	17980.000
CT	302	17620	17435	17435.000
CT	301	17301	17109	17109.000
CT	300	17152	16981	16981.000
CT	299	17076	16903	16903.000
CT	298	16884	16721	16721.000
CT	297	16550	16384	16384.000
CT	296	16354	16175	16175.000
CT	295	16157	16013	16013.000
CT	294	15912	15737	15737.000
CT	293	15717	15577	15577.000
CT	292	15368	15203	15203.000
CT	291	15392	15255	15255.000
CT	290	14973	14852	14852.000
CT	289	15147	15021	15021.000
CT	288	14677	14574	14574.000
CT	287	14595	14474	14474.000
CT	286	14189	14078	14078.000
CT	285	14103	14004	14004.000
CT	284	13564	13462	13462.000
CT	283	13392	13292	13292.000
CT	282	13376	13263	13263.000
CT	281	13346	13235	13235.000
CT	280	13198	13096	13096.000
CT	279	12990	12852	12852.000
CT	278	12792	12695	12695.000
CT	277	12805	12663	12663.000
CT	276	12118	12017	12017.000
CT	275	12243	12127	12127.000
CT	274	11982	11866	11866.000
CT	273	11501	11386	11386.000
CT	272	11549	11429	11429.000
CT	271	11497	11408	11408.000
CT	270	11243	11157	11157.000
CT	269	10975	10878	10878.000
CT	268	10754	10670	10670.000
CT	267	10396	10297	10297.000
CT	266	10466	10376	10376.000
CT	265	10184	10097	10097.000
CT	264	9996	9917	9917.000
CT	263	9899	9825	9825.000
CT	262	9704	9631	9631.000
CT	261	9410	9306	9306.000
CT	260	9065	8968	8968.000
CT	259	9086	9006	9006.000
CT	258	8975	8875	8875.000
CT	257	8493	8420	8420.000
CT	256	8307	8236	8236.000
CT	255	8226	8157	8157.000
CT	254	7977	7906	7906.000
CT	253	7804	7737	7737.000
CT	252	7786	7711	7711.000
CT	251	7514	7444	7444.000
CT	250	7445	7383	7383.000
CT	249	7278	7210	7210.000
CT	248	6949	6882	6882.000
CT	247	6836	6774	6774.000
CT	246	6694	6620	6620.000
CT	245	6399	6338	6338.000
CT	244	6294	6233	6233.000
CT	243	6289	6220	6220.000
CT	242	5983	5911	5911.000
CT	241	5679	5605	5605.000
CT	240	5661	5595	5595.000
CT	239	5499	5438	5438.000
CT	238	5275	5223	5223.000
CT	237	5210	5158	5158.000
CT	236	5134	5096	5096.000
CT	235	4924	4873	4873.000
CT	234	4705	4660	4660.000
CT	233	4586	4524	4524.000
CT	232	4389	4330	4330.000
CT	231	4237	4204	4204.000
CT	230	4176	4130	4130.000
CT	229	3901	3856	3856.000
CT	228	3846	3803	3803.000
CT	227	3709	3653	3653.000
CT	226	3649	3599	3599.000
CT	225	3481	3439	3439.000
CT	224	3366	3328	3328.000
CT	223	3303	3262	3262.000
CT	222	3171	3120	3120.000
CT	221	3049	3011	3011.000
CT	220	2864	2834	2834.000
CT	219	2881	2831	2831.000
CT	218	2755	2702	2702.000
CT	217	2593	2554	2554.000
CT	216	2531	2497	2497.000
CT	215	2419	2392	2392.000
CT	214	2393	2359	2359.000
CT	213	2279	2235	2235.000
CT	212	2196	2164	2164.000
CT	211	2171	2144	2144.000
CT	210	2066	2050	2050.000
CT	209	1922	1903	1903.000
CT	208	1854	1822	1822.000
CT	207	1831	1811	1811.000
CT	206	1720	1697	1697.000
CT	205	1739	1720	1720.000
CT	204	1669	1639	1639.000
CT	203	1552	1532	1532.000
CT	202	1487	1468	1468.000
CT	201	1390	1374	1374.000
CT	200	1323	1295	1295.000
CT	199	1253	1229	1229.000
CT	198	1301	1282	1282.000
CT	197	1223	1202	1202.000
CT	196	1101	1085	1085.000
CT	195	1051	1028	1028.000
CT	194	1052	1028	1028.000
CT	193	1018	998	998.000
CT	192	965	964	964.000
CT	191	893	877	877.000
CT	190	967	960	960.000
CT	189	804	795	795.000
CT	188	795	782	782.000
CT	187	811	805	805.000
CT	186	750	741	741.000
CT	185	730	717	717.000
CT	184	722	711	711.000
CT	183	684	663	663.000
CT	182	654	640	640.000
CT	181	628	605	605.000
CT	180	624	606	606.000
CT	179	546	534	534.000
CT	178	497	479	479.000
CT	177	503	476	476.000
CT	176	513	498	498.000
CT	175	495	478	478.000
CT	174	472	467	467.000
CT	173	451	435	435.000
CT	172	436	423	423.000
CT	171	383	369	369.000
CT	170	368	343	343.000
CT	169	374	361	361.000
CT	168	391	365	365.000
CT	167	369	354	354.000
CT	166	353	339	339.000
CT	165	300	290	290.000
CT	164	297	280	280.000
CT	163	285	278	278.000
CT	162	286	279	279.000
CT	161	291	285	285.000
CT	160	259	252	252.000
CT	159	262	257	257.000
CT	158	256	253	253.000
CT	157	254	245	245.000
CT	156	270	257	257.000
CT	155	226	211	211.000
CT	154	213	205	205.000
CT	153	191	183	183.000
CT	152	192	179	179.000
CT	151	161	148	148.000
CT	150	164	143	143.000
CT	149	168	146	146.000
CT	148	154	126	126.000
CT	147	149	132	132.000
CT	146	169	154	154.000
CT	145	134	119	119.000
CT	144	119	113	113.000
CT	143	132	117	117.000
CT	142	110	106	106.000
CT	141	122	115	115.000
CT	140	110	108	108.000
CT	139	108	104	104.000
CT	138	109	107	107.000
CT	137	102	100	100.000
CT	136	109	108	108.000
CT	135	99	95	95.000
CT	134	90	88	88.000
CT	133	95	91	91.000
CT	132	68	62	62.000
CT	131	65	61	61.000
CT	130	87	85	85.000
CT	129	82	76	76.000
CT	128	86	81	81.000
CT	127	94	85	85.000
CT	126	87	80	80.000
CT	125	90	81	81.000
CT	124	80	75	75.000
CT	123	85	84	84.000
CT	122	65	62	62.000
CT	121	59	53	53.000
CT	120	52	46	46.000
CT	119	64	56	56.000
CT	118	59	54	54.000
CT	117	46	44	44.000
CT	116	65	60	60.000
CT	115	45	42	42.000
CT	114	42	38	38.000
CT	113	47	45	45.000
CT	112	40	33	33.000
CT	111	45	37	37.000
CT	110	34	30	30.000
CT	109	39	28	28.000
CT	108	38	27	27.000
CT	107	33	22	22.000
CT	106	44	26	26.000
CT	105	35	26	26.000
CT	104	40	24	24.000
CT	103	37	21	21.000
CT	102	38	23	23.000
CT	101	21	11	11.000
CT	100	20	11	11.000
CT	99	25	12	12.000
CT	98	30	10	10.000
CT	97	44	10	10.000
CT	96	35	9	9.000
CT	95	23	7	7.000
CT	94	20	6	6.000
CT	93	21	3	3.000
CT	92	28	5	5.000
CT	91	26	6	6.000
CT	90	24	4	4.000
CT	89	36	6	6.000
CT	88	43	3	3.000
CT	87	43	6	6.000
CT	86	43	9	9.000
CT	85	46	9	9.000
CT	84	38	5	5.000
CT	83	56	9	9.000
CT	82	59	6	6.000
CT	81	58	3	3.000
CT	80	64	2	2.000
CT	79	71	8	8.000
CT	78	74	5	5.000
CT	77	82	3	3.000
CT	76	107	7	7.000
CT	75	113	3	3.000
CT	74	86	1	1.000
CT	73	104	1	1.000
CT	72	78	0	0.000
CT	71	122	0	0.000
CT	70	133	0	0.000
CT	69	168	0	0.000
CT	68	199	0	0.000
CT	67	223	0	0.000
CT	66	239	0	0.000
CT	65	225	0	0.000
CT	64	249	0	0.000
CT	63	292	1	1.000
CT	62	285	0	0.000
CT	61	285	0	0.000
CT	60	358	0	0.000
CT	59	334	0	0.000
CT	58	344	0	0.000
CT	57	426	0	0.000
CT	56	447	0	0.000
CT	55	553	0	0.000
CT	54	556	1	0.999
CT	53	639	0	0.000
CT	52	701	1	0.999
CT	51	892	2	1.999
CT	50	939	1	0.999
CT	49	1035	2	1.999
CT	48	1171	0	0.000
CT	47	1362	2	1.999
CT	46	1446	0	0.000
CT	45	1665	1	0.998
CT	44	1761	6	5.998
CT	43	1976	10	9.998
CT	42	2220	25	24.998
CT	41	2421	18	17.998
CT	40	2571	18	17.998
CT	39	2863	29	28.997
CT	38	3091	64	63.997
CT	37	3373	57	56.997
CT	36	3794	83	82.996
CT	35	4340	156	155.996
CT	34	4811	164	163.996
CT	33	5860	314	313.995
CT	32	6375	340	339.994
CT	31	7103	418	417.994
CT	30	7991	469	468.993
CT	29	9059	650	649.992
CT	28	10379	749	748.991
CT	27	11693	905	904.990
CT	26	12906	787	786.988
CT	25	14329	968	967.987
CT	24	16074	1053	1052.986
CT	23	18393	1037	1036.983
CT	22	20696	977	976.981
CT	21	23511	964	963.978
CT	20	27701	974	973.974
CT	19	30906	777	776.971
CT	18	35431	770	769.967
CT	17	40514	792	791.962
CT	16	46353	639	638.956
CT	15	55306	543	542.947
CT	14	67299	419	418.936
CT	13	81744	247	246.922
CT	12	101661	188	187.902
CT	11	128986	183	182.876
CT	10	170433	103	102.836
CT	9	225477	48	47.783
CT	8	317744	12	11.694
CT	7	473435	4	3.545
CT	6	749178	0	0.000
CT	5	1308712	0	0.000
CT	4	2574553	0	0.000
CT	3	6014834	6	-nan
CT	2	18166948	15	-nan
CT	1	0	0	-nan
CT	0	0	1118	-nan
FR	9.77e-07	0
ER	4215275	0.000
CV	0.985
QV	50.677	50.677
