HS	1023	0	6472	6472
HS	1022	0	5	6477
HS	1021	0	5	6482
HS	1020	0	7	6489
HS	1019	0	2	6491
HS	1018	0	2	6493
HS	1017	0	3	6496
HS	1016	0	5	6501
HS	1015	0	7	6508
HS	1014	0	11	6519
HS	1013	0	5	6524
HS	1012	0	7	6531
HS	1011	0	4	6535
HS	1010	0	2	6537
HS	1009	0	3	6540
HS	1008	0	5	6545
HS	1007	0	2	6547
HS	1006	0	2	6549
HS	1005	0	4	6553
HS	1004	0	2	6555
HS	1003	0	2	6557
HS	1002	0	1	6558
HS	1001	0	1	6559
HS	1000	0	3	6562
HS	999	0	2	6564
HS	998	0	5	6569
HS	997	0	2	6571
HS	996	0	4	6575
HS	995	0	1	6576
HS	994	0	2	6578
HS	993	0	2	6580
HS	992	0	0	6580
HS	991	0	4	6584
HS	990	0	2	6586
HS	989	0	2	6588
HS	988	0	4	6592
HS	987	0	1	6593
HS	986	0	1	6594
HS	985	0	1	6595
HS	984	0	2	6597
HS	983	0	4	6601
HS	982	0	2	6603
HS	981	0	3	6606
HS	980	0	2	6608
HS	979	0	2	6610
HS	978	0	5	6615
HS	977	0	2	6617
HS	976	0	4	6621
HS	975	0	5	6626
HS	974	0	1	6627
HS	973	0	4	6631
HS	972	0	2	6633
HS	971	0	3	6636
HS	970	0	5	6641
HS	969	0	3	6644
HS	968	0	5	6649
HS	967	0	3	6652
HS	966	0	5	6657
HS	965	0	4	6661
HS	964	0	4	6665
HS	963	0	8	6673
HS	962	0	5	6678
HS	961	0	9	6687
HS	960	0	3	6690
HS	959	0	10	6700
HS	958	0	7	6707
HS	957	0	11	6718
HS	956	0	13	6731
HS	955	0	7	6738
HS	954	0	7	6745
HS	953	0	6	6751
HS	952	0	4	6755
HS	951	0	7	6762
HS	950	0	1	6763
HS	949	0	4	6767
HS	948	0	5	6772
HS	947	0	5	6777
HS	946	0	5	6782
HS	945	0	5	6787
HS	944	0	6	6793
HS	943	0	7	6800
HS	942	0	5	6805
HS	941	0	11	6816
HS	940	0	10	6826
HS	939	0	7	6833
HS	938	0	11	6844
HS	937	0	10	6854
HS	936	0	10	6864
HS	935	0	5	6869
HS	934	0	12	6881
HS	933	0	6	6887
HS	932	0	8	6895
HS	931	0	11	6906
HS	930	0	11	6917
HS	929	0	11	6928
HS	928	0	7	6935
HS	927	0	9	6944
HS	926	0	10	6954
HS	925	0	9	6963
HS	924	0	4	6967
HS	923	0	7	6974
HS	922	0	16	6990
HS	921	0	6	6996
HS	920	0	14	7010
HS	919	0	8	7018
HS	918	0	10	7028
HS	917	0	12	7040
HS	916	0	20	7060
HS	915	0	14	7074
HS	914	0	13	7087
HS	913	0	12	7099
HS	912	0	7	7106
HS	911	0	10	7116
HS	910	0	10	7126
HS	909	0	7	7133
HS	908	0	20	7153
HS	907	0	13	7166
HS	906	0	16	7182
HS	905	0	6	7188
HS	904	0	6	7194
HS	903	0	8	7202
HS	902	0	9	7211
HS	901	0	5	7216
HS	900	0	7	7223
HS	899	0	11	7234
HS	898	0	9	7243
HS	897	0	9	7252
HS	896	0	7	7259
HS	895	0	5	7264
HS	894	0	10	7274
HS	893	0	10	7284
HS	892	0	10	7294
HS	891	0	9	7303
HS	890	0	13	7316
HS	889	0	8	7324
HS	888	0	7	7331
HS	887	0	11	7342
HS	886	0	15	7357
HS	885	0	6	7363
HS	884	0	14	7377
HS	883	0	9	7386
HS	882	0	6	7392
HS	881	0	6	7398
HS	880	0	9	7407
HS	879	0	6	7413
HS	878	0	7	7420
HS	877	0	6	7426
HS	876	0	6	7432
HS	875	0	12	7444
HS	874	0	7	7451
HS	873	0	8	7459
HS	872	0	5	7464
HS	871	0	8	7472
HS	870	0	16	7488
HS	869	0	11	7499
HS	868	0	13	7512
HS	867	0	11	7523
HS	866	0	12	7535
HS	865	0	10	7545
HS	864	0	12	7557
HS	863	0	7	7564
HS	862	0	15	7579
HS	861	0	8	7587
HS	860	0	17	7604
HS	859	0	18	7622
HS	858	0	13	7635
HS	857	0	14	7649
HS	856	0	7	7656
HS	855	0	8	7664
HS	854	0	16	7680
HS	853	0	10	7690
HS	852	0	7	7697
HS	851	0	12	7709
HS	850	0	19	7728
HS	849	0	7	7735
HS	848	0	12	7747
HS	847	0	9	7756
HS	846	0	7	7763
HS	845	0	14	7777
HS	844	0	9	7786
HS	843	0	10	7796
HS	842	0	11	7807
HS	841	0	12	7819
HS	840	0	9	7828
HS	839	0	11	7839
HS	838	0	12	7851
HS	837	0	11	7862
HS	836	0	9	7871
HS	835	0	11	7882
HS	834	0	7	7889
HS	833	0	15	7904
HS	832	0	9	7913
HS	831	0	12	7925
HS	830	0	9	7934
HS	829	0	8	7942
HS	828	0	13	7955
HS	827	0	13	7968
HS	826	0	12	7980
HS	825	0	9	7989
HS	824	0	6	7995
HS	823	0	10	8005
HS	822	0	7	8012
HS	821	0	5	8017
HS	820	0	9	8026
HS	819	0	10	8036
HS	818	0	10	8046
HS	817	0	8	8054
HS	816	0	10	8064
HS	815	0	9	8073
HS	814	0	7	8080
HS	813	0	18	8098
HS	812	0	9	8107
HS	811	0	16	8123
HS	810	0	14	8137
HS	809	0	11	8148
HS	808	0	10	8158
HS	807	0	9	8167
HS	806	0	10	8177
HS	805	0	7	8184
HS	804	0	5	8189
HS	803	0	12	8201
HS	802	0	12	8213
HS	801	0	5	8218
HS	800	0	15	8233
HS	799	0	11	8244
HS	798	0	7	8251
HS	797	0	13	8264
HS	796	0	9	8273
HS	795	0	12	8285
HS	794	0	8	8293
HS	793	0	12	8305
HS	792	0	22	8327
HS	791	0	14	8341
HS	790	0	13	8354
HS	789	0	21	8375
HS	788	0	12	8387
HS	787	0	8	8395
HS	786	0	12	8407
HS	785	0	11	8418
HS	784	0	15	8433
HS	783	0	22	8455
HS	782	0	12	8467
HS	781	0	18	8485
HS	780	0	20	8505
HS	779	0	15	8520
HS	778	0	14	8534
HS	777	0	31	8565
HS	776	0	22	8587
HS	775	0	26	8613
HS	774	0	12	8625
HS	773	0	19	8644
HS	772	0	17	8661
HS	771	0	12	8673
HS	770	0	12	8685
HS	769	0	20	8705
HS	768	0	19	8724
HS	767	0	16	8740
HS	766	0	12	8752
HS	765	0	18	8770
HS	764	0	13	8783
HS	763	0	16	8799
HS	762	0	13	8812
HS	761	0	14	8826
HS	760	0	23	8849
HS	759	0	16	8865
HS	758	0	23	8888
HS	757	0	15	8903
HS	756	0	30	8933
HS	755	0	34	8967
HS	754	0	19	8986
HS	753	0	18	9004
HS	752	0	23	9027
HS	751	0	21	9048
HS	750	0	18	9066
HS	749	0	24	9090
HS	748	0	22	9112
HS	747	0	27	9139
HS	746	0	20	9159
HS	745	0	14	9173
HS	744	0	27	9200
HS	743	0	27	9227
HS	742	0	29	9256
HS	741	0	27	9283
HS	740	0	16	9299
HS	739	0	16	9315
HS	738	0	26	9341
HS	737	0	21	9362
HS	736	0	23	9385
HS	735	0	27	9412
HS	734	0	19	9431
HS	733	0	20	9451
HS	732	0	23	9474
HS	731	0	23	9497
HS	730	0	31	9528
HS	729	0	23	9551
HS	728	0	24	9575
HS	727	0	36	9611
HS	726	0	27	9638
HS	725	0	31	9669
HS	724	0	34	9703
HS	723	0	33	9736
HS	722	0	29	9765
HS	721	0	37	9802
HS	720	0	41	9843
HS	719	0	44	9887
HS	718	0	47	9934
HS	717	0	37	9971
HS	716	0	65	10036
HS	715	0	64	10100
HS	714	0	51	10151
HS	713	0	69	10220
HS	712	0	61	10281
HS	711	0	65	10346
HS	710	0	65	10411
HS	709	0	54	10465
HS	708	0	50	10515
HS	707	0	56	10571
HS	706	0	40	10611
HS	705	0	50	10661
HS	704	0	74	10735
HS	703	0	73	10808
HS	702	0	66	10874
HS	701	0	80	10954
HS	700	0	71	11025
HS	699	0	72	11097
HS	698	0	78	11175
HS	697	0	71	11246
HS	696	0	77	11323
HS	695	0	87	11410
HS	694	0	82	11492
HS	693	0	98	11590
HS	692	0	64	11654
HS	691	0	75	11729
HS	690	0	83	11812
HS	689	0	79	11891
HS	688	0	83	11974
HS	687	0	83	12057
HS	686	0	85	12142
HS	685	0	91	12233
HS	684	0	88	12321
HS	683	0	102	12423
HS	682	0	97	12520
HS	681	0	93	12613
HS	680	0	102	12715
HS	679	0	106	12821
HS	678	0	103	12924
HS	677	0	134	13058
HS	676	0	127	13185
HS	675	0	126	13311
HS	674	0	116	13427
HS	673	0	123	13550
HS	672	0	136	13686
HS	671	0	145	13831
HS	670	0	157	13988
HS	669	0	151	14139
HS	668	0	128	14267
HS	667	0	135	14402
HS	666	0	164	14566
HS	665	0	157	14723
HS	664	0	165	14888
HS	663	0	155	15043
HS	662	0	156	15199
HS	661	0	157	15356
HS	660	0	151	15507
HS	659	0	171	15678
HS	658	0	176	15854
HS	657	0	180	16034
HS	656	0	179	16213
HS	655	0	194	16407
HS	654	0	178	16585
HS	653	0	201	16786
HS	652	0	189	16975
HS	651	0	196	17171
HS	650	0	195	17366
HS	649	0	212	17578
HS	648	0	204	17782
HS	647	0	224	18006
HS	646	0	226	18232
HS	645	0	228	18460
HS	644	0	209	18669
HS	643	0	246	18915
HS	642	0	231	19146
HS	641	0	265	19411
HS	640	0	258	19669
HS	639	0	263	19932
HS	638	0	273	20205
HS	637	0	318	20523
HS	636	0	316	20839
HS	635	0	288	21127
HS	634	0	294	21421
HS	633	0	334	21755
HS	632	0	314	22069
HS	631	0	382	22451
HS	630	0	354	22805
HS	629	0	324	23129
HS	628	0	338	23467
HS	627	0	371	23838
HS	626	0	369	24207
HS	625	0	420	24627
HS	624	0	400	25027
HS	623	0	407	25434
HS	622	0	435	25869
HS	621	0	406	26275
HS	620	0	450	26725
HS	619	0	433	27158
HS	618	0	479	27637
HS	617	0	456	28093
HS	616	0	544	28637
HS	615	0	513	29150
HS	614	0	522	29672
HS	613	0	541	30213
HS	612	0	536	30749
HS	611	0	538	31287
HS	610	0	560	31847
HS	609	0	581	32428
HS	608	0	644	33072
HS	607	0	627	33699
HS	606	0	622	34321
HS	605	0	616	34937
HS	604	0	627	35564
HS	603	0	654	36218
HS	602	0	689	36907
HS	601	0	656	37563
HS	600	0	737	38300
HS	599	0	729	39029
HS	598	0	766	39795
HS	597	0	775	40570
HS	596	0	782	41352
HS	595	0	805	42157
HS	594	0	853	43010
HS	593	0	840	43850
HS	592	0	877	44727
HS	591	0	851	45578
HS	590	0	881	46459
HS	589	0	901	47360
HS	588	0	930	48290
HS	587	0	984	49274
HS	586	0	952	50226
HS	585	0	990	51216
HS	584	0	1042	52258
HS	583	0	1065	53323
HS	582	0	1084	54407
HS	581	0	1087	55494
HS	580	0	1084	56578
HS	579	0	1136	57714
HS	578	0	1145	58859
HS	577	0	1178	60037
HS	576	0	1216	61253
HS	575	0	1226	62479
HS	574	0	1285	63764
HS	573	0	1286	65050
HS	572	0	1327	66377
HS	571	0	1249	67626
HS	570	0	1301	68927
HS	569	0	1367	70294
HS	568	0	1329	71623
HS	567	0	1336	72959
HS	566	0	1459	74418
HS	565	0	1439	75857
HS	564	0	1518	77375
HS	563	0	1517	78892
HS	562	0	1571	80463
HS	561	0	1559	82022
HS	560	0	1627	83649
HS	559	0	1591	85240
HS	558	0	1710	86950
HS	557	0	1777	88727
HS	556	0	1802	90529
HS	555	0	1808	92337
HS	554	0	1890	94227
HS	553	0	1942	96169
HS	552	0	1936	98105
HS	551	0	1935	100040
HS	550	0	2067	102107
HS	549	0	2019	104126
HS	548	0	2130	106256
HS	547	0	2134	108390
HS	546	0	2231	110621
HS	545	0	2284	112905
HS	544	0	2355	115260
HS	543	0	2243	117503
HS	542	0	2430	119933
HS	541	0	2444	122377
HS	540	0	2494	124871
HS	539	0	2595	127466
HS	538	0	2549	130015
HS	537	0	2767	132782
HS	536	0	2686	135468
HS	535	0	2742	138210
HS	534	0	2761	140971
HS	533	0	2763	143734
HS	532	0	2850	146584
HS	531	0	2838	149422
HS	530	0	2903	152325
HS	529	0	3035	155360
HS	528	0	3041	158401
HS	527	0	3057	161458
HS	526	0	3092	164550
HS	525	0	3118	167668
HS	524	0	3229	170897
HS	523	0	3237	174134
HS	522	0	3354	177488
HS	521	0	3386	180874
HS	520	0	3414	184288
HS	519	0	3491	187779
HS	518	0	3578	191357
HS	517	0	3562	194919
HS	516	0	3722	198641
HS	515	0	3800	202441
HS	514	0	3764	206205
HS	513	0	3954	210159
HS	512	0	3923	214082
HS	511	0	4108	218190
HS	510	0	4033	222223
HS	509	0	4198	226421
HS	508	0	4255	230676
HS	507	0	4381	235057
HS	506	0	4383	239440
HS	505	0	4552	243992
HS	504	0	4569	248561
HS	503	0	4612	253173
HS	502	0	4770	257943
HS	501	0	4930	262873
HS	500	0	4914	267787
HS	499	0	5087	272874
HS	498	0	5202	278076
HS	497	0	5153	283229
HS	496	0	5456	288685
HS	495	0	5513	294198
HS	494	0	5411	299609
HS	493	0	5617	305226
HS	492	0	5786	311012
HS	491	0	5776	316788
HS	490	0	5875	322663
HS	489	0	5966	328629
HS	488	0	6208	334837
HS	487	0	6092	340929
HS	486	0	6363	347292
HS	485	0	6439	353731
HS	484	0	6684	360415
HS	483	0	6652	367067
HS	482	0	6883	373950
HS	481	0	6750	380700
HS	480	0	6950	387650
HS	479	0	6976	394626
HS	478	0	7136	401762
HS	477	0	7364	409126
HS	476	0	7317	416443
HS	475	0	7350	423793
HS	474	0	7434	431227
HS	473	0	7606	438833
HS	472	0	7674	446507
HS	471	0	8021	454528
HS	470	0	8039	462567
HS	469	0	8320	470887
HS	468	0	8312	479199
HS	467	0	8369	487568
HS	466	0	8547	496115
HS	465	0	8650	504765
HS	464	0	8716	513481
HS	463	0	8968	522449
HS	462	0	9018	531467
HS	461	0	8873	540340
HS	460	0	9211	549551
HS	459	0	9250	558801
HS	458	0	9363	568164
HS	457	0	9567	577731
HS	456	0	9717	587448
HS	455	0	9872	597320
HS	454	0	9922	607242
HS	453	0	10194	617436
HS	452	0	10312	627748
HS	451	0	10571	638319
HS	450	0	10433	648752
HS	449	0	10681	659433
HS	448	0	10830	670263
HS	447	0	10855	681118
HS	446	0	10971	692089
HS	445	0	11255	703344
HS	444	0	11578	714922
HS	443	0	11346	726268
HS	442	0	11465	737733
HS	441	0	11611	749344
HS	440	0	11984	761328
HS	439	0	12185	773513
HS	438	0	12109	785622
HS	437	0	12385	798007
HS	436	0	12527	810534
HS	435	0	12890	823424
HS	434	0	12906	836330
HS	433	0	12668	848998
HS	432	0	13081	862079
HS	431	0	13255	875334
HS	430	0	13513	888847
HS	429	0	13756	902603
HS	428	0	14054	916657
HS	427	0	13781	930438
HS	426	0	13912	944350
HS	425	0	14347	958697
HS	424	0	14398	973095
HS	423	0	14273	987368
HS	422	0	14535	1001903
HS	421	0	14766	1016669
HS	420	0	14991	1031660
HS	419	0	15163	1046823
HS	418	0	15497	1062320
HS	417	0	15406	1077726
HS	416	0	15714	1093440
HS	415	0	15834	1109274
HS	414	0	15910	1125184
HS	413	0	16092	1141276
HS	412	0	16091	1157367
HS	411	0	16180	1173547
HS	410	0	16486	1190033
HS	409	0	16659	1206692
HS	408	0	16769	1223461
HS	407	0	16993	1240454
HS	406	0	16838	1257292
HS	405	0	17128	1274420
HS	404	0	17290	1291710
HS	403	0	17700	1309410
HS	402	0	17444	1326854
HS	401	0	17861	1344715
HS	400	0	17856	1362571
HS	399	0	17929	1380500
HS	398	0	18219	1398719
HS	397	0	18067	1416786
HS	396	0	18385	1435171
HS	395	0	18651	1453822
HS	394	0	18676	1472498
HS	393	0	18805	1491303
HS	392	0	18827	1510130
HS	391	0	18963	1529093
HS	390	0	19147	1548240
HS	389	0	19230	1567470
HS	388	0	19453	1586923
HS	387	0	19695	1606618
HS	386	0	19672	1626290
HS	385	0	19760	1646050
HS	384	0	20293	1666343
HS	383	0	20234	1686577
HS	382	0	20165	1706742
HS	381	0	20009	1726751
HS	380	0	20017	1746768
HS	379	0	20220	1766988
HS	378	0	20589	1787577
HS	377	0	20645	1808222
HS	376	0	20862	1829084
HS	375	0	20778	1849862
HS	374	0	21032	1870894
HS	373	0	21069	1891963
HS	372	0	21344	1913307
HS	371	0	21267	1934574
HS	370	0	21330	1955904
HS	369	0	21159	1977063
HS	368	0	21525	1998588
HS	367	0	21702	2020290
HS	366	0	21495	2041785
HS	365	0	21826	2063611
HS	364	0	21629	2085240
HS	363	0	21746	2106986
HS	362	0	21606	2128592
HS	361	0	21904	2150496
HS	360	0	21864	2172360
HS	359	0	21727	2194087
HS	358	0	21933	2216020
HS	357	0	21814	2237834
HS	356	0	21903	2259737
HS	355	0	21751	2281488
HS	354	0	22040	2303528
HS	353	0	21745	2325273
HS	352	0	21997	2347270
HS	351	0	21945	2369215
HS	350	0	22130	2391345
HS	349	0	22300	2413645
HS	348	0	22031	2435676
HS	347	0	22150	2457826
HS	346	0	22069	2479895
HS	345	0	21822	2501717
HS	344	0	22111	2523828
HS	343	0	22005	2545833
HS	342	0	21965	2567798
HS	341	0	21949	2589747
HS	340	0	21620	2611367
HS	339	0	21845	2633212
HS	338	0	21841	2655053
HS	337	0	21708	2676761
HS	336	0	21651	2698412
HS	335	0	21633	2720045
HS	334	0	21497	2741542
HS	333	0	21499	2763041
HS	332	0	21515	2784556
HS	331	0	21501	2806057
HS	330	0	21592	2827649
HS	329	0	21524	2849173
HS	328	0	21250	2870423
HS	327	0	21026	2891449
HS	326	0	20742	2912191
HS	325	0	21194	2933385
HS	324	0	20561	2953946
HS	323	0	20693	2974639
HS	322	0	20603	2995242
HS	321	0	20493	3015735
HS	320	0	20298	3036033
HS	319	0	20167	3056200
HS	318	0	20124	3076324
HS	317	0	19708	3096032
HS	316	0	19792	3115824
HS	315	0	19846	3135670
HS	314	0	19651	3155321
HS	313	0	19696	3175017
HS	312	0	19363	3194380
HS	311	0	19205	3213585
HS	310	0	19101	3232686
HS	309	0	18842	3251528
HS	308	0	18849	3270377
HS	307	0	18614	3288991
HS	306	0	18324	3307315
HS	305	0	18148	3325463
HS	304	0	17827	3343290
HS	303	0	18181	3361471
HS	302	0	17620	3379091
HS	301	0	17301	3396392
HS	300	0	17152	3413544
HS	299	0	17076	3430620
HS	298	0	16884	3447504
HS	297	0	16550	3464054
HS	296	0	16354	3480408
HS	295	0	16157	3496565
HS	294	0	15912	3512477
HS	293	0	15717	3528194
HS	292	0	15368	3543562
HS	291	0	15392	3558954
HS	290	0	14973	3573927
HS	289	0	15147	3589074
HS	288	0	14677	3603751
HS	287	0	14595	3618346
HS	286	0	14189	3632535
HS	285	0	14103	3646638
HS	284	0	13564	3660202
HS	283	0	13392	3673594
HS	282	0	13376	3686970
HS	281	0	13346	3700316
HS	280	0	13198	3713514
HS	279	0	12990	3726504
HS	278	0	12792	3739296
HS	277	0	12805	3752101
HS	276	0	12118	3764219
HS	275	0	12243	3776462
HS	274	0	11982	3788444
HS	273	0	11501	3799945
HS	272	0	11549	3811494
HS	271	0	11497	3822991
HS	270	0	11243	3834234
HS	269	0	10975	3845209
HS	268	0	10754	3855963
HS	267	0	10396	3866359
HS	266	0	10466	3876825
HS	265	0	10184	3887009
HS	264	0	9996	3897005
HS	263	0	9899	3906904
HS	262	0	9704	3916608
HS	261	0	9410	3926018
HS	260	0	9065	3935083
HS	259	0	9086	3944169
HS	258	0	8975	3953144
HS	257	0	8493	3961637
HS	256	0	8307	3969944
HS	255	0	8226	3978170
HS	254	0	7977	3986147
HS	253	0	7804	3993951
HS	252	0	7786	4001737
HS	251	0	7514	4009251
HS	250	0	7445	4016696
HS	249	0	7278	4023974
HS	248	0	6949	4030923
HS	247	0	6836	4037759
HS	246	0	6694	4044453
HS	245	0	6399	4050852
HS	244	0	6294	4057146
HS	243	0	6289	4063435
HS	242	0	5983	4069418
HS	241	0	5679	4075097
HS	240	0	5661	4080758
HS	239	0	5499	4086257
HS	238	0	5275	4091532
HS	237	0	5210	4096742
HS	236	0	5134	4101876
HS	235	0	4924	4106800
HS	234	0	4705	4111505
HS	233	0	4586	4116091
HS	232	0	4389	4120480
HS	231	0	4237	4124717
HS	230	0	4176	4128893
HS	229	0	3901	4132794
HS	228	0	3846	4136640
HS	227	0	3709	4140349
HS	226	0	3649	4143998
HS	225	0	3481	4147479
HS	224	0	3366	4150845
HS	223	0	3303	4154148
HS	222	0	3171	4157319
HS	221	0	3049	4160368
HS	220	0	2864	4163232
HS	219	0	2881	4166113
HS	218	0	2755	4168868
HS	217	0	2593	4171461
HS	216	0	2531	4173992
HS	215	0	2419	4176411
HS	214	0	2393	4178804
HS	213	0	2279	4181083
HS	212	0	2196	4183279
HS	211	0	2171	4185450
HS	210	0	2066	4187516
HS	209	0	1922	4189438
HS	208	0	1854	4191292
HS	207	0	1831	4193123
HS	206	0	1720	4194843
HS	205	0	1739	4196582
HS	204	0	1669	4198251
HS	203	0	1552	4199803
HS	202	0	1487	4201290
HS	201	0	1390	4202680
HS	200	0	1323	4204003
HS	199	0	1253	4205256
HS	198	0	1301	4206557
HS	197	0	1223	4207780
HS	196	0	1101	4208881
HS	195	0	1051	4209932
HS	194	0	1052	4210984
HS	193	0	1018	4212002
HS	192	0	965	4212967
HS	191	0	893	4213860
HS	190	0	967	4214827
HS	189	0	804	4215631
HS	188	0	795	4216426
HS	187	0	811	4217237
HS	186	0	750	4217987
HS	185	0	730	4218717
HS	184	0	722	4219439
HS	183	0	684	4220123
HS	182	0	654	4220777
HS	181	0	628	4221405
HS	180	0	624	4222029
HS	179	0	546	4222575
HS	178	0	497	4223072
HS	177	0	503	4223575
HS	176	0	513	4224088
HS	175	0	495	4224583
HS	174	0	472	4225055
HS	173	0	451	4225506
HS	172	0	436	4225942
HS	171	0	383	4226325
HS	170	0	368	4226693
HS	169	0	374	4227067
HS	168	0	391	4227458
HS	167	0	369	4227827
HS	166	0	353	4228180
HS	165	0	300	4228480
HS	164	0	297	4228777
HS	163	0	285	4229062
HS	162	0	286	4229348
HS	161	0	291	4229639
HS	160	0	259	4229898
HS	159	0	262	4230160
HS	158	0	256	4230416
HS	157	0	254	4230670
HS	156	0	270	4230940
HS	155	0	226	4231166
HS	154	0	213	4231379
HS	153	0	191	4231570
HS	152	0	192	4231762
HS	151	0	161	4231923
HS	150	0	164	4232087
HS	149	0	168	4232255
HS	148	0	154	4232409
HS	147	0	149	4232558
HS	146	0	169	4232727
HS	145	0	134	4232861
HS	144	0	119	4232980
HS	143	0	132	4233112
HS	142	0	110	4233222
HS	141	0	122	4233344
HS	140	0	110	4233454
HS	139	0	108	4233562
HS	138	0	109	4233671
HS	137	0	102	4233773
HS	136	0	109	4233882
HS	135	0	99	4233981
HS	134	0	90	4234071
HS	133	0	95	4234166
HS	132	0	68	4234234
HS	131	0	65	4234299
HS	130	0	87	4234386
HS	129	0	82	4234468
HS	128	0	86	4234554
HS	127	0	94	4234648
HS	126	0	87	4234735
HS	125	0	90	4234825
HS	124	0	80	4234905
HS	123	0	85	4234990
HS	122	0	65	4235055
HS	121	0	59	4235114
HS	120	0	52	4235166
HS	119	0	64	4235230
HS	118	0	59	4235289
HS	117	0	46	4235335
HS	116	0	65	4235400
HS	115	0	45	4235445
HS	114	0	42	4235487
HS	113	0	47	4235534
HS	112	0	40	4235574
HS	111	0	45	4235619
HS	110	0	34	4235653
HS	109	0	39	4235692
HS	108	0	38	4235730
HS	107	0	33	4235763
HS	106	0	44	4235807
HS	105	0	35	4235842
HS	104	0	40	4235882
HS	103	0	37	4235919
HS	102	0	38	4235957
HS	101	0	21	4235978
HS	100	0	20	4235998
HS	99	0	25	4236023
HS	98	0	30	4236053
HS	97	0	44	4236097
HS	96	0	35	4236132
HS	95	0	23	4236155
HS	94	0	20	4236175
HS	93	0	21	4236196
HS	92	0	28	4236224
HS	91	0	26	4236250
HS	90	0	24	4236274
HS	89	0	36	4236310
HS	88	0	43	4236353
HS	87	0	43	4236396
HS	86	0	43	4236439
HS	85	0	46	4236485
HS	84	0	38	4236523
HS	83	0	56	4236579
HS	82	0	59	4236638
HS	81	0	58	4236696
HS	80	0	64	4236760
HS	79	0	71	4236831
HS	78	0	74	4236905
HS	77	0	82	4236987
HS	76	0	107	4237094
HS	75	0	113	4237207
HS	74	0	86	4237293
HS	73	0	104	4237397
HS	72	0	78	4237475
HS	71	0	122	4237597
HS	70	0	133	4237730
HS	69	0	168	4237898
HS	68	0	199	4238097
HS	67	0	223	4238320
HS	66	0	239	4238559
HS	65	0	225	4238784
HS	64	0	249	4239033
HS	63	0	292	4239325
HS	62	0	285	4239610
HS	61	0	285	4239895
HS	60	0	358	4240253
HS	59	0	334	4240587
HS	58	0	344	4240931
HS	57	0	426	4241357
HS	56	0	447	4241804
HS	55	0	553	4242357
HS	54	0	556	4242913
HS	53	0	639	4243552
HS	52	0	701	4244253
HS	51	0	892	4245145
HS	50	0	939	4246084
HS	49	0	1035	4247119
HS	48	0	1171	4248290
HS	47	0	1362	4249652
HS	46	0	1446	4251098
HS	45	0	1665	4252763
HS	44	0	1761	4254524
HS	43	0	1976	4256500
HS	42	0	2220	4258720
HS	41	0	2421	4261141
HS	40	0	2571	4263712
HS	39	0	2863	4266575
HS	38	0	3091	4269666
HS	37	0	3373	4273039
HS	36	0	3794	4276833
HS	35	0	4340	4281173
HS	34	0	4811	4285984
HS	33	0	5860	4291844
HS	32	0	6375	4298219
HS	31	0	7103	4305322
HS	30	0	7991	4313313
HS	29	0	9059	4322372
HS	28	0	10379	4332751
HS	27	0	11693	4344444
HS	26	0	12906	4357350
HS	25	0	14329	4371679
HS	24	0	16074	4387753
HS	23	0	18393	4406146
HS	22	0	20696	4426842
HS	21	0	23511	4450353
HS	20	0	27701	4478054
HS	19	0	30906	4508960
HS	18	0	35431	4544391
HS	17	0	40514	4584905
HS	16	0	46353	4631258
HS	15	0	55306	4686564
HS	14	0	67299	4753863
HS	13	0	81744	4835607
HS	12	0	101661	4937268
HS	11	0	128986	5066254
HS	10	0	170433	5236687
HS	9	0	225477	5462164
HS	8	0	317744	5779908
HS	7	0	473435	6253343
HS	6	0	749178	7002521
HS	5	0	1308712	8311233
HS	4	0	2574553	10885786
HS	3	0	6014834	16900620
HS	2	0	18166948	35067568
HS	1	0	0	35067568
HS	0	0	0	35067568
