CC	CT  kmer_occurrence    short_read_kmer_count  raw_input_kmer_count  adjusted_input_kmer_count
CC	FR  fpr_lower_bound    fpr_upper_bound
CC	ER  total_input_kmers  adjusted_error_kmers
CC	CV  coverage
CC	QV  raw_quality_value  adjusted_quality_value
CC
SQ	CP128128.1	231868	231838	0	0.00
SQ	CP128127.1	299194	299164	0	0.00
SQ	CP128119.1	5172593	5172563	0	0.00
CT	1023	0	0	0.000
CT	1022	0	0	0.000
CT	1021	0	0	0.000
CT	1020	0	0	0.000
CT	1019	0	0	0.000
CT	1018	0	0	0.000
CT	1017	0	0	0.000
CT	1016	0	0	0.000
CT	1015	0	0	0.000
CT	1014	0	0	0.000
CT	1013	0	0	0.000
CT	1012	0	0	0.000
CT	1011	0	0	0.000
CT	1010	0	0	0.000
CT	1009	0	0	0.000
CT	1008	0	0	0.000
CT	1007	0	0	0.000
CT	1006	0	0	0.000
CT	1005	0	0	0.000
CT	1004	0	0	0.000
CT	1003	0	0	0.000
CT	1002	0	0	0.000
CT	1001	0	0	0.000
CT	1000	0	0	0.000
CT	999	0	0	0.000
CT	998	0	0	0.000
CT	997	0	0	0.000
CT	996	0	0	0.000
CT	995	0	0	0.000
CT	994	0	0	0.000
CT	993	0	0	0.000
CT	992	0	0	0.000
CT	991	0	0	0.000
CT	990	0	0	0.000
CT	989	0	0	0.000
CT	988	0	0	0.000
CT	987	0	0	0.000
CT	986	0	0	0.000
CT	985	0	0	0.000
CT	984	0	0	0.000
CT	983	0	0	0.000
CT	982	0	0	0.000
CT	981	0	0	0.000
CT	980	0	0	0.000
CT	979	0	0	0.000
CT	978	0	0	0.000
CT	977	0	0	0.000
CT	976	0	0	0.000
CT	975	0	0	0.000
CT	974	0	0	0.000
CT	973	0	0	0.000
CT	972	0	0	0.000
CT	971	0	0	0.000
CT	970	0	0	0.000
CT	969	0	0	0.000
CT	968	0	0	0.000
CT	967	0	0	0.000
CT	966	0	0	0.000
CT	965	0	0	0.000
CT	964	0	0	0.000
CT	963	0	0	0.000
CT	962	0	0	0.000
CT	961	0	0	0.000
CT	960	0	0	0.000
CT	959	0	0	0.000
CT	958	0	0	0.000
CT	957	0	0	0.000
CT	956	0	0	0.000
CT	955	0	0	0.000
CT	954	0	0	0.000
CT	953	0	0	0.000
CT	952	0	0	0.000
CT	951	0	0	0.000
CT	950	0	0	0.000
CT	949	0	0	0.000
CT	948	0	0	0.000
CT	947	0	0	0.000
CT	946	0	0	0.000
CT	945	0	0	0.000
CT	944	0	0	0.000
CT	943	0	0	0.000
CT	942	0	0	0.000
CT	941	0	0	0.000
CT	940	0	0	0.000
CT	939	0	0	0.000
CT	938	0	0	0.000
CT	937	0	0	0.000
CT	936	0	0	0.000
CT	935	0	0	0.000
CT	934	0	0	0.000
CT	933	0	0	0.000
CT	932	0	0	0.000
CT	931	0	0	0.000
CT	930	0	0	0.000
CT	929	0	0	0.000
CT	928	0	0	0.000
CT	927	0	0	0.000
CT	926	0	0	0.000
CT	925	0	0	0.000
CT	924	0	0	0.000
CT	923	0	0	0.000
CT	922	0	0	0.000
CT	921	0	0	0.000
CT	920	0	0	0.000
CT	919	0	0	0.000
CT	918	0	0	0.000
CT	917	0	0	0.000
CT	916	0	0	0.000
CT	915	0	0	0.000
CT	914	0	0	0.000
CT	913	0	0	0.000
CT	912	0	0	0.000
CT	911	0	0	0.000
CT	910	0	0	0.000
CT	909	0	0	0.000
CT	908	0	0	0.000
CT	907	0	0	0.000
CT	906	0	0	0.000
CT	905	0	0	0.000
CT	904	0	0	0.000
CT	903	0	0	0.000
CT	902	0	0	0.000
CT	901	0	0	0.000
CT	900	0	0	0.000
CT	899	0	0	0.000
CT	898	0	0	0.000
CT	897	0	0	0.000
CT	896	0	0	0.000
CT	895	0	0	0.000
CT	894	0	0	0.000
CT	893	0	0	0.000
CT	892	0	0	0.000
CT	891	0	0	0.000
CT	890	0	0	0.000
CT	889	0	0	0.000
CT	888	0	0	0.000
CT	887	0	0	0.000
CT	886	0	0	0.000
CT	885	0	0	0.000
CT	884	0	0	0.000
CT	883	0	0	0.000
CT	882	0	0	0.000
CT	881	0	0	0.000
CT	880	0	0	0.000
CT	879	0	0	0.000
CT	878	0	0	0.000
CT	877	0	0	0.000
CT	876	0	0	0.000
CT	875	0	0	0.000
CT	874	0	0	0.000
CT	873	0	0	0.000
CT	872	0	0	0.000
CT	871	0	0	0.000
CT	870	0	0	0.000
CT	869	0	0	0.000
CT	868	0	0	0.000
CT	867	0	0	0.000
CT	866	0	0	0.000
CT	865	0	0	0.000
CT	864	0	0	0.000
CT	863	0	0	0.000
CT	862	0	0	0.000
CT	861	0	0	0.000
CT	860	0	0	0.000
CT	859	0	0	0.000
CT	858	0	0	0.000
CT	857	0	0	0.000
CT	856	0	0	0.000
CT	855	0	0	0.000
CT	854	0	0	0.000
CT	853	0	0	0.000
CT	852	0	0	0.000
CT	851	0	0	0.000
CT	850	0	0	0.000
CT	849	0	0	0.000
CT	848	0	0	0.000
CT	847	0	0	0.000
CT	846	0	0	0.000
CT	845	0	0	0.000
CT	844	0	0	0.000
CT	843	0	0	0.000
CT	842	0	0	0.000
CT	841	0	0	0.000
CT	840	0	0	0.000
CT	839	0	0	0.000
CT	838	0	0	0.000
CT	837	0	0	0.000
CT	836	0	0	0.000
CT	835	0	0	0.000
CT	834	0	0	0.000
CT	833	0	0	0.000
CT	832	0	0	0.000
CT	831	0	0	0.000
CT	830	0	0	0.000
CT	829	0	0	0.000
CT	828	0	0	0.000
CT	827	0	0	0.000
CT	826	0	0	0.000
CT	825	0	0	0.000
CT	824	0	0	0.000
CT	823	0	0	0.000
CT	822	0	0	0.000
CT	821	0	0	0.000
CT	820	0	0	0.000
CT	819	0	0	0.000
CT	818	0	0	0.000
CT	817	0	0	0.000
CT	816	0	0	0.000
CT	815	0	0	0.000
CT	814	0	0	0.000
CT	813	0	0	0.000
CT	812	0	0	0.000
CT	811	0	0	0.000
CT	810	0	0	0.000
CT	809	0	0	0.000
CT	808	0	0	0.000
CT	807	0	0	0.000
CT	806	0	0	0.000
CT	805	0	0	0.000
CT	804	0	0	0.000
CT	803	0	0	0.000
CT	802	0	0	0.000
CT	801	0	0	0.000
CT	800	0	0	0.000
CT	799	0	0	0.000
CT	798	0	0	0.000
CT	797	0	0	0.000
CT	796	0	0	0.000
CT	795	0	0	0.000
CT	794	0	0	0.000
CT	793	0	0	0.000
CT	792	0	0	0.000
CT	791	0	0	0.000
CT	790	0	0	0.000
CT	789	0	0	0.000
CT	788	0	0	0.000
CT	787	0	0	0.000
CT	786	0	0	0.000
CT	785	0	0	0.000
CT	784	0	0	0.000
CT	783	0	0	0.000
CT	782	0	0	0.000
CT	781	0	0	0.000
CT	780	0	0	0.000
CT	779	0	0	0.000
CT	778	0	0	0.000
CT	777	0	0	0.000
CT	776	0	0	0.000
CT	775	0	0	0.000
CT	774	0	0	0.000
CT	773	0	0	0.000
CT	772	0	0	0.000
CT	771	0	0	0.000
CT	770	0	0	0.000
CT	769	0	0	0.000
CT	768	0	0	0.000
CT	767	0	0	0.000
CT	766	0	0	0.000
CT	765	0	0	0.000
CT	764	0	0	0.000
CT	763	0	0	0.000
CT	762	0	0	0.000
CT	761	0	0	0.000
CT	760	0	0	0.000
CT	759	0	0	0.000
CT	758	0	0	0.000
CT	757	0	0	0.000
CT	756	0	0	0.000
CT	755	0	0	0.000
CT	754	0	0	0.000
CT	753	0	0	0.000
CT	752	0	0	0.000
CT	751	0	0	0.000
CT	750	0	0	0.000
CT	749	0	0	0.000
CT	748	0	0	0.000
CT	747	0	0	0.000
CT	746	0	0	0.000
CT	745	0	0	0.000
CT	744	0	0	0.000
CT	743	0	0	0.000
CT	742	0	0	0.000
CT	741	0	0	0.000
CT	740	0	0	0.000
CT	739	0	0	0.000
CT	738	0	0	0.000
CT	737	0	0	0.000
CT	736	0	0	0.000
CT	735	0	0	0.000
CT	734	0	0	0.000
CT	733	0	0	0.000
CT	732	0	0	0.000
CT	731	0	0	0.000
CT	730	0	0	0.000
CT	729	0	0	0.000
CT	728	0	0	0.000
CT	727	0	0	0.000
CT	726	0	0	0.000
CT	725	0	0	0.000
CT	724	0	0	0.000
CT	723	0	0	0.000
CT	722	0	0	0.000
CT	721	0	0	0.000
CT	720	0	0	0.000
CT	719	0	0	0.000
CT	718	0	0	0.000
CT	717	0	0	0.000
CT	716	0	0	0.000
CT	715	0	0	0.000
CT	714	0	0	0.000
CT	713	0	0	0.000
CT	712	0	0	0.000
CT	711	0	0	0.000
CT	710	0	0	0.000
CT	709	0	0	0.000
CT	708	0	0	0.000
CT	707	0	0	0.000
CT	706	0	0	0.000
CT	705	0	0	0.000
CT	704	0	0	0.000
CT	703	0	0	0.000
CT	702	0	0	0.000
CT	701	0	0	0.000
CT	700	0	0	0.000
CT	699	0	0	0.000
CT	698	0	0	0.000
CT	697	0	0	0.000
CT	696	0	0	0.000
CT	695	0	0	0.000
CT	694	0	0	0.000
CT	693	0	0	0.000
CT	692	0	0	0.000
CT	691	0	0	0.000
CT	690	0	0	0.000
CT	689	0	0	0.000
CT	688	0	0	0.000
CT	687	0	0	0.000
CT	686	0	0	0.000
CT	685	0	0	0.000
CT	684	0	0	0.000
CT	683	0	0	0.000
CT	682	0	0	0.000
CT	681	0	0	0.000
CT	680	0	0	0.000
CT	679	0	0	0.000
CT	678	0	0	0.000
CT	677	0	0	0.000
CT	676	0	0	0.000
CT	675	0	0	0.000
CT	674	0	0	0.000
CT	673	0	0	0.000
CT	672	0	0	0.000
CT	671	0	0	0.000
CT	670	0	0	0.000
CT	669	0	0	0.000
CT	668	0	0	0.000
CT	667	0	0	0.000
CT	666	0	0	0.000
CT	665	0	0	0.000
CT	664	0	0	0.000
CT	663	0	0	0.000
CT	662	0	0	0.000
CT	661	0	0	0.000
CT	660	0	0	0.000
CT	659	0	0	0.000
CT	658	0	0	0.000
CT	657	0	0	0.000
CT	656	0	0	0.000
CT	655	0	0	0.000
CT	654	0	0	0.000
CT	653	0	0	0.000
CT	652	0	0	0.000
CT	651	0	0	0.000
CT	650	0	0	0.000
CT	649	0	0	0.000
CT	648	0	0	0.000
CT	647	0	0	0.000
CT	646	0	0	0.000
CT	645	0	0	0.000
CT	644	0	0	0.000
CT	643	0	0	0.000
CT	642	0	0	0.000
CT	641	0	0	0.000
CT	640	0	0	0.000
CT	639	0	0	0.000
CT	638	0	0	0.000
CT	637	0	0	0.000
CT	636	0	0	0.000
CT	635	0	0	0.000
CT	634	0	0	0.000
CT	633	0	0	0.000
CT	632	0	0	0.000
CT	631	0	0	0.000
CT	630	0	0	0.000
CT	629	0	0	0.000
CT	628	0	0	0.000
CT	627	0	0	0.000
CT	626	0	0	0.000
CT	625	0	0	0.000
CT	624	0	0	0.000
CT	623	0	0	0.000
CT	622	0	0	0.000
CT	621	0	0	0.000
CT	620	0	0	0.000
CT	619	0	0	0.000
CT	618	0	0	0.000
CT	617	0	0	0.000
CT	616	0	0	0.000
CT	615	0	0	0.000
CT	614	0	0	0.000
CT	613	0	0	0.000
CT	612	0	0	0.000
CT	611	0	0	0.000
CT	610	0	0	0.000
CT	609	0	0	0.000
CT	608	0	0	0.000
CT	607	0	0	0.000
CT	606	0	0	0.000
CT	605	0	0	0.000
CT	604	0	0	0.000
CT	603	0	0	0.000
CT	602	0	0	0.000
CT	601	0	0	0.000
CT	600	0	0	0.000
CT	599	0	0	0.000
CT	598	0	0	0.000
CT	597	0	0	0.000
CT	596	0	0	0.000
CT	595	0	0	0.000
CT	594	0	0	0.000
CT	593	0	0	0.000
CT	592	0	0	0.000
CT	591	0	0	0.000
CT	590	0	0	0.000
CT	589	0	0	0.000
CT	588	0	0	0.000
CT	587	0	0	0.000
CT	586	0	0	0.000
CT	585	0	0	0.000
CT	584	0	0	0.000
CT	583	0	0	0.000
CT	582	0	0	0.000
CT	581	0	0	0.000
CT	580	0	0	0.000
CT	579	0	0	0.000
CT	578	0	0	0.000
CT	577	0	0	0.000
CT	576	0	0	0.000
CT	575	0	0	0.000
CT	574	0	0	0.000
CT	573	0	0	0.000
CT	572	0	0	0.000
CT	571	0	0	0.000
CT	570	0	0	0.000
CT	569	0	0	0.000
CT	568	0	0	0.000
CT	567	0	0	0.000
CT	566	0	0	0.000
CT	565	0	0	0.000
CT	564	0	0	0.000
CT	563	0	0	0.000
CT	562	0	0	0.000
CT	561	0	0	0.000
CT	560	0	0	0.000
CT	559	0	0	0.000
CT	558	0	0	0.000
CT	557	0	0	0.000
CT	556	0	0	0.000
CT	555	0	0	0.000
CT	554	0	0	0.000
CT	553	0	0	0.000
CT	552	0	0	0.000
CT	551	0	0	0.000
CT	550	0	0	0.000
CT	549	0	0	0.000
CT	548	0	0	0.000
CT	547	0	0	0.000
CT	546	0	0	0.000
CT	545	0	0	0.000
CT	544	0	0	0.000
CT	543	0	0	0.000
CT	542	0	0	0.000
CT	541	0	0	0.000
CT	540	0	0	0.000
CT	539	0	0	0.000
CT	538	0	0	0.000
CT	537	0	0	0.000
CT	536	0	0	0.000
CT	535	0	0	0.000
CT	534	0	0	0.000
CT	533	0	0	0.000
CT	532	0	0	0.000
CT	531	0	0	0.000
CT	530	0	0	0.000
CT	529	0	0	0.000
CT	528	0	0	0.000
CT	527	0	0	0.000
CT	526	0	0	0.000
CT	525	0	0	0.000
CT	524	0	0	0.000
CT	523	0	0	0.000
CT	522	0	0	0.000
CT	521	0	0	0.000
CT	520	0	0	0.000
CT	519	0	0	0.000
CT	518	0	0	0.000
CT	517	0	0	0.000
CT	516	0	0	0.000
CT	515	0	0	0.000
CT	514	0	0	0.000
CT	513	0	0	0.000
CT	512	0	0	0.000
CT	511	0	0	0.000
CT	510	0	0	0.000
CT	509	0	0	0.000
CT	508	0	0	0.000
CT	507	0	0	0.000
CT	506	0	0	0.000
CT	505	0	0	0.000
CT	504	0	0	0.000
CT	503	0	0	0.000
CT	502	0	0	0.000
CT	501	0	0	0.000
CT	500	0	0	0.000
CT	499	0	0	0.000
CT	498	0	0	0.000
CT	497	0	0	0.000
CT	496	0	0	0.000
CT	495	0	0	0.000
CT	494	0	0	0.000
CT	493	0	0	0.000
CT	492	0	0	0.000
CT	491	0	0	0.000
CT	490	0	0	0.000
CT	489	0	0	0.000
CT	488	0	0	0.000
CT	487	0	0	0.000
CT	486	0	0	0.000
CT	485	0	0	0.000
CT	484	0	0	0.000
CT	483	0	0	0.000
CT	482	0	0	0.000
CT	481	0	0	0.000
CT	480	0	0	0.000
CT	479	0	0	0.000
CT	478	0	0	0.000
CT	477	0	0	0.000
CT	476	0	0	0.000
CT	475	0	0	0.000
CT	474	0	0	0.000
CT	473	0	0	0.000
CT	472	0	0	0.000
CT	471	0	0	0.000
CT	470	0	0	0.000
CT	469	0	0	0.000
CT	468	0	0	0.000
CT	467	0	0	0.000
CT	466	0	0	0.000
CT	465	0	0	0.000
CT	464	0	0	0.000
CT	463	0	0	0.000
CT	462	0	0	0.000
CT	461	0	0	0.000
CT	460	0	0	0.000
CT	459	0	0	0.000
CT	458	0	0	0.000
CT	457	0	0	0.000
CT	456	0	0	0.000
CT	455	0	0	0.000
CT	454	0	0	0.000
CT	453	0	0	0.000
CT	452	0	0	0.000
CT	451	0	0	0.000
CT	450	0	0	0.000
CT	449	0	0	0.000
CT	448	0	0	0.000
CT	447	0	0	0.000
CT	446	0	0	0.000
CT	445	0	0	0.000
CT	444	0	0	0.000
CT	443	0	0	0.000
CT	442	0	0	0.000
CT	441	0	0	0.000
CT	440	0	0	0.000
CT	439	0	0	0.000
CT	438	0	0	0.000
CT	437	0	0	0.000
CT	436	0	0	0.000
CT	435	0	0	0.000
CT	434	0	0	0.000
CT	433	0	0	0.000
CT	432	0	0	0.000
CT	431	0	0	0.000
CT	430	0	0	0.000
CT	429	0	0	0.000
CT	428	0	0	0.000
CT	427	0	0	0.000
CT	426	0	0	0.000
CT	425	0	0	0.000
CT	424	0	0	0.000
CT	423	0	0	0.000
CT	422	0	0	0.000
CT	421	0	0	0.000
CT	420	0	0	0.000
CT	419	0	0	0.000
CT	418	0	0	0.000
CT	417	0	0	0.000
CT	416	0	0	0.000
CT	415	0	0	0.000
CT	414	0	0	0.000
CT	413	0	0	0.000
CT	412	0	0	0.000
CT	411	0	0	0.000
CT	410	0	0	0.000
CT	409	0	0	0.000
CT	408	0	0	0.000
CT	407	0	0	0.000
CT	406	0	0	0.000
CT	405	0	0	0.000
CT	404	0	0	0.000
CT	403	0	0	0.000
CT	402	0	0	0.000
CT	401	0	0	0.000
CT	400	0	0	0.000
CT	399	0	0	0.000
CT	398	0	0	0.000
CT	397	0	0	0.000
CT	396	0	0	0.000
CT	395	0	0	0.000
CT	394	0	0	0.000
CT	393	0	0	0.000
CT	392	0	0	0.000
CT	391	0	0	0.000
CT	390	0	0	0.000
CT	389	0	0	0.000
CT	388	0	0	0.000
CT	387	0	0	0.000
CT	386	0	0	0.000
CT	385	0	0	0.000
CT	384	0	0	0.000
CT	383	0	0	0.000
CT	382	0	0	0.000
CT	381	0	0	0.000
CT	380	0	0	0.000
CT	379	0	0	0.000
CT	378	0	0	0.000
CT	377	0	0	0.000
CT	376	0	0	0.000
CT	375	0	0	0.000
CT	374	0	0	0.000
CT	373	0	0	0.000
CT	372	0	0	0.000
CT	371	0	0	0.000
CT	370	0	0	0.000
CT	369	0	0	0.000
CT	368	0	0	0.000
CT	367	0	0	0.000
CT	366	0	0	0.000
CT	365	0	0	0.000
CT	364	0	0	0.000
CT	363	0	0	0.000
CT	362	0	0	0.000
CT	361	0	0	0.000
CT	360	0	0	0.000
CT	359	0	0	0.000
CT	358	0	0	0.000
CT	357	0	0	0.000
CT	356	0	0	0.000
CT	355	0	0	0.000
CT	354	0	0	0.000
CT	353	0	0	0.000
CT	352	0	0	0.000
CT	351	0	0	0.000
CT	350	0	0	0.000
CT	349	0	0	0.000
CT	348	0	0	0.000
CT	347	0	0	0.000
CT	346	0	0	0.000
CT	345	0	0	0.000
CT	344	0	0	0.000
CT	343	0	0	0.000
CT	342	0	0	0.000
CT	341	0	0	0.000
CT	340	0	0	0.000
CT	339	0	0	0.000
CT	338	0	0	0.000
CT	337	0	0	0.000
CT	336	0	0	0.000
CT	335	0	0	0.000
CT	334	0	0	0.000
CT	333	0	0	0.000
CT	332	0	0	0.000
CT	331	0	0	0.000
CT	330	0	0	0.000
CT	329	0	0	0.000
CT	328	0	0	0.000
CT	327	0	0	0.000
CT	326	0	0	0.000
CT	325	0	0	0.000
CT	324	0	0	0.000
CT	323	0	0	0.000
CT	322	0	0	0.000
CT	321	0	0	0.000
CT	320	0	0	0.000
CT	319	0	0	0.000
CT	318	0	0	0.000
CT	317	0	0	0.000
CT	316	0	0	0.000
CT	315	0	0	0.000
CT	314	0	0	0.000
CT	313	0	0	0.000
CT	312	0	0	0.000
CT	311	0	0	0.000
CT	310	0	0	0.000
CT	309	0	0	0.000
CT	308	0	0	0.000
CT	307	0	0	0.000
CT	306	0	0	0.000
CT	305	0	0	0.000
CT	304	0	0	0.000
CT	303	0	0	0.000
CT	302	0	0	0.000
CT	301	0	0	0.000
CT	300	0	0	0.000
CT	299	0	0	0.000
CT	298	0	0	0.000
CT	297	0	0	0.000
CT	296	0	0	0.000
CT	295	0	0	0.000
CT	294	0	0	0.000
CT	293	0	0	0.000
CT	292	0	0	0.000
CT	291	0	0	0.000
CT	290	0	0	0.000
CT	289	0	0	0.000
CT	288	0	0	0.000
CT	287	0	0	0.000
CT	286	0	0	0.000
CT	285	0	0	0.000
CT	284	0	0	0.000
CT	283	0	0	0.000
CT	282	0	0	0.000
CT	281	0	0	0.000
CT	280	0	0	0.000
CT	279	0	0	0.000
CT	278	0	0	0.000
CT	277	0	0	0.000
CT	276	0	0	0.000
CT	275	0	0	0.000
CT	274	0	0	0.000
CT	273	0	0	0.000
CT	272	0	0	0.000
CT	271	0	0	0.000
CT	270	0	0	0.000
CT	269	0	0	0.000
CT	268	0	0	0.000
CT	267	0	0	0.000
CT	266	0	0	0.000
CT	265	0	0	0.000
CT	264	0	0	0.000
CT	263	0	0	0.000
CT	262	0	0	0.000
CT	261	0	0	0.000
CT	260	0	0	0.000
CT	259	0	0	0.000
CT	258	0	0	0.000
CT	257	0	0	0.000
CT	256	0	0	0.000
CT	255	0	0	0.000
CT	254	0	0	0.000
CT	253	0	0	0.000
CT	252	0	0	0.000
CT	251	0	0	0.000
CT	250	0	0	0.000
CT	249	0	0	0.000
CT	248	0	0	0.000
CT	247	0	0	0.000
CT	246	0	0	0.000
CT	245	0	0	0.000
CT	244	0	0	0.000
CT	243	0	0	0.000
CT	242	0	0	0.000
CT	241	0	0	0.000
CT	240	0	0	0.000
CT	239	0	0	0.000
CT	238	0	0	0.000
CT	237	0	0	0.000
CT	236	0	0	0.000
CT	235	0	0	0.000
CT	234	0	0	0.000
CT	233	0	0	0.000
CT	232	0	0	0.000
CT	231	0	0	0.000
CT	230	0	0	0.000
CT	229	0	0	0.000
CT	228	0	0	0.000
CT	227	0	0	0.000
CT	226	0	0	0.000
CT	225	0	0	0.000
CT	224	0	0	0.000
CT	223	0	0	0.000
CT	222	0	0	0.000
CT	221	0	0	0.000
CT	220	0	0	0.000
CT	219	0	0	0.000
CT	218	0	0	0.000
CT	217	0	0	0.000
CT	216	0	0	0.000
CT	215	0	0	0.000
CT	214	0	0	0.000
CT	213	0	0	0.000
CT	212	0	0	0.000
CT	211	0	0	0.000
CT	210	0	0	0.000
CT	209	0	0	0.000
CT	208	0	0	0.000
CT	207	0	0	0.000
CT	206	0	0	0.000
CT	205	0	0	0.000
CT	204	0	0	0.000
CT	203	0	0	0.000
CT	202	0	0	0.000
CT	201	0	0	0.000
CT	200	0	0	0.000
CT	199	0	0	0.000
CT	198	0	0	0.000
CT	197	0	0	0.000
CT	196	0	0	0.000
CT	195	0	0	0.000
CT	194	0	0	0.000
CT	193	0	0	0.000
CT	192	0	0	0.000
CT	191	0	0	0.000
CT	190	0	0	0.000
CT	189	0	0	0.000
CT	188	0	0	0.000
CT	187	0	0	0.000
CT	186	0	0	0.000
CT	185	0	0	0.000
CT	184	0	0	0.000
CT	183	0	0	0.000
CT	182	0	0	0.000
CT	181	0	0	0.000
CT	180	0	0	0.000
CT	179	0	0	0.000
CT	178	0	0	0.000
CT	177	0	0	0.000
CT	176	0	0	0.000
CT	175	0	0	0.000
CT	174	0	0	0.000
CT	173	0	0	0.000
CT	172	0	0	0.000
CT	171	0	0	0.000
CT	170	0	0	0.000
CT	169	0	0	0.000
CT	168	0	0	0.000
CT	167	0	0	0.000
CT	166	0	0	0.000
CT	165	0	0	0.000
CT	164	0	0	0.000
CT	163	0	0	0.000
CT	162	0	0	0.000
CT	161	0	0	0.000
CT	160	0	0	0.000
CT	159	0	0	0.000
CT	158	0	0	0.000
CT	157	0	0	0.000
CT	156	0	0	0.000
CT	155	0	0	0.000
CT	154	0	0	0.000
CT	153	0	0	0.000
CT	152	0	0	0.000
CT	151	0	0	0.000
CT	150	0	0	0.000
CT	149	0	0	0.000
CT	148	0	0	0.000
CT	147	0	0	0.000
CT	146	0	0	0.000
CT	145	0	0	0.000
CT	144	0	0	0.000
CT	143	0	0	0.000
CT	142	0	0	0.000
CT	141	0	0	0.000
CT	140	0	0	0.000
CT	139	0	0	0.000
CT	138	0	0	0.000
CT	137	0	0	0.000
CT	136	0	0	0.000
CT	135	0	0	0.000
CT	134	0	0	0.000
CT	133	0	0	0.000
CT	132	0	0	0.000
CT	131	0	0	0.000
CT	130	0	0	0.000
CT	129	0	0	0.000
CT	128	0	0	0.000
CT	127	0	0	0.000
CT	126	0	0	0.000
CT	125	0	0	0.000
CT	124	0	0	0.000
CT	123	0	0	0.000
CT	122	0	0	0.000
CT	121	0	0	0.000
CT	120	0	0	0.000
CT	119	0	0	0.000
CT	118	0	0	0.000
CT	117	0	0	0.000
CT	116	0	0	0.000
CT	115	0	0	0.000
CT	114	0	0	0.000
CT	113	0	0	0.000
CT	112	0	0	0.000
CT	111	0	0	0.000
CT	110	0	0	0.000
CT	109	0	0	0.000
CT	108	0	0	0.000
CT	107	0	0	0.000
CT	106	0	0	0.000
CT	105	0	0	0.000
CT	104	0	0	0.000
CT	103	0	0	0.000
CT	102	0	0	0.000
CT	101	0	0	0.000
CT	100	0	0	0.000
CT	99	0	0	0.000
CT	98	0	0	0.000
CT	97	0	0	0.000
CT	96	0	0	0.000
CT	95	0	0	0.000
CT	94	0	0	0.000
CT	93	0	0	0.000
CT	92	0	0	0.000
CT	91	0	0	0.000
CT	90	0	0	0.000
CT	89	0	0	0.000
CT	88	0	0	0.000
CT	87	0	0	0.000
CT	86	0	0	0.000
CT	85	0	0	0.000
CT	84	0	0	0.000
CT	83	0	0	0.000
CT	82	0	0	0.000
CT	81	0	0	0.000
CT	80	0	0	0.000
CT	79	0	0	0.000
CT	78	0	0	0.000
CT	77	0	0	0.000
CT	76	0	0	0.000
CT	75	0	0	0.000
CT	74	0	0	0.000
CT	73	0	0	0.000
CT	72	0	0	0.000
CT	71	0	0	0.000
CT	70	0	0	0.000
CT	69	0	0	0.000
CT	68	0	0	0.000
CT	67	0	0	0.000
CT	66	0	0	0.000
CT	65	0	0	0.000
CT	64	0	0	0.000
CT	63	0	0	0.000
CT	62	0	0	0.000
CT	61	0	0	0.000
CT	60	0	0	0.000
CT	59	0	0	0.000
CT	58	0	0	0.000
CT	57	0	0	0.000
CT	56	0	0	0.000
CT	55	0	0	0.000
CT	54	0	0	0.000
CT	53	0	0	0.000
CT	52	0	0	0.000
CT	51	0	0	0.000
CT	50	0	0	0.000
CT	49	0	0	0.000
CT	48	0	0	0.000
CT	47	0	0	0.000
CT	46	0	0	0.000
CT	45	0	0	0.000
CT	44	0	0	0.000
CT	43	0	0	0.000
CT	42	0	0	0.000
CT	41	0	0	0.000
CT	40	0	0	0.000
CT	39	0	0	0.000
CT	38	0	0	0.000
CT	37	0	0	0.000
CT	36	0	0	0.000
CT	35	0	0	0.000
CT	34	0	0	0.000
CT	33	0	0	0.000
CT	32	0	0	0.000
CT	31	0	0	0.000
CT	30	0	0	0.000
CT	29	0	0	0.000
CT	28	0	0	0.000
CT	27	0	0	0.000
CT	26	0	0	0.000
CT	25	0	0	0.000
CT	24	0	0	0.000
CT	23	0	0	0.000
CT	22	0	0	0.000
CT	21	0	0	0.000
CT	20	0	0	0.000
CT	19	0	0	0.000
CT	18	0	0	0.000
CT	17	0	0	0.000
CT	16	0	0	0.000
CT	15	0	0	0.000
CT	14	0	0	0.000
CT	13	0	0	0.000
CT	12	0	0	0.000
CT	11	0	0	0.000
CT	10	0	0	0.000
CT	9	0	0	0.000
CT	8	0	0	0.000
CT	7	0	0	0.000
CT	6	0	0	0.000
CT	5	0	0	0.000
CT	4	0	0	0.000
CT	3	0	0	0.000
CT	2	0	0	0.000
CT	1	0	0	0.000
CT	0	0	0	0.000
FR	0	1
ER	0	0.000
CV	-nan
QV	-1.000	-1.000
