CC	CT  kmer_occurrence    short_read_kmer_count  raw_input_kmer_count  adjusted_input_kmer_count
CC	FR  fpr_lower_bound    fpr_upper_bound
CC	ER  total_input_kmers  adjusted_error_kmers
CC	CV  coverage
CC	QV  raw_quality_value  adjusted_quality_value
CC
SQ	CP126109.1	5093378	5093348	5093348	99.00
CT	1023	7014	55273	55273.000
CT	1022	20	127	127.000
CT	1021	8	56	56.000
CT	1020	7	50	50.000
CT	1019	16	106	106.000
CT	1018	17	122	122.000
CT	1017	18	124	124.000
CT	1016	11	83	83.000
CT	1015	12	75	75.000
CT	1014	14	108	108.000
CT	1013	11	76	76.000
CT	1012	12	90	90.000
CT	1011	18	114	114.000
CT	1010	19	128	128.000
CT	1009	13	96	96.000
CT	1008	15	119	119.000
CT	1007	11	74	74.000
CT	1006	13	96	96.000
CT	1005	18	138	138.000
CT	1004	14	98	98.000
CT	1003	9	65	65.000
CT	1002	14	103	103.000
CT	1001	16	107	107.000
CT	1000	18	126	126.000
CT	999	13	92	92.000
CT	998	19	135	135.000
CT	997	14	87	87.000
CT	996	14	100	100.000
CT	995	17	124	124.000
CT	994	12	86	86.000
CT	993	14	104	104.000
CT	992	10	70	70.000
CT	991	8	57	57.000
CT	990	16	116	116.000
CT	989	21	145	145.000
CT	988	15	115	115.000
CT	987	12	84	84.000
CT	986	14	93	93.000
CT	985	19	136	136.000
CT	984	14	98	98.000
CT	983	19	132	132.000
CT	982	15	112	112.000
CT	981	16	120	120.000
CT	980	8	64	64.000
CT	979	15	111	111.000
CT	978	9	66	66.000
CT	977	13	96	96.000
CT	976	18	128	128.000
CT	975	20	154	154.000
CT	974	15	108	108.000
CT	973	14	108	108.000
CT	972	14	112	112.000
CT	971	11	74	74.000
CT	970	15	106	106.000
CT	969	13	96	96.000
CT	968	19	150	150.000
CT	967	15	99	99.000
CT	966	15	108	108.000
CT	965	15	120	120.000
CT	964	12	95	95.000
CT	963	15	119	119.000
CT	962	18	140	140.000
CT	961	15	108	108.000
CT	960	17	128	128.000
CT	959	15	118	118.000
CT	958	16	112	112.000
CT	957	17	134	134.000
CT	956	18	130	130.000
CT	955	9	68	68.000
CT	954	10	80	80.000
CT	953	22	168	168.000
CT	952	11	78	78.000
CT	951	12	92	92.000
CT	950	10	78	78.000
CT	949	14	110	110.000
CT	948	11	87	87.000
CT	947	12	88	88.000
CT	946	11	88	88.000
CT	945	14	95	95.000
CT	944	18	142	142.000
CT	943	14	109	109.000
CT	942	18	143	143.000
CT	941	11	86	86.000
CT	940	12	92	92.000
CT	939	12	96	96.000
CT	938	11	76	76.000
CT	937	11	86	86.000
CT	936	14	106	106.000
CT	935	19	131	131.000
CT	934	10	80	80.000
CT	933	17	124	124.000
CT	932	13	95	95.000
CT	931	14	106	106.000
CT	930	12	90	90.000
CT	929	12	84	84.000
CT	928	16	118	118.000
CT	927	18	130	130.000
CT	926	7	47	47.000
CT	925	23	178	178.000
CT	924	15	104	104.000
CT	923	10	71	71.000
CT	922	14	95	95.000
CT	921	17	122	122.000
CT	920	19	124	124.000
CT	919	13	79	79.000
CT	918	11	77	77.000
CT	917	17	125	125.000
CT	916	15	100	100.000
CT	915	11	70	70.000
CT	914	17	114	114.000
CT	913	14	104	104.000
CT	912	18	130	130.000
CT	911	19	152	152.000
CT	910	12	96	96.000
CT	909	11	85	85.000
CT	908	25	183	183.000
CT	907	16	127	127.000
CT	906	15	110	110.000
CT	905	15	107	107.000
CT	904	14	106	106.000
CT	903	13	102	102.000
CT	902	12	96	96.000
CT	901	16	117	117.000
CT	900	18	130	130.000
CT	899	12	94	94.000
CT	898	16	124	124.000
CT	897	14	104	104.000
CT	896	20	138	138.000
CT	895	11	85	85.000
CT	894	13	96	96.000
CT	893	21	160	160.000
CT	892	20	147	147.000
CT	891	13	67	67.000
CT	890	10	79	79.000
CT	889	14	104	104.000
CT	888	16	113	113.000
CT	887	12	85	85.000
CT	886	17	121	121.000
CT	885	10	61	61.000
CT	884	12	93	93.000
CT	883	10	80	80.000
CT	882	14	101	101.000
CT	881	14	102	102.000
CT	880	14	106	106.000
CT	879	20	139	139.000
CT	878	11	80	80.000
CT	877	10	64	64.000
CT	876	12	84	84.000
CT	875	8	59	59.000
CT	874	19	125	125.000
CT	873	16	100	100.000
CT	872	19	124	124.000
CT	871	13	91	91.000
CT	870	5	40	40.000
CT	869	10	80	80.000
CT	868	10	73	73.000
CT	867	14	104	104.000
CT	866	14	103	103.000
CT	865	8	39	39.000
CT	864	14	90	90.000
CT	863	14	103	103.000
CT	862	12	93	93.000
CT	861	16	102	102.000
CT	860	12	88	88.000
CT	859	16	117	117.000
CT	858	15	114	114.000
CT	857	11	77	77.000
CT	856	14	96	96.000
CT	855	13	71	71.000
CT	854	11	73	73.000
CT	853	21	145	145.000
CT	852	14	99	99.000
CT	851	16	121	121.000
CT	850	9	69	69.000
CT	849	17	126	126.000
CT	848	16	109	109.000
CT	847	10	70	70.000
CT	846	15	105	105.000
CT	845	27	182	182.000
CT	844	17	125	125.000
CT	843	10	52	52.000
CT	842	16	122	122.000
CT	841	9	64	64.000
CT	840	13	89	89.000
CT	839	12	67	67.000
CT	838	15	105	105.000
CT	837	13	88	88.000
CT	836	13	91	91.000
CT	835	10	59	59.000
CT	834	13	91	91.000
CT	833	9	50	50.000
CT	832	14	94	94.000
CT	831	18	128	128.000
CT	830	11	66	66.000
CT	829	19	106	106.000
CT	828	10	59	59.000
CT	827	11	62	62.000
CT	826	12	74	74.000
CT	825	10	65	65.000
CT	824	10	46	46.000
CT	823	11	70	70.000
CT	822	8	60	60.000
CT	821	9	58	58.000
CT	820	13	67	67.000
CT	819	17	97	97.000
CT	818	5	26	26.000
CT	817	5	36	36.000
CT	816	10	64	64.000
CT	815	10	51	51.000
CT	814	10	60	60.000
CT	813	6	35	35.000
CT	812	12	78	78.000
CT	811	14	68	68.000
CT	810	9	62	62.000
CT	809	12	57	57.000
CT	808	11	58	58.000
CT	807	15	77	77.000
CT	806	11	57	57.000
CT	805	10	58	58.000
CT	804	16	81	81.000
CT	803	13	71	71.000
CT	802	10	43	43.000
CT	801	11	56	56.000
CT	800	9	50	50.000
CT	799	14	75	75.000
CT	798	14	76	76.000
CT	797	12	66	66.000
CT	796	12	70	70.000
CT	795	11	64	64.000
CT	794	7	30	30.000
CT	793	12	85	85.000
CT	792	13	84	84.000
CT	791	11	71	71.000
CT	790	8	43	43.000
CT	789	7	23	23.000
CT	788	12	61	61.000
CT	787	7	31	31.000
CT	786	10	56	56.000
CT	785	18	99	99.000
CT	784	10	32	32.000
CT	783	10	45	45.000
CT	782	6	25	25.000
CT	781	6	22	22.000
CT	780	13	67	67.000
CT	779	11	63	63.000
CT	778	12	52	52.000
CT	777	9	46	46.000
CT	776	12	67	67.000
CT	775	11	55	55.000
CT	774	6	35	35.000
CT	773	11	65	65.000
CT	772	5	36	36.000
CT	771	9	51	51.000
CT	770	15	83	83.000
CT	769	9	43	43.000
CT	768	8	40	40.000
CT	767	13	68	68.000
CT	766	14	78	78.000
CT	765	9	50	50.000
CT	764	9	55	55.000
CT	763	5	30	30.000
CT	762	12	76	76.000
CT	761	12	69	69.000
CT	760	7	33	33.000
CT	759	11	54	54.000
CT	758	13	75	75.000
CT	757	4	25	25.000
CT	756	14	76	76.000
CT	755	13	51	51.000
CT	754	7	37	37.000
CT	753	7	37	37.000
CT	752	8	48	48.000
CT	751	6	34	34.000
CT	750	14	93	93.000
CT	749	13	65	65.000
CT	748	7	37	37.000
CT	747	12	66	66.000
CT	746	13	61	61.000
CT	745	11	51	51.000
CT	744	11	60	60.000
CT	743	12	40	40.000
CT	742	9	37	37.000
CT	741	13	54	54.000
CT	740	16	61	61.000
CT	739	15	73	73.000
CT	738	15	70	70.000
CT	737	14	82	82.000
CT	736	16	53	53.000
CT	735	12	51	51.000
CT	734	10	49	49.000
CT	733	8	48	48.000
CT	732	12	54	54.000
CT	731	16	71	71.000
CT	730	10	46	46.000
CT	729	9	46	46.000
CT	728	13	59	59.000
CT	727	14	69	69.000
CT	726	9	56	56.000
CT	725	12	57	57.000
CT	724	12	62	62.000
CT	723	3	14	14.000
CT	722	9	46	46.000
CT	721	10	57	57.000
CT	720	14	53	53.000
CT	719	15	68	68.000
CT	718	13	62	62.000
CT	717	11	55	55.000
CT	716	12	47	47.000
CT	715	16	86	86.000
CT	714	10	41	41.000
CT	713	13	79	79.000
CT	712	15	70	70.000
CT	711	6	32	32.000
CT	710	10	53	53.000
CT	709	14	59	59.000
CT	708	24	105	105.000
CT	707	15	73	73.000
CT	706	15	76	76.000
CT	705	11	53	53.000
CT	704	20	75	75.000
CT	703	11	63	63.000
CT	702	13	79	79.000
CT	701	12	59	59.000
CT	700	10	50	50.000
CT	699	8	56	56.000
CT	698	15	50	50.000
CT	697	9	29	29.000
CT	696	6	30	30.000
CT	695	19	72	72.000
CT	694	12	56	56.000
CT	693	15	45	45.000
CT	692	7	39	39.000
CT	691	23	68	68.000
CT	690	14	64	64.000
CT	689	11	33	33.000
CT	688	15	59	59.000
CT	687	12	46	46.000
CT	686	12	42	42.000
CT	685	24	63	63.000
CT	684	10	26	26.000
CT	683	18	77	77.000
CT	682	26	93	93.000
CT	681	13	50	50.000
CT	680	21	78	78.000
CT	679	17	84	84.000
CT	678	26	107	107.000
CT	677	16	70	70.000
CT	676	12	61	61.000
CT	675	18	61	61.000
CT	674	10	34	34.000
CT	673	18	79	79.000
CT	672	12	43	43.000
CT	671	25	108	108.000
CT	670	7	9	9.000
CT	669	7	25	25.000
CT	668	6	22	22.000
CT	667	14	55	55.000
CT	666	22	84	84.000
CT	665	9	36	36.000
CT	664	16	76	76.000
CT	663	15	62	62.000
CT	662	25	123	123.000
CT	661	21	98	98.000
CT	660	16	73	73.000
CT	659	13	41	41.000
CT	658	11	46	46.000
CT	657	18	64	64.000
CT	656	12	46	46.000
CT	655	20	83	83.000
CT	654	22	86	86.000
CT	653	20	76	76.000
CT	652	17	53	53.000
CT	651	14	55	55.000
CT	650	14	55	55.000
CT	649	17	75	75.000
CT	648	13	52	52.000
CT	647	20	76	76.000
CT	646	24	92	92.000
CT	645	24	88	88.000
CT	644	18	70	70.000
CT	643	21	75	75.000
CT	642	15	63	63.000
CT	641	21	85	85.000
CT	640	19	62	62.000
CT	639	21	82	82.000
CT	638	27	127	127.000
CT	637	19	90	90.000
CT	636	14	66	66.000
CT	635	12	50	50.000
CT	634	16	62	62.000
CT	633	27	115	115.000
CT	632	19	60	60.000
CT	631	13	57	57.000
CT	630	12	43	43.000
CT	629	9	44	44.000
CT	628	13	49	49.000
CT	627	13	41	41.000
CT	626	14	45	45.000
CT	625	7	32	32.000
CT	624	7	37	37.000
CT	623	8	27	27.000
CT	622	9	32	32.000
CT	621	7	13	13.000
CT	620	10	27	27.000
CT	619	10	33	33.000
CT	618	13	48	48.000
CT	617	13	59	59.000
CT	616	17	52	52.000
CT	615	15	41	41.000
CT	614	12	54	54.000
CT	613	7	30	30.000
CT	612	5	25	25.000
CT	611	16	60	60.000
CT	610	16	57	57.000
CT	609	16	47	47.000
CT	608	16	63	63.000
CT	607	11	25	25.000
CT	606	13	34	34.000
CT	605	13	30	30.000
CT	604	6	28	28.000
CT	603	10	33	33.000
CT	602	8	19	19.000
CT	601	13	36	36.000
CT	600	18	56	56.000
CT	599	6	18	18.000
CT	598	11	30	30.000
CT	597	14	51	51.000
CT	596	15	54	54.000
CT	595	17	61	61.000
CT	594	16	41	41.000
CT	593	17	46	46.000
CT	592	15	36	36.000
CT	591	19	59	59.000
CT	590	23	68	68.000
CT	589	17	55	55.000
CT	588	16	45	45.000
CT	587	21	65	65.000
CT	586	21	58	58.000
CT	585	21	58	58.000
CT	584	27	73	73.000
CT	583	14	34	34.000
CT	582	22	67	67.000
CT	581	12	37	37.000
CT	580	33	84	84.000
CT	579	22	58	58.000
CT	578	17	48	48.000
CT	577	24	56	56.000
CT	576	30	65	65.000
CT	575	22	71	71.000
CT	574	26	82	82.000
CT	573	29	74	74.000
CT	572	24	74	74.000
CT	571	25	68	68.000
CT	570	20	46	46.000
CT	569	16	48	48.000
CT	568	23	63	63.000
CT	567	28	67	67.000
CT	566	16	37	37.000
CT	565	25	82	82.000
CT	564	19	62	62.000
CT	563	20	59	59.000
CT	562	28	68	68.000
CT	561	13	35	35.000
CT	560	14	36	36.000
CT	559	12	35	35.000
CT	558	22	60	60.000
CT	557	20	52	52.000
CT	556	28	58	58.000
CT	555	14	29	29.000
CT	554	28	77	77.000
CT	553	17	43	43.000
CT	552	20	45	45.000
CT	551	30	81	81.000
CT	550	21	53	53.000
CT	549	25	70	70.000
CT	548	18	54	54.000
CT	547	29	67	67.000
CT	546	37	88	88.000
CT	545	14	31	31.000
CT	544	23	53	53.000
CT	543	20	37	37.000
CT	542	21	52	52.000
CT	541	27	60	60.000
CT	540	24	64	64.000
CT	539	30	79	79.000
CT	538	27	75	75.000
CT	537	20	51	51.000
CT	536	34	83	83.000
CT	535	28	66	66.000
CT	534	31	69	69.000
CT	533	32	70	70.000
CT	532	22	57	57.000
CT	531	32	80	80.000
CT	530	25	58	58.000
CT	529	34	74	74.000
CT	528	28	68	68.000
CT	527	24	56	56.000
CT	526	27	66	66.000
CT	525	32	81	81.000
CT	524	23	56	56.000
CT	523	25	60	60.000
CT	522	33	93	93.000
CT	521	36	95	95.000
CT	520	34	80	80.000
CT	519	47	126	126.000
CT	518	50	132	132.000
CT	517	40	101	101.000
CT	516	42	100	100.000
CT	515	40	110	110.000
CT	514	46	113	113.000
CT	513	37	85	85.000
CT	512	34	74	74.000
CT	511	39	85	85.000
CT	510	50	103	103.000
CT	509	47	100	100.000
CT	508	38	82	82.000
CT	507	47	117	117.000
CT	506	30	69	69.000
CT	505	37	86	86.000
CT	504	53	128	128.000
CT	503	37	90	90.000
CT	502	33	76	76.000
CT	501	35	82	82.000
CT	500	43	106	106.000
CT	499	45	98	98.000
CT	498	38	91	91.000
CT	497	45	106	106.000
CT	496	29	70	70.000
CT	495	37	84	84.000
CT	494	36	84	84.000
CT	493	41	89	89.000
CT	492	38	90	90.000
CT	491	59	124	124.000
CT	490	48	92	92.000
CT	489	49	108	108.000
CT	488	42	94	94.000
CT	487	49	118	118.000
CT	486	40	76	76.000
CT	485	44	99	99.000
CT	484	42	95	95.000
CT	483	38	91	91.000
CT	482	45	100	100.000
CT	481	61	124	124.000
CT	480	48	108	108.000
CT	479	62	142	142.000
CT	478	45	101	101.000
CT	477	62	123	123.000
CT	476	70	147	147.000
CT	475	61	129	129.000
CT	474	63	139	139.000
CT	473	64	126	126.000
CT	472	62	122	122.000
CT	471	69	137	137.000
CT	470	66	141	141.000
CT	469	62	123	123.000
CT	468	67	120	120.000
CT	467	73	143	143.000
CT	466	63	119	119.000
CT	465	81	157	157.000
CT	464	73	127	127.000
CT	463	77	144	144.000
CT	462	49	93	93.000
CT	461	79	152	152.000
CT	460	69	129	129.000
CT	459	80	153	153.000
CT	458	82	152	152.000
CT	457	61	114	114.000
CT	456	68	128	128.000
CT	455	87	158	158.000
CT	454	76	137	137.000
CT	453	75	130	130.000
CT	452	84	151	151.000
CT	451	84	158	158.000
CT	450	70	132	132.000
CT	449	82	138	138.000
CT	448	88	147	147.000
CT	447	101	175	175.000
CT	446	83	158	158.000
CT	445	65	111	111.000
CT	444	75	118	118.000
CT	443	77	129	129.000
CT	442	90	133	133.000
CT	441	98	172	172.000
CT	440	69	121	121.000
CT	439	76	132	132.000
CT	438	84	148	148.000
CT	437	95	147	147.000
CT	436	81	115	115.000
CT	435	114	193	193.000
CT	434	114	189	189.000
CT	433	112	176	176.000
CT	432	122	184	184.000
CT	431	120	195	195.000
CT	430	123	206	206.000
CT	429	102	186	186.000
CT	428	128	217	217.000
CT	427	119	206	206.000
CT	426	84	139	139.000
CT	425	142	229	229.000
CT	424	138	217	217.000
CT	423	100	165	165.000
CT	422	122	195	195.000
CT	421	117	188	188.000
CT	420	135	206	206.000
CT	419	108	174	174.000
CT	418	122	182	182.000
CT	417	129	205	205.000
CT	416	143	227	227.000
CT	415	125	189	189.000
CT	414	137	216	216.000
CT	413	143	225	225.000
CT	412	132	207	207.000
CT	411	130	209	209.000
CT	410	148	232	232.000
CT	409	151	245	245.000
CT	408	159	233	233.000
CT	407	137	197	197.000
CT	406	181	260	260.000
CT	405	160	223	223.000
CT	404	181	248	248.000
CT	403	170	232	232.000
CT	402	180	242	242.000
CT	401	182	268	268.000
CT	400	189	260	260.000
CT	399	175	238	238.000
CT	398	194	250	250.000
CT	397	202	269	269.000
CT	396	199	266	266.000
CT	395	202	270	270.000
CT	394	233	321	321.000
CT	393	220	301	301.000
CT	392	211	263	263.000
CT	391	224	310	310.000
CT	390	210	277	277.000
CT	389	229	306	306.000
CT	388	280	366	366.000
CT	387	233	304	304.000
CT	386	251	317	317.000
CT	385	218	280	280.000
CT	384	246	316	316.000
CT	383	240	299	299.000
CT	382	268	332	332.000
CT	381	286	352	352.000
CT	380	283	340	340.000
CT	379	329	420	420.000
CT	378	314	394	394.000
CT	377	297	380	380.000
CT	376	364	459	459.000
CT	375	314	387	387.000
CT	374	303	387	387.000
CT	373	379	461	461.000
CT	372	386	470	470.000
CT	371	401	493	493.000
CT	370	376	448	448.000
CT	369	439	529	529.000
CT	368	442	531	531.000
CT	367	426	507	507.000
CT	366	428	493	493.000
CT	365	473	538	538.000
CT	364	544	630	630.000
CT	363	519	594	594.000
CT	362	546	620	620.000
CT	361	544	617	617.000
CT	360	565	651	651.000
CT	359	562	623	623.000
CT	358	541	613	613.000
CT	357	618	699	699.000
CT	356	625	692	692.000
CT	355	682	759	759.000
CT	354	673	739	739.000
CT	353	749	825	825.000
CT	352	716	789	789.000
CT	351	690	743	743.000
CT	350	777	846	846.000
CT	349	819	884	884.000
CT	348	841	900	900.000
CT	347	844	902	902.000
CT	346	903	954	954.000
CT	345	908	969	969.000
CT	344	943	1001	1001.000
CT	343	998	1073	1073.000
CT	342	983	1060	1060.000
CT	341	1039	1103	1103.000
CT	340	1078	1138	1138.000
CT	339	1130	1181	1181.000
CT	338	1202	1281	1281.000
CT	337	1165	1230	1230.000
CT	336	1297	1363	1363.000
CT	335	1314	1375	1375.000
CT	334	1274	1342	1342.000
CT	333	1369	1440	1440.000
CT	332	1510	1597	1597.000
CT	331	1513	1594	1594.000
CT	330	1602	1678	1678.000
CT	329	1558	1639	1639.000
CT	328	1616	1687	1687.000
CT	327	1736	1802	1802.000
CT	326	1749	1838	1838.000
CT	325	1827	1908	1908.000
CT	324	1933	2012	2012.000
CT	323	1984	2078	2078.000
CT	322	2045	2137	2137.000
CT	321	2012	2085	2085.000
CT	320	2164	2260	2260.000
CT	319	2409	2497	2497.000
CT	318	2383	2467	2467.000
CT	317	2524	2596	2596.000
CT	316	2540	2624	2624.000
CT	315	2740	2809	2809.000
CT	314	2788	2865	2865.000
CT	313	2864	2922	2922.000
CT	312	3121	3195	3195.000
CT	311	3177	3228	3228.000
CT	310	3219	3277	3277.000
CT	309	3383	3425	3425.000
CT	308	3479	3527	3527.000
CT	307	3557	3617	3617.000
CT	306	3741	3773	3773.000
CT	305	3936	3987	3987.000
CT	304	4001	4052	4052.000
CT	303	4120	4182	4182.000
CT	302	4169	4226	4226.000
CT	301	4337	4378	4378.000
CT	300	4563	4605	4605.000
CT	299	4641	4687	4687.000
CT	298	4772	4799	4799.000
CT	297	4937	4973	4973.000
CT	296	5112	5154	5154.000
CT	295	5359	5395	5395.000
CT	294	5467	5518	5518.000
CT	293	5659	5709	5709.000
CT	292	5900	5942	5942.000
CT	291	6289	6324	6324.000
CT	290	6323	6354	6354.000
CT	289	6377	6429	6429.000
CT	288	6683	6726	6726.000
CT	287	7037	7086	7086.000
CT	286	7147	7206	7206.000
CT	285	7351	7403	7403.000
CT	284	7420	7459	7459.000
CT	283	7715	7764	7764.000
CT	282	8086	8138	8138.000
CT	281	8317	8355	8355.000
CT	280	8455	8501	8501.000
CT	279	8670	8706	8706.000
CT	278	9053	9094	9094.000
CT	277	9427	9475	9475.000
CT	276	9573	9619	9619.000
CT	275	9940	9983	9983.000
CT	274	10379	10431	10431.000
CT	273	10677	10714	10714.000
CT	272	10856	10891	10891.000
CT	271	11136	11170	11170.000
CT	270	11382	11403	11403.000
CT	269	11621	11652	11652.000
CT	268	11990	12020	12020.000
CT	267	12357	12384	12384.000
CT	266	12846	12877	12877.000
CT	265	13128	13162	13162.000
CT	264	13601	13628	13628.000
CT	263	13977	14012	14012.000
CT	262	14674	14696	14696.000
CT	261	15027	15060	15060.000
CT	260	15592	15609	15609.000
CT	259	16037	16070	16070.000
CT	258	16352	16374	16374.000
CT	257	16561	16571	16571.000
CT	256	17014	17034	17034.000
CT	255	17539	17566	17566.000
CT	254	18186	18215	18215.000
CT	253	18562	18600	18600.000
CT	252	19039	19056	19056.000
CT	251	19729	19763	19763.000
CT	250	20023	20061	20061.000
CT	249	20388	20418	20418.000
CT	248	21007	21047	21047.000
CT	247	21805	21829	21829.000
CT	246	22373	22411	22411.000
CT	245	22552	22582	22582.000
CT	244	23053	23082	23082.000
CT	243	24077	24099	24099.000
CT	242	24614	24628	24628.000
CT	241	24809	24831	24831.000
CT	240	25427	25457	25457.000
CT	239	25690	25706	25706.000
CT	238	26198	26219	26219.000
CT	237	26972	26994	26994.000
CT	236	27356	27379	27379.000
CT	235	27970	27987	27987.000
CT	234	28321	28349	28349.000
CT	233	28851	28872	28872.000
CT	232	29544	29559	29559.000
CT	231	30121	30143	30143.000
CT	230	30458	30485	30485.000
CT	229	31328	31351	31351.000
CT	228	31497	31509	31509.000
CT	227	32251	32262	32262.000
CT	226	32708	32719	32719.000
CT	225	33029	33033	33033.000
CT	224	33821	33822	33822.000
CT	223	34418	34421	34421.000
CT	222	34918	34926	34926.000
CT	221	34730	34737	34737.000
CT	220	35478	35483	35483.000
CT	219	35860	35859	35859.000
CT	218	36334	36335	36335.000
CT	217	36620	36633	36633.000
CT	216	37290	37290	37290.000
CT	215	37790	37783	37783.000
CT	214	38312	38303	38303.000
CT	213	38611	38611	38611.000
CT	212	38814	38815	38815.000
CT	211	39215	39215	39215.000
CT	210	39154	39154	39154.000
CT	209	40106	40109	40109.000
CT	208	40578	40576	40576.000
CT	207	40647	40646	40646.000
CT	206	41034	41035	41035.000
CT	205	40988	40988	40988.000
CT	204	41904	41898	41898.000
CT	203	42068	42080	42080.000
CT	202	42746	42741	42741.000
CT	201	42617	42626	42626.000
CT	200	43072	43078	43078.000
CT	199	43604	43605	43605.000
CT	198	43581	43584	43584.000
CT	197	44264	44265	44265.000
CT	196	44314	44314	44314.000
CT	195	44019	44029	44029.000
CT	194	44250	44261	44261.000
CT	193	44626	44624	44624.000
CT	192	44084	44084	44084.000
CT	191	43639	43646	43646.000
CT	190	44324	44329	44329.000
CT	189	44406	44410	44410.000
CT	188	44102	44096	44096.000
CT	187	44400	44402	44402.000
CT	186	44553	44568	44568.000
CT	185	43870	43882	43882.000
CT	184	43733	43741	43741.000
CT	183	43879	43881	43881.000
CT	182	43791	43796	43796.000
CT	181	43262	43259	43259.000
CT	180	43122	43113	43113.000
CT	179	43074	43069	43069.000
CT	178	42629	42627	42627.000
CT	177	42507	42507	42507.000
CT	176	42279	42273	42273.000
CT	175	42488	42480	42480.000
CT	174	42107	42096	42096.000
CT	173	41608	41599	41599.000
CT	172	41373	41365	41365.000
CT	171	40476	40479	40479.000
CT	170	40056	40047	40047.000
CT	169	39731	39728	39728.000
CT	168	39012	39002	39002.000
CT	167	38802	38796	38796.000
CT	166	38281	38281	38281.000
CT	165	37553	37553	37553.000
CT	164	36888	36888	36888.000
CT	163	36660	36655	36655.000
CT	162	35576	35565	35565.000
CT	161	35342	35337	35337.000
CT	160	34601	34600	34600.000
CT	159	33728	33730	33730.000
CT	158	32946	32949	32949.000
CT	157	32147	32144	32144.000
CT	156	31580	31584	31584.000
CT	155	31440	31432	31432.000
CT	154	30793	30789	30789.000
CT	153	30031	30022	30022.000
CT	152	29125	29120	29120.000
CT	151	28769	28762	28762.000
CT	150	28022	28020	28020.000
CT	149	27363	27360	27360.000
CT	148	26370	26360	26360.000
CT	147	25704	25693	25693.000
CT	146	24804	24795	24795.000
CT	145	24044	24032	24032.000
CT	144	23352	23346	23346.000
CT	143	22779	22761	22761.000
CT	142	22248	22238	22238.000
CT	141	21230	21212	21212.000
CT	140	20046	20037	20037.000
CT	139	19514	19505	19505.000
CT	138	18758	18745	18745.000
CT	137	18472	18455	18455.000
CT	136	17877	17863	17863.000
CT	135	17165	17151	17151.000
CT	134	16693	16661	16661.000
CT	133	16175	16150	16150.000
CT	132	15402	15377	15377.000
CT	131	15189	15164	15164.000
CT	130	14389	14360	14360.000
CT	129	13914	13883	13883.000
CT	128	13218	13208	13208.000
CT	127	12776	12759	12759.000
CT	126	12298	12278	12278.000
CT	125	11594	11578	11578.000
CT	124	11337	11319	11319.000
CT	123	10725	10708	10708.000
CT	122	10114	10101	10101.000
CT	121	9725	9712	9712.000
CT	120	9397	9372	9372.000
CT	119	8965	8946	8946.000
CT	118	8612	8584	8584.000
CT	117	8492	8473	8473.000
CT	116	7845	7819	7819.000
CT	115	7593	7567	7567.000
CT	114	7405	7389	7389.000
CT	113	6792	6775	6775.000
CT	112	6463	6448	6448.000
CT	111	6218	6200	6200.000
CT	110	5678	5664	5664.000
CT	109	5396	5376	5376.000
CT	108	5255	5229	5229.000
CT	107	4847	4824	4824.000
CT	106	4447	4416	4416.000
CT	105	4219	4199	4199.000
CT	104	3884	3854	3854.000
CT	103	3763	3738	3738.000
CT	102	3492	3466	3466.000
CT	101	3324	3300	3300.000
CT	100	3178	3152	3152.000
CT	99	2999	2963	2963.000
CT	98	2768	2737	2737.000
CT	97	2545	2510	2510.000
CT	96	2460	2431	2431.000
CT	95	2285	2255	2255.000
CT	94	2056	2020	2020.000
CT	93	2082	2051	2051.000
CT	92	1877	1847	1847.000
CT	91	1766	1735	1735.000
CT	90	1683	1654	1654.000
CT	89	1598	1573	1573.000
CT	88	1516	1497	1497.000
CT	87	1553	1523	1523.000
CT	86	1440	1408	1408.000
CT	85	1394	1365	1365.000
CT	84	1214	1177	1177.000
CT	83	1048	1018	1018.000
CT	82	1046	1009	1009.000
CT	81	958	928	928.000
CT	80	835	809	809.000
CT	79	884	843	843.000
CT	78	783	752	752.000
CT	77	632	598	598.000
CT	76	624	585	585.000
CT	75	580	549	549.000
CT	74	533	499	499.000
CT	73	525	479	479.000
CT	72	467	423	423.000
CT	71	448	398	398.000
CT	70	360	320	320.000
CT	69	374	334	334.000
CT	68	396	354	354.000
CT	67	355	315	315.000
CT	66	366	311	311.000
CT	65	283	230	230.000
CT	64	326	252	252.000
CT	63	291	232	232.000
CT	62	261	217	217.000
CT	61	266	208	208.000
CT	60	237	171	171.000
CT	59	217	160	160.000
CT	58	205	131	131.000
CT	57	214	143	143.000
CT	56	196	129	129.000
CT	55	206	117	117.000
CT	54	189	98	98.000
CT	53	198	106	106.000
CT	52	212	110	110.000
CT	51	181	85	85.000
CT	50	197	79	79.000
CT	49	178	52	52.000
CT	48	208	75	75.000
CT	47	178	50	50.000
CT	46	182	42	42.000
CT	45	225	66	66.000
CT	44	200	43	43.000
CT	43	205	70	70.000
CT	42	192	58	58.000
CT	41	205	43	43.000
CT	40	280	90	90.000
CT	39	226	66	66.000
CT	38	243	80	80.000
CT	37	239	53	53.000
CT	36	294	54	54.000
CT	35	292	46	46.000
CT	34	271	43	43.000
CT	33	291	37	37.000
CT	32	313	36	36.000
CT	31	326	31	31.000
CT	30	479	38	38.000
CT	29	464	40	40.000
CT	28	486	38	38.000
CT	27	592	39	39.000
CT	26	669	20	20.000
CT	25	745	33	33.000
CT	24	872	19	19.000
CT	23	1070	6	6.000
CT	22	1134	10	10.000
CT	21	1282	5	5.000
CT	20	1488	0	0.000
CT	19	1936	0	0.000
CT	18	2235	0	0.000
CT	17	2674	0	0.000
CT	16	3450	0	0.000
CT	15	4187	0	0.000
CT	14	5104	0	0.000
CT	13	6656	0	0.000
CT	12	8717	0	0.000
CT	11	11867	0	0.000
CT	10	16922	0	0.000
CT	9	24718	0	0.000
CT	8	40216	0	0.000
CT	7	69838	0	0.000
CT	6	132814	0	0.000
CT	5	279866	0	0.000
CT	4	691934	0	0.000
CT	3	2088060	0	0.000
CT	2	10992672	0	0.000
CT	1	0	0	-nan
CT	0	0	0	-nan
FR	0	0
ER	5093348	0.000
CV	1.000
QV	inf	inf
