HS	1023	0	7014	7014
HS	1022	0	20	7034
HS	1021	0	8	7042
HS	1020	0	7	7049
HS	1019	0	16	7065
HS	1018	0	17	7082
HS	1017	0	18	7100
HS	1016	0	11	7111
HS	1015	0	12	7123
HS	1014	0	14	7137
HS	1013	0	11	7148
HS	1012	0	12	7160
HS	1011	0	18	7178
HS	1010	0	19	7197
HS	1009	0	13	7210
HS	1008	0	15	7225
HS	1007	0	11	7236
HS	1006	0	13	7249
HS	1005	0	18	7267
HS	1004	0	14	7281
HS	1003	0	9	7290
HS	1002	0	14	7304
HS	1001	0	16	7320
HS	1000	0	18	7338
HS	999	0	13	7351
HS	998	0	19	7370
HS	997	0	14	7384
HS	996	0	14	7398
HS	995	0	17	7415
HS	994	0	12	7427
HS	993	0	14	7441
HS	992	0	10	7451
HS	991	0	8	7459
HS	990	0	16	7475
HS	989	0	21	7496
HS	988	0	15	7511
HS	987	0	12	7523
HS	986	0	14	7537
HS	985	0	19	7556
HS	984	0	14	7570
HS	983	0	19	7589
HS	982	0	15	7604
HS	981	0	16	7620
HS	980	0	8	7628
HS	979	0	15	7643
HS	978	0	9	7652
HS	977	0	13	7665
HS	976	0	18	7683
HS	975	0	20	7703
HS	974	0	15	7718
HS	973	0	14	7732
HS	972	0	14	7746
HS	971	0	11	7757
HS	970	0	15	7772
HS	969	0	13	7785
HS	968	0	19	7804
HS	967	0	15	7819
HS	966	0	15	7834
HS	965	0	15	7849
HS	964	0	12	7861
HS	963	0	15	7876
HS	962	0	18	7894
HS	961	0	15	7909
HS	960	0	17	7926
HS	959	0	15	7941
HS	958	0	16	7957
HS	957	0	17	7974
HS	956	0	18	7992
HS	955	0	9	8001
HS	954	0	10	8011
HS	953	0	22	8033
HS	952	0	11	8044
HS	951	0	12	8056
HS	950	0	10	8066
HS	949	0	14	8080
HS	948	0	11	8091
HS	947	0	12	8103
HS	946	0	11	8114
HS	945	0	14	8128
HS	944	0	18	8146
HS	943	0	14	8160
HS	942	0	18	8178
HS	941	0	11	8189
HS	940	0	12	8201
HS	939	0	12	8213
HS	938	0	11	8224
HS	937	0	11	8235
HS	936	0	14	8249
HS	935	0	19	8268
HS	934	0	10	8278
HS	933	0	17	8295
HS	932	0	13	8308
HS	931	0	14	8322
HS	930	0	12	8334
HS	929	0	12	8346
HS	928	0	16	8362
HS	927	0	18	8380
HS	926	0	7	8387
HS	925	0	23	8410
HS	924	0	15	8425
HS	923	0	10	8435
HS	922	0	14	8449
HS	921	0	17	8466
HS	920	0	19	8485
HS	919	0	13	8498
HS	918	0	11	8509
HS	917	0	17	8526
HS	916	0	15	8541
HS	915	0	11	8552
HS	914	0	17	8569
HS	913	0	14	8583
HS	912	0	18	8601
HS	911	0	19	8620
HS	910	0	12	8632
HS	909	0	11	8643
HS	908	0	25	8668
HS	907	0	16	8684
HS	906	0	15	8699
HS	905	0	15	8714
HS	904	0	14	8728
HS	903	0	13	8741
HS	902	0	12	8753
HS	901	0	16	8769
HS	900	0	18	8787
HS	899	0	12	8799
HS	898	0	16	8815
HS	897	0	14	8829
HS	896	0	20	8849
HS	895	0	11	8860
HS	894	0	13	8873
HS	893	0	21	8894
HS	892	0	20	8914
HS	891	0	13	8927
HS	890	0	10	8937
HS	889	0	14	8951
HS	888	0	16	8967
HS	887	0	12	8979
HS	886	0	17	8996
HS	885	0	10	9006
HS	884	0	12	9018
HS	883	0	10	9028
HS	882	0	14	9042
HS	881	0	14	9056
HS	880	0	14	9070
HS	879	0	20	9090
HS	878	0	11	9101
HS	877	0	10	9111
HS	876	0	12	9123
HS	875	0	8	9131
HS	874	0	19	9150
HS	873	0	16	9166
HS	872	0	19	9185
HS	871	0	13	9198
HS	870	0	5	9203
HS	869	0	10	9213
HS	868	0	10	9223
HS	867	0	14	9237
HS	866	0	14	9251
HS	865	0	8	9259
HS	864	0	14	9273
HS	863	0	14	9287
HS	862	0	12	9299
HS	861	0	16	9315
HS	860	0	12	9327
HS	859	0	16	9343
HS	858	0	15	9358
HS	857	0	11	9369
HS	856	0	14	9383
HS	855	0	13	9396
HS	854	0	11	9407
HS	853	0	21	9428
HS	852	0	14	9442
HS	851	0	16	9458
HS	850	0	9	9467
HS	849	0	17	9484
HS	848	0	16	9500
HS	847	0	10	9510
HS	846	0	15	9525
HS	845	0	27	9552
HS	844	0	17	9569
HS	843	0	10	9579
HS	842	0	16	9595
HS	841	0	9	9604
HS	840	0	13	9617
HS	839	0	12	9629
HS	838	0	15	9644
HS	837	0	13	9657
HS	836	0	13	9670
HS	835	0	10	9680
HS	834	0	13	9693
HS	833	0	9	9702
HS	832	0	14	9716
HS	831	0	18	9734
HS	830	0	11	9745
HS	829	0	19	9764
HS	828	0	10	9774
HS	827	0	11	9785
HS	826	0	12	9797
HS	825	0	10	9807
HS	824	0	10	9817
HS	823	0	11	9828
HS	822	0	8	9836
HS	821	0	9	9845
HS	820	0	13	9858
HS	819	0	17	9875
HS	818	0	5	9880
HS	817	0	5	9885
HS	816	0	10	9895
HS	815	0	10	9905
HS	814	0	10	9915
HS	813	0	6	9921
HS	812	0	12	9933
HS	811	0	14	9947
HS	810	0	9	9956
HS	809	0	12	9968
HS	808	0	11	9979
HS	807	0	15	9994
HS	806	0	11	10005
HS	805	0	10	10015
HS	804	0	16	10031
HS	803	0	13	10044
HS	802	0	10	10054
HS	801	0	11	10065
HS	800	0	9	10074
HS	799	0	14	10088
HS	798	0	14	10102
HS	797	0	12	10114
HS	796	0	12	10126
HS	795	0	11	10137
HS	794	0	7	10144
HS	793	0	12	10156
HS	792	0	13	10169
HS	791	0	11	10180
HS	790	0	8	10188
HS	789	0	7	10195
HS	788	0	12	10207
HS	787	0	7	10214
HS	786	0	10	10224
HS	785	0	18	10242
HS	784	0	10	10252
HS	783	0	10	10262
HS	782	0	6	10268
HS	781	0	6	10274
HS	780	0	13	10287
HS	779	0	11	10298
HS	778	0	12	10310
HS	777	0	9	10319
HS	776	0	12	10331
HS	775	0	11	10342
HS	774	0	6	10348
HS	773	0	11	10359
HS	772	0	5	10364
HS	771	0	9	10373
HS	770	0	15	10388
HS	769	0	9	10397
HS	768	0	8	10405
HS	767	0	13	10418
HS	766	0	14	10432
HS	765	0	9	10441
HS	764	0	9	10450
HS	763	0	5	10455
HS	762	0	12	10467
HS	761	0	12	10479
HS	760	0	7	10486
HS	759	0	11	10497
HS	758	0	13	10510
HS	757	0	4	10514
HS	756	0	14	10528
HS	755	0	13	10541
HS	754	0	7	10548
HS	753	0	7	10555
HS	752	0	8	10563
HS	751	0	6	10569
HS	750	0	14	10583
HS	749	0	13	10596
HS	748	0	7	10603
HS	747	0	12	10615
HS	746	0	13	10628
HS	745	0	11	10639
HS	744	0	11	10650
HS	743	0	12	10662
HS	742	0	9	10671
HS	741	0	13	10684
HS	740	0	16	10700
HS	739	0	15	10715
HS	738	0	15	10730
HS	737	0	14	10744
HS	736	0	16	10760
HS	735	0	12	10772
HS	734	0	10	10782
HS	733	0	8	10790
HS	732	0	12	10802
HS	731	0	16	10818
HS	730	0	10	10828
HS	729	0	9	10837
HS	728	0	13	10850
HS	727	0	14	10864
HS	726	0	9	10873
HS	725	0	12	10885
HS	724	0	12	10897
HS	723	0	3	10900
HS	722	0	9	10909
HS	721	0	10	10919
HS	720	0	14	10933
HS	719	0	15	10948
HS	718	0	13	10961
HS	717	0	11	10972
HS	716	0	12	10984
HS	715	0	16	11000
HS	714	0	10	11010
HS	713	0	13	11023
HS	712	0	15	11038
HS	711	0	6	11044
HS	710	0	10	11054
HS	709	0	14	11068
HS	708	0	24	11092
HS	707	0	15	11107
HS	706	0	15	11122
HS	705	0	11	11133
HS	704	0	20	11153
HS	703	0	11	11164
HS	702	0	13	11177
HS	701	0	12	11189
HS	700	0	10	11199
HS	699	0	8	11207
HS	698	0	15	11222
HS	697	0	9	11231
HS	696	0	6	11237
HS	695	0	19	11256
HS	694	0	12	11268
HS	693	0	15	11283
HS	692	0	7	11290
HS	691	0	23	11313
HS	690	0	14	11327
HS	689	0	11	11338
HS	688	0	15	11353
HS	687	0	12	11365
HS	686	0	12	11377
HS	685	0	24	11401
HS	684	0	10	11411
HS	683	0	18	11429
HS	682	0	26	11455
HS	681	0	13	11468
HS	680	0	21	11489
HS	679	0	17	11506
HS	678	0	26	11532
HS	677	0	16	11548
HS	676	0	12	11560
HS	675	0	18	11578
HS	674	0	10	11588
HS	673	0	18	11606
HS	672	0	12	11618
HS	671	0	25	11643
HS	670	0	7	11650
HS	669	0	7	11657
HS	668	0	6	11663
HS	667	0	14	11677
HS	666	0	22	11699
HS	665	0	9	11708
HS	664	0	16	11724
HS	663	0	15	11739
HS	662	0	25	11764
HS	661	0	21	11785
HS	660	0	16	11801
HS	659	0	13	11814
HS	658	0	11	11825
HS	657	0	18	11843
HS	656	0	12	11855
HS	655	0	20	11875
HS	654	0	22	11897
HS	653	0	20	11917
HS	652	0	17	11934
HS	651	0	14	11948
HS	650	0	14	11962
HS	649	0	17	11979
HS	648	0	13	11992
HS	647	0	20	12012
HS	646	0	24	12036
HS	645	0	24	12060
HS	644	0	18	12078
HS	643	0	21	12099
HS	642	0	15	12114
HS	641	0	21	12135
HS	640	0	19	12154
HS	639	0	21	12175
HS	638	0	27	12202
HS	637	0	19	12221
HS	636	0	14	12235
HS	635	0	12	12247
HS	634	0	16	12263
HS	633	0	27	12290
HS	632	0	19	12309
HS	631	0	13	12322
HS	630	0	12	12334
HS	629	0	9	12343
HS	628	0	13	12356
HS	627	0	13	12369
HS	626	0	14	12383
HS	625	0	7	12390
HS	624	0	7	12397
HS	623	0	8	12405
HS	622	0	9	12414
HS	621	0	7	12421
HS	620	0	10	12431
HS	619	0	10	12441
HS	618	0	13	12454
HS	617	0	13	12467
HS	616	0	17	12484
HS	615	0	15	12499
HS	614	0	12	12511
HS	613	0	7	12518
HS	612	0	5	12523
HS	611	0	16	12539
HS	610	0	16	12555
HS	609	0	16	12571
HS	608	0	16	12587
HS	607	0	11	12598
HS	606	0	13	12611
HS	605	0	13	12624
HS	604	0	6	12630
HS	603	0	10	12640
HS	602	0	8	12648
HS	601	0	13	12661
HS	600	0	18	12679
HS	599	0	6	12685
HS	598	0	11	12696
HS	597	0	14	12710
HS	596	0	15	12725
HS	595	0	17	12742
HS	594	0	16	12758
HS	593	0	17	12775
HS	592	0	15	12790
HS	591	0	19	12809
HS	590	0	23	12832
HS	589	0	17	12849
HS	588	0	16	12865
HS	587	0	21	12886
HS	586	0	21	12907
HS	585	0	21	12928
HS	584	0	27	12955
HS	583	0	14	12969
HS	582	0	22	12991
HS	581	0	12	13003
HS	580	0	33	13036
HS	579	0	22	13058
HS	578	0	17	13075
HS	577	0	24	13099
HS	576	0	30	13129
HS	575	0	22	13151
HS	574	0	26	13177
HS	573	0	29	13206
HS	572	0	24	13230
HS	571	0	25	13255
HS	570	0	20	13275
HS	569	0	16	13291
HS	568	0	23	13314
HS	567	0	28	13342
HS	566	0	16	13358
HS	565	0	25	13383
HS	564	0	19	13402
HS	563	0	20	13422
HS	562	0	28	13450
HS	561	0	13	13463
HS	560	0	14	13477
HS	559	0	12	13489
HS	558	0	22	13511
HS	557	0	20	13531
HS	556	0	28	13559
HS	555	0	14	13573
HS	554	0	28	13601
HS	553	0	17	13618
HS	552	0	20	13638
HS	551	0	30	13668
HS	550	0	21	13689
HS	549	0	25	13714
HS	548	0	18	13732
HS	547	0	29	13761
HS	546	0	37	13798
HS	545	0	14	13812
HS	544	0	23	13835
HS	543	0	20	13855
HS	542	0	21	13876
HS	541	0	27	13903
HS	540	0	24	13927
HS	539	0	30	13957
HS	538	0	27	13984
HS	537	0	20	14004
HS	536	0	34	14038
HS	535	0	28	14066
HS	534	0	31	14097
HS	533	0	32	14129
HS	532	0	22	14151
HS	531	0	32	14183
HS	530	0	25	14208
HS	529	0	34	14242
HS	528	0	28	14270
HS	527	0	24	14294
HS	526	0	27	14321
HS	525	0	32	14353
HS	524	0	23	14376
HS	523	0	25	14401
HS	522	0	33	14434
HS	521	0	36	14470
HS	520	0	34	14504
HS	519	0	47	14551
HS	518	0	50	14601
HS	517	0	40	14641
HS	516	0	42	14683
HS	515	0	40	14723
HS	514	0	46	14769
HS	513	0	37	14806
HS	512	0	34	14840
HS	511	0	39	14879
HS	510	0	50	14929
HS	509	0	47	14976
HS	508	0	38	15014
HS	507	0	47	15061
HS	506	0	30	15091
HS	505	0	37	15128
HS	504	0	53	15181
HS	503	0	37	15218
HS	502	0	33	15251
HS	501	0	35	15286
HS	500	0	43	15329
HS	499	0	45	15374
HS	498	0	38	15412
HS	497	0	45	15457
HS	496	0	29	15486
HS	495	0	37	15523
HS	494	0	36	15559
HS	493	0	41	15600
HS	492	0	38	15638
HS	491	0	59	15697
HS	490	0	48	15745
HS	489	0	49	15794
HS	488	0	42	15836
HS	487	0	49	15885
HS	486	0	40	15925
HS	485	0	44	15969
HS	484	0	42	16011
HS	483	0	38	16049
HS	482	0	45	16094
HS	481	0	61	16155
HS	480	0	48	16203
HS	479	0	62	16265
HS	478	0	45	16310
HS	477	0	62	16372
HS	476	0	70	16442
HS	475	0	61	16503
HS	474	0	63	16566
HS	473	0	64	16630
HS	472	0	62	16692
HS	471	0	69	16761
HS	470	0	66	16827
HS	469	0	62	16889
HS	468	0	67	16956
HS	467	0	73	17029
HS	466	0	63	17092
HS	465	0	81	17173
HS	464	0	73	17246
HS	463	0	77	17323
HS	462	0	49	17372
HS	461	0	79	17451
HS	460	0	69	17520
HS	459	0	80	17600
HS	458	0	82	17682
HS	457	0	61	17743
HS	456	0	68	17811
HS	455	0	87	17898
HS	454	0	76	17974
HS	453	0	75	18049
HS	452	0	84	18133
HS	451	0	84	18217
HS	450	0	70	18287
HS	449	0	82	18369
HS	448	0	88	18457
HS	447	0	101	18558
HS	446	0	83	18641
HS	445	0	65	18706
HS	444	0	75	18781
HS	443	0	77	18858
HS	442	0	90	18948
HS	441	0	98	19046
HS	440	0	69	19115
HS	439	0	76	19191
HS	438	0	84	19275
HS	437	0	95	19370
HS	436	0	81	19451
HS	435	0	114	19565
HS	434	0	114	19679
HS	433	0	112	19791
HS	432	0	122	19913
HS	431	0	120	20033
HS	430	0	123	20156
HS	429	0	102	20258
HS	428	0	128	20386
HS	427	0	119	20505
HS	426	0	84	20589
HS	425	0	142	20731
HS	424	0	138	20869
HS	423	0	100	20969
HS	422	0	122	21091
HS	421	0	117	21208
HS	420	0	135	21343
HS	419	0	108	21451
HS	418	0	122	21573
HS	417	0	129	21702
HS	416	0	143	21845
HS	415	0	125	21970
HS	414	0	137	22107
HS	413	0	143	22250
HS	412	0	132	22382
HS	411	0	130	22512
HS	410	0	148	22660
HS	409	0	151	22811
HS	408	0	159	22970
HS	407	0	137	23107
HS	406	0	181	23288
HS	405	0	160	23448
HS	404	0	181	23629
HS	403	0	170	23799
HS	402	0	180	23979
HS	401	0	182	24161
HS	400	0	189	24350
HS	399	0	175	24525
HS	398	0	194	24719
HS	397	0	202	24921
HS	396	0	199	25120
HS	395	0	202	25322
HS	394	0	233	25555
HS	393	0	220	25775
HS	392	0	211	25986
HS	391	0	224	26210
HS	390	0	210	26420
HS	389	0	229	26649
HS	388	0	280	26929
HS	387	0	233	27162
HS	386	0	251	27413
HS	385	0	218	27631
HS	384	0	246	27877
HS	383	0	240	28117
HS	382	0	268	28385
HS	381	0	286	28671
HS	380	0	283	28954
HS	379	0	329	29283
HS	378	0	314	29597
HS	377	0	297	29894
HS	376	0	364	30258
HS	375	0	314	30572
HS	374	0	303	30875
HS	373	0	379	31254
HS	372	0	386	31640
HS	371	0	401	32041
HS	370	0	376	32417
HS	369	0	439	32856
HS	368	0	442	33298
HS	367	0	426	33724
HS	366	0	428	34152
HS	365	0	473	34625
HS	364	0	544	35169
HS	363	0	519	35688
HS	362	0	546	36234
HS	361	0	544	36778
HS	360	0	565	37343
HS	359	0	562	37905
HS	358	0	541	38446
HS	357	0	618	39064
HS	356	0	625	39689
HS	355	0	682	40371
HS	354	0	673	41044
HS	353	0	749	41793
HS	352	0	716	42509
HS	351	0	690	43199
HS	350	0	777	43976
HS	349	0	819	44795
HS	348	0	841	45636
HS	347	0	844	46480
HS	346	0	903	47383
HS	345	0	908	48291
HS	344	0	943	49234
HS	343	0	998	50232
HS	342	0	983	51215
HS	341	0	1039	52254
HS	340	0	1078	53332
HS	339	0	1130	54462
HS	338	0	1202	55664
HS	337	0	1165	56829
HS	336	0	1297	58126
HS	335	0	1314	59440
HS	334	0	1274	60714
HS	333	0	1369	62083
HS	332	0	1510	63593
HS	331	0	1513	65106
HS	330	0	1602	66708
HS	329	0	1558	68266
HS	328	0	1616	69882
HS	327	0	1736	71618
HS	326	0	1749	73367
HS	325	0	1827	75194
HS	324	0	1933	77127
HS	323	0	1984	79111
HS	322	0	2045	81156
HS	321	0	2012	83168
HS	320	0	2164	85332
HS	319	0	2409	87741
HS	318	0	2383	90124
HS	317	0	2524	92648
HS	316	0	2540	95188
HS	315	0	2740	97928
HS	314	0	2788	100716
HS	313	0	2864	103580
HS	312	0	3121	106701
HS	311	0	3177	109878
HS	310	0	3219	113097
HS	309	0	3383	116480
HS	308	0	3479	119959
HS	307	0	3557	123516
HS	306	0	3741	127257
HS	305	0	3936	131193
HS	304	0	4001	135194
HS	303	0	4120	139314
HS	302	0	4169	143483
HS	301	0	4337	147820
HS	300	0	4563	152383
HS	299	0	4641	157024
HS	298	0	4772	161796
HS	297	0	4937	166733
HS	296	0	5112	171845
HS	295	0	5359	177204
HS	294	0	5467	182671
HS	293	0	5659	188330
HS	292	0	5900	194230
HS	291	0	6289	200519
HS	290	0	6323	206842
HS	289	0	6377	213219
HS	288	0	6683	219902
HS	287	0	7037	226939
HS	286	0	7147	234086
HS	285	0	7351	241437
HS	284	0	7420	248857
HS	283	0	7715	256572
HS	282	0	8086	264658
HS	281	0	8317	272975
HS	280	0	8455	281430
HS	279	0	8670	290100
HS	278	0	9053	299153
HS	277	0	9427	308580
HS	276	0	9573	318153
HS	275	0	9940	328093
HS	274	0	10379	338472
HS	273	0	10677	349149
HS	272	0	10856	360005
HS	271	0	11136	371141
HS	270	0	11382	382523
HS	269	0	11621	394144
HS	268	0	11990	406134
HS	267	0	12357	418491
HS	266	0	12846	431337
HS	265	0	13128	444465
HS	264	0	13601	458066
HS	263	0	13977	472043
HS	262	0	14674	486717
HS	261	0	15027	501744
HS	260	0	15592	517336
HS	259	0	16037	533373
HS	258	0	16352	549725
HS	257	0	16561	566286
HS	256	0	17014	583300
HS	255	0	17539	600839
HS	254	0	18186	619025
HS	253	0	18562	637587
HS	252	0	19039	656626
HS	251	0	19729	676355
HS	250	0	20023	696378
HS	249	0	20388	716766
HS	248	0	21007	737773
HS	247	0	21805	759578
HS	246	0	22373	781951
HS	245	0	22552	804503
HS	244	0	23053	827556
HS	243	0	24077	851633
HS	242	0	24614	876247
HS	241	0	24809	901056
HS	240	0	25427	926483
HS	239	0	25690	952173
HS	238	0	26198	978371
HS	237	0	26972	1005343
HS	236	0	27356	1032699
HS	235	0	27970	1060669
HS	234	0	28321	1088990
HS	233	0	28851	1117841
HS	232	0	29544	1147385
HS	231	0	30121	1177506
HS	230	0	30458	1207964
HS	229	0	31328	1239292
HS	228	0	31497	1270789
HS	227	0	32251	1303040
HS	226	0	32708	1335748
HS	225	0	33029	1368777
HS	224	0	33821	1402598
HS	223	0	34418	1437016
HS	222	0	34918	1471934
HS	221	0	34730	1506664
HS	220	0	35478	1542142
HS	219	0	35860	1578002
HS	218	0	36334	1614336
HS	217	0	36620	1650956
HS	216	0	37290	1688246
HS	215	0	37790	1726036
HS	214	0	38312	1764348
HS	213	0	38611	1802959
HS	212	0	38814	1841773
HS	211	0	39215	1880988
HS	210	0	39154	1920142
HS	209	0	40106	1960248
HS	208	0	40578	2000826
HS	207	0	40647	2041473
HS	206	0	41034	2082507
HS	205	0	40988	2123495
HS	204	0	41904	2165399
HS	203	0	42068	2207467
HS	202	0	42746	2250213
HS	201	0	42617	2292830
HS	200	0	43072	2335902
HS	199	0	43604	2379506
HS	198	0	43581	2423087
HS	197	0	44264	2467351
HS	196	0	44314	2511665
HS	195	0	44019	2555684
HS	194	0	44250	2599934
HS	193	0	44626	2644560
HS	192	0	44084	2688644
HS	191	0	43639	2732283
HS	190	0	44324	2776607
HS	189	0	44406	2821013
HS	188	0	44102	2865115
HS	187	0	44400	2909515
HS	186	0	44553	2954068
HS	185	0	43870	2997938
HS	184	0	43733	3041671
HS	183	0	43879	3085550
HS	182	0	43791	3129341
HS	181	0	43262	3172603
HS	180	0	43122	3215725
HS	179	0	43074	3258799
HS	178	0	42629	3301428
HS	177	0	42507	3343935
HS	176	0	42279	3386214
HS	175	0	42488	3428702
HS	174	0	42107	3470809
HS	173	0	41608	3512417
HS	172	0	41373	3553790
HS	171	0	40476	3594266
HS	170	0	40056	3634322
HS	169	0	39731	3674053
HS	168	0	39012	3713065
HS	167	0	38802	3751867
HS	166	0	38281	3790148
HS	165	0	37553	3827701
HS	164	0	36888	3864589
HS	163	0	36660	3901249
HS	162	0	35576	3936825
HS	161	0	35342	3972167
HS	160	0	34601	4006768
HS	159	0	33728	4040496
HS	158	0	32946	4073442
HS	157	0	32147	4105589
HS	156	0	31580	4137169
HS	155	0	31440	4168609
HS	154	0	30793	4199402
HS	153	0	30031	4229433
HS	152	0	29125	4258558
HS	151	0	28769	4287327
HS	150	0	28022	4315349
HS	149	0	27363	4342712
HS	148	0	26370	4369082
HS	147	0	25704	4394786
HS	146	0	24804	4419590
HS	145	0	24044	4443634
HS	144	0	23352	4466986
HS	143	0	22779	4489765
HS	142	0	22248	4512013
HS	141	0	21230	4533243
HS	140	0	20046	4553289
HS	139	0	19514	4572803
HS	138	0	18758	4591561
HS	137	0	18472	4610033
HS	136	0	17877	4627910
HS	135	0	17165	4645075
HS	134	0	16693	4661768
HS	133	0	16175	4677943
HS	132	0	15402	4693345
HS	131	0	15189	4708534
HS	130	0	14389	4722923
HS	129	0	13914	4736837
HS	128	0	13218	4750055
HS	127	0	12776	4762831
HS	126	0	12298	4775129
HS	125	0	11594	4786723
HS	124	0	11337	4798060
HS	123	0	10725	4808785
HS	122	0	10114	4818899
HS	121	0	9725	4828624
HS	120	0	9397	4838021
HS	119	0	8965	4846986
HS	118	0	8612	4855598
HS	117	0	8492	4864090
HS	116	0	7845	4871935
HS	115	0	7593	4879528
HS	114	0	7405	4886933
HS	113	0	6792	4893725
HS	112	0	6463	4900188
HS	111	0	6218	4906406
HS	110	0	5678	4912084
HS	109	0	5396	4917480
HS	108	0	5255	4922735
HS	107	0	4847	4927582
HS	106	0	4447	4932029
HS	105	0	4219	4936248
HS	104	0	3884	4940132
HS	103	0	3763	4943895
HS	102	0	3492	4947387
HS	101	0	3324	4950711
HS	100	0	3178	4953889
HS	99	0	2999	4956888
HS	98	0	2768	4959656
HS	97	0	2545	4962201
HS	96	0	2460	4964661
HS	95	0	2285	4966946
HS	94	0	2056	4969002
HS	93	0	2082	4971084
HS	92	0	1877	4972961
HS	91	0	1766	4974727
HS	90	0	1683	4976410
HS	89	0	1598	4978008
HS	88	0	1516	4979524
HS	87	0	1553	4981077
HS	86	0	1440	4982517
HS	85	0	1394	4983911
HS	84	0	1214	4985125
HS	83	0	1048	4986173
HS	82	0	1046	4987219
HS	81	0	958	4988177
HS	80	0	835	4989012
HS	79	0	884	4989896
HS	78	0	783	4990679
HS	77	0	632	4991311
HS	76	0	624	4991935
HS	75	0	580	4992515
HS	74	0	533	4993048
HS	73	0	525	4993573
HS	72	0	467	4994040
HS	71	0	448	4994488
HS	70	0	360	4994848
HS	69	0	374	4995222
HS	68	0	396	4995618
HS	67	0	355	4995973
HS	66	0	366	4996339
HS	65	0	283	4996622
HS	64	0	326	4996948
HS	63	0	291	4997239
HS	62	0	261	4997500
HS	61	0	266	4997766
HS	60	0	237	4998003
HS	59	0	217	4998220
HS	58	0	205	4998425
HS	57	0	214	4998639
HS	56	0	196	4998835
HS	55	0	206	4999041
HS	54	0	189	4999230
HS	53	0	198	4999428
HS	52	0	212	4999640
HS	51	0	181	4999821
HS	50	0	197	5000018
HS	49	0	178	5000196
HS	48	0	208	5000404
HS	47	0	178	5000582
HS	46	0	182	5000764
HS	45	0	225	5000989
HS	44	0	200	5001189
HS	43	0	205	5001394
HS	42	0	192	5001586
HS	41	0	205	5001791
HS	40	0	280	5002071
HS	39	0	226	5002297
HS	38	0	243	5002540
HS	37	0	239	5002779
HS	36	0	294	5003073
HS	35	0	292	5003365
HS	34	0	271	5003636
HS	33	0	291	5003927
HS	32	0	313	5004240
HS	31	0	326	5004566
HS	30	0	479	5005045
HS	29	0	464	5005509
HS	28	0	486	5005995
HS	27	0	592	5006587
HS	26	0	669	5007256
HS	25	0	745	5008001
HS	24	0	872	5008873
HS	23	0	1070	5009943
HS	22	0	1134	5011077
HS	21	0	1282	5012359
HS	20	0	1488	5013847
HS	19	0	1936	5015783
HS	18	0	2235	5018018
HS	17	0	2674	5020692
HS	16	0	3450	5024142
HS	15	0	4187	5028329
HS	14	0	5104	5033433
HS	13	0	6656	5040089
HS	12	0	8717	5048806
HS	11	0	11867	5060673
HS	10	0	16922	5077595
HS	9	0	24718	5102313
HS	8	0	40216	5142529
HS	7	0	69838	5212367
HS	6	0	132814	5345181
HS	5	0	279866	5625047
HS	4	0	691934	6316981
HS	3	0	2088060	8405041
HS	2	0	10992672	19397713
HS	1	0	0	19397713
HS	0	0	0	19397713
