CC	CT  kmer_occurrence    short_read_kmer_count  raw_input_kmer_count  adjusted_input_kmer_count
CC	FR  fpr_lower_bound    fpr_upper_bound
CC	ER  total_input_kmers  adjusted_error_kmers
CC	CV  coverage
CC	QV  raw_quality_value  adjusted_quality_value
CC
SQ	JAUCER010000001.1	240858	240828	240828	99.00
SQ	JAUCER010000002.1	5154424	5154394	5154394	99.00
CT	1023	291399	354068	354068.000
CT	1022	498	503	503.000
CT	1021	484	487	487.000
CT	1020	512	520	520.000
CT	1019	543	555	555.000
CT	1018	521	528	528.000
CT	1017	549	555	555.000
CT	1016	525	529	529.000
CT	1015	553	557	557.000
CT	1014	534	537	537.000
CT	1013	533	534	534.000
CT	1012	530	534	534.000
CT	1011	544	548	548.000
CT	1010	557	561	561.000
CT	1009	569	575	575.000
CT	1008	674	680	680.000
CT	1007	624	626	626.000
CT	1006	620	623	623.000
CT	1005	680	688	688.000
CT	1004	684	687	687.000
CT	1003	610	615	615.000
CT	1002	655	659	659.000
CT	1001	695	700	700.000
CT	1000	659	665	665.000
CT	999	689	698	698.000
CT	998	675	682	682.000
CT	997	680	683	683.000
CT	996	636	637	637.000
CT	995	725	727	727.000
CT	994	693	695	695.000
CT	993	692	699	699.000
CT	992	730	734	734.000
CT	991	726	729	729.000
CT	990	721	724	724.000
CT	989	747	749	749.000
CT	988	689	690	690.000
CT	987	715	720	720.000
CT	986	765	771	771.000
CT	985	786	787	787.000
CT	984	741	743	743.000
CT	983	814	822	822.000
CT	982	795	798	798.000
CT	981	861	863	863.000
CT	980	824	831	831.000
CT	979	827	836	836.000
CT	978	875	878	878.000
CT	977	944	949	949.000
CT	976	917	918	918.000
CT	975	888	890	890.000
CT	974	876	881	881.000
CT	973	931	933	933.000
CT	972	894	898	898.000
CT	971	964	966	966.000
CT	970	995	999	999.000
CT	969	923	927	927.000
CT	968	900	902	902.000
CT	967	995	996	996.000
CT	966	1020	1027	1027.000
CT	965	973	978	978.000
CT	964	946	947	947.000
CT	963	1022	1029	1029.000
CT	962	1020	1024	1024.000
CT	961	977	979	979.000
CT	960	1014	1020	1020.000
CT	959	1001	1004	1004.000
CT	958	1054	1061	1061.000
CT	957	1075	1081	1081.000
CT	956	1021	1027	1027.000
CT	955	1068	1072	1072.000
CT	954	1058	1064	1064.000
CT	953	1103	1110	1110.000
CT	952	1104	1109	1109.000
CT	951	1056	1062	1062.000
CT	950	1127	1131	1131.000
CT	949	1132	1137	1137.000
CT	948	1130	1133	1133.000
CT	947	1151	1157	1157.000
CT	946	1209	1211	1211.000
CT	945	1192	1199	1199.000
CT	944	1206	1211	1211.000
CT	943	1236	1243	1243.000
CT	942	1232	1236	1236.000
CT	941	1219	1222	1222.000
CT	940	1252	1254	1254.000
CT	939	1263	1266	1266.000
CT	938	1310	1320	1320.000
CT	937	1286	1289	1289.000
CT	936	1282	1291	1291.000
CT	935	1334	1341	1341.000
CT	934	1385	1395	1395.000
CT	933	1351	1357	1357.000
CT	932	1455	1460	1460.000
CT	931	1396	1404	1404.000
CT	930	1411	1417	1417.000
CT	929	1443	1449	1449.000
CT	928	1472	1483	1483.000
CT	927	1440	1447	1447.000
CT	926	1496	1504	1504.000
CT	925	1517	1526	1526.000
CT	924	1551	1560	1560.000
CT	923	1500	1503	1503.000
CT	922	1598	1609	1609.000
CT	921	1628	1640	1640.000
CT	920	1570	1579	1579.000
CT	919	1544	1553	1553.000
CT	918	1594	1604	1604.000
CT	917	1689	1698	1698.000
CT	916	1643	1651	1651.000
CT	915	1645	1655	1655.000
CT	914	1687	1688	1688.000
CT	913	1671	1676	1676.000
CT	912	1771	1778	1778.000
CT	911	1790	1799	1799.000
CT	910	1796	1799	1799.000
CT	909	1800	1804	1804.000
CT	908	1729	1731	1731.000
CT	907	1868	1874	1874.000
CT	906	1824	1826	1826.000
CT	905	1921	1932	1932.000
CT	904	1905	1912	1912.000
CT	903	1887	1895	1895.000
CT	902	2007	2017	2017.000
CT	901	2004	2010	2010.000
CT	900	2051	2057	2057.000
CT	899	2014	2019	2019.000
CT	898	2097	2101	2101.000
CT	897	2109	2111	2111.000
CT	896	2069	2075	2075.000
CT	895	1959	1961	1961.000
CT	894	2104	2112	2112.000
CT	893	2051	2057	2057.000
CT	892	2136	2146	2146.000
CT	891	2146	2151	2151.000
CT	890	2063	2068	2068.000
CT	889	2097	2100	2100.000
CT	888	2172	2174	2174.000
CT	887	2265	2272	2272.000
CT	886	2229	2233	2233.000
CT	885	2226	2235	2235.000
CT	884	2362	2364	2364.000
CT	883	2240	2244	2244.000
CT	882	2353	2353	2353.000
CT	881	2476	2483	2483.000
CT	880	2360	2365	2365.000
CT	879	2457	2460	2460.000
CT	878	2365	2371	2371.000
CT	877	2482	2488	2488.000
CT	876	2480	2482	2482.000
CT	875	2508	2515	2515.000
CT	874	2536	2545	2545.000
CT	873	2549	2554	2554.000
CT	872	2584	2588	2588.000
CT	871	2669	2672	2672.000
CT	870	2624	2627	2627.000
CT	869	2663	2669	2669.000
CT	868	2640	2644	2644.000
CT	867	2733	2738	2738.000
CT	866	2763	2769	2769.000
CT	865	2739	2742	2742.000
CT	864	2749	2749	2749.000
CT	863	2882	2886	2886.000
CT	862	2826	2827	2827.000
CT	861	2894	2900	2900.000
CT	860	2893	2899	2899.000
CT	859	2890	2896	2896.000
CT	858	3006	3016	3016.000
CT	857	2957	2965	2965.000
CT	856	2938	2942	2942.000
CT	855	3023	3025	3025.000
CT	854	3041	3049	3049.000
CT	853	3105	3108	3108.000
CT	852	3099	3104	3104.000
CT	851	3206	3206	3206.000
CT	850	3210	3217	3217.000
CT	849	3334	3343	3343.000
CT	848	3276	3281	3281.000
CT	847	3317	3324	3324.000
CT	846	3298	3302	3302.000
CT	845	3302	3303	3303.000
CT	844	3441	3443	3443.000
CT	843	3412	3413	3413.000
CT	842	3419	3427	3427.000
CT	841	3485	3487	3487.000
CT	840	3564	3567	3567.000
CT	839	3617	3617	3617.000
CT	838	3619	3620	3620.000
CT	837	3737	3741	3741.000
CT	836	3675	3673	3673.000
CT	835	3736	3736	3736.000
CT	834	3795	3798	3798.000
CT	833	3864	3865	3865.000
CT	832	3947	3947	3947.000
CT	831	3871	3871	3871.000
CT	830	3866	3866	3866.000
CT	829	3966	3971	3971.000
CT	828	4054	4052	4052.000
CT	827	4032	4032	4032.000
CT	826	4109	4109	4109.000
CT	825	4209	4212	4212.000
CT	824	4171	4173	4173.000
CT	823	4118	4121	4121.000
CT	822	4275	4274	4274.000
CT	821	4277	4279	4279.000
CT	820	4247	4246	4246.000
CT	819	4353	4351	4351.000
CT	818	4319	4321	4321.000
CT	817	4425	4425	4425.000
CT	816	4450	4453	4453.000
CT	815	4515	4512	4512.000
CT	814	4453	4453	4453.000
CT	813	4451	4451	4451.000
CT	812	4564	4563	4563.000
CT	811	4580	4582	4582.000
CT	810	4556	4560	4560.000
CT	809	4677	4678	4678.000
CT	808	4681	4680	4680.000
CT	807	4895	4898	4898.000
CT	806	4835	4835	4835.000
CT	805	4910	4912	4912.000
CT	804	5008	5013	5013.000
CT	803	4906	4908	4908.000
CT	802	4999	5004	5004.000
CT	801	4960	4962	4962.000
CT	800	5172	5174	5174.000
CT	799	5114	5119	5119.000
CT	798	5181	5184	5184.000
CT	797	5396	5400	5400.000
CT	796	5343	5347	5347.000
CT	795	5396	5397	5397.000
CT	794	5382	5387	5387.000
CT	793	5439	5442	5442.000
CT	792	5535	5536	5536.000
CT	791	5553	5555	5555.000
CT	790	5712	5714	5714.000
CT	789	5590	5597	5597.000
CT	788	5707	5708	5708.000
CT	787	5895	5898	5898.000
CT	786	5886	5887	5887.000
CT	785	5771	5776	5776.000
CT	784	5920	5925	5925.000
CT	783	6013	6015	6015.000
CT	782	6102	6103	6103.000
CT	781	6172	6172	6172.000
CT	780	6226	6228	6228.000
CT	779	6144	6143	6143.000
CT	778	6284	6285	6285.000
CT	777	6510	6510	6510.000
CT	776	6369	6374	6374.000
CT	775	6552	6552	6552.000
CT	774	6543	6544	6544.000
CT	773	6667	6668	6668.000
CT	772	6605	6606	6606.000
CT	771	6821	6824	6824.000
CT	770	6895	6895	6895.000
CT	769	7002	7002	7002.000
CT	768	6897	6899	6899.000
CT	767	7052	7053	7053.000
CT	766	6849	6850	6850.000
CT	765	7078	7077	7077.000
CT	764	7089	7092	7092.000
CT	763	7287	7287	7287.000
CT	762	7216	7216	7216.000
CT	761	7335	7335	7335.000
CT	760	7494	7494	7494.000
CT	759	7584	7585	7585.000
CT	758	7374	7373	7373.000
CT	757	7444	7443	7443.000
CT	756	7518	7520	7520.000
CT	755	7728	7728	7728.000
CT	754	7568	7568	7568.000
CT	753	7922	7921	7921.000
CT	752	7907	7908	7908.000
CT	751	7791	7792	7792.000
CT	750	7906	7908	7908.000
CT	749	7941	7941	7941.000
CT	748	8060	8060	8060.000
CT	747	8110	8109	8109.000
CT	746	8122	8122	8122.000
CT	745	8106	8106	8106.000
CT	744	8333	8333	8333.000
CT	743	8471	8472	8472.000
CT	742	8408	8408	8408.000
CT	741	8542	8542	8542.000
CT	740	8759	8759	8759.000
CT	739	8667	8667	8667.000
CT	738	8685	8685	8685.000
CT	737	8942	8943	8943.000
CT	736	8750	8750	8750.000
CT	735	8963	8964	8964.000
CT	734	9005	9006	9006.000
CT	733	9026	9028	9028.000
CT	732	9119	9121	9121.000
CT	731	9056	9059	9059.000
CT	730	9193	9193	9193.000
CT	729	9039	9042	9042.000
CT	728	9168	9169	9169.000
CT	727	9190	9192	9192.000
CT	726	9267	9268	9268.000
CT	725	9414	9414	9414.000
CT	724	9554	9555	9555.000
CT	723	9495	9497	9497.000
CT	722	9621	9621	9621.000
CT	721	9637	9637	9637.000
CT	720	9658	9659	9659.000
CT	719	9834	9837	9837.000
CT	718	9988	9990	9990.000
CT	717	9869	9870	9870.000
CT	716	10131	10133	10133.000
CT	715	10137	10138	10138.000
CT	714	10128	10129	10129.000
CT	713	10057	10057	10057.000
CT	712	10389	10389	10389.000
CT	711	10300	10301	10301.000
CT	710	10190	10190	10190.000
CT	709	10290	10291	10291.000
CT	708	10412	10413	10413.000
CT	707	10454	10456	10456.000
CT	706	10670	10670	10670.000
CT	705	10466	10466	10466.000
CT	704	10611	10612	10612.000
CT	703	10632	10631	10631.000
CT	702	10830	10831	10831.000
CT	701	10937	10937	10937.000
CT	700	10885	10887	10887.000
CT	699	10884	10887	10887.000
CT	698	11142	11142	11142.000
CT	697	11059	11060	11060.000
CT	696	11116	11116	11116.000
CT	695	11062	11065	11065.000
CT	694	11396	11397	11397.000
CT	693	11449	11451	11451.000
CT	692	11358	11359	11359.000
CT	691	11837	11838	11838.000
CT	690	11631	11635	11635.000
CT	689	11585	11588	11588.000
CT	688	11826	11829	11829.000
CT	687	11953	11954	11954.000
CT	686	12141	12142	12142.000
CT	685	12154	12157	12157.000
CT	684	12167	12171	12171.000
CT	683	12257	12257	12257.000
CT	682	12325	12325	12325.000
CT	681	12312	12315	12315.000
CT	680	12660	12662	12662.000
CT	679	12535	12536	12536.000
CT	678	12516	12517	12517.000
CT	677	12441	12442	12442.000
CT	676	12716	12718	12718.000
CT	675	12701	12700	12700.000
CT	674	12767	12766	12766.000
CT	673	12777	12777	12777.000
CT	672	12813	12811	12811.000
CT	671	12794	12797	12797.000
CT	670	12738	12738	12738.000
CT	669	13034	13034	13034.000
CT	668	13063	13061	13061.000
CT	667	13302	13302	13302.000
CT	666	13299	13298	13298.000
CT	665	13249	13241	13241.000
CT	664	13342	13341	13341.000
CT	663	13364	13361	13361.000
CT	662	13491	13485	13485.000
CT	661	13468	13466	13466.000
CT	660	13480	13477	13477.000
CT	659	13671	13667	13667.000
CT	658	13815	13811	13811.000
CT	657	13695	13693	13693.000
CT	656	13907	13906	13906.000
CT	655	14043	14042	14042.000
CT	654	13957	13955	13955.000
CT	653	14108	14102	14102.000
CT	652	13946	13946	13946.000
CT	651	14148	14145	14145.000
CT	650	14271	14266	14266.000
CT	649	14189	14186	14186.000
CT	648	14610	14608	14608.000
CT	647	14360	14359	14359.000
CT	646	14461	14456	14456.000
CT	645	14532	14528	14528.000
CT	644	14750	14748	14748.000
CT	643	14523	14521	14521.000
CT	642	14753	14750	14750.000
CT	641	14953	14952	14952.000
CT	640	14523	14518	14518.000
CT	639	14642	14640	14640.000
CT	638	14938	14937	14937.000
CT	637	14954	14950	14950.000
CT	636	15038	15036	15036.000
CT	635	14932	14930	14930.000
CT	634	15165	15165	15165.000
CT	633	15397	15394	15394.000
CT	632	15240	15234	15234.000
CT	631	15286	15284	15284.000
CT	630	15257	15256	15256.000
CT	629	15182	15180	15180.000
CT	628	15517	15514	15514.000
CT	627	15445	15446	15446.000
CT	626	15592	15586	15586.000
CT	625	15574	15573	15573.000
CT	624	15859	15854	15854.000
CT	623	15637	15631	15631.000
CT	622	15856	15854	15854.000
CT	621	15742	15741	15741.000
CT	620	15795	15795	15795.000
CT	619	15880	15877	15877.000
CT	618	15599	15596	15596.000
CT	617	15831	15829	15829.000
CT	616	16028	16021	16021.000
CT	615	15921	15916	15916.000
CT	614	16013	16013	16013.000
CT	613	15880	15881	15881.000
CT	612	15996	15995	15995.000
CT	611	15924	15922	15922.000
CT	610	16043	16044	16044.000
CT	609	15894	15890	15890.000
CT	608	15972	15972	15972.000
CT	607	15881	15879	15879.000
CT	606	15897	15896	15896.000
CT	605	16090	16088	16088.000
CT	604	16144	16142	16142.000
CT	603	16343	16341	16341.000
CT	602	16064	16061	16061.000
CT	601	16265	16263	16263.000
CT	600	16350	16348	16348.000
CT	599	16070	16070	16070.000
CT	598	16230	16228	16228.000
CT	597	16382	16380	16380.000
CT	596	16319	16317	16317.000
CT	595	16296	16293	16293.000
CT	594	16313	16312	16312.000
CT	593	16120	16119	16119.000
CT	592	16153	16152	16152.000
CT	591	16433	16432	16432.000
CT	590	16382	16382	16382.000
CT	589	16307	16306	16306.000
CT	588	16309	16309	16309.000
CT	587	16514	16513	16513.000
CT	586	16370	16370	16370.000
CT	585	16294	16294	16294.000
CT	584	16269	16268	16268.000
CT	583	16081	16081	16081.000
CT	582	16313	16312	16312.000
CT	581	16324	16324	16324.000
CT	580	16458	16457	16457.000
CT	579	16673	16673	16673.000
CT	578	16537	16537	16537.000
CT	577	16409	16407	16407.000
CT	576	16695	16696	16696.000
CT	575	16620	16618	16618.000
CT	574	16468	16465	16465.000
CT	573	16587	16587	16587.000
CT	572	16541	16541	16541.000
CT	571	17114	17114	17114.000
CT	570	16538	16536	16536.000
CT	569	16517	16517	16517.000
CT	568	16638	16636	16636.000
CT	567	16626	16625	16625.000
CT	566	16506	16504	16504.000
CT	565	16510	16508	16508.000
CT	564	16483	16482	16482.000
CT	563	16486	16486	16486.000
CT	562	16561	16555	16555.000
CT	561	16621	16618	16618.000
CT	560	16621	16620	16620.000
CT	559	16479	16473	16473.000
CT	558	16530	16525	16525.000
CT	557	16559	16556	16556.000
CT	556	16265	16262	16262.000
CT	555	16235	16233	16233.000
CT	554	16432	16431	16431.000
CT	553	16188	16186	16186.000
CT	552	16119	16119	16119.000
CT	551	15838	15836	15836.000
CT	550	15958	15952	15952.000
CT	549	15819	15818	15818.000
CT	548	15656	15655	15655.000
CT	547	15751	15746	15746.000
CT	546	15930	15924	15924.000
CT	545	15795	15793	15793.000
CT	544	15523	15519	15519.000
CT	543	15407	15404	15404.000
CT	542	15520	15519	15519.000
CT	541	15714	15711	15711.000
CT	540	15423	15422	15422.000
CT	539	15419	15419	15419.000
CT	538	15327	15325	15325.000
CT	537	15277	15269	15269.000
CT	536	15284	15279	15279.000
CT	535	15232	15231	15231.000
CT	534	15233	15231	15231.000
CT	533	15191	15189	15189.000
CT	532	14991	14991	14991.000
CT	531	15209	15207	15207.000
CT	530	15003	15001	15001.000
CT	529	14901	14900	14900.000
CT	528	14777	14776	14776.000
CT	527	14909	14907	14907.000
CT	526	14678	14679	14679.000
CT	525	14525	14523	14523.000
CT	524	14430	14431	14431.000
CT	523	14658	14654	14654.000
CT	522	14340	14337	14337.000
CT	521	14399	14400	14400.000
CT	520	14256	14253	14253.000
CT	519	14082	14082	14082.000
CT	518	13702	13698	13698.000
CT	517	13667	13666	13666.000
CT	516	13912	13912	13912.000
CT	515	13844	13839	13839.000
CT	514	13730	13726	13726.000
CT	513	13489	13483	13483.000
CT	512	13697	13694	13694.000
CT	511	13247	13246	13246.000
CT	510	13216	13211	13211.000
CT	509	13494	13497	13497.000
CT	508	13277	13276	13276.000
CT	507	13116	13115	13115.000
CT	506	13007	13006	13006.000
CT	505	12664	12662	12662.000
CT	504	12925	12926	12926.000
CT	503	12653	12655	12655.000
CT	502	12554	12547	12547.000
CT	501	12392	12391	12391.000
CT	500	12452	12451	12451.000
CT	499	12307	12309	12309.000
CT	498	12207	12206	12206.000
CT	497	12122	12122	12122.000
CT	496	12072	12072	12072.000
CT	495	11936	11935	11935.000
CT	494	11840	11840	11840.000
CT	493	11716	11716	11716.000
CT	492	11612	11612	11612.000
CT	491	11525	11524	11524.000
CT	490	11517	11519	11519.000
CT	489	11104	11103	11103.000
CT	488	11069	11069	11069.000
CT	487	11220	11221	11221.000
CT	486	11162	11162	11162.000
CT	485	11011	11011	11011.000
CT	484	10682	10683	10683.000
CT	483	10855	10854	10854.000
CT	482	10614	10615	10615.000
CT	481	10469	10467	10467.000
CT	480	10545	10544	10544.000
CT	479	10321	10321	10321.000
CT	478	10044	10042	10042.000
CT	477	10200	10197	10197.000
CT	476	10000	10000	10000.000
CT	475	9868	9869	9869.000
CT	474	9579	9576	9576.000
CT	473	9496	9493	9493.000
CT	472	9358	9358	9358.000
CT	471	9467	9467	9467.000
CT	470	9324	9324	9324.000
CT	469	9167	9166	9166.000
CT	468	8858	8858	8858.000
CT	467	8696	8696	8696.000
CT	466	8863	8863	8863.000
CT	465	8625	8626	8626.000
CT	464	8450	8447	8447.000
CT	463	8438	8439	8439.000
CT	462	8404	8404	8404.000
CT	461	8209	8209	8209.000
CT	460	8071	8070	8070.000
CT	459	8102	8100	8100.000
CT	458	7901	7900	7900.000
CT	457	7877	7876	7876.000
CT	456	7861	7861	7861.000
CT	455	7725	7725	7725.000
CT	454	7640	7639	7639.000
CT	453	7422	7422	7422.000
CT	452	7207	7207	7207.000
CT	451	7218	7218	7218.000
CT	450	7251	7251	7251.000
CT	449	7076	7074	7074.000
CT	448	6907	6908	6908.000
CT	447	6744	6744	6744.000
CT	446	6867	6866	6866.000
CT	445	6701	6702	6702.000
CT	444	6466	6466	6466.000
CT	443	6490	6489	6489.000
CT	442	6333	6335	6335.000
CT	441	6324	6324	6324.000
CT	440	5943	5943	5943.000
CT	439	6150	6151	6151.000
CT	438	5906	5906	5906.000
CT	437	5924	5924	5924.000
CT	436	5732	5730	5730.000
CT	435	5738	5738	5738.000
CT	434	5707	5707	5707.000
CT	433	5561	5561	5561.000
CT	432	5357	5357	5357.000
CT	431	5353	5353	5353.000
CT	430	5324	5323	5323.000
CT	429	5076	5075	5075.000
CT	428	5136	5135	5135.000
CT	427	4951	4951	4951.000
CT	426	5051	5054	5054.000
CT	425	4853	4850	4850.000
CT	424	4684	4684	4684.000
CT	423	4623	4623	4623.000
CT	422	4481	4482	4482.000
CT	421	4476	4477	4477.000
CT	420	4465	4466	4466.000
CT	419	4198	4198	4198.000
CT	418	4245	4245	4245.000
CT	417	4154	4153	4153.000
CT	416	4147	4149	4149.000
CT	415	4120	4121	4121.000
CT	414	3981	3984	3984.000
CT	413	3926	3926	3926.000
CT	412	3809	3808	3808.000
CT	411	3664	3665	3665.000
CT	410	3598	3599	3599.000
CT	409	3497	3498	3498.000
CT	408	3295	3295	3295.000
CT	407	3382	3382	3382.000
CT	406	3163	3163	3163.000
CT	405	3232	3233	3233.000
CT	404	3153	3152	3152.000
CT	403	2962	2961	2961.000
CT	402	2894	2893	2893.000
CT	401	2965	2965	2965.000
CT	400	2927	2928	2928.000
CT	399	2703	2703	2703.000
CT	398	2682	2682	2682.000
CT	397	2594	2596	2596.000
CT	396	2656	2656	2656.000
CT	395	2602	2605	2605.000
CT	394	2470	2471	2471.000
CT	393	2365	2369	2369.000
CT	392	2268	2269	2269.000
CT	391	2304	2304	2304.000
CT	390	2338	2340	2340.000
CT	389	2236	2237	2237.000
CT	388	2182	2185	2185.000
CT	387	2108	2107	2107.000
CT	386	1997	2000	2000.000
CT	385	2063	2065	2065.000
CT	384	2032	2035	2035.000
CT	383	1953	1954	1954.000
CT	382	1825	1824	1824.000
CT	381	1894	1896	1896.000
CT	380	1777	1778	1778.000
CT	379	1725	1726	1726.000
CT	378	1727	1730	1730.000
CT	377	1649	1650	1650.000
CT	376	1635	1636	1636.000
CT	375	1593	1593	1593.000
CT	374	1509	1507	1507.000
CT	373	1474	1473	1473.000
CT	372	1319	1315	1315.000
CT	371	1304	1304	1304.000
CT	370	1231	1230	1230.000
CT	369	1215	1213	1213.000
CT	368	1158	1158	1158.000
CT	367	1141	1140	1140.000
CT	366	1095	1094	1094.000
CT	365	1002	998	998.000
CT	364	957	957	957.000
CT	363	989	989	989.000
CT	362	922	921	921.000
CT	361	937	937	937.000
CT	360	866	866	866.000
CT	359	912	912	912.000
CT	358	847	847	847.000
CT	357	858	858	858.000
CT	356	791	790	790.000
CT	355	749	749	749.000
CT	354	753	753	753.000
CT	353	717	718	718.000
CT	352	663	663	663.000
CT	351	621	621	621.000
CT	350	581	581	581.000
CT	349	583	583	583.000
CT	348	560	560	560.000
CT	347	574	574	574.000
CT	346	508	508	508.000
CT	345	567	567	567.000
CT	344	506	506	506.000
CT	343	498	497	497.000
CT	342	469	469	469.000
CT	341	433	433	433.000
CT	340	436	436	436.000
CT	339	416	416	416.000
CT	338	428	428	428.000
CT	337	404	404	404.000
CT	336	391	391	391.000
CT	335	344	344	344.000
CT	334	383	383	383.000
CT	333	398	398	398.000
CT	332	370	370	370.000
CT	331	343	343	343.000
CT	330	344	344	344.000
CT	329	320	320	320.000
CT	328	314	314	314.000
CT	327	285	285	285.000
CT	326	289	289	289.000
CT	325	269	269	269.000
CT	324	247	247	247.000
CT	323	237	237	237.000
CT	322	288	288	288.000
CT	321	228	228	228.000
CT	320	213	213	213.000
CT	319	204	204	204.000
CT	318	225	225	225.000
CT	317	227	227	227.000
CT	316	198	198	198.000
CT	315	226	226	226.000
CT	314	174	174	174.000
CT	313	194	194	194.000
CT	312	185	185	185.000
CT	311	186	186	186.000
CT	310	201	201	201.000
CT	309	189	189	189.000
CT	308	174	173	173.000
CT	307	183	182	182.000
CT	306	196	195	195.000
CT	305	171	171	171.000
CT	304	143	142	142.000
CT	303	150	150	150.000
CT	302	123	122	122.000
CT	301	130	129	129.000
CT	300	130	129	129.000
CT	299	130	126	126.000
CT	298	115	113	113.000
CT	297	142	140	140.000
CT	296	123	123	123.000
CT	295	112	110	110.000
CT	294	97	96	96.000
CT	293	98	96	96.000
CT	292	79	79	79.000
CT	291	76	76	76.000
CT	290	84	82	82.000
CT	289	82	79	79.000
CT	288	75	71	71.000
CT	287	71	69	69.000
CT	286	91	85	85.000
CT	285	65	63	63.000
CT	284	45	43	43.000
CT	283	64	62	62.000
CT	282	78	75	75.000
CT	281	55	55	55.000
CT	280	53	51	51.000
CT	279	34	30	30.000
CT	278	53	51	51.000
CT	277	46	46	46.000
CT	276	42	42	42.000
CT	275	34	32	32.000
CT	274	44	43	43.000
CT	273	33	33	33.000
CT	272	27	26	26.000
CT	271	37	36	36.000
CT	270	35	30	30.000
CT	269	42	39	39.000
CT	268	36	33	33.000
CT	267	32	32	32.000
CT	266	20	18	18.000
CT	265	32	32	32.000
CT	264	35	33	33.000
CT	263	34	33	33.000
CT	262	25	22	22.000
CT	261	30	29	29.000
CT	260	28	28	28.000
CT	259	25	24	24.000
CT	258	18	18	18.000
CT	257	23	23	23.000
CT	256	23	23	23.000
CT	255	22	22	22.000
CT	254	25	21	21.000
CT	253	18	16	16.000
CT	252	12	12	12.000
CT	251	15	12	12.000
CT	250	21	21	21.000
CT	249	20	19	19.000
CT	248	19	18	18.000
CT	247	15	15	15.000
CT	246	10	9	9.000
CT	245	12	11	11.000
CT	244	13	13	13.000
CT	243	22	19	19.000
CT	242	9	6	6.000
CT	241	19	13	13.000
CT	240	17	12	12.000
CT	239	14	7	7.000
CT	238	14	10	10.000
CT	237	9	7	7.000
CT	236	11	9	9.000
CT	235	10	7	7.000
CT	234	11	9	9.000
CT	233	10	9	9.000
CT	232	16	15	15.000
CT	231	14	13	13.000
CT	230	12	11	11.000
CT	229	9	7	7.000
CT	228	10	9	9.000
CT	227	20	14	14.000
CT	226	10	8	8.000
CT	225	18	14	14.000
CT	224	12	9	9.000
CT	223	5	4	4.000
CT	222	5	3	3.000
CT	221	5	4	4.000
CT	220	10	5	5.000
CT	219	7	4	4.000
CT	218	6	5	5.000
CT	217	2	1	1.000
CT	216	4	2	2.000
CT	215	5	5	5.000
CT	214	9	6	6.000
CT	213	2	1	1.000
CT	212	5	5	5.000
CT	211	13	11	11.000
CT	210	11	6	6.000
CT	209	12	7	7.000
CT	208	12	11	11.000
CT	207	15	11	11.000
CT	206	15	12	12.000
CT	205	10	10	10.000
CT	204	10	9	9.000
CT	203	12	7	7.000
CT	202	17	13	13.000
CT	201	13	12	12.000
CT	200	13	9	9.000
CT	199	8	7	7.000
CT	198	15	13	13.000
CT	197	22	18	18.000
CT	196	23	22	22.000
CT	195	25	25	25.000
CT	194	15	15	15.000
CT	193	17	17	17.000
CT	192	14	12	12.000
CT	191	17	17	17.000
CT	190	19	15	15.000
CT	189	25	24	24.000
CT	188	15	10	10.000
CT	187	16	15	15.000
CT	186	10	7	7.000
CT	185	8	8	8.000
CT	184	7	4	4.000
CT	183	11	9	9.000
CT	182	14	11	11.000
CT	181	14	11	11.000
CT	180	16	11	11.000
CT	179	23	17	17.000
CT	178	19	16	16.000
CT	177	14	10	10.000
CT	176	30	21	21.000
CT	175	14	12	12.000
CT	174	17	16	16.000
CT	173	14	12	12.000
CT	172	11	10	10.000
CT	171	10	6	6.000
CT	170	11	7	7.000
CT	169	10	3	3.000
CT	168	5	3	3.000
CT	167	3	1	1.000
CT	166	11	3	3.000
CT	165	8	2	2.000
CT	164	11	5	5.000
CT	163	7	3	3.000
CT	162	6	2	2.000
CT	161	13	4	4.000
CT	160	14	3	3.000
CT	159	12	5	5.000
CT	158	10	5	5.000
CT	157	11	5	5.000
CT	156	14	8	8.000
CT	155	8	1	1.000
CT	154	15	7	7.000
CT	153	20	7	7.000
CT	152	12	1	1.000
CT	151	15	3	3.000
CT	150	11	0	0.000
CT	149	9	0	0.000
CT	148	9	0	0.000
CT	147	5	0	0.000
CT	146	13	0	0.000
CT	145	17	0	0.000
CT	144	13	1	1.000
CT	143	15	2	2.000
CT	142	13	0	0.000
CT	141	12	0	0.000
CT	140	15	0	0.000
CT	139	14	0	0.000
CT	138	12	0	0.000
CT	137	10	0	0.000
CT	136	12	0	0.000
CT	135	8	0	0.000
CT	134	8	0	0.000
CT	133	7	0	0.000
CT	132	5	1	1.000
CT	131	20	0	0.000
CT	130	21	2	2.000
CT	129	15	0	0.000
CT	128	26	5	5.000
CT	127	17	1	1.000
CT	126	25	3	3.000
CT	125	30	4	4.000
CT	124	17	2	2.000
CT	123	13	1	1.000
CT	122	13	3	3.000
CT	121	11	1	1.000
CT	120	23	3	3.000
CT	119	25	4	4.000
CT	118	20	0	0.000
CT	117	29	1	1.000
CT	116	20	1	1.000
CT	115	26	0	0.000
CT	114	22	0	0.000
CT	113	19	0	0.000
CT	112	31	1	1.000
CT	111	17	0	0.000
CT	110	18	0	0.000
CT	109	33	2	2.000
CT	108	34	1	1.000
CT	107	35	1	1.000
CT	106	33	0	0.000
CT	105	35	0	0.000
CT	104	28	0	0.000
CT	103	33	1	1.000
CT	102	47	1	1.000
CT	101	37	1	1.000
CT	100	35	0	0.000
CT	99	46	1	1.000
CT	98	41	0	0.000
CT	97	49	1	1.000
CT	96	69	0	0.000
CT	95	68	1	1.000
CT	94	60	0	0.000
CT	93	60	0	0.000
CT	92	70	2	2.000
CT	91	67	1	1.000
CT	90	96	0	0.000
CT	89	74	2	2.000
CT	88	95	1	1.000
CT	87	98	1	1.000
CT	86	85	0	0.000
CT	85	74	1	1.000
CT	84	81	0	0.000
CT	83	93	1	1.000
CT	82	95	3	3.000
CT	81	104	0	0.000
CT	80	113	1	1.000
CT	79	110	0	0.000
CT	78	119	0	0.000
CT	77	139	1	1.000
CT	76	124	1	1.000
CT	75	140	0	0.000
CT	74	142	1	1.000
CT	73	147	0	0.000
CT	72	191	0	0.000
CT	71	197	1	1.000
CT	70	214	0	0.000
CT	69	202	0	0.000
CT	68	222	1	1.000
CT	67	230	1	1.000
CT	66	229	0	0.000
CT	65	298	1	1.000
CT	64	302	1	1.000
CT	63	322	1	1.000
CT	62	371	1	1.000
CT	61	351	0	0.000
CT	60	365	0	0.000
CT	59	443	1	1.000
CT	58	452	4	4.000
CT	57	474	2	2.000
CT	56	561	0	0.000
CT	55	521	1	1.000
CT	54	650	2	2.000
CT	53	694	0	0.000
CT	52	734	2	2.000
CT	51	888	1	1.000
CT	50	982	1	1.000
CT	49	951	0	0.000
CT	48	1018	0	0.000
CT	47	1131	0	0.000
CT	46	1223	0	0.000
CT	45	1331	2	2.000
CT	44	1511	0	0.000
CT	43	1727	0	0.000
CT	42	1799	0	0.000
CT	41	1892	1	1.000
CT	40	2216	0	0.000
CT	39	2220	0	0.000
CT	38	2508	0	0.000
CT	37	2622	0	0.000
CT	36	2784	0	0.000
CT	35	3200	0	0.000
CT	34	3752	0	0.000
CT	33	3927	0	0.000
CT	32	4597	0	0.000
CT	31	4910	1	1.000
CT	30	5608	1	1.000
CT	29	6129	2	2.000
CT	28	6811	0	0.000
CT	27	7712	0	0.000
CT	26	8548	1	1.000
CT	25	9825	0	0.000
CT	24	11303	0	0.000
CT	23	13273	0	0.000
CT	22	15302	0	0.000
CT	21	18084	0	0.000
CT	20	21262	0	0.000
CT	19	25384	0	0.000
CT	18	30588	0	0.000
CT	17	37427	0	0.000
CT	16	46014	0	0.000
CT	15	59922	0	0.000
CT	14	76423	0	0.000
CT	13	102345	0	0.000
CT	12	139392	0	0.000
CT	11	192108	0	0.000
CT	10	274217	0	0.000
CT	9	408744	0	0.000
CT	8	632209	0	0.000
CT	7	1021120	0	0.000
CT	6	1727926	0	0.000
CT	5	3122290	0	0.000
CT	4	6159534	0	0.000
CT	3	13771658	0	0.000
CT	2	37093929	0	0.000
CT	1	0	0	-nan
CT	0	0	0	-nan
FR	0	0
ER	5395222	0.000
CV	1.000
QV	inf	inf
