HS	1023	0	291399	291399
HS	1022	0	498	291897
HS	1021	0	484	292381
HS	1020	0	512	292893
HS	1019	0	543	293436
HS	1018	0	521	293957
HS	1017	0	549	294506
HS	1016	0	525	295031
HS	1015	0	553	295584
HS	1014	0	534	296118
HS	1013	0	533	296651
HS	1012	0	530	297181
HS	1011	0	544	297725
HS	1010	0	557	298282
HS	1009	0	569	298851
HS	1008	0	674	299525
HS	1007	0	624	300149
HS	1006	0	620	300769
HS	1005	0	680	301449
HS	1004	0	684	302133
HS	1003	0	610	302743
HS	1002	0	655	303398
HS	1001	0	695	304093
HS	1000	0	659	304752
HS	999	0	689	305441
HS	998	0	675	306116
HS	997	0	680	306796
HS	996	0	636	307432
HS	995	0	725	308157
HS	994	0	693	308850
HS	993	0	692	309542
HS	992	0	730	310272
HS	991	0	726	310998
HS	990	0	721	311719
HS	989	0	747	312466
HS	988	0	689	313155
HS	987	0	715	313870
HS	986	0	765	314635
HS	985	0	786	315421
HS	984	0	741	316162
HS	983	0	814	316976
HS	982	0	795	317771
HS	981	0	861	318632
HS	980	0	824	319456
HS	979	0	827	320283
HS	978	0	875	321158
HS	977	0	944	322102
HS	976	0	917	323019
HS	975	0	888	323907
HS	974	0	876	324783
HS	973	0	931	325714
HS	972	0	894	326608
HS	971	0	964	327572
HS	970	0	995	328567
HS	969	0	923	329490
HS	968	0	900	330390
HS	967	0	995	331385
HS	966	0	1020	332405
HS	965	0	973	333378
HS	964	0	946	334324
HS	963	0	1022	335346
HS	962	0	1020	336366
HS	961	0	977	337343
HS	960	0	1014	338357
HS	959	0	1001	339358
HS	958	0	1054	340412
HS	957	0	1075	341487
HS	956	0	1021	342508
HS	955	0	1068	343576
HS	954	0	1058	344634
HS	953	0	1103	345737
HS	952	0	1104	346841
HS	951	0	1056	347897
HS	950	0	1127	349024
HS	949	0	1132	350156
HS	948	0	1130	351286
HS	947	0	1151	352437
HS	946	0	1209	353646
HS	945	0	1192	354838
HS	944	0	1206	356044
HS	943	0	1236	357280
HS	942	0	1232	358512
HS	941	0	1219	359731
HS	940	0	1252	360983
HS	939	0	1263	362246
HS	938	0	1310	363556
HS	937	0	1286	364842
HS	936	0	1282	366124
HS	935	0	1334	367458
HS	934	0	1385	368843
HS	933	0	1351	370194
HS	932	0	1455	371649
HS	931	0	1396	373045
HS	930	0	1411	374456
HS	929	0	1443	375899
HS	928	0	1472	377371
HS	927	0	1440	378811
HS	926	0	1496	380307
HS	925	0	1517	381824
HS	924	0	1551	383375
HS	923	0	1500	384875
HS	922	0	1598	386473
HS	921	0	1628	388101
HS	920	0	1570	389671
HS	919	0	1544	391215
HS	918	0	1594	392809
HS	917	0	1689	394498
HS	916	0	1643	396141
HS	915	0	1645	397786
HS	914	0	1687	399473
HS	913	0	1671	401144
HS	912	0	1771	402915
HS	911	0	1790	404705
HS	910	0	1796	406501
HS	909	0	1800	408301
HS	908	0	1729	410030
HS	907	0	1868	411898
HS	906	0	1824	413722
HS	905	0	1921	415643
HS	904	0	1905	417548
HS	903	0	1887	419435
HS	902	0	2007	421442
HS	901	0	2004	423446
HS	900	0	2051	425497
HS	899	0	2014	427511
HS	898	0	2097	429608
HS	897	0	2109	431717
HS	896	0	2069	433786
HS	895	0	1959	435745
HS	894	0	2104	437849
HS	893	0	2051	439900
HS	892	0	2136	442036
HS	891	0	2146	444182
HS	890	0	2063	446245
HS	889	0	2097	448342
HS	888	0	2172	450514
HS	887	0	2265	452779
HS	886	0	2229	455008
HS	885	0	2226	457234
HS	884	0	2362	459596
HS	883	0	2240	461836
HS	882	0	2353	464189
HS	881	0	2476	466665
HS	880	0	2360	469025
HS	879	0	2457	471482
HS	878	0	2365	473847
HS	877	0	2482	476329
HS	876	0	2480	478809
HS	875	0	2508	481317
HS	874	0	2536	483853
HS	873	0	2549	486402
HS	872	0	2584	488986
HS	871	0	2669	491655
HS	870	0	2624	494279
HS	869	0	2663	496942
HS	868	0	2640	499582
HS	867	0	2733	502315
HS	866	0	2763	505078
HS	865	0	2739	507817
HS	864	0	2749	510566
HS	863	0	2882	513448
HS	862	0	2826	516274
HS	861	0	2894	519168
HS	860	0	2893	522061
HS	859	0	2890	524951
HS	858	0	3006	527957
HS	857	0	2957	530914
HS	856	0	2938	533852
HS	855	0	3023	536875
HS	854	0	3041	539916
HS	853	0	3105	543021
HS	852	0	3099	546120
HS	851	0	3206	549326
HS	850	0	3210	552536
HS	849	0	3334	555870
HS	848	0	3276	559146
HS	847	0	3317	562463
HS	846	0	3298	565761
HS	845	0	3302	569063
HS	844	0	3441	572504
HS	843	0	3412	575916
HS	842	0	3419	579335
HS	841	0	3485	582820
HS	840	0	3564	586384
HS	839	0	3617	590001
HS	838	0	3619	593620
HS	837	0	3737	597357
HS	836	0	3675	601032
HS	835	0	3736	604768
HS	834	0	3795	608563
HS	833	0	3864	612427
HS	832	0	3947	616374
HS	831	0	3871	620245
HS	830	0	3866	624111
HS	829	0	3966	628077
HS	828	0	4054	632131
HS	827	0	4032	636163
HS	826	0	4109	640272
HS	825	0	4209	644481
HS	824	0	4171	648652
HS	823	0	4118	652770
HS	822	0	4275	657045
HS	821	0	4277	661322
HS	820	0	4247	665569
HS	819	0	4353	669922
HS	818	0	4319	674241
HS	817	0	4425	678666
HS	816	0	4450	683116
HS	815	0	4515	687631
HS	814	0	4453	692084
HS	813	0	4451	696535
HS	812	0	4564	701099
HS	811	0	4580	705679
HS	810	0	4556	710235
HS	809	0	4677	714912
HS	808	0	4681	719593
HS	807	0	4895	724488
HS	806	0	4835	729323
HS	805	0	4910	734233
HS	804	0	5008	739241
HS	803	0	4906	744147
HS	802	0	4999	749146
HS	801	0	4960	754106
HS	800	0	5172	759278
HS	799	0	5114	764392
HS	798	0	5181	769573
HS	797	0	5396	774969
HS	796	0	5343	780312
HS	795	0	5396	785708
HS	794	0	5382	791090
HS	793	0	5439	796529
HS	792	0	5535	802064
HS	791	0	5553	807617
HS	790	0	5712	813329
HS	789	0	5590	818919
HS	788	0	5707	824626
HS	787	0	5895	830521
HS	786	0	5886	836407
HS	785	0	5771	842178
HS	784	0	5920	848098
HS	783	0	6013	854111
HS	782	0	6102	860213
HS	781	0	6172	866385
HS	780	0	6226	872611
HS	779	0	6144	878755
HS	778	0	6284	885039
HS	777	0	6510	891549
HS	776	0	6369	897918
HS	775	0	6552	904470
HS	774	0	6543	911013
HS	773	0	6667	917680
HS	772	0	6605	924285
HS	771	0	6821	931106
HS	770	0	6895	938001
HS	769	0	7002	945003
HS	768	0	6897	951900
HS	767	0	7052	958952
HS	766	0	6849	965801
HS	765	0	7078	972879
HS	764	0	7089	979968
HS	763	0	7287	987255
HS	762	0	7216	994471
HS	761	0	7335	1001806
HS	760	0	7494	1009300
HS	759	0	7584	1016884
HS	758	0	7374	1024258
HS	757	0	7444	1031702
HS	756	0	7518	1039220
HS	755	0	7728	1046948
HS	754	0	7568	1054516
HS	753	0	7922	1062438
HS	752	0	7907	1070345
HS	751	0	7791	1078136
HS	750	0	7906	1086042
HS	749	0	7941	1093983
HS	748	0	8060	1102043
HS	747	0	8110	1110153
HS	746	0	8122	1118275
HS	745	0	8106	1126381
HS	744	0	8333	1134714
HS	743	0	8471	1143185
HS	742	0	8408	1151593
HS	741	0	8542	1160135
HS	740	0	8759	1168894
HS	739	0	8667	1177561
HS	738	0	8685	1186246
HS	737	0	8942	1195188
HS	736	0	8750	1203938
HS	735	0	8963	1212901
HS	734	0	9005	1221906
HS	733	0	9026	1230932
HS	732	0	9119	1240051
HS	731	0	9056	1249107
HS	730	0	9193	1258300
HS	729	0	9039	1267339
HS	728	0	9168	1276507
HS	727	0	9190	1285697
HS	726	0	9267	1294964
HS	725	0	9414	1304378
HS	724	0	9554	1313932
HS	723	0	9495	1323427
HS	722	0	9621	1333048
HS	721	0	9637	1342685
HS	720	0	9658	1352343
HS	719	0	9834	1362177
HS	718	0	9988	1372165
HS	717	0	9869	1382034
HS	716	0	10131	1392165
HS	715	0	10137	1402302
HS	714	0	10128	1412430
HS	713	0	10057	1422487
HS	712	0	10389	1432876
HS	711	0	10300	1443176
HS	710	0	10190	1453366
HS	709	0	10290	1463656
HS	708	0	10412	1474068
HS	707	0	10454	1484522
HS	706	0	10670	1495192
HS	705	0	10466	1505658
HS	704	0	10611	1516269
HS	703	0	10632	1526901
HS	702	0	10830	1537731
HS	701	0	10937	1548668
HS	700	0	10885	1559553
HS	699	0	10884	1570437
HS	698	0	11142	1581579
HS	697	0	11059	1592638
HS	696	0	11116	1603754
HS	695	0	11062	1614816
HS	694	0	11396	1626212
HS	693	0	11449	1637661
HS	692	0	11358	1649019
HS	691	0	11837	1660856
HS	690	0	11631	1672487
HS	689	0	11585	1684072
HS	688	0	11826	1695898
HS	687	0	11953	1707851
HS	686	0	12141	1719992
HS	685	0	12154	1732146
HS	684	0	12167	1744313
HS	683	0	12257	1756570
HS	682	0	12325	1768895
HS	681	0	12312	1781207
HS	680	0	12660	1793867
HS	679	0	12535	1806402
HS	678	0	12516	1818918
HS	677	0	12441	1831359
HS	676	0	12716	1844075
HS	675	0	12701	1856776
HS	674	0	12767	1869543
HS	673	0	12777	1882320
HS	672	0	12813	1895133
HS	671	0	12794	1907927
HS	670	0	12738	1920665
HS	669	0	13034	1933699
HS	668	0	13063	1946762
HS	667	0	13302	1960064
HS	666	0	13299	1973363
HS	665	0	13249	1986612
HS	664	0	13342	1999954
HS	663	0	13364	2013318
HS	662	0	13491	2026809
HS	661	0	13468	2040277
HS	660	0	13480	2053757
HS	659	0	13671	2067428
HS	658	0	13815	2081243
HS	657	0	13695	2094938
HS	656	0	13907	2108845
HS	655	0	14043	2122888
HS	654	0	13957	2136845
HS	653	0	14108	2150953
HS	652	0	13946	2164899
HS	651	0	14148	2179047
HS	650	0	14271	2193318
HS	649	0	14189	2207507
HS	648	0	14610	2222117
HS	647	0	14360	2236477
HS	646	0	14461	2250938
HS	645	0	14532	2265470
HS	644	0	14750	2280220
HS	643	0	14523	2294743
HS	642	0	14753	2309496
HS	641	0	14953	2324449
HS	640	0	14523	2338972
HS	639	0	14642	2353614
HS	638	0	14938	2368552
HS	637	0	14954	2383506
HS	636	0	15038	2398544
HS	635	0	14932	2413476
HS	634	0	15165	2428641
HS	633	0	15397	2444038
HS	632	0	15240	2459278
HS	631	0	15286	2474564
HS	630	0	15257	2489821
HS	629	0	15182	2505003
HS	628	0	15517	2520520
HS	627	0	15445	2535965
HS	626	0	15592	2551557
HS	625	0	15574	2567131
HS	624	0	15859	2582990
HS	623	0	15637	2598627
HS	622	0	15856	2614483
HS	621	0	15742	2630225
HS	620	0	15795	2646020
HS	619	0	15880	2661900
HS	618	0	15599	2677499
HS	617	0	15831	2693330
HS	616	0	16028	2709358
HS	615	0	15921	2725279
HS	614	0	16013	2741292
HS	613	0	15880	2757172
HS	612	0	15996	2773168
HS	611	0	15924	2789092
HS	610	0	16043	2805135
HS	609	0	15894	2821029
HS	608	0	15972	2837001
HS	607	0	15881	2852882
HS	606	0	15897	2868779
HS	605	0	16090	2884869
HS	604	0	16144	2901013
HS	603	0	16343	2917356
HS	602	0	16064	2933420
HS	601	0	16265	2949685
HS	600	0	16350	2966035
HS	599	0	16070	2982105
HS	598	0	16230	2998335
HS	597	0	16382	3014717
HS	596	0	16319	3031036
HS	595	0	16296	3047332
HS	594	0	16313	3063645
HS	593	0	16120	3079765
HS	592	0	16153	3095918
HS	591	0	16433	3112351
HS	590	0	16382	3128733
HS	589	0	16307	3145040
HS	588	0	16309	3161349
HS	587	0	16514	3177863
HS	586	0	16370	3194233
HS	585	0	16294	3210527
HS	584	0	16269	3226796
HS	583	0	16081	3242877
HS	582	0	16313	3259190
HS	581	0	16324	3275514
HS	580	0	16458	3291972
HS	579	0	16673	3308645
HS	578	0	16537	3325182
HS	577	0	16409	3341591
HS	576	0	16695	3358286
HS	575	0	16620	3374906
HS	574	0	16468	3391374
HS	573	0	16587	3407961
HS	572	0	16541	3424502
HS	571	0	17114	3441616
HS	570	0	16538	3458154
HS	569	0	16517	3474671
HS	568	0	16638	3491309
HS	567	0	16626	3507935
HS	566	0	16506	3524441
HS	565	0	16510	3540951
HS	564	0	16483	3557434
HS	563	0	16486	3573920
HS	562	0	16561	3590481
HS	561	0	16621	3607102
HS	560	0	16621	3623723
HS	559	0	16479	3640202
HS	558	0	16530	3656732
HS	557	0	16559	3673291
HS	556	0	16265	3689556
HS	555	0	16235	3705791
HS	554	0	16432	3722223
HS	553	0	16188	3738411
HS	552	0	16119	3754530
HS	551	0	15838	3770368
HS	550	0	15958	3786326
HS	549	0	15819	3802145
HS	548	0	15656	3817801
HS	547	0	15751	3833552
HS	546	0	15930	3849482
HS	545	0	15795	3865277
HS	544	0	15523	3880800
HS	543	0	15407	3896207
HS	542	0	15520	3911727
HS	541	0	15714	3927441
HS	540	0	15423	3942864
HS	539	0	15419	3958283
HS	538	0	15327	3973610
HS	537	0	15277	3988887
HS	536	0	15284	4004171
HS	535	0	15232	4019403
HS	534	0	15233	4034636
HS	533	0	15191	4049827
HS	532	0	14991	4064818
HS	531	0	15209	4080027
HS	530	0	15003	4095030
HS	529	0	14901	4109931
HS	528	0	14777	4124708
HS	527	0	14909	4139617
HS	526	0	14678	4154295
HS	525	0	14525	4168820
HS	524	0	14430	4183250
HS	523	0	14658	4197908
HS	522	0	14340	4212248
HS	521	0	14399	4226647
HS	520	0	14256	4240903
HS	519	0	14082	4254985
HS	518	0	13702	4268687
HS	517	0	13667	4282354
HS	516	0	13912	4296266
HS	515	0	13844	4310110
HS	514	0	13730	4323840
HS	513	0	13489	4337329
HS	512	0	13697	4351026
HS	511	0	13247	4364273
HS	510	0	13216	4377489
HS	509	0	13494	4390983
HS	508	0	13277	4404260
HS	507	0	13116	4417376
HS	506	0	13007	4430383
HS	505	0	12664	4443047
HS	504	0	12925	4455972
HS	503	0	12653	4468625
HS	502	0	12554	4481179
HS	501	0	12392	4493571
HS	500	0	12452	4506023
HS	499	0	12307	4518330
HS	498	0	12207	4530537
HS	497	0	12122	4542659
HS	496	0	12072	4554731
HS	495	0	11936	4566667
HS	494	0	11840	4578507
HS	493	0	11716	4590223
HS	492	0	11612	4601835
HS	491	0	11525	4613360
HS	490	0	11517	4624877
HS	489	0	11104	4635981
HS	488	0	11069	4647050
HS	487	0	11220	4658270
HS	486	0	11162	4669432
HS	485	0	11011	4680443
HS	484	0	10682	4691125
HS	483	0	10855	4701980
HS	482	0	10614	4712594
HS	481	0	10469	4723063
HS	480	0	10545	4733608
HS	479	0	10321	4743929
HS	478	0	10044	4753973
HS	477	0	10200	4764173
HS	476	0	10000	4774173
HS	475	0	9868	4784041
HS	474	0	9579	4793620
HS	473	0	9496	4803116
HS	472	0	9358	4812474
HS	471	0	9467	4821941
HS	470	0	9324	4831265
HS	469	0	9167	4840432
HS	468	0	8858	4849290
HS	467	0	8696	4857986
HS	466	0	8863	4866849
HS	465	0	8625	4875474
HS	464	0	8450	4883924
HS	463	0	8438	4892362
HS	462	0	8404	4900766
HS	461	0	8209	4908975
HS	460	0	8071	4917046
HS	459	0	8102	4925148
HS	458	0	7901	4933049
HS	457	0	7877	4940926
HS	456	0	7861	4948787
HS	455	0	7725	4956512
HS	454	0	7640	4964152
HS	453	0	7422	4971574
HS	452	0	7207	4978781
HS	451	0	7218	4985999
HS	450	0	7251	4993250
HS	449	0	7076	5000326
HS	448	0	6907	5007233
HS	447	0	6744	5013977
HS	446	0	6867	5020844
HS	445	0	6701	5027545
HS	444	0	6466	5034011
HS	443	0	6490	5040501
HS	442	0	6333	5046834
HS	441	0	6324	5053158
HS	440	0	5943	5059101
HS	439	0	6150	5065251
HS	438	0	5906	5071157
HS	437	0	5924	5077081
HS	436	0	5732	5082813
HS	435	0	5738	5088551
HS	434	0	5707	5094258
HS	433	0	5561	5099819
HS	432	0	5357	5105176
HS	431	0	5353	5110529
HS	430	0	5324	5115853
HS	429	0	5076	5120929
HS	428	0	5136	5126065
HS	427	0	4951	5131016
HS	426	0	5051	5136067
HS	425	0	4853	5140920
HS	424	0	4684	5145604
HS	423	0	4623	5150227
HS	422	0	4481	5154708
HS	421	0	4476	5159184
HS	420	0	4465	5163649
HS	419	0	4198	5167847
HS	418	0	4245	5172092
HS	417	0	4154	5176246
HS	416	0	4147	5180393
HS	415	0	4120	5184513
HS	414	0	3981	5188494
HS	413	0	3926	5192420
HS	412	0	3809	5196229
HS	411	0	3664	5199893
HS	410	0	3598	5203491
HS	409	0	3497	5206988
HS	408	0	3295	5210283
HS	407	0	3382	5213665
HS	406	0	3163	5216828
HS	405	0	3232	5220060
HS	404	0	3153	5223213
HS	403	0	2962	5226175
HS	402	0	2894	5229069
HS	401	0	2965	5232034
HS	400	0	2927	5234961
HS	399	0	2703	5237664
HS	398	0	2682	5240346
HS	397	0	2594	5242940
HS	396	0	2656	5245596
HS	395	0	2602	5248198
HS	394	0	2470	5250668
HS	393	0	2365	5253033
HS	392	0	2268	5255301
HS	391	0	2304	5257605
HS	390	0	2338	5259943
HS	389	0	2236	5262179
HS	388	0	2182	5264361
HS	387	0	2108	5266469
HS	386	0	1997	5268466
HS	385	0	2063	5270529
HS	384	0	2032	5272561
HS	383	0	1953	5274514
HS	382	0	1825	5276339
HS	381	0	1894	5278233
HS	380	0	1777	5280010
HS	379	0	1725	5281735
HS	378	0	1727	5283462
HS	377	0	1649	5285111
HS	376	0	1635	5286746
HS	375	0	1593	5288339
HS	374	0	1509	5289848
HS	373	0	1474	5291322
HS	372	0	1319	5292641
HS	371	0	1304	5293945
HS	370	0	1231	5295176
HS	369	0	1215	5296391
HS	368	0	1158	5297549
HS	367	0	1141	5298690
HS	366	0	1095	5299785
HS	365	0	1002	5300787
HS	364	0	957	5301744
HS	363	0	989	5302733
HS	362	0	922	5303655
HS	361	0	937	5304592
HS	360	0	866	5305458
HS	359	0	912	5306370
HS	358	0	847	5307217
HS	357	0	858	5308075
HS	356	0	791	5308866
HS	355	0	749	5309615
HS	354	0	753	5310368
HS	353	0	717	5311085
HS	352	0	663	5311748
HS	351	0	621	5312369
HS	350	0	581	5312950
HS	349	0	583	5313533
HS	348	0	560	5314093
HS	347	0	574	5314667
HS	346	0	508	5315175
HS	345	0	567	5315742
HS	344	0	506	5316248
HS	343	0	498	5316746
HS	342	0	469	5317215
HS	341	0	433	5317648
HS	340	0	436	5318084
HS	339	0	416	5318500
HS	338	0	428	5318928
HS	337	0	404	5319332
HS	336	0	391	5319723
HS	335	0	344	5320067
HS	334	0	383	5320450
HS	333	0	398	5320848
HS	332	0	370	5321218
HS	331	0	343	5321561
HS	330	0	344	5321905
HS	329	0	320	5322225
HS	328	0	314	5322539
HS	327	0	285	5322824
HS	326	0	289	5323113
HS	325	0	269	5323382
HS	324	0	247	5323629
HS	323	0	237	5323866
HS	322	0	288	5324154
HS	321	0	228	5324382
HS	320	0	213	5324595
HS	319	0	204	5324799
HS	318	0	225	5325024
HS	317	0	227	5325251
HS	316	0	198	5325449
HS	315	0	226	5325675
HS	314	0	174	5325849
HS	313	0	194	5326043
HS	312	0	185	5326228
HS	311	0	186	5326414
HS	310	0	201	5326615
HS	309	0	189	5326804
HS	308	0	174	5326978
HS	307	0	183	5327161
HS	306	0	196	5327357
HS	305	0	171	5327528
HS	304	0	143	5327671
HS	303	0	150	5327821
HS	302	0	123	5327944
HS	301	0	130	5328074
HS	300	0	130	5328204
HS	299	0	130	5328334
HS	298	0	115	5328449
HS	297	0	142	5328591
HS	296	0	123	5328714
HS	295	0	112	5328826
HS	294	0	97	5328923
HS	293	0	98	5329021
HS	292	0	79	5329100
HS	291	0	76	5329176
HS	290	0	84	5329260
HS	289	0	82	5329342
HS	288	0	75	5329417
HS	287	0	71	5329488
HS	286	0	91	5329579
HS	285	0	65	5329644
HS	284	0	45	5329689
HS	283	0	64	5329753
HS	282	0	78	5329831
HS	281	0	55	5329886
HS	280	0	53	5329939
HS	279	0	34	5329973
HS	278	0	53	5330026
HS	277	0	46	5330072
HS	276	0	42	5330114
HS	275	0	34	5330148
HS	274	0	44	5330192
HS	273	0	33	5330225
HS	272	0	27	5330252
HS	271	0	37	5330289
HS	270	0	35	5330324
HS	269	0	42	5330366
HS	268	0	36	5330402
HS	267	0	32	5330434
HS	266	0	20	5330454
HS	265	0	32	5330486
HS	264	0	35	5330521
HS	263	0	34	5330555
HS	262	0	25	5330580
HS	261	0	30	5330610
HS	260	0	28	5330638
HS	259	0	25	5330663
HS	258	0	18	5330681
HS	257	0	23	5330704
HS	256	0	23	5330727
HS	255	0	22	5330749
HS	254	0	25	5330774
HS	253	0	18	5330792
HS	252	0	12	5330804
HS	251	0	15	5330819
HS	250	0	21	5330840
HS	249	0	20	5330860
HS	248	0	19	5330879
HS	247	0	15	5330894
HS	246	0	10	5330904
HS	245	0	12	5330916
HS	244	0	13	5330929
HS	243	0	22	5330951
HS	242	0	9	5330960
HS	241	0	19	5330979
HS	240	0	17	5330996
HS	239	0	14	5331010
HS	238	0	14	5331024
HS	237	0	9	5331033
HS	236	0	11	5331044
HS	235	0	10	5331054
HS	234	0	11	5331065
HS	233	0	10	5331075
HS	232	0	16	5331091
HS	231	0	14	5331105
HS	230	0	12	5331117
HS	229	0	9	5331126
HS	228	0	10	5331136
HS	227	0	20	5331156
HS	226	0	10	5331166
HS	225	0	18	5331184
HS	224	0	12	5331196
HS	223	0	5	5331201
HS	222	0	5	5331206
HS	221	0	5	5331211
HS	220	0	10	5331221
HS	219	0	7	5331228
HS	218	0	6	5331234
HS	217	0	2	5331236
HS	216	0	4	5331240
HS	215	0	5	5331245
HS	214	0	9	5331254
HS	213	0	2	5331256
HS	212	0	5	5331261
HS	211	0	13	5331274
HS	210	0	11	5331285
HS	209	0	12	5331297
HS	208	0	12	5331309
HS	207	0	15	5331324
HS	206	0	15	5331339
HS	205	0	10	5331349
HS	204	0	10	5331359
HS	203	0	12	5331371
HS	202	0	17	5331388
HS	201	0	13	5331401
HS	200	0	13	5331414
HS	199	0	8	5331422
HS	198	0	15	5331437
HS	197	0	22	5331459
HS	196	0	23	5331482
HS	195	0	25	5331507
HS	194	0	15	5331522
HS	193	0	17	5331539
HS	192	0	14	5331553
HS	191	0	17	5331570
HS	190	0	19	5331589
HS	189	0	25	5331614
HS	188	0	15	5331629
HS	187	0	16	5331645
HS	186	0	10	5331655
HS	185	0	8	5331663
HS	184	0	7	5331670
HS	183	0	11	5331681
HS	182	0	14	5331695
HS	181	0	14	5331709
HS	180	0	16	5331725
HS	179	0	23	5331748
HS	178	0	19	5331767
HS	177	0	14	5331781
HS	176	0	30	5331811
HS	175	0	14	5331825
HS	174	0	17	5331842
HS	173	0	14	5331856
HS	172	0	11	5331867
HS	171	0	10	5331877
HS	170	0	11	5331888
HS	169	0	10	5331898
HS	168	0	5	5331903
HS	167	0	3	5331906
HS	166	0	11	5331917
HS	165	0	8	5331925
HS	164	0	11	5331936
HS	163	0	7	5331943
HS	162	0	6	5331949
HS	161	0	13	5331962
HS	160	0	14	5331976
HS	159	0	12	5331988
HS	158	0	10	5331998
HS	157	0	11	5332009
HS	156	0	14	5332023
HS	155	0	8	5332031
HS	154	0	15	5332046
HS	153	0	20	5332066
HS	152	0	12	5332078
HS	151	0	15	5332093
HS	150	0	11	5332104
HS	149	0	9	5332113
HS	148	0	9	5332122
HS	147	0	5	5332127
HS	146	0	13	5332140
HS	145	0	17	5332157
HS	144	0	13	5332170
HS	143	0	15	5332185
HS	142	0	13	5332198
HS	141	0	12	5332210
HS	140	0	15	5332225
HS	139	0	14	5332239
HS	138	0	12	5332251
HS	137	0	10	5332261
HS	136	0	12	5332273
HS	135	0	8	5332281
HS	134	0	8	5332289
HS	133	0	7	5332296
HS	132	0	5	5332301
HS	131	0	20	5332321
HS	130	0	21	5332342
HS	129	0	15	5332357
HS	128	0	26	5332383
HS	127	0	17	5332400
HS	126	0	25	5332425
HS	125	0	30	5332455
HS	124	0	17	5332472
HS	123	0	13	5332485
HS	122	0	13	5332498
HS	121	0	11	5332509
HS	120	0	23	5332532
HS	119	0	25	5332557
HS	118	0	20	5332577
HS	117	0	29	5332606
HS	116	0	20	5332626
HS	115	0	26	5332652
HS	114	0	22	5332674
HS	113	0	19	5332693
HS	112	0	31	5332724
HS	111	0	17	5332741
HS	110	0	18	5332759
HS	109	0	33	5332792
HS	108	0	34	5332826
HS	107	0	35	5332861
HS	106	0	33	5332894
HS	105	0	35	5332929
HS	104	0	28	5332957
HS	103	0	33	5332990
HS	102	0	47	5333037
HS	101	0	37	5333074
HS	100	0	35	5333109
HS	99	0	46	5333155
HS	98	0	41	5333196
HS	97	0	49	5333245
HS	96	0	69	5333314
HS	95	0	68	5333382
HS	94	0	60	5333442
HS	93	0	60	5333502
HS	92	0	70	5333572
HS	91	0	67	5333639
HS	90	0	96	5333735
HS	89	0	74	5333809
HS	88	0	95	5333904
HS	87	0	98	5334002
HS	86	0	85	5334087
HS	85	0	74	5334161
HS	84	0	81	5334242
HS	83	0	93	5334335
HS	82	0	95	5334430
HS	81	0	104	5334534
HS	80	0	113	5334647
HS	79	0	110	5334757
HS	78	0	119	5334876
HS	77	0	139	5335015
HS	76	0	124	5335139
HS	75	0	140	5335279
HS	74	0	142	5335421
HS	73	0	147	5335568
HS	72	0	191	5335759
HS	71	0	197	5335956
HS	70	0	214	5336170
HS	69	0	202	5336372
HS	68	0	222	5336594
HS	67	0	230	5336824
HS	66	0	229	5337053
HS	65	0	298	5337351
HS	64	0	302	5337653
HS	63	0	322	5337975
HS	62	0	371	5338346
HS	61	0	351	5338697
HS	60	0	365	5339062
HS	59	0	443	5339505
HS	58	0	452	5339957
HS	57	0	474	5340431
HS	56	0	561	5340992
HS	55	0	521	5341513
HS	54	0	650	5342163
HS	53	0	694	5342857
HS	52	0	734	5343591
HS	51	0	888	5344479
HS	50	0	982	5345461
HS	49	0	951	5346412
HS	48	0	1018	5347430
HS	47	0	1131	5348561
HS	46	0	1223	5349784
HS	45	0	1331	5351115
HS	44	0	1511	5352626
HS	43	0	1727	5354353
HS	42	0	1799	5356152
HS	41	0	1892	5358044
HS	40	0	2216	5360260
HS	39	0	2220	5362480
HS	38	0	2508	5364988
HS	37	0	2622	5367610
HS	36	0	2784	5370394
HS	35	0	3200	5373594
HS	34	0	3752	5377346
HS	33	0	3927	5381273
HS	32	0	4597	5385870
HS	31	0	4910	5390780
HS	30	0	5608	5396388
HS	29	0	6129	5402517
HS	28	0	6811	5409328
HS	27	0	7712	5417040
HS	26	0	8548	5425588
HS	25	0	9825	5435413
HS	24	0	11303	5446716
HS	23	0	13273	5459989
HS	22	0	15302	5475291
HS	21	0	18084	5493375
HS	20	0	21262	5514637
HS	19	0	25384	5540021
HS	18	0	30588	5570609
HS	17	0	37427	5608036
HS	16	0	46014	5654050
HS	15	0	59922	5713972
HS	14	0	76423	5790395
HS	13	0	102345	5892740
HS	12	0	139392	6032132
HS	11	0	192108	6224240
HS	10	0	274217	6498457
HS	9	0	408744	6907201
HS	8	0	632209	7539410
HS	7	0	1021120	8560530
HS	6	0	1727926	10288456
HS	5	0	3122290	13410746
HS	4	0	6159534	19570280
HS	3	0	13771658	33341938
HS	2	0	37093929	70435867
HS	1	0	0	70435867
HS	0	0	0	70435867
