CC	CT  kmer_occurrence    short_read_kmer_count  raw_input_kmer_count  adjusted_input_kmer_count
CC	FR  fpr_lower_bound    fpr_upper_bound
CC	ER  total_input_kmers  adjusted_error_kmers
CC	CV  coverage
CC	QV  raw_quality_value  adjusted_quality_value
CC
SQ	JAVIVQ010000019.1	249966	249936	249936	99.00
SQ	JAVIVQ010000018.1	268341	268311	268179	47.99
SQ	JAVIVQ010000002.1	997400	997370	997370	99.00
SQ	JAVIVQ010000001.1	4086453	4086423	4085158	50.01
CT	1023	14253	57623	57623.000
CT	1022	12	28	28.000
CT	1021	7	25	25.000
CT	1020	4	8	8.000
CT	1019	7	23	23.000
CT	1018	5	2	2.000
CT	1017	5	21	21.000
CT	1016	5	6	6.000
CT	1015	8	20	20.000
CT	1014	6	25	25.000
CT	1013	6	17	17.000
CT	1012	4	18	18.000
CT	1011	5	10	10.000
CT	1010	7	17	17.000
CT	1009	4	15	15.000
CT	1008	9	29	29.000
CT	1007	9	29	29.000
CT	1006	7	9	9.000
CT	1005	9	31	31.000
CT	1004	5	17	17.000
CT	1003	7	25	25.000
CT	1002	7	21	21.000
CT	1001	0	0	0.000
CT	1000	8	28	28.000
CT	999	3	10	10.000
CT	998	5	22	22.000
CT	997	8	21	21.000
CT	996	3	13	13.000
CT	995	6	20	20.000
CT	994	5	17	17.000
CT	993	7	24	24.000
CT	992	7	24	24.000
CT	991	2	9	9.000
CT	990	10	33	33.000
CT	989	5	8	8.000
CT	988	1	3	3.000
CT	987	5	12	12.000
CT	986	9	21	21.000
CT	985	8	33	33.000
CT	984	5	11	11.000
CT	983	4	10	10.000
CT	982	7	18	18.000
CT	981	7	18	18.000
CT	980	7	12	12.000
CT	979	1	4	4.000
CT	978	3	11	11.000
CT	977	9	20	20.000
CT	976	9	29	29.000
CT	975	11	31	31.000
CT	974	4	20	20.000
CT	973	9	31	31.000
CT	972	9	48	48.000
CT	971	10	27	27.000
CT	970	9	24	24.000
CT	969	5	8	8.000
CT	968	12	34	34.000
CT	967	5	13	13.000
CT	966	11	16	16.000
CT	965	14	44	44.000
CT	964	7	13	13.000
CT	963	7	12	12.000
CT	962	13	33	33.000
CT	961	9	34	34.000
CT	960	6	7	7.000
CT	959	9	38	38.000
CT	958	8	6	6.000
CT	957	5	3	3.000
CT	956	9	12	12.000
CT	955	10	15	15.000
CT	954	10	26	26.000
CT	953	5	22	22.000
CT	952	8	16	16.000
CT	951	8	26	26.000
CT	950	14	35	35.000
CT	949	15	35	35.000
CT	948	12	27	27.000
CT	947	10	36	36.000
CT	946	14	19	19.000
CT	945	11	31	31.000
CT	944	12	22	22.000
CT	943	5	12	12.000
CT	942	10	25	25.000
CT	941	9	20	20.000
CT	940	6	17	17.000
CT	939	11	15	15.000
CT	938	7	19	19.000
CT	937	6	8	8.000
CT	936	8	11	11.000
CT	935	14	36	36.000
CT	934	5	7	7.000
CT	933	8	26	26.000
CT	932	8	10	10.000
CT	931	10	18	18.000
CT	930	7	26	26.000
CT	929	11	32	32.000
CT	928	12	28	28.000
CT	927	8	11	11.000
CT	926	4	8	8.000
CT	925	7	21	21.000
CT	924	8	24	24.000
CT	923	12	30	30.000
CT	922	5	14	14.000
CT	921	16	46	46.000
CT	920	15	46	46.000
CT	919	7	12	12.000
CT	918	8	10	10.000
CT	917	10	24	24.000
CT	916	11	30	30.000
CT	915	6	3	3.000
CT	914	13	37	37.000
CT	913	7	24	24.000
CT	912	8	25	25.000
CT	911	10	26	26.000
CT	910	14	18	18.000
CT	909	5	11	11.000
CT	908	8	18	18.000
CT	907	12	28	28.000
CT	906	14	28	28.000
CT	905	11	34	34.000
CT	904	14	46	46.000
CT	903	6	15	15.000
CT	902	18	37	37.000
CT	901	10	33	33.000
CT	900	7	15	15.000
CT	899	10	34	34.000
CT	898	14	49	49.000
CT	897	12	28	28.000
CT	896	10	22	22.000
CT	895	13	42	42.000
CT	894	12	22	22.000
CT	893	11	8	8.000
CT	892	10	36	36.000
CT	891	15	48	48.000
CT	890	9	32	32.000
CT	889	9	19	19.000
CT	888	7	15	15.000
CT	887	8	17	17.000
CT	886	6	15	15.000
CT	885	10	23	23.000
CT	884	14	46	46.000
CT	883	15	57	57.000
CT	882	8	19	19.000
CT	881	10	22	22.000
CT	880	12	18	18.000
CT	879	11	32	32.000
CT	878	7	14	14.000
CT	877	11	22	22.000
CT	876	10	26	26.000
CT	875	16	58	58.000
CT	874	10	22	22.000
CT	873	13	25	25.000
CT	872	13	37	37.000
CT	871	20	43	43.000
CT	870	13	26	26.000
CT	869	10	11	11.000
CT	868	10	25	25.000
CT	867	8	25	25.000
CT	866	15	35	35.000
CT	865	6	18	18.000
CT	864	15	34	34.000
CT	863	15	34	34.000
CT	862	15	23	23.000
CT	861	10	13	13.000
CT	860	7	10	10.000
CT	859	11	27	27.000
CT	858	18	24	24.000
CT	857	14	14	14.000
CT	856	12	23	23.000
CT	855	9	14	14.000
CT	854	10	27	27.000
CT	853	13	15	15.000
CT	852	13	26	26.000
CT	851	5	3	3.000
CT	850	21	35	35.000
CT	849	9	18	18.000
CT	848	20	23	23.000
CT	847	9	20	20.000
CT	846	14	15	15.000
CT	845	15	25	25.000
CT	844	11	13	13.000
CT	843	14	15	15.000
CT	842	16	27	27.000
CT	841	16	33	33.000
CT	840	12	17	17.000
CT	839	14	19	19.000
CT	838	24	41	41.000
CT	837	17	19	19.000
CT	836	17	36	36.000
CT	835	11	22	22.000
CT	834	11	10	10.000
CT	833	15	22	22.000
CT	832	8	7	7.000
CT	831	15	19	19.000
CT	830	14	16	16.000
CT	829	16	18	18.000
CT	828	21	21	21.000
CT	827	16	8	8.000
CT	826	14	3	3.000
CT	825	13	5	5.000
CT	824	25	11	11.000
CT	823	24	31	31.000
CT	822	24	13	13.000
CT	821	21	7	7.000
CT	820	23	21	21.000
CT	819	21	12	12.000
CT	818	25	34	34.000
CT	817	14	4	4.000
CT	816	20	19	19.000
CT	815	14	21	21.000
CT	814	21	38	38.000
CT	813	12	15	15.000
CT	812	22	26	26.000
CT	811	27	11	11.000
CT	810	25	26	26.000
CT	809	23	18	18.000
CT	808	22	24	24.000
CT	807	24	28	28.000
CT	806	23	50	50.000
CT	805	16	13	13.000
CT	804	19	25	25.000
CT	803	28	22	22.000
CT	802	27	17	17.000
CT	801	24	27	27.000
CT	800	29	30	30.000
CT	799	30	29	29.000
CT	798	23	27	27.000
CT	797	17	27	27.000
CT	796	31	26	26.000
CT	795	17	28	28.000
CT	794	30	21	21.000
CT	793	19	30	30.000
CT	792	29	35	35.000
CT	791	33	37	37.000
CT	790	30	22	22.000
CT	789	24	22	22.000
CT	788	33	45	45.000
CT	787	21	17	17.000
CT	786	27	27	27.000
CT	785	32	33	33.000
CT	784	23	32	32.000
CT	783	23	25	25.000
CT	782	25	31	31.000
CT	781	25	30	30.000
CT	780	27	18	18.000
CT	779	34	44	44.000
CT	778	32	18	18.000
CT	777	20	19	19.000
CT	776	28	24	24.000
CT	775	32	27	27.000
CT	774	37	30	30.000
CT	773	24	40	40.000
CT	772	33	21	21.000
CT	771	32	24	24.000
CT	770	28	28	28.000
CT	769	28	35	35.000
CT	768	24	20	20.000
CT	767	37	50	50.000
CT	766	39	36	36.000
CT	765	28	30	30.000
CT	764	38	27	27.000
CT	763	34	38	38.000
CT	762	39	29	29.000
CT	761	24	19	19.000
CT	760	42	48	48.000
CT	759	34	30	30.000
CT	758	28	25	25.000
CT	757	33	39	39.000
CT	756	38	44	44.000
CT	755	30	14	14.000
CT	754	36	14	14.000
CT	753	47	35	35.000
CT	752	40	15	15.000
CT	751	44	21	21.000
CT	750	40	20	20.000
CT	749	33	13	13.000
CT	748	25	15	15.000
CT	747	38	18	18.000
CT	746	46	25	25.000
CT	745	37	21	21.000
CT	744	32	23	23.000
CT	743	29	24	24.000
CT	742	25	30	30.000
CT	741	29	21	21.000
CT	740	34	42	42.000
CT	739	35	21	21.000
CT	738	36	17	17.000
CT	737	43	38	38.000
CT	736	47	37	37.000
CT	735	40	31	31.000
CT	734	41	28	28.000
CT	733	39	38	38.000
CT	732	55	25	25.000
CT	731	52	39	39.000
CT	730	48	36	36.000
CT	729	51	43	43.000
CT	728	49	43	43.000
CT	727	53	35	35.000
CT	726	51	44	44.000
CT	725	57	48	48.000
CT	724	45	22	22.000
CT	723	58	40	40.000
CT	722	51	38	38.000
CT	721	48	31	31.000
CT	720	51	49	49.000
CT	719	67	63	63.000
CT	718	56	37	37.000
CT	717	69	61	61.000
CT	716	57	31	31.000
CT	715	69	64	64.000
CT	714	50	24	24.000
CT	713	57	50	50.000
CT	712	66	49	49.000
CT	711	64	42	42.000
CT	710	58	45	45.000
CT	709	48	70	70.000
CT	708	61	47	47.000
CT	707	64	45	45.000
CT	706	52	30	30.000
CT	705	63	67	67.000
CT	704	64	56	56.000
CT	703	63	38	38.000
CT	702	64	42	42.000
CT	701	66	38	38.000
CT	700	54	32	32.000
CT	699	65	46	46.000
CT	698	65	45	45.000
CT	697	87	48	48.000
CT	696	58	27	27.000
CT	695	69	42	42.000
CT	694	74	62	62.000
CT	693	74	54	54.000
CT	692	79	55	55.000
CT	691	63	29	29.000
CT	690	70	36	36.000
CT	689	85	49	49.000
CT	688	68	49	49.000
CT	687	72	47	47.000
CT	686	84	47	47.000
CT	685	65	39	39.000
CT	684	71	36	36.000
CT	683	73	42	42.000
CT	682	84	42	42.000
CT	681	88	49	49.000
CT	680	77	42	42.000
CT	679	73	48	48.000
CT	678	91	40	40.000
CT	677	67	36	36.000
CT	676	95	54	54.000
CT	675	86	37	37.000
CT	674	82	45	45.000
CT	673	92	48	48.000
CT	672	66	31	31.000
CT	671	93	58	58.000
CT	670	87	47	47.000
CT	669	84	45	45.000
CT	668	84	58	58.000
CT	667	93	58	58.000
CT	666	99	69	69.000
CT	665	93	59	59.000
CT	664	83	40	40.000
CT	663	75	51	51.000
CT	662	91	45	45.000
CT	661	92	67	67.000
CT	660	98	66	66.000
CT	659	99	41	41.000
CT	658	100	68	68.000
CT	657	93	73	73.000
CT	656	96	52	52.000
CT	655	101	54	54.000
CT	654	76	23	23.000
CT	653	95	47	47.000
CT	652	95	39	39.000
CT	651	97	47	47.000
CT	650	92	41	41.000
CT	649	130	70	70.000
CT	648	97	42	42.000
CT	647	116	50	50.000
CT	646	120	43	43.000
CT	645	126	33	33.000
CT	644	131	61	61.000
CT	643	146	50	50.000
CT	642	116	37	37.000
CT	641	111	23	23.000
CT	640	129	43	43.000
CT	639	122	70	70.000
CT	638	119	43	43.000
CT	637	109	50	50.000
CT	636	134	48	48.000
CT	635	126	34	34.000
CT	634	135	49	49.000
CT	633	128	44	44.000
CT	632	97	40	40.000
CT	631	146	49	49.000
CT	630	125	45	45.000
CT	629	108	27	27.000
CT	628	123	27	27.000
CT	627	131	39	39.000
CT	626	148	32	32.000
CT	625	137	27	27.000
CT	624	141	38	38.000
CT	623	142	41	41.000
CT	622	136	31	31.000
CT	621	142	56	56.000
CT	620	145	44	44.000
CT	619	139	57	57.000
CT	618	156	61	61.000
CT	617	157	43	43.000
CT	616	152	57	57.000
CT	615	155	61	61.000
CT	614	156	89	89.000
CT	613	171	72	72.000
CT	612	178	77	77.000
CT	611	158	58	58.000
CT	610	165	52	52.000
CT	609	163	94	94.000
CT	608	175	79	79.000
CT	607	187	110	110.000
CT	606	194	90	90.000
CT	605	182	56	56.000
CT	604	182	103	103.000
CT	603	168	77	77.000
CT	602	177	110	110.000
CT	601	173	119	119.000
CT	600	193	90	90.000
CT	599	179	78	78.000
CT	598	193	104	104.000
CT	597	192	98	98.000
CT	596	190	97	97.000
CT	595	204	105	105.000
CT	594	207	102	102.000
CT	593	185	102	102.000
CT	592	182	91	91.000
CT	591	170	65	65.000
CT	590	162	100	100.000
CT	589	188	113	113.000
CT	588	180	105	105.000
CT	587	201	122	122.000
CT	586	199	111	111.000
CT	585	195	105	105.000
CT	584	188	94	94.000
CT	583	201	105	105.000
CT	582	213	87	87.000
CT	581	191	78	78.000
CT	580	193	98	98.000
CT	579	193	110	110.000
CT	578	183	81	81.000
CT	577	178	73	73.000
CT	576	194	120	120.000
CT	575	190	112	112.000
CT	574	178	89	89.000
CT	573	165	120	120.000
CT	572	194	173	173.000
CT	571	166	128	128.000
CT	570	199	140	140.000
CT	569	198	143	143.000
CT	568	234	163	163.000
CT	567	201	127	127.000
CT	566	229	169	169.000
CT	565	240	148	148.000
CT	564	211	133	133.000
CT	563	218	145	145.000
CT	562	211	117	117.000
CT	561	208	121	121.000
CT	560	216	135	135.000
CT	559	216	104	104.000
CT	558	235	157	157.000
CT	557	214	122	122.000
CT	556	242	151	151.000
CT	555	208	120	120.000
CT	554	249	156	156.000
CT	553	242	130	130.000
CT	552	230	136	136.000
CT	551	231	141	141.000
CT	550	256	152	152.000
CT	549	242	156	156.000
CT	548	226	142	142.000
CT	547	216	167	167.000
CT	546	218	151	151.000
CT	545	229	156	156.000
CT	544	233	152	152.000
CT	543	242	175	175.000
CT	542	251	187	187.000
CT	541	238	156	156.000
CT	540	271	183	183.000
CT	539	248	171	171.000
CT	538	228	154	154.000
CT	537	246	148	148.000
CT	536	249	132	132.000
CT	535	246	162	162.000
CT	534	279	174	174.000
CT	533	287	201	201.000
CT	532	319	222	222.000
CT	531	297	174	174.000
CT	530	306	202	202.000
CT	529	304	214	214.000
CT	528	354	231	231.000
CT	527	331	218	218.000
CT	526	300	231	231.000
CT	525	366	238	238.000
CT	524	332	207	207.000
CT	523	381	272	272.000
CT	522	404	251	251.000
CT	521	367	217	217.000
CT	520	353	251	251.000
CT	519	403	274	274.000
CT	518	402	273	273.000
CT	517	375	252	252.000
CT	516	424	271	271.000
CT	515	389	269	269.000
CT	514	355	206	206.000
CT	513	402	244	244.000
CT	512	388	261	261.000
CT	511	382	246	246.000
CT	510	384	262	262.000
CT	509	355	219	219.000
CT	508	381	237	237.000
CT	507	421	278	278.000
CT	506	404	300	300.000
CT	505	417	275	275.000
CT	504	440	294	294.000
CT	503	453	290	290.000
CT	502	432	297	297.000
CT	501	467	332	332.000
CT	500	468	353	353.000
CT	499	471	316	316.000
CT	498	464	331	331.000
CT	497	462	352	352.000
CT	496	517	411	411.000
CT	495	467	301	301.000
CT	494	452	336	336.000
CT	493	514	407	407.000
CT	492	498	388	388.000
CT	491	543	412	412.000
CT	490	531	406	406.000
CT	489	506	376	376.000
CT	488	515	400	400.000
CT	487	519	403	403.000
CT	486	510	402	402.000
CT	485	557	424	424.000
CT	484	510	392	392.000
CT	483	559	440	440.000
CT	482	562	407	407.000
CT	481	551	423	423.000
CT	480	534	406	406.000
CT	479	543	425	425.000
CT	478	537	430	430.000
CT	477	547	401	401.000
CT	476	588	460	460.000
CT	475	545	407	407.000
CT	474	551	443	443.000
CT	473	664	503	503.000
CT	472	585	446	446.000
CT	471	566	454	454.000
CT	470	607	494	494.000
CT	469	607	459	459.000
CT	468	652	528	528.000
CT	467	638	491	491.000
CT	466	652	518	518.000
CT	465	666	513	513.000
CT	464	634	467	467.000
CT	463	671	558	558.000
CT	462	634	488	488.000
CT	461	689	551	551.000
CT	460	645	533	533.000
CT	459	700	575	575.000
CT	458	682	581	581.000
CT	457	640	520	520.000
CT	456	730	593	593.000
CT	455	703	589	589.000
CT	454	722	567	567.000
CT	453	703	557	557.000
CT	452	689	571	571.000
CT	451	734	627	627.000
CT	450	689	602	602.000
CT	449	735	662	662.000
CT	448	712	598	598.000
CT	447	715	602	602.000
CT	446	768	661	661.000
CT	445	710	612	612.000
CT	444	720	613	613.000
CT	443	785	687	687.000
CT	442	797	714	714.000
CT	441	851	720	720.000
CT	440	810	658	658.000
CT	439	815	688	688.000
CT	438	827	695	695.000
CT	437	818	637	637.000
CT	436	787	633	633.000
CT	435	859	693	693.000
CT	434	814	656	656.000
CT	433	854	683	683.000
CT	432	896	758	758.000
CT	431	866	720	720.000
CT	430	830	689	689.000
CT	429	877	749	749.000
CT	428	841	692	692.000
CT	427	876	747	747.000
CT	426	868	740	740.000
CT	425	882	769	769.000
CT	424	888	783	783.000
CT	423	868	785	785.000
CT	422	908	803	803.000
CT	421	976	860	860.000
CT	420	1006	925	925.000
CT	419	1012	922	922.000
CT	418	996	912	912.000
CT	417	1052	962	962.000
CT	416	1033	936	936.000
CT	415	1109	978	978.000
CT	414	1138	1046	1046.000
CT	413	1095	999	999.000
CT	412	1196	1075	1075.000
CT	411	1137	1030	1030.000
CT	410	1210	1089	1089.000
CT	409	1185	1068	1068.000
CT	408	1186	1083	1083.000
CT	407	1193	1074	1074.000
CT	406	1234	1139	1139.000
CT	405	1259	1167	1167.000
CT	404	1253	1143	1143.000
CT	403	1301	1151	1151.000
CT	402	1338	1235	1235.000
CT	401	1328	1216	1216.000
CT	400	1313	1219	1219.000
CT	399	1355	1306	1306.000
CT	398	1367	1278	1278.000
CT	397	1289	1179	1179.000
CT	396	1403	1276	1276.000
CT	395	1458	1350	1350.000
CT	394	1422	1323	1323.000
CT	393	1457	1376	1376.000
CT	392	1498	1410	1410.000
CT	391	1504	1457	1457.000
CT	390	1472	1422	1422.000
CT	389	1435	1381	1381.000
CT	388	1572	1509	1509.000
CT	387	1538	1460	1460.000
CT	386	1531	1487	1487.000
CT	385	1600	1521	1521.000
CT	384	1628	1579	1579.000
CT	383	1664	1603	1603.000
CT	382	1630	1572	1572.000
CT	381	1553	1504	1504.000
CT	380	1684	1644	1644.000
CT	379	1677	1649	1649.000
CT	378	1784	1713	1713.000
CT	377	1836	1791	1791.000
CT	376	1753	1703	1703.000
CT	375	1818	1791	1791.000
CT	374	1796	1771	1771.000
CT	373	1911	1864	1864.000
CT	372	1896	1886	1886.000
CT	371	1903	1884	1884.000
CT	370	2003	1980	1980.000
CT	369	1992	1966	1966.000
CT	368	1935	1924	1924.000
CT	367	2032	2047	2047.000
CT	366	1989	1983	1983.000
CT	365	2066	2049	2049.000
CT	364	2062	2058	2058.000
CT	363	1999	2002	2002.000
CT	362	2049	2039	2039.000
CT	361	2198	2177	2177.000
CT	360	2180	2164	2164.000
CT	359	2203	2183	2183.000
CT	358	2321	2316	2316.000
CT	357	2282	2271	2271.000
CT	356	2402	2374	2374.000
CT	355	2442	2421	2421.000
CT	354	2517	2480	2480.000
CT	353	2574	2541	2541.000
CT	352	2627	2575	2575.000
CT	351	2745	2727	2727.000
CT	350	2797	2748	2748.000
CT	349	2869	2838	2838.000
CT	348	2913	2861	2861.000
CT	347	3016	2989	2989.000
CT	346	3045	3032	3032.000
CT	345	3045	3011	3011.000
CT	344	3210	3155	3155.000
CT	343	3110	3107	3107.000
CT	342	3212	3191	3191.000
CT	341	3320	3322	3322.000
CT	340	3369	3319	3319.000
CT	339	3470	3464	3464.000
CT	338	3537	3525	3525.000
CT	337	3562	3553	3553.000
CT	336	3703	3699	3699.000
CT	335	3702	3689	3689.000
CT	334	3738	3720	3720.000
CT	333	3924	3904	3904.000
CT	332	4013	3997	3997.000
CT	331	4204	4185	4185.000
CT	330	4185	4171	4171.000
CT	329	4344	4320	4320.000
CT	328	4462	4439	4439.000
CT	327	4554	4528	4528.000
CT	326	4721	4716	4716.000
CT	325	4913	4922	4922.000
CT	324	4861	4843	4843.000
CT	323	5064	5050	5050.000
CT	322	5346	5337	5337.000
CT	321	5475	5463	5463.000
CT	320	5595	5599	5599.000
CT	319	5765	5758	5758.000
CT	318	5964	5957	5957.000
CT	317	6001	5996	5996.000
CT	316	6472	6469	6469.000
CT	315	6526	6528	6528.000
CT	314	6640	6643	6643.000
CT	313	6709	6687	6687.000
CT	312	6938	6926	6926.000
CT	311	7131	7108	7108.000
CT	310	7309	7301	7301.000
CT	309	7611	7589	7589.000
CT	308	7720	7704	7704.000
CT	307	8130	8105	8105.000
CT	306	8276	8254	8254.000
CT	305	8430	8402	8402.000
CT	304	8723	8707	8707.000
CT	303	8816	8800	8800.000
CT	302	9067	9044	9044.000
CT	301	9386	9356	9356.000
CT	300	9772	9755	9755.000
CT	299	9929	9932	9932.000
CT	298	10121	10100	10100.000
CT	297	10418	10401	10401.000
CT	296	10854	10829	10829.000
CT	295	11231	11207	11207.000
CT	294	11533	11506	11506.000
CT	293	11739	11698	11698.000
CT	292	12193	12137	12137.000
CT	291	12481	12469	12469.000
CT	290	12759	12721	12721.000
CT	289	13052	13025	13025.000
CT	288	13050	12997	12997.000
CT	287	13685	13630	13630.000
CT	286	14047	14003	14003.000
CT	285	14507	14451	14451.000
CT	284	14663	14608	14608.000
CT	283	15232	15200	15200.000
CT	282	15816	15765	15765.000
CT	281	16071	16021	16021.000
CT	280	16684	16623	16623.000
CT	279	16734	16700	16700.000
CT	278	17235	17202	17202.000
CT	277	17380	17350	17350.000
CT	276	17528	17497	17497.000
CT	275	18018	17980	17980.000
CT	274	18605	18573	18573.000
CT	273	19141	19119	19119.000
CT	272	19621	19583	19583.000
CT	271	19919	19880	19880.000
CT	270	20389	20360	20360.000
CT	269	21023	20989	20989.000
CT	268	21636	21599	21599.000
CT	267	21801	21757	21757.000
CT	266	22067	22030	22030.000
CT	265	23058	23011	23011.000
CT	264	23860	23833	23833.000
CT	263	24125	24109	24109.000
CT	262	24802	24789	24789.000
CT	261	25602	25583	25583.000
CT	260	25934	25902	25902.000
CT	259	26554	26508	26508.000
CT	258	26793	26756	26756.000
CT	257	27360	27309	27309.000
CT	256	27630	27583	27583.000
CT	255	28618	28568	28568.000
CT	254	28900	28849	28849.000
CT	253	29075	29032	29032.000
CT	252	29916	29874	29874.000
CT	251	30182	30137	30137.000
CT	250	30726	30694	30694.000
CT	249	31327	31283	31283.000
CT	248	31890	31861	31861.000
CT	247	31918	31881	31881.000
CT	246	32961	32926	32926.000
CT	245	33044	33009	33009.000
CT	244	33473	33432	33432.000
CT	243	34179	34126	34126.000
CT	242	34629	34587	34587.000
CT	241	35392	35351	35351.000
CT	240	35241	35201	35201.000
CT	239	36078	36020	36020.000
CT	238	36460	36406	36406.000
CT	237	37307	37263	37263.000
CT	236	37146	37116	37116.000
CT	235	37735	37707	37707.000
CT	234	38327	38306	38306.000
CT	233	38529	38492	38492.000
CT	232	38855	38818	38818.000
CT	231	39142	39118	39118.000
CT	230	39389	39336	39336.000
CT	229	40125	40093	40093.000
CT	228	39995	39969	39969.000
CT	227	40734	40692	40692.000
CT	226	41113	41071	41071.000
CT	225	41579	41510	41510.000
CT	224	41426	41372	41372.000
CT	223	41474	41439	41439.000
CT	222	42215	42160	42160.000
CT	221	42095	42054	42054.000
CT	220	42262	42225	42225.000
CT	219	42725	42697	42697.000
CT	218	43039	43002	43002.000
CT	217	42857	42792	42792.000
CT	216	43057	43002	43002.000
CT	215	43098	43046	43046.000
CT	214	43056	42994	42994.000
CT	213	43345	43282	43282.000
CT	212	43464	43423	43423.000
CT	211	43717	43684	43684.000
CT	210	43725	43666	43666.000
CT	209	43389	43329	43329.000
CT	208	44075	44031	44031.000
CT	207	43700	43642	43642.000
CT	206	43662	43611	43611.000
CT	205	43813	43764	43764.000
CT	204	43906	43841	43841.000
CT	203	43900	43840	43840.000
CT	202	43753	43689	43689.000
CT	201	43760	43681	43681.000
CT	200	43300	43215	43215.000
CT	199	43259	43152	43152.000
CT	198	43200	43132	43132.000
CT	197	42803	42702	42702.000
CT	196	43312	43213	43213.000
CT	195	42891	42798	42798.000
CT	194	42989	42885	42885.000
CT	193	42341	42249	42249.000
CT	192	41934	41838	41838.000
CT	191	41728	41641	41641.000
CT	190	41620	41498	41498.000
CT	189	40978	40893	40893.000
CT	188	40720	40629	40629.000
CT	187	39900	39783	39783.000
CT	186	39797	39685	39685.000
CT	185	39162	39066	39066.000
CT	184	38708	38598	38598.000
CT	183	38190	38092	38092.000
CT	182	37426	37333	37333.000
CT	181	37140	37051	37051.000
CT	180	36379	36266	36266.000
CT	179	36206	36072	36072.000
CT	178	35494	35427	35427.000
CT	177	35319	35209	35209.000
CT	176	34653	34553	34553.000
CT	175	34419	34296	34296.000
CT	174	33653	33557	33557.000
CT	173	32738	32638	32638.000
CT	172	32185	32083	32083.000
CT	171	31840	31738	31738.000
CT	170	31103	31023	31023.000
CT	169	30454	30391	30391.000
CT	168	29641	29573	29573.000
CT	167	29307	29239	29239.000
CT	166	29175	29110	29110.000
CT	165	28216	28166	28166.000
CT	164	27512	27453	27453.000
CT	163	27266	27214	27214.000
CT	162	26376	26330	26330.000
CT	161	25777	25697	25697.000
CT	160	25237	25181	25181.000
CT	159	24487	24436	24436.000
CT	158	23933	23900	23900.000
CT	157	23488	23446	23446.000
CT	156	22751	22727	22727.000
CT	155	22160	22125	22125.000
CT	154	21387	21365	21365.000
CT	153	20896	20858	20858.000
CT	152	20027	19988	19988.000
CT	151	19669	19641	19641.000
CT	150	18955	18923	18923.000
CT	149	18560	18518	18518.000
CT	148	18337	18291	18291.000
CT	147	17432	17404	17404.000
CT	146	17217	17193	17193.000
CT	145	16548	16516	16516.000
CT	144	15958	15925	15925.000
CT	143	15606	15563	15563.000
CT	142	14832	14798	14798.000
CT	141	14729	14685	14685.000
CT	140	14451	14397	14397.000
CT	139	14032	13964	13964.000
CT	138	13209	13131	13131.000
CT	137	12975	12932	12932.000
CT	136	12643	12581	12581.000
CT	135	12317	12280	12280.000
CT	134	11708	11681	11681.000
CT	133	11070	11030	11030.000
CT	132	10721	10699	10699.000
CT	131	10340	10307	10307.000
CT	130	9992	9971	9971.000
CT	129	9473	9454	9454.000
CT	128	9034	8996	8996.000
CT	127	8810	8763	8763.000
CT	126	8516	8472	8472.000
CT	125	8113	8055	8055.000
CT	124	7876	7821	7821.000
CT	123	7754	7674	7674.000
CT	122	7420	7342	7342.000
CT	121	7030	6974	6974.000
CT	120	6605	6529	6529.000
CT	119	6303	6244	6244.000
CT	118	6047	6000	6000.000
CT	117	5707	5621	5621.000
CT	116	5394	5324	5324.000
CT	115	5210	5135	5135.000
CT	114	4942	4866	4866.000
CT	113	4700	4639	4639.000
CT	112	4425	4334	4334.000
CT	111	4305	4212	4212.000
CT	110	4126	4037	4037.000
CT	109	3930	3842	3842.000
CT	108	3668	3572	3572.000
CT	107	3533	3422	3422.000
CT	106	3375	3284	3284.000
CT	105	3322	3219	3219.000
CT	104	3127	3034	3034.000
CT	103	2835	2766	2766.000
CT	102	2832	2761	2761.000
CT	101	2583	2530	2530.000
CT	100	2484	2404	2404.000
CT	99	2378	2300	2300.000
CT	98	2130	2030	2030.000
CT	97	2122	2034	2034.000
CT	96	1989	1898	1898.000
CT	95	1942	1838	1838.000
CT	94	1870	1773	1773.000
CT	93	1840	1720	1720.000
CT	92	1746	1621	1621.000
CT	91	1626	1478	1478.000
CT	90	1583	1409	1409.000
CT	89	1551	1364	1364.000
CT	88	1325	1182	1182.000
CT	87	1271	1101	1101.000
CT	86	1245	1083	1083.000
CT	85	1102	925	925.000
CT	84	1061	936	936.000
CT	83	1076	936	936.000
CT	82	1067	952	952.000
CT	81	984	832	832.000
CT	80	995	822	822.000
CT	79	946	816	816.000
CT	78	827	680	680.000
CT	77	825	660	660.000
CT	76	804	635	635.000
CT	75	812	624	624.000
CT	74	853	652	652.000
CT	73	823	591	591.000
CT	72	742	519	519.000
CT	71	755	496	496.000
CT	70	700	446	446.000
CT	69	697	454	454.000
CT	68	668	435	435.000
CT	67	659	391	391.000
CT	66	648	393	393.000
CT	65	665	340	340.000
CT	64	621	284	284.000
CT	63	652	256	256.000
CT	62	663	248	248.000
CT	61	595	207	207.000
CT	60	584	143	143.000
CT	59	634	217	217.000
CT	58	701	213	213.000
CT	57	652	173	173.000
CT	56	697	154	154.000
CT	55	791	169	169.000
CT	54	826	236	236.000
CT	53	789	185	185.000
CT	52	838	135	135.000
CT	51	858	162	162.000
CT	50	951	154	154.000
CT	49	1025	168	168.000
CT	48	1100	132	132.000
CT	47	1129	120	120.000
CT	46	1159	133	133.000
CT	45	1163	93	93.000
CT	44	1193	87	87.000
CT	43	1174	74	74.000
CT	42	1265	104	104.000
CT	41	1309	91	91.000
CT	40	1382	103	103.000
CT	39	1312	99	99.000
CT	38	1438	111	111.000
CT	37	1533	91	91.000
CT	36	1718	76	76.000
CT	35	1767	120	120.000
CT	34	2168	154	153.999
CT	33	2348	97	96.999
CT	32	2596	84	83.999
CT	31	2859	111	110.999
CT	30	3011	85	84.999
CT	29	3048	65	64.999
CT	28	3350	58	57.999
CT	27	3800	57	56.999
CT	26	4139	43	42.999
CT	25	4623	61	60.999
CT	24	5361	45	44.999
CT	23	5893	23	22.998
CT	22	6710	58	57.998
CT	21	8262	61	60.998
CT	20	9770	41	40.997
CT	19	11094	71	70.997
CT	18	13692	44	43.996
CT	17	16042	13	12.996
CT	16	19798	27	26.995
CT	15	23520	38	37.994
CT	14	28612	74	73.992
CT	13	36611	32	31.990
CT	12	45853	21	20.988
CT	11	59907	32	31.984
CT	10	81251	42	41.978
CT	9	114688	58	57.969
CT	8	176156	59	58.952
CT	7	285277	5	4.922
CT	6	492560	10	9.866
CT	5	905897	16	15.753
CT	4	1781223	3	2.515
CT	3	4031766	8	0.668
CT	2	12798057	6	0.206
CT	1	0	0	0.083
CT	0	0	1397	0.055
FR	2.73e-07	4.69e-07
ER	5602040	1411.131
CV	0.999
QV	50.945	50.901
