HS	1023	0	14253	14253
HS	1022	0	12	14265
HS	1021	0	7	14272
HS	1020	0	4	14276
HS	1019	0	7	14283
HS	1018	0	5	14288
HS	1017	0	5	14293
HS	1016	0	5	14298
HS	1015	0	8	14306
HS	1014	0	6	14312
HS	1013	0	6	14318
HS	1012	0	4	14322
HS	1011	0	5	14327
HS	1010	0	7	14334
HS	1009	0	4	14338
HS	1008	0	9	14347
HS	1007	0	9	14356
HS	1006	0	7	14363
HS	1005	0	9	14372
HS	1004	0	5	14377
HS	1003	0	7	14384
HS	1002	0	7	14391
HS	1001	0	0	14391
HS	1000	0	8	14399
HS	999	0	3	14402
HS	998	0	5	14407
HS	997	0	8	14415
HS	996	0	3	14418
HS	995	0	6	14424
HS	994	0	5	14429
HS	993	0	7	14436
HS	992	0	7	14443
HS	991	0	2	14445
HS	990	0	10	14455
HS	989	0	5	14460
HS	988	0	1	14461
HS	987	0	5	14466
HS	986	0	9	14475
HS	985	0	8	14483
HS	984	0	5	14488
HS	983	0	4	14492
HS	982	0	7	14499
HS	981	0	7	14506
HS	980	0	7	14513
HS	979	0	1	14514
HS	978	0	3	14517
HS	977	0	9	14526
HS	976	0	9	14535
HS	975	0	11	14546
HS	974	0	4	14550
HS	973	0	9	14559
HS	972	0	9	14568
HS	971	0	10	14578
HS	970	0	9	14587
HS	969	0	5	14592
HS	968	0	12	14604
HS	967	0	5	14609
HS	966	0	11	14620
HS	965	0	14	14634
HS	964	0	7	14641
HS	963	0	7	14648
HS	962	0	13	14661
HS	961	0	9	14670
HS	960	0	6	14676
HS	959	0	9	14685
HS	958	0	8	14693
HS	957	0	5	14698
HS	956	0	9	14707
HS	955	0	10	14717
HS	954	0	10	14727
HS	953	0	5	14732
HS	952	0	8	14740
HS	951	0	8	14748
HS	950	0	14	14762
HS	949	0	15	14777
HS	948	0	12	14789
HS	947	0	10	14799
HS	946	0	14	14813
HS	945	0	11	14824
HS	944	0	12	14836
HS	943	0	5	14841
HS	942	0	10	14851
HS	941	0	9	14860
HS	940	0	6	14866
HS	939	0	11	14877
HS	938	0	7	14884
HS	937	0	6	14890
HS	936	0	8	14898
HS	935	0	14	14912
HS	934	0	5	14917
HS	933	0	8	14925
HS	932	0	8	14933
HS	931	0	10	14943
HS	930	0	7	14950
HS	929	0	11	14961
HS	928	0	12	14973
HS	927	0	8	14981
HS	926	0	4	14985
HS	925	0	7	14992
HS	924	0	8	15000
HS	923	0	12	15012
HS	922	0	5	15017
HS	921	0	16	15033
HS	920	0	15	15048
HS	919	0	7	15055
HS	918	0	8	15063
HS	917	0	10	15073
HS	916	0	11	15084
HS	915	0	6	15090
HS	914	0	13	15103
HS	913	0	7	15110
HS	912	0	8	15118
HS	911	0	10	15128
HS	910	0	14	15142
HS	909	0	5	15147
HS	908	0	8	15155
HS	907	0	12	15167
HS	906	0	14	15181
HS	905	0	11	15192
HS	904	0	14	15206
HS	903	0	6	15212
HS	902	0	18	15230
HS	901	0	10	15240
HS	900	0	7	15247
HS	899	0	10	15257
HS	898	0	14	15271
HS	897	0	12	15283
HS	896	0	10	15293
HS	895	0	13	15306
HS	894	0	12	15318
HS	893	0	11	15329
HS	892	0	10	15339
HS	891	0	15	15354
HS	890	0	9	15363
HS	889	0	9	15372
HS	888	0	7	15379
HS	887	0	8	15387
HS	886	0	6	15393
HS	885	0	10	15403
HS	884	0	14	15417
HS	883	0	15	15432
HS	882	0	8	15440
HS	881	0	10	15450
HS	880	0	12	15462
HS	879	0	11	15473
HS	878	0	7	15480
HS	877	0	11	15491
HS	876	0	10	15501
HS	875	0	16	15517
HS	874	0	10	15527
HS	873	0	13	15540
HS	872	0	13	15553
HS	871	0	20	15573
HS	870	0	13	15586
HS	869	0	10	15596
HS	868	0	10	15606
HS	867	0	8	15614
HS	866	0	15	15629
HS	865	0	6	15635
HS	864	0	15	15650
HS	863	0	15	15665
HS	862	0	15	15680
HS	861	0	10	15690
HS	860	0	7	15697
HS	859	0	11	15708
HS	858	0	18	15726
HS	857	0	14	15740
HS	856	0	12	15752
HS	855	0	9	15761
HS	854	0	10	15771
HS	853	0	13	15784
HS	852	0	13	15797
HS	851	0	5	15802
HS	850	0	21	15823
HS	849	0	9	15832
HS	848	0	20	15852
HS	847	0	9	15861
HS	846	0	14	15875
HS	845	0	15	15890
HS	844	0	11	15901
HS	843	0	14	15915
HS	842	0	16	15931
HS	841	0	16	15947
HS	840	0	12	15959
HS	839	0	14	15973
HS	838	0	24	15997
HS	837	0	17	16014
HS	836	0	17	16031
HS	835	0	11	16042
HS	834	0	11	16053
HS	833	0	15	16068
HS	832	0	8	16076
HS	831	0	15	16091
HS	830	0	14	16105
HS	829	0	16	16121
HS	828	0	21	16142
HS	827	0	16	16158
HS	826	0	14	16172
HS	825	0	13	16185
HS	824	0	25	16210
HS	823	0	24	16234
HS	822	0	24	16258
HS	821	0	21	16279
HS	820	0	23	16302
HS	819	0	21	16323
HS	818	0	25	16348
HS	817	0	14	16362
HS	816	0	20	16382
HS	815	0	14	16396
HS	814	0	21	16417
HS	813	0	12	16429
HS	812	0	22	16451
HS	811	0	27	16478
HS	810	0	25	16503
HS	809	0	23	16526
HS	808	0	22	16548
HS	807	0	24	16572
HS	806	0	23	16595
HS	805	0	16	16611
HS	804	0	19	16630
HS	803	0	28	16658
HS	802	0	27	16685
HS	801	0	24	16709
HS	800	0	29	16738
HS	799	0	30	16768
HS	798	0	23	16791
HS	797	0	17	16808
HS	796	0	31	16839
HS	795	0	17	16856
HS	794	0	30	16886
HS	793	0	19	16905
HS	792	0	29	16934
HS	791	0	33	16967
HS	790	0	30	16997
HS	789	0	24	17021
HS	788	0	33	17054
HS	787	0	21	17075
HS	786	0	27	17102
HS	785	0	32	17134
HS	784	0	23	17157
HS	783	0	23	17180
HS	782	0	25	17205
HS	781	0	25	17230
HS	780	0	27	17257
HS	779	0	34	17291
HS	778	0	32	17323
HS	777	0	20	17343
HS	776	0	28	17371
HS	775	0	32	17403
HS	774	0	37	17440
HS	773	0	24	17464
HS	772	0	33	17497
HS	771	0	32	17529
HS	770	0	28	17557
HS	769	0	28	17585
HS	768	0	24	17609
HS	767	0	37	17646
HS	766	0	39	17685
HS	765	0	28	17713
HS	764	0	38	17751
HS	763	0	34	17785
HS	762	0	39	17824
HS	761	0	24	17848
HS	760	0	42	17890
HS	759	0	34	17924
HS	758	0	28	17952
HS	757	0	33	17985
HS	756	0	38	18023
HS	755	0	30	18053
HS	754	0	36	18089
HS	753	0	47	18136
HS	752	0	40	18176
HS	751	0	44	18220
HS	750	0	40	18260
HS	749	0	33	18293
HS	748	0	25	18318
HS	747	0	38	18356
HS	746	0	46	18402
HS	745	0	37	18439
HS	744	0	32	18471
HS	743	0	29	18500
HS	742	0	25	18525
HS	741	0	29	18554
HS	740	0	34	18588
HS	739	0	35	18623
HS	738	0	36	18659
HS	737	0	43	18702
HS	736	0	47	18749
HS	735	0	40	18789
HS	734	0	41	18830
HS	733	0	39	18869
HS	732	0	55	18924
HS	731	0	52	18976
HS	730	0	48	19024
HS	729	0	51	19075
HS	728	0	49	19124
HS	727	0	53	19177
HS	726	0	51	19228
HS	725	0	57	19285
HS	724	0	45	19330
HS	723	0	58	19388
HS	722	0	51	19439
HS	721	0	48	19487
HS	720	0	51	19538
HS	719	0	67	19605
HS	718	0	56	19661
HS	717	0	69	19730
HS	716	0	57	19787
HS	715	0	69	19856
HS	714	0	50	19906
HS	713	0	57	19963
HS	712	0	66	20029
HS	711	0	64	20093
HS	710	0	58	20151
HS	709	0	48	20199
HS	708	0	61	20260
HS	707	0	64	20324
HS	706	0	52	20376
HS	705	0	63	20439
HS	704	0	64	20503
HS	703	0	63	20566
HS	702	0	64	20630
HS	701	0	66	20696
HS	700	0	54	20750
HS	699	0	65	20815
HS	698	0	65	20880
HS	697	0	87	20967
HS	696	0	58	21025
HS	695	0	69	21094
HS	694	0	74	21168
HS	693	0	74	21242
HS	692	0	79	21321
HS	691	0	63	21384
HS	690	0	70	21454
HS	689	0	85	21539
HS	688	0	68	21607
HS	687	0	72	21679
HS	686	0	84	21763
HS	685	0	65	21828
HS	684	0	71	21899
HS	683	0	73	21972
HS	682	0	84	22056
HS	681	0	88	22144
HS	680	0	77	22221
HS	679	0	73	22294
HS	678	0	91	22385
HS	677	0	67	22452
HS	676	0	95	22547
HS	675	0	86	22633
HS	674	0	82	22715
HS	673	0	92	22807
HS	672	0	66	22873
HS	671	0	93	22966
HS	670	0	87	23053
HS	669	0	84	23137
HS	668	0	84	23221
HS	667	0	93	23314
HS	666	0	99	23413
HS	665	0	93	23506
HS	664	0	83	23589
HS	663	0	75	23664
HS	662	0	91	23755
HS	661	0	92	23847
HS	660	0	98	23945
HS	659	0	99	24044
HS	658	0	100	24144
HS	657	0	93	24237
HS	656	0	96	24333
HS	655	0	101	24434
HS	654	0	76	24510
HS	653	0	95	24605
HS	652	0	95	24700
HS	651	0	97	24797
HS	650	0	92	24889
HS	649	0	130	25019
HS	648	0	97	25116
HS	647	0	116	25232
HS	646	0	120	25352
HS	645	0	126	25478
HS	644	0	131	25609
HS	643	0	146	25755
HS	642	0	116	25871
HS	641	0	111	25982
HS	640	0	129	26111
HS	639	0	122	26233
HS	638	0	119	26352
HS	637	0	109	26461
HS	636	0	134	26595
HS	635	0	126	26721
HS	634	0	135	26856
HS	633	0	128	26984
HS	632	0	97	27081
HS	631	0	146	27227
HS	630	0	125	27352
HS	629	0	108	27460
HS	628	0	123	27583
HS	627	0	131	27714
HS	626	0	148	27862
HS	625	0	137	27999
HS	624	0	141	28140
HS	623	0	142	28282
HS	622	0	136	28418
HS	621	0	142	28560
HS	620	0	145	28705
HS	619	0	139	28844
HS	618	0	156	29000
HS	617	0	157	29157
HS	616	0	152	29309
HS	615	0	155	29464
HS	614	0	156	29620
HS	613	0	171	29791
HS	612	0	178	29969
HS	611	0	158	30127
HS	610	0	165	30292
HS	609	0	163	30455
HS	608	0	175	30630
HS	607	0	187	30817
HS	606	0	194	31011
HS	605	0	182	31193
HS	604	0	182	31375
HS	603	0	168	31543
HS	602	0	177	31720
HS	601	0	173	31893
HS	600	0	193	32086
HS	599	0	179	32265
HS	598	0	193	32458
HS	597	0	192	32650
HS	596	0	190	32840
HS	595	0	204	33044
HS	594	0	207	33251
HS	593	0	185	33436
HS	592	0	182	33618
HS	591	0	170	33788
HS	590	0	162	33950
HS	589	0	188	34138
HS	588	0	180	34318
HS	587	0	201	34519
HS	586	0	199	34718
HS	585	0	195	34913
HS	584	0	188	35101
HS	583	0	201	35302
HS	582	0	213	35515
HS	581	0	191	35706
HS	580	0	193	35899
HS	579	0	193	36092
HS	578	0	183	36275
HS	577	0	178	36453
HS	576	0	194	36647
HS	575	0	190	36837
HS	574	0	178	37015
HS	573	0	165	37180
HS	572	0	194	37374
HS	571	0	166	37540
HS	570	0	199	37739
HS	569	0	198	37937
HS	568	0	234	38171
HS	567	0	201	38372
HS	566	0	229	38601
HS	565	0	240	38841
HS	564	0	211	39052
HS	563	0	218	39270
HS	562	0	211	39481
HS	561	0	208	39689
HS	560	0	216	39905
HS	559	0	216	40121
HS	558	0	235	40356
HS	557	0	214	40570
HS	556	0	242	40812
HS	555	0	208	41020
HS	554	0	249	41269
HS	553	0	242	41511
HS	552	0	230	41741
HS	551	0	231	41972
HS	550	0	256	42228
HS	549	0	242	42470
HS	548	0	226	42696
HS	547	0	216	42912
HS	546	0	218	43130
HS	545	0	229	43359
HS	544	0	233	43592
HS	543	0	242	43834
HS	542	0	251	44085
HS	541	0	238	44323
HS	540	0	271	44594
HS	539	0	248	44842
HS	538	0	228	45070
HS	537	0	246	45316
HS	536	0	249	45565
HS	535	0	246	45811
HS	534	0	279	46090
HS	533	0	287	46377
HS	532	0	319	46696
HS	531	0	297	46993
HS	530	0	306	47299
HS	529	0	304	47603
HS	528	0	354	47957
HS	527	0	331	48288
HS	526	0	300	48588
HS	525	0	366	48954
HS	524	0	332	49286
HS	523	0	381	49667
HS	522	0	404	50071
HS	521	0	367	50438
HS	520	0	353	50791
HS	519	0	403	51194
HS	518	0	402	51596
HS	517	0	375	51971
HS	516	0	424	52395
HS	515	0	389	52784
HS	514	0	355	53139
HS	513	0	402	53541
HS	512	0	388	53929
HS	511	0	382	54311
HS	510	0	384	54695
HS	509	0	355	55050
HS	508	0	381	55431
HS	507	0	421	55852
HS	506	0	404	56256
HS	505	0	417	56673
HS	504	0	440	57113
HS	503	0	453	57566
HS	502	0	432	57998
HS	501	0	467	58465
HS	500	0	468	58933
HS	499	0	471	59404
HS	498	0	464	59868
HS	497	0	462	60330
HS	496	0	517	60847
HS	495	0	467	61314
HS	494	0	452	61766
HS	493	0	514	62280
HS	492	0	498	62778
HS	491	0	543	63321
HS	490	0	531	63852
HS	489	0	506	64358
HS	488	0	515	64873
HS	487	0	519	65392
HS	486	0	510	65902
HS	485	0	557	66459
HS	484	0	510	66969
HS	483	0	559	67528
HS	482	0	562	68090
HS	481	0	551	68641
HS	480	0	534	69175
HS	479	0	543	69718
HS	478	0	537	70255
HS	477	0	547	70802
HS	476	0	588	71390
HS	475	0	545	71935
HS	474	0	551	72486
HS	473	0	664	73150
HS	472	0	585	73735
HS	471	0	566	74301
HS	470	0	607	74908
HS	469	0	607	75515
HS	468	0	652	76167
HS	467	0	638	76805
HS	466	0	652	77457
HS	465	0	666	78123
HS	464	0	634	78757
HS	463	0	671	79428
HS	462	0	634	80062
HS	461	0	689	80751
HS	460	0	645	81396
HS	459	0	700	82096
HS	458	0	682	82778
HS	457	0	640	83418
HS	456	0	730	84148
HS	455	0	703	84851
HS	454	0	722	85573
HS	453	0	703	86276
HS	452	0	689	86965
HS	451	0	734	87699
HS	450	0	689	88388
HS	449	0	735	89123
HS	448	0	712	89835
HS	447	0	715	90550
HS	446	0	768	91318
HS	445	0	710	92028
HS	444	0	720	92748
HS	443	0	785	93533
HS	442	0	797	94330
HS	441	0	851	95181
HS	440	0	810	95991
HS	439	0	815	96806
HS	438	0	827	97633
HS	437	0	818	98451
HS	436	0	787	99238
HS	435	0	859	100097
HS	434	0	814	100911
HS	433	0	854	101765
HS	432	0	896	102661
HS	431	0	866	103527
HS	430	0	830	104357
HS	429	0	877	105234
HS	428	0	841	106075
HS	427	0	876	106951
HS	426	0	868	107819
HS	425	0	882	108701
HS	424	0	888	109589
HS	423	0	868	110457
HS	422	0	908	111365
HS	421	0	976	112341
HS	420	0	1006	113347
HS	419	0	1012	114359
HS	418	0	996	115355
HS	417	0	1052	116407
HS	416	0	1033	117440
HS	415	0	1109	118549
HS	414	0	1138	119687
HS	413	0	1095	120782
HS	412	0	1196	121978
HS	411	0	1137	123115
HS	410	0	1210	124325
HS	409	0	1185	125510
HS	408	0	1186	126696
HS	407	0	1193	127889
HS	406	0	1234	129123
HS	405	0	1259	130382
HS	404	0	1253	131635
HS	403	0	1301	132936
HS	402	0	1338	134274
HS	401	0	1328	135602
HS	400	0	1313	136915
HS	399	0	1355	138270
HS	398	0	1367	139637
HS	397	0	1289	140926
HS	396	0	1403	142329
HS	395	0	1458	143787
HS	394	0	1422	145209
HS	393	0	1457	146666
HS	392	0	1498	148164
HS	391	0	1504	149668
HS	390	0	1472	151140
HS	389	0	1435	152575
HS	388	0	1572	154147
HS	387	0	1538	155685
HS	386	0	1531	157216
HS	385	0	1600	158816
HS	384	0	1628	160444
HS	383	0	1664	162108
HS	382	0	1630	163738
HS	381	0	1553	165291
HS	380	0	1684	166975
HS	379	0	1677	168652
HS	378	0	1784	170436
HS	377	0	1836	172272
HS	376	0	1753	174025
HS	375	0	1818	175843
HS	374	0	1796	177639
HS	373	0	1911	179550
HS	372	0	1896	181446
HS	371	0	1903	183349
HS	370	0	2003	185352
HS	369	0	1992	187344
HS	368	0	1935	189279
HS	367	0	2032	191311
HS	366	0	1989	193300
HS	365	0	2066	195366
HS	364	0	2062	197428
HS	363	0	1999	199427
HS	362	0	2049	201476
HS	361	0	2198	203674
HS	360	0	2180	205854
HS	359	0	2203	208057
HS	358	0	2321	210378
HS	357	0	2282	212660
HS	356	0	2402	215062
HS	355	0	2442	217504
HS	354	0	2517	220021
HS	353	0	2574	222595
HS	352	0	2627	225222
HS	351	0	2745	227967
HS	350	0	2797	230764
HS	349	0	2869	233633
HS	348	0	2913	236546
HS	347	0	3016	239562
HS	346	0	3045	242607
HS	345	0	3045	245652
HS	344	0	3210	248862
HS	343	0	3110	251972
HS	342	0	3212	255184
HS	341	0	3320	258504
HS	340	0	3369	261873
HS	339	0	3470	265343
HS	338	0	3537	268880
HS	337	0	3562	272442
HS	336	0	3703	276145
HS	335	0	3702	279847
HS	334	0	3738	283585
HS	333	0	3924	287509
HS	332	0	4013	291522
HS	331	0	4204	295726
HS	330	0	4185	299911
HS	329	0	4344	304255
HS	328	0	4462	308717
HS	327	0	4554	313271
HS	326	0	4721	317992
HS	325	0	4913	322905
HS	324	0	4861	327766
HS	323	0	5064	332830
HS	322	0	5346	338176
HS	321	0	5475	343651
HS	320	0	5595	349246
HS	319	0	5765	355011
HS	318	0	5964	360975
HS	317	0	6001	366976
HS	316	0	6472	373448
HS	315	0	6526	379974
HS	314	0	6640	386614
HS	313	0	6709	393323
HS	312	0	6938	400261
HS	311	0	7131	407392
HS	310	0	7309	414701
HS	309	0	7611	422312
HS	308	0	7720	430032
HS	307	0	8130	438162
HS	306	0	8276	446438
HS	305	0	8430	454868
HS	304	0	8723	463591
HS	303	0	8816	472407
HS	302	0	9067	481474
HS	301	0	9386	490860
HS	300	0	9772	500632
HS	299	0	9929	510561
HS	298	0	10121	520682
HS	297	0	10418	531100
HS	296	0	10854	541954
HS	295	0	11231	553185
HS	294	0	11533	564718
HS	293	0	11739	576457
HS	292	0	12193	588650
HS	291	0	12481	601131
HS	290	0	12759	613890
HS	289	0	13052	626942
HS	288	0	13050	639992
HS	287	0	13685	653677
HS	286	0	14047	667724
HS	285	0	14507	682231
HS	284	0	14663	696894
HS	283	0	15232	712126
HS	282	0	15816	727942
HS	281	0	16071	744013
HS	280	0	16684	760697
HS	279	0	16734	777431
HS	278	0	17235	794666
HS	277	0	17380	812046
HS	276	0	17528	829574
HS	275	0	18018	847592
HS	274	0	18605	866197
HS	273	0	19141	885338
HS	272	0	19621	904959
HS	271	0	19919	924878
HS	270	0	20389	945267
HS	269	0	21023	966290
HS	268	0	21636	987926
HS	267	0	21801	1009727
HS	266	0	22067	1031794
HS	265	0	23058	1054852
HS	264	0	23860	1078712
HS	263	0	24125	1102837
HS	262	0	24802	1127639
HS	261	0	25602	1153241
HS	260	0	25934	1179175
HS	259	0	26554	1205729
HS	258	0	26793	1232522
HS	257	0	27360	1259882
HS	256	0	27630	1287512
HS	255	0	28618	1316130
HS	254	0	28900	1345030
HS	253	0	29075	1374105
HS	252	0	29916	1404021
HS	251	0	30182	1434203
HS	250	0	30726	1464929
HS	249	0	31327	1496256
HS	248	0	31890	1528146
HS	247	0	31918	1560064
HS	246	0	32961	1593025
HS	245	0	33044	1626069
HS	244	0	33473	1659542
HS	243	0	34179	1693721
HS	242	0	34629	1728350
HS	241	0	35392	1763742
HS	240	0	35241	1798983
HS	239	0	36078	1835061
HS	238	0	36460	1871521
HS	237	0	37307	1908828
HS	236	0	37146	1945974
HS	235	0	37735	1983709
HS	234	0	38327	2022036
HS	233	0	38529	2060565
HS	232	0	38855	2099420
HS	231	0	39142	2138562
HS	230	0	39389	2177951
HS	229	0	40125	2218076
HS	228	0	39995	2258071
HS	227	0	40734	2298805
HS	226	0	41113	2339918
HS	225	0	41579	2381497
HS	224	0	41426	2422923
HS	223	0	41474	2464397
HS	222	0	42215	2506612
HS	221	0	42095	2548707
HS	220	0	42262	2590969
HS	219	0	42725	2633694
HS	218	0	43039	2676733
HS	217	0	42857	2719590
HS	216	0	43057	2762647
HS	215	0	43098	2805745
HS	214	0	43056	2848801
HS	213	0	43345	2892146
HS	212	0	43464	2935610
HS	211	0	43717	2979327
HS	210	0	43725	3023052
HS	209	0	43389	3066441
HS	208	0	44075	3110516
HS	207	0	43700	3154216
HS	206	0	43662	3197878
HS	205	0	43813	3241691
HS	204	0	43906	3285597
HS	203	0	43900	3329497
HS	202	0	43753	3373250
HS	201	0	43760	3417010
HS	200	0	43300	3460310
HS	199	0	43259	3503569
HS	198	0	43200	3546769
HS	197	0	42803	3589572
HS	196	0	43312	3632884
HS	195	0	42891	3675775
HS	194	0	42989	3718764
HS	193	0	42341	3761105
HS	192	0	41934	3803039
HS	191	0	41728	3844767
HS	190	0	41620	3886387
HS	189	0	40978	3927365
HS	188	0	40720	3968085
HS	187	0	39900	4007985
HS	186	0	39797	4047782
HS	185	0	39162	4086944
HS	184	0	38708	4125652
HS	183	0	38190	4163842
HS	182	0	37426	4201268
HS	181	0	37140	4238408
HS	180	0	36379	4274787
HS	179	0	36206	4310993
HS	178	0	35494	4346487
HS	177	0	35319	4381806
HS	176	0	34653	4416459
HS	175	0	34419	4450878
HS	174	0	33653	4484531
HS	173	0	32738	4517269
HS	172	0	32185	4549454
HS	171	0	31840	4581294
HS	170	0	31103	4612397
HS	169	0	30454	4642851
HS	168	0	29641	4672492
HS	167	0	29307	4701799
HS	166	0	29175	4730974
HS	165	0	28216	4759190
HS	164	0	27512	4786702
HS	163	0	27266	4813968
HS	162	0	26376	4840344
HS	161	0	25777	4866121
HS	160	0	25237	4891358
HS	159	0	24487	4915845
HS	158	0	23933	4939778
HS	157	0	23488	4963266
HS	156	0	22751	4986017
HS	155	0	22160	5008177
HS	154	0	21387	5029564
HS	153	0	20896	5050460
HS	152	0	20027	5070487
HS	151	0	19669	5090156
HS	150	0	18955	5109111
HS	149	0	18560	5127671
HS	148	0	18337	5146008
HS	147	0	17432	5163440
HS	146	0	17217	5180657
HS	145	0	16548	5197205
HS	144	0	15958	5213163
HS	143	0	15606	5228769
HS	142	0	14832	5243601
HS	141	0	14729	5258330
HS	140	0	14451	5272781
HS	139	0	14032	5286813
HS	138	0	13209	5300022
HS	137	0	12975	5312997
HS	136	0	12643	5325640
HS	135	0	12317	5337957
HS	134	0	11708	5349665
HS	133	0	11070	5360735
HS	132	0	10721	5371456
HS	131	0	10340	5381796
HS	130	0	9992	5391788
HS	129	0	9473	5401261
HS	128	0	9034	5410295
HS	127	0	8810	5419105
HS	126	0	8516	5427621
HS	125	0	8113	5435734
HS	124	0	7876	5443610
HS	123	0	7754	5451364
HS	122	0	7420	5458784
HS	121	0	7030	5465814
HS	120	0	6605	5472419
HS	119	0	6303	5478722
HS	118	0	6047	5484769
HS	117	0	5707	5490476
HS	116	0	5394	5495870
HS	115	0	5210	5501080
HS	114	0	4942	5506022
HS	113	0	4700	5510722
HS	112	0	4425	5515147
HS	111	0	4305	5519452
HS	110	0	4126	5523578
HS	109	0	3930	5527508
HS	108	0	3668	5531176
HS	107	0	3533	5534709
HS	106	0	3375	5538084
HS	105	0	3322	5541406
HS	104	0	3127	5544533
HS	103	0	2835	5547368
HS	102	0	2832	5550200
HS	101	0	2583	5552783
HS	100	0	2484	5555267
HS	99	0	2378	5557645
HS	98	0	2130	5559775
HS	97	0	2122	5561897
HS	96	0	1989	5563886
HS	95	0	1942	5565828
HS	94	0	1870	5567698
HS	93	0	1840	5569538
HS	92	0	1746	5571284
HS	91	0	1626	5572910
HS	90	0	1583	5574493
HS	89	0	1551	5576044
HS	88	0	1325	5577369
HS	87	0	1271	5578640
HS	86	0	1245	5579885
HS	85	0	1102	5580987
HS	84	0	1061	5582048
HS	83	0	1076	5583124
HS	82	0	1067	5584191
HS	81	0	984	5585175
HS	80	0	995	5586170
HS	79	0	946	5587116
HS	78	0	827	5587943
HS	77	0	825	5588768
HS	76	0	804	5589572
HS	75	0	812	5590384
HS	74	0	853	5591237
HS	73	0	823	5592060
HS	72	0	742	5592802
HS	71	0	755	5593557
HS	70	0	700	5594257
HS	69	0	697	5594954
HS	68	0	668	5595622
HS	67	0	659	5596281
HS	66	0	648	5596929
HS	65	0	665	5597594
HS	64	0	621	5598215
HS	63	0	652	5598867
HS	62	0	663	5599530
HS	61	0	595	5600125
HS	60	0	584	5600709
HS	59	0	634	5601343
HS	58	0	701	5602044
HS	57	0	652	5602696
HS	56	0	697	5603393
HS	55	0	791	5604184
HS	54	0	826	5605010
HS	53	0	789	5605799
HS	52	0	838	5606637
HS	51	0	858	5607495
HS	50	0	951	5608446
HS	49	0	1025	5609471
HS	48	0	1100	5610571
HS	47	0	1129	5611700
HS	46	0	1159	5612859
HS	45	0	1163	5614022
HS	44	0	1193	5615215
HS	43	0	1174	5616389
HS	42	0	1265	5617654
HS	41	0	1309	5618963
HS	40	0	1382	5620345
HS	39	0	1312	5621657
HS	38	0	1438	5623095
HS	37	0	1533	5624628
HS	36	0	1718	5626346
HS	35	0	1767	5628113
HS	34	0	2168	5630281
HS	33	0	2348	5632629
HS	32	0	2596	5635225
HS	31	0	2859	5638084
HS	30	0	3011	5641095
HS	29	0	3048	5644143
HS	28	0	3350	5647493
HS	27	0	3800	5651293
HS	26	0	4139	5655432
HS	25	0	4623	5660055
HS	24	0	5361	5665416
HS	23	0	5893	5671309
HS	22	0	6710	5678019
HS	21	0	8262	5686281
HS	20	0	9770	5696051
HS	19	0	11094	5707145
HS	18	0	13692	5720837
HS	17	0	16042	5736879
HS	16	0	19798	5756677
HS	15	0	23520	5780197
HS	14	0	28612	5808809
HS	13	0	36611	5845420
HS	12	0	45853	5891273
HS	11	0	59907	5951180
HS	10	0	81251	6032431
HS	9	0	114688	6147119
HS	8	0	176156	6323275
HS	7	0	285277	6608552
HS	6	0	492560	7101112
HS	5	0	905897	8007009
HS	4	0	1781223	9788232
HS	3	0	4031766	13819998
HS	2	0	12798057	26618055
HS	1	0	0	26618055
HS	0	0	0	26618055
