HS	1023	0	13275	13275
HS	1022	0	13	13288
HS	1021	0	14	13302
HS	1020	0	13	13315
HS	1019	0	8	13323
HS	1018	0	5	13328
HS	1017	0	14	13342
HS	1016	0	13	13355
HS	1015	0	9	13364
HS	1014	0	9	13373
HS	1013	0	17	13390
HS	1012	0	6	13396
HS	1011	0	7	13403
HS	1010	0	13	13416
HS	1009	0	14	13430
HS	1008	0	10	13440
HS	1007	0	16	13456
HS	1006	0	10	13466
HS	1005	0	11	13477
HS	1004	0	11	13488
HS	1003	0	18	13506
HS	1002	0	15	13521
HS	1001	0	16	13537
HS	1000	0	16	13553
HS	999	0	20	13573
HS	998	0	17	13590
HS	997	0	24	13614
HS	996	0	11	13625
HS	995	0	19	13644
HS	994	0	14	13658
HS	993	0	18	13676
HS	992	0	19	13695
HS	991	0	13	13708
HS	990	0	20	13728
HS	989	0	19	13747
HS	988	0	20	13767
HS	987	0	16	13783
HS	986	0	19	13802
HS	985	0	18	13820
HS	984	0	22	13842
HS	983	0	26	13868
HS	982	0	19	13887
HS	981	0	24	13911
HS	980	0	14	13925
HS	979	0	20	13945
HS	978	0	19	13964
HS	977	0	23	13987
HS	976	0	20	14007
HS	975	0	19	14026
HS	974	0	26	14052
HS	973	0	22	14074
HS	972	0	23	14097
HS	971	0	14	14111
HS	970	0	21	14132
HS	969	0	17	14149
HS	968	0	15	14164
HS	967	0	24	14188
HS	966	0	23	14211
HS	965	0	15	14226
HS	964	0	27	14253
HS	963	0	14	14267
HS	962	0	26	14293
HS	961	0	11	14304
HS	960	0	22	14326
HS	959	0	26	14352
HS	958	0	20	14372
HS	957	0	17	14389
HS	956	0	22	14411
HS	955	0	27	14438
HS	954	0	18	14456
HS	953	0	31	14487
HS	952	0	28	14515
HS	951	0	16	14531
HS	950	0	17	14548
HS	949	0	31	14579
HS	948	0	18	14597
HS	947	0	25	14622
HS	946	0	24	14646
HS	945	0	29	14675
HS	944	0	23	14698
HS	943	0	25	14723
HS	942	0	24	14747
HS	941	0	24	14771
HS	940	0	17	14788
HS	939	0	14	14802
HS	938	0	22	14824
HS	937	0	19	14843
HS	936	0	17	14860
HS	935	0	18	14878
HS	934	0	18	14896
HS	933	0	21	14917
HS	932	0	26	14943
HS	931	0	21	14964
HS	930	0	11	14975
HS	929	0	21	14996
HS	928	0	10	15006
HS	927	0	20	15026
HS	926	0	19	15045
HS	925	0	18	15063
HS	924	0	17	15080
HS	923	0	17	15097
HS	922	0	25	15122
HS	921	0	24	15146
HS	920	0	34	15180
HS	919	0	22	15202
HS	918	0	25	15227
HS	917	0	22	15249
HS	916	0	29	15278
HS	915	0	21	15299
HS	914	0	24	15323
HS	913	0	26	15349
HS	912	0	21	15370
HS	911	0	33	15403
HS	910	0	21	15424
HS	909	0	24	15448
HS	908	0	19	15467
HS	907	0	30	15497
HS	906	0	19	15516
HS	905	0	24	15540
HS	904	0	22	15562
HS	903	0	16	15578
HS	902	0	18	15596
HS	901	0	16	15612
HS	900	0	37	15649
HS	899	0	37	15686
HS	898	0	30	15716
HS	897	0	14	15730
HS	896	0	23	15753
HS	895	0	42	15795
HS	894	0	17	15812
HS	893	0	16	15828
HS	892	0	19	15847
HS	891	0	17	15864
HS	890	0	20	15884
HS	889	0	23	15907
HS	888	0	31	15938
HS	887	0	20	15958
HS	886	0	18	15976
HS	885	0	22	15998
HS	884	0	23	16021
HS	883	0	20	16041
HS	882	0	23	16064
HS	881	0	22	16086
HS	880	0	26	16112
HS	879	0	20	16132
HS	878	0	27	16159
HS	877	0	27	16186
HS	876	0	21	16207
HS	875	0	20	16227
HS	874	0	24	16251
HS	873	0	24	16275
HS	872	0	33	16308
HS	871	0	24	16332
HS	870	0	18	16350
HS	869	0	24	16374
HS	868	0	17	16391
HS	867	0	21	16412
HS	866	0	21	16433
HS	865	0	19	16452
HS	864	0	21	16473
HS	863	0	25	16498
HS	862	0	24	16522
HS	861	0	25	16547
HS	860	0	24	16571
HS	859	0	20	16591
HS	858	0	22	16613
HS	857	0	19	16632
HS	856	0	23	16655
HS	855	0	13	16668
HS	854	0	23	16691
HS	853	0	27	16718
HS	852	0	21	16739
HS	851	0	20	16759
HS	850	0	31	16790
HS	849	0	21	16811
HS	848	0	15	16826
HS	847	0	14	16840
HS	846	0	12	16852
HS	845	0	29	16881
HS	844	0	22	16903
HS	843	0	22	16925
HS	842	0	27	16952
HS	841	0	21	16973
HS	840	0	19	16992
HS	839	0	19	17011
HS	838	0	18	17029
HS	837	0	12	17041
HS	836	0	21	17062
HS	835	0	21	17083
HS	834	0	21	17104
HS	833	0	16	17120
HS	832	0	19	17139
HS	831	0	18	17157
HS	830	0	21	17178
HS	829	0	21	17199
HS	828	0	28	17227
HS	827	0	21	17248
HS	826	0	29	17277
HS	825	0	19	17296
HS	824	0	24	17320
HS	823	0	14	17334
HS	822	0	22	17356
HS	821	0	22	17378
HS	820	0	21	17399
HS	819	0	23	17422
HS	818	0	23	17445
HS	817	0	17	17462
HS	816	0	21	17483
HS	815	0	23	17506
HS	814	0	18	17524
HS	813	0	14	17538
HS	812	0	20	17558
HS	811	0	20	17578
HS	810	0	19	17597
HS	809	0	29	17626
HS	808	0	20	17646
HS	807	0	20	17666
HS	806	0	29	17695
HS	805	0	36	17731
HS	804	0	24	17755
HS	803	0	30	17785
HS	802	0	25	17810
HS	801	0	21	17831
HS	800	0	21	17852
HS	799	0	18	17870
HS	798	0	32	17902
HS	797	0	16	17918
HS	796	0	26	17944
HS	795	0	22	17966
HS	794	0	30	17996
HS	793	0	12	18008
HS	792	0	25	18033
HS	791	0	31	18064
HS	790	0	23	18087
HS	789	0	29	18116
HS	788	0	24	18140
HS	787	0	30	18170
HS	786	0	33	18203
HS	785	0	23	18226
HS	784	0	30	18256
HS	783	0	27	18283
HS	782	0	28	18311
HS	781	0	37	18348
HS	780	0	28	18376
HS	779	0	34	18410
HS	778	0	30	18440
HS	777	0	36	18476
HS	776	0	38	18514
HS	775	0	33	18547
HS	774	0	40	18587
HS	773	0	24	18611
HS	772	0	30	18641
HS	771	0	34	18675
HS	770	0	37	18712
HS	769	0	27	18739
HS	768	0	24	18763
HS	767	0	38	18801
HS	766	0	44	18845
HS	765	0	24	18869
HS	764	0	29	18898
HS	763	0	28	18926
HS	762	0	33	18959
HS	761	0	25	18984
HS	760	0	30	19014
HS	759	0	31	19045
HS	758	0	22	19067
HS	757	0	24	19091
HS	756	0	30	19121
HS	755	0	28	19149
HS	754	0	30	19179
HS	753	0	16	19195
HS	752	0	32	19227
HS	751	0	25	19252
HS	750	0	26	19278
HS	749	0	23	19301
HS	748	0	20	19321
HS	747	0	28	19349
HS	746	0	20	19369
HS	745	0	24	19393
HS	744	0	13	19406
HS	743	0	21	19427
HS	742	0	18	19445
HS	741	0	22	19467
HS	740	0	15	19482
HS	739	0	18	19500
HS	738	0	24	19524
HS	737	0	23	19547
HS	736	0	26	19573
HS	735	0	28	19601
HS	734	0	16	19617
HS	733	0	23	19640
HS	732	0	31	19671
HS	731	0	26	19697
HS	730	0	27	19724
HS	729	0	18	19742
HS	728	0	25	19767
HS	727	0	20	19787
HS	726	0	28	19815
HS	725	0	28	19843
HS	724	0	22	19865
HS	723	0	25	19890
HS	722	0	29	19919
HS	721	0	24	19943
HS	720	0	37	19980
HS	719	0	24	20004
HS	718	0	31	20035
HS	717	0	36	20071
HS	716	0	30	20101
HS	715	0	32	20133
HS	714	0	33	20166
HS	713	0	25	20191
HS	712	0	22	20213
HS	711	0	24	20237
HS	710	0	31	20268
HS	709	0	23	20291
HS	708	0	23	20314
HS	707	0	31	20345
HS	706	0	25	20370
HS	705	0	27	20397
HS	704	0	22	20419
HS	703	0	21	20440
HS	702	0	19	20459
HS	701	0	25	20484
HS	700	0	27	20511
HS	699	0	20	20531
HS	698	0	26	20557
HS	697	0	25	20582
HS	696	0	27	20609
HS	695	0	29	20638
HS	694	0	23	20661
HS	693	0	23	20684
HS	692	0	29	20713
HS	691	0	26	20739
HS	690	0	31	20770
HS	689	0	18	20788
HS	688	0	20	20808
HS	687	0	28	20836
HS	686	0	17	20853
HS	685	0	24	20877
HS	684	0	26	20903
HS	683	0	19	20922
HS	682	0	19	20941
HS	681	0	15	20956
HS	680	0	25	20981
HS	679	0	10	20991
HS	678	0	30	21021
HS	677	0	18	21039
HS	676	0	18	21057
HS	675	0	14	21071
HS	674	0	19	21090
HS	673	0	34	21124
HS	672	0	16	21140
HS	671	0	21	21161
HS	670	0	27	21188
HS	669	0	16	21204
HS	668	0	20	21224
HS	667	0	14	21238
HS	666	0	20	21258
HS	665	0	29	21287
HS	664	0	24	21311
HS	663	0	18	21329
HS	662	0	20	21349
HS	661	0	18	21367
HS	660	0	19	21386
HS	659	0	27	21413
HS	658	0	27	21440
HS	657	0	20	21460
HS	656	0	23	21483
HS	655	0	24	21507
HS	654	0	15	21522
HS	653	0	26	21548
HS	652	0	20	21568
HS	651	0	23	21591
HS	650	0	17	21608
HS	649	0	26	21634
HS	648	0	15	21649
HS	647	0	23	21672
HS	646	0	18	21690
HS	645	0	18	21708
HS	644	0	12	21720
HS	643	0	17	21737
HS	642	0	20	21757
HS	641	0	25	21782
HS	640	0	23	21805
HS	639	0	31	21836
HS	638	0	20	21856
HS	637	0	19	21875
HS	636	0	25	21900
HS	635	0	17	21917
HS	634	0	19	21936
HS	633	0	22	21958
HS	632	0	26	21984
HS	631	0	37	22021
HS	630	0	23	22044
HS	629	0	23	22067
HS	628	0	23	22090
HS	627	0	28	22118
HS	626	0	18	22136
HS	625	0	22	22158
HS	624	0	24	22182
HS	623	0	24	22206
HS	622	0	31	22237
HS	621	0	30	22267
HS	620	0	33	22300
HS	619	0	27	22327
HS	618	0	36	22363
HS	617	0	24	22387
HS	616	0	26	22413
HS	615	0	27	22440
HS	614	0	21	22461
HS	613	0	40	22501
HS	612	0	37	22538
HS	611	0	29	22567
HS	610	0	42	22609
HS	609	0	30	22639
HS	608	0	31	22670
HS	607	0	29	22699
HS	606	0	44	22743
HS	605	0	42	22785
HS	604	0	43	22828
HS	603	0	32	22860
HS	602	0	34	22894
HS	601	0	27	22921
HS	600	0	45	22966
HS	599	0	36	23002
HS	598	0	46	23048
HS	597	0	35	23083
HS	596	0	44	23127
HS	595	0	40	23167
HS	594	0	46	23213
HS	593	0	49	23262
HS	592	0	42	23304
HS	591	0	44	23348
HS	590	0	43	23391
HS	589	0	48	23439
HS	588	0	32	23471
HS	587	0	44	23515
HS	586	0	38	23553
HS	585	0	27	23580
HS	584	0	35	23615
HS	583	0	41	23656
HS	582	0	35	23691
HS	581	0	40	23731
HS	580	0	47	23778
HS	579	0	32	23810
HS	578	0	32	23842
HS	577	0	30	23872
HS	576	0	30	23902
HS	575	0	26	23928
HS	574	0	37	23965
HS	573	0	35	24000
HS	572	0	35	24035
HS	571	0	41	24076
HS	570	0	35	24111
HS	569	0	34	24145
HS	568	0	39	24184
HS	567	0	38	24222
HS	566	0	34	24256
HS	565	0	24	24280
HS	564	0	30	24310
HS	563	0	32	24342
HS	562	0	38	24380
HS	561	0	39	24419
HS	560	0	35	24454
HS	559	0	38	24492
HS	558	0	38	24530
HS	557	0	31	24561
HS	556	0	33	24594
HS	555	0	28	24622
HS	554	0	28	24650
HS	553	0	35	24685
HS	552	0	46	24731
HS	551	0	41	24772
HS	550	0	27	24799
HS	549	0	28	24827
HS	548	0	40	24867
HS	547	0	35	24902
HS	546	0	22	24924
HS	545	0	39	24963
HS	544	0	48	25011
HS	543	0	33	25044
HS	542	0	41	25085
HS	541	0	36	25121
HS	540	0	35	25156
HS	539	0	22	25178
HS	538	0	44	25222
HS	537	0	38	25260
HS	536	0	45	25305
HS	535	0	30	25335
HS	534	0	42	25377
HS	533	0	27	25404
HS	532	0	41	25445
HS	531	0	34	25479
HS	530	0	40	25519
HS	529	0	42	25561
HS	528	0	36	25597
HS	527	0	30	25627
HS	526	0	27	25654
HS	525	0	38	25692
HS	524	0	37	25729
HS	523	0	35	25764
HS	522	0	27	25791
HS	521	0	46	25837
HS	520	0	45	25882
HS	519	0	35	25917
HS	518	0	31	25948
HS	517	0	39	25987
HS	516	0	38	26025
HS	515	0	46	26071
HS	514	0	52	26123
HS	513	0	55	26178
HS	512	0	42	26220
HS	511	0	36	26256
HS	510	0	48	26304
HS	509	0	33	26337
HS	508	0	34	26371
HS	507	0	45	26416
HS	506	0	40	26456
HS	505	0	44	26500
HS	504	0	44	26544
HS	503	0	34	26578
HS	502	0	31	26609
HS	501	0	41	26650
HS	500	0	47	26697
HS	499	0	44	26741
HS	498	0	48	26789
HS	497	0	42	26831
HS	496	0	47	26878
HS	495	0	42	26920
HS	494	0	47	26967
HS	493	0	43	27010
HS	492	0	49	27059
HS	491	0	75	27134
HS	490	0	65	27199
HS	489	0	48	27247
HS	488	0	44	27291
HS	487	0	56	27347
HS	486	0	49	27396
HS	485	0	53	27449
HS	484	0	48	27497
HS	483	0	57	27554
HS	482	0	57	27611
HS	481	0	66	27677
HS	480	0	64	27741
HS	479	0	69	27810
HS	478	0	67	27877
HS	477	0	85	27962
HS	476	0	78	28040
HS	475	0	64	28104
HS	474	0	78	28182
HS	473	0	78	28260
HS	472	0	84	28344
HS	471	0	81	28425
HS	470	0	87	28512
HS	469	0	79	28591
HS	468	0	63	28654
HS	467	0	92	28746
HS	466	0	105	28851
HS	465	0	96	28947
HS	464	0	103	29050
HS	463	0	103	29153
HS	462	0	85	29238
HS	461	0	107	29345
HS	460	0	87	29432
HS	459	0	83	29515
HS	458	0	96	29611
HS	457	0	104	29715
HS	456	0	93	29808
HS	455	0	107	29915
HS	454	0	119	30034
HS	453	0	111	30145
HS	452	0	103	30248
HS	451	0	117	30365
HS	450	0	113	30478
HS	449	0	104	30582
HS	448	0	99	30681
HS	447	0	107	30788
HS	446	0	107	30895
HS	445	0	114	31009
HS	444	0	100	31109
HS	443	0	121	31230
HS	442	0	129	31359
HS	441	0	110	31469
HS	440	0	116	31585
HS	439	0	118	31703
HS	438	0	111	31814
HS	437	0	114	31928
HS	436	0	91	32019
HS	435	0	118	32137
HS	434	0	119	32256
HS	433	0	114	32370
HS	432	0	141	32511
HS	431	0	122	32633
HS	430	0	132	32765
HS	429	0	127	32892
HS	428	0	119	33011
HS	427	0	154	33165
HS	426	0	146	33311
HS	425	0	153	33464
HS	424	0	160	33624
HS	423	0	150	33774
HS	422	0	167	33941
HS	421	0	159	34100
HS	420	0	161	34261
HS	419	0	160	34421
HS	418	0	182	34603
HS	417	0	165	34768
HS	416	0	201	34969
HS	415	0	196	35165
HS	414	0	178	35343
HS	413	0	204	35547
HS	412	0	210	35757
HS	411	0	193	35950
HS	410	0	202	36152
HS	409	0	201	36353
HS	408	0	213	36566
HS	407	0	215	36781
HS	406	0	187	36968
HS	405	0	233	37201
HS	404	0	240	37441
HS	403	0	230	37671
HS	402	0	230	37901
HS	401	0	249	38150
HS	400	0	226	38376
HS	399	0	256	38632
HS	398	0	270	38902
HS	397	0	302	39204
HS	396	0	316	39520
HS	395	0	288	39808
HS	394	0	309	40117
HS	393	0	299	40416
HS	392	0	305	40721
HS	391	0	328	41049
HS	390	0	307	41356
HS	389	0	329	41685
HS	388	0	348	42033
HS	387	0	344	42377
HS	386	0	350	42727
HS	385	0	389	43116
HS	384	0	387	43503
HS	383	0	353	43856
HS	382	0	375	44231
HS	381	0	362	44593
HS	380	0	422	45015
HS	379	0	419	45434
HS	378	0	405	45839
HS	377	0	395	46234
HS	376	0	468	46702
HS	375	0	444	47146
HS	374	0	425	47571
HS	373	0	465	48036
HS	372	0	488	48524
HS	371	0	452	48976
HS	370	0	535	49511
HS	369	0	615	50126
HS	368	0	570	50696
HS	367	0	566	51262
HS	366	0	597	51859
HS	365	0	652	52511
HS	364	0	618	53129
HS	363	0	579	53708
HS	362	0	678	54386
HS	361	0	708	55094
HS	360	0	639	55733
HS	359	0	654	56387
HS	358	0	729	57116
HS	357	0	736	57852
HS	356	0	746	58598
HS	355	0	782	59380
HS	354	0	811	60191
HS	353	0	846	61037
HS	352	0	889	61926
HS	351	0	912	62838
HS	350	0	916	63754
HS	349	0	950	64704
HS	348	0	916	65620
HS	347	0	1059	66679
HS	346	0	1009	67688
HS	345	0	1022	68710
HS	344	0	1066	69776
HS	343	0	1144	70920
HS	342	0	1136	72056
HS	341	0	1163	73219
HS	340	0	1175	74394
HS	339	0	1183	75577
HS	338	0	1244	76821
HS	337	0	1261	78082
HS	336	0	1315	79397
HS	335	0	1330	80727
HS	334	0	1376	82103
HS	333	0	1335	83438
HS	332	0	1413	84851
HS	331	0	1420	86271
HS	330	0	1480	87751
HS	329	0	1496	89247
HS	328	0	1590	90837
HS	327	0	1587	92424
HS	326	0	1613	94037
HS	325	0	1686	95723
HS	324	0	1714	97437
HS	323	0	1778	99215
HS	322	0	1829	101044
HS	321	0	1925	102969
HS	320	0	1965	104934
HS	319	0	2070	107004
HS	318	0	2085	109089
HS	317	0	2062	111151
HS	316	0	2266	113417
HS	315	0	2325	115742
HS	314	0	2388	118130
HS	313	0	2434	120564
HS	312	0	2432	122996
HS	311	0	2538	125534
HS	310	0	2573	128107
HS	309	0	2626	130733
HS	308	0	2775	133508
HS	307	0	2931	136439
HS	306	0	2883	139322
HS	305	0	2856	142178
HS	304	0	3045	145223
HS	303	0	3078	148301
HS	302	0	3176	151477
HS	301	0	3258	154735
HS	300	0	3330	158065
HS	299	0	3543	161608
HS	298	0	3462	165070
HS	297	0	3584	168654
HS	296	0	3727	172381
HS	295	0	3822	176203
HS	294	0	3784	179987
HS	293	0	4040	184027
HS	292	0	4230	188257
HS	291	0	4219	192476
HS	290	0	4305	196781
HS	289	0	4506	201287
HS	288	0	4632	205919
HS	287	0	4842	210761
HS	286	0	4968	215729
HS	285	0	5008	220737
HS	284	0	5137	225874
HS	283	0	5205	231079
HS	282	0	5454	236533
HS	281	0	5495	242028
HS	280	0	5692	247720
HS	279	0	5940	253660
HS	278	0	6007	259667
HS	277	0	6054	265721
HS	276	0	6296	272017
HS	275	0	6362	278379
HS	274	0	6486	284865
HS	273	0	6821	291686
HS	272	0	6865	298551
HS	271	0	7130	305681
HS	270	0	7341	313022
HS	269	0	7575	320597
HS	268	0	7950	328547
HS	267	0	8156	336703
HS	266	0	8407	345110
HS	265	0	8572	353682
HS	264	0	8731	362413
HS	263	0	8734	371147
HS	262	0	9104	380251
HS	261	0	9306	389557
HS	260	0	9552	399109
HS	259	0	9705	408814
HS	258	0	10040	418854
HS	257	0	10262	429116
HS	256	0	10419	439535
HS	255	0	10704	450239
HS	254	0	10962	461201
HS	253	0	11253	472454
HS	252	0	11449	483903
HS	251	0	11521	495424
HS	250	0	11953	507377
HS	249	0	12225	519602
HS	248	0	12489	532091
HS	247	0	12493	544584
HS	246	0	12833	557417
HS	245	0	13274	570691
HS	244	0	13519	584210
HS	243	0	14276	598486
HS	242	0	14213	612699
HS	241	0	14700	627399
HS	240	0	14975	642374
HS	239	0	15390	657764
HS	238	0	15617	673381
HS	237	0	15797	689178
HS	236	0	16026	705204
HS	235	0	16395	721599
HS	234	0	16824	738423
HS	233	0	17192	755615
HS	232	0	17576	773191
HS	231	0	17981	791172
HS	230	0	18037	809209
HS	229	0	18636	827845
HS	228	0	18759	846604
HS	227	0	18998	865602
HS	226	0	19515	885117
HS	225	0	20011	905128
HS	224	0	20395	925523
HS	223	0	20788	946311
HS	222	0	21174	967485
HS	221	0	21456	988941
HS	220	0	22000	1010941
HS	219	0	22590	1033531
HS	218	0	22982	1056513
HS	217	0	23505	1080018
HS	216	0	23987	1104005
HS	215	0	24475	1128480
HS	214	0	24732	1153212
HS	213	0	25538	1178750
HS	212	0	25890	1204640
HS	211	0	26514	1231154
HS	210	0	27039	1258193
HS	209	0	27317	1285510
HS	208	0	27903	1313413
HS	207	0	28530	1341943
HS	206	0	29145	1371088
HS	205	0	29491	1400579
HS	204	0	29967	1430546
HS	203	0	30515	1461061
HS	202	0	30988	1492049
HS	201	0	31444	1523493
HS	200	0	32553	1556046
HS	199	0	32823	1588869
HS	198	0	33258	1622127
HS	197	0	33699	1655826
HS	196	0	34520	1690346
HS	195	0	34786	1725132
HS	194	0	35519	1760651
HS	193	0	36356	1797007
HS	192	0	36765	1833772
HS	191	0	37066	1870838
HS	190	0	38211	1909049
HS	189	0	38830	1947879
HS	188	0	38904	1986783
HS	187	0	39561	2026344
HS	186	0	39560	2065904
HS	185	0	40135	2106039
HS	184	0	40039	2146078
HS	183	0	40295	2186373
HS	182	0	41183	2227556
HS	181	0	41763	2269319
HS	180	0	41663	2310982
HS	179	0	41949	2352931
HS	178	0	42313	2395244
HS	177	0	42871	2438115
HS	176	0	43797	2481912
HS	175	0	44150	2526062
HS	174	0	44579	2570641
HS	173	0	44767	2615408
HS	172	0	44550	2659958
HS	171	0	44785	2704743
HS	170	0	44720	2749463
HS	169	0	44655	2794118
HS	168	0	45418	2839536
HS	167	0	45632	2885168
HS	166	0	45453	2930621
HS	165	0	45954	2976575
HS	164	0	45644	3022219
HS	163	0	45498	3067717
HS	162	0	45777	3113494
HS	161	0	45629	3159123
HS	160	0	45684	3204807
HS	159	0	45650	3250457
HS	158	0	45641	3296098
HS	157	0	45574	3341672
HS	156	0	45591	3387263
HS	155	0	45424	3432687
HS	154	0	45771	3478458
HS	153	0	45009	3523467
HS	152	0	45122	3568589
HS	151	0	44471	3613060
HS	150	0	43964	3657024
HS	149	0	43561	3700585
HS	148	0	43515	3744100
HS	147	0	43063	3787163
HS	146	0	43096	3830259
HS	145	0	42276	3872535
HS	144	0	42261	3914796
HS	143	0	41785	3956581
HS	142	0	41529	3998110
HS	141	0	40782	4038892
HS	140	0	40649	4079541
HS	139	0	39697	4119238
HS	138	0	38901	4158139
HS	137	0	38141	4196280
HS	136	0	37976	4234256
HS	135	0	37201	4271457
HS	134	0	36436	4307893
HS	133	0	36046	4343939
HS	132	0	35509	4379448
HS	131	0	34533	4413981
HS	130	0	33743	4447724
HS	129	0	32944	4480668
HS	128	0	31926	4512594
HS	127	0	31356	4543950
HS	126	0	30319	4574269
HS	125	0	29754	4604023
HS	124	0	28928	4632951
HS	123	0	28088	4661039
HS	122	0	27341	4688380
HS	121	0	26858	4715238
HS	120	0	25994	4741232
HS	119	0	24567	4765799
HS	118	0	24278	4790077
HS	117	0	23442	4813519
HS	116	0	22838	4836357
HS	115	0	22146	4858503
HS	114	0	21347	4879850
HS	113	0	20933	4900783
HS	112	0	20218	4921001
HS	111	0	19196	4940197
HS	110	0	18332	4958529
HS	109	0	17558	4976087
HS	108	0	17133	4993220
HS	107	0	16334	5009554
HS	106	0	15825	5025379
HS	105	0	15172	5040551
HS	104	0	14505	5055056
HS	103	0	13856	5068912
HS	102	0	13050	5081962
HS	101	0	12486	5094448
HS	100	0	11985	5106433
HS	99	0	11287	5117720
HS	98	0	10659	5128379
HS	97	0	10096	5138475
HS	96	0	9819	5148294
HS	95	0	8976	5157270
HS	94	0	8605	5165875
HS	93	0	8278	5174153
HS	92	0	7708	5181861
HS	91	0	7275	5189136
HS	90	0	6847	5195983
HS	89	0	6543	5202526
HS	88	0	6284	5208810
HS	87	0	5946	5214756
HS	86	0	5404	5220160
HS	85	0	5214	5225374
HS	84	0	5085	5230459
HS	83	0	4668	5235127
HS	82	0	4522	5239649
HS	81	0	4288	5243937
HS	80	0	3981	5247918
HS	79	0	3915	5251833
HS	78	0	3584	5255417
HS	77	0	3455	5258872
HS	76	0	3012	5261884
HS	75	0	2879	5264763
HS	74	0	2781	5267544
HS	73	0	2604	5270148
HS	72	0	2377	5272525
HS	71	0	2249	5274774
HS	70	0	2122	5276896
HS	69	0	1943	5278839
HS	68	0	1839	5280678
HS	67	0	1821	5282499
HS	66	0	1646	5284145
HS	65	0	1506	5285651
HS	64	0	1448	5287099
HS	63	0	1372	5288471
HS	62	0	1286	5289757
HS	61	0	1177	5290934
HS	60	0	1195	5292129
HS	59	0	1075	5293204
HS	58	0	1100	5294304
HS	57	0	1050	5295354
HS	56	0	1014	5296368
HS	55	0	958	5297326
HS	54	0	885	5298211
HS	53	0	901	5299112
HS	52	0	913	5300025
HS	51	0	892	5300917
HS	50	0	896	5301813
HS	49	0	864	5302677
HS	48	0	786	5303463
HS	47	0	735	5304198
HS	46	0	702	5304900
HS	45	0	692	5305592
HS	44	0	727	5306319
HS	43	0	713	5307032
HS	42	0	860	5307892
HS	41	0	893	5308785
HS	40	0	900	5309685
HS	39	0	903	5310588
HS	38	0	910	5311498
HS	37	0	1011	5312509
HS	36	0	1078	5313587
HS	35	0	996	5314583
HS	34	0	1109	5315692
HS	33	0	1100	5316792
HS	32	0	1272	5318064
HS	31	0	1355	5319419
HS	30	0	1496	5320915
HS	29	0	1688	5322603
HS	28	0	1812	5324415
HS	27	0	1842	5326257
HS	26	0	1988	5328245
HS	25	0	2007	5330252
HS	24	0	2521	5332773
HS	23	0	2540	5335313
HS	22	0	3061	5338374
HS	21	0	3480	5341854
HS	20	0	4158	5346012
HS	19	0	4631	5350643
HS	18	0	5450	5356093
HS	17	0	6393	5362486
HS	16	0	8277	5370763
HS	15	0	10240	5381003
HS	14	0	12966	5393969
HS	13	0	16544	5410513
HS	12	0	20875	5431388
HS	11	0	27159	5458547
HS	10	0	36431	5494978
HS	9	0	49978	5544956
HS	8	0	68646	5613602
HS	7	0	100953	5714555
HS	6	0	158146	5872701
HS	5	0	276203	6148904
HS	4	0	569669	6718573
HS	3	0	1544989	8263562
HS	2	0	7336038	15599600
HS	1	0	0	15599600
HS	0	0	0	15599600
