CC	CT  kmer_occurrence    short_read_kmer_count  raw_input_kmer_count  adjusted_input_kmer_count
CC	FR  fpr_lower_bound    fpr_upper_bound
CC	ER  total_input_kmers  adjusted_error_kmers
CC	CV  coverage
CC	QV  raw_quality_value  adjusted_quality_value
CC
SQ	CP126517.1	298452	298422	298023	43.65
SQ	CP126520.1	5270039	5270009	5269340	53.88
CT	1023	9161	73053	73053.000
CT	1022	2	20	20.000
CT	1021	3	26	26.000
CT	1020	7	49	49.000
CT	1019	5	35	35.000
CT	1018	7	34	34.000
CT	1017	2	12	12.000
CT	1016	2	9	9.000
CT	1015	6	38	38.000
CT	1014	5	32	32.000
CT	1013	4	31	31.000
CT	1012	4	24	24.000
CT	1011	5	27	27.000
CT	1010	5	46	46.000
CT	1009	2	9	9.000
CT	1008	7	47	47.000
CT	1007	3	20	20.000
CT	1006	3	23	23.000
CT	1005	2	7	7.000
CT	1004	6	29	29.000
CT	1003	2	16	16.000
CT	1002	4	32	32.000
CT	1001	6	36	36.000
CT	1000	1	3	3.000
CT	999	8	44	44.000
CT	998	2	17	17.000
CT	997	3	20	20.000
CT	996	5	34	34.000
CT	995	5	42	42.000
CT	994	2	12	12.000
CT	993	5	35	35.000
CT	992	4	32	32.000
CT	991	2	12	12.000
CT	990	4	53	53.000
CT	989	7	56	56.000
CT	988	5	31	31.000
CT	987	3	13	13.000
CT	986	3	21	21.000
CT	985	2	23	23.000
CT	984	5	40	40.000
CT	983	0	0	0.000
CT	982	4	29	29.000
CT	981	2	12	12.000
CT	980	4	23	23.000
CT	979	4	12	12.000
CT	978	2	20	20.000
CT	977	4	38	38.000
CT	976	3	20	20.000
CT	975	6	38	38.000
CT	974	3	23	23.000
CT	973	4	27	27.000
CT	972	3	17	17.000
CT	971	2	6	6.000
CT	970	3	18	18.000
CT	969	3	19	19.000
CT	968	3	24	24.000
CT	967	1	6	6.000
CT	966	5	23	23.000
CT	965	1	0	0.000
CT	964	5	41	41.000
CT	963	3	12	12.000
CT	962	3	17	17.000
CT	961	3	3	3.000
CT	960	3	9	9.000
CT	959	2	6	6.000
CT	958	1	6	6.000
CT	957	2	19	19.000
CT	956	5	31	31.000
CT	955	0	0	0.000
CT	954	1	0	0.000
CT	953	5	60	60.000
CT	952	4	6	6.000
CT	951	3	25	25.000
CT	950	5	31	31.000
CT	949	4	19	19.000
CT	948	2	7	7.000
CT	947	5	31	31.000
CT	946	2	12	12.000
CT	945	3	23	23.000
CT	944	6	31	31.000
CT	943	2	12	12.000
CT	942	5	22	22.000
CT	941	5	26	26.000
CT	940	2	12	12.000
CT	939	4	20	20.000
CT	938	4	18	18.000
CT	937	3	18	18.000
CT	936	4	38	38.000
CT	935	2	6	6.000
CT	934	2	6	6.000
CT	933	5	22	22.000
CT	932	6	23	23.000
CT	931	1	0	0.000
CT	930	3	15	15.000
CT	929	2	20	20.000
CT	928	3	12	12.000
CT	927	2	12	12.000
CT	926	3	20	20.000
CT	925	3	6	6.000
CT	924	1	0	0.000
CT	923	3	18	18.000
CT	922	4	9	9.000
CT	921	1	6	6.000
CT	920	5	26	26.000
CT	919	2	3	3.000
CT	918	3	22	22.000
CT	917	0	0	0.000
CT	916	6	20	20.000
CT	915	3	14	14.000
CT	914	2	6	6.000
CT	913	2	14	14.000
CT	912	0	0	0.000
CT	911	2	16	16.000
CT	910	2	3	3.000
CT	909	3	11	11.000
CT	908	3	25	25.000
CT	907	2	3	3.000
CT	906	3	5	5.000
CT	905	5	19	19.000
CT	904	0	0	0.000
CT	903	3	2	2.000
CT	902	4	25	25.000
CT	901	2	20	20.000
CT	900	11	40	40.000
CT	899	4	10	10.000
CT	898	5	27	27.000
CT	897	1	2	2.000
CT	896	8	31	31.000
CT	895	8	23	23.000
CT	894	7	23	23.000
CT	893	10	21	21.000
CT	892	8	21	21.000
CT	891	5	15	15.000
CT	890	1	9	9.000
CT	889	3	7	7.000
CT	888	3	10	10.000
CT	887	5	8	8.000
CT	886	3	6	6.000
CT	885	4	12	12.000
CT	884	3	8	8.000
CT	883	1	2	2.000
CT	882	3	5	5.000
CT	881	4	16	16.000
CT	880	5	30	30.000
CT	879	1	7	7.000
CT	878	4	8	8.000
CT	877	3	14	14.000
CT	876	0	0	0.000
CT	875	3	19	19.000
CT	874	4	16	16.000
CT	873	5	20	20.000
CT	872	5	12	12.000
CT	871	7	27	27.000
CT	870	8	16	16.000
CT	869	7	22	22.000
CT	868	5	21	21.000
CT	867	7	27	27.000
CT	866	7	15	15.000
CT	865	3	9	9.000
CT	864	6	32	32.000
CT	863	8	41	41.000
CT	862	3	18	18.000
CT	861	2	5	5.000
CT	860	10	25	25.000
CT	859	8	40	40.000
CT	858	8	36	36.000
CT	857	7	31	31.000
CT	856	7	30	30.000
CT	855	6	23	23.000
CT	854	3	13	13.000
CT	853	3	8	8.000
CT	852	6	22	22.000
CT	851	7	31	31.000
CT	850	13	64	64.000
CT	849	8	31	31.000
CT	848	7	18	18.000
CT	847	5	15	15.000
CT	846	5	9	9.000
CT	845	7	28	28.000
CT	844	7	25	25.000
CT	843	7	30	30.000
CT	842	3	14	14.000
CT	841	5	19	19.000
CT	840	8	38	38.000
CT	839	4	20	20.000
CT	838	7	25	25.000
CT	837	5	17	17.000
CT	836	10	28	28.000
CT	835	6	20	20.000
CT	834	6	19	19.000
CT	833	3	4	4.000
CT	832	7	21	21.000
CT	831	8	25	25.000
CT	830	4	7	7.000
CT	829	10	41	41.000
CT	828	3	13	13.000
CT	827	8	17	17.000
CT	826	1	6	6.000
CT	825	6	22	22.000
CT	824	3	7	7.000
CT	823	7	27	27.000
CT	822	3	13	13.000
CT	821	3	4	4.000
CT	820	6	16	16.000
CT	819	8	20	20.000
CT	818	8	30	30.000
CT	817	5	9	9.000
CT	816	7	20	20.000
CT	815	5	10	10.000
CT	814	3	2	2.000
CT	813	7	17	17.000
CT	812	12	45	45.000
CT	811	7	12	12.000
CT	810	11	29	29.000
CT	809	4	18	18.000
CT	808	7	18	18.000
CT	807	6	4	4.000
CT	806	5	16	16.000
CT	805	9	21	21.000
CT	804	12	54	54.000
CT	803	5	15	15.000
CT	802	8	28	28.000
CT	801	5	28	28.000
CT	800	11	53	53.000
CT	799	3	18	18.000
CT	798	4	9	9.000
CT	797	5	13	13.000
CT	796	6	20	20.000
CT	795	3	7	7.000
CT	794	3	6	6.000
CT	793	6	18	18.000
CT	792	10	30	30.000
CT	791	7	25	25.000
CT	790	8	33	33.000
CT	789	7	19	19.000
CT	788	8	29	29.000
CT	787	8	10	10.000
CT	786	3	13	13.000
CT	785	5	17	17.000
CT	784	8	29	29.000
CT	783	6	20	20.000
CT	782	6	29	29.000
CT	781	7	18	18.000
CT	780	6	11	11.000
CT	779	8	29	29.000
CT	778	8	18	18.000
CT	777	4	9	9.000
CT	776	9	13	13.000
CT	775	12	42	42.000
CT	774	7	29	29.000
CT	773	10	20	20.000
CT	772	7	14	14.000
CT	771	5	8	8.000
CT	770	10	22	22.000
CT	769	11	24	24.000
CT	768	5	20	20.000
CT	767	6	17	17.000
CT	766	7	15	15.000
CT	765	6	11	11.000
CT	764	9	22	22.000
CT	763	11	29	29.000
CT	762	7	12	12.000
CT	761	3	8	8.000
CT	760	4	4	4.000
CT	759	8	14	14.000
CT	758	11	16	16.000
CT	757	9	30	30.000
CT	756	9	21	21.000
CT	755	8	12	12.000
CT	754	9	17	17.000
CT	753	14	23	23.000
CT	752	12	20	20.000
CT	751	9	26	26.000
CT	750	8	20	20.000
CT	749	7	18	18.000
CT	748	7	12	12.000
CT	747	10	24	24.000
CT	746	8	12	12.000
CT	745	13	22	22.000
CT	744	9	22	22.000
CT	743	7	13	13.000
CT	742	9	18	18.000
CT	741	17	28	28.000
CT	740	7	14	14.000
CT	739	17	37	37.000
CT	738	7	15	15.000
CT	737	9	20	20.000
CT	736	7	15	15.000
CT	735	10	17	17.000
CT	734	8	15	15.000
CT	733	12	22	22.000
CT	732	13	18	18.000
CT	731	16	31	31.000
CT	730	11	23	23.000
CT	729	21	33	33.000
CT	728	8	15	15.000
CT	727	17	30	30.000
CT	726	19	42	42.000
CT	725	16	41	41.000
CT	724	17	37	37.000
CT	723	14	27	27.000
CT	722	16	35	35.000
CT	721	15	36	36.000
CT	720	13	36	36.000
CT	719	11	33	33.000
CT	718	16	41	41.000
CT	717	20	41	41.000
CT	716	15	34	34.000
CT	715	11	40	40.000
CT	714	13	27	27.000
CT	713	26	80	80.000
CT	712	15	31	31.000
CT	711	15	47	47.000
CT	710	18	57	57.000
CT	709	18	43	43.000
CT	708	11	26	26.000
CT	707	21	51	51.000
CT	706	22	79	79.000
CT	705	15	37	37.000
CT	704	18	33	33.000
CT	703	19	46	46.000
CT	702	8	14	14.000
CT	701	15	25	25.000
CT	700	13	32	32.000
CT	699	21	43	43.000
CT	698	24	51	51.000
CT	697	14	39	39.000
CT	696	22	37	37.000
CT	695	9	25	25.000
CT	694	28	57	57.000
CT	693	19	48	48.000
CT	692	22	44	44.000
CT	691	14	25	25.000
CT	690	19	46	46.000
CT	689	18	47	47.000
CT	688	11	21	21.000
CT	687	21	38	38.000
CT	686	15	30	30.000
CT	685	16	36	36.000
CT	684	19	30	30.000
CT	683	15	28	28.000
CT	682	20	30	30.000
CT	681	17	28	28.000
CT	680	22	34	34.000
CT	679	19	34	34.000
CT	678	19	34	34.000
CT	677	14	16	16.000
CT	676	21	39	39.000
CT	675	19	24	24.000
CT	674	16	22	22.000
CT	673	26	27	27.000
CT	672	33	60	60.000
CT	671	28	34	34.000
CT	670	29	38	38.000
CT	669	23	35	35.000
CT	668	28	32	32.000
CT	667	28	48	48.000
CT	666	26	33	33.000
CT	665	23	26	26.000
CT	664	16	27	27.000
CT	663	20	18	18.000
CT	662	18	17	17.000
CT	661	15	30	30.000
CT	660	29	30	30.000
CT	659	22	32	32.000
CT	658	32	42	42.000
CT	657	29	36	36.000
CT	656	25	41	41.000
CT	655	34	36	36.000
CT	654	35	49	49.000
CT	653	36	33	33.000
CT	652	22	34	34.000
CT	651	27	59	59.000
CT	650	32	33	33.000
CT	649	22	23	23.000
CT	648	33	30	30.000
CT	647	27	22	22.000
CT	646	28	26	26.000
CT	645	28	26	26.000
CT	644	38	49	49.000
CT	643	32	37	37.000
CT	642	28	41	41.000
CT	641	47	47	47.000
CT	640	40	47	47.000
CT	639	37	45	45.000
CT	638	28	49	49.000
CT	637	34	30	30.000
CT	636	28	35	35.000
CT	635	32	42	42.000
CT	634	42	52	52.000
CT	633	32	41	41.000
CT	632	32	37	37.000
CT	631	36	50	50.000
CT	630	16	21	21.000
CT	629	38	41	41.000
CT	628	27	39	39.000
CT	627	27	38	38.000
CT	626	29	30	30.000
CT	625	34	43	43.000
CT	624	27	38	38.000
CT	623	27	41	41.000
CT	622	25	42	42.000
CT	621	30	51	51.000
CT	620	30	53	53.000
CT	619	35	69	69.000
CT	618	29	60	60.000
CT	617	36	57	57.000
CT	616	43	76	76.000
CT	615	50	71	71.000
CT	614	49	106	106.000
CT	613	48	96	96.000
CT	612	39	56	56.000
CT	611	38	64	64.000
CT	610	31	59	59.000
CT	609	57	72	72.000
CT	608	40	62	62.000
CT	607	53	74	74.000
CT	606	51	60	60.000
CT	605	52	87	87.000
CT	604	48	57	57.000
CT	603	48	85	85.000
CT	602	62	88	88.000
CT	601	53	110	110.000
CT	600	55	80	80.000
CT	599	47	70	70.000
CT	598	57	67	67.000
CT	597	53	47	47.000
CT	596	70	91	91.000
CT	595	61	83	83.000
CT	594	65	86	86.000
CT	593	79	82	82.000
CT	592	68	59	59.000
CT	591	61	55	55.000
CT	590	68	83	83.000
CT	589	76	86	86.000
CT	588	51	50	50.000
CT	587	61	66	66.000
CT	586	66	56	56.000
CT	585	66	73	73.000
CT	584	75	79	79.000
CT	583	67	70	70.000
CT	582	69	47	47.000
CT	581	67	49	49.000
CT	580	68	58	58.000
CT	579	83	66	66.000
CT	578	61	42	42.000
CT	577	78	72	72.000
CT	576	65	61	61.000
CT	575	103	75	75.000
CT	574	72	63	63.000
CT	573	79	56	56.000
CT	572	74	52	52.000
CT	571	64	55	55.000
CT	570	86	70	70.000
CT	569	94	72	72.000
CT	568	113	75	75.000
CT	567	94	76	76.000
CT	566	96	77	77.000
CT	565	119	91	91.000
CT	564	120	72	72.000
CT	563	97	65	65.000
CT	562	117	80	80.000
CT	561	104	52	52.000
CT	560	97	62	62.000
CT	559	115	84	84.000
CT	558	132	77	77.000
CT	557	117	84	84.000
CT	556	135	116	116.000
CT	555	114	86	86.000
CT	554	123	84	84.000
CT	553	151	72	72.000
CT	552	169	120	120.000
CT	551	161	100	100.000
CT	550	138	98	98.000
CT	549	147	84	84.000
CT	548	158	121	121.000
CT	547	175	115	115.000
CT	546	161	100	100.000
CT	545	140	83	83.000
CT	544	177	124	124.000
CT	543	152	92	92.000
CT	542	170	84	84.000
CT	541	146	80	80.000
CT	540	184	106	106.000
CT	539	182	104	104.000
CT	538	169	83	83.000
CT	537	201	120	120.000
CT	536	167	119	119.000
CT	535	177	83	83.000
CT	534	181	96	96.000
CT	533	172	103	103.000
CT	532	199	101	101.000
CT	531	189	135	135.000
CT	530	189	127	127.000
CT	529	197	110	110.000
CT	528	189	123	123.000
CT	527	184	123	123.000
CT	526	192	122	122.000
CT	525	197	114	114.000
CT	524	222	134	134.000
CT	523	199	130	130.000
CT	522	212	132	132.000
CT	521	191	107	107.000
CT	520	196	127	127.000
CT	519	228	110	110.000
CT	518	188	112	112.000
CT	517	231	148	148.000
CT	516	249	137	137.000
CT	515	228	125	125.000
CT	514	230	151	151.000
CT	513	217	120	120.000
CT	512	246	150	150.000
CT	511	237	141	141.000
CT	510	247	141	141.000
CT	509	236	162	162.000
CT	508	241	132	132.000
CT	507	250	144	144.000
CT	506	260	158	158.000
CT	505	254	136	136.000
CT	504	253	171	171.000
CT	503	241	130	130.000
CT	502	269	167	167.000
CT	501	276	189	189.000
CT	500	289	181	181.000
CT	499	286	192	192.000
CT	498	290	174	174.000
CT	497	291	168	168.000
CT	496	313	161	161.000
CT	495	318	181	181.000
CT	494	334	180	180.000
CT	493	319	181	181.000
CT	492	366	226	226.000
CT	491	372	208	208.000
CT	490	341	203	203.000
CT	489	363	195	195.000
CT	488	366	214	214.000
CT	487	382	214	214.000
CT	486	368	191	191.000
CT	485	375	189	189.000
CT	484	373	200	200.000
CT	483	400	206	206.000
CT	482	415	218	218.000
CT	481	426	226	226.000
CT	480	423	218	218.000
CT	479	422	242	242.000
CT	478	430	241	241.000
CT	477	395	242	242.000
CT	476	422	233	233.000
CT	475	425	257	257.000
CT	474	477	238	238.000
CT	473	457	251	251.000
CT	472	465	253	253.000
CT	471	451	252	252.000
CT	470	497	295	295.000
CT	469	523	304	304.000
CT	468	495	282	282.000
CT	467	500	276	276.000
CT	466	473	288	288.000
CT	465	490	292	292.000
CT	464	467	253	253.000
CT	463	478	266	266.000
CT	462	523	303	303.000
CT	461	510	290	290.000
CT	460	543	319	319.000
CT	459	529	336	336.000
CT	458	539	314	314.000
CT	457	552	339	339.000
CT	456	512	307	307.000
CT	455	626	386	386.000
CT	454	552	303	303.000
CT	453	653	412	412.000
CT	452	632	405	405.000
CT	451	644	409	409.000
CT	450	633	419	419.000
CT	449	588	417	417.000
CT	448	613	402	402.000
CT	447	714	501	501.000
CT	446	670	460	460.000
CT	445	668	443	443.000
CT	444	610	459	459.000
CT	443	672	475	475.000
CT	442	635	400	400.000
CT	441	661	484	484.000
CT	440	709	470	470.000
CT	439	620	432	432.000
CT	438	663	434	434.000
CT	437	715	471	471.000
CT	436	675	449	449.000
CT	435	681	470	470.000
CT	434	725	482	482.000
CT	433	733	503	503.000
CT	432	738	532	532.000
CT	431	764	513	513.000
CT	430	772	556	556.000
CT	429	840	592	592.000
CT	428	814	589	589.000
CT	427	816	586	586.000
CT	426	828	594	594.000
CT	425	857	638	638.000
CT	424	872	626	626.000
CT	423	917	623	623.000
CT	422	933	636	636.000
CT	421	875	625	625.000
CT	420	923	658	658.000
CT	419	927	668	668.000
CT	418	866	615	615.000
CT	417	944	679	679.000
CT	416	871	642	642.000
CT	415	961	670	670.000
CT	414	935	646	646.000
CT	413	1018	749	749.000
CT	412	1000	719	719.000
CT	411	884	657	657.000
CT	410	934	687	687.000
CT	409	911	674	674.000
CT	408	973	749	749.000
CT	407	994	757	757.000
CT	406	999	781	781.000
CT	405	1025	780	780.000
CT	404	1030	808	808.000
CT	403	1135	896	896.000
CT	402	1057	830	830.000
CT	401	1071	841	841.000
CT	400	1074	840	840.000
CT	399	1158	906	906.000
CT	398	1094	874	874.000
CT	397	1158	940	940.000
CT	396	1194	945	945.000
CT	395	1160	970	970.000
CT	394	1254	1069	1069.000
CT	393	1246	1037	1037.000
CT	392	1343	1096	1096.000
CT	391	1305	1032	1032.000
CT	390	1261	1025	1025.000
CT	389	1353	1127	1127.000
CT	388	1312	1085	1085.000
CT	387	1384	1138	1138.000
CT	386	1344	1115	1115.000
CT	385	1371	1137	1137.000
CT	384	1359	1129	1129.000
CT	383	1362	1130	1130.000
CT	382	1381	1175	1175.000
CT	381	1419	1198	1198.000
CT	380	1477	1248	1248.000
CT	379	1529	1337	1337.000
CT	378	1421	1245	1245.000
CT	377	1452	1238	1238.000
CT	376	1510	1303	1303.000
CT	375	1498	1317	1317.000
CT	374	1579	1395	1395.000
CT	373	1659	1401	1401.000
CT	372	1626	1402	1402.000
CT	371	1608	1384	1384.000
CT	370	1663	1462	1462.000
CT	369	1688	1461	1461.000
CT	368	1701	1502	1502.000
CT	367	1723	1538	1538.000
CT	366	1637	1477	1477.000
CT	365	1723	1533	1533.000
CT	364	1721	1561	1561.000
CT	363	1746	1602	1602.000
CT	362	1847	1678	1678.000
CT	361	1774	1595	1595.000
CT	360	1808	1596	1596.000
CT	359	1873	1678	1678.000
CT	358	1910	1739	1739.000
CT	357	1838	1627	1627.000
CT	356	1953	1752	1752.000
CT	355	1927	1745	1745.000
CT	354	1927	1717	1717.000
CT	353	2021	1810	1810.000
CT	352	2085	1885	1885.000
CT	351	2080	1895	1895.000
CT	350	2107	1925	1925.000
CT	349	2139	1954	1954.000
CT	348	2107	1934	1934.000
CT	347	2358	2171	2171.000
CT	346	2343	2152	2152.000
CT	345	2302	2139	2139.000
CT	344	2400	2240	2240.000
CT	343	2369	2222	2222.000
CT	342	2430	2251	2251.000
CT	341	2421	2289	2289.000
CT	340	2521	2383	2383.000
CT	339	2636	2470	2470.000
CT	338	2648	2514	2514.000
CT	337	2611	2479	2479.000
CT	336	2670	2496	2496.000
CT	335	2694	2557	2557.000
CT	334	2809	2657	2657.000
CT	333	2905	2804	2804.000
CT	332	3065	2932	2932.000
CT	331	3101	2947	2947.000
CT	330	3234	3092	3092.000
CT	329	3264	3129	3129.000
CT	328	3345	3216	3216.000
CT	327	3362	3226	3226.000
CT	326	3469	3320	3320.000
CT	325	3453	3277	3277.000
CT	324	3497	3334	3334.000
CT	323	3633	3483	3483.000
CT	322	3687	3526	3526.000
CT	321	3751	3569	3569.000
CT	320	3783	3646	3646.000
CT	319	3758	3630	3630.000
CT	318	4002	3857	3857.000
CT	317	4164	4017	4017.000
CT	316	4217	4054	4054.000
CT	315	4175	4044	4044.000
CT	314	4373	4228	4228.000
CT	313	4424	4275	4275.000
CT	312	4466	4311	4311.000
CT	311	4540	4385	4385.000
CT	310	4619	4482	4482.000
CT	309	4724	4574	4574.000
CT	308	4835	4703	4703.000
CT	307	5145	5019	5019.000
CT	306	5275	5157	5157.000
CT	305	5305	5174	5174.000
CT	304	5501	5347	5347.000
CT	303	5738	5590	5590.000
CT	302	5826	5709	5709.000
CT	301	6180	6054	6054.000
CT	300	6169	6024	6024.000
CT	299	6178	6052	6052.000
CT	298	6534	6384	6384.000
CT	297	6776	6619	6619.000
CT	296	6806	6660	6660.000
CT	295	7082	6959	6959.000
CT	294	7181	7039	7039.000
CT	293	7493	7332	7332.000
CT	292	7651	7500	7500.000
CT	291	7912	7737	7737.000
CT	290	8054	7907	7907.000
CT	289	8363	8189	8189.000
CT	288	8690	8535	8535.000
CT	287	8910	8757	8757.000
CT	286	9082	8927	8927.000
CT	285	9200	9091	9091.000
CT	284	9761	9598	9598.000
CT	283	9958	9827	9827.000
CT	282	10087	9969	9969.000
CT	281	10194	10059	10059.000
CT	280	10891	10745	10745.000
CT	279	11068	10919	10919.000
CT	278	11267	11120	11120.000
CT	277	11779	11641	11641.000
CT	276	12008	11846	11846.000
CT	275	12475	12316	12316.000
CT	274	12604	12448	12448.000
CT	273	13183	13014	13014.000
CT	272	13548	13405	13405.000
CT	271	13836	13684	13684.000
CT	270	14073	13923	13923.000
CT	269	14596	14459	14459.000
CT	268	15157	15001	15001.000
CT	267	15487	15314	15314.000
CT	266	15869	15712	15712.000
CT	265	16042	15890	15890.000
CT	264	16489	16322	16322.000
CT	263	16930	16794	16794.000
CT	262	17474	17334	17334.000
CT	261	18085	17926	17926.000
CT	260	18716	18554	18554.000
CT	259	18934	18742	18742.000
CT	258	19382	19222	19222.000
CT	257	19774	19619	19619.000
CT	256	20216	20077	20077.000
CT	255	20786	20625	20625.000
CT	254	21520	21346	21346.000
CT	253	21736	21597	21597.000
CT	252	22281	22144	22144.000
CT	251	22929	22754	22754.000
CT	250	23527	23346	23346.000
CT	249	23895	23696	23696.000
CT	248	24885	24666	24666.000
CT	247	25526	25321	25321.000
CT	246	25734	25519	25519.000
CT	245	26709	26502	26502.000
CT	244	27250	27048	27048.000
CT	243	27396	27201	27201.000
CT	242	28434	28236	28236.000
CT	241	28743	28541	28541.000
CT	240	29803	29560	29560.000
CT	239	30143	29917	29917.000
CT	238	30694	30428	30428.000
CT	237	31115	30857	30857.000
CT	236	31981	31744	31744.000
CT	235	32555	32302	32302.000
CT	234	32935	32646	32646.000
CT	233	33615	33354	33354.000
CT	232	34108	33819	33819.000
CT	231	34866	34590	34590.000
CT	230	35132	34848	34848.000
CT	229	36132	35827	35827.000
CT	228	36611	36259	36259.000
CT	227	36971	36622	36622.000
CT	226	37615	37219	37219.000
CT	225	37739	37388	37388.000
CT	224	38332	37930	37930.000
CT	223	38836	38438	38438.000
CT	222	38966	38557	38557.000
CT	221	39342	38892	38892.000
CT	220	39722	39293	39293.000
CT	219	40069	39611	39611.000
CT	218	40657	40195	40195.000
CT	217	41545	41081	41081.000
CT	216	41516	41047	41047.000
CT	215	42682	42223	42223.000
CT	214	42693	42174	42174.000
CT	213	42861	42346	42346.000
CT	212	43659	43087	43087.000
CT	211	43456	42886	42886.000
CT	210	43867	43318	43318.000
CT	209	44145	43603	43603.000
CT	208	44613	44062	44062.000
CT	207	45210	44564	44564.000
CT	206	45054	44461	44461.000
CT	205	45304	44681	44681.000
CT	204	46396	45681	45681.000
CT	203	45766	45145	45145.000
CT	202	46293	45623	45623.000
CT	201	46517	45862	45862.000
CT	200	46466	45817	45817.000
CT	199	46648	45975	45975.000
CT	198	46610	45891	45891.000
CT	197	47173	46390	46390.000
CT	196	47195	46410	46410.000
CT	195	46953	46192	46192.000
CT	194	46877	46058	46058.000
CT	193	46853	46076	46076.000
CT	192	46753	45910	45910.000
CT	191	47093	46334	46334.000
CT	190	46582	45742	45742.000
CT	189	46365	45603	45603.000
CT	188	46291	45519	45519.000
CT	187	46271	45530	45530.000
CT	186	46338	45561	45561.000
CT	185	45633	44867	44867.000
CT	184	45793	45019	45019.000
CT	183	45391	44642	44642.000
CT	182	45107	44299	44299.000
CT	181	44855	44061	44061.000
CT	180	44503	43711	43711.000
CT	179	44019	43167	43166.999
CT	178	44186	43299	43298.999
CT	177	43206	42392	42391.999
CT	176	42408	41647	41647.000
CT	175	41793	41007	41006.999
CT	174	41741	40913	40912.999
CT	173	40855	40119	40119.000
CT	172	40385	39652	39652.000
CT	171	39370	38603	38602.999
CT	170	39434	38662	38661.999
CT	169	39135	38330	38329.999
CT	168	38672	37882	37881.999
CT	167	38387	37572	37571.999
CT	166	38346	37570	37569.999
CT	165	37759	36921	36920.999
CT	164	37139	36360	36359.999
CT	163	36458	35710	35709.999
CT	162	35776	35012	35011.999
CT	161	35195	34452	34451.999
CT	160	34173	33437	33436.999
CT	159	33732	33018	33017.999
CT	158	33116	32427	32426.999
CT	157	32993	32306	32305.999
CT	156	31986	31322	31321.999
CT	155	31333	30686	30685.999
CT	154	30482	29838	29837.999
CT	153	30058	29439	29438.999
CT	152	29134	28533	28532.999
CT	151	28518	27883	27882.999
CT	150	27481	26842	26841.999
CT	149	26884	26264	26263.999
CT	148	26198	25586	25585.999
CT	147	25832	25248	25247.999
CT	146	24914	24413	24412.999
CT	145	24355	23755	23754.999
CT	144	23647	23026	23025.999
CT	143	22794	22145	22144.998
CT	142	22193	21599	21598.999
CT	141	21667	21122	21121.999
CT	140	20680	20209	20208.999
CT	139	20095	19596	19595.999
CT	138	19204	18694	18693.999
CT	137	18929	18441	18440.999
CT	136	18501	18006	18005.999
CT	135	17601	17097	17096.999
CT	134	16956	16481	16480.999
CT	133	16382	15918	15917.999
CT	132	15741	15252	15251.999
CT	131	15285	14790	14789.999
CT	130	14437	13964	13963.999
CT	129	14135	13701	13700.999
CT	128	13599	13082	13081.998
CT	127	13063	12567	12566.998
CT	126	12662	12202	12201.999
CT	125	11820	11357	11356.998
CT	124	11467	10998	10997.998
CT	123	11197	10744	10743.998
CT	122	10568	10145	10144.999
CT	121	10065	9633	9632.998
CT	120	9708	9294	9293.999
CT	119	9233	8913	8912.999
CT	118	8994	8627	8626.999
CT	117	8680	8295	8294.999
CT	116	8533	8203	8202.999
CT	115	8065	7734	7733.999
CT	114	7757	7449	7448.999
CT	113	7205	6915	6914.999
CT	112	7081	6757	6756.999
CT	111	6665	6368	6367.999
CT	110	6477	6172	6171.999
CT	109	6123	5784	5783.999
CT	108	5943	5658	5657.999
CT	107	5640	5354	5353.999
CT	106	5330	5045	5044.999
CT	105	4987	4721	4720.999
CT	104	4996	4712	4711.999
CT	103	4854	4565	4564.999
CT	102	4521	4269	4268.999
CT	101	4239	3990	3989.999
CT	100	4041	3808	3807.999
CT	99	3880	3635	3634.999
CT	98	3679	3424	3423.999
CT	97	3605	3352	3351.999
CT	96	3454	3198	3197.999
CT	95	3057	2817	2816.999
CT	94	2904	2682	2681.999
CT	93	2765	2554	2553.999
CT	92	2601	2414	2413.999
CT	91	2360	2182	2181.999
CT	90	2240	2063	2062.999
CT	89	2238	2062	2061.999
CT	88	2164	1990	1989.999
CT	87	2102	1919	1918.999
CT	86	1926	1799	1798.999
CT	85	1865	1752	1752.000
CT	84	1707	1582	1581.999
CT	83	1509	1411	1411.000
CT	82	1443	1374	1374.000
CT	81	1352	1281	1281.000
CT	80	1255	1163	1163.000
CT	79	1144	1061	1061.000
CT	78	1141	1050	1050.000
CT	77	1096	1026	1026.000
CT	76	935	871	871.000
CT	75	948	872	872.000
CT	74	888	839	839.000
CT	73	887	852	852.000
CT	72	769	715	715.000
CT	71	792	745	745.000
CT	70	758	728	728.000
CT	69	702	681	681.000
CT	68	666	636	636.000
CT	67	665	650	650.000
CT	66	729	664	664.000
CT	65	652	585	585.000
CT	64	554	500	500.000
CT	63	586	526	526.000
CT	62	592	538	538.000
CT	61	549	480	480.000
CT	60	499	391	390.999
CT	59	459	368	368.000
CT	58	470	370	369.999
CT	57	406	307	306.999
CT	56	379	272	271.999
CT	55	414	294	293.999
CT	54	360	275	275.000
CT	53	333	251	251.000
CT	52	295	215	215.000
CT	51	278	187	186.999
CT	50	275	177	176.999
CT	49	277	174	173.999
CT	48	329	161	160.999
CT	47	329	152	151.999
CT	46	359	156	155.999
CT	45	354	154	153.999
CT	44	347	146	145.999
CT	43	329	110	109.999
CT	42	368	97	96.998
CT	41	378	89	88.998
CT	40	406	99	98.998
CT	39	477	111	110.998
CT	38	512	95	94.998
CT	37	533	99	98.997
CT	36	624	98	97.997
CT	35	837	131	130.996
CT	34	827	76	75.996
CT	33	912	82	81.995
CT	32	998	130	129.995
CT	31	1167	91	90.994
CT	30	1202	69	68.993
CT	29	1452	59	58.992
CT	28	1711	41	40.990
CT	27	2010	37	36.989
CT	26	2600	65	64.985
CT	25	3089	54	53.982
CT	24	3617	79	78.979
CT	23	4457	99	98.975
CT	22	5188	98	97.970
CT	21	5908	93	92.966
CT	20	6988	77	76.960
CT	19	8773	103	102.950
CT	18	10325	83	82.941
CT	17	12978	71	70.925
CT	16	16345	67	66.906
CT	15	19341	56	55.888
CT	14	25104	24	23.854
CT	13	31277	28	27.819
CT	12	40606	55	54.765
CT	11	51828	60	59.700
CT	10	70249	46	45.593
CT	9	100270	61	60.418
CT	8	153750	40	39.108
CT	7	250456	59	57.547
CT	6	442916	59	56.429
CT	5	827192	11	6.199
CT	4	1618934	3	0.000
CT	3	3676253	4	-nan
CT	2	12127840	64	-nan
CT	1	0	0	-nan
CT	0	0	1068	-nan
FR	5.9e-06	1.11e-06
ER	5568431	0.000
CV	0.983
QV	52.085	52.085
