HS	1023	0	9161	9161
HS	1022	0	2	9163
HS	1021	0	3	9166
HS	1020	0	7	9173
HS	1019	0	5	9178
HS	1018	0	7	9185
HS	1017	0	2	9187
HS	1016	0	2	9189
HS	1015	0	6	9195
HS	1014	0	5	9200
HS	1013	0	4	9204
HS	1012	0	4	9208
HS	1011	0	5	9213
HS	1010	0	5	9218
HS	1009	0	2	9220
HS	1008	0	7	9227
HS	1007	0	3	9230
HS	1006	0	3	9233
HS	1005	0	2	9235
HS	1004	0	6	9241
HS	1003	0	2	9243
HS	1002	0	4	9247
HS	1001	0	6	9253
HS	1000	0	1	9254
HS	999	0	8	9262
HS	998	0	2	9264
HS	997	0	3	9267
HS	996	0	5	9272
HS	995	0	5	9277
HS	994	0	2	9279
HS	993	0	5	9284
HS	992	0	4	9288
HS	991	0	2	9290
HS	990	0	4	9294
HS	989	0	7	9301
HS	988	0	5	9306
HS	987	0	3	9309
HS	986	0	3	9312
HS	985	0	2	9314
HS	984	0	5	9319
HS	983	0	0	9319
HS	982	0	4	9323
HS	981	0	2	9325
HS	980	0	4	9329
HS	979	0	4	9333
HS	978	0	2	9335
HS	977	0	4	9339
HS	976	0	3	9342
HS	975	0	6	9348
HS	974	0	3	9351
HS	973	0	4	9355
HS	972	0	3	9358
HS	971	0	2	9360
HS	970	0	3	9363
HS	969	0	3	9366
HS	968	0	3	9369
HS	967	0	1	9370
HS	966	0	5	9375
HS	965	0	1	9376
HS	964	0	5	9381
HS	963	0	3	9384
HS	962	0	3	9387
HS	961	0	3	9390
HS	960	0	3	9393
HS	959	0	2	9395
HS	958	0	1	9396
HS	957	0	2	9398
HS	956	0	5	9403
HS	955	0	0	9403
HS	954	0	1	9404
HS	953	0	5	9409
HS	952	0	4	9413
HS	951	0	3	9416
HS	950	0	5	9421
HS	949	0	4	9425
HS	948	0	2	9427
HS	947	0	5	9432
HS	946	0	2	9434
HS	945	0	3	9437
HS	944	0	6	9443
HS	943	0	2	9445
HS	942	0	5	9450
HS	941	0	5	9455
HS	940	0	2	9457
HS	939	0	4	9461
HS	938	0	4	9465
HS	937	0	3	9468
HS	936	0	4	9472
HS	935	0	2	9474
HS	934	0	2	9476
HS	933	0	5	9481
HS	932	0	6	9487
HS	931	0	1	9488
HS	930	0	3	9491
HS	929	0	2	9493
HS	928	0	3	9496
HS	927	0	2	9498
HS	926	0	3	9501
HS	925	0	3	9504
HS	924	0	1	9505
HS	923	0	3	9508
HS	922	0	4	9512
HS	921	0	1	9513
HS	920	0	5	9518
HS	919	0	2	9520
HS	918	0	3	9523
HS	917	0	0	9523
HS	916	0	6	9529
HS	915	0	3	9532
HS	914	0	2	9534
HS	913	0	2	9536
HS	912	0	0	9536
HS	911	0	2	9538
HS	910	0	2	9540
HS	909	0	3	9543
HS	908	0	3	9546
HS	907	0	2	9548
HS	906	0	3	9551
HS	905	0	5	9556
HS	904	0	0	9556
HS	903	0	3	9559
HS	902	0	4	9563
HS	901	0	2	9565
HS	900	0	11	9576
HS	899	0	4	9580
HS	898	0	5	9585
HS	897	0	1	9586
HS	896	0	8	9594
HS	895	0	8	9602
HS	894	0	7	9609
HS	893	0	10	9619
HS	892	0	8	9627
HS	891	0	5	9632
HS	890	0	1	9633
HS	889	0	3	9636
HS	888	0	3	9639
HS	887	0	5	9644
HS	886	0	3	9647
HS	885	0	4	9651
HS	884	0	3	9654
HS	883	0	1	9655
HS	882	0	3	9658
HS	881	0	4	9662
HS	880	0	5	9667
HS	879	0	1	9668
HS	878	0	4	9672
HS	877	0	3	9675
HS	876	0	0	9675
HS	875	0	3	9678
HS	874	0	4	9682
HS	873	0	5	9687
HS	872	0	5	9692
HS	871	0	7	9699
HS	870	0	8	9707
HS	869	0	7	9714
HS	868	0	5	9719
HS	867	0	7	9726
HS	866	0	7	9733
HS	865	0	3	9736
HS	864	0	6	9742
HS	863	0	8	9750
HS	862	0	3	9753
HS	861	0	2	9755
HS	860	0	10	9765
HS	859	0	8	9773
HS	858	0	8	9781
HS	857	0	7	9788
HS	856	0	7	9795
HS	855	0	6	9801
HS	854	0	3	9804
HS	853	0	3	9807
HS	852	0	6	9813
HS	851	0	7	9820
HS	850	0	13	9833
HS	849	0	8	9841
HS	848	0	7	9848
HS	847	0	5	9853
HS	846	0	5	9858
HS	845	0	7	9865
HS	844	0	7	9872
HS	843	0	7	9879
HS	842	0	3	9882
HS	841	0	5	9887
HS	840	0	8	9895
HS	839	0	4	9899
HS	838	0	7	9906
HS	837	0	5	9911
HS	836	0	10	9921
HS	835	0	6	9927
HS	834	0	6	9933
HS	833	0	3	9936
HS	832	0	7	9943
HS	831	0	8	9951
HS	830	0	4	9955
HS	829	0	10	9965
HS	828	0	3	9968
HS	827	0	8	9976
HS	826	0	1	9977
HS	825	0	6	9983
HS	824	0	3	9986
HS	823	0	7	9993
HS	822	0	3	9996
HS	821	0	3	9999
HS	820	0	6	10005
HS	819	0	8	10013
HS	818	0	8	10021
HS	817	0	5	10026
HS	816	0	7	10033
HS	815	0	5	10038
HS	814	0	3	10041
HS	813	0	7	10048
HS	812	0	12	10060
HS	811	0	7	10067
HS	810	0	11	10078
HS	809	0	4	10082
HS	808	0	7	10089
HS	807	0	6	10095
HS	806	0	5	10100
HS	805	0	9	10109
HS	804	0	12	10121
HS	803	0	5	10126
HS	802	0	8	10134
HS	801	0	5	10139
HS	800	0	11	10150
HS	799	0	3	10153
HS	798	0	4	10157
HS	797	0	5	10162
HS	796	0	6	10168
HS	795	0	3	10171
HS	794	0	3	10174
HS	793	0	6	10180
HS	792	0	10	10190
HS	791	0	7	10197
HS	790	0	8	10205
HS	789	0	7	10212
HS	788	0	8	10220
HS	787	0	8	10228
HS	786	0	3	10231
HS	785	0	5	10236
HS	784	0	8	10244
HS	783	0	6	10250
HS	782	0	6	10256
HS	781	0	7	10263
HS	780	0	6	10269
HS	779	0	8	10277
HS	778	0	8	10285
HS	777	0	4	10289
HS	776	0	9	10298
HS	775	0	12	10310
HS	774	0	7	10317
HS	773	0	10	10327
HS	772	0	7	10334
HS	771	0	5	10339
HS	770	0	10	10349
HS	769	0	11	10360
HS	768	0	5	10365
HS	767	0	6	10371
HS	766	0	7	10378
HS	765	0	6	10384
HS	764	0	9	10393
HS	763	0	11	10404
HS	762	0	7	10411
HS	761	0	3	10414
HS	760	0	4	10418
HS	759	0	8	10426
HS	758	0	11	10437
HS	757	0	9	10446
HS	756	0	9	10455
HS	755	0	8	10463
HS	754	0	9	10472
HS	753	0	14	10486
HS	752	0	12	10498
HS	751	0	9	10507
HS	750	0	8	10515
HS	749	0	7	10522
HS	748	0	7	10529
HS	747	0	10	10539
HS	746	0	8	10547
HS	745	0	13	10560
HS	744	0	9	10569
HS	743	0	7	10576
HS	742	0	9	10585
HS	741	0	17	10602
HS	740	0	7	10609
HS	739	0	17	10626
HS	738	0	7	10633
HS	737	0	9	10642
HS	736	0	7	10649
HS	735	0	10	10659
HS	734	0	8	10667
HS	733	0	12	10679
HS	732	0	13	10692
HS	731	0	16	10708
HS	730	0	11	10719
HS	729	0	21	10740
HS	728	0	8	10748
HS	727	0	17	10765
HS	726	0	19	10784
HS	725	0	16	10800
HS	724	0	17	10817
HS	723	0	14	10831
HS	722	0	16	10847
HS	721	0	15	10862
HS	720	0	13	10875
HS	719	0	11	10886
HS	718	0	16	10902
HS	717	0	20	10922
HS	716	0	15	10937
HS	715	0	11	10948
HS	714	0	13	10961
HS	713	0	26	10987
HS	712	0	15	11002
HS	711	0	15	11017
HS	710	0	18	11035
HS	709	0	18	11053
HS	708	0	11	11064
HS	707	0	21	11085
HS	706	0	22	11107
HS	705	0	15	11122
HS	704	0	18	11140
HS	703	0	19	11159
HS	702	0	8	11167
HS	701	0	15	11182
HS	700	0	13	11195
HS	699	0	21	11216
HS	698	0	24	11240
HS	697	0	14	11254
HS	696	0	22	11276
HS	695	0	9	11285
HS	694	0	28	11313
HS	693	0	19	11332
HS	692	0	22	11354
HS	691	0	14	11368
HS	690	0	19	11387
HS	689	0	18	11405
HS	688	0	11	11416
HS	687	0	21	11437
HS	686	0	15	11452
HS	685	0	16	11468
HS	684	0	19	11487
HS	683	0	15	11502
HS	682	0	20	11522
HS	681	0	17	11539
HS	680	0	22	11561
HS	679	0	19	11580
HS	678	0	19	11599
HS	677	0	14	11613
HS	676	0	21	11634
HS	675	0	19	11653
HS	674	0	16	11669
HS	673	0	26	11695
HS	672	0	33	11728
HS	671	0	28	11756
HS	670	0	29	11785
HS	669	0	23	11808
HS	668	0	28	11836
HS	667	0	28	11864
HS	666	0	26	11890
HS	665	0	23	11913
HS	664	0	16	11929
HS	663	0	20	11949
HS	662	0	18	11967
HS	661	0	15	11982
HS	660	0	29	12011
HS	659	0	22	12033
HS	658	0	32	12065
HS	657	0	29	12094
HS	656	0	25	12119
HS	655	0	34	12153
HS	654	0	35	12188
HS	653	0	36	12224
HS	652	0	22	12246
HS	651	0	27	12273
HS	650	0	32	12305
HS	649	0	22	12327
HS	648	0	33	12360
HS	647	0	27	12387
HS	646	0	28	12415
HS	645	0	28	12443
HS	644	0	38	12481
HS	643	0	32	12513
HS	642	0	28	12541
HS	641	0	47	12588
HS	640	0	40	12628
HS	639	0	37	12665
HS	638	0	28	12693
HS	637	0	34	12727
HS	636	0	28	12755
HS	635	0	32	12787
HS	634	0	42	12829
HS	633	0	32	12861
HS	632	0	32	12893
HS	631	0	36	12929
HS	630	0	16	12945
HS	629	0	38	12983
HS	628	0	27	13010
HS	627	0	27	13037
HS	626	0	29	13066
HS	625	0	34	13100
HS	624	0	27	13127
HS	623	0	27	13154
HS	622	0	25	13179
HS	621	0	30	13209
HS	620	0	30	13239
HS	619	0	35	13274
HS	618	0	29	13303
HS	617	0	36	13339
HS	616	0	43	13382
HS	615	0	50	13432
HS	614	0	49	13481
HS	613	0	48	13529
HS	612	0	39	13568
HS	611	0	38	13606
HS	610	0	31	13637
HS	609	0	57	13694
HS	608	0	40	13734
HS	607	0	53	13787
HS	606	0	51	13838
HS	605	0	52	13890
HS	604	0	48	13938
HS	603	0	48	13986
HS	602	0	62	14048
HS	601	0	53	14101
HS	600	0	55	14156
HS	599	0	47	14203
HS	598	0	57	14260
HS	597	0	53	14313
HS	596	0	70	14383
HS	595	0	61	14444
HS	594	0	65	14509
HS	593	0	79	14588
HS	592	0	68	14656
HS	591	0	61	14717
HS	590	0	68	14785
HS	589	0	76	14861
HS	588	0	51	14912
HS	587	0	61	14973
HS	586	0	66	15039
HS	585	0	66	15105
HS	584	0	75	15180
HS	583	0	67	15247
HS	582	0	69	15316
HS	581	0	67	15383
HS	580	0	68	15451
HS	579	0	83	15534
HS	578	0	61	15595
HS	577	0	78	15673
HS	576	0	65	15738
HS	575	0	103	15841
HS	574	0	72	15913
HS	573	0	79	15992
HS	572	0	74	16066
HS	571	0	64	16130
HS	570	0	86	16216
HS	569	0	94	16310
HS	568	0	113	16423
HS	567	0	94	16517
HS	566	0	96	16613
HS	565	0	119	16732
HS	564	0	120	16852
HS	563	0	97	16949
HS	562	0	117	17066
HS	561	0	104	17170
HS	560	0	97	17267
HS	559	0	115	17382
HS	558	0	132	17514
HS	557	0	117	17631
HS	556	0	135	17766
HS	555	0	114	17880
HS	554	0	123	18003
HS	553	0	151	18154
HS	552	0	169	18323
HS	551	0	161	18484
HS	550	0	138	18622
HS	549	0	147	18769
HS	548	0	158	18927
HS	547	0	175	19102
HS	546	0	161	19263
HS	545	0	140	19403
HS	544	0	177	19580
HS	543	0	152	19732
HS	542	0	170	19902
HS	541	0	146	20048
HS	540	0	184	20232
HS	539	0	182	20414
HS	538	0	169	20583
HS	537	0	201	20784
HS	536	0	167	20951
HS	535	0	177	21128
HS	534	0	181	21309
HS	533	0	172	21481
HS	532	0	199	21680
HS	531	0	189	21869
HS	530	0	189	22058
HS	529	0	197	22255
HS	528	0	189	22444
HS	527	0	184	22628
HS	526	0	192	22820
HS	525	0	197	23017
HS	524	0	222	23239
HS	523	0	199	23438
HS	522	0	212	23650
HS	521	0	191	23841
HS	520	0	196	24037
HS	519	0	228	24265
HS	518	0	188	24453
HS	517	0	231	24684
HS	516	0	249	24933
HS	515	0	228	25161
HS	514	0	230	25391
HS	513	0	217	25608
HS	512	0	246	25854
HS	511	0	237	26091
HS	510	0	247	26338
HS	509	0	236	26574
HS	508	0	241	26815
HS	507	0	250	27065
HS	506	0	260	27325
HS	505	0	254	27579
HS	504	0	253	27832
HS	503	0	241	28073
HS	502	0	269	28342
HS	501	0	276	28618
HS	500	0	289	28907
HS	499	0	286	29193
HS	498	0	290	29483
HS	497	0	291	29774
HS	496	0	313	30087
HS	495	0	318	30405
HS	494	0	334	30739
HS	493	0	319	31058
HS	492	0	366	31424
HS	491	0	372	31796
HS	490	0	341	32137
HS	489	0	363	32500
HS	488	0	366	32866
HS	487	0	382	33248
HS	486	0	368	33616
HS	485	0	375	33991
HS	484	0	373	34364
HS	483	0	400	34764
HS	482	0	415	35179
HS	481	0	426	35605
HS	480	0	423	36028
HS	479	0	422	36450
HS	478	0	430	36880
HS	477	0	395	37275
HS	476	0	422	37697
HS	475	0	425	38122
HS	474	0	477	38599
HS	473	0	457	39056
HS	472	0	465	39521
HS	471	0	451	39972
HS	470	0	497	40469
HS	469	0	523	40992
HS	468	0	495	41487
HS	467	0	500	41987
HS	466	0	473	42460
HS	465	0	490	42950
HS	464	0	467	43417
HS	463	0	478	43895
HS	462	0	523	44418
HS	461	0	510	44928
HS	460	0	543	45471
HS	459	0	529	46000
HS	458	0	539	46539
HS	457	0	552	47091
HS	456	0	512	47603
HS	455	0	626	48229
HS	454	0	552	48781
HS	453	0	653	49434
HS	452	0	632	50066
HS	451	0	644	50710
HS	450	0	633	51343
HS	449	0	588	51931
HS	448	0	613	52544
HS	447	0	714	53258
HS	446	0	670	53928
HS	445	0	668	54596
HS	444	0	610	55206
HS	443	0	672	55878
HS	442	0	635	56513
HS	441	0	661	57174
HS	440	0	709	57883
HS	439	0	620	58503
HS	438	0	663	59166
HS	437	0	715	59881
HS	436	0	675	60556
HS	435	0	681	61237
HS	434	0	725	61962
HS	433	0	733	62695
HS	432	0	738	63433
HS	431	0	764	64197
HS	430	0	772	64969
HS	429	0	840	65809
HS	428	0	814	66623
HS	427	0	816	67439
HS	426	0	828	68267
HS	425	0	857	69124
HS	424	0	872	69996
HS	423	0	917	70913
HS	422	0	933	71846
HS	421	0	875	72721
HS	420	0	923	73644
HS	419	0	927	74571
HS	418	0	866	75437
HS	417	0	944	76381
HS	416	0	871	77252
HS	415	0	961	78213
HS	414	0	935	79148
HS	413	0	1018	80166
HS	412	0	1000	81166
HS	411	0	884	82050
HS	410	0	934	82984
HS	409	0	911	83895
HS	408	0	973	84868
HS	407	0	994	85862
HS	406	0	999	86861
HS	405	0	1025	87886
HS	404	0	1030	88916
HS	403	0	1135	90051
HS	402	0	1057	91108
HS	401	0	1071	92179
HS	400	0	1074	93253
HS	399	0	1158	94411
HS	398	0	1094	95505
HS	397	0	1158	96663
HS	396	0	1194	97857
HS	395	0	1160	99017
HS	394	0	1254	100271
HS	393	0	1246	101517
HS	392	0	1343	102860
HS	391	0	1305	104165
HS	390	0	1261	105426
HS	389	0	1353	106779
HS	388	0	1312	108091
HS	387	0	1384	109475
HS	386	0	1344	110819
HS	385	0	1371	112190
HS	384	0	1359	113549
HS	383	0	1362	114911
HS	382	0	1381	116292
HS	381	0	1419	117711
HS	380	0	1477	119188
HS	379	0	1529	120717
HS	378	0	1421	122138
HS	377	0	1452	123590
HS	376	0	1510	125100
HS	375	0	1498	126598
HS	374	0	1579	128177
HS	373	0	1659	129836
HS	372	0	1626	131462
HS	371	0	1608	133070
HS	370	0	1663	134733
HS	369	0	1688	136421
HS	368	0	1701	138122
HS	367	0	1723	139845
HS	366	0	1637	141482
HS	365	0	1723	143205
HS	364	0	1721	144926
HS	363	0	1746	146672
HS	362	0	1847	148519
HS	361	0	1774	150293
HS	360	0	1808	152101
HS	359	0	1873	153974
HS	358	0	1910	155884
HS	357	0	1838	157722
HS	356	0	1953	159675
HS	355	0	1927	161602
HS	354	0	1927	163529
HS	353	0	2021	165550
HS	352	0	2085	167635
HS	351	0	2080	169715
HS	350	0	2107	171822
HS	349	0	2139	173961
HS	348	0	2107	176068
HS	347	0	2358	178426
HS	346	0	2343	180769
HS	345	0	2302	183071
HS	344	0	2400	185471
HS	343	0	2369	187840
HS	342	0	2430	190270
HS	341	0	2421	192691
HS	340	0	2521	195212
HS	339	0	2636	197848
HS	338	0	2648	200496
HS	337	0	2611	203107
HS	336	0	2670	205777
HS	335	0	2694	208471
HS	334	0	2809	211280
HS	333	0	2905	214185
HS	332	0	3065	217250
HS	331	0	3101	220351
HS	330	0	3234	223585
HS	329	0	3264	226849
HS	328	0	3345	230194
HS	327	0	3362	233556
HS	326	0	3469	237025
HS	325	0	3453	240478
HS	324	0	3497	243975
HS	323	0	3633	247608
HS	322	0	3687	251295
HS	321	0	3751	255046
HS	320	0	3783	258829
HS	319	0	3758	262587
HS	318	0	4002	266589
HS	317	0	4164	270753
HS	316	0	4217	274970
HS	315	0	4175	279145
HS	314	0	4373	283518
HS	313	0	4424	287942
HS	312	0	4466	292408
HS	311	0	4540	296948
HS	310	0	4619	301567
HS	309	0	4724	306291
HS	308	0	4835	311126
HS	307	0	5145	316271
HS	306	0	5275	321546
HS	305	0	5305	326851
HS	304	0	5501	332352
HS	303	0	5738	338090
HS	302	0	5826	343916
HS	301	0	6180	350096
HS	300	0	6169	356265
HS	299	0	6178	362443
HS	298	0	6534	368977
HS	297	0	6776	375753
HS	296	0	6806	382559
HS	295	0	7082	389641
HS	294	0	7181	396822
HS	293	0	7493	404315
HS	292	0	7651	411966
HS	291	0	7912	419878
HS	290	0	8054	427932
HS	289	0	8363	436295
HS	288	0	8690	444985
HS	287	0	8910	453895
HS	286	0	9082	462977
HS	285	0	9200	472177
HS	284	0	9761	481938
HS	283	0	9958	491896
HS	282	0	10087	501983
HS	281	0	10194	512177
HS	280	0	10891	523068
HS	279	0	11068	534136
HS	278	0	11267	545403
HS	277	0	11779	557182
HS	276	0	12008	569190
HS	275	0	12475	581665
HS	274	0	12604	594269
HS	273	0	13183	607452
HS	272	0	13548	621000
HS	271	0	13836	634836
HS	270	0	14073	648909
HS	269	0	14596	663505
HS	268	0	15157	678662
HS	267	0	15487	694149
HS	266	0	15869	710018
HS	265	0	16042	726060
HS	264	0	16489	742549
HS	263	0	16930	759479
HS	262	0	17474	776953
HS	261	0	18085	795038
HS	260	0	18716	813754
HS	259	0	18934	832688
HS	258	0	19382	852070
HS	257	0	19774	871844
HS	256	0	20216	892060
HS	255	0	20786	912846
HS	254	0	21520	934366
HS	253	0	21736	956102
HS	252	0	22281	978383
HS	251	0	22929	1001312
HS	250	0	23527	1024839
HS	249	0	23895	1048734
HS	248	0	24885	1073619
HS	247	0	25526	1099145
HS	246	0	25734	1124879
HS	245	0	26709	1151588
HS	244	0	27250	1178838
HS	243	0	27396	1206234
HS	242	0	28434	1234668
HS	241	0	28743	1263411
HS	240	0	29803	1293214
HS	239	0	30143	1323357
HS	238	0	30694	1354051
HS	237	0	31115	1385166
HS	236	0	31981	1417147
HS	235	0	32555	1449702
HS	234	0	32935	1482637
HS	233	0	33615	1516252
HS	232	0	34108	1550360
HS	231	0	34866	1585226
HS	230	0	35132	1620358
HS	229	0	36132	1656490
HS	228	0	36611	1693101
HS	227	0	36971	1730072
HS	226	0	37615	1767687
HS	225	0	37739	1805426
HS	224	0	38332	1843758
HS	223	0	38836	1882594
HS	222	0	38966	1921560
HS	221	0	39342	1960902
HS	220	0	39722	2000624
HS	219	0	40069	2040693
HS	218	0	40657	2081350
HS	217	0	41545	2122895
HS	216	0	41516	2164411
HS	215	0	42682	2207093
HS	214	0	42693	2249786
HS	213	0	42861	2292647
HS	212	0	43659	2336306
HS	211	0	43456	2379762
HS	210	0	43867	2423629
HS	209	0	44145	2467774
HS	208	0	44613	2512387
HS	207	0	45210	2557597
HS	206	0	45054	2602651
HS	205	0	45304	2647955
HS	204	0	46396	2694351
HS	203	0	45766	2740117
HS	202	0	46293	2786410
HS	201	0	46517	2832927
HS	200	0	46466	2879393
HS	199	0	46648	2926041
HS	198	0	46610	2972651
HS	197	0	47173	3019824
HS	196	0	47195	3067019
HS	195	0	46953	3113972
HS	194	0	46877	3160849
HS	193	0	46853	3207702
HS	192	0	46753	3254455
HS	191	0	47093	3301548
HS	190	0	46582	3348130
HS	189	0	46365	3394495
HS	188	0	46291	3440786
HS	187	0	46271	3487057
HS	186	0	46338	3533395
HS	185	0	45633	3579028
HS	184	0	45793	3624821
HS	183	0	45391	3670212
HS	182	0	45107	3715319
HS	181	0	44855	3760174
HS	180	0	44503	3804677
HS	179	0	44019	3848696
HS	178	0	44186	3892882
HS	177	0	43206	3936088
HS	176	0	42408	3978496
HS	175	0	41793	4020289
HS	174	0	41741	4062030
HS	173	0	40855	4102885
HS	172	0	40385	4143270
HS	171	0	39370	4182640
HS	170	0	39434	4222074
HS	169	0	39135	4261209
HS	168	0	38672	4299881
HS	167	0	38387	4338268
HS	166	0	38346	4376614
HS	165	0	37759	4414373
HS	164	0	37139	4451512
HS	163	0	36458	4487970
HS	162	0	35776	4523746
HS	161	0	35195	4558941
HS	160	0	34173	4593114
HS	159	0	33732	4626846
HS	158	0	33116	4659962
HS	157	0	32993	4692955
HS	156	0	31986	4724941
HS	155	0	31333	4756274
HS	154	0	30482	4786756
HS	153	0	30058	4816814
HS	152	0	29134	4845948
HS	151	0	28518	4874466
HS	150	0	27481	4901947
HS	149	0	26884	4928831
HS	148	0	26198	4955029
HS	147	0	25832	4980861
HS	146	0	24914	5005775
HS	145	0	24355	5030130
HS	144	0	23647	5053777
HS	143	0	22794	5076571
HS	142	0	22193	5098764
HS	141	0	21667	5120431
HS	140	0	20680	5141111
HS	139	0	20095	5161206
HS	138	0	19204	5180410
HS	137	0	18929	5199339
HS	136	0	18501	5217840
HS	135	0	17601	5235441
HS	134	0	16956	5252397
HS	133	0	16382	5268779
HS	132	0	15741	5284520
HS	131	0	15285	5299805
HS	130	0	14437	5314242
HS	129	0	14135	5328377
HS	128	0	13599	5341976
HS	127	0	13063	5355039
HS	126	0	12662	5367701
HS	125	0	11820	5379521
HS	124	0	11467	5390988
HS	123	0	11197	5402185
HS	122	0	10568	5412753
HS	121	0	10065	5422818
HS	120	0	9708	5432526
HS	119	0	9233	5441759
HS	118	0	8994	5450753
HS	117	0	8680	5459433
HS	116	0	8533	5467966
HS	115	0	8065	5476031
HS	114	0	7757	5483788
HS	113	0	7205	5490993
HS	112	0	7081	5498074
HS	111	0	6665	5504739
HS	110	0	6477	5511216
HS	109	0	6123	5517339
HS	108	0	5943	5523282
HS	107	0	5640	5528922
HS	106	0	5330	5534252
HS	105	0	4987	5539239
HS	104	0	4996	5544235
HS	103	0	4854	5549089
HS	102	0	4521	5553610
HS	101	0	4239	5557849
HS	100	0	4041	5561890
HS	99	0	3880	5565770
HS	98	0	3679	5569449
HS	97	0	3605	5573054
HS	96	0	3454	5576508
HS	95	0	3057	5579565
HS	94	0	2904	5582469
HS	93	0	2765	5585234
HS	92	0	2601	5587835
HS	91	0	2360	5590195
HS	90	0	2240	5592435
HS	89	0	2238	5594673
HS	88	0	2164	5596837
HS	87	0	2102	5598939
HS	86	0	1926	5600865
HS	85	0	1865	5602730
HS	84	0	1707	5604437
HS	83	0	1509	5605946
HS	82	0	1443	5607389
HS	81	0	1352	5608741
HS	80	0	1255	5609996
HS	79	0	1144	5611140
HS	78	0	1141	5612281
HS	77	0	1096	5613377
HS	76	0	935	5614312
HS	75	0	948	5615260
HS	74	0	888	5616148
HS	73	0	887	5617035
HS	72	0	769	5617804
HS	71	0	792	5618596
HS	70	0	758	5619354
HS	69	0	702	5620056
HS	68	0	666	5620722
HS	67	0	665	5621387
HS	66	0	729	5622116
HS	65	0	652	5622768
HS	64	0	554	5623322
HS	63	0	586	5623908
HS	62	0	592	5624500
HS	61	0	549	5625049
HS	60	0	499	5625548
HS	59	0	459	5626007
HS	58	0	470	5626477
HS	57	0	406	5626883
HS	56	0	379	5627262
HS	55	0	414	5627676
HS	54	0	360	5628036
HS	53	0	333	5628369
HS	52	0	295	5628664
HS	51	0	278	5628942
HS	50	0	275	5629217
HS	49	0	277	5629494
HS	48	0	329	5629823
HS	47	0	329	5630152
HS	46	0	359	5630511
HS	45	0	354	5630865
HS	44	0	347	5631212
HS	43	0	329	5631541
HS	42	0	368	5631909
HS	41	0	378	5632287
HS	40	0	406	5632693
HS	39	0	477	5633170
HS	38	0	512	5633682
HS	37	0	533	5634215
HS	36	0	624	5634839
HS	35	0	837	5635676
HS	34	0	827	5636503
HS	33	0	912	5637415
HS	32	0	998	5638413
HS	31	0	1167	5639580
HS	30	0	1202	5640782
HS	29	0	1452	5642234
HS	28	0	1711	5643945
HS	27	0	2010	5645955
HS	26	0	2600	5648555
HS	25	0	3089	5651644
HS	24	0	3617	5655261
HS	23	0	4457	5659718
HS	22	0	5188	5664906
HS	21	0	5908	5670814
HS	20	0	6988	5677802
HS	19	0	8773	5686575
HS	18	0	10325	5696900
HS	17	0	12978	5709878
HS	16	0	16345	5726223
HS	15	0	19341	5745564
HS	14	0	25104	5770668
HS	13	0	31277	5801945
HS	12	0	40606	5842551
HS	11	0	51828	5894379
HS	10	0	70249	5964628
HS	9	0	100270	6064898
HS	8	0	153750	6218648
HS	7	0	250456	6469104
HS	6	0	442916	6912020
HS	5	0	827192	7739212
HS	4	0	1618934	9358146
HS	3	0	3676253	13034399
HS	2	0	12127840	25162239
HS	1	0	0	25162239
HS	0	0	0	25162239
