CC	CT  kmer_occurrence    short_read_kmer_count  raw_input_kmer_count  adjusted_input_kmer_count
CC	FR  fpr_lower_bound    fpr_upper_bound
CC	ER  total_input_kmers  adjusted_error_kmers
CC	CV  coverage
CC	QV  raw_quality_value  adjusted_quality_value
CC
SQ	JAUCEU010000007.1	6160691	6160661	6160362	58.05
CT	1023	6008	76672	76672.000
CT	1022	9	36	36.000
CT	1021	6	32	32.000
CT	1020	5	26	26.000
CT	1019	4	17	17.000
CT	1018	2	14	14.000
CT	1017	6	14	14.000
CT	1016	5	29	29.000
CT	1015	5	22	22.000
CT	1014	6	26	26.000
CT	1013	4	12	12.000
CT	1012	4	15	15.000
CT	1011	1	5	5.000
CT	1010	4	16	16.000
CT	1009	5	25	25.000
CT	1008	1	0	0.000
CT	1007	4	8	8.000
CT	1006	7	28	28.000
CT	1005	2	13	13.000
CT	1004	3	9	9.000
CT	1003	6	21	21.000
CT	1002	5	18	18.000
CT	1001	4	7	7.000
CT	1000	6	28	28.000
CT	999	4	9	9.000
CT	998	2	11	11.000
CT	997	6	25	25.000
CT	996	10	29	29.000
CT	995	2	11	11.000
CT	994	0	0	0.000
CT	993	6	23	23.000
CT	992	6	26	26.000
CT	991	2	10	10.000
CT	990	3	17	17.000
CT	989	3	16	16.000
CT	988	3	4	4.000
CT	987	5	26	26.000
CT	986	3	8	8.000
CT	985	3	12	12.000
CT	984	7	30	30.000
CT	983	3	7	7.000
CT	982	8	38	38.000
CT	981	4	13	13.000
CT	980	4	17	17.000
CT	979	12	49	49.000
CT	978	4	11	11.000
CT	977	4	19	19.000
CT	976	5	23	23.000
CT	975	4	17	17.000
CT	974	5	20	20.000
CT	973	1	4	4.000
CT	972	3	8	8.000
CT	971	3	15	15.000
CT	970	1	4	4.000
CT	969	7	31	31.000
CT	968	2	9	9.000
CT	967	8	41	41.000
CT	966	6	31	31.000
CT	965	2	9	9.000
CT	964	5	23	23.000
CT	963	4	17	17.000
CT	962	2	10	10.000
CT	961	4	22	22.000
CT	960	1	3	3.000
CT	959	3	10	10.000
CT	958	2	9	9.000
CT	957	1	0	0.000
CT	956	7	21	21.000
CT	955	1	3	3.000
CT	954	6	26	26.000
CT	953	4	16	16.000
CT	952	6	32	32.000
CT	951	3	17	17.000
CT	950	4	12	12.000
CT	949	5	24	24.000
CT	948	5	14	14.000
CT	947	2	4	4.000
CT	946	4	20	20.000
CT	945	3	13	13.000
CT	944	2	0	0.000
CT	943	4	21	21.000
CT	942	4	13	13.000
CT	941	3	15	15.000
CT	940	1	0	0.000
CT	939	2	7	7.000
CT	938	2	12	12.000
CT	937	1	3	3.000
CT	936	3	18	18.000
CT	935	4	16	16.000
CT	934	4	25	25.000
CT	933	3	18	18.000
CT	932	2	12	12.000
CT	931	2	13	13.000
CT	930	1	7	7.000
CT	929	3	22	22.000
CT	928	4	20	20.000
CT	927	3	15	15.000
CT	926	2	12	12.000
CT	925	2	11	11.000
CT	924	1	5	5.000
CT	923	4	22	22.000
CT	922	4	21	21.000
CT	921	3	13	13.000
CT	920	5	22	22.000
CT	919	1	5	5.000
CT	918	2	8	8.000
CT	917	1	4	4.000
CT	916	1	3	3.000
CT	915	4	16	16.000
CT	914	3	15	15.000
CT	913	5	25	25.000
CT	912	3	12	12.000
CT	911	2	9	9.000
CT	910	9	42	42.000
CT	909	4	18	18.000
CT	908	7	31	31.000
CT	907	7	35	35.000
CT	906	3	15	15.000
CT	905	6	29	29.000
CT	904	5	25	25.000
CT	903	5	23	23.000
CT	902	1	5	5.000
CT	901	3	12	12.000
CT	900	3	12	12.000
CT	899	1	4	4.000
CT	898	3	14	14.000
CT	897	6	26	26.000
CT	896	8	38	38.000
CT	895	3	11	11.000
CT	894	7	34	34.000
CT	893	4	22	22.000
CT	892	5	24	24.000
CT	891	2	10	10.000
CT	890	3	12	12.000
CT	889	6	29	29.000
CT	888	2	12	12.000
CT	887	4	19	19.000
CT	886	4	20	20.000
CT	885	1	5	5.000
CT	884	1	9	9.000
CT	883	4	18	18.000
CT	882	2	8	8.000
CT	881	2	14	14.000
CT	880	0	0	0.000
CT	879	4	25	25.000
CT	878	7	30	30.000
CT	877	6	33	33.000
CT	876	3	16	16.000
CT	875	2	9	9.000
CT	874	3	15	15.000
CT	873	7	48	48.000
CT	872	6	34	34.000
CT	871	2	6	6.000
CT	870	4	19	19.000
CT	869	1	5	5.000
CT	868	6	27	27.000
CT	867	4	16	16.000
CT	866	9	40	40.000
CT	865	5	22	22.000
CT	864	1	7	7.000
CT	863	7	32	32.000
CT	862	4	19	19.000
CT	861	5	21	21.000
CT	860	4	15	15.000
CT	859	0	0	0.000
CT	858	1	7	7.000
CT	857	5	19	19.000
CT	856	2	9	9.000
CT	855	2	9	9.000
CT	854	2	6	6.000
CT	853	2	14	14.000
CT	852	3	15	15.000
CT	851	3	10	10.000
CT	850	2	6	6.000
CT	849	6	24	24.000
CT	848	2	0	0.000
CT	847	2	3	3.000
CT	846	2	3	3.000
CT	845	2	11	11.000
CT	844	3	9	9.000
CT	843	4	17	17.000
CT	842	6	15	15.000
CT	841	7	37	37.000
CT	840	6	33	33.000
CT	839	7	36	36.000
CT	838	6	31	31.000
CT	837	8	37	37.000
CT	836	3	18	18.000
CT	835	6	28	28.000
CT	834	7	33	33.000
CT	833	7	35	35.000
CT	832	11	47	47.000
CT	831	5	26	26.000
CT	830	6	28	28.000
CT	829	9	37	37.000
CT	828	5	18	18.000
CT	827	10	29	29.000
CT	826	11	46	46.000
CT	825	9	37	37.000
CT	824	9	55	55.000
CT	823	4	21	21.000
CT	822	4	9	9.000
CT	821	8	46	46.000
CT	820	12	54	54.000
CT	819	8	37	37.000
CT	818	4	12	12.000
CT	817	2	7	7.000
CT	816	4	22	22.000
CT	815	7	28	28.000
CT	814	8	28	28.000
CT	813	7	27	27.000
CT	812	5	18	18.000
CT	811	5	30	30.000
CT	810	13	48	48.000
CT	809	6	26	26.000
CT	808	8	36	36.000
CT	807	7	30	30.000
CT	806	6	26	26.000
CT	805	4	20	20.000
CT	804	6	28	28.000
CT	803	3	15	15.000
CT	802	7	29	29.000
CT	801	4	20	20.000
CT	800	7	33	33.000
CT	799	7	33	33.000
CT	798	9	39	39.000
CT	797	6	27	27.000
CT	796	7	32	32.000
CT	795	6	23	23.000
CT	794	8	36	36.000
CT	793	5	21	21.000
CT	792	5	27	27.000
CT	791	7	28	28.000
CT	790	6	33	33.000
CT	789	4	14	14.000
CT	788	5	16	16.000
CT	787	6	22	22.000
CT	786	7	24	24.000
CT	785	7	32	32.000
CT	784	3	16	16.000
CT	783	1	6	6.000
CT	782	6	26	26.000
CT	781	2	9	9.000
CT	780	5	19	19.000
CT	779	4	19	19.000
CT	778	6	26	26.000
CT	777	8	30	30.000
CT	776	6	25	25.000
CT	775	4	15	15.000
CT	774	5	27	27.000
CT	773	3	9	9.000
CT	772	5	22	22.000
CT	771	3	8	8.000
CT	770	5	23	23.000
CT	769	5	16	16.000
CT	768	12	44	44.000
CT	767	5	20	20.000
CT	766	5	17	17.000
CT	765	10	45	45.000
CT	764	9	38	38.000
CT	763	4	13	13.000
CT	762	9	31	31.000
CT	761	8	29	29.000
CT	760	11	32	32.000
CT	759	10	41	41.000
CT	758	6	21	21.000
CT	757	10	37	37.000
CT	756	7	26	26.000
CT	755	14	53	53.000
CT	754	8	28	28.000
CT	753	4	15	15.000
CT	752	7	31	31.000
CT	751	3	12	12.000
CT	750	6	23	23.000
CT	749	9	33	33.000
CT	748	5	21	21.000
CT	747	9	33	33.000
CT	746	7	29	29.000
CT	745	7	27	27.000
CT	744	8	33	33.000
CT	743	8	35	35.000
CT	742	11	43	43.000
CT	741	8	27	27.000
CT	740	9	36	36.000
CT	739	8	22	22.000
CT	738	5	21	21.000
CT	737	8	25	25.000
CT	736	11	29	29.000
CT	735	9	41	41.000
CT	734	7	22	22.000
CT	733	8	32	32.000
CT	732	8	20	20.000
CT	731	8	26	26.000
CT	730	9	25	25.000
CT	729	11	39	39.000
CT	728	8	26	26.000
CT	727	7	25	25.000
CT	726	7	24	24.000
CT	725	10	29	29.000
CT	724	12	43	43.000
CT	723	6	14	14.000
CT	722	5	21	21.000
CT	721	6	19	19.000
CT	720	7	27	27.000
CT	719	9	37	37.000
CT	718	10	37	37.000
CT	717	2	5	5.000
CT	716	4	15	15.000
CT	715	7	20	20.000
CT	714	6	19	19.000
CT	713	7	25	25.000
CT	712	6	17	17.000
CT	711	8	24	24.000
CT	710	13	34	34.000
CT	709	7	22	22.000
CT	708	9	30	30.000
CT	707	8	26	26.000
CT	706	3	10	10.000
CT	705	8	25	25.000
CT	704	7	18	18.000
CT	703	7	23	23.000
CT	702	10	22	22.000
CT	701	13	43	43.000
CT	700	15	48	48.000
CT	699	7	21	21.000
CT	698	8	23	23.000
CT	697	7	19	19.000
CT	696	7	25	25.000
CT	695	8	26	26.000
CT	694	10	27	27.000
CT	693	6	22	22.000
CT	692	7	32	32.000
CT	691	8	22	22.000
CT	690	3	12	12.000
CT	689	6	19	19.000
CT	688	3	7	7.000
CT	687	3	13	13.000
CT	686	7	19	19.000
CT	685	7	25	25.000
CT	684	11	31	31.000
CT	683	9	24	24.000
CT	682	10	29	29.000
CT	681	15	41	41.000
CT	680	12	31	31.000
CT	679	15	45	45.000
CT	678	14	47	47.000
CT	677	16	45	45.000
CT	676	12	30	30.000
CT	675	15	41	41.000
CT	674	8	22	22.000
CT	673	9	28	28.000
CT	672	13	33	33.000
CT	671	10	25	25.000
CT	670	12	38	38.000
CT	669	13	37	37.000
CT	668	16	39	39.000
CT	667	10	23	23.000
CT	666	15	45	45.000
CT	665	13	32	32.000
CT	664	24	64	64.000
CT	663	7	22	22.000
CT	662	11	35	35.000
CT	661	11	37	37.000
CT	660	11	35	35.000
CT	659	9	24	24.000
CT	658	11	31	31.000
CT	657	16	46	46.000
CT	656	12	32	32.000
CT	655	13	37	37.000
CT	654	5	13	13.000
CT	653	8	24	24.000
CT	652	8	16	16.000
CT	651	14	44	44.000
CT	650	5	13	13.000
CT	649	10	39	39.000
CT	648	10	27	27.000
CT	647	10	27	27.000
CT	646	6	11	11.000
CT	645	14	36	36.000
CT	644	19	64	64.000
CT	643	12	31	31.000
CT	642	14	39	39.000
CT	641	9	25	25.000
CT	640	10	32	32.000
CT	639	6	19	19.000
CT	638	12	39	39.000
CT	637	13	36	36.000
CT	636	11	29	29.000
CT	635	20	62	62.000
CT	634	12	33	33.000
CT	633	10	28	28.000
CT	632	19	56	56.000
CT	631	25	78	78.000
CT	630	17	51	51.000
CT	629	12	39	39.000
CT	628	14	46	46.000
CT	627	11	34	34.000
CT	626	18	53	53.000
CT	625	10	29	29.000
CT	624	10	27	27.000
CT	623	10	32	32.000
CT	622	12	33	33.000
CT	621	14	37	37.000
CT	620	13	32	32.000
CT	619	13	36	36.000
CT	618	8	20	20.000
CT	617	9	25	25.000
CT	616	20	59	59.000
CT	615	23	59	59.000
CT	614	16	43	43.000
CT	613	15	36	36.000
CT	612	16	44	44.000
CT	611	10	27	27.000
CT	610	19	51	51.000
CT	609	14	36	36.000
CT	608	13	42	42.000
CT	607	19	43	43.000
CT	606	13	37	37.000
CT	605	13	33	33.000
CT	604	12	34	34.000
CT	603	18	49	49.000
CT	602	21	51	51.000
CT	601	14	34	34.000
CT	600	18	49	49.000
CT	599	27	71	71.000
CT	598	21	56	56.000
CT	597	15	37	37.000
CT	596	18	38	38.000
CT	595	25	61	61.000
CT	594	24	60	60.000
CT	593	25	56	56.000
CT	592	20	49	49.000
CT	591	24	67	67.000
CT	590	19	47	47.000
CT	589	16	41	41.000
CT	588	17	50	50.000
CT	587	15	36	36.000
CT	586	16	43	43.000
CT	585	11	24	24.000
CT	584	18	43	43.000
CT	583	22	56	56.000
CT	582	9	26	26.000
CT	581	9	23	23.000
CT	580	11	34	34.000
CT	579	14	34	34.000
CT	578	18	44	44.000
CT	577	14	35	35.000
CT	576	23	60	60.000
CT	575	17	46	46.000
CT	574	18	49	49.000
CT	573	17	45	45.000
CT	572	16	39	39.000
CT	571	25	62	62.000
CT	570	19	41	41.000
CT	569	23	51	51.000
CT	568	17	41	41.000
CT	567	14	31	31.000
CT	566	25	60	60.000
CT	565	24	59	59.000
CT	564	26	71	71.000
CT	563	14	36	36.000
CT	562	13	31	31.000
CT	561	21	45	45.000
CT	560	21	54	54.000
CT	559	19	48	48.000
CT	558	21	49	49.000
CT	557	10	24	24.000
CT	556	27	65	65.000
CT	555	21	47	47.000
CT	554	25	56	56.000
CT	553	23	53	53.000
CT	552	26	59	59.000
CT	551	22	43	43.000
CT	550	21	51	51.000
CT	549	23	55	55.000
CT	548	32	85	85.000
CT	547	24	60	60.000
CT	546	27	58	58.000
CT	545	29	70	70.000
CT	544	31	65	65.000
CT	543	23	46	46.000
CT	542	28	53	53.000
CT	541	27	51	51.000
CT	540	32	74	74.000
CT	539	22	43	43.000
CT	538	27	56	56.000
CT	537	29	57	57.000
CT	536	39	73	73.000
CT	535	30	66	66.000
CT	534	31	54	54.000
CT	533	37	69	69.000
CT	532	35	73	73.000
CT	531	37	79	79.000
CT	530	40	68	68.000
CT	529	44	94	94.000
CT	528	40	78	78.000
CT	527	45	93	93.000
CT	526	42	75	75.000
CT	525	36	62	62.000
CT	524	30	57	57.000
CT	523	50	91	91.000
CT	522	37	73	73.000
CT	521	39	80	80.000
CT	520	33	64	64.000
CT	519	56	98	98.000
CT	518	38	72	72.000
CT	517	49	80	80.000
CT	516	51	91	91.000
CT	515	57	92	92.000
CT	514	43	71	71.000
CT	513	56	98	98.000
CT	512	52	76	76.000
CT	511	56	93	93.000
CT	510	56	88	88.000
CT	509	46	76	76.000
CT	508	58	97	97.000
CT	507	42	60	60.000
CT	506	57	96	96.000
CT	505	48	66	66.000
CT	504	40	62	62.000
CT	503	40	75	75.000
CT	502	57	100	100.000
CT	501	40	60	60.000
CT	500	49	75	75.000
CT	499	49	68	68.000
CT	498	61	96	96.000
CT	497	45	69	69.000
CT	496	46	72	72.000
CT	495	56	100	100.000
CT	494	53	76	76.000
CT	493	67	108	108.000
CT	492	77	110	110.000
CT	491	66	101	101.000
CT	490	59	84	84.000
CT	489	82	122	122.000
CT	488	74	97	97.000
CT	487	70	96	96.000
CT	486	62	84	84.000
CT	485	90	120	120.000
CT	484	99	132	132.000
CT	483	99	143	143.000
CT	482	104	141	141.000
CT	481	110	135	135.000
CT	480	110	142	142.000
CT	479	118	160	160.000
CT	478	96	137	137.000
CT	477	99	139	139.000
CT	476	93	122	122.000
CT	475	99	120	120.000
CT	474	107	143	143.000
CT	473	111	148	148.000
CT	472	108	137	137.000
CT	471	118	147	147.000
CT	470	117	142	142.000
CT	469	125	164	164.000
CT	468	141	178	178.000
CT	467	136	171	171.000
CT	466	122	155	155.000
CT	465	134	160	160.000
CT	464	125	156	156.000
CT	463	143	182	182.000
CT	462	138	177	177.000
CT	461	171	205	205.000
CT	460	153	183	183.000
CT	459	137	167	167.000
CT	458	154	192	192.000
CT	457	185	229	229.000
CT	456	160	209	209.000
CT	455	205	255	255.000
CT	454	189	233	233.000
CT	453	209	259	259.000
CT	452	218	251	251.000
CT	451	207	242	242.000
CT	450	233	278	278.000
CT	449	268	309	309.000
CT	448	265	295	295.000
CT	447	293	334	334.000
CT	446	265	297	297.000
CT	445	300	345	345.000
CT	444	303	343	343.000
CT	443	358	397	397.000
CT	442	319	376	376.000
CT	441	318	363	363.000
CT	440	345	378	378.000
CT	439	351	401	401.000
CT	438	366	424	424.000
CT	437	332	372	372.000
CT	436	386	443	443.000
CT	435	379	432	432.000
CT	434	370	423	423.000
CT	433	397	450	450.000
CT	432	377	433	433.000
CT	431	454	504	504.000
CT	430	431	478	478.000
CT	429	465	528	528.000
CT	428	495	568	568.000
CT	427	492	546	546.000
CT	426	510	563	563.000
CT	425	569	627	627.000
CT	424	560	625	625.000
CT	423	606	672	672.000
CT	422	546	588	588.000
CT	421	562	611	611.000
CT	420	578	628	628.000
CT	419	605	652	652.000
CT	418	642	700	700.000
CT	417	688	740	740.000
CT	416	682	744	744.000
CT	415	737	794	794.000
CT	414	752	811	811.000
CT	413	772	814	814.000
CT	412	841	903	903.000
CT	411	795	854	854.000
CT	410	810	868	868.000
CT	409	882	929	929.000
CT	408	905	955	955.000
CT	407	955	1012	1012.000
CT	406	969	1017	1017.000
CT	405	965	1000	1000.000
CT	404	1027	1061	1061.000
CT	403	1070	1118	1118.000
CT	402	1070	1122	1122.000
CT	401	1104	1169	1169.000
CT	400	1146	1206	1206.000
CT	399	1156	1210	1210.000
CT	398	1155	1207	1207.000
CT	397	1221	1264	1264.000
CT	396	1256	1295	1295.000
CT	395	1328	1369	1369.000
CT	394	1394	1438	1438.000
CT	393	1428	1482	1482.000
CT	392	1463	1503	1503.000
CT	391	1465	1499	1499.000
CT	390	1513	1556	1556.000
CT	389	1500	1548	1548.000
CT	388	1571	1612	1612.000
CT	387	1594	1627	1627.000
CT	386	1678	1709	1709.000
CT	385	1686	1739	1739.000
CT	384	1817	1867	1867.000
CT	383	1830	1872	1872.000
CT	382	1842	1909	1909.000
CT	381	1891	1947	1947.000
CT	380	1872	1932	1932.000
CT	379	1941	1981	1981.000
CT	378	2024	2076	2076.000
CT	377	2121	2166	2166.000
CT	376	2156	2209	2209.000
CT	375	2155	2204	2204.000
CT	374	2228	2279	2279.000
CT	373	2261	2323	2323.000
CT	372	2358	2396	2396.000
CT	371	2443	2489	2489.000
CT	370	2490	2549	2549.000
CT	369	2494	2545	2545.000
CT	368	2676	2740	2740.000
CT	367	2699	2747	2747.000
CT	366	2754	2800	2800.000
CT	365	2717	2756	2756.000
CT	364	2910	2971	2971.000
CT	363	2933	2979	2979.000
CT	362	3056	3117	3117.000
CT	361	3111	3155	3155.000
CT	360	3157	3220	3220.000
CT	359	3344	3395	3395.000
CT	358	3291	3345	3345.000
CT	357	3466	3507	3507.000
CT	356	3572	3630	3630.000
CT	355	3763	3828	3828.000
CT	354	3739	3806	3806.000
CT	353	3890	3942	3942.000
CT	352	3836	3890	3890.000
CT	351	4000	4053	4053.000
CT	350	4071	4126	4126.000
CT	349	4109	4153	4153.000
CT	348	4177	4219	4219.000
CT	347	4408	4456	4456.000
CT	346	4583	4651	4651.000
CT	345	4755	4809	4809.000
CT	344	4674	4727	4727.000
CT	343	4820	4874	4874.000
CT	342	4931	4997	4997.000
CT	341	5057	5085	5085.000
CT	340	5235	5285	5285.000
CT	339	5350	5406	5406.000
CT	338	5536	5579	5579.000
CT	337	5605	5658	5658.000
CT	336	5763	5809	5809.000
CT	335	5842	5906	5906.000
CT	334	6137	6200	6200.000
CT	333	6259	6326	6326.000
CT	332	6487	6539	6539.000
CT	331	6558	6639	6639.000
CT	330	6707	6783	6783.000
CT	329	6852	6923	6923.000
CT	328	6769	6837	6837.000
CT	327	7093	7150	7150.000
CT	326	7293	7373	7373.000
CT	325	7401	7494	7494.000
CT	324	7768	7840	7840.000
CT	323	7706	7777	7777.000
CT	322	7867	7953	7953.000
CT	321	8074	8137	8137.000
CT	320	8137	8221	8221.000
CT	319	8556	8646	8646.000
CT	318	8784	8854	8854.000
CT	317	8896	8974	8974.000
CT	316	8956	9042	9042.000
CT	315	9053	9106	9106.000
CT	314	9384	9437	9437.000
CT	313	9531	9585	9585.000
CT	312	9703	9779	9779.000
CT	311	10020	10081	10081.000
CT	310	10158	10225	10225.000
CT	309	10321	10374	10374.000
CT	308	10653	10725	10725.000
CT	307	10736	10791	10791.000
CT	306	10951	11017	11017.000
CT	305	11357	11431	11431.000
CT	304	11477	11540	11540.000
CT	303	11480	11540	11540.000
CT	302	11846	11887	11887.000
CT	301	12049	12113	12113.000
CT	300	12399	12448	12448.000
CT	299	12616	12651	12651.000
CT	298	12830	12878	12878.000
CT	297	13299	13351	13351.000
CT	296	13258	13326	13326.000
CT	295	13872	13946	13946.000
CT	294	13680	13734	13734.000
CT	293	14043	14089	14089.000
CT	292	14350	14419	14419.000
CT	291	14805	14865	14865.000
CT	290	14783	14842	14842.000
CT	289	14872	14941	14941.000
CT	288	15307	15371	15371.000
CT	287	15508	15580	15580.000
CT	286	15727	15797	15797.000
CT	285	15805	15872	15872.000
CT	284	16385	16448	16448.000
CT	283	16408	16475	16475.000
CT	282	16871	16929	16929.000
CT	281	17169	17235	17235.000
CT	280	16973	17040	17040.000
CT	279	17422	17478	17478.000
CT	278	17781	17861	17861.000
CT	277	17946	18021	18021.000
CT	276	18138	18205	18205.000
CT	275	18627	18708	18708.000
CT	274	18774	18853	18853.000
CT	273	18970	19024	19024.000
CT	272	19129	19197	19197.000
CT	271	19341	19385	19385.000
CT	270	19691	19732	19732.000
CT	269	20141	20206	20206.000
CT	268	20194	20237	20237.000
CT	267	20224	20283	20283.000
CT	266	20804	20847	20847.000
CT	265	21253	21329	21329.000
CT	264	21415	21454	21454.000
CT	263	21376	21423	21423.000
CT	262	21377	21426	21426.000
CT	261	21611	21662	21662.000
CT	260	22154	22211	22211.000
CT	259	22328	22384	22384.000
CT	258	22546	22600	22600.000
CT	257	22691	22749	22749.000
CT	256	23243	23292	23292.000
CT	255	23529	23596	23596.000
CT	254	23705	23769	23769.000
CT	253	23666	23705	23705.000
CT	252	23916	23961	23961.000
CT	251	24334	24391	24391.000
CT	250	24522	24574	24574.000
CT	249	25000	25070	25070.000
CT	248	24843	24889	24889.000
CT	247	25191	25261	25261.000
CT	246	25524	25576	25576.000
CT	245	25437	25487	25487.000
CT	244	25836	25876	25876.000
CT	243	26214	26271	26271.000
CT	242	26259	26307	26307.000
CT	241	26873	26927	26927.000
CT	240	26558	26621	26621.000
CT	239	26976	27015	27015.000
CT	238	27538	27579	27579.000
CT	237	27208	27240	27240.000
CT	236	27670	27688	27688.000
CT	235	27822	27839	27839.000
CT	234	27939	27945	27945.000
CT	233	28325	28333	28333.000
CT	232	28346	28359	28359.000
CT	231	28698	28725	28725.000
CT	230	28715	28736	28736.000
CT	229	28876	28894	28894.000
CT	228	29185	29225	29225.000
CT	227	29256	29283	29283.000
CT	226	29463	29473	29473.000
CT	225	29265	29255	29255.000
CT	224	29682	29697	29697.000
CT	223	29774	29776	29776.000
CT	222	30119	30117	30117.000
CT	221	30281	30283	30283.000
CT	220	30478	30515	30515.000
CT	219	30560	30567	30567.000
CT	218	30723	30739	30739.000
CT	217	31235	31239	31239.000
CT	216	31076	31087	31087.000
CT	215	31387	31372	31372.000
CT	214	31666	31678	31678.000
CT	213	31390	31422	31422.000
CT	212	32288	32293	32293.000
CT	211	32404	32391	32391.000
CT	210	32485	32488	32488.000
CT	209	32551	32551	32551.000
CT	208	32091	32105	32105.000
CT	207	32537	32526	32526.000
CT	206	32396	32411	32411.000
CT	205	32310	32307	32307.000
CT	204	32964	32969	32969.000
CT	203	32778	32783	32783.000
CT	202	32966	32969	32969.000
CT	201	33361	33350	33350.000
CT	200	33037	33017	33017.000
CT	199	33109	33098	33098.000
CT	198	33307	33307	33307.000
CT	197	33840	33823	33823.000
CT	196	33652	33653	33653.000
CT	195	33721	33723	33723.000
CT	194	33684	33685	33685.000
CT	193	33504	33514	33514.000
CT	192	33676	33682	33682.000
CT	191	33561	33590	33590.000
CT	190	33805	33812	33812.000
CT	189	33967	33961	33961.000
CT	188	34026	34040	34040.000
CT	187	33865	33894	33894.000
CT	186	34463	34456	34456.000
CT	185	34343	34352	34352.000
CT	184	34265	34247	34247.000
CT	183	34344	34311	34311.000
CT	182	34218	34178	34178.000
CT	181	34460	34444	34444.000
CT	180	34704	34666	34666.000
CT	179	34691	34646	34646.000
CT	178	34419	34393	34393.000
CT	177	34597	34576	34576.000
CT	176	34493	34461	34461.000
CT	175	34752	34710	34710.000
CT	174	34465	34444	34444.000
CT	173	34329	34281	34281.000
CT	172	34564	34536	34536.000
CT	171	34628	34581	34581.000
CT	170	34277	34230	34230.000
CT	169	34413	34380	34380.000
CT	168	34738	34691	34691.000
CT	167	34273	34236	34236.000
CT	166	34574	34535	34535.000
CT	165	34564	34521	34521.000
CT	164	34443	34411	34411.000
CT	163	35207	35172	35172.000
CT	162	34952	34916	34916.000
CT	161	34655	34624	34624.000
CT	160	34123	34089	34089.000
CT	159	33861	33832	33832.000
CT	158	34373	34348	34348.000
CT	157	33720	33687	33687.000
CT	156	34322	34291	34291.000
CT	155	34085	34054	34054.000
CT	154	33907	33875	33875.000
CT	153	33767	33732	33732.000
CT	152	33592	33562	33562.000
CT	151	33173	33147	33147.000
CT	150	33303	33258	33258.000
CT	149	33082	33065	33065.000
CT	148	32598	32573	32573.000
CT	147	32560	32535	32535.000
CT	146	32176	32146	32146.000
CT	145	31924	31898	31898.000
CT	144	31646	31623	31623.000
CT	143	31220	31194	31194.000
CT	142	31083	31061	31061.000
CT	141	30509	30483	30483.000
CT	140	30191	30161	30161.000
CT	139	30140	30125	30125.000
CT	138	29624	29593	29593.000
CT	137	29914	29893	29893.000
CT	136	29173	29141	29141.000
CT	135	28662	28637	28637.000
CT	134	27901	27888	27888.000
CT	133	27476	27471	27471.000
CT	132	27266	27250	27250.000
CT	131	26607	26594	26594.000
CT	130	26087	26068	26068.000
CT	129	25678	25666	25666.000
CT	128	24840	24807	24807.000
CT	127	24431	24395	24395.000
CT	126	23983	23962	23962.000
CT	125	23711	23695	23695.000
CT	124	22876	22864	22864.000
CT	123	22413	22397	22397.000
CT	122	22003	21991	21991.000
CT	121	21650	21625	21625.000
CT	120	21354	21333	21333.000
CT	119	21042	21017	21017.000
CT	118	20208	20188	20188.000
CT	117	19953	19929	19929.000
CT	116	19121	19112	19112.000
CT	115	18803	18787	18787.000
CT	114	18348	18336	18336.000
CT	113	17618	17611	17611.000
CT	112	16981	16968	16968.000
CT	111	15954	15945	15945.000
CT	110	15635	15617	15617.000
CT	109	15171	15152	15152.000
CT	108	14944	14931	14931.000
CT	107	14304	14288	14288.000
CT	106	13759	13748	13748.000
CT	105	13398	13381	13381.000
CT	104	12858	12836	12836.000
CT	103	12330	12315	12315.000
CT	102	11928	11911	11911.000
CT	101	11569	11537	11537.000
CT	100	10941	10924	10924.000
CT	99	10460	10439	10439.000
CT	98	10344	10319	10319.000
CT	97	10002	9969	9969.000
CT	96	9527	9506	9506.000
CT	95	9074	9046	9046.000
CT	94	8616	8585	8585.000
CT	93	8309	8268	8268.000
CT	92	8044	8005	8005.000
CT	91	7837	7791	7791.000
CT	90	7287	7246	7246.000
CT	89	7338	7303	7303.000
CT	88	6835	6808	6808.000
CT	87	6676	6647	6647.000
CT	86	6273	6236	6236.000
CT	85	5938	5912	5912.000
CT	84	5798	5764	5764.000
CT	83	5823	5801	5801.000
CT	82	5381	5343	5343.000
CT	81	5236	5204	5204.000
CT	80	5102	5075	5075.000
CT	79	4993	4956	4956.000
CT	78	4533	4496	4496.000
CT	77	4337	4304	4304.000
CT	76	4173	4135	4135.000
CT	75	3867	3829	3829.000
CT	74	3710	3667	3667.000
CT	73	3635	3608	3608.000
CT	72	3338	3304	3304.000
CT	71	3338	3277	3277.000
CT	70	3155	3113	3113.000
CT	69	3009	2964	2964.000
CT	68	3107	3061	3061.000
CT	67	2890	2848	2848.000
CT	66	2721	2658	2658.000
CT	65	2586	2533	2533.000
CT	64	2508	2426	2426.000
CT	63	2460	2391	2391.000
CT	62	2375	2297	2297.000
CT	61	2299	2228	2228.000
CT	60	2173	2103	2103.000
CT	59	2055	1981	1981.000
CT	58	2077	1986	1986.000
CT	57	1968	1888	1888.000
CT	56	1921	1814	1814.000
CT	55	1888	1733	1733.000
CT	54	1826	1666	1666.000
CT	53	1595	1437	1437.000
CT	52	1566	1378	1378.000
CT	51	1646	1436	1436.000
CT	50	1625	1374	1374.000
CT	49	1589	1313	1313.000
CT	48	1603	1313	1313.000
CT	47	1637	1319	1319.000
CT	46	1588	1266	1266.000
CT	45	1599	1218	1217.999
CT	44	1649	1235	1234.999
CT	43	1506	1100	1099.999
CT	42	1448	996	995.999
CT	41	1593	1060	1059.999
CT	40	1527	946	945.999
CT	39	1554	859	858.999
CT	38	1653	851	850.999
CT	37	1749	884	883.999
CT	36	1775	824	823.999
CT	35	1887	762	761.998
CT	34	2005	646	645.998
CT	33	2070	582	581.998
CT	32	2315	561	560.998
CT	31	2451	495	494.997
CT	30	2681	461	460.997
CT	29	2962	363	362.996
CT	28	3236	320	319.996
CT	27	3788	337	336.995
CT	26	4131	321	320.995
CT	25	4901	341	340.994
CT	24	5623	288	287.993
CT	23	6497	283	282.991
CT	22	7381	244	243.990
CT	21	8563	224	223.989
CT	20	10011	217	216.987
CT	19	12292	218	217.983
CT	18	14465	221	220.980
CT	17	17766	239	238.976
CT	16	21255	204	203.971
CT	15	26640	188	187.964
CT	14	32876	121	120.955
CT	13	40329	98	97.945
CT	12	50186	72	71.931
CT	11	65969	55	54.909
CT	10	85972	13	12.882
CT	9	115716	20	19.841
CT	8	162983	24	23.776
CT	7	238106	7	6.673
CT	6	378518	0	0.000
CT	5	664501	0	0.000
CT	4	1347823	0	0.000
CT	3	3508973	1	-nan
CT	2	12981099	16	-nan
CT	1	0	0	-nan
CT	0	0	299	-nan
FR	1.38e-06	0
ER	6160661	0.000
CV	0.999
QV	58.053	58.053
