HS	1023	0	6008	6008
HS	1022	0	9	6017
HS	1021	0	6	6023
HS	1020	0	5	6028
HS	1019	0	4	6032
HS	1018	0	2	6034
HS	1017	0	6	6040
HS	1016	0	5	6045
HS	1015	0	5	6050
HS	1014	0	6	6056
HS	1013	0	4	6060
HS	1012	0	4	6064
HS	1011	0	1	6065
HS	1010	0	4	6069
HS	1009	0	5	6074
HS	1008	0	1	6075
HS	1007	0	4	6079
HS	1006	0	7	6086
HS	1005	0	2	6088
HS	1004	0	3	6091
HS	1003	0	6	6097
HS	1002	0	5	6102
HS	1001	0	4	6106
HS	1000	0	6	6112
HS	999	0	4	6116
HS	998	0	2	6118
HS	997	0	6	6124
HS	996	0	10	6134
HS	995	0	2	6136
HS	994	0	0	6136
HS	993	0	6	6142
HS	992	0	6	6148
HS	991	0	2	6150
HS	990	0	3	6153
HS	989	0	3	6156
HS	988	0	3	6159
HS	987	0	5	6164
HS	986	0	3	6167
HS	985	0	3	6170
HS	984	0	7	6177
HS	983	0	3	6180
HS	982	0	8	6188
HS	981	0	4	6192
HS	980	0	4	6196
HS	979	0	12	6208
HS	978	0	4	6212
HS	977	0	4	6216
HS	976	0	5	6221
HS	975	0	4	6225
HS	974	0	5	6230
HS	973	0	1	6231
HS	972	0	3	6234
HS	971	0	3	6237
HS	970	0	1	6238
HS	969	0	7	6245
HS	968	0	2	6247
HS	967	0	8	6255
HS	966	0	6	6261
HS	965	0	2	6263
HS	964	0	5	6268
HS	963	0	4	6272
HS	962	0	2	6274
HS	961	0	4	6278
HS	960	0	1	6279
HS	959	0	3	6282
HS	958	0	2	6284
HS	957	0	1	6285
HS	956	0	7	6292
HS	955	0	1	6293
HS	954	0	6	6299
HS	953	0	4	6303
HS	952	0	6	6309
HS	951	0	3	6312
HS	950	0	4	6316
HS	949	0	5	6321
HS	948	0	5	6326
HS	947	0	2	6328
HS	946	0	4	6332
HS	945	0	3	6335
HS	944	0	2	6337
HS	943	0	4	6341
HS	942	0	4	6345
HS	941	0	3	6348
HS	940	0	1	6349
HS	939	0	2	6351
HS	938	0	2	6353
HS	937	0	1	6354
HS	936	0	3	6357
HS	935	0	4	6361
HS	934	0	4	6365
HS	933	0	3	6368
HS	932	0	2	6370
HS	931	0	2	6372
HS	930	0	1	6373
HS	929	0	3	6376
HS	928	0	4	6380
HS	927	0	3	6383
HS	926	0	2	6385
HS	925	0	2	6387
HS	924	0	1	6388
HS	923	0	4	6392
HS	922	0	4	6396
HS	921	0	3	6399
HS	920	0	5	6404
HS	919	0	1	6405
HS	918	0	2	6407
HS	917	0	1	6408
HS	916	0	1	6409
HS	915	0	4	6413
HS	914	0	3	6416
HS	913	0	5	6421
HS	912	0	3	6424
HS	911	0	2	6426
HS	910	0	9	6435
HS	909	0	4	6439
HS	908	0	7	6446
HS	907	0	7	6453
HS	906	0	3	6456
HS	905	0	6	6462
HS	904	0	5	6467
HS	903	0	5	6472
HS	902	0	1	6473
HS	901	0	3	6476
HS	900	0	3	6479
HS	899	0	1	6480
HS	898	0	3	6483
HS	897	0	6	6489
HS	896	0	8	6497
HS	895	0	3	6500
HS	894	0	7	6507
HS	893	0	4	6511
HS	892	0	5	6516
HS	891	0	2	6518
HS	890	0	3	6521
HS	889	0	6	6527
HS	888	0	2	6529
HS	887	0	4	6533
HS	886	0	4	6537
HS	885	0	1	6538
HS	884	0	1	6539
HS	883	0	4	6543
HS	882	0	2	6545
HS	881	0	2	6547
HS	880	0	0	6547
HS	879	0	4	6551
HS	878	0	7	6558
HS	877	0	6	6564
HS	876	0	3	6567
HS	875	0	2	6569
HS	874	0	3	6572
HS	873	0	7	6579
HS	872	0	6	6585
HS	871	0	2	6587
HS	870	0	4	6591
HS	869	0	1	6592
HS	868	0	6	6598
HS	867	0	4	6602
HS	866	0	9	6611
HS	865	0	5	6616
HS	864	0	1	6617
HS	863	0	7	6624
HS	862	0	4	6628
HS	861	0	5	6633
HS	860	0	4	6637
HS	859	0	0	6637
HS	858	0	1	6638
HS	857	0	5	6643
HS	856	0	2	6645
HS	855	0	2	6647
HS	854	0	2	6649
HS	853	0	2	6651
HS	852	0	3	6654
HS	851	0	3	6657
HS	850	0	2	6659
HS	849	0	6	6665
HS	848	0	2	6667
HS	847	0	2	6669
HS	846	0	2	6671
HS	845	0	2	6673
HS	844	0	3	6676
HS	843	0	4	6680
HS	842	0	6	6686
HS	841	0	7	6693
HS	840	0	6	6699
HS	839	0	7	6706
HS	838	0	6	6712
HS	837	0	8	6720
HS	836	0	3	6723
HS	835	0	6	6729
HS	834	0	7	6736
HS	833	0	7	6743
HS	832	0	11	6754
HS	831	0	5	6759
HS	830	0	6	6765
HS	829	0	9	6774
HS	828	0	5	6779
HS	827	0	10	6789
HS	826	0	11	6800
HS	825	0	9	6809
HS	824	0	9	6818
HS	823	0	4	6822
HS	822	0	4	6826
HS	821	0	8	6834
HS	820	0	12	6846
HS	819	0	8	6854
HS	818	0	4	6858
HS	817	0	2	6860
HS	816	0	4	6864
HS	815	0	7	6871
HS	814	0	8	6879
HS	813	0	7	6886
HS	812	0	5	6891
HS	811	0	5	6896
HS	810	0	13	6909
HS	809	0	6	6915
HS	808	0	8	6923
HS	807	0	7	6930
HS	806	0	6	6936
HS	805	0	4	6940
HS	804	0	6	6946
HS	803	0	3	6949
HS	802	0	7	6956
HS	801	0	4	6960
HS	800	0	7	6967
HS	799	0	7	6974
HS	798	0	9	6983
HS	797	0	6	6989
HS	796	0	7	6996
HS	795	0	6	7002
HS	794	0	8	7010
HS	793	0	5	7015
HS	792	0	5	7020
HS	791	0	7	7027
HS	790	0	6	7033
HS	789	0	4	7037
HS	788	0	5	7042
HS	787	0	6	7048
HS	786	0	7	7055
HS	785	0	7	7062
HS	784	0	3	7065
HS	783	0	1	7066
HS	782	0	6	7072
HS	781	0	2	7074
HS	780	0	5	7079
HS	779	0	4	7083
HS	778	0	6	7089
HS	777	0	8	7097
HS	776	0	6	7103
HS	775	0	4	7107
HS	774	0	5	7112
HS	773	0	3	7115
HS	772	0	5	7120
HS	771	0	3	7123
HS	770	0	5	7128
HS	769	0	5	7133
HS	768	0	12	7145
HS	767	0	5	7150
HS	766	0	5	7155
HS	765	0	10	7165
HS	764	0	9	7174
HS	763	0	4	7178
HS	762	0	9	7187
HS	761	0	8	7195
HS	760	0	11	7206
HS	759	0	10	7216
HS	758	0	6	7222
HS	757	0	10	7232
HS	756	0	7	7239
HS	755	0	14	7253
HS	754	0	8	7261
HS	753	0	4	7265
HS	752	0	7	7272
HS	751	0	3	7275
HS	750	0	6	7281
HS	749	0	9	7290
HS	748	0	5	7295
HS	747	0	9	7304
HS	746	0	7	7311
HS	745	0	7	7318
HS	744	0	8	7326
HS	743	0	8	7334
HS	742	0	11	7345
HS	741	0	8	7353
HS	740	0	9	7362
HS	739	0	8	7370
HS	738	0	5	7375
HS	737	0	8	7383
HS	736	0	11	7394
HS	735	0	9	7403
HS	734	0	7	7410
HS	733	0	8	7418
HS	732	0	8	7426
HS	731	0	8	7434
HS	730	0	9	7443
HS	729	0	11	7454
HS	728	0	8	7462
HS	727	0	7	7469
HS	726	0	7	7476
HS	725	0	10	7486
HS	724	0	12	7498
HS	723	0	6	7504
HS	722	0	5	7509
HS	721	0	6	7515
HS	720	0	7	7522
HS	719	0	9	7531
HS	718	0	10	7541
HS	717	0	2	7543
HS	716	0	4	7547
HS	715	0	7	7554
HS	714	0	6	7560
HS	713	0	7	7567
HS	712	0	6	7573
HS	711	0	8	7581
HS	710	0	13	7594
HS	709	0	7	7601
HS	708	0	9	7610
HS	707	0	8	7618
HS	706	0	3	7621
HS	705	0	8	7629
HS	704	0	7	7636
HS	703	0	7	7643
HS	702	0	10	7653
HS	701	0	13	7666
HS	700	0	15	7681
HS	699	0	7	7688
HS	698	0	8	7696
HS	697	0	7	7703
HS	696	0	7	7710
HS	695	0	8	7718
HS	694	0	10	7728
HS	693	0	6	7734
HS	692	0	7	7741
HS	691	0	8	7749
HS	690	0	3	7752
HS	689	0	6	7758
HS	688	0	3	7761
HS	687	0	3	7764
HS	686	0	7	7771
HS	685	0	7	7778
HS	684	0	11	7789
HS	683	0	9	7798
HS	682	0	10	7808
HS	681	0	15	7823
HS	680	0	12	7835
HS	679	0	15	7850
HS	678	0	14	7864
HS	677	0	16	7880
HS	676	0	12	7892
HS	675	0	15	7907
HS	674	0	8	7915
HS	673	0	9	7924
HS	672	0	13	7937
HS	671	0	10	7947
HS	670	0	12	7959
HS	669	0	13	7972
HS	668	0	16	7988
HS	667	0	10	7998
HS	666	0	15	8013
HS	665	0	13	8026
HS	664	0	24	8050
HS	663	0	7	8057
HS	662	0	11	8068
HS	661	0	11	8079
HS	660	0	11	8090
HS	659	0	9	8099
HS	658	0	11	8110
HS	657	0	16	8126
HS	656	0	12	8138
HS	655	0	13	8151
HS	654	0	5	8156
HS	653	0	8	8164
HS	652	0	8	8172
HS	651	0	14	8186
HS	650	0	5	8191
HS	649	0	10	8201
HS	648	0	10	8211
HS	647	0	10	8221
HS	646	0	6	8227
HS	645	0	14	8241
HS	644	0	19	8260
HS	643	0	12	8272
HS	642	0	14	8286
HS	641	0	9	8295
HS	640	0	10	8305
HS	639	0	6	8311
HS	638	0	12	8323
HS	637	0	13	8336
HS	636	0	11	8347
HS	635	0	20	8367
HS	634	0	12	8379
HS	633	0	10	8389
HS	632	0	19	8408
HS	631	0	25	8433
HS	630	0	17	8450
HS	629	0	12	8462
HS	628	0	14	8476
HS	627	0	11	8487
HS	626	0	18	8505
HS	625	0	10	8515
HS	624	0	10	8525
HS	623	0	10	8535
HS	622	0	12	8547
HS	621	0	14	8561
HS	620	0	13	8574
HS	619	0	13	8587
HS	618	0	8	8595
HS	617	0	9	8604
HS	616	0	20	8624
HS	615	0	23	8647
HS	614	0	16	8663
HS	613	0	15	8678
HS	612	0	16	8694
HS	611	0	10	8704
HS	610	0	19	8723
HS	609	0	14	8737
HS	608	0	13	8750
HS	607	0	19	8769
HS	606	0	13	8782
HS	605	0	13	8795
HS	604	0	12	8807
HS	603	0	18	8825
HS	602	0	21	8846
HS	601	0	14	8860
HS	600	0	18	8878
HS	599	0	27	8905
HS	598	0	21	8926
HS	597	0	15	8941
HS	596	0	18	8959
HS	595	0	25	8984
HS	594	0	24	9008
HS	593	0	25	9033
HS	592	0	20	9053
HS	591	0	24	9077
HS	590	0	19	9096
HS	589	0	16	9112
HS	588	0	17	9129
HS	587	0	15	9144
HS	586	0	16	9160
HS	585	0	11	9171
HS	584	0	18	9189
HS	583	0	22	9211
HS	582	0	9	9220
HS	581	0	9	9229
HS	580	0	11	9240
HS	579	0	14	9254
HS	578	0	18	9272
HS	577	0	14	9286
HS	576	0	23	9309
HS	575	0	17	9326
HS	574	0	18	9344
HS	573	0	17	9361
HS	572	0	16	9377
HS	571	0	25	9402
HS	570	0	19	9421
HS	569	0	23	9444
HS	568	0	17	9461
HS	567	0	14	9475
HS	566	0	25	9500
HS	565	0	24	9524
HS	564	0	26	9550
HS	563	0	14	9564
HS	562	0	13	9577
HS	561	0	21	9598
HS	560	0	21	9619
HS	559	0	19	9638
HS	558	0	21	9659
HS	557	0	10	9669
HS	556	0	27	9696
HS	555	0	21	9717
HS	554	0	25	9742
HS	553	0	23	9765
HS	552	0	26	9791
HS	551	0	22	9813
HS	550	0	21	9834
HS	549	0	23	9857
HS	548	0	32	9889
HS	547	0	24	9913
HS	546	0	27	9940
HS	545	0	29	9969
HS	544	0	31	10000
HS	543	0	23	10023
HS	542	0	28	10051
HS	541	0	27	10078
HS	540	0	32	10110
HS	539	0	22	10132
HS	538	0	27	10159
HS	537	0	29	10188
HS	536	0	39	10227
HS	535	0	30	10257
HS	534	0	31	10288
HS	533	0	37	10325
HS	532	0	35	10360
HS	531	0	37	10397
HS	530	0	40	10437
HS	529	0	44	10481
HS	528	0	40	10521
HS	527	0	45	10566
HS	526	0	42	10608
HS	525	0	36	10644
HS	524	0	30	10674
HS	523	0	50	10724
HS	522	0	37	10761
HS	521	0	39	10800
HS	520	0	33	10833
HS	519	0	56	10889
HS	518	0	38	10927
HS	517	0	49	10976
HS	516	0	51	11027
HS	515	0	57	11084
HS	514	0	43	11127
HS	513	0	56	11183
HS	512	0	52	11235
HS	511	0	56	11291
HS	510	0	56	11347
HS	509	0	46	11393
HS	508	0	58	11451
HS	507	0	42	11493
HS	506	0	57	11550
HS	505	0	48	11598
HS	504	0	40	11638
HS	503	0	40	11678
HS	502	0	57	11735
HS	501	0	40	11775
HS	500	0	49	11824
HS	499	0	49	11873
HS	498	0	61	11934
HS	497	0	45	11979
HS	496	0	46	12025
HS	495	0	56	12081
HS	494	0	53	12134
HS	493	0	67	12201
HS	492	0	77	12278
HS	491	0	66	12344
HS	490	0	59	12403
HS	489	0	82	12485
HS	488	0	74	12559
HS	487	0	70	12629
HS	486	0	62	12691
HS	485	0	90	12781
HS	484	0	99	12880
HS	483	0	99	12979
HS	482	0	104	13083
HS	481	0	110	13193
HS	480	0	110	13303
HS	479	0	118	13421
HS	478	0	96	13517
HS	477	0	99	13616
HS	476	0	93	13709
HS	475	0	99	13808
HS	474	0	107	13915
HS	473	0	111	14026
HS	472	0	108	14134
HS	471	0	118	14252
HS	470	0	117	14369
HS	469	0	125	14494
HS	468	0	141	14635
HS	467	0	136	14771
HS	466	0	122	14893
HS	465	0	134	15027
HS	464	0	125	15152
HS	463	0	143	15295
HS	462	0	138	15433
HS	461	0	171	15604
HS	460	0	153	15757
HS	459	0	137	15894
HS	458	0	154	16048
HS	457	0	185	16233
HS	456	0	160	16393
HS	455	0	205	16598
HS	454	0	189	16787
HS	453	0	209	16996
HS	452	0	218	17214
HS	451	0	207	17421
HS	450	0	233	17654
HS	449	0	268	17922
HS	448	0	265	18187
HS	447	0	293	18480
HS	446	0	265	18745
HS	445	0	300	19045
HS	444	0	303	19348
HS	443	0	358	19706
HS	442	0	319	20025
HS	441	0	318	20343
HS	440	0	345	20688
HS	439	0	351	21039
HS	438	0	366	21405
HS	437	0	332	21737
HS	436	0	386	22123
HS	435	0	379	22502
HS	434	0	370	22872
HS	433	0	397	23269
HS	432	0	377	23646
HS	431	0	454	24100
HS	430	0	431	24531
HS	429	0	465	24996
HS	428	0	495	25491
HS	427	0	492	25983
HS	426	0	510	26493
HS	425	0	569	27062
HS	424	0	560	27622
HS	423	0	606	28228
HS	422	0	546	28774
HS	421	0	562	29336
HS	420	0	578	29914
HS	419	0	605	30519
HS	418	0	642	31161
HS	417	0	688	31849
HS	416	0	682	32531
HS	415	0	737	33268
HS	414	0	752	34020
HS	413	0	772	34792
HS	412	0	841	35633
HS	411	0	795	36428
HS	410	0	810	37238
HS	409	0	882	38120
HS	408	0	905	39025
HS	407	0	955	39980
HS	406	0	969	40949
HS	405	0	965	41914
HS	404	0	1027	42941
HS	403	0	1070	44011
HS	402	0	1070	45081
HS	401	0	1104	46185
HS	400	0	1146	47331
HS	399	0	1156	48487
HS	398	0	1155	49642
HS	397	0	1221	50863
HS	396	0	1256	52119
HS	395	0	1328	53447
HS	394	0	1394	54841
HS	393	0	1428	56269
HS	392	0	1463	57732
HS	391	0	1465	59197
HS	390	0	1513	60710
HS	389	0	1500	62210
HS	388	0	1571	63781
HS	387	0	1594	65375
HS	386	0	1678	67053
HS	385	0	1686	68739
HS	384	0	1817	70556
HS	383	0	1830	72386
HS	382	0	1842	74228
HS	381	0	1891	76119
HS	380	0	1872	77991
HS	379	0	1941	79932
HS	378	0	2024	81956
HS	377	0	2121	84077
HS	376	0	2156	86233
HS	375	0	2155	88388
HS	374	0	2228	90616
HS	373	0	2261	92877
HS	372	0	2358	95235
HS	371	0	2443	97678
HS	370	0	2490	100168
HS	369	0	2494	102662
HS	368	0	2676	105338
HS	367	0	2699	108037
HS	366	0	2754	110791
HS	365	0	2717	113508
HS	364	0	2910	116418
HS	363	0	2933	119351
HS	362	0	3056	122407
HS	361	0	3111	125518
HS	360	0	3157	128675
HS	359	0	3344	132019
HS	358	0	3291	135310
HS	357	0	3466	138776
HS	356	0	3572	142348
HS	355	0	3763	146111
HS	354	0	3739	149850
HS	353	0	3890	153740
HS	352	0	3836	157576
HS	351	0	4000	161576
HS	350	0	4071	165647
HS	349	0	4109	169756
HS	348	0	4177	173933
HS	347	0	4408	178341
HS	346	0	4583	182924
HS	345	0	4755	187679
HS	344	0	4674	192353
HS	343	0	4820	197173
HS	342	0	4931	202104
HS	341	0	5057	207161
HS	340	0	5235	212396
HS	339	0	5350	217746
HS	338	0	5536	223282
HS	337	0	5605	228887
HS	336	0	5763	234650
HS	335	0	5842	240492
HS	334	0	6137	246629
HS	333	0	6259	252888
HS	332	0	6487	259375
HS	331	0	6558	265933
HS	330	0	6707	272640
HS	329	0	6852	279492
HS	328	0	6769	286261
HS	327	0	7093	293354
HS	326	0	7293	300647
HS	325	0	7401	308048
HS	324	0	7768	315816
HS	323	0	7706	323522
HS	322	0	7867	331389
HS	321	0	8074	339463
HS	320	0	8137	347600
HS	319	0	8556	356156
HS	318	0	8784	364940
HS	317	0	8896	373836
HS	316	0	8956	382792
HS	315	0	9053	391845
HS	314	0	9384	401229
HS	313	0	9531	410760
HS	312	0	9703	420463
HS	311	0	10020	430483
HS	310	0	10158	440641
HS	309	0	10321	450962
HS	308	0	10653	461615
HS	307	0	10736	472351
HS	306	0	10951	483302
HS	305	0	11357	494659
HS	304	0	11477	506136
HS	303	0	11480	517616
HS	302	0	11846	529462
HS	301	0	12049	541511
HS	300	0	12399	553910
HS	299	0	12616	566526
HS	298	0	12830	579356
HS	297	0	13299	592655
HS	296	0	13258	605913
HS	295	0	13872	619785
HS	294	0	13680	633465
HS	293	0	14043	647508
HS	292	0	14350	661858
HS	291	0	14805	676663
HS	290	0	14783	691446
HS	289	0	14872	706318
HS	288	0	15307	721625
HS	287	0	15508	737133
HS	286	0	15727	752860
HS	285	0	15805	768665
HS	284	0	16385	785050
HS	283	0	16408	801458
HS	282	0	16871	818329
HS	281	0	17169	835498
HS	280	0	16973	852471
HS	279	0	17422	869893
HS	278	0	17781	887674
HS	277	0	17946	905620
HS	276	0	18138	923758
HS	275	0	18627	942385
HS	274	0	18774	961159
HS	273	0	18970	980129
HS	272	0	19129	999258
HS	271	0	19341	1018599
HS	270	0	19691	1038290
HS	269	0	20141	1058431
HS	268	0	20194	1078625
HS	267	0	20224	1098849
HS	266	0	20804	1119653
HS	265	0	21253	1140906
HS	264	0	21415	1162321
HS	263	0	21376	1183697
HS	262	0	21377	1205074
HS	261	0	21611	1226685
HS	260	0	22154	1248839
HS	259	0	22328	1271167
HS	258	0	22546	1293713
HS	257	0	22691	1316404
HS	256	0	23243	1339647
HS	255	0	23529	1363176
HS	254	0	23705	1386881
HS	253	0	23666	1410547
HS	252	0	23916	1434463
HS	251	0	24334	1458797
HS	250	0	24522	1483319
HS	249	0	25000	1508319
HS	248	0	24843	1533162
HS	247	0	25191	1558353
HS	246	0	25524	1583877
HS	245	0	25437	1609314
HS	244	0	25836	1635150
HS	243	0	26214	1661364
HS	242	0	26259	1687623
HS	241	0	26873	1714496
HS	240	0	26558	1741054
HS	239	0	26976	1768030
HS	238	0	27538	1795568
HS	237	0	27208	1822776
HS	236	0	27670	1850446
HS	235	0	27822	1878268
HS	234	0	27939	1906207
HS	233	0	28325	1934532
HS	232	0	28346	1962878
HS	231	0	28698	1991576
HS	230	0	28715	2020291
HS	229	0	28876	2049167
HS	228	0	29185	2078352
HS	227	0	29256	2107608
HS	226	0	29463	2137071
HS	225	0	29265	2166336
HS	224	0	29682	2196018
HS	223	0	29774	2225792
HS	222	0	30119	2255911
HS	221	0	30281	2286192
HS	220	0	30478	2316670
HS	219	0	30560	2347230
HS	218	0	30723	2377953
HS	217	0	31235	2409188
HS	216	0	31076	2440264
HS	215	0	31387	2471651
HS	214	0	31666	2503317
HS	213	0	31390	2534707
HS	212	0	32288	2566995
HS	211	0	32404	2599399
HS	210	0	32485	2631884
HS	209	0	32551	2664435
HS	208	0	32091	2696526
HS	207	0	32537	2729063
HS	206	0	32396	2761459
HS	205	0	32310	2793769
HS	204	0	32964	2826733
HS	203	0	32778	2859511
HS	202	0	32966	2892477
HS	201	0	33361	2925838
HS	200	0	33037	2958875
HS	199	0	33109	2991984
HS	198	0	33307	3025291
HS	197	0	33840	3059131
HS	196	0	33652	3092783
HS	195	0	33721	3126504
HS	194	0	33684	3160188
HS	193	0	33504	3193692
HS	192	0	33676	3227368
HS	191	0	33561	3260929
HS	190	0	33805	3294734
HS	189	0	33967	3328701
HS	188	0	34026	3362727
HS	187	0	33865	3396592
HS	186	0	34463	3431055
HS	185	0	34343	3465398
HS	184	0	34265	3499663
HS	183	0	34344	3534007
HS	182	0	34218	3568225
HS	181	0	34460	3602685
HS	180	0	34704	3637389
HS	179	0	34691	3672080
HS	178	0	34419	3706499
HS	177	0	34597	3741096
HS	176	0	34493	3775589
HS	175	0	34752	3810341
HS	174	0	34465	3844806
HS	173	0	34329	3879135
HS	172	0	34564	3913699
HS	171	0	34628	3948327
HS	170	0	34277	3982604
HS	169	0	34413	4017017
HS	168	0	34738	4051755
HS	167	0	34273	4086028
HS	166	0	34574	4120602
HS	165	0	34564	4155166
HS	164	0	34443	4189609
HS	163	0	35207	4224816
HS	162	0	34952	4259768
HS	161	0	34655	4294423
HS	160	0	34123	4328546
HS	159	0	33861	4362407
HS	158	0	34373	4396780
HS	157	0	33720	4430500
HS	156	0	34322	4464822
HS	155	0	34085	4498907
HS	154	0	33907	4532814
HS	153	0	33767	4566581
HS	152	0	33592	4600173
HS	151	0	33173	4633346
HS	150	0	33303	4666649
HS	149	0	33082	4699731
HS	148	0	32598	4732329
HS	147	0	32560	4764889
HS	146	0	32176	4797065
HS	145	0	31924	4828989
HS	144	0	31646	4860635
HS	143	0	31220	4891855
HS	142	0	31083	4922938
HS	141	0	30509	4953447
HS	140	0	30191	4983638
HS	139	0	30140	5013778
HS	138	0	29624	5043402
HS	137	0	29914	5073316
HS	136	0	29173	5102489
HS	135	0	28662	5131151
HS	134	0	27901	5159052
HS	133	0	27476	5186528
HS	132	0	27266	5213794
HS	131	0	26607	5240401
HS	130	0	26087	5266488
HS	129	0	25678	5292166
HS	128	0	24840	5317006
HS	127	0	24431	5341437
HS	126	0	23983	5365420
HS	125	0	23711	5389131
HS	124	0	22876	5412007
HS	123	0	22413	5434420
HS	122	0	22003	5456423
HS	121	0	21650	5478073
HS	120	0	21354	5499427
HS	119	0	21042	5520469
HS	118	0	20208	5540677
HS	117	0	19953	5560630
HS	116	0	19121	5579751
HS	115	0	18803	5598554
HS	114	0	18348	5616902
HS	113	0	17618	5634520
HS	112	0	16981	5651501
HS	111	0	15954	5667455
HS	110	0	15635	5683090
HS	109	0	15171	5698261
HS	108	0	14944	5713205
HS	107	0	14304	5727509
HS	106	0	13759	5741268
HS	105	0	13398	5754666
HS	104	0	12858	5767524
HS	103	0	12330	5779854
HS	102	0	11928	5791782
HS	101	0	11569	5803351
HS	100	0	10941	5814292
HS	99	0	10460	5824752
HS	98	0	10344	5835096
HS	97	0	10002	5845098
HS	96	0	9527	5854625
HS	95	0	9074	5863699
HS	94	0	8616	5872315
HS	93	0	8309	5880624
HS	92	0	8044	5888668
HS	91	0	7837	5896505
HS	90	0	7287	5903792
HS	89	0	7338	5911130
HS	88	0	6835	5917965
HS	87	0	6676	5924641
HS	86	0	6273	5930914
HS	85	0	5938	5936852
HS	84	0	5798	5942650
HS	83	0	5823	5948473
HS	82	0	5381	5953854
HS	81	0	5236	5959090
HS	80	0	5102	5964192
HS	79	0	4993	5969185
HS	78	0	4533	5973718
HS	77	0	4337	5978055
HS	76	0	4173	5982228
HS	75	0	3867	5986095
HS	74	0	3710	5989805
HS	73	0	3635	5993440
HS	72	0	3338	5996778
HS	71	0	3338	6000116
HS	70	0	3155	6003271
HS	69	0	3009	6006280
HS	68	0	3107	6009387
HS	67	0	2890	6012277
HS	66	0	2721	6014998
HS	65	0	2586	6017584
HS	64	0	2508	6020092
HS	63	0	2460	6022552
HS	62	0	2375	6024927
HS	61	0	2299	6027226
HS	60	0	2173	6029399
HS	59	0	2055	6031454
HS	58	0	2077	6033531
HS	57	0	1968	6035499
HS	56	0	1921	6037420
HS	55	0	1888	6039308
HS	54	0	1826	6041134
HS	53	0	1595	6042729
HS	52	0	1566	6044295
HS	51	0	1646	6045941
HS	50	0	1625	6047566
HS	49	0	1589	6049155
HS	48	0	1603	6050758
HS	47	0	1637	6052395
HS	46	0	1588	6053983
HS	45	0	1599	6055582
HS	44	0	1649	6057231
HS	43	0	1506	6058737
HS	42	0	1448	6060185
HS	41	0	1593	6061778
HS	40	0	1527	6063305
HS	39	0	1554	6064859
HS	38	0	1653	6066512
HS	37	0	1749	6068261
HS	36	0	1775	6070036
HS	35	0	1887	6071923
HS	34	0	2005	6073928
HS	33	0	2070	6075998
HS	32	0	2315	6078313
HS	31	0	2451	6080764
HS	30	0	2681	6083445
HS	29	0	2962	6086407
HS	28	0	3236	6089643
HS	27	0	3788	6093431
HS	26	0	4131	6097562
HS	25	0	4901	6102463
HS	24	0	5623	6108086
HS	23	0	6497	6114583
HS	22	0	7381	6121964
HS	21	0	8563	6130527
HS	20	0	10011	6140538
HS	19	0	12292	6152830
HS	18	0	14465	6167295
HS	17	0	17766	6185061
HS	16	0	21255	6206316
HS	15	0	26640	6232956
HS	14	0	32876	6265832
HS	13	0	40329	6306161
HS	12	0	50186	6356347
HS	11	0	65969	6422316
HS	10	0	85972	6508288
HS	9	0	115716	6624004
HS	8	0	162983	6786987
HS	7	0	238106	7025093
HS	6	0	378518	7403611
HS	5	0	664501	8068112
HS	4	0	1347823	9415935
HS	3	0	3508973	12924908
HS	2	0	12981099	25906007
HS	1	0	0	25906007
HS	0	0	0	25906007
