CC	CT  kmer_occurrence    short_read_kmer_count  raw_input_kmer_count  adjusted_input_kmer_count
CC	FR  fpr_lower_bound    fpr_upper_bound
CC	ER  total_input_kmers  adjusted_error_kmers
CC	CV  coverage
CC	QV  raw_quality_value  adjusted_quality_value
CC
SQ	CP128118.1	5513809	5513779	5513779	99.00
CT	1023	18388	79262	79262.000
CT	1022	5	46	46.000
CT	1021	10	80	80.000
CT	1020	8	48	48.000
CT	1019	9	71	71.000
CT	1018	11	77	77.000
CT	1017	9	66	66.000
CT	1016	7	64	64.000
CT	1015	7	54	54.000
CT	1014	5	47	47.000
CT	1013	12	97	97.000
CT	1012	13	106	106.000
CT	1011	7	51	51.000
CT	1010	8	56	56.000
CT	1009	6	42	42.000
CT	1008	10	70	70.000
CT	1007	4	34	34.000
CT	1006	8	56	56.000
CT	1005	6	24	24.000
CT	1004	9	37	37.000
CT	1003	9	61	61.000
CT	1002	6	29	29.000
CT	1001	7	25	25.000
CT	1000	10	77	77.000
CT	999	6	33	33.000
CT	998	10	67	67.000
CT	997	12	79	79.000
CT	996	9	44	44.000
CT	995	9	59	59.000
CT	994	11	75	75.000
CT	993	7	50	50.000
CT	992	9	67	67.000
CT	991	5	33	33.000
CT	990	8	54	54.000
CT	989	6	26	26.000
CT	988	9	80	80.000
CT	987	6	41	41.000
CT	986	10	77	77.000
CT	985	12	75	75.000
CT	984	2	10	10.000
CT	983	7	38	38.000
CT	982	5	37	37.000
CT	981	8	54	54.000
CT	980	1	12	12.000
CT	979	7	29	29.000
CT	978	13	83	83.000
CT	977	9	43	43.000
CT	976	8	52	52.000
CT	975	10	48	48.000
CT	974	8	43	43.000
CT	973	7	40	40.000
CT	972	6	17	17.000
CT	971	9	38	38.000
CT	970	8	57	57.000
CT	969	7	42	42.000
CT	968	8	50	50.000
CT	967	7	18	18.000
CT	966	6	36	36.000
CT	965	4	20	20.000
CT	964	5	32	32.000
CT	963	9	43	43.000
CT	962	3	20	20.000
CT	961	7	37	37.000
CT	960	8	46	46.000
CT	959	4	18	18.000
CT	958	10	52	52.000
CT	957	7	50	50.000
CT	956	7	34	34.000
CT	955	14	64	64.000
CT	954	8	40	40.000
CT	953	9	40	40.000
CT	952	4	22	22.000
CT	951	15	89	89.000
CT	950	5	27	27.000
CT	949	7	40	40.000
CT	948	13	65	65.000
CT	947	7	36	36.000
CT	946	12	72	72.000
CT	945	8	45	45.000
CT	944	10	56	56.000
CT	943	5	36	36.000
CT	942	4	22	22.000
CT	941	5	30	30.000
CT	940	6	36	36.000
CT	939	4	23	23.000
CT	938	8	50	50.000
CT	937	16	83	83.000
CT	936	11	63	63.000
CT	935	6	30	30.000
CT	934	7	44	44.000
CT	933	5	33	33.000
CT	932	5	28	28.000
CT	931	7	35	35.000
CT	930	7	44	44.000
CT	929	6	34	34.000
CT	928	6	33	33.000
CT	927	3	25	25.000
CT	926	3	12	12.000
CT	925	5	27	27.000
CT	924	6	46	46.000
CT	923	5	40	40.000
CT	922	2	7	7.000
CT	921	7	39	39.000
CT	920	3	15	15.000
CT	919	1	8	8.000
CT	918	2	13	13.000
CT	917	1	5	5.000
CT	916	5	23	23.000
CT	915	1	5	5.000
CT	914	2	14	14.000
CT	913	4	15	15.000
CT	912	3	22	22.000
CT	911	0	0	0.000
CT	910	0	0	0.000
CT	909	1	12	12.000
CT	908	2	15	15.000
CT	907	3	11	11.000
CT	906	5	28	28.000
CT	905	2	0	0.000
CT	904	3	12	12.000
CT	903	5	33	33.000
CT	902	4	17	17.000
CT	901	3	16	16.000
CT	900	11	66	66.000
CT	899	3	10	10.000
CT	898	1	5	5.000
CT	897	2	14	14.000
CT	896	5	43	43.000
CT	895	5	38	38.000
CT	894	4	27	27.000
CT	893	4	20	20.000
CT	892	7	39	39.000
CT	891	5	34	34.000
CT	890	5	31	31.000
CT	889	7	31	31.000
CT	888	7	39	39.000
CT	887	3	15	15.000
CT	886	4	29	29.000
CT	885	7	34	34.000
CT	884	6	39	39.000
CT	883	6	30	30.000
CT	882	5	33	33.000
CT	881	7	37	37.000
CT	880	1	5	5.000
CT	879	4	16	16.000
CT	878	4	21	21.000
CT	877	5	31	31.000
CT	876	3	17	17.000
CT	875	8	41	41.000
CT	874	2	10	10.000
CT	873	9	53	53.000
CT	872	3	16	16.000
CT	871	6	32	32.000
CT	870	5	33	33.000
CT	869	2	11	11.000
CT	868	6	31	31.000
CT	867	8	37	37.000
CT	866	10	56	56.000
CT	865	2	10	10.000
CT	864	5	25	25.000
CT	863	6	32	32.000
CT	862	8	46	46.000
CT	861	9	54	54.000
CT	860	9	53	53.000
CT	859	4	26	26.000
CT	858	7	44	44.000
CT	857	5	29	29.000
CT	856	7	44	44.000
CT	855	4	28	28.000
CT	854	7	38	38.000
CT	853	9	47	47.000
CT	852	7	36	36.000
CT	851	10	54	54.000
CT	850	9	47	47.000
CT	849	4	26	26.000
CT	848	9	47	47.000
CT	847	7	38	38.000
CT	846	5	23	23.000
CT	845	6	35	35.000
CT	844	9	49	49.000
CT	843	8	41	41.000
CT	842	10	49	49.000
CT	841	11	55	55.000
CT	840	4	22	22.000
CT	839	9	49	49.000
CT	838	6	34	34.000
CT	837	8	37	37.000
CT	836	4	16	16.000
CT	835	4	20	20.000
CT	834	4	24	24.000
CT	833	7	36	36.000
CT	832	8	36	36.000
CT	831	4	20	20.000
CT	830	5	26	26.000
CT	829	9	54	54.000
CT	828	9	45	45.000
CT	827	3	15	15.000
CT	826	15	79	79.000
CT	825	12	67	67.000
CT	824	6	36	36.000
CT	823	4	24	24.000
CT	822	9	49	49.000
CT	821	5	28	28.000
CT	820	8	42	42.000
CT	819	4	22	22.000
CT	818	1	5	5.000
CT	817	6	34	34.000
CT	816	7	46	46.000
CT	815	5	26	26.000
CT	814	8	49	49.000
CT	813	8	41	41.000
CT	812	8	40	40.000
CT	811	4	20	20.000
CT	810	12	62	62.000
CT	809	13	71	71.000
CT	808	8	43	43.000
CT	807	9	46	46.000
CT	806	8	37	37.000
CT	805	12	65	65.000
CT	804	9	48	48.000
CT	803	11	59	59.000
CT	802	11	65	65.000
CT	801	18	97	97.000
CT	800	12	64	64.000
CT	799	17	89	89.000
CT	798	6	30	30.000
CT	797	4	22	22.000
CT	796	6	35	35.000
CT	795	4	25	25.000
CT	794	4	18	18.000
CT	793	9	46	46.000
CT	792	6	29	29.000
CT	791	5	24	24.000
CT	790	16	85	85.000
CT	789	7	36	36.000
CT	788	6	33	33.000
CT	787	3	17	17.000
CT	786	7	42	42.000
CT	785	6	29	29.000
CT	784	9	53	53.000
CT	783	7	36	36.000
CT	782	12	69	69.000
CT	781	8	35	35.000
CT	780	9	49	49.000
CT	779	9	55	55.000
CT	778	8	37	37.000
CT	777	11	58	58.000
CT	776	9	46	46.000
CT	775	14	75	75.000
CT	774	10	58	58.000
CT	773	9	48	48.000
CT	772	6	39	39.000
CT	771	10	55	55.000
CT	770	3	16	16.000
CT	769	7	38	38.000
CT	768	7	36	36.000
CT	767	15	78	78.000
CT	766	6	36	36.000
CT	765	9	51	51.000
CT	764	10	54	54.000
CT	763	9	45	45.000
CT	762	11	57	57.000
CT	761	5	24	24.000
CT	760	10	51	51.000
CT	759	3	16	16.000
CT	758	6	30	30.000
CT	757	4	18	18.000
CT	756	9	48	48.000
CT	755	10	49	49.000
CT	754	9	40	40.000
CT	753	4	22	22.000
CT	752	5	25	25.000
CT	751	4	16	16.000
CT	750	3	12	12.000
CT	749	4	19	19.000
CT	748	2	13	13.000
CT	747	4	20	20.000
CT	746	3	10	10.000
CT	745	4	21	21.000
CT	744	5	27	27.000
CT	743	4	20	20.000
CT	742	4	19	19.000
CT	741	2	12	12.000
CT	740	7	36	36.000
CT	739	7	35	35.000
CT	738	7	37	37.000
CT	737	8	42	42.000
CT	736	6	32	32.000
CT	735	4	19	19.000
CT	734	8	41	41.000
CT	733	4	22	22.000
CT	732	4	20	20.000
CT	731	7	36	36.000
CT	730	6	22	22.000
CT	729	6	30	30.000
CT	728	12	67	67.000
CT	727	6	29	29.000
CT	726	8	38	38.000
CT	725	4	23	23.000
CT	724	4	21	21.000
CT	723	7	31	31.000
CT	722	10	52	52.000
CT	721	7	34	34.000
CT	720	8	42	42.000
CT	719	6	26	26.000
CT	718	3	15	15.000
CT	717	4	21	21.000
CT	716	5	26	26.000
CT	715	4	21	21.000
CT	714	9	46	46.000
CT	713	2	9	9.000
CT	712	4	21	21.000
CT	711	8	38	38.000
CT	710	3	18	18.000
CT	709	6	30	30.000
CT	708	4	21	21.000
CT	707	2	11	11.000
CT	706	10	47	47.000
CT	705	5	21	21.000
CT	704	8	39	39.000
CT	703	4	21	21.000
CT	702	5	27	27.000
CT	701	7	35	35.000
CT	700	6	33	33.000
CT	699	11	48	48.000
CT	698	8	35	35.000
CT	697	7	38	38.000
CT	696	4	22	22.000
CT	695	9	46	46.000
CT	694	6	25	25.000
CT	693	11	49	49.000
CT	692	2	11	11.000
CT	691	1	0	0.000
CT	690	8	31	31.000
CT	689	5	23	23.000
CT	688	4	18	18.000
CT	687	8	35	35.000
CT	686	10	44	44.000
CT	685	10	43	43.000
CT	684	6	21	21.000
CT	683	8	38	38.000
CT	682	7	24	24.000
CT	681	6	24	24.000
CT	680	10	42	42.000
CT	679	8	30	30.000
CT	678	15	60	60.000
CT	677	14	58	58.000
CT	676	14	47	47.000
CT	675	16	78	78.000
CT	674	14	58	58.000
CT	673	17	59	59.000
CT	672	8	33	33.000
CT	671	8	25	25.000
CT	670	17	66	66.000
CT	669	7	30	30.000
CT	668	16	60	60.000
CT	667	13	55	55.000
CT	666	12	46	46.000
CT	665	15	63	63.000
CT	664	12	40	40.000
CT	663	20	79	79.000
CT	662	16	64	64.000
CT	661	10	41	41.000
CT	660	20	75	75.000
CT	659	18	78	78.000
CT	658	12	47	47.000
CT	657	15	55	55.000
CT	656	13	39	39.000
CT	655	15	58	58.000
CT	654	9	34	34.000
CT	653	7	30	30.000
CT	652	15	57	57.000
CT	651	17	71	71.000
CT	650	20	94	94.000
CT	649	12	55	55.000
CT	648	18	61	61.000
CT	647	18	82	82.000
CT	646	12	58	58.000
CT	645	11	45	45.000
CT	644	8	34	34.000
CT	643	13	55	55.000
CT	642	11	47	47.000
CT	641	15	71	71.000
CT	640	15	51	51.000
CT	639	11	47	47.000
CT	638	13	50	50.000
CT	637	11	50	50.000
CT	636	11	44	44.000
CT	635	13	42	42.000
CT	634	13	55	55.000
CT	633	13	53	53.000
CT	632	9	39	39.000
CT	631	10	43	43.000
CT	630	12	41	41.000
CT	629	11	47	47.000
CT	628	9	37	37.000
CT	627	11	49	49.000
CT	626	14	65	65.000
CT	625	16	71	71.000
CT	624	10	52	52.000
CT	623	15	77	77.000
CT	622	13	56	56.000
CT	621	7	33	33.000
CT	620	9	38	38.000
CT	619	18	77	77.000
CT	618	6	31	31.000
CT	617	13	55	55.000
CT	616	13	47	47.000
CT	615	11	46	46.000
CT	614	11	46	46.000
CT	613	8	37	37.000
CT	612	11	44	44.000
CT	611	8	29	29.000
CT	610	14	59	59.000
CT	609	14	58	58.000
CT	608	7	19	19.000
CT	607	15	59	59.000
CT	606	10	47	47.000
CT	605	13	57	57.000
CT	604	11	45	45.000
CT	603	11	52	52.000
CT	602	10	43	43.000
CT	601	16	68	68.000
CT	600	9	35	35.000
CT	599	8	30	30.000
CT	598	14	54	54.000
CT	597	15	55	55.000
CT	596	14	55	55.000
CT	595	11	41	41.000
CT	594	10	37	37.000
CT	593	12	51	51.000
CT	592	4	18	18.000
CT	591	10	38	38.000
CT	590	8	32	32.000
CT	589	13	51	51.000
CT	588	11	36	36.000
CT	587	7	19	19.000
CT	586	10	45	45.000
CT	585	9	36	36.000
CT	584	5	20	20.000
CT	583	4	13	13.000
CT	582	8	38	38.000
CT	581	9	33	33.000
CT	580	10	40	40.000
CT	579	7	28	28.000
CT	578	8	39	39.000
CT	577	6	29	29.000
CT	576	7	38	38.000
CT	575	8	24	24.000
CT	574	8	37	37.000
CT	573	9	37	37.000
CT	572	9	32	32.000
CT	571	4	13	13.000
CT	570	15	66	66.000
CT	569	17	58	58.000
CT	568	7	26	26.000
CT	567	10	39	39.000
CT	566	6	25	25.000
CT	565	7	17	17.000
CT	564	5	21	21.000
CT	563	8	26	26.000
CT	562	9	25	25.000
CT	561	10	36	36.000
CT	560	10	32	32.000
CT	559	15	75	75.000
CT	558	11	37	37.000
CT	557	10	29	29.000
CT	556	12	47	47.000
CT	555	7	22	22.000
CT	554	8	33	33.000
CT	553	7	24	24.000
CT	552	3	8	8.000
CT	551	7	26	26.000
CT	550	7	24	24.000
CT	549	8	31	31.000
CT	548	7	25	25.000
CT	547	8	23	23.000
CT	546	11	38	38.000
CT	545	10	34	34.000
CT	544	12	43	43.000
CT	543	6	12	12.000
CT	542	6	16	16.000
CT	541	13	43	43.000
CT	540	12	46	46.000
CT	539	7	23	23.000
CT	538	9	35	35.000
CT	537	11	37	37.000
CT	536	17	60	60.000
CT	535	8	23	23.000
CT	534	17	47	47.000
CT	533	9	25	25.000
CT	532	11	30	30.000
CT	531	12	38	38.000
CT	530	12	30	30.000
CT	529	13	40	40.000
CT	528	14	40	40.000
CT	527	25	66	66.000
CT	526	14	39	39.000
CT	525	13	38	38.000
CT	524	13	40	40.000
CT	523	14	36	36.000
CT	522	17	58	58.000
CT	521	14	47	47.000
CT	520	17	50	50.000
CT	519	16	48	48.000
CT	518	20	52	52.000
CT	517	17	53	53.000
CT	516	20	58	58.000
CT	515	24	68	68.000
CT	514	15	45	45.000
CT	513	17	58	58.000
CT	512	18	65	65.000
CT	511	29	92	92.000
CT	510	29	93	93.000
CT	509	16	59	59.000
CT	508	15	43	43.000
CT	507	12	30	30.000
CT	506	13	42	42.000
CT	505	17	65	65.000
CT	504	15	55	55.000
CT	503	11	38	38.000
CT	502	22	80	80.000
CT	501	18	65	65.000
CT	500	20	73	73.000
CT	499	5	13	13.000
CT	498	13	37	37.000
CT	497	13	35	35.000
CT	496	21	65	65.000
CT	495	20	60	60.000
CT	494	17	50	50.000
CT	493	14	48	48.000
CT	492	16	49	49.000
CT	491	16	55	55.000
CT	490	18	61	61.000
CT	489	12	39	39.000
CT	488	26	86	86.000
CT	487	17	54	54.000
CT	486	17	52	52.000
CT	485	20	47	47.000
CT	484	25	66	66.000
CT	483	23	72	72.000
CT	482	25	67	67.000
CT	481	24	73	73.000
CT	480	17	43	43.000
CT	479	20	58	58.000
CT	478	13	41	41.000
CT	477	27	80	80.000
CT	476	16	38	38.000
CT	475	14	49	49.000
CT	474	15	44	44.000
CT	473	20	55	55.000
CT	472	21	52	52.000
CT	471	12	35	35.000
CT	470	10	25	25.000
CT	469	13	36	36.000
CT	468	13	41	41.000
CT	467	16	42	42.000
CT	466	12	39	39.000
CT	465	16	38	38.000
CT	464	15	37	37.000
CT	463	15	42	42.000
CT	462	13	22	22.000
CT	461	17	54	54.000
CT	460	18	48	48.000
CT	459	23	63	63.000
CT	458	17	51	51.000
CT	457	13	37	37.000
CT	456	20	52	52.000
CT	455	22	63	63.000
CT	454	20	58	58.000
CT	453	29	74	74.000
CT	452	29	104	104.000
CT	451	23	70	70.000
CT	450	16	48	48.000
CT	449	24	71	71.000
CT	448	28	76	76.000
CT	447	25	75	75.000
CT	446	12	31	31.000
CT	445	33	84	84.000
CT	444	18	37	37.000
CT	443	28	73	73.000
CT	442	25	62	62.000
CT	441	32	87	87.000
CT	440	38	87	87.000
CT	439	30	80	80.000
CT	438	41	106	106.000
CT	437	50	138	138.000
CT	436	37	91	91.000
CT	435	32	74	74.000
CT	434	44	108	108.000
CT	433	34	88	88.000
CT	432	38	79	79.000
CT	431	40	87	87.000
CT	430	41	87	87.000
CT	429	43	83	83.000
CT	428	37	80	80.000
CT	427	41	76	76.000
CT	426	45	103	103.000
CT	425	47	100	100.000
CT	424	47	98	98.000
CT	423	48	100	100.000
CT	422	36	81	81.000
CT	421	42	89	89.000
CT	420	46	97	97.000
CT	419	51	103	103.000
CT	418	38	88	88.000
CT	417	53	130	130.000
CT	416	43	99	99.000
CT	415	42	90	90.000
CT	414	40	80	80.000
CT	413	50	109	109.000
CT	412	41	87	87.000
CT	411	44	105	105.000
CT	410	49	112	112.000
CT	409	35	86	86.000
CT	408	35	69	69.000
CT	407	36	68	68.000
CT	406	42	82	82.000
CT	405	39	83	83.000
CT	404	43	96	96.000
CT	403	31	61	61.000
CT	402	27	57	57.000
CT	401	36	77	77.000
CT	400	30	68	68.000
CT	399	31	61	61.000
CT	398	33	66	66.000
CT	397	33	70	70.000
CT	396	33	78	78.000
CT	395	28	72	72.000
CT	394	40	97	97.000
CT	393	41	89	89.000
CT	392	47	102	102.000
CT	391	38	81	81.000
CT	390	45	106	106.000
CT	389	47	103	103.000
CT	388	41	92	92.000
CT	387	41	97	97.000
CT	386	44	91	91.000
CT	385	41	87	87.000
CT	384	50	106	106.000
CT	383	50	104	104.000
CT	382	43	93	93.000
CT	381	46	97	97.000
CT	380	55	103	103.000
CT	379	54	115	115.000
CT	378	72	133	133.000
CT	377	48	109	109.000
CT	376	57	119	119.000
CT	375	71	154	154.000
CT	374	66	133	133.000
CT	373	55	112	112.000
CT	372	63	127	127.000
CT	371	56	121	121.000
CT	370	61	134	134.000
CT	369	76	147	147.000
CT	368	67	141	141.000
CT	367	67	133	133.000
CT	366	72	130	130.000
CT	365	58	114	114.000
CT	364	54	108	108.000
CT	363	48	90	90.000
CT	362	52	101	101.000
CT	361	55	110	110.000
CT	360	75	157	157.000
CT	359	72	143	143.000
CT	358	79	157	157.000
CT	357	87	175	175.000
CT	356	93	164	164.000
CT	355	60	114	114.000
CT	354	87	173	173.000
CT	353	87	185	185.000
CT	352	73	147	147.000
CT	351	75	148	148.000
CT	350	85	159	159.000
CT	349	80	154	154.000
CT	348	83	141	141.000
CT	347	77	132	132.000
CT	346	82	157	157.000
CT	345	114	216	216.000
CT	344	88	164	164.000
CT	343	96	194	194.000
CT	342	85	165	165.000
CT	341	92	163	163.000
CT	340	90	166	166.000
CT	339	108	177	177.000
CT	338	125	235	235.000
CT	337	132	230	230.000
CT	336	106	168	168.000
CT	335	118	186	186.000
CT	334	132	207	207.000
CT	333	138	250	250.000
CT	332	150	243	243.000
CT	331	161	267	267.000
CT	330	183	290	290.000
CT	329	148	241	241.000
CT	328	159	255	255.000
CT	327	181	285	285.000
CT	326	156	241	241.000
CT	325	193	292	292.000
CT	324	191	303	303.000
CT	323	198	290	290.000
CT	322	214	299	299.000
CT	321	221	306	306.000
CT	320	221	331	331.000
CT	319	225	309	309.000
CT	318	237	331	331.000
CT	317	239	322	322.000
CT	316	249	317	317.000
CT	315	241	338	338.000
CT	314	264	363	363.000
CT	313	275	383	383.000
CT	312	290	397	397.000
CT	311	258	349	349.000
CT	310	320	456	456.000
CT	309	284	370	370.000
CT	308	325	435	435.000
CT	307	327	436	436.000
CT	306	318	416	416.000
CT	305	360	447	447.000
CT	304	382	501	501.000
CT	303	423	519	519.000
CT	302	449	539	539.000
CT	301	480	593	593.000
CT	300	478	573	573.000
CT	299	514	609	609.000
CT	298	503	584	584.000
CT	297	543	617	617.000
CT	296	562	627	627.000
CT	295	635	727	727.000
CT	294	586	654	654.000
CT	293	648	717	717.000
CT	292	697	771	771.000
CT	291	681	763	763.000
CT	290	741	824	824.000
CT	289	763	823	823.000
CT	288	699	766	766.000
CT	287	774	825	825.000
CT	286	822	873	873.000
CT	285	868	952	952.000
CT	284	849	929	929.000
CT	283	923	990	990.000
CT	282	983	1058	1058.000
CT	281	1010	1095	1095.000
CT	280	1079	1175	1175.000
CT	279	1147	1223	1223.000
CT	278	1193	1285	1285.000
CT	277	1166	1265	1265.000
CT	276	1291	1382	1382.000
CT	275	1394	1492	1492.000
CT	274	1420	1498	1498.000
CT	273	1474	1583	1583.000
CT	272	1526	1639	1639.000
CT	271	1613	1730	1730.000
CT	270	1647	1750	1750.000
CT	269	1802	1903	1903.000
CT	268	1807	1906	1906.000
CT	267	1851	1962	1962.000
CT	266	1986	2080	2080.000
CT	265	1965	2043	2043.000
CT	264	2111	2205	2205.000
CT	263	2161	2247	2247.000
CT	262	2339	2427	2427.000
CT	261	2429	2522	2522.000
CT	260	2531	2606	2606.000
CT	259	2744	2819	2819.000
CT	258	2738	2826	2826.000
CT	257	2936	3021	3021.000
CT	256	3110	3175	3175.000
CT	255	3207	3264	3264.000
CT	254	3390	3465	3465.000
CT	253	3573	3642	3642.000
CT	252	3756	3836	3836.000
CT	251	3786	3870	3870.000
CT	250	4102	4172	4172.000
CT	249	4219	4271	4271.000
CT	248	4228	4270	4270.000
CT	247	4413	4458	4458.000
CT	246	4816	4892	4892.000
CT	245	5058	5111	5111.000
CT	244	5193	5252	5252.000
CT	243	5403	5447	5447.000
CT	242	5679	5729	5729.000
CT	241	5970	6024	6024.000
CT	240	6383	6434	6434.000
CT	239	6506	6581	6581.000
CT	238	6749	6793	6793.000
CT	237	6901	6961	6961.000
CT	236	7115	7163	7163.000
CT	235	7400	7452	7452.000
CT	234	7712	7761	7761.000
CT	233	8151	8213	8213.000
CT	232	8594	8647	8647.000
CT	231	8972	9037	9037.000
CT	230	9282	9347	9347.000
CT	229	9469	9541	9541.000
CT	228	9901	9966	9966.000
CT	227	10105	10160	10160.000
CT	226	10489	10550	10550.000
CT	225	10907	10979	10979.000
CT	224	11346	11397	11397.000
CT	223	11574	11639	11639.000
CT	222	12107	12162	12162.000
CT	221	12558	12604	12604.000
CT	220	13048	13107	13107.000
CT	219	13561	13613	13613.000
CT	218	14361	14396	14396.000
CT	217	14595	14640	14640.000
CT	216	15376	15425	15425.000
CT	215	16188	16237	16237.000
CT	214	16757	16800	16800.000
CT	213	17319	17380	17380.000
CT	212	17985	18039	18039.000
CT	211	18417	18468	18468.000
CT	210	19089	19139	19139.000
CT	209	19753	19802	19802.000
CT	208	20388	20417	20417.000
CT	207	21060	21117	21117.000
CT	206	21916	21957	21957.000
CT	205	22317	22350	22350.000
CT	204	23205	23258	23258.000
CT	203	23717	23752	23752.000
CT	202	24726	24751	24751.000
CT	201	25502	25546	25546.000
CT	200	26108	26135	26135.000
CT	199	26924	26970	26970.000
CT	198	28066	28106	28106.000
CT	197	28740	28791	28791.000
CT	196	29645	29683	29683.000
CT	195	30597	30637	30637.000
CT	194	31298	31343	31343.000
CT	193	31830	31880	31880.000
CT	192	32838	32868	32868.000
CT	191	34008	34042	34042.000
CT	190	34383	34409	34409.000
CT	189	35761	35795	35795.000
CT	188	36607	36649	36649.000
CT	187	37452	37483	37483.000
CT	186	38300	38341	38341.000
CT	185	39030	39064	39064.000
CT	184	39621	39637	39637.000
CT	183	40732	40754	40754.000
CT	182	41066	41081	41081.000
CT	181	41749	41788	41788.000
CT	180	42736	42770	42770.000
CT	179	43027	43061	43061.000
CT	178	43938	43948	43948.000
CT	177	44113	44133	44133.000
CT	176	45288	45315	45315.000
CT	175	46125	46153	46153.000
CT	174	47501	47523	47523.000
CT	173	48638	48657	48657.000
CT	172	49052	49071	49071.000
CT	171	49741	49752	49752.000
CT	170	50138	50135	50135.000
CT	169	51182	51171	51171.000
CT	168	51718	51720	51720.000
CT	167	52664	52689	52689.000
CT	166	53142	53150	53150.000
CT	165	54310	54322	54322.000
CT	164	54779	54767	54767.000
CT	163	55536	55539	55539.000
CT	162	55833	55836	55836.000
CT	161	56923	56917	56917.000
CT	160	56708	56704	56704.000
CT	159	57338	57353	57353.000
CT	158	58011	58004	58004.000
CT	157	58889	58884	58884.000
CT	156	59246	59251	59251.000
CT	155	59171	59162	59162.000
CT	154	59173	59156	59156.000
CT	153	59735	59726	59726.000
CT	152	59779	59765	59765.000
CT	151	60119	60107	60107.000
CT	150	60565	60550	60550.000
CT	149	60425	60420	60420.000
CT	148	60200	60197	60197.000
CT	147	60361	60364	60364.000
CT	146	59941	59931	59931.000
CT	145	59651	59636	59636.000
CT	144	59443	59427	59427.000
CT	143	59567	59550	59550.000
CT	142	59182	59169	59169.000
CT	141	58801	58787	58787.000
CT	140	58859	58841	58841.000
CT	139	58135	58127	58127.000
CT	138	57164	57157	57157.000
CT	137	56729	56711	56711.000
CT	136	55935	55913	55913.000
CT	135	55418	55393	55393.000
CT	134	54973	54953	54953.000
CT	133	53926	53921	53921.000
CT	132	52694	52687	52687.000
CT	131	51664	51649	51649.000
CT	130	50635	50625	50625.000
CT	129	49648	49628	49628.000
CT	128	48882	48871	48871.000
CT	127	47844	47826	47826.000
CT	126	46653	46640	46640.000
CT	125	45480	45464	45464.000
CT	124	44814	44791	44791.000
CT	123	43618	43600	43600.000
CT	122	42229	42216	42216.000
CT	121	41155	41148	41148.000
CT	120	40041	40030	40030.000
CT	119	38866	38851	38851.000
CT	118	37861	37838	37838.000
CT	117	36166	36152	36152.000
CT	116	35141	35132	35132.000
CT	115	33510	33488	33488.000
CT	114	32281	32259	32259.000
CT	113	31285	31272	31272.000
CT	112	29966	29927	29927.000
CT	111	28929	28901	28901.000
CT	110	27643	27626	27626.000
CT	109	26837	26801	26801.000
CT	108	25354	25316	25316.000
CT	107	24267	24227	24227.000
CT	106	23222	23186	23186.000
CT	105	22299	22274	22274.000
CT	104	21076	21057	21057.000
CT	103	19925	19885	19885.000
CT	102	19004	18971	18971.000
CT	101	18014	17979	17979.000
CT	100	16910	16884	16884.000
CT	99	15759	15721	15721.000
CT	98	14811	14772	14772.000
CT	97	13866	13832	13832.000
CT	96	13210	13165	13165.000
CT	95	12640	12603	12603.000
CT	94	11540	11502	11502.000
CT	93	11044	10996	10996.000
CT	92	10148	10112	10112.000
CT	91	9442	9418	9418.000
CT	90	8924	8898	8898.000
CT	89	8369	8337	8337.000
CT	88	7809	7778	7778.000
CT	87	7225	7185	7185.000
CT	86	6540	6505	6505.000
CT	85	6047	6015	6015.000
CT	84	5583	5555	5555.000
CT	83	5086	5060	5060.000
CT	82	4813	4790	4790.000
CT	81	4572	4544	4544.000
CT	80	4103	4073	4073.000
CT	79	3876	3841	3841.000
CT	78	3597	3554	3554.000
CT	77	3188	3140	3140.000
CT	76	2811	2773	2773.000
CT	75	2494	2449	2449.000
CT	74	2314	2259	2259.000
CT	73	1967	1922	1922.000
CT	72	1734	1676	1676.000
CT	71	1620	1564	1564.000
CT	70	1508	1447	1447.000
CT	69	1234	1181	1181.000
CT	68	1100	1064	1064.000
CT	67	1006	949	949.000
CT	66	862	806	806.000
CT	65	763	706	706.000
CT	64	683	630	630.000
CT	63	715	648	648.000
CT	62	669	616	616.000
CT	61	600	553	553.000
CT	60	525	481	481.000
CT	59	461	417	417.000
CT	58	388	340	340.000
CT	57	343	283	283.000
CT	56	329	260	260.000
CT	55	289	224	224.000
CT	54	283	227	227.000
CT	53	240	171	171.000
CT	52	242	181	181.000
CT	51	248	169	169.000
CT	50	213	148	148.000
CT	49	213	125	125.000
CT	48	195	93	93.000
CT	47	224	119	119.000
CT	46	208	100	100.000
CT	45	217	93	93.000
CT	44	224	96	96.000
CT	43	218	84	84.000
CT	42	229	78	78.000
CT	41	215	72	72.000
CT	40	222	68	68.000
CT	39	222	57	57.000
CT	38	281	83	83.000
CT	37	300	80	80.000
CT	36	280	68	68.000
CT	35	306	74	74.000
CT	34	311	59	59.000
CT	33	342	63	63.000
CT	32	304	34	34.000
CT	31	351	22	22.000
CT	30	403	18	18.000
CT	29	412	24	24.000
CT	28	449	18	18.000
CT	27	539	16	16.000
CT	26	560	13	13.000
CT	25	658	15	15.000
CT	24	793	12	12.000
CT	23	982	12	12.000
CT	22	1089	2	2.000
CT	21	1316	0	0.000
CT	20	1374	0	0.000
CT	19	1658	0	0.000
CT	18	1909	0	0.000
CT	17	2173	0	0.000
CT	16	2762	0	0.000
CT	15	3448	0	0.000
CT	14	4337	0	0.000
CT	13	5527	0	0.000
CT	12	6901	0	0.000
CT	11	8968	0	0.000
CT	10	12515	0	0.000
CT	9	18388	0	0.000
CT	8	27987	0	0.000
CT	7	45767	0	0.000
CT	6	83197	0	0.000
CT	5	175499	0	0.000
CT	4	446124	0	0.000
CT	3	1405739	0	0.000
CT	2	8387519	0	0.000
CT	1	0	0	-nan
CT	0	0	0	-nan
FR	0	0
ER	5513779	0.000
CV	1.000
QV	inf	inf
