HS	1023	0	18388	18388
HS	1022	0	5	18393
HS	1021	0	10	18403
HS	1020	0	8	18411
HS	1019	0	9	18420
HS	1018	0	11	18431
HS	1017	0	9	18440
HS	1016	0	7	18447
HS	1015	0	7	18454
HS	1014	0	5	18459
HS	1013	0	12	18471
HS	1012	0	13	18484
HS	1011	0	7	18491
HS	1010	0	8	18499
HS	1009	0	6	18505
HS	1008	0	10	18515
HS	1007	0	4	18519
HS	1006	0	8	18527
HS	1005	0	6	18533
HS	1004	0	9	18542
HS	1003	0	9	18551
HS	1002	0	6	18557
HS	1001	0	7	18564
HS	1000	0	10	18574
HS	999	0	6	18580
HS	998	0	10	18590
HS	997	0	12	18602
HS	996	0	9	18611
HS	995	0	9	18620
HS	994	0	11	18631
HS	993	0	7	18638
HS	992	0	9	18647
HS	991	0	5	18652
HS	990	0	8	18660
HS	989	0	6	18666
HS	988	0	9	18675
HS	987	0	6	18681
HS	986	0	10	18691
HS	985	0	12	18703
HS	984	0	2	18705
HS	983	0	7	18712
HS	982	0	5	18717
HS	981	0	8	18725
HS	980	0	1	18726
HS	979	0	7	18733
HS	978	0	13	18746
HS	977	0	9	18755
HS	976	0	8	18763
HS	975	0	10	18773
HS	974	0	8	18781
HS	973	0	7	18788
HS	972	0	6	18794
HS	971	0	9	18803
HS	970	0	8	18811
HS	969	0	7	18818
HS	968	0	8	18826
HS	967	0	7	18833
HS	966	0	6	18839
HS	965	0	4	18843
HS	964	0	5	18848
HS	963	0	9	18857
HS	962	0	3	18860
HS	961	0	7	18867
HS	960	0	8	18875
HS	959	0	4	18879
HS	958	0	10	18889
HS	957	0	7	18896
HS	956	0	7	18903
HS	955	0	14	18917
HS	954	0	8	18925
HS	953	0	9	18934
HS	952	0	4	18938
HS	951	0	15	18953
HS	950	0	5	18958
HS	949	0	7	18965
HS	948	0	13	18978
HS	947	0	7	18985
HS	946	0	12	18997
HS	945	0	8	19005
HS	944	0	10	19015
HS	943	0	5	19020
HS	942	0	4	19024
HS	941	0	5	19029
HS	940	0	6	19035
HS	939	0	4	19039
HS	938	0	8	19047
HS	937	0	16	19063
HS	936	0	11	19074
HS	935	0	6	19080
HS	934	0	7	19087
HS	933	0	5	19092
HS	932	0	5	19097
HS	931	0	7	19104
HS	930	0	7	19111
HS	929	0	6	19117
HS	928	0	6	19123
HS	927	0	3	19126
HS	926	0	3	19129
HS	925	0	5	19134
HS	924	0	6	19140
HS	923	0	5	19145
HS	922	0	2	19147
HS	921	0	7	19154
HS	920	0	3	19157
HS	919	0	1	19158
HS	918	0	2	19160
HS	917	0	1	19161
HS	916	0	5	19166
HS	915	0	1	19167
HS	914	0	2	19169
HS	913	0	4	19173
HS	912	0	3	19176
HS	911	0	0	19176
HS	910	0	0	19176
HS	909	0	1	19177
HS	908	0	2	19179
HS	907	0	3	19182
HS	906	0	5	19187
HS	905	0	2	19189
HS	904	0	3	19192
HS	903	0	5	19197
HS	902	0	4	19201
HS	901	0	3	19204
HS	900	0	11	19215
HS	899	0	3	19218
HS	898	0	1	19219
HS	897	0	2	19221
HS	896	0	5	19226
HS	895	0	5	19231
HS	894	0	4	19235
HS	893	0	4	19239
HS	892	0	7	19246
HS	891	0	5	19251
HS	890	0	5	19256
HS	889	0	7	19263
HS	888	0	7	19270
HS	887	0	3	19273
HS	886	0	4	19277
HS	885	0	7	19284
HS	884	0	6	19290
HS	883	0	6	19296
HS	882	0	5	19301
HS	881	0	7	19308
HS	880	0	1	19309
HS	879	0	4	19313
HS	878	0	4	19317
HS	877	0	5	19322
HS	876	0	3	19325
HS	875	0	8	19333
HS	874	0	2	19335
HS	873	0	9	19344
HS	872	0	3	19347
HS	871	0	6	19353
HS	870	0	5	19358
HS	869	0	2	19360
HS	868	0	6	19366
HS	867	0	8	19374
HS	866	0	10	19384
HS	865	0	2	19386
HS	864	0	5	19391
HS	863	0	6	19397
HS	862	0	8	19405
HS	861	0	9	19414
HS	860	0	9	19423
HS	859	0	4	19427
HS	858	0	7	19434
HS	857	0	5	19439
HS	856	0	7	19446
HS	855	0	4	19450
HS	854	0	7	19457
HS	853	0	9	19466
HS	852	0	7	19473
HS	851	0	10	19483
HS	850	0	9	19492
HS	849	0	4	19496
HS	848	0	9	19505
HS	847	0	7	19512
HS	846	0	5	19517
HS	845	0	6	19523
HS	844	0	9	19532
HS	843	0	8	19540
HS	842	0	10	19550
HS	841	0	11	19561
HS	840	0	4	19565
HS	839	0	9	19574
HS	838	0	6	19580
HS	837	0	8	19588
HS	836	0	4	19592
HS	835	0	4	19596
HS	834	0	4	19600
HS	833	0	7	19607
HS	832	0	8	19615
HS	831	0	4	19619
HS	830	0	5	19624
HS	829	0	9	19633
HS	828	0	9	19642
HS	827	0	3	19645
HS	826	0	15	19660
HS	825	0	12	19672
HS	824	0	6	19678
HS	823	0	4	19682
HS	822	0	9	19691
HS	821	0	5	19696
HS	820	0	8	19704
HS	819	0	4	19708
HS	818	0	1	19709
HS	817	0	6	19715
HS	816	0	7	19722
HS	815	0	5	19727
HS	814	0	8	19735
HS	813	0	8	19743
HS	812	0	8	19751
HS	811	0	4	19755
HS	810	0	12	19767
HS	809	0	13	19780
HS	808	0	8	19788
HS	807	0	9	19797
HS	806	0	8	19805
HS	805	0	12	19817
HS	804	0	9	19826
HS	803	0	11	19837
HS	802	0	11	19848
HS	801	0	18	19866
HS	800	0	12	19878
HS	799	0	17	19895
HS	798	0	6	19901
HS	797	0	4	19905
HS	796	0	6	19911
HS	795	0	4	19915
HS	794	0	4	19919
HS	793	0	9	19928
HS	792	0	6	19934
HS	791	0	5	19939
HS	790	0	16	19955
HS	789	0	7	19962
HS	788	0	6	19968
HS	787	0	3	19971
HS	786	0	7	19978
HS	785	0	6	19984
HS	784	0	9	19993
HS	783	0	7	20000
HS	782	0	12	20012
HS	781	0	8	20020
HS	780	0	9	20029
HS	779	0	9	20038
HS	778	0	8	20046
HS	777	0	11	20057
HS	776	0	9	20066
HS	775	0	14	20080
HS	774	0	10	20090
HS	773	0	9	20099
HS	772	0	6	20105
HS	771	0	10	20115
HS	770	0	3	20118
HS	769	0	7	20125
HS	768	0	7	20132
HS	767	0	15	20147
HS	766	0	6	20153
HS	765	0	9	20162
HS	764	0	10	20172
HS	763	0	9	20181
HS	762	0	11	20192
HS	761	0	5	20197
HS	760	0	10	20207
HS	759	0	3	20210
HS	758	0	6	20216
HS	757	0	4	20220
HS	756	0	9	20229
HS	755	0	10	20239
HS	754	0	9	20248
HS	753	0	4	20252
HS	752	0	5	20257
HS	751	0	4	20261
HS	750	0	3	20264
HS	749	0	4	20268
HS	748	0	2	20270
HS	747	0	4	20274
HS	746	0	3	20277
HS	745	0	4	20281
HS	744	0	5	20286
HS	743	0	4	20290
HS	742	0	4	20294
HS	741	0	2	20296
HS	740	0	7	20303
HS	739	0	7	20310
HS	738	0	7	20317
HS	737	0	8	20325
HS	736	0	6	20331
HS	735	0	4	20335
HS	734	0	8	20343
HS	733	0	4	20347
HS	732	0	4	20351
HS	731	0	7	20358
HS	730	0	6	20364
HS	729	0	6	20370
HS	728	0	12	20382
HS	727	0	6	20388
HS	726	0	8	20396
HS	725	0	4	20400
HS	724	0	4	20404
HS	723	0	7	20411
HS	722	0	10	20421
HS	721	0	7	20428
HS	720	0	8	20436
HS	719	0	6	20442
HS	718	0	3	20445
HS	717	0	4	20449
HS	716	0	5	20454
HS	715	0	4	20458
HS	714	0	9	20467
HS	713	0	2	20469
HS	712	0	4	20473
HS	711	0	8	20481
HS	710	0	3	20484
HS	709	0	6	20490
HS	708	0	4	20494
HS	707	0	2	20496
HS	706	0	10	20506
HS	705	0	5	20511
HS	704	0	8	20519
HS	703	0	4	20523
HS	702	0	5	20528
HS	701	0	7	20535
HS	700	0	6	20541
HS	699	0	11	20552
HS	698	0	8	20560
HS	697	0	7	20567
HS	696	0	4	20571
HS	695	0	9	20580
HS	694	0	6	20586
HS	693	0	11	20597
HS	692	0	2	20599
HS	691	0	1	20600
HS	690	0	8	20608
HS	689	0	5	20613
HS	688	0	4	20617
HS	687	0	8	20625
HS	686	0	10	20635
HS	685	0	10	20645
HS	684	0	6	20651
HS	683	0	8	20659
HS	682	0	7	20666
HS	681	0	6	20672
HS	680	0	10	20682
HS	679	0	8	20690
HS	678	0	15	20705
HS	677	0	14	20719
HS	676	0	14	20733
HS	675	0	16	20749
HS	674	0	14	20763
HS	673	0	17	20780
HS	672	0	8	20788
HS	671	0	8	20796
HS	670	0	17	20813
HS	669	0	7	20820
HS	668	0	16	20836
HS	667	0	13	20849
HS	666	0	12	20861
HS	665	0	15	20876
HS	664	0	12	20888
HS	663	0	20	20908
HS	662	0	16	20924
HS	661	0	10	20934
HS	660	0	20	20954
HS	659	0	18	20972
HS	658	0	12	20984
HS	657	0	15	20999
HS	656	0	13	21012
HS	655	0	15	21027
HS	654	0	9	21036
HS	653	0	7	21043
HS	652	0	15	21058
HS	651	0	17	21075
HS	650	0	20	21095
HS	649	0	12	21107
HS	648	0	18	21125
HS	647	0	18	21143
HS	646	0	12	21155
HS	645	0	11	21166
HS	644	0	8	21174
HS	643	0	13	21187
HS	642	0	11	21198
HS	641	0	15	21213
HS	640	0	15	21228
HS	639	0	11	21239
HS	638	0	13	21252
HS	637	0	11	21263
HS	636	0	11	21274
HS	635	0	13	21287
HS	634	0	13	21300
HS	633	0	13	21313
HS	632	0	9	21322
HS	631	0	10	21332
HS	630	0	12	21344
HS	629	0	11	21355
HS	628	0	9	21364
HS	627	0	11	21375
HS	626	0	14	21389
HS	625	0	16	21405
HS	624	0	10	21415
HS	623	0	15	21430
HS	622	0	13	21443
HS	621	0	7	21450
HS	620	0	9	21459
HS	619	0	18	21477
HS	618	0	6	21483
HS	617	0	13	21496
HS	616	0	13	21509
HS	615	0	11	21520
HS	614	0	11	21531
HS	613	0	8	21539
HS	612	0	11	21550
HS	611	0	8	21558
HS	610	0	14	21572
HS	609	0	14	21586
HS	608	0	7	21593
HS	607	0	15	21608
HS	606	0	10	21618
HS	605	0	13	21631
HS	604	0	11	21642
HS	603	0	11	21653
HS	602	0	10	21663
HS	601	0	16	21679
HS	600	0	9	21688
HS	599	0	8	21696
HS	598	0	14	21710
HS	597	0	15	21725
HS	596	0	14	21739
HS	595	0	11	21750
HS	594	0	10	21760
HS	593	0	12	21772
HS	592	0	4	21776
HS	591	0	10	21786
HS	590	0	8	21794
HS	589	0	13	21807
HS	588	0	11	21818
HS	587	0	7	21825
HS	586	0	10	21835
HS	585	0	9	21844
HS	584	0	5	21849
HS	583	0	4	21853
HS	582	0	8	21861
HS	581	0	9	21870
HS	580	0	10	21880
HS	579	0	7	21887
HS	578	0	8	21895
HS	577	0	6	21901
HS	576	0	7	21908
HS	575	0	8	21916
HS	574	0	8	21924
HS	573	0	9	21933
HS	572	0	9	21942
HS	571	0	4	21946
HS	570	0	15	21961
HS	569	0	17	21978
HS	568	0	7	21985
HS	567	0	10	21995
HS	566	0	6	22001
HS	565	0	7	22008
HS	564	0	5	22013
HS	563	0	8	22021
HS	562	0	9	22030
HS	561	0	10	22040
HS	560	0	10	22050
HS	559	0	15	22065
HS	558	0	11	22076
HS	557	0	10	22086
HS	556	0	12	22098
HS	555	0	7	22105
HS	554	0	8	22113
HS	553	0	7	22120
HS	552	0	3	22123
HS	551	0	7	22130
HS	550	0	7	22137
HS	549	0	8	22145
HS	548	0	7	22152
HS	547	0	8	22160
HS	546	0	11	22171
HS	545	0	10	22181
HS	544	0	12	22193
HS	543	0	6	22199
HS	542	0	6	22205
HS	541	0	13	22218
HS	540	0	12	22230
HS	539	0	7	22237
HS	538	0	9	22246
HS	537	0	11	22257
HS	536	0	17	22274
HS	535	0	8	22282
HS	534	0	17	22299
HS	533	0	9	22308
HS	532	0	11	22319
HS	531	0	12	22331
HS	530	0	12	22343
HS	529	0	13	22356
HS	528	0	14	22370
HS	527	0	25	22395
HS	526	0	14	22409
HS	525	0	13	22422
HS	524	0	13	22435
HS	523	0	14	22449
HS	522	0	17	22466
HS	521	0	14	22480
HS	520	0	17	22497
HS	519	0	16	22513
HS	518	0	20	22533
HS	517	0	17	22550
HS	516	0	20	22570
HS	515	0	24	22594
HS	514	0	15	22609
HS	513	0	17	22626
HS	512	0	18	22644
HS	511	0	29	22673
HS	510	0	29	22702
HS	509	0	16	22718
HS	508	0	15	22733
HS	507	0	12	22745
HS	506	0	13	22758
HS	505	0	17	22775
HS	504	0	15	22790
HS	503	0	11	22801
HS	502	0	22	22823
HS	501	0	18	22841
HS	500	0	20	22861
HS	499	0	5	22866
HS	498	0	13	22879
HS	497	0	13	22892
HS	496	0	21	22913
HS	495	0	20	22933
HS	494	0	17	22950
HS	493	0	14	22964
HS	492	0	16	22980
HS	491	0	16	22996
HS	490	0	18	23014
HS	489	0	12	23026
HS	488	0	26	23052
HS	487	0	17	23069
HS	486	0	17	23086
HS	485	0	20	23106
HS	484	0	25	23131
HS	483	0	23	23154
HS	482	0	25	23179
HS	481	0	24	23203
HS	480	0	17	23220
HS	479	0	20	23240
HS	478	0	13	23253
HS	477	0	27	23280
HS	476	0	16	23296
HS	475	0	14	23310
HS	474	0	15	23325
HS	473	0	20	23345
HS	472	0	21	23366
HS	471	0	12	23378
HS	470	0	10	23388
HS	469	0	13	23401
HS	468	0	13	23414
HS	467	0	16	23430
HS	466	0	12	23442
HS	465	0	16	23458
HS	464	0	15	23473
HS	463	0	15	23488
HS	462	0	13	23501
HS	461	0	17	23518
HS	460	0	18	23536
HS	459	0	23	23559
HS	458	0	17	23576
HS	457	0	13	23589
HS	456	0	20	23609
HS	455	0	22	23631
HS	454	0	20	23651
HS	453	0	29	23680
HS	452	0	29	23709
HS	451	0	23	23732
HS	450	0	16	23748
HS	449	0	24	23772
HS	448	0	28	23800
HS	447	0	25	23825
HS	446	0	12	23837
HS	445	0	33	23870
HS	444	0	18	23888
HS	443	0	28	23916
HS	442	0	25	23941
HS	441	0	32	23973
HS	440	0	38	24011
HS	439	0	30	24041
HS	438	0	41	24082
HS	437	0	50	24132
HS	436	0	37	24169
HS	435	0	32	24201
HS	434	0	44	24245
HS	433	0	34	24279
HS	432	0	38	24317
HS	431	0	40	24357
HS	430	0	41	24398
HS	429	0	43	24441
HS	428	0	37	24478
HS	427	0	41	24519
HS	426	0	45	24564
HS	425	0	47	24611
HS	424	0	47	24658
HS	423	0	48	24706
HS	422	0	36	24742
HS	421	0	42	24784
HS	420	0	46	24830
HS	419	0	51	24881
HS	418	0	38	24919
HS	417	0	53	24972
HS	416	0	43	25015
HS	415	0	42	25057
HS	414	0	40	25097
HS	413	0	50	25147
HS	412	0	41	25188
HS	411	0	44	25232
HS	410	0	49	25281
HS	409	0	35	25316
HS	408	0	35	25351
HS	407	0	36	25387
HS	406	0	42	25429
HS	405	0	39	25468
HS	404	0	43	25511
HS	403	0	31	25542
HS	402	0	27	25569
HS	401	0	36	25605
HS	400	0	30	25635
HS	399	0	31	25666
HS	398	0	33	25699
HS	397	0	33	25732
HS	396	0	33	25765
HS	395	0	28	25793
HS	394	0	40	25833
HS	393	0	41	25874
HS	392	0	47	25921
HS	391	0	38	25959
HS	390	0	45	26004
HS	389	0	47	26051
HS	388	0	41	26092
HS	387	0	41	26133
HS	386	0	44	26177
HS	385	0	41	26218
HS	384	0	50	26268
HS	383	0	50	26318
HS	382	0	43	26361
HS	381	0	46	26407
HS	380	0	55	26462
HS	379	0	54	26516
HS	378	0	72	26588
HS	377	0	48	26636
HS	376	0	57	26693
HS	375	0	71	26764
HS	374	0	66	26830
HS	373	0	55	26885
HS	372	0	63	26948
HS	371	0	56	27004
HS	370	0	61	27065
HS	369	0	76	27141
HS	368	0	67	27208
HS	367	0	67	27275
HS	366	0	72	27347
HS	365	0	58	27405
HS	364	0	54	27459
HS	363	0	48	27507
HS	362	0	52	27559
HS	361	0	55	27614
HS	360	0	75	27689
HS	359	0	72	27761
HS	358	0	79	27840
HS	357	0	87	27927
HS	356	0	93	28020
HS	355	0	60	28080
HS	354	0	87	28167
HS	353	0	87	28254
HS	352	0	73	28327
HS	351	0	75	28402
HS	350	0	85	28487
HS	349	0	80	28567
HS	348	0	83	28650
HS	347	0	77	28727
HS	346	0	82	28809
HS	345	0	114	28923
HS	344	0	88	29011
HS	343	0	96	29107
HS	342	0	85	29192
HS	341	0	92	29284
HS	340	0	90	29374
HS	339	0	108	29482
HS	338	0	125	29607
HS	337	0	132	29739
HS	336	0	106	29845
HS	335	0	118	29963
HS	334	0	132	30095
HS	333	0	138	30233
HS	332	0	150	30383
HS	331	0	161	30544
HS	330	0	183	30727
HS	329	0	148	30875
HS	328	0	159	31034
HS	327	0	181	31215
HS	326	0	156	31371
HS	325	0	193	31564
HS	324	0	191	31755
HS	323	0	198	31953
HS	322	0	214	32167
HS	321	0	221	32388
HS	320	0	221	32609
HS	319	0	225	32834
HS	318	0	237	33071
HS	317	0	239	33310
HS	316	0	249	33559
HS	315	0	241	33800
HS	314	0	264	34064
HS	313	0	275	34339
HS	312	0	290	34629
HS	311	0	258	34887
HS	310	0	320	35207
HS	309	0	284	35491
HS	308	0	325	35816
HS	307	0	327	36143
HS	306	0	318	36461
HS	305	0	360	36821
HS	304	0	382	37203
HS	303	0	423	37626
HS	302	0	449	38075
HS	301	0	480	38555
HS	300	0	478	39033
HS	299	0	514	39547
HS	298	0	503	40050
HS	297	0	543	40593
HS	296	0	562	41155
HS	295	0	635	41790
HS	294	0	586	42376
HS	293	0	648	43024
HS	292	0	697	43721
HS	291	0	681	44402
HS	290	0	741	45143
HS	289	0	763	45906
HS	288	0	699	46605
HS	287	0	774	47379
HS	286	0	822	48201
HS	285	0	868	49069
HS	284	0	849	49918
HS	283	0	923	50841
HS	282	0	983	51824
HS	281	0	1010	52834
HS	280	0	1079	53913
HS	279	0	1147	55060
HS	278	0	1193	56253
HS	277	0	1166	57419
HS	276	0	1291	58710
HS	275	0	1394	60104
HS	274	0	1420	61524
HS	273	0	1474	62998
HS	272	0	1526	64524
HS	271	0	1613	66137
HS	270	0	1647	67784
HS	269	0	1802	69586
HS	268	0	1807	71393
HS	267	0	1851	73244
HS	266	0	1986	75230
HS	265	0	1965	77195
HS	264	0	2111	79306
HS	263	0	2161	81467
HS	262	0	2339	83806
HS	261	0	2429	86235
HS	260	0	2531	88766
HS	259	0	2744	91510
HS	258	0	2738	94248
HS	257	0	2936	97184
HS	256	0	3110	100294
HS	255	0	3207	103501
HS	254	0	3390	106891
HS	253	0	3573	110464
HS	252	0	3756	114220
HS	251	0	3786	118006
HS	250	0	4102	122108
HS	249	0	4219	126327
HS	248	0	4228	130555
HS	247	0	4413	134968
HS	246	0	4816	139784
HS	245	0	5058	144842
HS	244	0	5193	150035
HS	243	0	5403	155438
HS	242	0	5679	161117
HS	241	0	5970	167087
HS	240	0	6383	173470
HS	239	0	6506	179976
HS	238	0	6749	186725
HS	237	0	6901	193626
HS	236	0	7115	200741
HS	235	0	7400	208141
HS	234	0	7712	215853
HS	233	0	8151	224004
HS	232	0	8594	232598
HS	231	0	8972	241570
HS	230	0	9282	250852
HS	229	0	9469	260321
HS	228	0	9901	270222
HS	227	0	10105	280327
HS	226	0	10489	290816
HS	225	0	10907	301723
HS	224	0	11346	313069
HS	223	0	11574	324643
HS	222	0	12107	336750
HS	221	0	12558	349308
HS	220	0	13048	362356
HS	219	0	13561	375917
HS	218	0	14361	390278
HS	217	0	14595	404873
HS	216	0	15376	420249
HS	215	0	16188	436437
HS	214	0	16757	453194
HS	213	0	17319	470513
HS	212	0	17985	488498
HS	211	0	18417	506915
HS	210	0	19089	526004
HS	209	0	19753	545757
HS	208	0	20388	566145
HS	207	0	21060	587205
HS	206	0	21916	609121
HS	205	0	22317	631438
HS	204	0	23205	654643
HS	203	0	23717	678360
HS	202	0	24726	703086
HS	201	0	25502	728588
HS	200	0	26108	754696
HS	199	0	26924	781620
HS	198	0	28066	809686
HS	197	0	28740	838426
HS	196	0	29645	868071
HS	195	0	30597	898668
HS	194	0	31298	929966
HS	193	0	31830	961796
HS	192	0	32838	994634
HS	191	0	34008	1028642
HS	190	0	34383	1063025
HS	189	0	35761	1098786
HS	188	0	36607	1135393
HS	187	0	37452	1172845
HS	186	0	38300	1211145
HS	185	0	39030	1250175
HS	184	0	39621	1289796
HS	183	0	40732	1330528
HS	182	0	41066	1371594
HS	181	0	41749	1413343
HS	180	0	42736	1456079
HS	179	0	43027	1499106
HS	178	0	43938	1543044
HS	177	0	44113	1587157
HS	176	0	45288	1632445
HS	175	0	46125	1678570
HS	174	0	47501	1726071
HS	173	0	48638	1774709
HS	172	0	49052	1823761
HS	171	0	49741	1873502
HS	170	0	50138	1923640
HS	169	0	51182	1974822
HS	168	0	51718	2026540
HS	167	0	52664	2079204
HS	166	0	53142	2132346
HS	165	0	54310	2186656
HS	164	0	54779	2241435
HS	163	0	55536	2296971
HS	162	0	55833	2352804
HS	161	0	56923	2409727
HS	160	0	56708	2466435
HS	159	0	57338	2523773
HS	158	0	58011	2581784
HS	157	0	58889	2640673
HS	156	0	59246	2699919
HS	155	0	59171	2759090
HS	154	0	59173	2818263
HS	153	0	59735	2877998
HS	152	0	59779	2937777
HS	151	0	60119	2997896
HS	150	0	60565	3058461
HS	149	0	60425	3118886
HS	148	0	60200	3179086
HS	147	0	60361	3239447
HS	146	0	59941	3299388
HS	145	0	59651	3359039
HS	144	0	59443	3418482
HS	143	0	59567	3478049
HS	142	0	59182	3537231
HS	141	0	58801	3596032
HS	140	0	58859	3654891
HS	139	0	58135	3713026
HS	138	0	57164	3770190
HS	137	0	56729	3826919
HS	136	0	55935	3882854
HS	135	0	55418	3938272
HS	134	0	54973	3993245
HS	133	0	53926	4047171
HS	132	0	52694	4099865
HS	131	0	51664	4151529
HS	130	0	50635	4202164
HS	129	0	49648	4251812
HS	128	0	48882	4300694
HS	127	0	47844	4348538
HS	126	0	46653	4395191
HS	125	0	45480	4440671
HS	124	0	44814	4485485
HS	123	0	43618	4529103
HS	122	0	42229	4571332
HS	121	0	41155	4612487
HS	120	0	40041	4652528
HS	119	0	38866	4691394
HS	118	0	37861	4729255
HS	117	0	36166	4765421
HS	116	0	35141	4800562
HS	115	0	33510	4834072
HS	114	0	32281	4866353
HS	113	0	31285	4897638
HS	112	0	29966	4927604
HS	111	0	28929	4956533
HS	110	0	27643	4984176
HS	109	0	26837	5011013
HS	108	0	25354	5036367
HS	107	0	24267	5060634
HS	106	0	23222	5083856
HS	105	0	22299	5106155
HS	104	0	21076	5127231
HS	103	0	19925	5147156
HS	102	0	19004	5166160
HS	101	0	18014	5184174
HS	100	0	16910	5201084
HS	99	0	15759	5216843
HS	98	0	14811	5231654
HS	97	0	13866	5245520
HS	96	0	13210	5258730
HS	95	0	12640	5271370
HS	94	0	11540	5282910
HS	93	0	11044	5293954
HS	92	0	10148	5304102
HS	91	0	9442	5313544
HS	90	0	8924	5322468
HS	89	0	8369	5330837
HS	88	0	7809	5338646
HS	87	0	7225	5345871
HS	86	0	6540	5352411
HS	85	0	6047	5358458
HS	84	0	5583	5364041
HS	83	0	5086	5369127
HS	82	0	4813	5373940
HS	81	0	4572	5378512
HS	80	0	4103	5382615
HS	79	0	3876	5386491
HS	78	0	3597	5390088
HS	77	0	3188	5393276
HS	76	0	2811	5396087
HS	75	0	2494	5398581
HS	74	0	2314	5400895
HS	73	0	1967	5402862
HS	72	0	1734	5404596
HS	71	0	1620	5406216
HS	70	0	1508	5407724
HS	69	0	1234	5408958
HS	68	0	1100	5410058
HS	67	0	1006	5411064
HS	66	0	862	5411926
HS	65	0	763	5412689
HS	64	0	683	5413372
HS	63	0	715	5414087
HS	62	0	669	5414756
HS	61	0	600	5415356
HS	60	0	525	5415881
HS	59	0	461	5416342
HS	58	0	388	5416730
HS	57	0	343	5417073
HS	56	0	329	5417402
HS	55	0	289	5417691
HS	54	0	283	5417974
HS	53	0	240	5418214
HS	52	0	242	5418456
HS	51	0	248	5418704
HS	50	0	213	5418917
HS	49	0	213	5419130
HS	48	0	195	5419325
HS	47	0	224	5419549
HS	46	0	208	5419757
HS	45	0	217	5419974
HS	44	0	224	5420198
HS	43	0	218	5420416
HS	42	0	229	5420645
HS	41	0	215	5420860
HS	40	0	222	5421082
HS	39	0	222	5421304
HS	38	0	281	5421585
HS	37	0	300	5421885
HS	36	0	280	5422165
HS	35	0	306	5422471
HS	34	0	311	5422782
HS	33	0	342	5423124
HS	32	0	304	5423428
HS	31	0	351	5423779
HS	30	0	403	5424182
HS	29	0	412	5424594
HS	28	0	449	5425043
HS	27	0	539	5425582
HS	26	0	560	5426142
HS	25	0	658	5426800
HS	24	0	793	5427593
HS	23	0	982	5428575
HS	22	0	1089	5429664
HS	21	0	1316	5430980
HS	20	0	1374	5432354
HS	19	0	1658	5434012
HS	18	0	1909	5435921
HS	17	0	2173	5438094
HS	16	0	2762	5440856
HS	15	0	3448	5444304
HS	14	0	4337	5448641
HS	13	0	5527	5454168
HS	12	0	6901	5461069
HS	11	0	8968	5470037
HS	10	0	12515	5482552
HS	9	0	18388	5500940
HS	8	0	27987	5528927
HS	7	0	45767	5574694
HS	6	0	83197	5657891
HS	5	0	175499	5833390
HS	4	0	446124	6279514
HS	3	0	1405739	7685253
HS	2	0	8387519	16072772
HS	1	0	0	16072772
HS	0	0	0	16072772
