CC	CT  kmer_occurrence    short_read_kmer_count  raw_input_kmer_count  adjusted_input_kmer_count
CC	FR  fpr_lower_bound    fpr_upper_bound
CC	ER  total_input_kmers  adjusted_error_kmers
CC	CV  coverage
CC	QV  raw_quality_value  adjusted_quality_value
CC
SQ	CP126106.1	5783869	5783839	5783813	68.39
CT	1023	11018	109177	109177.000
CT	1022	25	140	140.000
CT	1021	14	74	74.000
CT	1020	20	104	104.000
CT	1019	10	57	57.000
CT	1018	18	104	104.000
CT	1017	26	142	142.000
CT	1016	12	68	68.000
CT	1015	7	33	33.000
CT	1014	15	84	84.000
CT	1013	21	120	120.000
CT	1012	12	69	69.000
CT	1011	15	84	84.000
CT	1010	17	97	97.000
CT	1009	9	50	50.000
CT	1008	16	86	86.000
CT	1007	16	88	88.000
CT	1006	13	67	67.000
CT	1005	16	89	89.000
CT	1004	15	83	83.000
CT	1003	12	69	69.000
CT	1002	17	94	94.000
CT	1001	17	87	87.000
CT	1000	17	84	84.000
CT	999	19	108	108.000
CT	998	14	72	72.000
CT	997	17	101	101.000
CT	996	12	59	59.000
CT	995	13	75	75.000
CT	994	14	72	72.000
CT	993	9	55	55.000
CT	992	17	94	94.000
CT	991	17	100	100.000
CT	990	12	66	66.000
CT	989	19	98	98.000
CT	988	12	56	56.000
CT	987	13	73	73.000
CT	986	10	57	57.000
CT	985	20	111	111.000
CT	984	10	58	58.000
CT	983	19	121	121.000
CT	982	11	59	59.000
CT	981	12	64	64.000
CT	980	15	87	87.000
CT	979	13	68	68.000
CT	978	10	59	59.000
CT	977	8	45	45.000
CT	976	15	82	82.000
CT	975	18	105	105.000
CT	974	15	76	76.000
CT	973	12	77	77.000
CT	972	14	72	72.000
CT	971	25	131	131.000
CT	970	16	86	86.000
CT	969	11	64	64.000
CT	968	11	61	61.000
CT	967	19	105	105.000
CT	966	14	66	66.000
CT	965	16	102	102.000
CT	964	16	89	89.000
CT	963	13	76	76.000
CT	962	14	76	76.000
CT	961	9	47	47.000
CT	960	21	116	116.000
CT	959	9	48	48.000
CT	958	21	128	128.000
CT	957	14	85	85.000
CT	956	12	75	75.000
CT	955	8	44	44.000
CT	954	12	62	62.000
CT	953	16	86	86.000
CT	952	12	66	66.000
CT	951	16	93	93.000
CT	950	9	43	43.000
CT	949	6	32	32.000
CT	948	8	41	41.000
CT	947	10	59	59.000
CT	946	12	64	64.000
CT	945	14	81	81.000
CT	944	13	73	73.000
CT	943	14	80	80.000
CT	942	12	70	70.000
CT	941	15	67	67.000
CT	940	11	51	51.000
CT	939	14	83	83.000
CT	938	13	69	69.000
CT	937	11	59	59.000
CT	936	11	49	49.000
CT	935	12	57	57.000
CT	934	15	79	79.000
CT	933	14	78	78.000
CT	932	10	45	45.000
CT	931	10	48	48.000
CT	930	9	53	53.000
CT	929	11	56	56.000
CT	928	9	46	46.000
CT	927	15	73	73.000
CT	926	8	45	45.000
CT	925	16	86	86.000
CT	924	15	91	91.000
CT	923	18	109	109.000
CT	922	16	93	93.000
CT	921	11	63	63.000
CT	920	12	76	76.000
CT	919	9	49	49.000
CT	918	7	40	40.000
CT	917	10	51	51.000
CT	916	20	123	123.000
CT	915	8	43	43.000
CT	914	17	91	91.000
CT	913	12	55	55.000
CT	912	15	85	85.000
CT	911	10	55	55.000
CT	910	14	62	62.000
CT	909	14	81	81.000
CT	908	9	54	54.000
CT	907	12	71	71.000
CT	906	15	81	81.000
CT	905	10	56	56.000
CT	904	16	86	86.000
CT	903	9	40	40.000
CT	902	18	96	96.000
CT	901	11	59	59.000
CT	900	19	103	103.000
CT	899	7	30	30.000
CT	898	10	56	56.000
CT	897	13	69	69.000
CT	896	16	84	84.000
CT	895	13	67	67.000
CT	894	10	58	58.000
CT	893	13	73	73.000
CT	892	18	107	107.000
CT	891	13	73	73.000
CT	890	25	131	131.000
CT	889	22	130	130.000
CT	888	16	89	89.000
CT	887	11	51	51.000
CT	886	18	102	102.000
CT	885	24	129	129.000
CT	884	18	96	96.000
CT	883	14	66	66.000
CT	882	13	76	76.000
CT	881	17	98	98.000
CT	880	10	58	58.000
CT	879	8	43	43.000
CT	878	14	76	76.000
CT	877	13	61	61.000
CT	876	18	98	98.000
CT	875	13	67	67.000
CT	874	11	64	64.000
CT	873	18	90	90.000
CT	872	20	109	109.000
CT	871	15	78	78.000
CT	870	17	96	96.000
CT	869	15	86	86.000
CT	868	13	74	74.000
CT	867	10	52	52.000
CT	866	18	85	85.000
CT	865	22	120	120.000
CT	864	13	71	71.000
CT	863	12	67	67.000
CT	862	16	90	90.000
CT	861	20	135	135.000
CT	860	13	75	75.000
CT	859	23	139	139.000
CT	858	14	76	76.000
CT	857	12	54	54.000
CT	856	16	72	72.000
CT	855	14	71	71.000
CT	854	6	34	34.000
CT	853	18	97	97.000
CT	852	8	48	48.000
CT	851	15	80	80.000
CT	850	17	102	102.000
CT	849	15	99	99.000
CT	848	13	77	77.000
CT	847	13	67	67.000
CT	846	13	78	78.000
CT	845	9	54	54.000
CT	844	7	41	41.000
CT	843	16	87	87.000
CT	842	11	50	50.000
CT	841	13	73	73.000
CT	840	11	67	67.000
CT	839	12	62	62.000
CT	838	4	17	17.000
CT	837	6	28	28.000
CT	836	8	42	42.000
CT	835	5	29	29.000
CT	834	7	36	36.000
CT	833	11	60	60.000
CT	832	7	38	38.000
CT	831	7	37	37.000
CT	830	10	55	55.000
CT	829	9	42	42.000
CT	828	8	50	50.000
CT	827	7	36	36.000
CT	826	5	26	26.000
CT	825	10	39	39.000
CT	824	7	27	27.000
CT	823	12	62	62.000
CT	822	10	50	50.000
CT	821	13	70	70.000
CT	820	8	44	44.000
CT	819	17	92	92.000
CT	818	11	58	58.000
CT	817	11	58	58.000
CT	816	10	46	46.000
CT	815	9	44	44.000
CT	814	19	109	109.000
CT	813	16	83	83.000
CT	812	13	72	72.000
CT	811	14	69	69.000
CT	810	9	47	47.000
CT	809	20	112	112.000
CT	808	12	53	53.000
CT	807	9	49	49.000
CT	806	12	61	61.000
CT	805	5	29	29.000
CT	804	6	29	29.000
CT	803	7	36	36.000
CT	802	10	54	54.000
CT	801	13	65	65.000
CT	800	6	30	30.000
CT	799	6	17	17.000
CT	798	16	73	73.000
CT	797	4	23	23.000
CT	796	14	76	76.000
CT	795	15	78	78.000
CT	794	6	32	32.000
CT	793	8	39	39.000
CT	792	13	69	69.000
CT	791	11	61	61.000
CT	790	11	61	61.000
CT	789	8	47	47.000
CT	788	10	51	51.000
CT	787	18	88	88.000
CT	786	7	38	38.000
CT	785	6	32	32.000
CT	784	5	27	27.000
CT	783	7	40	40.000
CT	782	5	29	29.000
CT	781	10	54	54.000
CT	780	10	46	46.000
CT	779	6	31	31.000
CT	778	9	42	42.000
CT	777	12	62	62.000
CT	776	14	72	72.000
CT	775	10	53	53.000
CT	774	16	78	78.000
CT	773	9	46	46.000
CT	772	8	41	41.000
CT	771	8	41	41.000
CT	770	11	49	49.000
CT	769	6	31	31.000
CT	768	18	86	86.000
CT	767	11	47	47.000
CT	766	18	80	80.000
CT	765	9	39	39.000
CT	764	12	54	54.000
CT	763	18	85	85.000
CT	762	14	70	70.000
CT	761	16	63	63.000
CT	760	7	32	32.000
CT	759	16	76	76.000
CT	758	22	117	117.000
CT	757	12	53	53.000
CT	756	17	87	87.000
CT	755	13	62	62.000
CT	754	16	57	57.000
CT	753	8	40	40.000
CT	752	12	49	49.000
CT	751	3	19	19.000
CT	750	14	57	57.000
CT	749	11	55	55.000
CT	748	10	47	47.000
CT	747	9	41	41.000
CT	746	19	85	85.000
CT	745	14	67	67.000
CT	744	15	72	72.000
CT	743	14	51	51.000
CT	742	17	79	79.000
CT	741	15	72	72.000
CT	740	9	41	41.000
CT	739	16	58	58.000
CT	738	20	89	89.000
CT	737	10	36	36.000
CT	736	14	66	66.000
CT	735	18	66	66.000
CT	734	13	63	63.000
CT	733	17	78	78.000
CT	732	11	52	52.000
CT	731	14	59	59.000
CT	730	14	56	56.000
CT	729	10	48	48.000
CT	728	13	56	56.000
CT	727	18	77	77.000
CT	726	17	80	80.000
CT	725	7	28	28.000
CT	724	12	53	53.000
CT	723	15	62	62.000
CT	722	8	32	32.000
CT	721	17	80	80.000
CT	720	11	47	47.000
CT	719	14	61	61.000
CT	718	5	21	21.000
CT	717	19	81	81.000
CT	716	21	93	93.000
CT	715	12	44	44.000
CT	714	17	77	77.000
CT	713	14	51	51.000
CT	712	16	80	80.000
CT	711	10	47	47.000
CT	710	19	76	76.000
CT	709	16	66	66.000
CT	708	12	52	52.000
CT	707	14	39	39.000
CT	706	13	40	40.000
CT	705	6	20	20.000
CT	704	17	63	63.000
CT	703	20	80	80.000
CT	702	14	39	39.000
CT	701	20	67	67.000
CT	700	12	43	43.000
CT	699	11	44	44.000
CT	698	14	45	45.000
CT	697	19	69	69.000
CT	696	12	49	49.000
CT	695	16	68	68.000
CT	694	22	93	93.000
CT	693	14	49	49.000
CT	692	13	40	40.000
CT	691	13	54	54.000
CT	690	18	72	72.000
CT	689	14	56	56.000
CT	688	15	53	53.000
CT	687	20	71	71.000
CT	686	22	58	58.000
CT	685	13	45	45.000
CT	684	12	35	35.000
CT	683	12	38	38.000
CT	682	9	29	29.000
CT	681	12	46	46.000
CT	680	13	44	44.000
CT	679	19	80	80.000
CT	678	16	70	70.000
CT	677	16	56	56.000
CT	676	11	35	35.000
CT	675	15	61	61.000
CT	674	18	65	65.000
CT	673	20	85	85.000
CT	672	15	54	54.000
CT	671	16	64	64.000
CT	670	22	70	70.000
CT	669	22	80	80.000
CT	668	9	43	43.000
CT	667	16	58	58.000
CT	666	15	57	57.000
CT	665	17	67	67.000
CT	664	10	39	39.000
CT	663	14	66	66.000
CT	662	8	29	29.000
CT	661	17	66	66.000
CT	660	14	47	47.000
CT	659	19	78	78.000
CT	658	23	87	87.000
CT	657	17	55	55.000
CT	656	19	64	64.000
CT	655	15	59	59.000
CT	654	25	93	93.000
CT	653	11	44	44.000
CT	652	16	66	66.000
CT	651	18	69	69.000
CT	650	16	67	67.000
CT	649	11	44	44.000
CT	648	15	69	69.000
CT	647	14	54	54.000
CT	646	18	70	70.000
CT	645	14	65	65.000
CT	644	10	34	34.000
CT	643	15	54	54.000
CT	642	14	49	49.000
CT	641	13	47	47.000
CT	640	10	31	31.000
CT	639	7	36	36.000
CT	638	21	65	65.000
CT	637	13	47	47.000
CT	636	19	67	67.000
CT	635	11	37	37.000
CT	634	19	75	75.000
CT	633	16	42	42.000
CT	632	20	72	72.000
CT	631	11	35	35.000
CT	630	14	52	52.000
CT	629	19	61	61.000
CT	628	11	24	24.000
CT	627	11	40	40.000
CT	626	19	79	79.000
CT	625	12	43	43.000
CT	624	20	60	60.000
CT	623	7	20	20.000
CT	622	16	52	52.000
CT	621	15	56	56.000
CT	620	12	30	30.000
CT	619	11	41	41.000
CT	618	18	51	51.000
CT	617	14	43	43.000
CT	616	12	50	50.000
CT	615	18	52	52.000
CT	614	19	77	77.000
CT	613	15	50	50.000
CT	612	10	30	30.000
CT	611	17	53	53.000
CT	610	15	50	50.000
CT	609	9	27	27.000
CT	608	10	29	29.000
CT	607	13	34	34.000
CT	606	16	46	46.000
CT	605	10	34	34.000
CT	604	23	71	71.000
CT	603	18	59	59.000
CT	602	16	54	54.000
CT	601	21	71	71.000
CT	600	14	39	39.000
CT	599	12	42	42.000
CT	598	19	55	55.000
CT	597	18	48	48.000
CT	596	16	51	51.000
CT	595	19	64	64.000
CT	594	15	36	36.000
CT	593	22	66	66.000
CT	592	22	66	66.000
CT	591	18	54	54.000
CT	590	19	55	55.000
CT	589	17	54	54.000
CT	588	21	56	56.000
CT	587	26	71	71.000
CT	586	28	78	78.000
CT	585	19	58	58.000
CT	584	25	61	61.000
CT	583	36	115	115.000
CT	582	29	79	79.000
CT	581	33	95	95.000
CT	580	24	72	72.000
CT	579	25	78	78.000
CT	578	36	119	119.000
CT	577	27	81	81.000
CT	576	32	84	84.000
CT	575	31	81	81.000
CT	574	24	74	74.000
CT	573	31	82	82.000
CT	572	24	68	68.000
CT	571	34	98	98.000
CT	570	23	65	65.000
CT	569	29	78	78.000
CT	568	30	84	84.000
CT	567	27	74	74.000
CT	566	26	68	68.000
CT	565	32	87	87.000
CT	564	43	105	105.000
CT	563	28	68	68.000
CT	562	28	74	74.000
CT	561	24	53	53.000
CT	560	27	73	73.000
CT	559	34	86	86.000
CT	558	36	102	102.000
CT	557	36	97	97.000
CT	556	37	105	105.000
CT	555	29	72	72.000
CT	554	43	118	118.000
CT	553	57	130	130.000
CT	552	45	128	128.000
CT	551	34	88	88.000
CT	550	40	108	108.000
CT	549	23	67	67.000
CT	548	34	99	99.000
CT	547	49	125	125.000
CT	546	48	119	119.000
CT	545	49	137	137.000
CT	544	44	104	104.000
CT	543	46	121	121.000
CT	542	31	76	76.000
CT	541	37	98	98.000
CT	540	51	119	119.000
CT	539	36	100	100.000
CT	538	39	101	101.000
CT	537	51	122	122.000
CT	536	22	55	55.000
CT	535	38	99	99.000
CT	534	40	93	93.000
CT	533	45	103	103.000
CT	532	31	62	62.000
CT	531	53	129	129.000
CT	530	36	91	91.000
CT	529	34	72	72.000
CT	528	41	100	100.000
CT	527	26	61	61.000
CT	526	34	79	79.000
CT	525	33	77	77.000
CT	524	35	86	86.000
CT	523	24	60	60.000
CT	522	40	85	85.000
CT	521	49	108	108.000
CT	520	41	97	97.000
CT	519	38	89	89.000
CT	518	46	103	103.000
CT	517	37	90	90.000
CT	516	42	93	93.000
CT	515	43	86	86.000
CT	514	45	104	104.000
CT	513	43	94	94.000
CT	512	49	122	122.000
CT	511	37	88	88.000
CT	510	56	134	134.000
CT	509	36	78	78.000
CT	508	40	91	91.000
CT	507	43	99	99.000
CT	506	47	100	100.000
CT	505	47	109	109.000
CT	504	45	107	107.000
CT	503	59	118	118.000
CT	502	41	89	89.000
CT	501	43	100	100.000
CT	500	46	101	101.000
CT	499	41	81	81.000
CT	498	58	142	142.000
CT	497	52	105	105.000
CT	496	65	145	145.000
CT	495	55	120	120.000
CT	494	52	112	112.000
CT	493	64	140	140.000
CT	492	68	143	143.000
CT	491	75	172	172.000
CT	490	55	119	119.000
CT	489	56	131	131.000
CT	488	66	148	148.000
CT	487	75	170	170.000
CT	486	62	137	137.000
CT	485	76	164	164.000
CT	484	80	192	192.000
CT	483	79	183	183.000
CT	482	71	159	159.000
CT	481	79	176	176.000
CT	480	81	181	181.000
CT	479	75	160	160.000
CT	478	86	180	180.000
CT	477	80	169	169.000
CT	476	83	178	178.000
CT	475	91	194	194.000
CT	474	83	180	180.000
CT	473	101	212	212.000
CT	472	103	228	228.000
CT	471	96	213	213.000
CT	470	96	207	207.000
CT	469	82	178	178.000
CT	468	114	239	239.000
CT	467	87	184	184.000
CT	466	101	209	209.000
CT	465	93	196	196.000
CT	464	96	205	205.000
CT	463	92	191	191.000
CT	462	105	232	232.000
CT	461	115	244	244.000
CT	460	104	219	219.000
CT	459	102	221	221.000
CT	458	100	213	213.000
CT	457	106	226	226.000
CT	456	97	213	213.000
CT	455	101	216	216.000
CT	454	125	267	267.000
CT	453	79	147	147.000
CT	452	100	220	220.000
CT	451	86	183	183.000
CT	450	98	206	206.000
CT	449	108	224	224.000
CT	448	118	252	252.000
CT	447	114	247	247.000
CT	446	142	283	283.000
CT	445	125	271	271.000
CT	444	145	319	319.000
CT	443	114	251	251.000
CT	442	135	280	280.000
CT	441	128	269	269.000
CT	440	133	276	276.000
CT	439	139	295	295.000
CT	438	118	255	255.000
CT	437	142	287	287.000
CT	436	120	254	254.000
CT	435	120	272	272.000
CT	434	135	276	276.000
CT	433	111	237	237.000
CT	432	133	284	284.000
CT	431	133	281	281.000
CT	430	125	271	271.000
CT	429	134	289	289.000
CT	428	147	319	319.000
CT	427	132	287	287.000
CT	426	131	275	275.000
CT	425	135	289	289.000
CT	424	152	322	322.000
CT	423	164	342	342.000
CT	422	172	359	359.000
CT	421	128	267	267.000
CT	420	146	316	316.000
CT	419	165	357	357.000
CT	418	150	309	309.000
CT	417	132	275	275.000
CT	416	178	375	375.000
CT	415	162	340	340.000
CT	414	155	336	336.000
CT	413	153	311	311.000
CT	412	135	286	286.000
CT	411	161	319	319.000
CT	410	138	300	300.000
CT	409	147	293	293.000
CT	408	133	262	262.000
CT	407	152	310	310.000
CT	406	138	260	260.000
CT	405	178	357	357.000
CT	404	169	336	336.000
CT	403	181	353	353.000
CT	402	194	380	380.000
CT	401	181	345	345.000
CT	400	175	340	340.000
CT	399	193	375	375.000
CT	398	219	425	425.000
CT	397	167	331	331.000
CT	396	173	321	321.000
CT	395	174	330	330.000
CT	394	192	363	363.000
CT	393	214	414	414.000
CT	392	176	337	337.000
CT	391	187	347	347.000
CT	390	188	357	357.000
CT	389	171	321	321.000
CT	388	186	328	328.000
CT	387	164	311	311.000
CT	386	174	331	331.000
CT	385	174	317	317.000
CT	384	184	346	346.000
CT	383	180	316	316.000
CT	382	190	346	346.000
CT	381	193	353	353.000
CT	380	236	408	408.000
CT	379	220	385	385.000
CT	378	237	408	408.000
CT	377	202	332	332.000
CT	376	221	367	367.000
CT	375	224	376	376.000
CT	374	234	401	401.000
CT	373	210	342	342.000
CT	372	214	351	351.000
CT	371	233	368	368.000
CT	370	267	440	440.000
CT	369	240	404	404.000
CT	368	280	459	459.000
CT	367	251	392	392.000
CT	366	284	442	442.000
CT	365	281	434	434.000
CT	364	292	459	459.000
CT	363	263	408	408.000
CT	362	299	462	462.000
CT	361	271	403	403.000
CT	360	305	431	431.000
CT	359	302	437	437.000
CT	358	315	458	458.000
CT	357	312	436	436.000
CT	356	317	466	466.000
CT	355	329	467	467.000
CT	354	396	542	542.000
CT	353	385	540	540.000
CT	352	407	558	558.000
CT	351	435	571	571.000
CT	350	406	544	544.000
CT	349	400	531	531.000
CT	348	420	571	571.000
CT	347	450	584	584.000
CT	346	448	579	579.000
CT	345	524	692	692.000
CT	344	527	656	656.000
CT	343	518	646	646.000
CT	342	538	681	681.000
CT	341	636	812	812.000
CT	340	640	802	802.000
CT	339	637	779	779.000
CT	338	714	885	885.000
CT	337	678	820	820.000
CT	336	722	866	866.000
CT	335	854	986	986.000
CT	334	853	1028	1028.000
CT	333	819	948	948.000
CT	332	887	1024	1024.000
CT	331	886	999	999.000
CT	330	959	1098	1098.000
CT	329	1000	1146	1146.000
CT	328	1012	1145	1145.000
CT	327	1058	1187	1187.000
CT	326	1080	1196	1196.000
CT	325	1126	1249	1249.000
CT	324	1089	1209	1209.000
CT	323	1152	1296	1296.000
CT	322	1203	1332	1332.000
CT	321	1266	1423	1423.000
CT	320	1310	1456	1456.000
CT	319	1427	1570	1570.000
CT	318	1394	1529	1529.000
CT	317	1488	1630	1630.000
CT	316	1558	1685	1685.000
CT	315	1559	1705	1705.000
CT	314	1633	1779	1779.000
CT	313	1668	1787	1787.000
CT	312	1747	1868	1868.000
CT	311	1950	2083	2083.000
CT	310	1985	2114	2114.000
CT	309	2111	2235	2235.000
CT	308	2218	2361	2361.000
CT	307	2300	2450	2450.000
CT	306	2189	2288	2288.000
CT	305	2440	2576	2576.000
CT	304	2454	2565	2565.000
CT	303	2657	2793	2793.000
CT	302	2787	2915	2915.000
CT	301	2941	3051	3051.000
CT	300	2874	2986	2986.000
CT	299	3098	3216	3216.000
CT	298	3150	3260	3260.000
CT	297	3323	3426	3426.000
CT	296	3554	3632	3632.000
CT	295	3629	3727	3727.000
CT	294	3733	3818	3818.000
CT	293	4026	4106	4106.000
CT	292	4001	4086	4086.000
CT	291	4201	4274	4274.000
CT	290	4450	4533	4533.000
CT	289	4366	4438	4438.000
CT	288	4684	4769	4769.000
CT	287	4811	4889	4889.000
CT	286	5065	5144	5144.000
CT	285	5218	5300	5300.000
CT	284	5421	5524	5524.000
CT	283	5655	5752	5752.000
CT	282	5983	6086	6086.000
CT	281	6067	6152	6152.000
CT	280	6272	6359	6359.000
CT	279	6526	6639	6639.000
CT	278	6738	6835	6835.000
CT	277	6929	7010	7010.000
CT	276	7230	7295	7295.000
CT	275	7378	7443	7443.000
CT	274	7662	7737	7737.000
CT	273	8072	8138	8138.000
CT	272	8144	8220	8220.000
CT	271	8526	8609	8609.000
CT	270	9002	9098	9098.000
CT	269	9264	9338	9338.000
CT	268	9562	9619	9619.000
CT	267	9914	9997	9997.000
CT	266	10249	10341	10341.000
CT	265	10713	10802	10802.000
CT	264	11060	11162	11162.000
CT	263	11351	11428	11428.000
CT	262	11752	11826	11826.000
CT	261	12119	12192	12192.000
CT	260	12542	12617	12617.000
CT	259	12707	12760	12760.000
CT	258	13098	13163	13163.000
CT	257	13671	13741	13741.000
CT	256	13981	14039	14039.000
CT	255	14426	14490	14490.000
CT	254	15007	15068	15068.000
CT	253	15275	15355	15355.000
CT	252	15691	15755	15755.000
CT	251	15954	16030	16030.000
CT	250	16380	16427	16427.000
CT	249	16810	16892	16892.000
CT	248	17276	17356	17356.000
CT	247	17850	17917	17917.000
CT	246	18242	18295	18295.000
CT	245	19085	19157	19157.000
CT	244	19421	19489	19489.000
CT	243	19682	19756	19756.000
CT	242	20692	20783	20783.000
CT	241	21002	21068	21068.000
CT	240	21690	21756	21756.000
CT	239	22317	22384	22384.000
CT	238	22827	22907	22907.000
CT	237	23741	23804	23804.000
CT	236	24427	24484	24484.000
CT	235	24668	24727	24727.000
CT	234	25364	25434	25434.000
CT	233	25856	25910	25910.000
CT	232	26557	26614	26614.000
CT	231	27330	27369	27369.000
CT	230	27701	27756	27756.000
CT	229	28453	28492	28492.000
CT	228	29155	29201	29201.000
CT	227	29528	29558	29558.000
CT	226	30383	30412	30412.000
CT	225	30889	30913	30913.000
CT	224	31730	31754	31754.000
CT	223	31906	31956	31956.000
CT	222	32866	32886	32886.000
CT	221	33822	33836	33836.000
CT	220	34086	34101	34101.000
CT	219	34851	34879	34879.000
CT	218	35770	35798	35798.000
CT	217	36640	36681	36681.000
CT	216	36878	36902	36902.000
CT	215	37407	37443	37443.000
CT	214	38282	38314	38314.000
CT	213	38834	38876	38876.000
CT	212	39270	39298	39298.000
CT	211	39878	39902	39902.000
CT	210	40933	40944	40944.000
CT	209	41665	41677	41677.000
CT	208	42384	42390	42390.000
CT	207	42896	42902	42902.000
CT	206	43433	43445	43445.000
CT	205	43636	43653	43653.000
CT	204	44534	44552	44552.000
CT	203	45150	45172	45172.000
CT	202	46071	46093	46093.000
CT	201	46358	46375	46375.000
CT	200	47195	47223	47223.000
CT	199	47899	47907	47907.000
CT	198	48366	48399	48399.000
CT	197	48614	48636	48636.000
CT	196	49231	49270	49270.000
CT	195	49064	49077	49077.000
CT	194	49331	49353	49353.000
CT	193	49764	49797	49797.000
CT	192	50041	50056	50056.000
CT	191	50239	50247	50247.000
CT	190	51030	51058	51058.000
CT	189	51080	51096	51096.000
CT	188	51465	51480	51480.000
CT	187	50875	50893	50893.000
CT	186	51313	51340	51340.000
CT	185	51598	51622	51622.000
CT	184	51942	51963	51963.000
CT	183	52004	52006	52006.000
CT	182	51646	51650	51650.000
CT	181	51794	51809	51809.000
CT	180	51299	51299	51299.000
CT	179	52079	52076	52076.000
CT	178	51625	51628	51628.000
CT	177	51662	51659	51659.000
CT	176	51770	51760	51760.000
CT	175	51288	51281	51281.000
CT	174	51285	51267	51267.000
CT	173	51469	51454	51454.000
CT	172	51354	51340	51340.000
CT	171	50635	50619	50619.000
CT	170	51039	51019	51019.000
CT	169	50753	50740	50740.000
CT	168	50093	50078	50078.000
CT	167	49819	49799	49799.000
CT	166	49555	49539	49539.000
CT	165	49153	49144	49144.000
CT	164	48739	48725	48725.000
CT	163	48650	48635	48635.000
CT	162	48109	48093	48093.000
CT	161	47504	47490	47490.000
CT	160	47460	47443	47443.000
CT	159	46509	46496	46496.000
CT	158	46074	46066	46066.000
CT	157	45354	45343	45343.000
CT	156	45226	45209	45209.000
CT	155	44548	44528	44528.000
CT	154	43623	43612	43612.000
CT	153	42914	42894	42894.000
CT	152	42048	42034	42034.000
CT	151	41483	41469	41469.000
CT	150	40398	40375	40375.000
CT	149	40093	40064	40064.000
CT	148	39144	39130	39130.000
CT	147	38596	38590	38590.000
CT	146	37940	37930	37930.000
CT	145	37384	37372	37372.000
CT	144	36388	36378	36378.000
CT	143	35644	35638	35638.000
CT	142	34872	34861	34861.000
CT	141	33895	33885	33885.000
CT	140	32684	32676	32676.000
CT	139	31623	31615	31615.000
CT	138	30416	30412	30412.000
CT	137	29948	29931	29931.000
CT	136	28521	28508	28508.000
CT	135	28181	28163	28163.000
CT	134	27228	27207	27207.000
CT	133	26104	26092	26092.000
CT	132	25282	25257	25257.000
CT	131	23735	23713	23713.000
CT	130	23457	23441	23441.000
CT	129	22603	22590	22590.000
CT	128	21651	21635	21635.000
CT	127	21143	21118	21118.000
CT	126	20172	20161	20161.000
CT	125	19501	19489	19489.000
CT	124	18206	18187	18187.000
CT	123	17476	17459	17459.000
CT	122	16736	16722	16722.000
CT	121	15868	15850	15850.000
CT	120	15261	15248	15248.000
CT	119	14434	14419	14419.000
CT	118	13898	13870	13870.000
CT	117	13210	13199	13199.000
CT	116	12561	12552	12552.000
CT	115	11830	11817	11817.000
CT	114	11105	11081	11081.000
CT	113	10640	10621	10621.000
CT	112	9691	9676	9676.000
CT	111	9171	9160	9160.000
CT	110	8758	8747	8747.000
CT	109	8312	8290	8290.000
CT	108	7630	7610	7610.000
CT	107	7366	7352	7352.000
CT	106	7164	7144	7144.000
CT	105	6602	6588	6588.000
CT	104	6205	6180	6180.000
CT	103	5823	5804	5804.000
CT	102	5359	5334	5334.000
CT	101	5074	5055	5055.000
CT	100	4712	4701	4701.000
CT	99	4343	4316	4316.000
CT	98	4030	4009	4009.000
CT	97	3837	3815	3815.000
CT	96	3535	3519	3519.000
CT	95	3183	3157	3157.000
CT	94	2978	2955	2955.000
CT	93	2762	2746	2746.000
CT	92	2688	2660	2660.000
CT	91	2387	2364	2364.000
CT	90	2172	2152	2152.000
CT	89	2141	2123	2123.000
CT	88	1919	1897	1897.000
CT	87	1685	1656	1656.000
CT	86	1672	1643	1643.000
CT	85	1487	1458	1458.000
CT	84	1407	1384	1384.000
CT	83	1331	1305	1305.000
CT	82	1148	1117	1117.000
CT	81	1114	1083	1083.000
CT	80	1043	1009	1009.000
CT	79	844	820	820.000
CT	78	824	788	788.000
CT	77	804	767	767.000
CT	76	704	663	663.000
CT	75	706	665	665.000
CT	74	635	586	586.000
CT	73	642	604	604.000
CT	72	584	542	542.000
CT	71	555	510	510.000
CT	70	527	466	466.000
CT	69	509	466	466.000
CT	68	472	414	414.000
CT	67	429	383	383.000
CT	66	365	305	305.000
CT	65	336	286	286.000
CT	64	319	269	269.000
CT	63	275	214	214.000
CT	62	226	173	173.000
CT	61	268	207	207.000
CT	60	240	184	184.000
CT	59	215	156	156.000
CT	58	234	159	159.000
CT	57	231	145	145.000
CT	56	204	130	130.000
CT	55	156	81	81.000
CT	54	178	93	93.000
CT	53	150	67	67.000
CT	52	129	59	59.000
CT	51	128	57	57.000
CT	50	143	60	60.000
CT	49	151	56	56.000
CT	48	187	74	74.000
CT	47	145	50	50.000
CT	46	193	56	56.000
CT	45	190	49	49.000
CT	44	185	49	49.000
CT	43	198	54	54.000
CT	42	192	37	37.000
CT	41	240	46	46.000
CT	40	228	38	38.000
CT	39	240	29	29.000
CT	38	231	23	23.000
CT	37	238	17	17.000
CT	36	280	29	29.000
CT	35	246	24	24.000
CT	34	332	21	21.000
CT	33	351	23	23.000
CT	32	342	10	10.000
CT	31	410	3	3.000
CT	30	416	2	2.000
CT	29	445	9	9.000
CT	28	518	15	15.000
CT	27	568	10	10.000
CT	26	631	5	5.000
CT	25	732	9	9.000
CT	24	821	7	7.000
CT	23	857	6	6.000
CT	22	1026	0	0.000
CT	21	1242	8	8.000
CT	20	1372	1	1.000
CT	19	1628	5	5.000
CT	18	2004	9	9.000
CT	17	2492	10	10.000
CT	16	2760	5	5.000
CT	15	3447	2	2.000
CT	14	4526	12	12.000
CT	13	6101	21	21.000
CT	12	8289	10	10.000
CT	11	10603	17	17.000
CT	10	14394	9	9.000
CT	9	19951	21	21.000
CT	8	30960	48	48.000
CT	7	51752	35	35.000
CT	6	94573	39	39.000
CT	5	196373	68	68.000
CT	4	493783	9	9.000
CT	3	1571712	0	0.000
CT	2	9444126	0	0.000
CT	1	0	0	-nan
CT	0	0	26	-nan
FR	0	0
ER	5783839	0.000
CV	1.000
QV	68.386	68.386
