HS	1023	0	11018	11018
HS	1022	0	25	11043
HS	1021	0	14	11057
HS	1020	0	20	11077
HS	1019	0	10	11087
HS	1018	0	18	11105
HS	1017	0	26	11131
HS	1016	0	12	11143
HS	1015	0	7	11150
HS	1014	0	15	11165
HS	1013	0	21	11186
HS	1012	0	12	11198
HS	1011	0	15	11213
HS	1010	0	17	11230
HS	1009	0	9	11239
HS	1008	0	16	11255
HS	1007	0	16	11271
HS	1006	0	13	11284
HS	1005	0	16	11300
HS	1004	0	15	11315
HS	1003	0	12	11327
HS	1002	0	17	11344
HS	1001	0	17	11361
HS	1000	0	17	11378
HS	999	0	19	11397
HS	998	0	14	11411
HS	997	0	17	11428
HS	996	0	12	11440
HS	995	0	13	11453
HS	994	0	14	11467
HS	993	0	9	11476
HS	992	0	17	11493
HS	991	0	17	11510
HS	990	0	12	11522
HS	989	0	19	11541
HS	988	0	12	11553
HS	987	0	13	11566
HS	986	0	10	11576
HS	985	0	20	11596
HS	984	0	10	11606
HS	983	0	19	11625
HS	982	0	11	11636
HS	981	0	12	11648
HS	980	0	15	11663
HS	979	0	13	11676
HS	978	0	10	11686
HS	977	0	8	11694
HS	976	0	15	11709
HS	975	0	18	11727
HS	974	0	15	11742
HS	973	0	12	11754
HS	972	0	14	11768
HS	971	0	25	11793
HS	970	0	16	11809
HS	969	0	11	11820
HS	968	0	11	11831
HS	967	0	19	11850
HS	966	0	14	11864
HS	965	0	16	11880
HS	964	0	16	11896
HS	963	0	13	11909
HS	962	0	14	11923
HS	961	0	9	11932
HS	960	0	21	11953
HS	959	0	9	11962
HS	958	0	21	11983
HS	957	0	14	11997
HS	956	0	12	12009
HS	955	0	8	12017
HS	954	0	12	12029
HS	953	0	16	12045
HS	952	0	12	12057
HS	951	0	16	12073
HS	950	0	9	12082
HS	949	0	6	12088
HS	948	0	8	12096
HS	947	0	10	12106
HS	946	0	12	12118
HS	945	0	14	12132
HS	944	0	13	12145
HS	943	0	14	12159
HS	942	0	12	12171
HS	941	0	15	12186
HS	940	0	11	12197
HS	939	0	14	12211
HS	938	0	13	12224
HS	937	0	11	12235
HS	936	0	11	12246
HS	935	0	12	12258
HS	934	0	15	12273
HS	933	0	14	12287
HS	932	0	10	12297
HS	931	0	10	12307
HS	930	0	9	12316
HS	929	0	11	12327
HS	928	0	9	12336
HS	927	0	15	12351
HS	926	0	8	12359
HS	925	0	16	12375
HS	924	0	15	12390
HS	923	0	18	12408
HS	922	0	16	12424
HS	921	0	11	12435
HS	920	0	12	12447
HS	919	0	9	12456
HS	918	0	7	12463
HS	917	0	10	12473
HS	916	0	20	12493
HS	915	0	8	12501
HS	914	0	17	12518
HS	913	0	12	12530
HS	912	0	15	12545
HS	911	0	10	12555
HS	910	0	14	12569
HS	909	0	14	12583
HS	908	0	9	12592
HS	907	0	12	12604
HS	906	0	15	12619
HS	905	0	10	12629
HS	904	0	16	12645
HS	903	0	9	12654
HS	902	0	18	12672
HS	901	0	11	12683
HS	900	0	19	12702
HS	899	0	7	12709
HS	898	0	10	12719
HS	897	0	13	12732
HS	896	0	16	12748
HS	895	0	13	12761
HS	894	0	10	12771
HS	893	0	13	12784
HS	892	0	18	12802
HS	891	0	13	12815
HS	890	0	25	12840
HS	889	0	22	12862
HS	888	0	16	12878
HS	887	0	11	12889
HS	886	0	18	12907
HS	885	0	24	12931
HS	884	0	18	12949
HS	883	0	14	12963
HS	882	0	13	12976
HS	881	0	17	12993
HS	880	0	10	13003
HS	879	0	8	13011
HS	878	0	14	13025
HS	877	0	13	13038
HS	876	0	18	13056
HS	875	0	13	13069
HS	874	0	11	13080
HS	873	0	18	13098
HS	872	0	20	13118
HS	871	0	15	13133
HS	870	0	17	13150
HS	869	0	15	13165
HS	868	0	13	13178
HS	867	0	10	13188
HS	866	0	18	13206
HS	865	0	22	13228
HS	864	0	13	13241
HS	863	0	12	13253
HS	862	0	16	13269
HS	861	0	20	13289
HS	860	0	13	13302
HS	859	0	23	13325
HS	858	0	14	13339
HS	857	0	12	13351
HS	856	0	16	13367
HS	855	0	14	13381
HS	854	0	6	13387
HS	853	0	18	13405
HS	852	0	8	13413
HS	851	0	15	13428
HS	850	0	17	13445
HS	849	0	15	13460
HS	848	0	13	13473
HS	847	0	13	13486
HS	846	0	13	13499
HS	845	0	9	13508
HS	844	0	7	13515
HS	843	0	16	13531
HS	842	0	11	13542
HS	841	0	13	13555
HS	840	0	11	13566
HS	839	0	12	13578
HS	838	0	4	13582
HS	837	0	6	13588
HS	836	0	8	13596
HS	835	0	5	13601
HS	834	0	7	13608
HS	833	0	11	13619
HS	832	0	7	13626
HS	831	0	7	13633
HS	830	0	10	13643
HS	829	0	9	13652
HS	828	0	8	13660
HS	827	0	7	13667
HS	826	0	5	13672
HS	825	0	10	13682
HS	824	0	7	13689
HS	823	0	12	13701
HS	822	0	10	13711
HS	821	0	13	13724
HS	820	0	8	13732
HS	819	0	17	13749
HS	818	0	11	13760
HS	817	0	11	13771
HS	816	0	10	13781
HS	815	0	9	13790
HS	814	0	19	13809
HS	813	0	16	13825
HS	812	0	13	13838
HS	811	0	14	13852
HS	810	0	9	13861
HS	809	0	20	13881
HS	808	0	12	13893
HS	807	0	9	13902
HS	806	0	12	13914
HS	805	0	5	13919
HS	804	0	6	13925
HS	803	0	7	13932
HS	802	0	10	13942
HS	801	0	13	13955
HS	800	0	6	13961
HS	799	0	6	13967
HS	798	0	16	13983
HS	797	0	4	13987
HS	796	0	14	14001
HS	795	0	15	14016
HS	794	0	6	14022
HS	793	0	8	14030
HS	792	0	13	14043
HS	791	0	11	14054
HS	790	0	11	14065
HS	789	0	8	14073
HS	788	0	10	14083
HS	787	0	18	14101
HS	786	0	7	14108
HS	785	0	6	14114
HS	784	0	5	14119
HS	783	0	7	14126
HS	782	0	5	14131
HS	781	0	10	14141
HS	780	0	10	14151
HS	779	0	6	14157
HS	778	0	9	14166
HS	777	0	12	14178
HS	776	0	14	14192
HS	775	0	10	14202
HS	774	0	16	14218
HS	773	0	9	14227
HS	772	0	8	14235
HS	771	0	8	14243
HS	770	0	11	14254
HS	769	0	6	14260
HS	768	0	18	14278
HS	767	0	11	14289
HS	766	0	18	14307
HS	765	0	9	14316
HS	764	0	12	14328
HS	763	0	18	14346
HS	762	0	14	14360
HS	761	0	16	14376
HS	760	0	7	14383
HS	759	0	16	14399
HS	758	0	22	14421
HS	757	0	12	14433
HS	756	0	17	14450
HS	755	0	13	14463
HS	754	0	16	14479
HS	753	0	8	14487
HS	752	0	12	14499
HS	751	0	3	14502
HS	750	0	14	14516
HS	749	0	11	14527
HS	748	0	10	14537
HS	747	0	9	14546
HS	746	0	19	14565
HS	745	0	14	14579
HS	744	0	15	14594
HS	743	0	14	14608
HS	742	0	17	14625
HS	741	0	15	14640
HS	740	0	9	14649
HS	739	0	16	14665
HS	738	0	20	14685
HS	737	0	10	14695
HS	736	0	14	14709
HS	735	0	18	14727
HS	734	0	13	14740
HS	733	0	17	14757
HS	732	0	11	14768
HS	731	0	14	14782
HS	730	0	14	14796
HS	729	0	10	14806
HS	728	0	13	14819
HS	727	0	18	14837
HS	726	0	17	14854
HS	725	0	7	14861
HS	724	0	12	14873
HS	723	0	15	14888
HS	722	0	8	14896
HS	721	0	17	14913
HS	720	0	11	14924
HS	719	0	14	14938
HS	718	0	5	14943
HS	717	0	19	14962
HS	716	0	21	14983
HS	715	0	12	14995
HS	714	0	17	15012
HS	713	0	14	15026
HS	712	0	16	15042
HS	711	0	10	15052
HS	710	0	19	15071
HS	709	0	16	15087
HS	708	0	12	15099
HS	707	0	14	15113
HS	706	0	13	15126
HS	705	0	6	15132
HS	704	0	17	15149
HS	703	0	20	15169
HS	702	0	14	15183
HS	701	0	20	15203
HS	700	0	12	15215
HS	699	0	11	15226
HS	698	0	14	15240
HS	697	0	19	15259
HS	696	0	12	15271
HS	695	0	16	15287
HS	694	0	22	15309
HS	693	0	14	15323
HS	692	0	13	15336
HS	691	0	13	15349
HS	690	0	18	15367
HS	689	0	14	15381
HS	688	0	15	15396
HS	687	0	20	15416
HS	686	0	22	15438
HS	685	0	13	15451
HS	684	0	12	15463
HS	683	0	12	15475
HS	682	0	9	15484
HS	681	0	12	15496
HS	680	0	13	15509
HS	679	0	19	15528
HS	678	0	16	15544
HS	677	0	16	15560
HS	676	0	11	15571
HS	675	0	15	15586
HS	674	0	18	15604
HS	673	0	20	15624
HS	672	0	15	15639
HS	671	0	16	15655
HS	670	0	22	15677
HS	669	0	22	15699
HS	668	0	9	15708
HS	667	0	16	15724
HS	666	0	15	15739
HS	665	0	17	15756
HS	664	0	10	15766
HS	663	0	14	15780
HS	662	0	8	15788
HS	661	0	17	15805
HS	660	0	14	15819
HS	659	0	19	15838
HS	658	0	23	15861
HS	657	0	17	15878
HS	656	0	19	15897
HS	655	0	15	15912
HS	654	0	25	15937
HS	653	0	11	15948
HS	652	0	16	15964
HS	651	0	18	15982
HS	650	0	16	15998
HS	649	0	11	16009
HS	648	0	15	16024
HS	647	0	14	16038
HS	646	0	18	16056
HS	645	0	14	16070
HS	644	0	10	16080
HS	643	0	15	16095
HS	642	0	14	16109
HS	641	0	13	16122
HS	640	0	10	16132
HS	639	0	7	16139
HS	638	0	21	16160
HS	637	0	13	16173
HS	636	0	19	16192
HS	635	0	11	16203
HS	634	0	19	16222
HS	633	0	16	16238
HS	632	0	20	16258
HS	631	0	11	16269
HS	630	0	14	16283
HS	629	0	19	16302
HS	628	0	11	16313
HS	627	0	11	16324
HS	626	0	19	16343
HS	625	0	12	16355
HS	624	0	20	16375
HS	623	0	7	16382
HS	622	0	16	16398
HS	621	0	15	16413
HS	620	0	12	16425
HS	619	0	11	16436
HS	618	0	18	16454
HS	617	0	14	16468
HS	616	0	12	16480
HS	615	0	18	16498
HS	614	0	19	16517
HS	613	0	15	16532
HS	612	0	10	16542
HS	611	0	17	16559
HS	610	0	15	16574
HS	609	0	9	16583
HS	608	0	10	16593
HS	607	0	13	16606
HS	606	0	16	16622
HS	605	0	10	16632
HS	604	0	23	16655
HS	603	0	18	16673
HS	602	0	16	16689
HS	601	0	21	16710
HS	600	0	14	16724
HS	599	0	12	16736
HS	598	0	19	16755
HS	597	0	18	16773
HS	596	0	16	16789
HS	595	0	19	16808
HS	594	0	15	16823
HS	593	0	22	16845
HS	592	0	22	16867
HS	591	0	18	16885
HS	590	0	19	16904
HS	589	0	17	16921
HS	588	0	21	16942
HS	587	0	26	16968
HS	586	0	28	16996
HS	585	0	19	17015
HS	584	0	25	17040
HS	583	0	36	17076
HS	582	0	29	17105
HS	581	0	33	17138
HS	580	0	24	17162
HS	579	0	25	17187
HS	578	0	36	17223
HS	577	0	27	17250
HS	576	0	32	17282
HS	575	0	31	17313
HS	574	0	24	17337
HS	573	0	31	17368
HS	572	0	24	17392
HS	571	0	34	17426
HS	570	0	23	17449
HS	569	0	29	17478
HS	568	0	30	17508
HS	567	0	27	17535
HS	566	0	26	17561
HS	565	0	32	17593
HS	564	0	43	17636
HS	563	0	28	17664
HS	562	0	28	17692
HS	561	0	24	17716
HS	560	0	27	17743
HS	559	0	34	17777
HS	558	0	36	17813
HS	557	0	36	17849
HS	556	0	37	17886
HS	555	0	29	17915
HS	554	0	43	17958
HS	553	0	57	18015
HS	552	0	45	18060
HS	551	0	34	18094
HS	550	0	40	18134
HS	549	0	23	18157
HS	548	0	34	18191
HS	547	0	49	18240
HS	546	0	48	18288
HS	545	0	49	18337
HS	544	0	44	18381
HS	543	0	46	18427
HS	542	0	31	18458
HS	541	0	37	18495
HS	540	0	51	18546
HS	539	0	36	18582
HS	538	0	39	18621
HS	537	0	51	18672
HS	536	0	22	18694
HS	535	0	38	18732
HS	534	0	40	18772
HS	533	0	45	18817
HS	532	0	31	18848
HS	531	0	53	18901
HS	530	0	36	18937
HS	529	0	34	18971
HS	528	0	41	19012
HS	527	0	26	19038
HS	526	0	34	19072
HS	525	0	33	19105
HS	524	0	35	19140
HS	523	0	24	19164
HS	522	0	40	19204
HS	521	0	49	19253
HS	520	0	41	19294
HS	519	0	38	19332
HS	518	0	46	19378
HS	517	0	37	19415
HS	516	0	42	19457
HS	515	0	43	19500
HS	514	0	45	19545
HS	513	0	43	19588
HS	512	0	49	19637
HS	511	0	37	19674
HS	510	0	56	19730
HS	509	0	36	19766
HS	508	0	40	19806
HS	507	0	43	19849
HS	506	0	47	19896
HS	505	0	47	19943
HS	504	0	45	19988
HS	503	0	59	20047
HS	502	0	41	20088
HS	501	0	43	20131
HS	500	0	46	20177
HS	499	0	41	20218
HS	498	0	58	20276
HS	497	0	52	20328
HS	496	0	65	20393
HS	495	0	55	20448
HS	494	0	52	20500
HS	493	0	64	20564
HS	492	0	68	20632
HS	491	0	75	20707
HS	490	0	55	20762
HS	489	0	56	20818
HS	488	0	66	20884
HS	487	0	75	20959
HS	486	0	62	21021
HS	485	0	76	21097
HS	484	0	80	21177
HS	483	0	79	21256
HS	482	0	71	21327
HS	481	0	79	21406
HS	480	0	81	21487
HS	479	0	75	21562
HS	478	0	86	21648
HS	477	0	80	21728
HS	476	0	83	21811
HS	475	0	91	21902
HS	474	0	83	21985
HS	473	0	101	22086
HS	472	0	103	22189
HS	471	0	96	22285
HS	470	0	96	22381
HS	469	0	82	22463
HS	468	0	114	22577
HS	467	0	87	22664
HS	466	0	101	22765
HS	465	0	93	22858
HS	464	0	96	22954
HS	463	0	92	23046
HS	462	0	105	23151
HS	461	0	115	23266
HS	460	0	104	23370
HS	459	0	102	23472
HS	458	0	100	23572
HS	457	0	106	23678
HS	456	0	97	23775
HS	455	0	101	23876
HS	454	0	125	24001
HS	453	0	79	24080
HS	452	0	100	24180
HS	451	0	86	24266
HS	450	0	98	24364
HS	449	0	108	24472
HS	448	0	118	24590
HS	447	0	114	24704
HS	446	0	142	24846
HS	445	0	125	24971
HS	444	0	145	25116
HS	443	0	114	25230
HS	442	0	135	25365
HS	441	0	128	25493
HS	440	0	133	25626
HS	439	0	139	25765
HS	438	0	118	25883
HS	437	0	142	26025
HS	436	0	120	26145
HS	435	0	120	26265
HS	434	0	135	26400
HS	433	0	111	26511
HS	432	0	133	26644
HS	431	0	133	26777
HS	430	0	125	26902
HS	429	0	134	27036
HS	428	0	147	27183
HS	427	0	132	27315
HS	426	0	131	27446
HS	425	0	135	27581
HS	424	0	152	27733
HS	423	0	164	27897
HS	422	0	172	28069
HS	421	0	128	28197
HS	420	0	146	28343
HS	419	0	165	28508
HS	418	0	150	28658
HS	417	0	132	28790
HS	416	0	178	28968
HS	415	0	162	29130
HS	414	0	155	29285
HS	413	0	153	29438
HS	412	0	135	29573
HS	411	0	161	29734
HS	410	0	138	29872
HS	409	0	147	30019
HS	408	0	133	30152
HS	407	0	152	30304
HS	406	0	138	30442
HS	405	0	178	30620
HS	404	0	169	30789
HS	403	0	181	30970
HS	402	0	194	31164
HS	401	0	181	31345
HS	400	0	175	31520
HS	399	0	193	31713
HS	398	0	219	31932
HS	397	0	167	32099
HS	396	0	173	32272
HS	395	0	174	32446
HS	394	0	192	32638
HS	393	0	214	32852
HS	392	0	176	33028
HS	391	0	187	33215
HS	390	0	188	33403
HS	389	0	171	33574
HS	388	0	186	33760
HS	387	0	164	33924
HS	386	0	174	34098
HS	385	0	174	34272
HS	384	0	184	34456
HS	383	0	180	34636
HS	382	0	190	34826
HS	381	0	193	35019
HS	380	0	236	35255
HS	379	0	220	35475
HS	378	0	237	35712
HS	377	0	202	35914
HS	376	0	221	36135
HS	375	0	224	36359
HS	374	0	234	36593
HS	373	0	210	36803
HS	372	0	214	37017
HS	371	0	233	37250
HS	370	0	267	37517
HS	369	0	240	37757
HS	368	0	280	38037
HS	367	0	251	38288
HS	366	0	284	38572
HS	365	0	281	38853
HS	364	0	292	39145
HS	363	0	263	39408
HS	362	0	299	39707
HS	361	0	271	39978
HS	360	0	305	40283
HS	359	0	302	40585
HS	358	0	315	40900
HS	357	0	312	41212
HS	356	0	317	41529
HS	355	0	329	41858
HS	354	0	396	42254
HS	353	0	385	42639
HS	352	0	407	43046
HS	351	0	435	43481
HS	350	0	406	43887
HS	349	0	400	44287
HS	348	0	420	44707
HS	347	0	450	45157
HS	346	0	448	45605
HS	345	0	524	46129
HS	344	0	527	46656
HS	343	0	518	47174
HS	342	0	538	47712
HS	341	0	636	48348
HS	340	0	640	48988
HS	339	0	637	49625
HS	338	0	714	50339
HS	337	0	678	51017
HS	336	0	722	51739
HS	335	0	854	52593
HS	334	0	853	53446
HS	333	0	819	54265
HS	332	0	887	55152
HS	331	0	886	56038
HS	330	0	959	56997
HS	329	0	1000	57997
HS	328	0	1012	59009
HS	327	0	1058	60067
HS	326	0	1080	61147
HS	325	0	1126	62273
HS	324	0	1089	63362
HS	323	0	1152	64514
HS	322	0	1203	65717
HS	321	0	1266	66983
HS	320	0	1310	68293
HS	319	0	1427	69720
HS	318	0	1394	71114
HS	317	0	1488	72602
HS	316	0	1558	74160
HS	315	0	1559	75719
HS	314	0	1633	77352
HS	313	0	1668	79020
HS	312	0	1747	80767
HS	311	0	1950	82717
HS	310	0	1985	84702
HS	309	0	2111	86813
HS	308	0	2218	89031
HS	307	0	2300	91331
HS	306	0	2189	93520
HS	305	0	2440	95960
HS	304	0	2454	98414
HS	303	0	2657	101071
HS	302	0	2787	103858
HS	301	0	2941	106799
HS	300	0	2874	109673
HS	299	0	3098	112771
HS	298	0	3150	115921
HS	297	0	3323	119244
HS	296	0	3554	122798
HS	295	0	3629	126427
HS	294	0	3733	130160
HS	293	0	4026	134186
HS	292	0	4001	138187
HS	291	0	4201	142388
HS	290	0	4450	146838
HS	289	0	4366	151204
HS	288	0	4684	155888
HS	287	0	4811	160699
HS	286	0	5065	165764
HS	285	0	5218	170982
HS	284	0	5421	176403
HS	283	0	5655	182058
HS	282	0	5983	188041
HS	281	0	6067	194108
HS	280	0	6272	200380
HS	279	0	6526	206906
HS	278	0	6738	213644
HS	277	0	6929	220573
HS	276	0	7230	227803
HS	275	0	7378	235181
HS	274	0	7662	242843
HS	273	0	8072	250915
HS	272	0	8144	259059
HS	271	0	8526	267585
HS	270	0	9002	276587
HS	269	0	9264	285851
HS	268	0	9562	295413
HS	267	0	9914	305327
HS	266	0	10249	315576
HS	265	0	10713	326289
HS	264	0	11060	337349
HS	263	0	11351	348700
HS	262	0	11752	360452
HS	261	0	12119	372571
HS	260	0	12542	385113
HS	259	0	12707	397820
HS	258	0	13098	410918
HS	257	0	13671	424589
HS	256	0	13981	438570
HS	255	0	14426	452996
HS	254	0	15007	468003
HS	253	0	15275	483278
HS	252	0	15691	498969
HS	251	0	15954	514923
HS	250	0	16380	531303
HS	249	0	16810	548113
HS	248	0	17276	565389
HS	247	0	17850	583239
HS	246	0	18242	601481
HS	245	0	19085	620566
HS	244	0	19421	639987
HS	243	0	19682	659669
HS	242	0	20692	680361
HS	241	0	21002	701363
HS	240	0	21690	723053
HS	239	0	22317	745370
HS	238	0	22827	768197
HS	237	0	23741	791938
HS	236	0	24427	816365
HS	235	0	24668	841033
HS	234	0	25364	866397
HS	233	0	25856	892253
HS	232	0	26557	918810
HS	231	0	27330	946140
HS	230	0	27701	973841
HS	229	0	28453	1002294
HS	228	0	29155	1031449
HS	227	0	29528	1060977
HS	226	0	30383	1091360
HS	225	0	30889	1122249
HS	224	0	31730	1153979
HS	223	0	31906	1185885
HS	222	0	32866	1218751
HS	221	0	33822	1252573
HS	220	0	34086	1286659
HS	219	0	34851	1321510
HS	218	0	35770	1357280
HS	217	0	36640	1393920
HS	216	0	36878	1430798
HS	215	0	37407	1468205
HS	214	0	38282	1506487
HS	213	0	38834	1545321
HS	212	0	39270	1584591
HS	211	0	39878	1624469
HS	210	0	40933	1665402
HS	209	0	41665	1707067
HS	208	0	42384	1749451
HS	207	0	42896	1792347
HS	206	0	43433	1835780
HS	205	0	43636	1879416
HS	204	0	44534	1923950
HS	203	0	45150	1969100
HS	202	0	46071	2015171
HS	201	0	46358	2061529
HS	200	0	47195	2108724
HS	199	0	47899	2156623
HS	198	0	48366	2204989
HS	197	0	48614	2253603
HS	196	0	49231	2302834
HS	195	0	49064	2351898
HS	194	0	49331	2401229
HS	193	0	49764	2450993
HS	192	0	50041	2501034
HS	191	0	50239	2551273
HS	190	0	51030	2602303
HS	189	0	51080	2653383
HS	188	0	51465	2704848
HS	187	0	50875	2755723
HS	186	0	51313	2807036
HS	185	0	51598	2858634
HS	184	0	51942	2910576
HS	183	0	52004	2962580
HS	182	0	51646	3014226
HS	181	0	51794	3066020
HS	180	0	51299	3117319
HS	179	0	52079	3169398
HS	178	0	51625	3221023
HS	177	0	51662	3272685
HS	176	0	51770	3324455
HS	175	0	51288	3375743
HS	174	0	51285	3427028
HS	173	0	51469	3478497
HS	172	0	51354	3529851
HS	171	0	50635	3580486
HS	170	0	51039	3631525
HS	169	0	50753	3682278
HS	168	0	50093	3732371
HS	167	0	49819	3782190
HS	166	0	49555	3831745
HS	165	0	49153	3880898
HS	164	0	48739	3929637
HS	163	0	48650	3978287
HS	162	0	48109	4026396
HS	161	0	47504	4073900
HS	160	0	47460	4121360
HS	159	0	46509	4167869
HS	158	0	46074	4213943
HS	157	0	45354	4259297
HS	156	0	45226	4304523
HS	155	0	44548	4349071
HS	154	0	43623	4392694
HS	153	0	42914	4435608
HS	152	0	42048	4477656
HS	151	0	41483	4519139
HS	150	0	40398	4559537
HS	149	0	40093	4599630
HS	148	0	39144	4638774
HS	147	0	38596	4677370
HS	146	0	37940	4715310
HS	145	0	37384	4752694
HS	144	0	36388	4789082
HS	143	0	35644	4824726
HS	142	0	34872	4859598
HS	141	0	33895	4893493
HS	140	0	32684	4926177
HS	139	0	31623	4957800
HS	138	0	30416	4988216
HS	137	0	29948	5018164
HS	136	0	28521	5046685
HS	135	0	28181	5074866
HS	134	0	27228	5102094
HS	133	0	26104	5128198
HS	132	0	25282	5153480
HS	131	0	23735	5177215
HS	130	0	23457	5200672
HS	129	0	22603	5223275
HS	128	0	21651	5244926
HS	127	0	21143	5266069
HS	126	0	20172	5286241
HS	125	0	19501	5305742
HS	124	0	18206	5323948
HS	123	0	17476	5341424
HS	122	0	16736	5358160
HS	121	0	15868	5374028
HS	120	0	15261	5389289
HS	119	0	14434	5403723
HS	118	0	13898	5417621
HS	117	0	13210	5430831
HS	116	0	12561	5443392
HS	115	0	11830	5455222
HS	114	0	11105	5466327
HS	113	0	10640	5476967
HS	112	0	9691	5486658
HS	111	0	9171	5495829
HS	110	0	8758	5504587
HS	109	0	8312	5512899
HS	108	0	7630	5520529
HS	107	0	7366	5527895
HS	106	0	7164	5535059
HS	105	0	6602	5541661
HS	104	0	6205	5547866
HS	103	0	5823	5553689
HS	102	0	5359	5559048
HS	101	0	5074	5564122
HS	100	0	4712	5568834
HS	99	0	4343	5573177
HS	98	0	4030	5577207
HS	97	0	3837	5581044
HS	96	0	3535	5584579
HS	95	0	3183	5587762
HS	94	0	2978	5590740
HS	93	0	2762	5593502
HS	92	0	2688	5596190
HS	91	0	2387	5598577
HS	90	0	2172	5600749
HS	89	0	2141	5602890
HS	88	0	1919	5604809
HS	87	0	1685	5606494
HS	86	0	1672	5608166
HS	85	0	1487	5609653
HS	84	0	1407	5611060
HS	83	0	1331	5612391
HS	82	0	1148	5613539
HS	81	0	1114	5614653
HS	80	0	1043	5615696
HS	79	0	844	5616540
HS	78	0	824	5617364
HS	77	0	804	5618168
HS	76	0	704	5618872
HS	75	0	706	5619578
HS	74	0	635	5620213
HS	73	0	642	5620855
HS	72	0	584	5621439
HS	71	0	555	5621994
HS	70	0	527	5622521
HS	69	0	509	5623030
HS	68	0	472	5623502
HS	67	0	429	5623931
HS	66	0	365	5624296
HS	65	0	336	5624632
HS	64	0	319	5624951
HS	63	0	275	5625226
HS	62	0	226	5625452
HS	61	0	268	5625720
HS	60	0	240	5625960
HS	59	0	215	5626175
HS	58	0	234	5626409
HS	57	0	231	5626640
HS	56	0	204	5626844
HS	55	0	156	5627000
HS	54	0	178	5627178
HS	53	0	150	5627328
HS	52	0	129	5627457
HS	51	0	128	5627585
HS	50	0	143	5627728
HS	49	0	151	5627879
HS	48	0	187	5628066
HS	47	0	145	5628211
HS	46	0	193	5628404
HS	45	0	190	5628594
HS	44	0	185	5628779
HS	43	0	198	5628977
HS	42	0	192	5629169
HS	41	0	240	5629409
HS	40	0	228	5629637
HS	39	0	240	5629877
HS	38	0	231	5630108
HS	37	0	238	5630346
HS	36	0	280	5630626
HS	35	0	246	5630872
HS	34	0	332	5631204
HS	33	0	351	5631555
HS	32	0	342	5631897
HS	31	0	410	5632307
HS	30	0	416	5632723
HS	29	0	445	5633168
HS	28	0	518	5633686
HS	27	0	568	5634254
HS	26	0	631	5634885
HS	25	0	732	5635617
HS	24	0	821	5636438
HS	23	0	857	5637295
HS	22	0	1026	5638321
HS	21	0	1242	5639563
HS	20	0	1372	5640935
HS	19	0	1628	5642563
HS	18	0	2004	5644567
HS	17	0	2492	5647059
HS	16	0	2760	5649819
HS	15	0	3447	5653266
HS	14	0	4526	5657792
HS	13	0	6101	5663893
HS	12	0	8289	5672182
HS	11	0	10603	5682785
HS	10	0	14394	5697179
HS	9	0	19951	5717130
HS	8	0	30960	5748090
HS	7	0	51752	5799842
HS	6	0	94573	5894415
HS	5	0	196373	6090788
HS	4	0	493783	6584571
HS	3	0	1571712	8156283
HS	2	0	9444126	17600409
HS	1	0	0	17600409
HS	0	0	0	17600409
