CC	CT  kmer_occurrence    short_read_kmer_count  raw_input_kmer_count  adjusted_input_kmer_count
CC	FR  fpr_lower_bound    fpr_upper_bound
CC	ER  total_input_kmers  adjusted_error_kmers
CC	CV  coverage
CC	QV  raw_quality_value  adjusted_quality_value
CC
SQ	CP126096.1	3797173	3797143	3797143	99.00
CT	1023	8260	59291	59291.000
CT	1022	0	0	0.000
CT	1021	0	0	0.000
CT	1020	1	8	8.000
CT	1019	2	11	11.000
CT	1018	2	13	13.000
CT	1017	3	19	19.000
CT	1016	2	13	13.000
CT	1015	1	3	3.000
CT	1014	4	17	17.000
CT	1013	3	24	24.000
CT	1012	2	6	6.000
CT	1011	1	8	8.000
CT	1010	1	3	3.000
CT	1009	3	24	24.000
CT	1008	4	26	26.000
CT	1007	3	19	19.000
CT	1006	1	8	8.000
CT	1005	1	5	5.000
CT	1004	5	29	29.000
CT	1003	2	11	11.000
CT	1002	3	24	24.000
CT	1001	3	9	9.000
CT	1000	2	11	11.000
CT	999	3	17	17.000
CT	998	2	8	8.000
CT	997	4	18	18.000
CT	996	2	6	6.000
CT	995	1	5	5.000
CT	994	2	8	8.000
CT	993	1	3	3.000
CT	992	3	10	10.000
CT	991	3	11	11.000
CT	990	1	8	8.000
CT	989	2	10	10.000
CT	988	0	0	0.000
CT	987	1	3	3.000
CT	986	1	8	8.000
CT	985	1	5	5.000
CT	984	0	0	0.000
CT	983	3	11	11.000
CT	982	1	3	3.000
CT	981	1	8	8.000
CT	980	1	4	4.000
CT	979	1	4	4.000
CT	978	3	12	12.000
CT	977	1	8	8.000
CT	976	5	25	25.000
CT	975	2	11	11.000
CT	974	0	0	0.000
CT	973	1	8	8.000
CT	972	4	19	19.000
CT	971	2	6	6.000
CT	970	2	11	11.000
CT	969	5	27	27.000
CT	968	4	23	23.000
CT	967	0	0	0.000
CT	966	3	16	16.000
CT	965	2	11	11.000
CT	964	3	24	24.000
CT	963	4	14	14.000
CT	962	2	8	8.000
CT	961	3	9	9.000
CT	960	2	12	12.000
CT	959	2	6	6.000
CT	958	1	8	8.000
CT	957	3	10	10.000
CT	956	1	8	8.000
CT	955	2	8	8.000
CT	954	1	3	3.000
CT	953	2	11	11.000
CT	952	3	11	11.000
CT	951	5	20	20.000
CT	950	4	16	16.000
CT	949	2	6	6.000
CT	948	2	10	10.000
CT	947	4	20	20.000
CT	946	6	21	21.000
CT	945	3	13	13.000
CT	944	2	11	11.000
CT	943	5	22	22.000
CT	942	1	2	2.000
CT	941	3	9	9.000
CT	940	2	10	10.000
CT	939	9	39	39.000
CT	938	5	15	15.000
CT	937	6	23	23.000
CT	936	3	17	17.000
CT	935	2	5	5.000
CT	934	2	9	9.000
CT	933	1	5	5.000
CT	932	4	11	11.000
CT	931	4	15	15.000
CT	930	4	19	19.000
CT	929	3	9	9.000
CT	928	1	5	5.000
CT	927	5	24	24.000
CT	926	3	11	11.000
CT	925	2	8	8.000
CT	924	3	14	14.000
CT	923	3	13	13.000
CT	922	3	11	11.000
CT	921	2	11	11.000
CT	920	3	15	15.000
CT	919	2	6	6.000
CT	918	6	19	19.000
CT	917	0	0	0.000
CT	916	2	4	4.000
CT	915	3	10	10.000
CT	914	7	27	27.000
CT	913	3	7	7.000
CT	912	1	4	4.000
CT	911	4	15	15.000
CT	910	5	14	14.000
CT	909	3	10	10.000
CT	908	2	12	12.000
CT	907	5	14	14.000
CT	906	2	4	4.000
CT	905	5	20	20.000
CT	904	3	8	8.000
CT	903	5	12	12.000
CT	902	6	19	19.000
CT	901	3	8	8.000
CT	900	7	24	24.000
CT	899	2	6	6.000
CT	898	2	8	8.000
CT	897	3	8	8.000
CT	896	6	14	14.000
CT	895	4	10	10.000
CT	894	6	17	17.000
CT	893	5	17	17.000
CT	892	3	12	12.000
CT	891	3	14	14.000
CT	890	4	8	8.000
CT	889	4	15	15.000
CT	888	2	8	8.000
CT	887	7	20	20.000
CT	886	3	5	5.000
CT	885	2	4	4.000
CT	884	4	11	11.000
CT	883	2	5	5.000
CT	882	2	4	4.000
CT	881	1	3	3.000
CT	880	1	3	3.000
CT	879	1	3	3.000
CT	878	2	8	8.000
CT	877	2	6	6.000
CT	876	1	0	0.000
CT	875	2	5	5.000
CT	874	5	12	12.000
CT	873	6	15	15.000
CT	872	3	12	12.000
CT	871	4	9	9.000
CT	870	1	4	4.000
CT	869	1	4	4.000
CT	868	2	4	4.000
CT	867	2	8	8.000
CT	866	3	9	9.000
CT	865	3	10	10.000
CT	864	3	11	11.000
CT	863	2	7	7.000
CT	862	5	18	18.000
CT	861	3	11	11.000
CT	860	1	3	3.000
CT	859	2	6	6.000
CT	858	0	0	0.000
CT	857	1	4	4.000
CT	856	3	5	5.000
CT	855	5	16	16.000
CT	854	4	13	13.000
CT	853	7	16	16.000
CT	852	4	11	11.000
CT	851	0	0	0.000
CT	850	5	19	19.000
CT	849	5	9	9.000
CT	848	3	8	8.000
CT	847	6	13	13.000
CT	846	9	16	16.000
CT	845	4	4	4.000
CT	844	5	14	14.000
CT	843	8	13	13.000
CT	842	8	16	16.000
CT	841	9	20	20.000
CT	840	7	13	13.000
CT	839	6	8	8.000
CT	838	6	12	12.000
CT	837	9	28	28.000
CT	836	5	16	16.000
CT	835	9	19	19.000
CT	834	5	11	11.000
CT	833	4	13	13.000
CT	832	4	6	6.000
CT	831	5	8	8.000
CT	830	6	14	14.000
CT	829	4	5	5.000
CT	828	7	16	16.000
CT	827	3	5	5.000
CT	826	3	8	8.000
CT	825	3	10	10.000
CT	824	5	11	11.000
CT	823	6	13	13.000
CT	822	3	3	3.000
CT	821	4	8	8.000
CT	820	4	13	13.000
CT	819	9	16	16.000
CT	818	13	37	37.000
CT	817	7	9	9.000
CT	816	6	10	10.000
CT	815	9	22	22.000
CT	814	9	19	19.000
CT	813	8	23	23.000
CT	812	6	16	16.000
CT	811	7	16	16.000
CT	810	6	16	16.000
CT	809	4	8	8.000
CT	808	10	21	21.000
CT	807	6	11	11.000
CT	806	10	18	18.000
CT	805	5	12	12.000
CT	804	8	16	16.000
CT	803	8	18	18.000
CT	802	12	30	30.000
CT	801	4	12	12.000
CT	800	9	23	23.000
CT	799	7	16	16.000
CT	798	4	4	4.000
CT	797	5	14	14.000
CT	796	3	8	8.000
CT	795	10	20	20.000
CT	794	4	10	10.000
CT	793	3	5	5.000
CT	792	5	12	12.000
CT	791	6	9	9.000
CT	790	13	26	26.000
CT	789	7	13	13.000
CT	788	7	9	9.000
CT	787	4	4	4.000
CT	786	10	22	22.000
CT	785	10	14	14.000
CT	784	14	34	34.000
CT	783	9	18	18.000
CT	782	13	32	32.000
CT	781	7	10	10.000
CT	780	8	18	18.000
CT	779	17	43	43.000
CT	778	11	19	19.000
CT	777	23	34	34.000
CT	776	9	23	23.000
CT	775	10	19	19.000
CT	774	8	18	18.000
CT	773	25	38	38.000
CT	772	11	23	23.000
CT	771	13	35	35.000
CT	770	13	30	30.000
CT	769	11	22	22.000
CT	768	7	14	14.000
CT	767	11	15	15.000
CT	766	9	16	16.000
CT	765	9	13	13.000
CT	764	14	23	23.000
CT	763	12	20	20.000
CT	762	13	23	23.000
CT	761	14	17	17.000
CT	760	12	20	20.000
CT	759	12	19	19.000
CT	758	11	19	19.000
CT	757	17	28	28.000
CT	756	16	28	28.000
CT	755	11	17	17.000
CT	754	8	8	8.000
CT	753	11	13	13.000
CT	752	17	30	30.000
CT	751	21	37	37.000
CT	750	18	33	33.000
CT	749	21	33	33.000
CT	748	27	34	34.000
CT	747	20	23	23.000
CT	746	18	24	24.000
CT	745	12	24	24.000
CT	744	19	26	26.000
CT	743	14	23	23.000
CT	742	21	32	32.000
CT	741	13	24	24.000
CT	740	17	28	28.000
CT	739	23	33	33.000
CT	738	21	25	25.000
CT	737	20	29	29.000
CT	736	17	22	22.000
CT	735	15	22	22.000
CT	734	22	27	27.000
CT	733	17	24	24.000
CT	732	24	35	35.000
CT	731	20	20	20.000
CT	730	26	35	35.000
CT	729	21	26	26.000
CT	728	24	34	34.000
CT	727	29	40	40.000
CT	726	28	39	39.000
CT	725	39	48	48.000
CT	724	24	26	26.000
CT	723	26	41	41.000
CT	722	16	20	20.000
CT	721	18	26	26.000
CT	720	32	42	42.000
CT	719	30	46	46.000
CT	718	22	30	30.000
CT	717	34	35	35.000
CT	716	26	31	31.000
CT	715	33	47	47.000
CT	714	43	65	65.000
CT	713	27	34	34.000
CT	712	33	39	39.000
CT	711	42	56	56.000
CT	710	37	47	47.000
CT	709	28	37	37.000
CT	708	30	33	33.000
CT	707	34	38	38.000
CT	706	24	29	29.000
CT	705	39	43	43.000
CT	704	41	45	45.000
CT	703	28	31	31.000
CT	702	37	47	47.000
CT	701	40	53	53.000
CT	700	33	39	39.000
CT	699	29	37	37.000
CT	698	27	37	37.000
CT	697	41	49	49.000
CT	696	33	42	42.000
CT	695	35	51	51.000
CT	694	40	53	53.000
CT	693	39	52	52.000
CT	692	35	50	50.000
CT	691	49	59	59.000
CT	690	39	50	50.000
CT	689	44	53	53.000
CT	688	44	51	51.000
CT	687	42	48	48.000
CT	686	58	78	78.000
CT	685	42	47	47.000
CT	684	61	72	72.000
CT	683	69	84	84.000
CT	682	50	59	59.000
CT	681	56	62	62.000
CT	680	58	65	65.000
CT	679	68	70	70.000
CT	678	62	65	65.000
CT	677	60	60	60.000
CT	676	62	73	73.000
CT	675	66	73	73.000
CT	674	67	72	72.000
CT	673	67	74	74.000
CT	672	75	86	86.000
CT	671	68	74	74.000
CT	670	79	81	81.000
CT	669	70	85	85.000
CT	668	68	72	72.000
CT	667	65	67	67.000
CT	666	77	98	98.000
CT	665	76	84	84.000
CT	664	92	102	102.000
CT	663	56	61	61.000
CT	662	89	97	97.000
CT	661	64	68	68.000
CT	660	76	85	85.000
CT	659	90	102	102.000
CT	658	83	98	98.000
CT	657	99	112	112.000
CT	656	113	134	134.000
CT	655	89	93	93.000
CT	654	95	105	105.000
CT	653	106	110	110.000
CT	652	85	93	93.000
CT	651	101	110	110.000
CT	650	110	129	129.000
CT	649	110	122	122.000
CT	648	119	131	131.000
CT	647	122	138	138.000
CT	646	129	147	147.000
CT	645	105	117	117.000
CT	644	110	113	113.000
CT	643	102	106	106.000
CT	642	109	113	113.000
CT	641	110	112	112.000
CT	640	114	125	125.000
CT	639	125	137	137.000
CT	638	139	155	155.000
CT	637	136	148	148.000
CT	636	124	136	136.000
CT	635	139	149	149.000
CT	634	160	175	175.000
CT	633	146	165	165.000
CT	632	155	174	174.000
CT	631	165	186	186.000
CT	630	174	189	189.000
CT	629	175	191	191.000
CT	628	175	192	192.000
CT	627	178	195	195.000
CT	626	179	201	201.000
CT	625	190	208	208.000
CT	624	176	193	193.000
CT	623	191	205	205.000
CT	622	211	248	248.000
CT	621	174	185	185.000
CT	620	196	215	215.000
CT	619	240	263	263.000
CT	618	212	222	222.000
CT	617	224	232	232.000
CT	616	256	272	272.000
CT	615	246	257	257.000
CT	614	222	238	238.000
CT	613	237	253	253.000
CT	612	243	253	253.000
CT	611	261	278	278.000
CT	610	263	290	290.000
CT	609	305	316	316.000
CT	608	249	273	273.000
CT	607	298	308	308.000
CT	606	260	272	272.000
CT	605	274	295	295.000
CT	604	277	285	285.000
CT	603	287	299	299.000
CT	602	321	327	327.000
CT	601	297	311	311.000
CT	600	321	330	330.000
CT	599	309	316	316.000
CT	598	325	342	342.000
CT	597	315	324	324.000
CT	596	363	375	375.000
CT	595	353	368	368.000
CT	594	377	398	398.000
CT	593	352	369	369.000
CT	592	391	402	402.000
CT	591	420	435	435.000
CT	590	414	425	425.000
CT	589	418	446	446.000
CT	588	419	441	441.000
CT	587	429	457	457.000
CT	586	392	394	394.000
CT	585	450	460	460.000
CT	584	451	476	476.000
CT	583	460	475	475.000
CT	582	513	530	530.000
CT	581	525	545	545.000
CT	580	522	548	548.000
CT	579	504	521	521.000
CT	578	537	555	555.000
CT	577	556	581	581.000
CT	576	516	540	540.000
CT	575	582	601	601.000
CT	574	497	511	511.000
CT	573	579	599	599.000
CT	572	560	587	587.000
CT	571	605	625	625.000
CT	570	529	536	536.000
CT	569	588	600	600.000
CT	568	541	548	548.000
CT	567	622	632	632.000
CT	566	624	631	631.000
CT	565	627	635	635.000
CT	564	657	674	674.000
CT	563	649	671	671.000
CT	562	643	656	656.000
CT	561	647	652	652.000
CT	560	752	768	768.000
CT	559	721	737	737.000
CT	558	736	746	746.000
CT	557	790	807	807.000
CT	556	764	777	777.000
CT	555	817	827	827.000
CT	554	804	811	811.000
CT	553	856	868	868.000
CT	552	860	872	872.000
CT	551	841	855	855.000
CT	550	854	863	863.000
CT	549	932	946	946.000
CT	548	950	969	969.000
CT	547	920	930	930.000
CT	546	977	985	985.000
CT	545	1035	1047	1047.000
CT	544	966	985	985.000
CT	543	1040	1061	1061.000
CT	542	1035	1052	1052.000
CT	541	1102	1115	1115.000
CT	540	1076	1087	1087.000
CT	539	1126	1139	1139.000
CT	538	1128	1143	1143.000
CT	537	1189	1200	1200.000
CT	536	1196	1217	1217.000
CT	535	1188	1200	1200.000
CT	534	1238	1266	1266.000
CT	533	1220	1241	1241.000
CT	532	1356	1379	1379.000
CT	531	1362	1379	1379.000
CT	530	1370	1391	1391.000
CT	529	1361	1377	1377.000
CT	528	1408	1430	1430.000
CT	527	1459	1491	1491.000
CT	526	1454	1473	1473.000
CT	525	1511	1530	1530.000
CT	524	1489	1511	1511.000
CT	523	1498	1515	1515.000
CT	522	1645	1662	1662.000
CT	521	1596	1611	1611.000
CT	520	1676	1691	1691.000
CT	519	1677	1687	1687.000
CT	518	1741	1755	1755.000
CT	517	1736	1752	1752.000
CT	516	1712	1734	1734.000
CT	515	1820	1837	1837.000
CT	514	1881	1898	1898.000
CT	513	1878	1896	1896.000
CT	512	1915	1929	1929.000
CT	511	1986	2006	2006.000
CT	510	2033	2058	2058.000
CT	509	2053	2072	2072.000
CT	508	2175	2177	2177.000
CT	507	2192	2207	2207.000
CT	506	2279	2289	2289.000
CT	505	2320	2330	2330.000
CT	504	2369	2377	2377.000
CT	503	2373	2384	2384.000
CT	502	2424	2437	2437.000
CT	501	2458	2467	2467.000
CT	500	2491	2502	2502.000
CT	499	2502	2507	2507.000
CT	498	2499	2503	2503.000
CT	497	2607	2623	2623.000
CT	496	2632	2645	2645.000
CT	495	2687	2697	2697.000
CT	494	2750	2762	2762.000
CT	493	2811	2824	2824.000
CT	492	2789	2803	2803.000
CT	491	2862	2875	2875.000
CT	490	2912	2924	2924.000
CT	489	3045	3049	3049.000
CT	488	3171	3182	3182.000
CT	487	3200	3214	3214.000
CT	486	3345	3362	3362.000
CT	485	3357	3361	3361.000
CT	484	3436	3447	3447.000
CT	483	3401	3408	3408.000
CT	482	3546	3555	3555.000
CT	481	3648	3653	3653.000
CT	480	3782	3789	3789.000
CT	479	3759	3773	3773.000
CT	478	3894	3900	3900.000
CT	477	4023	4038	4038.000
CT	476	3964	3979	3979.000
CT	475	4134	4143	4143.000
CT	474	4094	4118	4118.000
CT	473	4208	4214	4214.000
CT	472	4234	4246	4246.000
CT	471	4405	4419	4419.000
CT	470	4437	4451	4451.000
CT	469	4538	4545	4545.000
CT	468	4677	4693	4693.000
CT	467	4704	4717	4717.000
CT	466	4761	4769	4769.000
CT	465	4838	4849	4849.000
CT	464	5029	5036	5036.000
CT	463	5219	5226	5226.000
CT	462	5248	5261	5261.000
CT	461	5307	5318	5318.000
CT	460	5334	5347	5347.000
CT	459	5519	5531	5531.000
CT	458	5589	5601	5601.000
CT	457	5606	5617	5617.000
CT	456	5716	5725	5725.000
CT	455	5980	5990	5990.000
CT	454	6088	6102	6102.000
CT	453	6237	6252	6252.000
CT	452	6125	6142	6142.000
CT	451	6270	6281	6281.000
CT	450	6312	6320	6320.000
CT	449	6425	6447	6447.000
CT	448	6793	6814	6814.000
CT	447	6722	6742	6742.000
CT	446	6859	6873	6873.000
CT	445	7013	7037	7037.000
CT	444	6931	6946	6946.000
CT	443	7223	7243	7243.000
CT	442	7390	7414	7414.000
CT	441	7469	7489	7489.000
CT	440	7511	7531	7531.000
CT	439	7752	7772	7772.000
CT	438	7822	7836	7836.000
CT	437	7989	8002	8002.000
CT	436	8079	8085	8085.000
CT	435	8323	8334	8334.000
CT	434	8231	8241	8241.000
CT	433	8374	8385	8385.000
CT	432	8556	8561	8561.000
CT	431	8815	8819	8819.000
CT	430	8924	8935	8935.000
CT	429	8924	8935	8935.000
CT	428	9348	9358	9358.000
CT	427	9125	9137	9137.000
CT	426	9567	9577	9577.000
CT	425	9619	9625	9625.000
CT	424	9723	9734	9734.000
CT	423	9618	9632	9632.000
CT	422	9806	9812	9812.000
CT	421	9883	9894	9894.000
CT	420	10100	10104	10104.000
CT	419	10369	10381	10381.000
CT	418	10329	10335	10335.000
CT	417	10496	10504	10504.000
CT	416	10537	10551	10551.000
CT	415	10954	10960	10960.000
CT	414	11140	11158	11158.000
CT	413	11268	11281	11281.000
CT	412	11494	11501	11501.000
CT	411	11509	11519	11519.000
CT	410	11715	11728	11728.000
CT	409	11730	11745	11745.000
CT	408	11794	11807	11807.000
CT	407	12010	12030	12030.000
CT	406	12348	12363	12363.000
CT	405	12617	12626	12626.000
CT	404	12631	12650	12650.000
CT	403	12858	12867	12867.000
CT	402	12921	12938	12938.000
CT	401	12971	12988	12988.000
CT	400	13327	13339	13339.000
CT	399	13370	13385	13385.000
CT	398	13261	13274	13274.000
CT	397	13490	13518	13518.000
CT	396	13862	13869	13869.000
CT	395	14006	14017	14017.000
CT	394	13961	13979	13979.000
CT	393	14097	14109	14109.000
CT	392	14484	14505	14505.000
CT	391	14709	14723	14723.000
CT	390	14582	14593	14593.000
CT	389	14707	14718	14718.000
CT	388	14777	14787	14787.000
CT	387	15095	15109	15109.000
CT	386	15282	15306	15306.000
CT	385	15533	15553	15553.000
CT	384	15548	15562	15562.000
CT	383	15729	15739	15739.000
CT	382	15754	15764	15764.000
CT	381	16083	16093	16093.000
CT	380	15795	15806	15806.000
CT	379	16055	16065	16065.000
CT	378	16380	16389	16389.000
CT	377	16275	16288	16288.000
CT	376	16582	16588	16588.000
CT	375	16895	16904	16904.000
CT	374	16940	16951	16951.000
CT	373	16875	16878	16878.000
CT	372	17198	17204	17204.000
CT	371	17275	17284	17284.000
CT	370	17151	17156	17156.000
CT	369	17459	17468	17468.000
CT	368	17383	17392	17392.000
CT	367	17687	17698	17698.000
CT	366	17516	17523	17523.000
CT	365	17787	17801	17801.000
CT	364	18052	18062	18062.000
CT	363	18257	18267	18267.000
CT	362	18151	18157	18157.000
CT	361	18211	18220	18220.000
CT	360	18425	18429	18429.000
CT	359	18583	18588	18588.000
CT	358	18561	18583	18583.000
CT	357	18798	18810	18810.000
CT	356	18672	18686	18686.000
CT	355	18961	18978	18978.000
CT	354	18997	19011	19011.000
CT	353	18904	18912	18912.000
CT	352	19110	19124	19124.000
CT	351	19140	19153	19153.000
CT	350	19497	19507	19507.000
CT	349	19362	19369	19369.000
CT	348	19482	19493	19493.000
CT	347	19761	19774	19774.000
CT	346	19877	19886	19886.000
CT	345	19810	19825	19825.000
CT	344	19894	19903	19903.000
CT	343	20003	20014	20014.000
CT	342	20118	20128	20128.000
CT	341	20065	20072	20072.000
CT	340	20002	20015	20015.000
CT	339	20471	20474	20474.000
CT	338	20330	20339	20339.000
CT	337	20692	20694	20694.000
CT	336	20193	20210	20210.000
CT	335	20453	20458	20458.000
CT	334	20071	20076	20076.000
CT	333	20495	20501	20501.000
CT	332	20445	20449	20449.000
CT	331	20450	20457	20457.000
CT	330	20681	20693	20693.000
CT	329	20639	20649	20649.000
CT	328	20707	20709	20709.000
CT	327	20470	20473	20473.000
CT	326	20661	20663	20663.000
CT	325	20757	20760	20760.000
CT	324	20498	20502	20502.000
CT	323	20610	20612	20612.000
CT	322	20758	20763	20763.000
CT	321	20607	20607	20607.000
CT	320	20620	20620	20620.000
CT	319	20788	20788	20788.000
CT	318	20623	20627	20627.000
CT	317	20574	20576	20576.000
CT	316	20547	20547	20547.000
CT	315	20660	20661	20661.000
CT	314	20518	20520	20520.000
CT	313	20505	20509	20509.000
CT	312	20473	20476	20476.000
CT	311	20274	20276	20276.000
CT	310	20174	20177	20177.000
CT	309	20233	20234	20234.000
CT	308	20030	20035	20035.000
CT	307	20000	20002	20002.000
CT	306	19789	19792	19792.000
CT	305	19849	19850	19850.000
CT	304	19870	19872	19872.000
CT	303	19434	19438	19438.000
CT	302	19772	19775	19775.000
CT	301	19402	19402	19402.000
CT	300	19056	19060	19060.000
CT	299	19105	19105	19105.000
CT	298	18832	18834	18834.000
CT	297	18790	18792	18792.000
CT	296	18251	18255	18255.000
CT	295	18306	18314	18314.000
CT	294	17991	17992	17992.000
CT	293	18235	18238	18238.000
CT	292	17541	17540	17540.000
CT	291	17762	17765	17765.000
CT	290	17354	17351	17351.000
CT	289	17425	17425	17425.000
CT	288	17469	17467	17467.000
CT	287	17125	17130	17130.000
CT	286	16995	16998	16998.000
CT	285	16787	16789	16789.000
CT	284	16670	16672	16672.000
CT	283	16469	16468	16468.000
CT	282	16325	16324	16324.000
CT	281	15797	15801	15801.000
CT	280	15922	15926	15926.000
CT	279	15535	15533	15533.000
CT	278	15274	15275	15275.000
CT	277	15081	15084	15084.000
CT	276	15043	15044	15044.000
CT	275	14824	14829	14829.000
CT	274	14550	14557	14557.000
CT	273	14463	14464	14464.000
CT	272	14384	14383	14383.000
CT	271	14095	14097	14097.000
CT	270	13941	13945	13945.000
CT	269	13639	13645	13645.000
CT	268	13551	13551	13551.000
CT	267	13222	13222	13222.000
CT	266	12778	12782	12782.000
CT	265	12739	12743	12743.000
CT	264	12335	12339	12339.000
CT	263	12384	12385	12385.000
CT	262	11929	11931	11931.000
CT	261	11801	11804	11804.000
CT	260	11546	11550	11550.000
CT	259	11417	11421	11421.000
CT	258	11077	11080	11080.000
CT	257	11107	11107	11107.000
CT	256	10711	10711	10711.000
CT	255	10596	10596	10596.000
CT	254	10324	10327	10327.000
CT	253	10368	10369	10369.000
CT	252	10127	10132	10132.000
CT	251	9956	9955	9955.000
CT	250	9694	9692	9692.000
CT	249	9381	9383	9383.000
CT	248	9226	9227	9227.000
CT	247	9138	9137	9137.000
CT	246	8912	8912	8912.000
CT	245	8696	8698	8698.000
CT	244	8613	8617	8617.000
CT	243	8383	8381	8381.000
CT	242	7967	7966	7966.000
CT	241	7770	7768	7768.000
CT	240	7954	7951	7951.000
CT	239	7621	7623	7623.000
CT	238	7311	7309	7309.000
CT	237	7296	7289	7289.000
CT	236	7143	7145	7145.000
CT	235	6976	6972	6972.000
CT	234	6624	6621	6621.000
CT	233	6574	6575	6575.000
CT	232	6462	6461	6461.000
CT	231	6134	6132	6132.000
CT	230	6112	6111	6111.000
CT	229	5918	5920	5920.000
CT	228	5883	5881	5881.000
CT	227	5789	5786	5786.000
CT	226	5689	5688	5688.000
CT	225	5624	5628	5628.000
CT	224	5397	5397	5397.000
CT	223	5277	5277	5277.000
CT	222	5251	5247	5247.000
CT	221	5044	5045	5045.000
CT	220	4787	4788	4788.000
CT	219	4620	4621	4621.000
CT	218	4593	4593	4593.000
CT	217	4435	4434	4434.000
CT	216	4310	4306	4306.000
CT	215	4203	4204	4204.000
CT	214	4254	4253	4253.000
CT	213	4056	4059	4059.000
CT	212	4038	4041	4041.000
CT	211	3842	3841	3841.000
CT	210	3727	3730	3730.000
CT	209	3581	3581	3581.000
CT	208	3520	3525	3525.000
CT	207	3333	3334	3334.000
CT	206	3284	3283	3283.000
CT	205	3001	3001	3001.000
CT	204	2888	2884	2884.000
CT	203	2836	2835	2835.000
CT	202	2730	2730	2730.000
CT	201	2630	2626	2626.000
CT	200	2519	2521	2521.000
CT	199	2524	2526	2526.000
CT	198	2443	2443	2443.000
CT	197	2312	2310	2310.000
CT	196	2258	2261	2261.000
CT	195	2149	2149	2149.000
CT	194	2155	2151	2151.000
CT	193	2146	2145	2145.000
CT	192	2074	2068	2068.000
CT	191	2055	2051	2051.000
CT	190	1923	1916	1916.000
CT	189	1890	1887	1887.000
CT	188	1871	1867	1867.000
CT	187	1694	1694	1694.000
CT	186	1625	1623	1623.000
CT	185	1528	1528	1528.000
CT	184	1481	1479	1479.000
CT	183	1316	1313	1313.000
CT	182	1353	1349	1349.000
CT	181	1252	1250	1250.000
CT	180	1151	1148	1148.000
CT	179	1201	1198	1198.000
CT	178	1139	1138	1138.000
CT	177	1066	1064	1064.000
CT	176	999	997	997.000
CT	175	1001	999	999.000
CT	174	988	987	987.000
CT	173	854	850	850.000
CT	172	876	870	870.000
CT	171	794	792	792.000
CT	170	775	774	774.000
CT	169	716	715	715.000
CT	168	723	722	722.000
CT	167	719	719	719.000
CT	166	712	706	706.000
CT	165	665	662	662.000
CT	164	560	559	559.000
CT	163	580	579	579.000
CT	162	535	533	533.000
CT	161	510	510	510.000
CT	160	470	468	468.000
CT	159	451	448	448.000
CT	158	403	403	403.000
CT	157	387	387	387.000
CT	156	315	309	309.000
CT	155	354	353	353.000
CT	154	349	348	348.000
CT	153	387	387	387.000
CT	152	305	304	304.000
CT	151	326	325	325.000
CT	150	282	279	279.000
CT	149	266	264	264.000
CT	148	256	253	253.000
CT	147	245	245	245.000
CT	146	232	228	228.000
CT	145	250	244	244.000
CT	144	241	241	241.000
CT	143	203	198	198.000
CT	142	207	199	199.000
CT	141	194	191	191.000
CT	140	184	179	179.000
CT	139	179	176	176.000
CT	138	142	136	136.000
CT	137	169	163	163.000
CT	136	158	152	152.000
CT	135	120	117	117.000
CT	134	137	135	135.000
CT	133	148	147	147.000
CT	132	110	106	106.000
CT	131	120	118	118.000
CT	130	114	106	106.000
CT	129	97	94	94.000
CT	128	105	101	101.000
CT	127	94	92	92.000
CT	126	91	89	89.000
CT	125	78	76	76.000
CT	124	68	67	67.000
CT	123	75	69	69.000
CT	122	74	66	66.000
CT	121	62	59	59.000
CT	120	62	57	57.000
CT	119	55	48	48.000
CT	118	54	45	45.000
CT	117	55	50	50.000
CT	116	48	41	41.000
CT	115	54	42	42.000
CT	114	41	35	35.000
CT	113	48	43	43.000
CT	112	54	47	47.000
CT	111	47	41	41.000
CT	110	57	43	43.000
CT	109	42	36	36.000
CT	108	28	18	18.000
CT	107	30	23	23.000
CT	106	34	25	25.000
CT	105	36	27	27.000
CT	104	35	19	19.000
CT	103	35	24	24.000
CT	102	26	16	16.000
CT	101	31	21	21.000
CT	100	27	14	14.000
CT	99	35	17	17.000
CT	98	29	19	19.000
CT	97	34	25	25.000
CT	96	36	23	23.000
CT	95	34	15	15.000
CT	94	39	17	17.000
CT	93	35	17	17.000
CT	92	39	16	16.000
CT	91	38	17	17.000
CT	90	30	13	13.000
CT	89	38	19	19.000
CT	88	46	24	24.000
CT	87	35	21	21.000
CT	86	45	15	15.000
CT	85	44	14	14.000
CT	84	34	16	16.000
CT	83	40	13	13.000
CT	82	44	8	8.000
CT	81	48	11	11.000
CT	80	41	6	6.000
CT	79	42	4	4.000
CT	78	38	10	10.000
CT	77	70	13	13.000
CT	76	56	8	8.000
CT	75	76	16	16.000
CT	74	72	11	11.000
CT	73	67	1	1.000
CT	72	79	2	2.000
CT	71	90	8	8.000
CT	70	97	6	6.000
CT	69	72	4	4.000
CT	68	87	5	5.000
CT	67	102	6	6.000
CT	66	134	3	3.000
CT	65	146	3	3.000
CT	64	176	8	8.000
CT	63	166	8	8.000
CT	62	158	5	5.000
CT	61	249	4	4.000
CT	60	216	2	2.000
CT	59	264	3	3.000
CT	58	262	2	2.000
CT	57	276	2	2.000
CT	56	285	2	2.000
CT	55	296	0	0.000
CT	54	328	0	0.000
CT	53	369	0	0.000
CT	52	469	0	0.000
CT	51	433	0	0.000
CT	50	510	0	0.000
CT	49	629	0	0.000
CT	48	702	0	0.000
CT	47	740	0	0.000
CT	46	795	0	0.000
CT	45	833	0	0.000
CT	44	1041	0	0.000
CT	43	1113	0	0.000
CT	42	1283	0	0.000
CT	41	1459	0	0.000
CT	40	1578	0	0.000
CT	39	1636	0	0.000
CT	38	1717	0	0.000
CT	37	2051	0	0.000
CT	36	2396	0	0.000
CT	35	2521	0	0.000
CT	34	2890	0	0.000
CT	33	3498	0	0.000
CT	32	3749	0	0.000
CT	31	4328	0	0.000
CT	30	4815	0	0.000
CT	29	5347	0	0.000
CT	28	6118	0	0.000
CT	27	6786	0	0.000
CT	26	7912	0	0.000
CT	25	8611	0	0.000
CT	24	9303	0	0.000
CT	23	10773	0	0.000
CT	22	12706	0	0.000
CT	21	14840	0	0.000
CT	20	16997	0	0.000
CT	19	19501	0	0.000
CT	18	22730	0	0.000
CT	17	27182	0	0.000
CT	16	32035	0	0.000
CT	15	37934	0	0.000
CT	14	46764	0	0.000
CT	13	57572	0	0.000
CT	12	71419	0	0.000
CT	11	92117	0	0.000
CT	10	120514	0	0.000
CT	9	163922	0	0.000
CT	8	234695	0	0.000
CT	7	353043	0	0.000
CT	6	570136	0	0.000
CT	5	1025037	0	0.000
CT	4	2090648	0	0.000
CT	3	5003304	0	0.000
CT	2	15335805	0	0.000
CT	1	0	0	-nan
CT	0	0	0	-nan
FR	0	0
ER	3797143	0.000
CV	1.000
QV	inf	inf
