HS	1023	0	8260	8260
HS	1022	0	0	8260
HS	1021	0	0	8260
HS	1020	0	1	8261
HS	1019	0	2	8263
HS	1018	0	2	8265
HS	1017	0	3	8268
HS	1016	0	2	8270
HS	1015	0	1	8271
HS	1014	0	4	8275
HS	1013	0	3	8278
HS	1012	0	2	8280
HS	1011	0	1	8281
HS	1010	0	1	8282
HS	1009	0	3	8285
HS	1008	0	4	8289
HS	1007	0	3	8292
HS	1006	0	1	8293
HS	1005	0	1	8294
HS	1004	0	5	8299
HS	1003	0	2	8301
HS	1002	0	3	8304
HS	1001	0	3	8307
HS	1000	0	2	8309
HS	999	0	3	8312
HS	998	0	2	8314
HS	997	0	4	8318
HS	996	0	2	8320
HS	995	0	1	8321
HS	994	0	2	8323
HS	993	0	1	8324
HS	992	0	3	8327
HS	991	0	3	8330
HS	990	0	1	8331
HS	989	0	2	8333
HS	988	0	0	8333
HS	987	0	1	8334
HS	986	0	1	8335
HS	985	0	1	8336
HS	984	0	0	8336
HS	983	0	3	8339
HS	982	0	1	8340
HS	981	0	1	8341
HS	980	0	1	8342
HS	979	0	1	8343
HS	978	0	3	8346
HS	977	0	1	8347
HS	976	0	5	8352
HS	975	0	2	8354
HS	974	0	0	8354
HS	973	0	1	8355
HS	972	0	4	8359
HS	971	0	2	8361
HS	970	0	2	8363
HS	969	0	5	8368
HS	968	0	4	8372
HS	967	0	0	8372
HS	966	0	3	8375
HS	965	0	2	8377
HS	964	0	3	8380
HS	963	0	4	8384
HS	962	0	2	8386
HS	961	0	3	8389
HS	960	0	2	8391
HS	959	0	2	8393
HS	958	0	1	8394
HS	957	0	3	8397
HS	956	0	1	8398
HS	955	0	2	8400
HS	954	0	1	8401
HS	953	0	2	8403
HS	952	0	3	8406
HS	951	0	5	8411
HS	950	0	4	8415
HS	949	0	2	8417
HS	948	0	2	8419
HS	947	0	4	8423
HS	946	0	6	8429
HS	945	0	3	8432
HS	944	0	2	8434
HS	943	0	5	8439
HS	942	0	1	8440
HS	941	0	3	8443
HS	940	0	2	8445
HS	939	0	9	8454
HS	938	0	5	8459
HS	937	0	6	8465
HS	936	0	3	8468
HS	935	0	2	8470
HS	934	0	2	8472
HS	933	0	1	8473
HS	932	0	4	8477
HS	931	0	4	8481
HS	930	0	4	8485
HS	929	0	3	8488
HS	928	0	1	8489
HS	927	0	5	8494
HS	926	0	3	8497
HS	925	0	2	8499
HS	924	0	3	8502
HS	923	0	3	8505
HS	922	0	3	8508
HS	921	0	2	8510
HS	920	0	3	8513
HS	919	0	2	8515
HS	918	0	6	8521
HS	917	0	0	8521
HS	916	0	2	8523
HS	915	0	3	8526
HS	914	0	7	8533
HS	913	0	3	8536
HS	912	0	1	8537
HS	911	0	4	8541
HS	910	0	5	8546
HS	909	0	3	8549
HS	908	0	2	8551
HS	907	0	5	8556
HS	906	0	2	8558
HS	905	0	5	8563
HS	904	0	3	8566
HS	903	0	5	8571
HS	902	0	6	8577
HS	901	0	3	8580
HS	900	0	7	8587
HS	899	0	2	8589
HS	898	0	2	8591
HS	897	0	3	8594
HS	896	0	6	8600
HS	895	0	4	8604
HS	894	0	6	8610
HS	893	0	5	8615
HS	892	0	3	8618
HS	891	0	3	8621
HS	890	0	4	8625
HS	889	0	4	8629
HS	888	0	2	8631
HS	887	0	7	8638
HS	886	0	3	8641
HS	885	0	2	8643
HS	884	0	4	8647
HS	883	0	2	8649
HS	882	0	2	8651
HS	881	0	1	8652
HS	880	0	1	8653
HS	879	0	1	8654
HS	878	0	2	8656
HS	877	0	2	8658
HS	876	0	1	8659
HS	875	0	2	8661
HS	874	0	5	8666
HS	873	0	6	8672
HS	872	0	3	8675
HS	871	0	4	8679
HS	870	0	1	8680
HS	869	0	1	8681
HS	868	0	2	8683
HS	867	0	2	8685
HS	866	0	3	8688
HS	865	0	3	8691
HS	864	0	3	8694
HS	863	0	2	8696
HS	862	0	5	8701
HS	861	0	3	8704
HS	860	0	1	8705
HS	859	0	2	8707
HS	858	0	0	8707
HS	857	0	1	8708
HS	856	0	3	8711
HS	855	0	5	8716
HS	854	0	4	8720
HS	853	0	7	8727
HS	852	0	4	8731
HS	851	0	0	8731
HS	850	0	5	8736
HS	849	0	5	8741
HS	848	0	3	8744
HS	847	0	6	8750
HS	846	0	9	8759
HS	845	0	4	8763
HS	844	0	5	8768
HS	843	0	8	8776
HS	842	0	8	8784
HS	841	0	9	8793
HS	840	0	7	8800
HS	839	0	6	8806
HS	838	0	6	8812
HS	837	0	9	8821
HS	836	0	5	8826
HS	835	0	9	8835
HS	834	0	5	8840
HS	833	0	4	8844
HS	832	0	4	8848
HS	831	0	5	8853
HS	830	0	6	8859
HS	829	0	4	8863
HS	828	0	7	8870
HS	827	0	3	8873
HS	826	0	3	8876
HS	825	0	3	8879
HS	824	0	5	8884
HS	823	0	6	8890
HS	822	0	3	8893
HS	821	0	4	8897
HS	820	0	4	8901
HS	819	0	9	8910
HS	818	0	13	8923
HS	817	0	7	8930
HS	816	0	6	8936
HS	815	0	9	8945
HS	814	0	9	8954
HS	813	0	8	8962
HS	812	0	6	8968
HS	811	0	7	8975
HS	810	0	6	8981
HS	809	0	4	8985
HS	808	0	10	8995
HS	807	0	6	9001
HS	806	0	10	9011
HS	805	0	5	9016
HS	804	0	8	9024
HS	803	0	8	9032
HS	802	0	12	9044
HS	801	0	4	9048
HS	800	0	9	9057
HS	799	0	7	9064
HS	798	0	4	9068
HS	797	0	5	9073
HS	796	0	3	9076
HS	795	0	10	9086
HS	794	0	4	9090
HS	793	0	3	9093
HS	792	0	5	9098
HS	791	0	6	9104
HS	790	0	13	9117
HS	789	0	7	9124
HS	788	0	7	9131
HS	787	0	4	9135
HS	786	0	10	9145
HS	785	0	10	9155
HS	784	0	14	9169
HS	783	0	9	9178
HS	782	0	13	9191
HS	781	0	7	9198
HS	780	0	8	9206
HS	779	0	17	9223
HS	778	0	11	9234
HS	777	0	23	9257
HS	776	0	9	9266
HS	775	0	10	9276
HS	774	0	8	9284
HS	773	0	25	9309
HS	772	0	11	9320
HS	771	0	13	9333
HS	770	0	13	9346
HS	769	0	11	9357
HS	768	0	7	9364
HS	767	0	11	9375
HS	766	0	9	9384
HS	765	0	9	9393
HS	764	0	14	9407
HS	763	0	12	9419
HS	762	0	13	9432
HS	761	0	14	9446
HS	760	0	12	9458
HS	759	0	12	9470
HS	758	0	11	9481
HS	757	0	17	9498
HS	756	0	16	9514
HS	755	0	11	9525
HS	754	0	8	9533
HS	753	0	11	9544
HS	752	0	17	9561
HS	751	0	21	9582
HS	750	0	18	9600
HS	749	0	21	9621
HS	748	0	27	9648
HS	747	0	20	9668
HS	746	0	18	9686
HS	745	0	12	9698
HS	744	0	19	9717
HS	743	0	14	9731
HS	742	0	21	9752
HS	741	0	13	9765
HS	740	0	17	9782
HS	739	0	23	9805
HS	738	0	21	9826
HS	737	0	20	9846
HS	736	0	17	9863
HS	735	0	15	9878
HS	734	0	22	9900
HS	733	0	17	9917
HS	732	0	24	9941
HS	731	0	20	9961
HS	730	0	26	9987
HS	729	0	21	10008
HS	728	0	24	10032
HS	727	0	29	10061
HS	726	0	28	10089
HS	725	0	39	10128
HS	724	0	24	10152
HS	723	0	26	10178
HS	722	0	16	10194
HS	721	0	18	10212
HS	720	0	32	10244
HS	719	0	30	10274
HS	718	0	22	10296
HS	717	0	34	10330
HS	716	0	26	10356
HS	715	0	33	10389
HS	714	0	43	10432
HS	713	0	27	10459
HS	712	0	33	10492
HS	711	0	42	10534
HS	710	0	37	10571
HS	709	0	28	10599
HS	708	0	30	10629
HS	707	0	34	10663
HS	706	0	24	10687
HS	705	0	39	10726
HS	704	0	41	10767
HS	703	0	28	10795
HS	702	0	37	10832
HS	701	0	40	10872
HS	700	0	33	10905
HS	699	0	29	10934
HS	698	0	27	10961
HS	697	0	41	11002
HS	696	0	33	11035
HS	695	0	35	11070
HS	694	0	40	11110
HS	693	0	39	11149
HS	692	0	35	11184
HS	691	0	49	11233
HS	690	0	39	11272
HS	689	0	44	11316
HS	688	0	44	11360
HS	687	0	42	11402
HS	686	0	58	11460
HS	685	0	42	11502
HS	684	0	61	11563
HS	683	0	69	11632
HS	682	0	50	11682
HS	681	0	56	11738
HS	680	0	58	11796
HS	679	0	68	11864
HS	678	0	62	11926
HS	677	0	60	11986
HS	676	0	62	12048
HS	675	0	66	12114
HS	674	0	67	12181
HS	673	0	67	12248
HS	672	0	75	12323
HS	671	0	68	12391
HS	670	0	79	12470
HS	669	0	70	12540
HS	668	0	68	12608
HS	667	0	65	12673
HS	666	0	77	12750
HS	665	0	76	12826
HS	664	0	92	12918
HS	663	0	56	12974
HS	662	0	89	13063
HS	661	0	64	13127
HS	660	0	76	13203
HS	659	0	90	13293
HS	658	0	83	13376
HS	657	0	99	13475
HS	656	0	113	13588
HS	655	0	89	13677
HS	654	0	95	13772
HS	653	0	106	13878
HS	652	0	85	13963
HS	651	0	101	14064
HS	650	0	110	14174
HS	649	0	110	14284
HS	648	0	119	14403
HS	647	0	122	14525
HS	646	0	129	14654
HS	645	0	105	14759
HS	644	0	110	14869
HS	643	0	102	14971
HS	642	0	109	15080
HS	641	0	110	15190
HS	640	0	114	15304
HS	639	0	125	15429
HS	638	0	139	15568
HS	637	0	136	15704
HS	636	0	124	15828
HS	635	0	139	15967
HS	634	0	160	16127
HS	633	0	146	16273
HS	632	0	155	16428
HS	631	0	165	16593
HS	630	0	174	16767
HS	629	0	175	16942
HS	628	0	175	17117
HS	627	0	178	17295
HS	626	0	179	17474
HS	625	0	190	17664
HS	624	0	176	17840
HS	623	0	191	18031
HS	622	0	211	18242
HS	621	0	174	18416
HS	620	0	196	18612
HS	619	0	240	18852
HS	618	0	212	19064
HS	617	0	224	19288
HS	616	0	256	19544
HS	615	0	246	19790
HS	614	0	222	20012
HS	613	0	237	20249
HS	612	0	243	20492
HS	611	0	261	20753
HS	610	0	263	21016
HS	609	0	305	21321
HS	608	0	249	21570
HS	607	0	298	21868
HS	606	0	260	22128
HS	605	0	274	22402
HS	604	0	277	22679
HS	603	0	287	22966
HS	602	0	321	23287
HS	601	0	297	23584
HS	600	0	321	23905
HS	599	0	309	24214
HS	598	0	325	24539
HS	597	0	315	24854
HS	596	0	363	25217
HS	595	0	353	25570
HS	594	0	377	25947
HS	593	0	352	26299
HS	592	0	391	26690
HS	591	0	420	27110
HS	590	0	414	27524
HS	589	0	418	27942
HS	588	0	419	28361
HS	587	0	429	28790
HS	586	0	392	29182
HS	585	0	450	29632
HS	584	0	451	30083
HS	583	0	460	30543
HS	582	0	513	31056
HS	581	0	525	31581
HS	580	0	522	32103
HS	579	0	504	32607
HS	578	0	537	33144
HS	577	0	556	33700
HS	576	0	516	34216
HS	575	0	582	34798
HS	574	0	497	35295
HS	573	0	579	35874
HS	572	0	560	36434
HS	571	0	605	37039
HS	570	0	529	37568
HS	569	0	588	38156
HS	568	0	541	38697
HS	567	0	622	39319
HS	566	0	624	39943
HS	565	0	627	40570
HS	564	0	657	41227
HS	563	0	649	41876
HS	562	0	643	42519
HS	561	0	647	43166
HS	560	0	752	43918
HS	559	0	721	44639
HS	558	0	736	45375
HS	557	0	790	46165
HS	556	0	764	46929
HS	555	0	817	47746
HS	554	0	804	48550
HS	553	0	856	49406
HS	552	0	860	50266
HS	551	0	841	51107
HS	550	0	854	51961
HS	549	0	932	52893
HS	548	0	950	53843
HS	547	0	920	54763
HS	546	0	977	55740
HS	545	0	1035	56775
HS	544	0	966	57741
HS	543	0	1040	58781
HS	542	0	1035	59816
HS	541	0	1102	60918
HS	540	0	1076	61994
HS	539	0	1126	63120
HS	538	0	1128	64248
HS	537	0	1189	65437
HS	536	0	1196	66633
HS	535	0	1188	67821
HS	534	0	1238	69059
HS	533	0	1220	70279
HS	532	0	1356	71635
HS	531	0	1362	72997
HS	530	0	1370	74367
HS	529	0	1361	75728
HS	528	0	1408	77136
HS	527	0	1459	78595
HS	526	0	1454	80049
HS	525	0	1511	81560
HS	524	0	1489	83049
HS	523	0	1498	84547
HS	522	0	1645	86192
HS	521	0	1596	87788
HS	520	0	1676	89464
HS	519	0	1677	91141
HS	518	0	1741	92882
HS	517	0	1736	94618
HS	516	0	1712	96330
HS	515	0	1820	98150
HS	514	0	1881	100031
HS	513	0	1878	101909
HS	512	0	1915	103824
HS	511	0	1986	105810
HS	510	0	2033	107843
HS	509	0	2053	109896
HS	508	0	2175	112071
HS	507	0	2192	114263
HS	506	0	2279	116542
HS	505	0	2320	118862
HS	504	0	2369	121231
HS	503	0	2373	123604
HS	502	0	2424	126028
HS	501	0	2458	128486
HS	500	0	2491	130977
HS	499	0	2502	133479
HS	498	0	2499	135978
HS	497	0	2607	138585
HS	496	0	2632	141217
HS	495	0	2687	143904
HS	494	0	2750	146654
HS	493	0	2811	149465
HS	492	0	2789	152254
HS	491	0	2862	155116
HS	490	0	2912	158028
HS	489	0	3045	161073
HS	488	0	3171	164244
HS	487	0	3200	167444
HS	486	0	3345	170789
HS	485	0	3357	174146
HS	484	0	3436	177582
HS	483	0	3401	180983
HS	482	0	3546	184529
HS	481	0	3648	188177
HS	480	0	3782	191959
HS	479	0	3759	195718
HS	478	0	3894	199612
HS	477	0	4023	203635
HS	476	0	3964	207599
HS	475	0	4134	211733
HS	474	0	4094	215827
HS	473	0	4208	220035
HS	472	0	4234	224269
HS	471	0	4405	228674
HS	470	0	4437	233111
HS	469	0	4538	237649
HS	468	0	4677	242326
HS	467	0	4704	247030
HS	466	0	4761	251791
HS	465	0	4838	256629
HS	464	0	5029	261658
HS	463	0	5219	266877
HS	462	0	5248	272125
HS	461	0	5307	277432
HS	460	0	5334	282766
HS	459	0	5519	288285
HS	458	0	5589	293874
HS	457	0	5606	299480
HS	456	0	5716	305196
HS	455	0	5980	311176
HS	454	0	6088	317264
HS	453	0	6237	323501
HS	452	0	6125	329626
HS	451	0	6270	335896
HS	450	0	6312	342208
HS	449	0	6425	348633
HS	448	0	6793	355426
HS	447	0	6722	362148
HS	446	0	6859	369007
HS	445	0	7013	376020
HS	444	0	6931	382951
HS	443	0	7223	390174
HS	442	0	7390	397564
HS	441	0	7469	405033
HS	440	0	7511	412544
HS	439	0	7752	420296
HS	438	0	7822	428118
HS	437	0	7989	436107
HS	436	0	8079	444186
HS	435	0	8323	452509
HS	434	0	8231	460740
HS	433	0	8374	469114
HS	432	0	8556	477670
HS	431	0	8815	486485
HS	430	0	8924	495409
HS	429	0	8924	504333
HS	428	0	9348	513681
HS	427	0	9125	522806
HS	426	0	9567	532373
HS	425	0	9619	541992
HS	424	0	9723	551715
HS	423	0	9618	561333
HS	422	0	9806	571139
HS	421	0	9883	581022
HS	420	0	10100	591122
HS	419	0	10369	601491
HS	418	0	10329	611820
HS	417	0	10496	622316
HS	416	0	10537	632853
HS	415	0	10954	643807
HS	414	0	11140	654947
HS	413	0	11268	666215
HS	412	0	11494	677709
HS	411	0	11509	689218
HS	410	0	11715	700933
HS	409	0	11730	712663
HS	408	0	11794	724457
HS	407	0	12010	736467
HS	406	0	12348	748815
HS	405	0	12617	761432
HS	404	0	12631	774063
HS	403	0	12858	786921
HS	402	0	12921	799842
HS	401	0	12971	812813
HS	400	0	13327	826140
HS	399	0	13370	839510
HS	398	0	13261	852771
HS	397	0	13490	866261
HS	396	0	13862	880123
HS	395	0	14006	894129
HS	394	0	13961	908090
HS	393	0	14097	922187
HS	392	0	14484	936671
HS	391	0	14709	951380
HS	390	0	14582	965962
HS	389	0	14707	980669
HS	388	0	14777	995446
HS	387	0	15095	1010541
HS	386	0	15282	1025823
HS	385	0	15533	1041356
HS	384	0	15548	1056904
HS	383	0	15729	1072633
HS	382	0	15754	1088387
HS	381	0	16083	1104470
HS	380	0	15795	1120265
HS	379	0	16055	1136320
HS	378	0	16380	1152700
HS	377	0	16275	1168975
HS	376	0	16582	1185557
HS	375	0	16895	1202452
HS	374	0	16940	1219392
HS	373	0	16875	1236267
HS	372	0	17198	1253465
HS	371	0	17275	1270740
HS	370	0	17151	1287891
HS	369	0	17459	1305350
HS	368	0	17383	1322733
HS	367	0	17687	1340420
HS	366	0	17516	1357936
HS	365	0	17787	1375723
HS	364	0	18052	1393775
HS	363	0	18257	1412032
HS	362	0	18151	1430183
HS	361	0	18211	1448394
HS	360	0	18425	1466819
HS	359	0	18583	1485402
HS	358	0	18561	1503963
HS	357	0	18798	1522761
HS	356	0	18672	1541433
HS	355	0	18961	1560394
HS	354	0	18997	1579391
HS	353	0	18904	1598295
HS	352	0	19110	1617405
HS	351	0	19140	1636545
HS	350	0	19497	1656042
HS	349	0	19362	1675404
HS	348	0	19482	1694886
HS	347	0	19761	1714647
HS	346	0	19877	1734524
HS	345	0	19810	1754334
HS	344	0	19894	1774228
HS	343	0	20003	1794231
HS	342	0	20118	1814349
HS	341	0	20065	1834414
HS	340	0	20002	1854416
HS	339	0	20471	1874887
HS	338	0	20330	1895217
HS	337	0	20692	1915909
HS	336	0	20193	1936102
HS	335	0	20453	1956555
HS	334	0	20071	1976626
HS	333	0	20495	1997121
HS	332	0	20445	2017566
HS	331	0	20450	2038016
HS	330	0	20681	2058697
HS	329	0	20639	2079336
HS	328	0	20707	2100043
HS	327	0	20470	2120513
HS	326	0	20661	2141174
HS	325	0	20757	2161931
HS	324	0	20498	2182429
HS	323	0	20610	2203039
HS	322	0	20758	2223797
HS	321	0	20607	2244404
HS	320	0	20620	2265024
HS	319	0	20788	2285812
HS	318	0	20623	2306435
HS	317	0	20574	2327009
HS	316	0	20547	2347556
HS	315	0	20660	2368216
HS	314	0	20518	2388734
HS	313	0	20505	2409239
HS	312	0	20473	2429712
HS	311	0	20274	2449986
HS	310	0	20174	2470160
HS	309	0	20233	2490393
HS	308	0	20030	2510423
HS	307	0	20000	2530423
HS	306	0	19789	2550212
HS	305	0	19849	2570061
HS	304	0	19870	2589931
HS	303	0	19434	2609365
HS	302	0	19772	2629137
HS	301	0	19402	2648539
HS	300	0	19056	2667595
HS	299	0	19105	2686700
HS	298	0	18832	2705532
HS	297	0	18790	2724322
HS	296	0	18251	2742573
HS	295	0	18306	2760879
HS	294	0	17991	2778870
HS	293	0	18235	2797105
HS	292	0	17541	2814646
HS	291	0	17762	2832408
HS	290	0	17354	2849762
HS	289	0	17425	2867187
HS	288	0	17469	2884656
HS	287	0	17125	2901781
HS	286	0	16995	2918776
HS	285	0	16787	2935563
HS	284	0	16670	2952233
HS	283	0	16469	2968702
HS	282	0	16325	2985027
HS	281	0	15797	3000824
HS	280	0	15922	3016746
HS	279	0	15535	3032281
HS	278	0	15274	3047555
HS	277	0	15081	3062636
HS	276	0	15043	3077679
HS	275	0	14824	3092503
HS	274	0	14550	3107053
HS	273	0	14463	3121516
HS	272	0	14384	3135900
HS	271	0	14095	3149995
HS	270	0	13941	3163936
HS	269	0	13639	3177575
HS	268	0	13551	3191126
HS	267	0	13222	3204348
HS	266	0	12778	3217126
HS	265	0	12739	3229865
HS	264	0	12335	3242200
HS	263	0	12384	3254584
HS	262	0	11929	3266513
HS	261	0	11801	3278314
HS	260	0	11546	3289860
HS	259	0	11417	3301277
HS	258	0	11077	3312354
HS	257	0	11107	3323461
HS	256	0	10711	3334172
HS	255	0	10596	3344768
HS	254	0	10324	3355092
HS	253	0	10368	3365460
HS	252	0	10127	3375587
HS	251	0	9956	3385543
HS	250	0	9694	3395237
HS	249	0	9381	3404618
HS	248	0	9226	3413844
HS	247	0	9138	3422982
HS	246	0	8912	3431894
HS	245	0	8696	3440590
HS	244	0	8613	3449203
HS	243	0	8383	3457586
HS	242	0	7967	3465553
HS	241	0	7770	3473323
HS	240	0	7954	3481277
HS	239	0	7621	3488898
HS	238	0	7311	3496209
HS	237	0	7296	3503505
HS	236	0	7143	3510648
HS	235	0	6976	3517624
HS	234	0	6624	3524248
HS	233	0	6574	3530822
HS	232	0	6462	3537284
HS	231	0	6134	3543418
HS	230	0	6112	3549530
HS	229	0	5918	3555448
HS	228	0	5883	3561331
HS	227	0	5789	3567120
HS	226	0	5689	3572809
HS	225	0	5624	3578433
HS	224	0	5397	3583830
HS	223	0	5277	3589107
HS	222	0	5251	3594358
HS	221	0	5044	3599402
HS	220	0	4787	3604189
HS	219	0	4620	3608809
HS	218	0	4593	3613402
HS	217	0	4435	3617837
HS	216	0	4310	3622147
HS	215	0	4203	3626350
HS	214	0	4254	3630604
HS	213	0	4056	3634660
HS	212	0	4038	3638698
HS	211	0	3842	3642540
HS	210	0	3727	3646267
HS	209	0	3581	3649848
HS	208	0	3520	3653368
HS	207	0	3333	3656701
HS	206	0	3284	3659985
HS	205	0	3001	3662986
HS	204	0	2888	3665874
HS	203	0	2836	3668710
HS	202	0	2730	3671440
HS	201	0	2630	3674070
HS	200	0	2519	3676589
HS	199	0	2524	3679113
HS	198	0	2443	3681556
HS	197	0	2312	3683868
HS	196	0	2258	3686126
HS	195	0	2149	3688275
HS	194	0	2155	3690430
HS	193	0	2146	3692576
HS	192	0	2074	3694650
HS	191	0	2055	3696705
HS	190	0	1923	3698628
HS	189	0	1890	3700518
HS	188	0	1871	3702389
HS	187	0	1694	3704083
HS	186	0	1625	3705708
HS	185	0	1528	3707236
HS	184	0	1481	3708717
HS	183	0	1316	3710033
HS	182	0	1353	3711386
HS	181	0	1252	3712638
HS	180	0	1151	3713789
HS	179	0	1201	3714990
HS	178	0	1139	3716129
HS	177	0	1066	3717195
HS	176	0	999	3718194
HS	175	0	1001	3719195
HS	174	0	988	3720183
HS	173	0	854	3721037
HS	172	0	876	3721913
HS	171	0	794	3722707
HS	170	0	775	3723482
HS	169	0	716	3724198
HS	168	0	723	3724921
HS	167	0	719	3725640
HS	166	0	712	3726352
HS	165	0	665	3727017
HS	164	0	560	3727577
HS	163	0	580	3728157
HS	162	0	535	3728692
HS	161	0	510	3729202
HS	160	0	470	3729672
HS	159	0	451	3730123
HS	158	0	403	3730526
HS	157	0	387	3730913
HS	156	0	315	3731228
HS	155	0	354	3731582
HS	154	0	349	3731931
HS	153	0	387	3732318
HS	152	0	305	3732623
HS	151	0	326	3732949
HS	150	0	282	3733231
HS	149	0	266	3733497
HS	148	0	256	3733753
HS	147	0	245	3733998
HS	146	0	232	3734230
HS	145	0	250	3734480
HS	144	0	241	3734721
HS	143	0	203	3734924
HS	142	0	207	3735131
HS	141	0	194	3735325
HS	140	0	184	3735509
HS	139	0	179	3735688
HS	138	0	142	3735830
HS	137	0	169	3735999
HS	136	0	158	3736157
HS	135	0	120	3736277
HS	134	0	137	3736414
HS	133	0	148	3736562
HS	132	0	110	3736672
HS	131	0	120	3736792
HS	130	0	114	3736906
HS	129	0	97	3737003
HS	128	0	105	3737108
HS	127	0	94	3737202
HS	126	0	91	3737293
HS	125	0	78	3737371
HS	124	0	68	3737439
HS	123	0	75	3737514
HS	122	0	74	3737588
HS	121	0	62	3737650
HS	120	0	62	3737712
HS	119	0	55	3737767
HS	118	0	54	3737821
HS	117	0	55	3737876
HS	116	0	48	3737924
HS	115	0	54	3737978
HS	114	0	41	3738019
HS	113	0	48	3738067
HS	112	0	54	3738121
HS	111	0	47	3738168
HS	110	0	57	3738225
HS	109	0	42	3738267
HS	108	0	28	3738295
HS	107	0	30	3738325
HS	106	0	34	3738359
HS	105	0	36	3738395
HS	104	0	35	3738430
HS	103	0	35	3738465
HS	102	0	26	3738491
HS	101	0	31	3738522
HS	100	0	27	3738549
HS	99	0	35	3738584
HS	98	0	29	3738613
HS	97	0	34	3738647
HS	96	0	36	3738683
HS	95	0	34	3738717
HS	94	0	39	3738756
HS	93	0	35	3738791
HS	92	0	39	3738830
HS	91	0	38	3738868
HS	90	0	30	3738898
HS	89	0	38	3738936
HS	88	0	46	3738982
HS	87	0	35	3739017
HS	86	0	45	3739062
HS	85	0	44	3739106
HS	84	0	34	3739140
HS	83	0	40	3739180
HS	82	0	44	3739224
HS	81	0	48	3739272
HS	80	0	41	3739313
HS	79	0	42	3739355
HS	78	0	38	3739393
HS	77	0	70	3739463
HS	76	0	56	3739519
HS	75	0	76	3739595
HS	74	0	72	3739667
HS	73	0	67	3739734
HS	72	0	79	3739813
HS	71	0	90	3739903
HS	70	0	97	3740000
HS	69	0	72	3740072
HS	68	0	87	3740159
HS	67	0	102	3740261
HS	66	0	134	3740395
HS	65	0	146	3740541
HS	64	0	176	3740717
HS	63	0	166	3740883
HS	62	0	158	3741041
HS	61	0	249	3741290
HS	60	0	216	3741506
HS	59	0	264	3741770
HS	58	0	262	3742032
HS	57	0	276	3742308
HS	56	0	285	3742593
HS	55	0	296	3742889
HS	54	0	328	3743217
HS	53	0	369	3743586
HS	52	0	469	3744055
HS	51	0	433	3744488
HS	50	0	510	3744998
HS	49	0	629	3745627
HS	48	0	702	3746329
HS	47	0	740	3747069
HS	46	0	795	3747864
HS	45	0	833	3748697
HS	44	0	1041	3749738
HS	43	0	1113	3750851
HS	42	0	1283	3752134
HS	41	0	1459	3753593
HS	40	0	1578	3755171
HS	39	0	1636	3756807
HS	38	0	1717	3758524
HS	37	0	2051	3760575
HS	36	0	2396	3762971
HS	35	0	2521	3765492
HS	34	0	2890	3768382
HS	33	0	3498	3771880
HS	32	0	3749	3775629
HS	31	0	4328	3779957
HS	30	0	4815	3784772
HS	29	0	5347	3790119
HS	28	0	6118	3796237
HS	27	0	6786	3803023
HS	26	0	7912	3810935
HS	25	0	8611	3819546
HS	24	0	9303	3828849
HS	23	0	10773	3839622
HS	22	0	12706	3852328
HS	21	0	14840	3867168
HS	20	0	16997	3884165
HS	19	0	19501	3903666
HS	18	0	22730	3926396
HS	17	0	27182	3953578
HS	16	0	32035	3985613
HS	15	0	37934	4023547
HS	14	0	46764	4070311
HS	13	0	57572	4127883
HS	12	0	71419	4199302
HS	11	0	92117	4291419
HS	10	0	120514	4411933
HS	9	0	163922	4575855
HS	8	0	234695	4810550
HS	7	0	353043	5163593
HS	6	0	570136	5733729
HS	5	0	1025037	6758766
HS	4	0	2090648	8849414
HS	3	0	5003304	13852718
HS	2	0	15335805	29188523
HS	1	0	0	29188523
HS	0	0	0	29188523
