HS	1023	0	527265	527265
HS	1022	0	2653	529918
HS	1021	0	2836	532754
HS	1020	0	2773	535527
HS	1019	0	2831	538358
HS	1018	0	2943	541301
HS	1017	0	2808	544109
HS	1016	0	2860	546969
HS	1015	0	2966	549935
HS	1014	0	3018	552953
HS	1013	0	2899	555852
HS	1012	0	2941	558793
HS	1011	0	2922	561715
HS	1010	0	2935	564650
HS	1009	0	2909	567559
HS	1008	0	2964	570523
HS	1007	0	2966	573489
HS	1006	0	3103	576592
HS	1005	0	3071	579663
HS	1004	0	3113	582776
HS	1003	0	3117	585893
HS	1002	0	3146	589039
HS	1001	0	3010	592049
HS	1000	0	3196	595245
HS	999	0	3139	598384
HS	998	0	3149	601533
HS	997	0	3181	604714
HS	996	0	3166	607880
HS	995	0	3250	611130
HS	994	0	3155	614285
HS	993	0	3252	617537
HS	992	0	3192	620729
HS	991	0	3202	623931
HS	990	0	3245	627176
HS	989	0	3351	630527
HS	988	0	3270	633797
HS	987	0	3229	637026
HS	986	0	3172	640198
HS	985	0	3377	643575
HS	984	0	3369	646944
HS	983	0	3214	650158
HS	982	0	3312	653470
HS	981	0	3370	656840
HS	980	0	3347	660187
HS	979	0	3251	663438
HS	978	0	3238	666676
HS	977	0	3441	670117
HS	976	0	3441	673558
HS	975	0	3429	676987
HS	974	0	3364	680351
HS	973	0	3435	683786
HS	972	0	3371	687157
HS	971	0	3516	690673
HS	970	0	3414	694087
HS	969	0	3491	697578
HS	968	0	3504	701082
HS	967	0	3500	704582
HS	966	0	3562	708144
HS	965	0	3611	711755
HS	964	0	3478	715233
HS	963	0	3555	718788
HS	962	0	3596	722384
HS	961	0	3657	726041
HS	960	0	3445	729486
HS	959	0	3502	732988
HS	958	0	3711	736699
HS	957	0	3744	740443
HS	956	0	3645	744088
HS	955	0	3750	747838
HS	954	0	3741	751579
HS	953	0	3707	755286
HS	952	0	3779	759065
HS	951	0	3737	762802
HS	950	0	3797	766599
HS	949	0	3840	770439
HS	948	0	3875	774314
HS	947	0	3855	778169
HS	946	0	3821	781990
HS	945	0	3818	785808
HS	944	0	3878	789686
HS	943	0	3950	793636
HS	942	0	3786	797422
HS	941	0	3974	801396
HS	940	0	3960	805356
HS	939	0	4109	809465
HS	938	0	3881	813346
HS	937	0	3938	817284
HS	936	0	3918	821202
HS	935	0	3948	825150
HS	934	0	4044	829194
HS	933	0	4161	833355
HS	932	0	4106	837461
HS	931	0	4177	841638
HS	930	0	4112	845750
HS	929	0	4052	849802
HS	928	0	4094	853896
HS	927	0	4167	858063
HS	926	0	4086	862149
HS	925	0	4097	866246
HS	924	0	4227	870473
HS	923	0	4158	874631
HS	922	0	4136	878767
HS	921	0	4009	882776
HS	920	0	4168	886944
HS	919	0	4174	891118
HS	918	0	4336	895454
HS	917	0	4284	899738
HS	916	0	4233	903971
HS	915	0	4195	908166
HS	914	0	4279	912445
HS	913	0	4248	916693
HS	912	0	4271	920964
HS	911	0	4296	925260
HS	910	0	4325	929585
HS	909	0	4277	933862
HS	908	0	4278	938140
HS	907	0	4405	942545
HS	906	0	4247	946792
HS	905	0	4249	951041
HS	904	0	4458	955499
HS	903	0	4339	959838
HS	902	0	4367	964205
HS	901	0	4373	968578
HS	900	0	4361	972939
HS	899	0	4496	977435
HS	898	0	4617	982052
HS	897	0	4453	986505
HS	896	0	4538	991043
HS	895	0	4498	995541
HS	894	0	4423	999964
HS	893	0	4572	1004536
HS	892	0	4671	1009207
HS	891	0	4521	1013728
HS	890	0	4527	1018255
HS	889	0	4728	1022983
HS	888	0	4724	1027707
HS	887	0	4612	1032319
HS	886	0	4718	1037037
HS	885	0	4741	1041778
HS	884	0	4789	1046567
HS	883	0	4930	1051497
HS	882	0	4790	1056287
HS	881	0	4890	1061177
HS	880	0	4715	1065892
HS	879	0	4750	1070642
HS	878	0	4760	1075402
HS	877	0	4873	1080275
HS	876	0	4841	1085116
HS	875	0	4845	1089961
HS	874	0	4743	1094704
HS	873	0	4889	1099593
HS	872	0	4945	1104538
HS	871	0	4835	1109373
HS	870	0	4883	1114256
HS	869	0	4914	1119170
HS	868	0	4893	1124063
HS	867	0	4906	1128969
HS	866	0	4972	1133941
HS	865	0	4862	1138803
HS	864	0	4861	1143664
HS	863	0	4923	1148587
HS	862	0	5036	1153623
HS	861	0	4998	1158621
HS	860	0	4991	1163612
HS	859	0	5063	1168675
HS	858	0	5059	1173734
HS	857	0	4916	1178650
HS	856	0	5153	1183803
HS	855	0	5082	1188885
HS	854	0	5002	1193887
HS	853	0	5045	1198932
HS	852	0	5048	1203980
HS	851	0	5138	1209118
HS	850	0	5190	1214308
HS	849	0	5254	1219562
HS	848	0	5038	1224600
HS	847	0	5213	1229813
HS	846	0	5134	1234947
HS	845	0	5166	1240113
HS	844	0	5184	1245297
HS	843	0	5434	1250731
HS	842	0	5211	1255942
HS	841	0	5330	1261272
HS	840	0	5396	1266668
HS	839	0	5551	1272219
HS	838	0	5400	1277619
HS	837	0	5382	1283001
HS	836	0	5411	1288412
HS	835	0	5563	1293975
HS	834	0	5421	1299396
HS	833	0	5337	1304733
HS	832	0	5512	1310245
HS	831	0	5478	1315723
HS	830	0	5358	1321081
HS	829	0	5525	1326606
HS	828	0	5530	1332136
HS	827	0	5580	1337716
HS	826	0	5460	1343176
HS	825	0	5452	1348628
HS	824	0	5663	1354291
HS	823	0	5562	1359853
HS	822	0	5556	1365409
HS	821	0	5512	1370921
HS	820	0	5589	1376510
HS	819	0	5583	1382093
HS	818	0	5654	1387747
HS	817	0	5733	1393480
HS	816	0	5613	1399093
HS	815	0	5620	1404713
HS	814	0	5709	1410422
HS	813	0	5599	1416021
HS	812	0	5552	1421573
HS	811	0	5610	1427183
HS	810	0	5626	1432809
HS	809	0	5751	1438560
HS	808	0	5732	1444292
HS	807	0	5637	1449929
HS	806	0	5563	1455492
HS	805	0	5572	1461064
HS	804	0	5653	1466717
HS	803	0	5620	1472337
HS	802	0	5750	1478087
HS	801	0	5662	1483749
HS	800	0	5856	1489605
HS	799	0	5784	1495389
HS	798	0	5808	1501197
HS	797	0	5883	1507080
HS	796	0	5733	1512813
HS	795	0	5760	1518573
HS	794	0	5861	1524434
HS	793	0	5780	1530214
HS	792	0	5860	1536074
HS	791	0	5831	1541905
HS	790	0	5896	1547801
HS	789	0	5899	1553700
HS	788	0	5761	1559461
HS	787	0	5728	1565189
HS	786	0	5977	1571166
HS	785	0	5890	1577056
HS	784	0	5912	1582968
HS	783	0	6117	1589085
HS	782	0	5934	1595019
HS	781	0	6074	1601093
HS	780	0	6006	1607099
HS	779	0	5916	1613015
HS	778	0	5975	1618990
HS	777	0	5903	1624893
HS	776	0	6065	1630958
HS	775	0	6091	1637049
HS	774	0	5872	1642921
HS	773	0	5987	1648908
HS	772	0	6094	1655002
HS	771	0	6032	1661034
HS	770	0	6044	1667078
HS	769	0	6106	1673184
HS	768	0	6084	1679268
HS	767	0	6096	1685364
HS	766	0	5980	1691344
HS	765	0	5942	1697286
HS	764	0	6133	1703419
HS	763	0	6229	1709648
HS	762	0	6167	1715815
HS	761	0	6175	1721990
HS	760	0	5995	1727985
HS	759	0	6173	1734158
HS	758	0	6093	1740251
HS	757	0	6122	1746373
HS	756	0	6339	1752712
HS	755	0	6330	1759042
HS	754	0	6338	1765380
HS	753	0	6120	1771500
HS	752	0	6153	1777653
HS	751	0	6237	1783890
HS	750	0	6430	1790320
HS	749	0	6281	1796601
HS	748	0	6303	1802904
HS	747	0	6408	1809312
HS	746	0	6298	1815610
HS	745	0	6402	1822012
HS	744	0	6285	1828297
HS	743	0	6455	1834752
HS	742	0	6341	1841093
HS	741	0	6476	1847569
HS	740	0	6449	1854018
HS	739	0	6519	1860537
HS	738	0	6422	1866959
HS	737	0	6425	1873384
HS	736	0	6627	1880011
HS	735	0	6443	1886454
HS	734	0	6390	1892844
HS	733	0	6426	1899270
HS	732	0	6479	1905749
HS	731	0	6486	1912235
HS	730	0	6534	1918769
HS	729	0	6647	1925416
HS	728	0	6548	1931964
HS	727	0	6614	1938578
HS	726	0	6590	1945168
HS	725	0	6517	1951685
HS	724	0	6781	1958466
HS	723	0	6555	1965021
HS	722	0	6545	1971566
HS	721	0	6704	1978270
HS	720	0	6609	1984879
HS	719	0	6651	1991530
HS	718	0	6584	1998114
HS	717	0	6539	2004653
HS	716	0	6608	2011261
HS	715	0	6649	2017910
HS	714	0	6589	2024499
HS	713	0	6638	2031137
HS	712	0	6572	2037709
HS	711	0	6682	2044391
HS	710	0	6478	2050869
HS	709	0	6640	2057509
HS	708	0	6595	2064104
HS	707	0	6536	2070640
HS	706	0	6708	2077348
HS	705	0	6637	2083985
HS	704	0	6769	2090754
HS	703	0	6664	2097418
HS	702	0	6785	2104203
HS	701	0	6743	2110946
HS	700	0	6749	2117695
HS	699	0	6813	2124508
HS	698	0	6680	2131188
HS	697	0	6622	2137810
HS	696	0	6799	2144609
HS	695	0	6722	2151331
HS	694	0	6732	2158063
HS	693	0	6677	2164740
HS	692	0	6888	2171628
HS	691	0	6720	2178348
HS	690	0	6767	2185115
HS	689	0	6815	2191930
HS	688	0	6842	2198772
HS	687	0	6755	2205527
HS	686	0	6836	2212363
HS	685	0	6889	2219252
HS	684	0	6871	2226123
HS	683	0	6814	2232937
HS	682	0	6980	2239917
HS	681	0	6943	2246860
HS	680	0	6837	2253697
HS	679	0	7029	2260726
HS	678	0	6871	2267597
HS	677	0	6911	2274508
HS	676	0	7028	2281536
HS	675	0	6866	2288402
HS	674	0	6957	2295359
HS	673	0	6939	2302298
HS	672	0	6943	2309241
HS	671	0	6971	2316212
HS	670	0	6985	2323197
HS	669	0	7130	2330327
HS	668	0	7011	2337338
HS	667	0	7062	2344400
HS	666	0	7030	2351430
HS	665	0	7059	2358489
HS	664	0	7050	2365539
HS	663	0	7047	2372586
HS	662	0	7125	2379711
HS	661	0	6974	2386685
HS	660	0	7042	2393727
HS	659	0	7017	2400744
HS	658	0	7103	2407847
HS	657	0	7097	2414944
HS	656	0	7073	2422017
HS	655	0	7138	2429155
HS	654	0	7309	2436464
HS	653	0	7200	2443664
HS	652	0	7154	2450818
HS	651	0	7232	2458050
HS	650	0	7278	2465328
HS	649	0	7213	2472541
HS	648	0	7207	2479748
HS	647	0	7307	2487055
HS	646	0	7184	2494239
HS	645	0	7442	2501681
HS	644	0	7328	2509009
HS	643	0	7523	2516532
HS	642	0	7509	2524041
HS	641	0	7289	2531330
HS	640	0	7423	2538753
HS	639	0	7408	2546161
HS	638	0	7406	2553567
HS	637	0	7482	2561049
HS	636	0	7520	2568569
HS	635	0	7569	2576138
HS	634	0	7703	2583841
HS	633	0	7775	2591616
HS	632	0	7819	2599435
HS	631	0	7483	2606918
HS	630	0	7494	2614412
HS	629	0	7608	2622020
HS	628	0	7499	2629519
HS	627	0	7651	2637170
HS	626	0	7641	2644811
HS	625	0	7579	2652390
HS	624	0	7621	2660011
HS	623	0	7820	2667831
HS	622	0	7590	2675421
HS	621	0	7745	2683166
HS	620	0	7586	2690752
HS	619	0	7765	2698517
HS	618	0	7719	2706236
HS	617	0	7680	2713916
HS	616	0	7757	2721673
HS	615	0	7728	2729401
HS	614	0	7795	2737196
HS	613	0	7573	2744769
HS	612	0	7788	2752557
HS	611	0	7773	2760330
HS	610	0	7690	2768020
HS	609	0	7997	2776017
HS	608	0	7851	2783868
HS	607	0	7723	2791591
HS	606	0	7721	2799312
HS	605	0	7903	2807215
HS	604	0	7846	2815061
HS	603	0	8032	2823093
HS	602	0	7726	2830819
HS	601	0	7770	2838589
HS	600	0	7875	2846464
HS	599	0	7881	2854345
HS	598	0	7882	2862227
HS	597	0	7848	2870075
HS	596	0	7863	2877938
HS	595	0	8034	2885972
HS	594	0	7881	2893853
HS	593	0	7970	2901823
HS	592	0	8009	2909832
HS	591	0	8035	2917867
HS	590	0	7877	2925744
HS	589	0	8046	2933790
HS	588	0	8098	2941888
HS	587	0	8075	2949963
HS	586	0	8129	2958092
HS	585	0	8018	2966110
HS	584	0	8055	2974165
HS	583	0	8273	2982438
HS	582	0	8122	2990560
HS	581	0	8275	2998835
HS	580	0	8113	3006948
HS	579	0	8258	3015206
HS	578	0	8110	3023316
HS	577	0	8113	3031429
HS	576	0	8200	3039629
HS	575	0	8332	3047961
HS	574	0	8258	3056219
HS	573	0	8273	3064492
HS	572	0	8337	3072829
HS	571	0	8381	3081210
HS	570	0	8325	3089535
HS	569	0	8060	3097595
HS	568	0	8153	3105748
HS	567	0	8111	3113859
HS	566	0	8366	3122225
HS	565	0	8227	3130452
HS	564	0	8169	3138621
HS	563	0	8190	3146811
HS	562	0	8468	3155279
HS	561	0	8387	3163666
HS	560	0	8219	3171885
HS	559	0	8420	3180305
HS	558	0	8364	3188669
HS	557	0	8313	3196982
HS	556	0	8212	3205194
HS	555	0	8346	3213540
HS	554	0	8220	3221760
HS	553	0	8448	3230208
HS	552	0	8263	3238471
HS	551	0	8412	3246883
HS	550	0	8431	3255314
HS	549	0	8442	3263756
HS	548	0	8287	3272043
HS	547	0	8376	3280419
HS	546	0	8600	3289019
HS	545	0	8481	3297500
HS	544	0	8708	3306208
HS	543	0	8538	3314746
HS	542	0	8518	3323264
HS	541	0	8545	3331809
HS	540	0	8585	3340394
HS	539	0	8695	3349089
HS	538	0	8635	3357724
HS	537	0	8627	3366351
HS	536	0	8380	3374731
HS	535	0	8650	3383381
HS	534	0	8828	3392209
HS	533	0	8537	3400746
HS	532	0	8432	3409178
HS	531	0	8680	3417858
HS	530	0	8556	3426414
HS	529	0	8631	3435045
HS	528	0	8734	3443779
HS	527	0	8615	3452394
HS	526	0	8699	3461093
HS	525	0	8650	3469743
HS	524	0	8699	3478442
HS	523	0	8657	3487099
HS	522	0	8802	3495901
HS	521	0	8589	3504490
HS	520	0	8587	3513077
HS	519	0	8829	3521906
HS	518	0	8826	3530732
HS	517	0	8646	3539378
HS	516	0	8775	3548153
HS	515	0	8871	3557024
HS	514	0	8851	3565875
HS	513	0	8909	3574784
HS	512	0	8823	3583607
HS	511	0	8796	3592403
HS	510	0	8978	3601381
HS	509	0	8923	3610304
HS	508	0	8972	3619276
HS	507	0	8785	3628061
HS	506	0	8804	3636865
HS	505	0	8777	3645642
HS	504	0	8887	3654529
HS	503	0	8787	3663316
HS	502	0	8711	3672027
HS	501	0	8795	3680822
HS	500	0	8723	3689545
HS	499	0	8822	3698367
HS	498	0	8898	3707265
HS	497	0	8896	3716161
HS	496	0	8878	3725039
HS	495	0	9069	3734108
HS	494	0	9055	3743163
HS	493	0	8858	3752021
HS	492	0	8915	3760936
HS	491	0	8965	3769901
HS	490	0	8940	3778841
HS	489	0	9090	3787931
HS	488	0	8985	3796916
HS	487	0	8855	3805771
HS	486	0	9095	3814866
HS	485	0	8872	3823738
HS	484	0	8953	3832691
HS	483	0	8895	3841586
HS	482	0	8942	3850528
HS	481	0	9038	3859566
HS	480	0	8940	3868506
HS	479	0	8908	3877414
HS	478	0	8808	3886222
HS	477	0	8833	3895055
HS	476	0	8886	3903941
HS	475	0	8758	3912699
HS	474	0	8929	3921628
HS	473	0	8858	3930486
HS	472	0	8855	3939341
HS	471	0	8877	3948218
HS	470	0	8960	3957178
HS	469	0	8704	3965882
HS	468	0	8902	3974784
HS	467	0	8657	3983441
HS	466	0	8759	3992200
HS	465	0	8788	4000988
HS	464	0	8808	4009796
HS	463	0	8698	4018494
HS	462	0	8768	4027262
HS	461	0	8715	4035977
HS	460	0	8752	4044729
HS	459	0	8639	4053368
HS	458	0	8894	4062262
HS	457	0	8948	4071210
HS	456	0	8834	4080044
HS	455	0	8953	4088997
HS	454	0	8820	4097817
HS	453	0	8946	4106763
HS	452	0	8833	4115596
HS	451	0	8863	4124459
HS	450	0	8589	4133048
HS	449	0	8974	4142022
HS	448	0	8859	4150881
HS	447	0	8891	4159772
HS	446	0	8740	4168512
HS	445	0	8869	4177381
HS	444	0	8777	4186158
HS	443	0	8970	4195128
HS	442	0	8884	4204012
HS	441	0	8859	4212871
HS	440	0	8854	4221725
HS	439	0	8927	4230652
HS	438	0	8927	4239579
HS	437	0	8909	4248488
HS	436	0	8935	4257423
HS	435	0	8994	4266417
HS	434	0	8868	4275285
HS	433	0	9035	4284320
HS	432	0	9049	4293369
HS	431	0	9126	4302495
HS	430	0	8841	4311336
HS	429	0	9043	4320379
HS	428	0	9080	4329459
HS	427	0	9007	4338466
HS	426	0	8812	4347278
HS	425	0	8792	4356070
HS	424	0	8878	4364948
HS	423	0	9018	4373966
HS	422	0	8962	4382928
HS	421	0	9136	4392064
HS	420	0	8948	4401012
HS	419	0	9065	4410077
HS	418	0	9142	4419219
HS	417	0	8932	4428151
HS	416	0	9006	4437157
HS	415	0	8946	4446103
HS	414	0	8933	4455036
HS	413	0	8761	4463797
HS	412	0	9031	4472828
HS	411	0	9009	4481837
HS	410	0	8865	4490702
HS	409	0	8974	4499676
HS	408	0	9009	4508685
HS	407	0	8987	4517672
HS	406	0	8947	4526619
HS	405	0	9017	4535636
HS	404	0	8996	4544632
HS	403	0	9000	4553632
HS	402	0	9032	4562664
HS	401	0	9182	4571846
HS	400	0	9056	4580902
HS	399	0	8946	4589848
HS	398	0	9256	4599104
HS	397	0	9221	4608325
HS	396	0	8974	4617299
HS	395	0	9224	4626523
HS	394	0	9136	4635659
HS	393	0	9300	4644959
HS	392	0	9236	4654195
HS	391	0	9235	4663430
HS	390	0	9369	4672799
HS	389	0	9147	4681946
HS	388	0	9251	4691197
HS	387	0	9149	4700346
HS	386	0	9101	4709447
HS	385	0	9281	4718728
HS	384	0	9342	4728070
HS	383	0	9221	4737291
HS	382	0	9117	4746408
HS	381	0	9302	4755710
HS	380	0	9246	4764956
HS	379	0	9090	4774046
HS	378	0	9268	4783314
HS	377	0	9257	4792571
HS	376	0	9154	4801725
HS	375	0	9221	4810946
HS	374	0	8961	4819907
HS	373	0	9090	4828997
HS	372	0	9078	4838075
HS	371	0	8871	4846946
HS	370	0	9179	4856125
HS	369	0	9069	4865194
HS	368	0	9027	4874221
HS	367	0	9117	4883338
HS	366	0	9277	4892615
HS	365	0	8860	4901475
HS	364	0	8969	4910444
HS	363	0	9067	4919511
HS	362	0	8873	4928384
HS	361	0	8983	4937367
HS	360	0	9064	4946431
HS	359	0	9109	4955540
HS	358	0	8967	4964507
HS	357	0	9028	4973535
HS	356	0	9047	4982582
HS	355	0	8962	4991544
HS	354	0	9001	5000545
HS	353	0	8843	5009388
HS	352	0	8774	5018162
HS	351	0	8942	5027104
HS	350	0	8821	5035925
HS	349	0	8885	5044810
HS	348	0	8849	5053659
HS	347	0	8662	5062321
HS	346	0	8672	5070993
HS	345	0	8812	5079805
HS	344	0	8748	5088553
HS	343	0	8589	5097142
HS	342	0	8590	5105732
HS	341	0	8621	5114353
HS	340	0	8590	5122943
HS	339	0	8362	5131305
HS	338	0	8661	5139966
HS	337	0	8796	5148762
HS	336	0	8573	5157335
HS	335	0	8515	5165850
HS	334	0	8542	5174392
HS	333	0	8486	5182878
HS	332	0	8350	5191228
HS	331	0	8534	5199762
HS	330	0	8534	5208296
HS	329	0	8354	5216650
HS	328	0	8519	5225169
HS	327	0	8359	5233528
HS	326	0	8376	5241904
HS	325	0	8351	5250255
HS	324	0	8496	5258751
HS	323	0	8534	5267285
HS	322	0	8541	5275826
HS	321	0	8450	5284276
HS	320	0	8373	5292649
HS	319	0	8540	5301189
HS	318	0	8368	5309557
HS	317	0	8242	5317799
HS	316	0	8408	5326207
HS	315	0	8530	5334737
HS	314	0	8427	5343164
HS	313	0	8354	5351518
HS	312	0	8211	5359729
HS	311	0	8330	5368059
HS	310	0	8264	5376323
HS	309	0	8286	5384609
HS	308	0	8205	5392814
HS	307	0	8246	5401060
HS	306	0	8234	5409294
HS	305	0	8160	5417454
HS	304	0	8067	5425521
HS	303	0	8013	5433534
HS	302	0	7934	5441468
HS	301	0	8056	5449524
HS	300	0	7927	5457451
HS	299	0	7896	5465347
HS	298	0	7878	5473225
HS	297	0	7947	5481172
HS	296	0	7764	5488936
HS	295	0	7675	5496611
HS	294	0	7729	5504340
HS	293	0	7561	5511901
HS	292	0	7705	5519606
HS	291	0	7771	5527377
HS	290	0	7628	5535005
HS	289	0	7720	5542725
HS	288	0	7476	5550201
HS	287	0	7553	5557754
HS	286	0	7539	5565293
HS	285	0	7492	5572785
HS	284	0	7464	5580249
HS	283	0	7223	5587472
HS	282	0	7251	5594723
HS	281	0	7243	5601966
HS	280	0	7078	5609044
HS	279	0	6850	5615894
HS	278	0	6995	5622889
HS	277	0	6812	5629701
HS	276	0	6967	5636668
HS	275	0	6851	5643519
HS	274	0	6749	5650268
HS	273	0	6618	5656886
HS	272	0	6449	5663335
HS	271	0	6535	5669870
HS	270	0	6311	5676181
HS	269	0	6338	5682519
HS	268	0	6334	5688853
HS	267	0	6227	5695080
HS	266	0	6186	5701266
HS	265	0	6087	5707353
HS	264	0	6007	5713360
HS	263	0	6075	5719435
HS	262	0	5938	5725373
HS	261	0	5934	5731307
HS	260	0	5886	5737193
HS	259	0	5842	5743035
HS	258	0	5629	5748664
HS	257	0	5538	5754202
HS	256	0	5515	5759717
HS	255	0	5404	5765121
HS	254	0	5343	5770464
HS	253	0	5187	5775651
HS	252	0	5213	5780864
HS	251	0	5123	5785987
HS	250	0	4924	5790911
HS	249	0	4827	5795738
HS	248	0	4719	5800457
HS	247	0	4650	5805107
HS	246	0	4543	5809650
HS	245	0	4435	5814085
HS	244	0	4310	5818395
HS	243	0	4354	5822749
HS	242	0	4184	5826933
HS	241	0	4139	5831072
HS	240	0	4136	5835208
HS	239	0	3990	5839198
HS	238	0	3804	5843002
HS	237	0	3712	5846714
HS	236	0	3824	5850538
HS	235	0	3802	5854340
HS	234	0	3523	5857863
HS	233	0	3570	5861433
HS	232	0	3428	5864861
HS	231	0	3321	5868182
HS	230	0	3268	5871450
HS	229	0	3176	5874626
HS	228	0	3285	5877911
HS	227	0	3099	5881010
HS	226	0	3009	5884019
HS	225	0	3012	5887031
HS	224	0	2914	5889945
HS	223	0	2873	5892818
HS	222	0	2798	5895616
HS	221	0	2682	5898298
HS	220	0	2588	5900886
HS	219	0	2568	5903454
HS	218	0	2374	5905828
HS	217	0	2368	5908196
HS	216	0	2283	5910479
HS	215	0	2171	5912650
HS	214	0	2204	5914854
HS	213	0	2112	5916966
HS	212	0	2008	5918974
HS	211	0	1991	5920965
HS	210	0	1962	5922927
HS	209	0	1882	5924809
HS	208	0	1900	5926709
HS	207	0	1868	5928577
HS	206	0	1852	5930429
HS	205	0	1754	5932183
HS	204	0	1781	5933964
HS	203	0	1633	5935597
HS	202	0	1539	5937136
HS	201	0	1568	5938704
HS	200	0	1484	5940188
HS	199	0	1369	5941557
HS	198	0	1335	5942892
HS	197	0	1394	5944286
HS	196	0	1252	5945538
HS	195	0	1233	5946771
HS	194	0	1175	5947946
HS	193	0	1207	5949153
HS	192	0	1084	5950237
HS	191	0	973	5951210
HS	190	0	1030	5952240
HS	189	0	974	5953214
HS	188	0	916	5954130
HS	187	0	971	5955101
HS	186	0	877	5955978
HS	185	0	830	5956808
HS	184	0	776	5957584
HS	183	0	747	5958331
HS	182	0	720	5959051
HS	181	0	622	5959673
HS	180	0	681	5960354
HS	179	0	603	5960957
HS	178	0	581	5961538
HS	177	0	544	5962082
HS	176	0	523	5962605
HS	175	0	530	5963135
HS	174	0	592	5963727
HS	173	0	496	5964223
HS	172	0	521	5964744
HS	171	0	459	5965203
HS	170	0	489	5965692
HS	169	0	452	5966144
HS	168	0	413	5966557
HS	167	0	375	5966932
HS	166	0	367	5967299
HS	165	0	310	5967609
HS	164	0	324	5967933
HS	163	0	306	5968239
HS	162	0	298	5968537
HS	161	0	334	5968871
HS	160	0	287	5969158
HS	159	0	310	5969468
HS	158	0	279	5969747
HS	157	0	264	5970011
HS	156	0	258	5970269
HS	155	0	282	5970551
HS	154	0	236	5970787
HS	153	0	246	5971033
HS	152	0	242	5971275
HS	151	0	242	5971517
HS	150	0	228	5971745
HS	149	0	207	5971952
HS	148	0	184	5972136
HS	147	0	187	5972323
HS	146	0	191	5972514
HS	145	0	192	5972706
HS	144	0	206	5972912
HS	143	0	185	5973097
HS	142	0	180	5973277
HS	141	0	159	5973436
HS	140	0	168	5973604
HS	139	0	141	5973745
HS	138	0	141	5973886
HS	137	0	114	5974000
HS	136	0	155	5974155
HS	135	0	133	5974288
HS	134	0	144	5974432
HS	133	0	131	5974563
HS	132	0	123	5974686
HS	131	0	139	5974825
HS	130	0	141	5974966
HS	129	0	151	5975117
HS	128	0	160	5975277
HS	127	0	126	5975403
HS	126	0	148	5975551
HS	125	0	150	5975701
HS	124	0	157	5975858
HS	123	0	130	5975988
HS	122	0	122	5976110
HS	121	0	119	5976229
HS	120	0	139	5976368
HS	119	0	132	5976500
HS	118	0	145	5976645
HS	117	0	129	5976774
HS	116	0	129	5976903
HS	115	0	128	5977031
HS	114	0	97	5977128
HS	113	0	161	5977289
HS	112	0	155	5977444
HS	111	0	159	5977603
HS	110	0	178	5977781
HS	109	0	138	5977919
HS	108	0	163	5978082
HS	107	0	163	5978245
HS	106	0	165	5978410
HS	105	0	153	5978563
HS	104	0	132	5978695
HS	103	0	175	5978870
HS	102	0	176	5979046
HS	101	0	180	5979226
HS	100	0	189	5979415
HS	99	0	196	5979611
HS	98	0	199	5979810
HS	97	0	195	5980005
HS	96	0	195	5980200
HS	95	0	213	5980413
HS	94	0	200	5980613
HS	93	0	215	5980828
HS	92	0	267	5981095
HS	91	0	258	5981353
HS	90	0	269	5981622
HS	89	0	243	5981865
HS	88	0	277	5982142
HS	87	0	250	5982392
HS	86	0	259	5982651
HS	85	0	275	5982926
HS	84	0	292	5983218
HS	83	0	305	5983523
HS	82	0	292	5983815
HS	81	0	313	5984128
HS	80	0	372	5984500
HS	79	0	326	5984826
HS	78	0	374	5985200
HS	77	0	355	5985555
HS	76	0	376	5985931
HS	75	0	389	5986320
HS	74	0	444	5986764
HS	73	0	445	5987209
HS	72	0	471	5987680
HS	71	0	517	5988197
HS	70	0	582	5988779
HS	69	0	550	5989329
HS	68	0	599	5989928
HS	67	0	632	5990560
HS	66	0	618	5991178
HS	65	0	651	5991829
HS	64	0	658	5992487
HS	63	0	716	5993203
HS	62	0	737	5993940
HS	61	0	757	5994697
HS	60	0	801	5995498
HS	59	0	915	5996413
HS	58	0	903	5997316
HS	57	0	1026	5998342
HS	56	0	1105	5999447
HS	55	0	1085	6000532
HS	54	0	1233	6001765
HS	53	0	1330	6003095
HS	52	0	1473	6004568
HS	51	0	1581	6006149
HS	50	0	1871	6008020
HS	49	0	1835	6009855
HS	48	0	2107	6011962
HS	47	0	2267	6014229
HS	46	0	2272	6016501
HS	45	0	2678	6019179
HS	44	0	3039	6022218
HS	43	0	3198	6025416
HS	42	0	3452	6028868
HS	41	0	3823	6032691
HS	40	0	4009	6036700
HS	39	0	4373	6041073
HS	38	0	4910	6045983
HS	37	0	5802	6051785
HS	36	0	5907	6057692
HS	35	0	6680	6064372
HS	34	0	7466	6071838
HS	33	0	8052	6079890
HS	32	0	8782	6088672
HS	31	0	10458	6099130
HS	30	0	11734	6110864
HS	29	0	13617	6124481
HS	28	0	15347	6139828
HS	27	0	16617	6156445
HS	26	0	19710	6176155
HS	25	0	22567	6198722
HS	24	0	25554	6224276
HS	23	0	30055	6254331
HS	22	0	34678	6289009
HS	21	0	39193	6328202
HS	20	0	46048	6374250
HS	19	0	53389	6427639
HS	18	0	61724	6489363
HS	17	0	73356	6562719
HS	16	0	88033	6650752
HS	15	0	103949	6754701
HS	14	0	125762	6880463
HS	13	0	148783	7029246
HS	12	0	180382	7209628
HS	11	0	221477	7431105
HS	10	0	273541	7704646
HS	9	0	351525	8056171
HS	8	0	465714	8521885
HS	7	0	647598	9169483
HS	6	0	985856	10155339
HS	5	0	1733897	11889236
HS	4	0	3661010	15550246
HS	3	0	9495286	25045532
HS	2	0	30518664	55564196
HS	1	0	0	55564196
HS	0	0	0	55564196
