CC	CT  kmer_occurrence    short_read_kmer_count  raw_input_kmer_count  adjusted_input_kmer_count
CC	FR  fpr_lower_bound    fpr_upper_bound
CC	ER  total_input_kmers  adjusted_error_kmers
CC	CV  coverage
CC	QV  raw_quality_value  adjusted_quality_value
CC
SQ	JAVIVS010000004.1	107178	107148	107148	99.00
SQ	JAVIVS010000002.1	145663	145633	145633	99.00
SQ	JAVIVS010000001.1	301282	301252	301252	99.00
SQ	JAVIVS010000003.1	5525248	5525218	5525101	61.66
CT	1023	6591	84620	84620.000
CT	1022	10	63	63.000
CT	1021	5	17	17.000
CT	1020	5	39	39.000
CT	1019	9	48	48.000
CT	1018	5	29	29.000
CT	1017	6	39	39.000
CT	1016	6	32	32.000
CT	1015	8	35	35.000
CT	1014	6	35	35.000
CT	1013	5	28	28.000
CT	1012	2	12	12.000
CT	1011	8	44	44.000
CT	1010	15	90	90.000
CT	1009	11	68	68.000
CT	1008	4	17	17.000
CT	1007	13	66	66.000
CT	1006	7	31	31.000
CT	1005	8	43	43.000
CT	1004	3	20	20.000
CT	1003	5	33	33.000
CT	1002	7	33	33.000
CT	1001	9	52	52.000
CT	1000	12	70	70.000
CT	999	6	37	37.000
CT	998	8	32	32.000
CT	997	6	36	36.000
CT	996	4	21	21.000
CT	995	8	41	41.000
CT	994	11	69	69.000
CT	993	9	48	48.000
CT	992	7	43	43.000
CT	991	7	32	32.000
CT	990	7	21	21.000
CT	989	10	45	45.000
CT	988	5	20	20.000
CT	987	13	72	72.000
CT	986	11	53	53.000
CT	985	3	15	15.000
CT	984	7	29	29.000
CT	983	2	10	10.000
CT	982	9	52	52.000
CT	981	7	34	34.000
CT	980	6	25	25.000
CT	979	5	12	12.000
CT	978	11	52	52.000
CT	977	3	20	20.000
CT	976	9	31	31.000
CT	975	7	30	30.000
CT	974	4	19	19.000
CT	973	8	30	30.000
CT	972	8	19	19.000
CT	971	13	70	70.000
CT	970	4	22	22.000
CT	969	5	18	18.000
CT	968	9	47	47.000
CT	967	7	33	33.000
CT	966	12	59	59.000
CT	965	4	20	20.000
CT	964	4	28	28.000
CT	963	12	57	57.000
CT	962	8	48	48.000
CT	961	8	47	47.000
CT	960	9	40	40.000
CT	959	8	43	43.000
CT	958	7	35	35.000
CT	957	6	23	23.000
CT	956	8	19	19.000
CT	955	9	41	41.000
CT	954	12	52	52.000
CT	953	4	25	25.000
CT	952	13	57	57.000
CT	951	12	54	54.000
CT	950	4	21	21.000
CT	949	4	17	17.000
CT	948	9	59	59.000
CT	947	5	37	37.000
CT	946	7	28	28.000
CT	945	11	58	58.000
CT	944	6	23	23.000
CT	943	7	37	37.000
CT	942	4	16	16.000
CT	941	5	32	32.000
CT	940	5	35	35.000
CT	939	7	41	41.000
CT	938	5	25	25.000
CT	937	3	14	14.000
CT	936	10	45	45.000
CT	935	7	27	27.000
CT	934	7	32	32.000
CT	933	8	43	43.000
CT	932	9	36	36.000
CT	931	8	33	33.000
CT	930	8	60	60.000
CT	929	5	16	16.000
CT	928	8	33	33.000
CT	927	12	45	45.000
CT	926	4	17	17.000
CT	925	16	87	87.000
CT	924	5	26	26.000
CT	923	7	25	25.000
CT	922	5	27	27.000
CT	921	9	47	47.000
CT	920	16	84	84.000
CT	919	9	36	36.000
CT	918	12	56	56.000
CT	917	7	37	37.000
CT	916	8	38	38.000
CT	915	8	52	52.000
CT	914	15	97	97.000
CT	913	8	44	44.000
CT	912	11	48	48.000
CT	911	9	52	52.000
CT	910	12	68	68.000
CT	909	13	69	69.000
CT	908	7	34	34.000
CT	907	10	59	59.000
CT	906	13	78	78.000
CT	905	11	72	72.000
CT	904	8	53	53.000
CT	903	6	40	40.000
CT	902	3	23	23.000
CT	901	12	53	53.000
CT	900	3	20	20.000
CT	899	9	51	51.000
CT	898	7	43	43.000
CT	897	6	33	33.000
CT	896	7	39	39.000
CT	895	2	12	12.000
CT	894	13	64	64.000
CT	893	4	26	26.000
CT	892	9	54	54.000
CT	891	6	29	29.000
CT	890	5	31	31.000
CT	889	5	17	17.000
CT	888	6	32	32.000
CT	887	5	28	28.000
CT	886	13	58	58.000
CT	885	5	17	17.000
CT	884	12	68	68.000
CT	883	11	48	48.000
CT	882	7	36	36.000
CT	881	10	55	55.000
CT	880	6	31	31.000
CT	879	9	31	31.000
CT	878	6	24	24.000
CT	877	16	85	85.000
CT	876	6	26	26.000
CT	875	6	35	35.000
CT	874	13	52	52.000
CT	873	6	34	34.000
CT	872	12	46	46.000
CT	871	9	50	50.000
CT	870	12	56	56.000
CT	869	11	47	47.000
CT	868	9	38	38.000
CT	867	6	29	29.000
CT	866	9	38	38.000
CT	865	10	35	35.000
CT	864	11	57	57.000
CT	863	8	28	28.000
CT	862	7	37	37.000
CT	861	5	21	21.000
CT	860	11	41	41.000
CT	859	15	70	70.000
CT	858	11	50	50.000
CT	857	9	33	33.000
CT	856	12	46	46.000
CT	855	6	33	33.000
CT	854	12	43	43.000
CT	853	10	46	46.000
CT	852	14	52	52.000
CT	851	16	58	58.000
CT	850	16	54	54.000
CT	849	14	36	36.000
CT	848	12	42	42.000
CT	847	10	36	36.000
CT	846	16	49	49.000
CT	845	4	8	8.000
CT	844	10	35	35.000
CT	843	11	52	52.000
CT	842	10	37	37.000
CT	841	9	31	31.000
CT	840	10	37	37.000
CT	839	10	42	42.000
CT	838	16	56	56.000
CT	837	14	38	38.000
CT	836	8	26	26.000
CT	835	7	28	28.000
CT	834	16	64	64.000
CT	833	10	40	40.000
CT	832	9	40	40.000
CT	831	12	52	52.000
CT	830	12	46	46.000
CT	829	10	26	26.000
CT	828	15	67	67.000
CT	827	10	34	34.000
CT	826	7	26	26.000
CT	825	21	83	83.000
CT	824	17	56	56.000
CT	823	9	36	36.000
CT	822	10	39	39.000
CT	821	12	39	39.000
CT	820	13	46	46.000
CT	819	16	60	60.000
CT	818	10	33	33.000
CT	817	24	96	96.000
CT	816	17	47	47.000
CT	815	13	51	51.000
CT	814	13	51	51.000
CT	813	8	35	35.000
CT	812	10	47	47.000
CT	811	18	60	60.000
CT	810	18	74	74.000
CT	809	13	45	45.000
CT	808	11	51	51.000
CT	807	12	47	47.000
CT	806	11	32	32.000
CT	805	17	60	60.000
CT	804	8	29	29.000
CT	803	16	44	44.000
CT	802	12	49	49.000
CT	801	16	64	64.000
CT	800	13	49	49.000
CT	799	15	42	42.000
CT	798	10	32	32.000
CT	797	16	77	77.000
CT	796	12	49	49.000
CT	795	14	60	60.000
CT	794	9	34	34.000
CT	793	7	37	37.000
CT	792	15	66	66.000
CT	791	10	47	47.000
CT	790	13	52	52.000
CT	789	12	43	43.000
CT	788	9	47	47.000
CT	787	16	68	68.000
CT	786	15	42	42.000
CT	785	7	19	19.000
CT	784	24	87	87.000
CT	783	9	30	30.000
CT	782	7	29	29.000
CT	781	10	35	35.000
CT	780	14	50	50.000
CT	779	13	53	53.000
CT	778	9	25	25.000
CT	777	15	61	61.000
CT	776	7	26	26.000
CT	775	5	17	17.000
CT	774	9	31	31.000
CT	773	15	58	58.000
CT	772	11	44	44.000
CT	771	20	89	89.000
CT	770	10	41	41.000
CT	769	10	29	29.000
CT	768	14	66	66.000
CT	767	14	49	49.000
CT	766	8	34	34.000
CT	765	9	37	37.000
CT	764	7	27	27.000
CT	763	2	6	6.000
CT	762	14	50	50.000
CT	761	7	35	35.000
CT	760	14	51	51.000
CT	759	12	39	39.000
CT	758	9	38	38.000
CT	757	11	49	49.000
CT	756	9	34	34.000
CT	755	11	43	43.000
CT	754	5	25	25.000
CT	753	12	42	42.000
CT	752	17	61	61.000
CT	751	14	53	53.000
CT	750	9	31	31.000
CT	749	12	48	48.000
CT	748	13	52	52.000
CT	747	9	39	39.000
CT	746	12	35	35.000
CT	745	11	37	37.000
CT	744	16	54	54.000
CT	743	11	37	37.000
CT	742	13	37	37.000
CT	741	10	28	28.000
CT	740	8	24	24.000
CT	739	9	34	34.000
CT	738	5	17	17.000
CT	737	16	63	63.000
CT	736	8	23	23.000
CT	735	8	32	32.000
CT	734	11	44	44.000
CT	733	16	50	50.000
CT	732	10	41	41.000
CT	731	10	53	53.000
CT	730	13	46	46.000
CT	729	12	43	43.000
CT	728	13	43	43.000
CT	727	12	44	44.000
CT	726	7	19	19.000
CT	725	14	48	48.000
CT	724	6	20	20.000
CT	723	14	45	45.000
CT	722	12	40	40.000
CT	721	14	39	39.000
CT	720	29	102	102.000
CT	719	22	63	63.000
CT	718	18	68	68.000
CT	717	18	51	51.000
CT	716	14	36	36.000
CT	715	17	55	55.000
CT	714	17	54	54.000
CT	713	16	50	50.000
CT	712	10	36	36.000
CT	711	23	70	70.000
CT	710	18	58	58.000
CT	709	18	67	67.000
CT	708	20	73	73.000
CT	707	18	55	55.000
CT	706	19	65	65.000
CT	705	18	65	65.000
CT	704	10	35	35.000
CT	703	16	58	58.000
CT	702	18	67	67.000
CT	701	15	43	43.000
CT	700	20	64	64.000
CT	699	19	80	80.000
CT	698	17	60	60.000
CT	697	17	53	53.000
CT	696	11	36	36.000
CT	695	30	108	108.000
CT	694	17	48	48.000
CT	693	19	75	75.000
CT	692	14	42	42.000
CT	691	15	44	44.000
CT	690	21	75	75.000
CT	689	21	67	67.000
CT	688	18	62	62.000
CT	687	21	84	84.000
CT	686	34	122	122.000
CT	685	25	95	95.000
CT	684	34	134	134.000
CT	683	30	122	122.000
CT	682	37	128	128.000
CT	681	27	92	92.000
CT	680	27	113	113.000
CT	679	28	92	92.000
CT	678	31	128	128.000
CT	677	25	107	107.000
CT	676	27	114	114.000
CT	675	23	85	85.000
CT	674	26	91	91.000
CT	673	31	104	104.000
CT	672	15	49	49.000
CT	671	17	67	67.000
CT	670	24	75	75.000
CT	669	26	88	88.000
CT	668	17	68	68.000
CT	667	25	79	79.000
CT	666	20	62	62.000
CT	665	22	79	79.000
CT	664	24	75	75.000
CT	663	20	73	73.000
CT	662	18	65	65.000
CT	661	33	134	134.000
CT	660	16	69	69.000
CT	659	13	50	50.000
CT	658	19	65	65.000
CT	657	20	64	64.000
CT	656	15	50	50.000
CT	655	18	67	67.000
CT	654	17	57	57.000
CT	653	13	50	50.000
CT	652	12	41	41.000
CT	651	23	77	77.000
CT	650	22	84	84.000
CT	649	19	76	76.000
CT	648	17	60	60.000
CT	647	11	39	39.000
CT	646	20	69	69.000
CT	645	18	56	56.000
CT	644	19	68	68.000
CT	643	16	51	51.000
CT	642	21	78	78.000
CT	641	12	35	35.000
CT	640	16	61	61.000
CT	639	14	57	57.000
CT	638	14	45	45.000
CT	637	16	67	67.000
CT	636	12	38	38.000
CT	635	20	62	62.000
CT	634	17	60	60.000
CT	633	20	72	72.000
CT	632	22	79	79.000
CT	631	11	41	41.000
CT	630	22	84	84.000
CT	629	12	44	44.000
CT	628	27	100	100.000
CT	627	13	54	54.000
CT	626	18	74	74.000
CT	625	16	57	57.000
CT	624	17	72	72.000
CT	623	15	63	63.000
CT	622	11	35	35.000
CT	621	12	46	46.000
CT	620	17	58	58.000
CT	619	19	65	65.000
CT	618	14	52	52.000
CT	617	22	76	76.000
CT	616	13	40	40.000
CT	615	17	62	62.000
CT	614	11	40	40.000
CT	613	19	65	65.000
CT	612	14	52	52.000
CT	611	10	38	38.000
CT	610	21	64	64.000
CT	609	16	61	61.000
CT	608	12	49	49.000
CT	607	18	66	66.000
CT	606	15	59	59.000
CT	605	15	50	50.000
CT	604	12	36	36.000
CT	603	13	48	48.000
CT	602	10	30	30.000
CT	601	17	57	57.000
CT	600	12	43	43.000
CT	599	13	48	48.000
CT	598	13	43	43.000
CT	597	15	61	61.000
CT	596	9	35	35.000
CT	595	9	31	31.000
CT	594	15	51	51.000
CT	593	6	20	20.000
CT	592	9	28	28.000
CT	591	19	72	72.000
CT	590	11	41	41.000
CT	589	15	64	64.000
CT	588	9	33	33.000
CT	587	18	73	73.000
CT	586	16	61	61.000
CT	585	18	72	72.000
CT	584	16	58	58.000
CT	583	8	28	28.000
CT	582	12	57	57.000
CT	581	23	83	83.000
CT	580	9	32	32.000
CT	579	11	44	44.000
CT	578	17	76	76.000
CT	577	13	52	52.000
CT	576	14	60	60.000
CT	575	13	46	46.000
CT	574	15	50	50.000
CT	573	14	51	51.000
CT	572	20	73	73.000
CT	571	20	62	62.000
CT	570	24	89	89.000
CT	569	12	48	48.000
CT	568	9	34	34.000
CT	567	19	69	69.000
CT	566	13	44	44.000
CT	565	21	70	70.000
CT	564	20	68	68.000
CT	563	26	85	85.000
CT	562	33	103	103.000
CT	561	24	91	91.000
CT	560	25	92	92.000
CT	559	20	59	59.000
CT	558	16	49	49.000
CT	557	29	110	110.000
CT	556	24	84	84.000
CT	555	22	77	77.000
CT	554	17	62	62.000
CT	553	17	61	61.000
CT	552	12	46	46.000
CT	551	17	54	54.000
CT	550	14	49	49.000
CT	549	28	103	103.000
CT	548	17	63	63.000
CT	547	22	74	74.000
CT	546	22	74	74.000
CT	545	20	63	63.000
CT	544	23	74	74.000
CT	543	12	40	40.000
CT	542	21	79	79.000
CT	541	18	68	68.000
CT	540	22	80	80.000
CT	539	24	80	80.000
CT	538	18	58	58.000
CT	537	16	59	59.000
CT	536	18	59	59.000
CT	535	30	102	102.000
CT	534	26	78	78.000
CT	533	32	99	99.000
CT	532	16	46	46.000
CT	531	32	99	99.000
CT	530	27	87	87.000
CT	529	23	72	72.000
CT	528	30	92	92.000
CT	527	26	79	79.000
CT	526	33	100	100.000
CT	525	22	63	63.000
CT	524	27	83	83.000
CT	523	25	74	74.000
CT	522	29	85	85.000
CT	521	31	92	92.000
CT	520	30	93	93.000
CT	519	40	128	128.000
CT	518	30	85	85.000
CT	517	35	106	106.000
CT	516	34	117	117.000
CT	515	26	73	73.000
CT	514	31	105	105.000
CT	513	33	95	95.000
CT	512	22	70	70.000
CT	511	28	86	86.000
CT	510	25	78	78.000
CT	509	30	102	102.000
CT	508	30	87	87.000
CT	507	38	118	118.000
CT	506	20	63	63.000
CT	505	23	71	71.000
CT	504	32	91	91.000
CT	503	33	101	101.000
CT	502	32	108	108.000
CT	501	22	65	65.000
CT	500	33	101	101.000
CT	499	29	88	88.000
CT	498	26	81	81.000
CT	497	25	72	72.000
CT	496	34	101	101.000
CT	495	38	118	118.000
CT	494	31	104	104.000
CT	493	31	84	84.000
CT	492	41	122	122.000
CT	491	38	100	100.000
CT	490	45	123	123.000
CT	489	32	94	94.000
CT	488	38	99	99.000
CT	487	33	98	98.000
CT	486	35	99	99.000
CT	485	25	62	62.000
CT	484	30	87	87.000
CT	483	27	85	85.000
CT	482	46	120	120.000
CT	481	34	98	98.000
CT	480	29	79	79.000
CT	479	32	85	85.000
CT	478	41	99	99.000
CT	477	48	135	135.000
CT	476	37	103	103.000
CT	475	37	106	106.000
CT	474	37	104	104.000
CT	473	45	109	109.000
CT	472	44	116	116.000
CT	471	39	98	98.000
CT	470	46	121	121.000
CT	469	55	134	134.000
CT	468	42	104	104.000
CT	467	49	133	133.000
CT	466	47	127	127.000
CT	465	30	80	80.000
CT	464	33	94	94.000
CT	463	23	69	69.000
CT	462	41	111	111.000
CT	461	40	107	107.000
CT	460	31	88	88.000
CT	459	41	102	102.000
CT	458	42	111	111.000
CT	457	43	100	100.000
CT	456	43	106	106.000
CT	455	39	96	96.000
CT	454	50	128	128.000
CT	453	39	97	97.000
CT	452	50	124	124.000
CT	451	40	101	101.000
CT	450	48	107	107.000
CT	449	61	170	170.000
CT	448	47	110	110.000
CT	447	50	111	111.000
CT	446	36	92	92.000
CT	445	38	104	104.000
CT	444	54	141	141.000
CT	443	46	107	107.000
CT	442	37	83	83.000
CT	441	47	104	104.000
CT	440	29	64	64.000
CT	439	42	103	103.000
CT	438	49	103	103.000
CT	437	56	119	119.000
CT	436	49	105	105.000
CT	435	38	89	89.000
CT	434	54	112	112.000
CT	433	54	124	124.000
CT	432	62	136	136.000
CT	431	43	96	96.000
CT	430	40	93	93.000
CT	429	52	110	110.000
CT	428	53	108	108.000
CT	427	53	124	124.000
CT	426	60	128	128.000
CT	425	60	125	125.000
CT	424	50	110	110.000
CT	423	62	130	130.000
CT	422	65	144	144.000
CT	421	63	122	122.000
CT	420	48	106	106.000
CT	419	41	78	78.000
CT	418	42	81	81.000
CT	417	49	109	109.000
CT	416	56	110	110.000
CT	415	57	107	107.000
CT	414	57	122	122.000
CT	413	50	119	119.000
CT	412	52	110	110.000
CT	411	59	107	107.000
CT	410	72	150	150.000
CT	409	71	131	131.000
CT	408	74	137	137.000
CT	407	64	123	123.000
CT	406	52	101	101.000
CT	405	76	166	166.000
CT	404	65	128	128.000
CT	403	86	162	162.000
CT	402	78	142	142.000
CT	401	84	165	165.000
CT	400	68	124	124.000
CT	399	86	165	165.000
CT	398	75	155	155.000
CT	397	88	166	166.000
CT	396	83	156	156.000
CT	395	95	185	185.000
CT	394	86	169	169.000
CT	393	88	173	173.000
CT	392	103	211	211.000
CT	391	89	162	162.000
CT	390	100	201	201.000
CT	389	84	154	154.000
CT	388	82	157	157.000
CT	387	86	151	151.000
CT	386	68	118	118.000
CT	385	69	121	121.000
CT	384	77	139	139.000
CT	383	92	166	166.000
CT	382	79	145	145.000
CT	381	72	146	146.000
CT	380	91	181	181.000
CT	379	113	211	211.000
CT	378	80	139	139.000
CT	377	90	159	159.000
CT	376	97	172	172.000
CT	375	108	197	197.000
CT	374	112	177	177.000
CT	373	124	228	228.000
CT	372	104	169	169.000
CT	371	114	196	196.000
CT	370	110	184	184.000
CT	369	126	228	228.000
CT	368	129	239	239.000
CT	367	120	203	203.000
CT	366	145	247	247.000
CT	365	138	233	233.000
CT	364	139	220	220.000
CT	363	152	276	276.000
CT	362	159	236	236.000
CT	361	152	252	252.000
CT	360	190	282	282.000
CT	359	165	260	260.000
CT	358	162	245	245.000
CT	357	141	204	204.000
CT	356	179	242	242.000
CT	355	173	250	250.000
CT	354	175	241	241.000
CT	353	174	253	253.000
CT	352	181	264	264.000
CT	351	184	258	258.000
CT	350	191	276	276.000
CT	349	192	269	269.000
CT	348	184	260	260.000
CT	347	205	288	288.000
CT	346	198	281	281.000
CT	345	229	323	323.000
CT	344	229	303	303.000
CT	343	280	393	393.000
CT	342	276	372	372.000
CT	341	310	410	410.000
CT	340	285	380	380.000
CT	339	281	370	370.000
CT	338	266	352	352.000
CT	337	287	353	353.000
CT	336	270	353	353.000
CT	335	325	416	416.000
CT	334	336	427	427.000
CT	333	311	401	401.000
CT	332	356	458	458.000
CT	331	361	454	454.000
CT	330	400	497	497.000
CT	329	405	534	534.000
CT	328	377	478	478.000
CT	327	419	514	514.000
CT	326	416	518	518.000
CT	325	443	543	543.000
CT	324	511	620	620.000
CT	323	515	639	639.000
CT	322	536	670	670.000
CT	321	561	673	673.000
CT	320	615	741	741.000
CT	319	620	753	753.000
CT	318	623	745	745.000
CT	317	668	786	786.000
CT	316	723	871	871.000
CT	315	758	885	885.000
CT	314	750	867	867.000
CT	313	800	905	905.000
CT	312	885	991	991.000
CT	311	923	1010	1010.000
CT	310	916	1013	1013.000
CT	309	965	1059	1059.000
CT	308	1051	1124	1124.000
CT	307	1056	1143	1143.000
CT	306	1131	1212	1212.000
CT	305	1278	1351	1351.000
CT	304	1317	1392	1392.000
CT	303	1361	1439	1439.000
CT	302	1374	1455	1455.000
CT	301	1510	1613	1613.000
CT	300	1558	1663	1663.000
CT	299	1587	1675	1675.000
CT	298	1682	1778	1778.000
CT	297	1704	1780	1780.000
CT	296	1901	2001	2001.000
CT	295	1943	2025	2025.000
CT	294	2037	2141	2141.000
CT	293	2057	2153	2153.000
CT	292	2181	2294	2294.000
CT	291	2340	2446	2446.000
CT	290	2420	2500	2500.000
CT	289	2494	2581	2581.000
CT	288	2749	2850	2850.000
CT	287	2931	3042	3042.000
CT	286	3004	3101	3101.000
CT	285	3147	3248	3248.000
CT	284	3317	3424	3424.000
CT	283	3418	3516	3516.000
CT	282	3625	3738	3738.000
CT	281	3808	3922	3922.000
CT	280	3945	4060	4060.000
CT	279	4175	4285	4285.000
CT	278	4379	4488	4488.000
CT	277	4572	4691	4691.000
CT	276	4694	4831	4831.000
CT	275	4931	5045	5045.000
CT	274	5089	5211	5211.000
CT	273	5426	5535	5535.000
CT	272	5774	5886	5886.000
CT	271	5678	5777	5777.000
CT	270	6146	6259	6259.000
CT	269	6392	6490	6490.000
CT	268	6599	6727	6727.000
CT	267	6898	6999	6999.000
CT	266	7047	7154	7154.000
CT	265	7286	7398	7398.000
CT	264	7814	7919	7919.000
CT	263	8091	8199	8199.000
CT	262	8183	8267	8267.000
CT	261	8781	8875	8875.000
CT	260	9119	9212	9212.000
CT	259	9354	9462	9462.000
CT	258	9733	9834	9834.000
CT	257	10165	10270	10270.000
CT	256	10459	10556	10556.000
CT	255	10754	10854	10854.000
CT	254	11156	11251	11251.000
CT	253	11562	11645	11645.000
CT	252	12180	12273	12273.000
CT	251	12281	12403	12403.000
CT	250	12972	13076	13076.000
CT	249	13164	13251	13251.000
CT	248	14016	14121	14121.000
CT	247	14306	14404	14404.000
CT	246	14780	14861	14861.000
CT	245	15361	15448	15448.000
CT	244	15866	15943	15943.000
CT	243	16565	16647	16647.000
CT	242	17083	17142	17142.000
CT	241	17728	17817	17817.000
CT	240	18267	18342	18342.000
CT	239	18854	18935	18935.000
CT	238	19606	19684	19684.000
CT	237	20186	20272	20272.000
CT	236	20767	20836	20836.000
CT	235	21344	21414	21414.000
CT	234	21889	21974	21974.000
CT	233	22934	23000	23000.000
CT	232	23414	23479	23479.000
CT	231	23903	23991	23991.000
CT	230	24846	24922	24922.000
CT	229	25531	25603	25603.000
CT	228	26217	26278	26278.000
CT	227	27232	27284	27284.000
CT	226	27513	27557	27557.000
CT	225	28428	28503	28503.000
CT	224	28943	29005	29005.000
CT	223	29544	29603	29603.000
CT	222	30484	30545	30545.000
CT	221	30885	30949	30949.000
CT	220	31724	31785	31785.000
CT	219	32850	32914	32914.000
CT	218	33475	33540	33540.000
CT	217	34212	34239	34239.000
CT	216	35026	35057	35057.000
CT	215	35973	36026	36026.000
CT	214	36455	36482	36482.000
CT	213	37692	37704	37704.000
CT	212	37959	37977	37977.000
CT	211	38768	38762	38762.000
CT	210	39067	39059	39059.000
CT	209	40040	40029	40029.000
CT	208	40599	40580	40580.000
CT	207	41707	41676	41676.000
CT	206	42321	42305	42305.000
CT	205	43297	43285	43285.000
CT	204	43649	43625	43625.000
CT	203	44232	44226	44226.000
CT	202	45147	45111	45111.000
CT	201	45747	45719	45719.000
CT	200	46673	46634	46634.000
CT	199	47340	47293	47293.000
CT	198	47419	47378	47378.000
CT	197	48735	48681	48681.000
CT	196	49235	49171	49171.000
CT	195	49449	49383	49383.000
CT	194	49744	49649	49649.000
CT	193	50486	50387	50387.000
CT	192	51056	50942	50942.000
CT	191	51840	51716	51716.000
CT	190	51967	51815	51815.000
CT	189	52888	52754	52754.000
CT	188	53442	53296	53296.000
CT	187	53905	53732	53732.000
CT	186	54698	54530	54530.000
CT	185	54851	54685	54685.000
CT	184	54608	54398	54398.000
CT	183	55134	54901	54901.000
CT	182	55720	55480	55480.000
CT	181	55431	55201	55201.000
CT	180	55669	55399	55399.000
CT	179	56316	56027	56027.000
CT	178	55928	55626	55626.000
CT	177	55899	55609	55609.000
CT	176	56285	55983	55983.000
CT	175	56401	56018	56018.000
CT	174	56445	56032	56032.000
CT	173	56743	56268	56268.000
CT	172	55902	55451	55451.000
CT	171	55943	55485	55485.000
CT	170	56162	55639	55639.000
CT	169	55356	54867	54867.000
CT	168	55721	55213	55213.000
CT	167	55527	54985	54985.000
CT	166	54915	54408	54408.000
CT	165	54980	54349	54349.000
CT	164	54470	53872	53872.000
CT	163	54517	53890	53890.000
CT	162	54244	53573	53573.000
CT	161	53670	52977	52977.000
CT	160	53476	52776	52776.000
CT	159	52965	52184	52184.000
CT	158	52190	51335	51335.000
CT	157	51348	50491	50491.000
CT	156	51029	50030	50030.000
CT	155	50153	49248	49248.000
CT	154	49663	48669	48669.000
CT	153	48806	47774	47774.000
CT	152	48135	47056	47056.000
CT	151	47538	46424	46424.000
CT	150	46849	45705	45705.000
CT	149	46033	44827	44827.000
CT	148	45179	43910	43910.000
CT	147	44678	43303	43303.000
CT	146	44248	42872	42872.000
CT	145	43156	41697	41697.000
CT	144	42345	40804	40804.000
CT	143	41787	40254	40254.000
CT	142	40438	38854	38854.000
CT	141	40037	38335	38335.000
CT	140	39236	37460	37460.000
CT	139	38354	36574	36574.000
CT	138	37615	35748	35748.000
CT	137	36730	34826	34826.000
CT	136	35418	33475	33475.000
CT	135	34380	32385	32385.000
CT	134	34394	32387	32387.000
CT	133	33707	31666	31666.000
CT	132	32771	30755	30755.000
CT	131	32163	30080	30080.000
CT	130	31261	29206	29206.000
CT	129	30399	28248	28248.000
CT	128	29826	27703	27703.000
CT	127	28813	26619	26619.000
CT	126	28063	25886	25886.000
CT	125	27148	24921	24921.000
CT	124	26537	24464	24464.000
CT	123	25704	23711	23711.000
CT	122	25142	23018	23018.000
CT	121	24403	22240	22240.000
CT	120	23559	21320	21320.000
CT	119	22687	20455	20455.000
CT	118	22143	19995	19995.000
CT	117	21109	18992	18992.000
CT	116	20883	18700	18700.000
CT	115	19931	17760	17760.000
CT	114	19595	17501	17501.000
CT	113	18945	16900	16900.000
CT	112	18337	16213	16213.000
CT	111	17835	15698	15698.000
CT	110	17192	14989	14989.000
CT	109	16483	14401	14401.000
CT	108	16168	14058	14058.000
CT	107	15862	13631	13631.000
CT	106	14998	12891	12891.000
CT	105	14777	12728	12728.000
CT	104	14451	12420	12420.000
CT	103	13786	11865	11865.000
CT	102	13253	11341	11341.000
CT	101	13071	11147	11147.000
CT	100	12243	10399	10399.000
CT	99	12057	10314	10314.000
CT	98	11590	9877	9877.000
CT	97	11039	9355	9355.000
CT	96	10952	9235	9235.000
CT	95	10358	8692	8692.000
CT	94	9969	8460	8460.000
CT	93	9554	8085	8085.000
CT	92	9257	7846	7846.000
CT	91	8828	7415	7415.000
CT	90	8547	7296	7296.000
CT	89	8380	7032	7032.000
CT	88	7970	6772	6772.000
CT	87	7702	6409	6409.000
CT	86	7376	6117	6117.000
CT	85	7205	5949	5949.000
CT	84	6709	5606	5606.000
CT	83	6371	5287	5287.000
CT	82	6253	5159	5159.000
CT	81	5905	4942	4942.000
CT	80	5586	4695	4695.000
CT	79	5305	4417	4417.000
CT	78	5233	4412	4412.000
CT	77	4992	4262	4262.000
CT	76	4790	4055	4055.000
CT	75	4611	3926	3926.000
CT	74	4503	3807	3807.000
CT	73	4150	3482	3482.000
CT	72	4025	3399	3399.000
CT	71	3982	3383	3383.000
CT	70	3940	3331	3331.000
CT	69	3750	3182	3182.000
CT	68	3363	2864	2864.000
CT	67	3180	2671	2671.000
CT	66	3033	2558	2558.000
CT	65	2945	2460	2460.000
CT	64	2922	2444	2444.000
CT	63	2730	2257	2257.000
CT	62	2559	2129	2129.000
CT	61	2350	1950	1950.000
CT	60	2376	1953	1953.000
CT	59	2305	1876	1876.000
CT	58	2307	1881	1881.000
CT	57	2074	1644	1644.000
CT	56	1910	1465	1465.000
CT	55	1895	1428	1428.000
CT	54	1771	1373	1373.000
CT	53	1787	1440	1440.000
CT	52	1698	1365	1365.000
CT	51	1677	1311	1311.000
CT	50	1531	1167	1167.000
CT	49	1463	1122	1122.000
CT	48	1537	1137	1137.000
CT	47	1446	1097	1097.000
CT	46	1377	1013	1013.000
CT	45	1232	895	895.000
CT	44	1183	842	842.000
CT	43	1127	767	767.000
CT	42	1177	743	743.000
CT	41	1117	707	707.000
CT	40	1099	656	656.000
CT	39	1048	582	582.000
CT	38	1116	630	630.000
CT	37	1255	657	657.000
CT	36	1225	541	541.000
CT	35	1276	530	530.000
CT	34	1202	395	395.000
CT	33	1207	357	357.000
CT	32	1265	295	295.000
CT	31	1392	267	267.000
CT	30	1535	266	266.000
CT	29	1910	250	250.000
CT	28	2303	239	239.000
CT	27	2495	219	219.000
CT	26	2922	228	228.000
CT	25	3123	178	178.000
CT	24	4052	125	125.000
CT	23	4636	139	139.000
CT	22	5502	115	114.999
CT	21	6706	122	121.999
CT	20	7617	105	104.999
CT	19	9523	86	85.999
CT	18	11514	92	91.999
CT	17	14043	79	78.999
CT	16	16687	55	54.998
CT	15	20792	40	39.998
CT	14	26594	57	56.997
CT	13	34226	38	37.996
CT	12	44084	22	21.995
CT	11	55788	22	21.994
CT	10	73174	18	17.993
CT	9	98636	18	17.990
CT	8	138468	24	23.986
CT	7	199349	14	13.980
CT	6	312594	17	16.968
CT	5	537729	8	7.945
CT	4	1090421	1	0.888
CT	3	2815752	2	0.086
CT	2	10845412	2	0.006
CT	1	0	0	0.000
CT	0	0	117	0.000
FR	1.03e-07	1.86e-07
ER	6079251	121.202
CV	0.992
QV	62.070	61.917
