HS	1023	0	6591	6591
HS	1022	0	10	6601
HS	1021	0	5	6606
HS	1020	0	5	6611
HS	1019	0	9	6620
HS	1018	0	5	6625
HS	1017	0	6	6631
HS	1016	0	6	6637
HS	1015	0	8	6645
HS	1014	0	6	6651
HS	1013	0	5	6656
HS	1012	0	2	6658
HS	1011	0	8	6666
HS	1010	0	15	6681
HS	1009	0	11	6692
HS	1008	0	4	6696
HS	1007	0	13	6709
HS	1006	0	7	6716
HS	1005	0	8	6724
HS	1004	0	3	6727
HS	1003	0	5	6732
HS	1002	0	7	6739
HS	1001	0	9	6748
HS	1000	0	12	6760
HS	999	0	6	6766
HS	998	0	8	6774
HS	997	0	6	6780
HS	996	0	4	6784
HS	995	0	8	6792
HS	994	0	11	6803
HS	993	0	9	6812
HS	992	0	7	6819
HS	991	0	7	6826
HS	990	0	7	6833
HS	989	0	10	6843
HS	988	0	5	6848
HS	987	0	13	6861
HS	986	0	11	6872
HS	985	0	3	6875
HS	984	0	7	6882
HS	983	0	2	6884
HS	982	0	9	6893
HS	981	0	7	6900
HS	980	0	6	6906
HS	979	0	5	6911
HS	978	0	11	6922
HS	977	0	3	6925
HS	976	0	9	6934
HS	975	0	7	6941
HS	974	0	4	6945
HS	973	0	8	6953
HS	972	0	8	6961
HS	971	0	13	6974
HS	970	0	4	6978
HS	969	0	5	6983
HS	968	0	9	6992
HS	967	0	7	6999
HS	966	0	12	7011
HS	965	0	4	7015
HS	964	0	4	7019
HS	963	0	12	7031
HS	962	0	8	7039
HS	961	0	8	7047
HS	960	0	9	7056
HS	959	0	8	7064
HS	958	0	7	7071
HS	957	0	6	7077
HS	956	0	8	7085
HS	955	0	9	7094
HS	954	0	12	7106
HS	953	0	4	7110
HS	952	0	13	7123
HS	951	0	12	7135
HS	950	0	4	7139
HS	949	0	4	7143
HS	948	0	9	7152
HS	947	0	5	7157
HS	946	0	7	7164
HS	945	0	11	7175
HS	944	0	6	7181
HS	943	0	7	7188
HS	942	0	4	7192
HS	941	0	5	7197
HS	940	0	5	7202
HS	939	0	7	7209
HS	938	0	5	7214
HS	937	0	3	7217
HS	936	0	10	7227
HS	935	0	7	7234
HS	934	0	7	7241
HS	933	0	8	7249
HS	932	0	9	7258
HS	931	0	8	7266
HS	930	0	8	7274
HS	929	0	5	7279
HS	928	0	8	7287
HS	927	0	12	7299
HS	926	0	4	7303
HS	925	0	16	7319
HS	924	0	5	7324
HS	923	0	7	7331
HS	922	0	5	7336
HS	921	0	9	7345
HS	920	0	16	7361
HS	919	0	9	7370
HS	918	0	12	7382
HS	917	0	7	7389
HS	916	0	8	7397
HS	915	0	8	7405
HS	914	0	15	7420
HS	913	0	8	7428
HS	912	0	11	7439
HS	911	0	9	7448
HS	910	0	12	7460
HS	909	0	13	7473
HS	908	0	7	7480
HS	907	0	10	7490
HS	906	0	13	7503
HS	905	0	11	7514
HS	904	0	8	7522
HS	903	0	6	7528
HS	902	0	3	7531
HS	901	0	12	7543
HS	900	0	3	7546
HS	899	0	9	7555
HS	898	0	7	7562
HS	897	0	6	7568
HS	896	0	7	7575
HS	895	0	2	7577
HS	894	0	13	7590
HS	893	0	4	7594
HS	892	0	9	7603
HS	891	0	6	7609
HS	890	0	5	7614
HS	889	0	5	7619
HS	888	0	6	7625
HS	887	0	5	7630
HS	886	0	13	7643
HS	885	0	5	7648
HS	884	0	12	7660
HS	883	0	11	7671
HS	882	0	7	7678
HS	881	0	10	7688
HS	880	0	6	7694
HS	879	0	9	7703
HS	878	0	6	7709
HS	877	0	16	7725
HS	876	0	6	7731
HS	875	0	6	7737
HS	874	0	13	7750
HS	873	0	6	7756
HS	872	0	12	7768
HS	871	0	9	7777
HS	870	0	12	7789
HS	869	0	11	7800
HS	868	0	9	7809
HS	867	0	6	7815
HS	866	0	9	7824
HS	865	0	10	7834
HS	864	0	11	7845
HS	863	0	8	7853
HS	862	0	7	7860
HS	861	0	5	7865
HS	860	0	11	7876
HS	859	0	15	7891
HS	858	0	11	7902
HS	857	0	9	7911
HS	856	0	12	7923
HS	855	0	6	7929
HS	854	0	12	7941
HS	853	0	10	7951
HS	852	0	14	7965
HS	851	0	16	7981
HS	850	0	16	7997
HS	849	0	14	8011
HS	848	0	12	8023
HS	847	0	10	8033
HS	846	0	16	8049
HS	845	0	4	8053
HS	844	0	10	8063
HS	843	0	11	8074
HS	842	0	10	8084
HS	841	0	9	8093
HS	840	0	10	8103
HS	839	0	10	8113
HS	838	0	16	8129
HS	837	0	14	8143
HS	836	0	8	8151
HS	835	0	7	8158
HS	834	0	16	8174
HS	833	0	10	8184
HS	832	0	9	8193
HS	831	0	12	8205
HS	830	0	12	8217
HS	829	0	10	8227
HS	828	0	15	8242
HS	827	0	10	8252
HS	826	0	7	8259
HS	825	0	21	8280
HS	824	0	17	8297
HS	823	0	9	8306
HS	822	0	10	8316
HS	821	0	12	8328
HS	820	0	13	8341
HS	819	0	16	8357
HS	818	0	10	8367
HS	817	0	24	8391
HS	816	0	17	8408
HS	815	0	13	8421
HS	814	0	13	8434
HS	813	0	8	8442
HS	812	0	10	8452
HS	811	0	18	8470
HS	810	0	18	8488
HS	809	0	13	8501
HS	808	0	11	8512
HS	807	0	12	8524
HS	806	0	11	8535
HS	805	0	17	8552
HS	804	0	8	8560
HS	803	0	16	8576
HS	802	0	12	8588
HS	801	0	16	8604
HS	800	0	13	8617
HS	799	0	15	8632
HS	798	0	10	8642
HS	797	0	16	8658
HS	796	0	12	8670
HS	795	0	14	8684
HS	794	0	9	8693
HS	793	0	7	8700
HS	792	0	15	8715
HS	791	0	10	8725
HS	790	0	13	8738
HS	789	0	12	8750
HS	788	0	9	8759
HS	787	0	16	8775
HS	786	0	15	8790
HS	785	0	7	8797
HS	784	0	24	8821
HS	783	0	9	8830
HS	782	0	7	8837
HS	781	0	10	8847
HS	780	0	14	8861
HS	779	0	13	8874
HS	778	0	9	8883
HS	777	0	15	8898
HS	776	0	7	8905
HS	775	0	5	8910
HS	774	0	9	8919
HS	773	0	15	8934
HS	772	0	11	8945
HS	771	0	20	8965
HS	770	0	10	8975
HS	769	0	10	8985
HS	768	0	14	8999
HS	767	0	14	9013
HS	766	0	8	9021
HS	765	0	9	9030
HS	764	0	7	9037
HS	763	0	2	9039
HS	762	0	14	9053
HS	761	0	7	9060
HS	760	0	14	9074
HS	759	0	12	9086
HS	758	0	9	9095
HS	757	0	11	9106
HS	756	0	9	9115
HS	755	0	11	9126
HS	754	0	5	9131
HS	753	0	12	9143
HS	752	0	17	9160
HS	751	0	14	9174
HS	750	0	9	9183
HS	749	0	12	9195
HS	748	0	13	9208
HS	747	0	9	9217
HS	746	0	12	9229
HS	745	0	11	9240
HS	744	0	16	9256
HS	743	0	11	9267
HS	742	0	13	9280
HS	741	0	10	9290
HS	740	0	8	9298
HS	739	0	9	9307
HS	738	0	5	9312
HS	737	0	16	9328
HS	736	0	8	9336
HS	735	0	8	9344
HS	734	0	11	9355
HS	733	0	16	9371
HS	732	0	10	9381
HS	731	0	10	9391
HS	730	0	13	9404
HS	729	0	12	9416
HS	728	0	13	9429
HS	727	0	12	9441
HS	726	0	7	9448
HS	725	0	14	9462
HS	724	0	6	9468
HS	723	0	14	9482
HS	722	0	12	9494
HS	721	0	14	9508
HS	720	0	29	9537
HS	719	0	22	9559
HS	718	0	18	9577
HS	717	0	18	9595
HS	716	0	14	9609
HS	715	0	17	9626
HS	714	0	17	9643
HS	713	0	16	9659
HS	712	0	10	9669
HS	711	0	23	9692
HS	710	0	18	9710
HS	709	0	18	9728
HS	708	0	20	9748
HS	707	0	18	9766
HS	706	0	19	9785
HS	705	0	18	9803
HS	704	0	10	9813
HS	703	0	16	9829
HS	702	0	18	9847
HS	701	0	15	9862
HS	700	0	20	9882
HS	699	0	19	9901
HS	698	0	17	9918
HS	697	0	17	9935
HS	696	0	11	9946
HS	695	0	30	9976
HS	694	0	17	9993
HS	693	0	19	10012
HS	692	0	14	10026
HS	691	0	15	10041
HS	690	0	21	10062
HS	689	0	21	10083
HS	688	0	18	10101
HS	687	0	21	10122
HS	686	0	34	10156
HS	685	0	25	10181
HS	684	0	34	10215
HS	683	0	30	10245
HS	682	0	37	10282
HS	681	0	27	10309
HS	680	0	27	10336
HS	679	0	28	10364
HS	678	0	31	10395
HS	677	0	25	10420
HS	676	0	27	10447
HS	675	0	23	10470
HS	674	0	26	10496
HS	673	0	31	10527
HS	672	0	15	10542
HS	671	0	17	10559
HS	670	0	24	10583
HS	669	0	26	10609
HS	668	0	17	10626
HS	667	0	25	10651
HS	666	0	20	10671
HS	665	0	22	10693
HS	664	0	24	10717
HS	663	0	20	10737
HS	662	0	18	10755
HS	661	0	33	10788
HS	660	0	16	10804
HS	659	0	13	10817
HS	658	0	19	10836
HS	657	0	20	10856
HS	656	0	15	10871
HS	655	0	18	10889
HS	654	0	17	10906
HS	653	0	13	10919
HS	652	0	12	10931
HS	651	0	23	10954
HS	650	0	22	10976
HS	649	0	19	10995
HS	648	0	17	11012
HS	647	0	11	11023
HS	646	0	20	11043
HS	645	0	18	11061
HS	644	0	19	11080
HS	643	0	16	11096
HS	642	0	21	11117
HS	641	0	12	11129
HS	640	0	16	11145
HS	639	0	14	11159
HS	638	0	14	11173
HS	637	0	16	11189
HS	636	0	12	11201
HS	635	0	20	11221
HS	634	0	17	11238
HS	633	0	20	11258
HS	632	0	22	11280
HS	631	0	11	11291
HS	630	0	22	11313
HS	629	0	12	11325
HS	628	0	27	11352
HS	627	0	13	11365
HS	626	0	18	11383
HS	625	0	16	11399
HS	624	0	17	11416
HS	623	0	15	11431
HS	622	0	11	11442
HS	621	0	12	11454
HS	620	0	17	11471
HS	619	0	19	11490
HS	618	0	14	11504
HS	617	0	22	11526
HS	616	0	13	11539
HS	615	0	17	11556
HS	614	0	11	11567
HS	613	0	19	11586
HS	612	0	14	11600
HS	611	0	10	11610
HS	610	0	21	11631
HS	609	0	16	11647
HS	608	0	12	11659
HS	607	0	18	11677
HS	606	0	15	11692
HS	605	0	15	11707
HS	604	0	12	11719
HS	603	0	13	11732
HS	602	0	10	11742
HS	601	0	17	11759
HS	600	0	12	11771
HS	599	0	13	11784
HS	598	0	13	11797
HS	597	0	15	11812
HS	596	0	9	11821
HS	595	0	9	11830
HS	594	0	15	11845
HS	593	0	6	11851
HS	592	0	9	11860
HS	591	0	19	11879
HS	590	0	11	11890
HS	589	0	15	11905
HS	588	0	9	11914
HS	587	0	18	11932
HS	586	0	16	11948
HS	585	0	18	11966
HS	584	0	16	11982
HS	583	0	8	11990
HS	582	0	12	12002
HS	581	0	23	12025
HS	580	0	9	12034
HS	579	0	11	12045
HS	578	0	17	12062
HS	577	0	13	12075
HS	576	0	14	12089
HS	575	0	13	12102
HS	574	0	15	12117
HS	573	0	14	12131
HS	572	0	20	12151
HS	571	0	20	12171
HS	570	0	24	12195
HS	569	0	12	12207
HS	568	0	9	12216
HS	567	0	19	12235
HS	566	0	13	12248
HS	565	0	21	12269
HS	564	0	20	12289
HS	563	0	26	12315
HS	562	0	33	12348
HS	561	0	24	12372
HS	560	0	25	12397
HS	559	0	20	12417
HS	558	0	16	12433
HS	557	0	29	12462
HS	556	0	24	12486
HS	555	0	22	12508
HS	554	0	17	12525
HS	553	0	17	12542
HS	552	0	12	12554
HS	551	0	17	12571
HS	550	0	14	12585
HS	549	0	28	12613
HS	548	0	17	12630
HS	547	0	22	12652
HS	546	0	22	12674
HS	545	0	20	12694
HS	544	0	23	12717
HS	543	0	12	12729
HS	542	0	21	12750
HS	541	0	18	12768
HS	540	0	22	12790
HS	539	0	24	12814
HS	538	0	18	12832
HS	537	0	16	12848
HS	536	0	18	12866
HS	535	0	30	12896
HS	534	0	26	12922
HS	533	0	32	12954
HS	532	0	16	12970
HS	531	0	32	13002
HS	530	0	27	13029
HS	529	0	23	13052
HS	528	0	30	13082
HS	527	0	26	13108
HS	526	0	33	13141
HS	525	0	22	13163
HS	524	0	27	13190
HS	523	0	25	13215
HS	522	0	29	13244
HS	521	0	31	13275
HS	520	0	30	13305
HS	519	0	40	13345
HS	518	0	30	13375
HS	517	0	35	13410
HS	516	0	34	13444
HS	515	0	26	13470
HS	514	0	31	13501
HS	513	0	33	13534
HS	512	0	22	13556
HS	511	0	28	13584
HS	510	0	25	13609
HS	509	0	30	13639
HS	508	0	30	13669
HS	507	0	38	13707
HS	506	0	20	13727
HS	505	0	23	13750
HS	504	0	32	13782
HS	503	0	33	13815
HS	502	0	32	13847
HS	501	0	22	13869
HS	500	0	33	13902
HS	499	0	29	13931
HS	498	0	26	13957
HS	497	0	25	13982
HS	496	0	34	14016
HS	495	0	38	14054
HS	494	0	31	14085
HS	493	0	31	14116
HS	492	0	41	14157
HS	491	0	38	14195
HS	490	0	45	14240
HS	489	0	32	14272
HS	488	0	38	14310
HS	487	0	33	14343
HS	486	0	35	14378
HS	485	0	25	14403
HS	484	0	30	14433
HS	483	0	27	14460
HS	482	0	46	14506
HS	481	0	34	14540
HS	480	0	29	14569
HS	479	0	32	14601
HS	478	0	41	14642
HS	477	0	48	14690
HS	476	0	37	14727
HS	475	0	37	14764
HS	474	0	37	14801
HS	473	0	45	14846
HS	472	0	44	14890
HS	471	0	39	14929
HS	470	0	46	14975
HS	469	0	55	15030
HS	468	0	42	15072
HS	467	0	49	15121
HS	466	0	47	15168
HS	465	0	30	15198
HS	464	0	33	15231
HS	463	0	23	15254
HS	462	0	41	15295
HS	461	0	40	15335
HS	460	0	31	15366
HS	459	0	41	15407
HS	458	0	42	15449
HS	457	0	43	15492
HS	456	0	43	15535
HS	455	0	39	15574
HS	454	0	50	15624
HS	453	0	39	15663
HS	452	0	50	15713
HS	451	0	40	15753
HS	450	0	48	15801
HS	449	0	61	15862
HS	448	0	47	15909
HS	447	0	50	15959
HS	446	0	36	15995
HS	445	0	38	16033
HS	444	0	54	16087
HS	443	0	46	16133
HS	442	0	37	16170
HS	441	0	47	16217
HS	440	0	29	16246
HS	439	0	42	16288
HS	438	0	49	16337
HS	437	0	56	16393
HS	436	0	49	16442
HS	435	0	38	16480
HS	434	0	54	16534
HS	433	0	54	16588
HS	432	0	62	16650
HS	431	0	43	16693
HS	430	0	40	16733
HS	429	0	52	16785
HS	428	0	53	16838
HS	427	0	53	16891
HS	426	0	60	16951
HS	425	0	60	17011
HS	424	0	50	17061
HS	423	0	62	17123
HS	422	0	65	17188
HS	421	0	63	17251
HS	420	0	48	17299
HS	419	0	41	17340
HS	418	0	42	17382
HS	417	0	49	17431
HS	416	0	56	17487
HS	415	0	57	17544
HS	414	0	57	17601
HS	413	0	50	17651
HS	412	0	52	17703
HS	411	0	59	17762
HS	410	0	72	17834
HS	409	0	71	17905
HS	408	0	74	17979
HS	407	0	64	18043
HS	406	0	52	18095
HS	405	0	76	18171
HS	404	0	65	18236
HS	403	0	86	18322
HS	402	0	78	18400
HS	401	0	84	18484
HS	400	0	68	18552
HS	399	0	86	18638
HS	398	0	75	18713
HS	397	0	88	18801
HS	396	0	83	18884
HS	395	0	95	18979
HS	394	0	86	19065
HS	393	0	88	19153
HS	392	0	103	19256
HS	391	0	89	19345
HS	390	0	100	19445
HS	389	0	84	19529
HS	388	0	82	19611
HS	387	0	86	19697
HS	386	0	68	19765
HS	385	0	69	19834
HS	384	0	77	19911
HS	383	0	92	20003
HS	382	0	79	20082
HS	381	0	72	20154
HS	380	0	91	20245
HS	379	0	113	20358
HS	378	0	80	20438
HS	377	0	90	20528
HS	376	0	97	20625
HS	375	0	108	20733
HS	374	0	112	20845
HS	373	0	124	20969
HS	372	0	104	21073
HS	371	0	114	21187
HS	370	0	110	21297
HS	369	0	126	21423
HS	368	0	129	21552
HS	367	0	120	21672
HS	366	0	145	21817
HS	365	0	138	21955
HS	364	0	139	22094
HS	363	0	152	22246
HS	362	0	159	22405
HS	361	0	152	22557
HS	360	0	190	22747
HS	359	0	165	22912
HS	358	0	162	23074
HS	357	0	141	23215
HS	356	0	179	23394
HS	355	0	173	23567
HS	354	0	175	23742
HS	353	0	174	23916
HS	352	0	181	24097
HS	351	0	184	24281
HS	350	0	191	24472
HS	349	0	192	24664
HS	348	0	184	24848
HS	347	0	205	25053
HS	346	0	198	25251
HS	345	0	229	25480
HS	344	0	229	25709
HS	343	0	280	25989
HS	342	0	276	26265
HS	341	0	310	26575
HS	340	0	285	26860
HS	339	0	281	27141
HS	338	0	266	27407
HS	337	0	287	27694
HS	336	0	270	27964
HS	335	0	325	28289
HS	334	0	336	28625
HS	333	0	311	28936
HS	332	0	356	29292
HS	331	0	361	29653
HS	330	0	400	30053
HS	329	0	405	30458
HS	328	0	377	30835
HS	327	0	419	31254
HS	326	0	416	31670
HS	325	0	443	32113
HS	324	0	511	32624
HS	323	0	515	33139
HS	322	0	536	33675
HS	321	0	561	34236
HS	320	0	615	34851
HS	319	0	620	35471
HS	318	0	623	36094
HS	317	0	668	36762
HS	316	0	723	37485
HS	315	0	758	38243
HS	314	0	750	38993
HS	313	0	800	39793
HS	312	0	885	40678
HS	311	0	923	41601
HS	310	0	916	42517
HS	309	0	965	43482
HS	308	0	1051	44533
HS	307	0	1056	45589
HS	306	0	1131	46720
HS	305	0	1278	47998
HS	304	0	1317	49315
HS	303	0	1361	50676
HS	302	0	1374	52050
HS	301	0	1510	53560
HS	300	0	1558	55118
HS	299	0	1587	56705
HS	298	0	1682	58387
HS	297	0	1704	60091
HS	296	0	1901	61992
HS	295	0	1943	63935
HS	294	0	2037	65972
HS	293	0	2057	68029
HS	292	0	2181	70210
HS	291	0	2340	72550
HS	290	0	2420	74970
HS	289	0	2494	77464
HS	288	0	2749	80213
HS	287	0	2931	83144
HS	286	0	3004	86148
HS	285	0	3147	89295
HS	284	0	3317	92612
HS	283	0	3418	96030
HS	282	0	3625	99655
HS	281	0	3808	103463
HS	280	0	3945	107408
HS	279	0	4175	111583
HS	278	0	4379	115962
HS	277	0	4572	120534
HS	276	0	4694	125228
HS	275	0	4931	130159
HS	274	0	5089	135248
HS	273	0	5426	140674
HS	272	0	5774	146448
HS	271	0	5678	152126
HS	270	0	6146	158272
HS	269	0	6392	164664
HS	268	0	6599	171263
HS	267	0	6898	178161
HS	266	0	7047	185208
HS	265	0	7286	192494
HS	264	0	7814	200308
HS	263	0	8091	208399
HS	262	0	8183	216582
HS	261	0	8781	225363
HS	260	0	9119	234482
HS	259	0	9354	243836
HS	258	0	9733	253569
HS	257	0	10165	263734
HS	256	0	10459	274193
HS	255	0	10754	284947
HS	254	0	11156	296103
HS	253	0	11562	307665
HS	252	0	12180	319845
HS	251	0	12281	332126
HS	250	0	12972	345098
HS	249	0	13164	358262
HS	248	0	14016	372278
HS	247	0	14306	386584
HS	246	0	14780	401364
HS	245	0	15361	416725
HS	244	0	15866	432591
HS	243	0	16565	449156
HS	242	0	17083	466239
HS	241	0	17728	483967
HS	240	0	18267	502234
HS	239	0	18854	521088
HS	238	0	19606	540694
HS	237	0	20186	560880
HS	236	0	20767	581647
HS	235	0	21344	602991
HS	234	0	21889	624880
HS	233	0	22934	647814
HS	232	0	23414	671228
HS	231	0	23903	695131
HS	230	0	24846	719977
HS	229	0	25531	745508
HS	228	0	26217	771725
HS	227	0	27232	798957
HS	226	0	27513	826470
HS	225	0	28428	854898
HS	224	0	28943	883841
HS	223	0	29544	913385
HS	222	0	30484	943869
HS	221	0	30885	974754
HS	220	0	31724	1006478
HS	219	0	32850	1039328
HS	218	0	33475	1072803
HS	217	0	34212	1107015
HS	216	0	35026	1142041
HS	215	0	35973	1178014
HS	214	0	36455	1214469
HS	213	0	37692	1252161
HS	212	0	37959	1290120
HS	211	0	38768	1328888
HS	210	0	39067	1367955
HS	209	0	40040	1407995
HS	208	0	40599	1448594
HS	207	0	41707	1490301
HS	206	0	42321	1532622
HS	205	0	43297	1575919
HS	204	0	43649	1619568
HS	203	0	44232	1663800
HS	202	0	45147	1708947
HS	201	0	45747	1754694
HS	200	0	46673	1801367
HS	199	0	47340	1848707
HS	198	0	47419	1896126
HS	197	0	48735	1944861
HS	196	0	49235	1994096
HS	195	0	49449	2043545
HS	194	0	49744	2093289
HS	193	0	50486	2143775
HS	192	0	51056	2194831
HS	191	0	51840	2246671
HS	190	0	51967	2298638
HS	189	0	52888	2351526
HS	188	0	53442	2404968
HS	187	0	53905	2458873
HS	186	0	54698	2513571
HS	185	0	54851	2568422
HS	184	0	54608	2623030
HS	183	0	55134	2678164
HS	182	0	55720	2733884
HS	181	0	55431	2789315
HS	180	0	55669	2844984
HS	179	0	56316	2901300
HS	178	0	55928	2957228
HS	177	0	55899	3013127
HS	176	0	56285	3069412
HS	175	0	56401	3125813
HS	174	0	56445	3182258
HS	173	0	56743	3239001
HS	172	0	55902	3294903
HS	171	0	55943	3350846
HS	170	0	56162	3407008
HS	169	0	55356	3462364
HS	168	0	55721	3518085
HS	167	0	55527	3573612
HS	166	0	54915	3628527
HS	165	0	54980	3683507
HS	164	0	54470	3737977
HS	163	0	54517	3792494
HS	162	0	54244	3846738
HS	161	0	53670	3900408
HS	160	0	53476	3953884
HS	159	0	52965	4006849
HS	158	0	52190	4059039
HS	157	0	51348	4110387
HS	156	0	51029	4161416
HS	155	0	50153	4211569
HS	154	0	49663	4261232
HS	153	0	48806	4310038
HS	152	0	48135	4358173
HS	151	0	47538	4405711
HS	150	0	46849	4452560
HS	149	0	46033	4498593
HS	148	0	45179	4543772
HS	147	0	44678	4588450
HS	146	0	44248	4632698
HS	145	0	43156	4675854
HS	144	0	42345	4718199
HS	143	0	41787	4759986
HS	142	0	40438	4800424
HS	141	0	40037	4840461
HS	140	0	39236	4879697
HS	139	0	38354	4918051
HS	138	0	37615	4955666
HS	137	0	36730	4992396
HS	136	0	35418	5027814
HS	135	0	34380	5062194
HS	134	0	34394	5096588
HS	133	0	33707	5130295
HS	132	0	32771	5163066
HS	131	0	32163	5195229
HS	130	0	31261	5226490
HS	129	0	30399	5256889
HS	128	0	29826	5286715
HS	127	0	28813	5315528
HS	126	0	28063	5343591
HS	125	0	27148	5370739
HS	124	0	26537	5397276
HS	123	0	25704	5422980
HS	122	0	25142	5448122
HS	121	0	24403	5472525
HS	120	0	23559	5496084
HS	119	0	22687	5518771
HS	118	0	22143	5540914
HS	117	0	21109	5562023
HS	116	0	20883	5582906
HS	115	0	19931	5602837
HS	114	0	19595	5622432
HS	113	0	18945	5641377
HS	112	0	18337	5659714
HS	111	0	17835	5677549
HS	110	0	17192	5694741
HS	109	0	16483	5711224
HS	108	0	16168	5727392
HS	107	0	15862	5743254
HS	106	0	14998	5758252
HS	105	0	14777	5773029
HS	104	0	14451	5787480
HS	103	0	13786	5801266
HS	102	0	13253	5814519
HS	101	0	13071	5827590
HS	100	0	12243	5839833
HS	99	0	12057	5851890
HS	98	0	11590	5863480
HS	97	0	11039	5874519
HS	96	0	10952	5885471
HS	95	0	10358	5895829
HS	94	0	9969	5905798
HS	93	0	9554	5915352
HS	92	0	9257	5924609
HS	91	0	8828	5933437
HS	90	0	8547	5941984
HS	89	0	8380	5950364
HS	88	0	7970	5958334
HS	87	0	7702	5966036
HS	86	0	7376	5973412
HS	85	0	7205	5980617
HS	84	0	6709	5987326
HS	83	0	6371	5993697
HS	82	0	6253	5999950
HS	81	0	5905	6005855
HS	80	0	5586	6011441
HS	79	0	5305	6016746
HS	78	0	5233	6021979
HS	77	0	4992	6026971
HS	76	0	4790	6031761
HS	75	0	4611	6036372
HS	74	0	4503	6040875
HS	73	0	4150	6045025
HS	72	0	4025	6049050
HS	71	0	3982	6053032
HS	70	0	3940	6056972
HS	69	0	3750	6060722
HS	68	0	3363	6064085
HS	67	0	3180	6067265
HS	66	0	3033	6070298
HS	65	0	2945	6073243
HS	64	0	2922	6076165
HS	63	0	2730	6078895
HS	62	0	2559	6081454
HS	61	0	2350	6083804
HS	60	0	2376	6086180
HS	59	0	2305	6088485
HS	58	0	2307	6090792
HS	57	0	2074	6092866
HS	56	0	1910	6094776
HS	55	0	1895	6096671
HS	54	0	1771	6098442
HS	53	0	1787	6100229
HS	52	0	1698	6101927
HS	51	0	1677	6103604
HS	50	0	1531	6105135
HS	49	0	1463	6106598
HS	48	0	1537	6108135
HS	47	0	1446	6109581
HS	46	0	1377	6110958
HS	45	0	1232	6112190
HS	44	0	1183	6113373
HS	43	0	1127	6114500
HS	42	0	1177	6115677
HS	41	0	1117	6116794
HS	40	0	1099	6117893
HS	39	0	1048	6118941
HS	38	0	1116	6120057
HS	37	0	1255	6121312
HS	36	0	1225	6122537
HS	35	0	1276	6123813
HS	34	0	1202	6125015
HS	33	0	1207	6126222
HS	32	0	1265	6127487
HS	31	0	1392	6128879
HS	30	0	1535	6130414
HS	29	0	1910	6132324
HS	28	0	2303	6134627
HS	27	0	2495	6137122
HS	26	0	2922	6140044
HS	25	0	3123	6143167
HS	24	0	4052	6147219
HS	23	0	4636	6151855
HS	22	0	5502	6157357
HS	21	0	6706	6164063
HS	20	0	7617	6171680
HS	19	0	9523	6181203
HS	18	0	11514	6192717
HS	17	0	14043	6206760
HS	16	0	16687	6223447
HS	15	0	20792	6244239
HS	14	0	26594	6270833
HS	13	0	34226	6305059
HS	12	0	44084	6349143
HS	11	0	55788	6404931
HS	10	0	73174	6478105
HS	9	0	98636	6576741
HS	8	0	138468	6715209
HS	7	0	199349	6914558
HS	6	0	312594	7227152
HS	5	0	537729	7764881
HS	4	0	1090421	8855302
HS	3	0	2815752	11671054
HS	2	0	10845412	22516466
HS	1	0	0	22516466
HS	0	0	0	22516466
