CC	CT  kmer_occurrence    short_read_kmer_count  raw_input_kmer_count  adjusted_input_kmer_count
CC	FR  fpr_lower_bound    fpr_upper_bound
CC	ER  total_input_kmers  adjusted_error_kmers
CC	CV  coverage
CC	QV  raw_quality_value  adjusted_quality_value
CC
SQ	JAUCFX010000005.1	3942687	3942657	3942657	99.00
CT	1023	5607	44345	44345.000
CT	1022	8	3	3.000
CT	1021	4	0	0.000
CT	1020	10	0	0.000
CT	1019	13	6	6.000
CT	1018	12	3	3.000
CT	1017	13	6	6.000
CT	1016	17	21	21.000
CT	1015	16	3	3.000
CT	1014	13	13	13.000
CT	1013	16	3	3.000
CT	1012	10	4	4.000
CT	1011	12	6	6.000
CT	1010	12	3	3.000
CT	1009	11	4	4.000
CT	1008	7	12	12.000
CT	1007	8	10	10.000
CT	1006	15	12	12.000
CT	1005	11	3	3.000
CT	1004	12	0	0.000
CT	1003	8	4	4.000
CT	1002	13	0	0.000
CT	1001	8	3	3.000
CT	1000	8	4	4.000
CT	999	7	0	0.000
CT	998	14	6	6.000
CT	997	6	0	0.000
CT	996	8	0	0.000
CT	995	7	0	0.000
CT	994	11	12	12.000
CT	993	7	0	0.000
CT	992	7	7	7.000
CT	991	5	0	0.000
CT	990	4	0	0.000
CT	989	15	18	18.000
CT	988	6	0	0.000
CT	987	12	0	0.000
CT	986	13	4	4.000
CT	985	13	18	18.000
CT	984	8	10	10.000
CT	983	7	0	0.000
CT	982	5	0	0.000
CT	981	10	8	8.000
CT	980	3	0	0.000
CT	979	7	4	4.000
CT	978	7	4	4.000
CT	977	10	0	0.000
CT	976	11	9	9.000
CT	975	12	12	12.000
CT	974	10	6	6.000
CT	973	7	3	3.000
CT	972	5	4	4.000
CT	971	5	3	3.000
CT	970	5	6	6.000
CT	969	10	11	11.000
CT	968	9	4	4.000
CT	967	8	11	11.000
CT	966	5	0	0.000
CT	965	7	8	8.000
CT	964	4	0	0.000
CT	963	6	4	4.000
CT	962	11	9	9.000
CT	961	1	0	0.000
CT	960	11	8	8.000
CT	959	5	0	0.000
CT	958	6	8	8.000
CT	957	8	7	7.000
CT	956	10	4	4.000
CT	955	9	9	9.000
CT	954	8	6	6.000
CT	953	6	3	3.000
CT	952	16	16	16.000
CT	951	11	23	23.000
CT	950	9	13	13.000
CT	949	7	0	0.000
CT	948	3	3	3.000
CT	947	8	6	6.000
CT	946	8	14	14.000
CT	945	5	7	7.000
CT	944	5	17	17.000
CT	943	2	3	3.000
CT	942	5	0	0.000
CT	941	6	7	7.000
CT	940	3	4	4.000
CT	939	6	10	10.000
CT	938	5	7	7.000
CT	937	2	3	3.000
CT	936	8	9	9.000
CT	935	7	3	3.000
CT	934	8	7	7.000
CT	933	2	6	6.000
CT	932	10	10	10.000
CT	931	6	9	9.000
CT	930	7	0	0.000
CT	929	5	3	3.000
CT	928	4	9	9.000
CT	927	2	0	0.000
CT	926	6	10	10.000
CT	925	5	0	0.000
CT	924	8	4	4.000
CT	923	6	10	10.000
CT	922	12	21	21.000
CT	921	4	4	4.000
CT	920	10	3	3.000
CT	919	6	4	4.000
CT	918	9	3	3.000
CT	917	6	4	4.000
CT	916	8	13	13.000
CT	915	4	4	4.000
CT	914	12	21	21.000
CT	913	8	14	14.000
CT	912	9	19	19.000
CT	911	1	3	3.000
CT	910	13	20	20.000
CT	909	5	15	15.000
CT	908	8	18	18.000
CT	907	8	10	10.000
CT	906	8	16	16.000
CT	905	4	7	7.000
CT	904	3	0	0.000
CT	903	9	19	19.000
CT	902	2	0	0.000
CT	901	3	0	0.000
CT	900	5	7	7.000
CT	899	2	4	4.000
CT	898	0	0	0.000
CT	897	2	4	4.000
CT	896	2	7	7.000
CT	895	2	4	4.000
CT	894	1	4	4.000
CT	893	1	3	3.000
CT	892	5	0	0.000
CT	891	5	4	4.000
CT	890	2	0	0.000
CT	889	0	0	0.000
CT	888	3	9	9.000
CT	887	4	8	8.000
CT	886	0	0	0.000
CT	885	2	0	0.000
CT	884	3	8	8.000
CT	883	2	4	4.000
CT	882	2	0	0.000
CT	881	2	0	0.000
CT	880	1	0	0.000
CT	879	0	0	0.000
CT	878	2	0	0.000
CT	877	4	8	8.000
CT	876	3	2	2.000
CT	875	3	8	8.000
CT	874	5	8	8.000
CT	873	6	11	11.000
CT	872	1	4	4.000
CT	871	1	4	4.000
CT	870	8	8	8.000
CT	869	4	3	3.000
CT	868	3	0	0.000
CT	867	4	14	14.000
CT	866	6	15	15.000
CT	865	2	3	3.000
CT	864	3	11	11.000
CT	863	1	0	0.000
CT	862	5	15	15.000
CT	861	8	15	15.000
CT	860	0	0	0.000
CT	859	8	13	13.000
CT	858	3	3	3.000
CT	857	4	6	6.000
CT	856	5	14	14.000
CT	855	10	17	17.000
CT	854	3	9	9.000
CT	853	3	3	3.000
CT	852	14	22	22.000
CT	851	9	12	12.000
CT	850	8	13	13.000
CT	849	4	7	7.000
CT	848	9	14	14.000
CT	847	6	15	15.000
CT	846	4	11	11.000
CT	845	8	20	20.000
CT	844	4	3	3.000
CT	843	8	22	22.000
CT	842	7	16	16.000
CT	841	3	7	7.000
CT	840	6	13	13.000
CT	839	2	8	8.000
CT	838	3	8	8.000
CT	837	6	14	14.000
CT	836	4	0	0.000
CT	835	4	10	10.000
CT	834	7	20	20.000
CT	833	2	6	6.000
CT	832	1	0	0.000
CT	831	3	10	10.000
CT	830	5	11	11.000
CT	829	5	9	9.000
CT	828	5	10	10.000
CT	827	5	10	10.000
CT	826	5	6	6.000
CT	825	2	3	3.000
CT	824	3	3	3.000
CT	823	3	3	3.000
CT	822	4	3	3.000
CT	821	4	6	6.000
CT	820	3	6	6.000
CT	819	6	9	9.000
CT	818	4	9	9.000
CT	817	2	3	3.000
CT	816	2	6	6.000
CT	815	2	3	3.000
CT	814	3	8	8.000
CT	813	3	3	3.000
CT	812	2	7	7.000
CT	811	2	3	3.000
CT	810	5	8	8.000
CT	809	6	15	15.000
CT	808	2	3	3.000
CT	807	2	5	5.000
CT	806	2	0	0.000
CT	805	4	5	5.000
CT	804	3	9	9.000
CT	803	4	7	7.000
CT	802	0	0	0.000
CT	801	3	6	6.000
CT	800	4	3	3.000
CT	799	2	3	3.000
CT	798	3	6	6.000
CT	797	10	5	5.000
CT	796	7	9	9.000
CT	795	2	3	3.000
CT	794	2	0	0.000
CT	793	6	3	3.000
CT	792	5	3	3.000
CT	791	7	7	7.000
CT	790	7	5	5.000
CT	789	1	3	3.000
CT	788	3	3	3.000
CT	787	0	0	0.000
CT	786	9	5	5.000
CT	785	3	3	3.000
CT	784	3	2	2.000
CT	783	5	6	6.000
CT	782	2	5	5.000
CT	781	8	13	13.000
CT	780	4	9	9.000
CT	779	5	14	14.000
CT	778	9	12	12.000
CT	777	6	9	9.000
CT	776	3	6	6.000
CT	775	2	5	5.000
CT	774	9	20	20.000
CT	773	5	9	9.000
CT	772	6	10	10.000
CT	771	9	8	8.000
CT	770	6	10	10.000
CT	769	6	4	4.000
CT	768	11	19	19.000
CT	767	5	4	4.000
CT	766	12	6	6.000
CT	765	4	7	7.000
CT	764	8	6	6.000
CT	763	11	16	16.000
CT	762	3	7	7.000
CT	761	8	12	12.000
CT	760	10	10	10.000
CT	759	8	13	13.000
CT	758	11	21	21.000
CT	757	7	10	10.000
CT	756	7	17	17.000
CT	755	11	22	22.000
CT	754	8	16	16.000
CT	753	13	25	25.000
CT	752	7	13	13.000
CT	751	10	22	22.000
CT	750	14	17	17.000
CT	749	14	24	24.000
CT	748	10	20	20.000
CT	747	8	17	17.000
CT	746	8	13	13.000
CT	745	9	10	10.000
CT	744	10	18	18.000
CT	743	5	10	10.000
CT	742	11	25	25.000
CT	741	6	13	13.000
CT	740	9	18	18.000
CT	739	6	12	12.000
CT	738	4	9	9.000
CT	737	14	37	37.000
CT	736	10	16	16.000
CT	735	3	5	5.000
CT	734	8	19	19.000
CT	733	10	19	19.000
CT	732	11	8	8.000
CT	731	14	27	27.000
CT	730	13	10	10.000
CT	729	20	33	33.000
CT	728	9	16	16.000
CT	727	15	22	22.000
CT	726	12	14	14.000
CT	725	8	2	2.000
CT	724	15	7	7.000
CT	723	11	16	16.000
CT	722	12	4	4.000
CT	721	7	14	14.000
CT	720	16	20	20.000
CT	719	18	39	39.000
CT	718	10	12	12.000
CT	717	18	18	18.000
CT	716	22	41	41.000
CT	715	14	26	26.000
CT	714	16	28	28.000
CT	713	14	27	27.000
CT	712	7	18	18.000
CT	711	20	30	30.000
CT	710	11	16	16.000
CT	709	18	34	34.000
CT	708	14	13	13.000
CT	707	15	27	27.000
CT	706	17	26	26.000
CT	705	14	24	24.000
CT	704	12	21	21.000
CT	703	15	17	17.000
CT	702	19	36	36.000
CT	701	19	33	33.000
CT	700	18	28	28.000
CT	699	17	16	16.000
CT	698	11	21	21.000
CT	697	16	32	32.000
CT	696	24	42	42.000
CT	695	12	22	22.000
CT	694	15	38	38.000
CT	693	15	26	26.000
CT	692	19	35	35.000
CT	691	24	59	59.000
CT	690	18	39	39.000
CT	689	14	27	27.000
CT	688	16	33	33.000
CT	687	17	34	34.000
CT	686	20	42	42.000
CT	685	9	23	23.000
CT	684	12	23	23.000
CT	683	13	33	33.000
CT	682	16	41	41.000
CT	681	15	23	23.000
CT	680	10	24	24.000
CT	679	22	38	38.000
CT	678	21	37	37.000
CT	677	19	37	37.000
CT	676	17	40	40.000
CT	675	20	45	45.000
CT	674	18	32	32.000
CT	673	21	43	43.000
CT	672	20	37	37.000
CT	671	13	26	26.000
CT	670	13	25	25.000
CT	669	14	26	26.000
CT	668	18	33	33.000
CT	667	17	28	28.000
CT	666	38	82	82.000
CT	665	16	29	29.000
CT	664	16	28	28.000
CT	663	23	38	38.000
CT	662	17	33	33.000
CT	661	24	51	51.000
CT	660	17	31	31.000
CT	659	27	58	58.000
CT	658	22	49	49.000
CT	657	16	34	34.000
CT	656	17	27	27.000
CT	655	23	49	49.000
CT	654	18	33	33.000
CT	653	17	35	35.000
CT	652	22	38	38.000
CT	651	24	52	52.000
CT	650	18	38	38.000
CT	649	30	61	61.000
CT	648	20	41	41.000
CT	647	32	68	68.000
CT	646	23	44	44.000
CT	645	23	42	42.000
CT	644	21	39	39.000
CT	643	26	51	51.000
CT	642	32	59	59.000
CT	641	19	37	37.000
CT	640	27	48	48.000
CT	639	25	54	54.000
CT	638	23	48	48.000
CT	637	25	52	52.000
CT	636	30	61	61.000
CT	635	26	51	51.000
CT	634	28	47	47.000
CT	633	28	65	65.000
CT	632	28	55	55.000
CT	631	31	66	66.000
CT	630	15	26	26.000
CT	629	33	61	61.000
CT	628	26	50	50.000
CT	627	30	56	56.000
CT	626	20	32	32.000
CT	625	22	39	39.000
CT	624	39	58	58.000
CT	623	33	67	67.000
CT	622	29	48	48.000
CT	621	38	58	58.000
CT	620	37	69	69.000
CT	619	39	60	60.000
CT	618	22	39	39.000
CT	617	28	42	42.000
CT	616	27	40	40.000
CT	615	45	64	64.000
CT	614	35	45	45.000
CT	613	49	74	74.000
CT	612	45	65	65.000
CT	611	32	44	44.000
CT	610	30	40	40.000
CT	609	35	46	46.000
CT	608	58	86	86.000
CT	607	58	90	90.000
CT	606	52	74	74.000
CT	605	53	73	73.000
CT	604	45	63	63.000
CT	603	51	63	63.000
CT	602	55	72	72.000
CT	601	58	82	82.000
CT	600	52	81	81.000
CT	599	53	81	81.000
CT	598	57	90	90.000
CT	597	59	76	76.000
CT	596	66	91	91.000
CT	595	47	72	72.000
CT	594	71	97	97.000
CT	593	54	70	70.000
CT	592	44	59	59.000
CT	591	75	104	104.000
CT	590	75	113	113.000
CT	589	56	80	80.000
CT	588	70	79	79.000
CT	587	59	85	85.000
CT	586	60	82	82.000
CT	585	67	88	88.000
CT	584	66	90	90.000
CT	583	58	72	72.000
CT	582	54	66	66.000
CT	581	59	74	74.000
CT	580	64	82	82.000
CT	579	67	69	69.000
CT	578	84	90	90.000
CT	577	86	92	92.000
CT	576	79	88	88.000
CT	575	75	88	88.000
CT	574	90	120	120.000
CT	573	67	70	70.000
CT	572	96	112	112.000
CT	571	102	114	114.000
CT	570	98	104	104.000
CT	569	90	95	95.000
CT	568	99	110	110.000
CT	567	119	141	141.000
CT	566	111	132	132.000
CT	565	106	116	116.000
CT	564	95	107	107.000
CT	563	119	130	130.000
CT	562	102	106	106.000
CT	561	114	114	114.000
CT	560	104	110	110.000
CT	559	121	128	128.000
CT	558	111	120	120.000
CT	557	137	144	144.000
CT	556	137	146	146.000
CT	555	109	112	112.000
CT	554	168	175	175.000
CT	553	144	152	152.000
CT	552	145	160	160.000
CT	551	168	180	180.000
CT	550	160	171	171.000
CT	549	176	184	184.000
CT	548	157	158	158.000
CT	547	174	173	173.000
CT	546	175	184	184.000
CT	545	187	204	204.000
CT	544	193	198	198.000
CT	543	181	194	194.000
CT	542	237	245	245.000
CT	541	222	245	245.000
CT	540	214	219	219.000
CT	539	238	245	245.000
CT	538	235	244	244.000
CT	537	246	263	263.000
CT	536	248	265	265.000
CT	535	248	254	254.000
CT	534	276	290	290.000
CT	533	285	310	310.000
CT	532	268	278	278.000
CT	531	310	313	313.000
CT	530	297	308	308.000
CT	529	355	373	373.000
CT	528	385	404	404.000
CT	527	368	381	381.000
CT	526	408	423	423.000
CT	525	374	377	377.000
CT	524	399	416	416.000
CT	523	413	434	434.000
CT	522	414	430	430.000
CT	521	415	435	435.000
CT	520	440	453	453.000
CT	519	448	458	458.000
CT	518	461	476	476.000
CT	517	477	489	489.000
CT	516	480	494	494.000
CT	515	445	451	451.000
CT	514	523	534	534.000
CT	513	547	560	560.000
CT	512	546	550	550.000
CT	511	571	575	575.000
CT	510	558	564	564.000
CT	509	564	587	587.000
CT	508	617	621	621.000
CT	507	577	596	596.000
CT	506	612	629	629.000
CT	505	612	616	616.000
CT	504	661	677	677.000
CT	503	679	690	690.000
CT	502	700	708	708.000
CT	501	705	718	718.000
CT	500	743	760	760.000
CT	499	743	756	756.000
CT	498	733	748	748.000
CT	497	758	770	770.000
CT	496	763	770	770.000
CT	495	804	816	816.000
CT	494	812	832	832.000
CT	493	795	814	814.000
CT	492	839	866	866.000
CT	491	834	846	846.000
CT	490	891	903	903.000
CT	489	948	960	960.000
CT	488	948	960	960.000
CT	487	977	996	996.000
CT	486	1006	1015	1015.000
CT	485	1013	1023	1023.000
CT	484	1105	1116	1116.000
CT	483	1119	1136	1136.000
CT	482	1172	1185	1185.000
CT	481	1160	1186	1186.000
CT	480	1254	1266	1266.000
CT	479	1263	1279	1279.000
CT	478	1255	1281	1281.000
CT	477	1343	1357	1357.000
CT	476	1350	1371	1371.000
CT	475	1318	1341	1341.000
CT	474	1343	1353	1353.000
CT	473	1471	1495	1495.000
CT	472	1424	1441	1441.000
CT	471	1510	1521	1521.000
CT	470	1546	1565	1565.000
CT	469	1660	1683	1683.000
CT	468	1665	1695	1695.000
CT	467	1719	1746	1746.000
CT	466	1807	1832	1832.000
CT	465	1769	1803	1803.000
CT	464	1883	1909	1909.000
CT	463	1956	1980	1980.000
CT	462	1970	1994	1994.000
CT	461	2024	2056	2056.000
CT	460	2140	2175	2175.000
CT	459	2145	2173	2173.000
CT	458	2190	2218	2218.000
CT	457	2330	2358	2358.000
CT	456	2311	2341	2341.000
CT	455	2356	2383	2383.000
CT	454	2429	2456	2456.000
CT	453	2477	2510	2510.000
CT	452	2633	2658	2658.000
CT	451	2642	2674	2674.000
CT	450	2620	2645	2645.000
CT	449	2754	2779	2779.000
CT	448	2990	3018	3018.000
CT	447	2875	2905	2905.000
CT	446	3097	3119	3119.000
CT	445	3146	3169	3169.000
CT	444	3080	3105	3105.000
CT	443	3115	3125	3125.000
CT	442	3151	3179	3179.000
CT	441	3294	3321	3321.000
CT	440	3400	3423	3423.000
CT	439	3516	3536	3536.000
CT	438	3516	3533	3533.000
CT	437	3658	3675	3675.000
CT	436	3547	3583	3583.000
CT	435	3774	3794	3794.000
CT	434	3883	3909	3909.000
CT	433	3902	3912	3912.000
CT	432	4038	4052	4052.000
CT	431	4312	4340	4340.000
CT	430	4366	4387	4387.000
CT	429	4367	4379	4379.000
CT	428	4472	4500	4500.000
CT	427	4584	4607	4607.000
CT	426	4869	4897	4897.000
CT	425	4745	4774	4774.000
CT	424	4879	4916	4916.000
CT	423	4980	5012	5012.000
CT	422	4984	5022	5022.000
CT	421	5141	5171	5171.000
CT	420	5353	5380	5380.000
CT	419	5484	5509	5509.000
CT	418	5561	5589	5589.000
CT	417	5575	5613	5613.000
CT	416	5822	5859	5859.000
CT	415	5921	5949	5949.000
CT	414	5946	5989	5989.000
CT	413	6187	6229	6229.000
CT	412	6222	6259	6259.000
CT	411	6401	6433	6433.000
CT	410	6490	6530	6530.000
CT	409	6560	6589	6589.000
CT	408	6630	6675	6675.000
CT	407	6981	7021	7021.000
CT	406	7168	7213	7213.000
CT	405	7312	7339	7339.000
CT	404	7469	7490	7490.000
CT	403	7502	7539	7539.000
CT	402	7703	7731	7731.000
CT	401	7903	7942	7942.000
CT	400	8173	8216	8216.000
CT	399	8182	8210	8210.000
CT	398	8451	8468	8468.000
CT	397	8581	8600	8600.000
CT	396	8723	8747	8747.000
CT	395	8901	8926	8926.000
CT	394	8884	8903	8903.000
CT	393	9091	9111	9111.000
CT	392	9466	9491	9491.000
CT	391	9429	9458	9458.000
CT	390	9569	9582	9582.000
CT	389	9598	9620	9620.000
CT	388	9997	10016	10016.000
CT	387	10070	10088	10088.000
CT	386	10287	10299	10299.000
CT	385	10583	10602	10602.000
CT	384	10749	10769	10769.000
CT	383	11071	11089	11089.000
CT	382	11084	11106	11106.000
CT	381	11444	11465	11465.000
CT	380	11528	11550	11550.000
CT	379	11869	11886	11886.000
CT	378	11888	11920	11920.000
CT	377	12133	12153	12153.000
CT	376	12252	12273	12273.000
CT	375	12349	12376	12376.000
CT	374	12832	12853	12853.000
CT	373	13178	13207	13207.000
CT	372	13331	13357	13357.000
CT	371	13459	13473	13473.000
CT	370	13752	13766	13766.000
CT	369	13814	13824	13824.000
CT	368	14108	14130	14130.000
CT	367	14412	14428	14428.000
CT	366	14309	14322	14322.000
CT	365	14790	14809	14809.000
CT	364	14813	14836	14836.000
CT	363	14868	14880	14880.000
CT	362	15053	15068	15068.000
CT	361	15548	15567	15567.000
CT	360	15621	15636	15636.000
CT	359	15574	15586	15586.000
CT	358	15731	15749	15749.000
CT	357	16040	16049	16049.000
CT	356	16528	16542	16542.000
CT	355	16742	16746	16746.000
CT	354	16872	16886	16886.000
CT	353	16899	16902	16902.000
CT	352	17226	17233	17233.000
CT	351	17341	17353	17353.000
CT	350	17521	17525	17525.000
CT	349	18043	18047	18047.000
CT	348	18105	18121	18121.000
CT	347	18531	18548	18548.000
CT	346	18410	18418	18418.000
CT	345	18718	18740	18740.000
CT	344	18786	18801	18801.000
CT	343	19046	19064	19064.000
CT	342	19624	19647	19647.000
CT	341	19944	19957	19957.000
CT	340	19715	19732	19732.000
CT	339	19891	19928	19928.000
CT	338	20264	20277	20277.000
CT	337	20762	20787	20787.000
CT	336	20661	20668	20668.000
CT	335	20823	20838	20838.000
CT	334	21131	21139	21139.000
CT	333	21480	21482	21482.000
CT	332	21370	21376	21376.000
CT	331	21167	21172	21172.000
CT	330	21543	21555	21555.000
CT	329	21451	21461	21461.000
CT	328	22057	22062	22062.000
CT	327	21873	21880	21880.000
CT	326	22440	22441	22441.000
CT	325	22295	22302	22302.000
CT	324	22376	22389	22389.000
CT	323	22876	22883	22883.000
CT	322	22949	22959	22959.000
CT	321	23054	23066	23066.000
CT	320	22978	22983	22983.000
CT	319	23034	23044	23044.000
CT	318	23059	23065	23065.000
CT	317	23697	23704	23704.000
CT	316	23665	23674	23674.000
CT	315	23787	23792	23792.000
CT	314	24282	24285	24285.000
CT	313	23573	23577	23577.000
CT	312	24436	24435	24435.000
CT	311	24377	24377	24377.000
CT	310	24355	24359	24359.000
CT	309	24664	24662	24662.000
CT	308	24751	24757	24757.000
CT	307	24704	24706	24706.000
CT	306	24903	24901	24901.000
CT	305	24732	24728	24728.000
CT	304	25040	25035	25035.000
CT	303	25063	25054	25054.000
CT	302	24640	24638	24638.000
CT	301	24975	24977	24977.000
CT	300	24979	24976	24976.000
CT	299	25111	25103	25103.000
CT	298	24991	24987	24987.000
CT	297	24832	24836	24836.000
CT	296	24850	24844	24844.000
CT	295	25056	25054	25054.000
CT	294	24717	24719	24719.000
CT	293	25023	25019	25019.000
CT	292	24967	24972	24972.000
CT	291	24982	24984	24984.000
CT	290	24776	24774	24774.000
CT	289	25044	25042	25042.000
CT	288	24611	24607	24607.000
CT	287	24594	24592	24592.000
CT	286	24629	24627	24627.000
CT	285	24711	24712	24712.000
CT	284	24478	24480	24480.000
CT	283	24551	24551	24551.000
CT	282	24446	24445	24445.000
CT	281	24273	24270	24270.000
CT	280	24287	24283	24283.000
CT	279	24180	24176	24176.000
CT	278	23989	23985	23985.000
CT	277	24065	24064	24064.000
CT	276	23441	23434	23434.000
CT	275	23568	23567	23567.000
CT	274	23433	23430	23430.000
CT	273	22861	22857	22857.000
CT	272	23014	23012	23012.000
CT	271	22615	22608	22608.000
CT	270	22400	22394	22394.000
CT	269	22213	22207	22207.000
CT	268	21785	21777	21777.000
CT	267	21968	21958	21958.000
CT	266	21624	21622	21622.000
CT	265	21314	21310	21310.000
CT	264	21230	21228	21228.000
CT	263	20971	20969	20969.000
CT	262	20549	20544	20544.000
CT	261	20607	20599	20599.000
CT	260	19910	19915	19915.000
CT	259	20109	20106	20106.000
CT	258	19489	19485	19485.000
CT	257	19400	19397	19397.000
CT	256	18932	18930	18930.000
CT	255	18930	18926	18926.000
CT	254	18620	18618	18618.000
CT	253	18146	18140	18140.000
CT	252	17982	17979	17979.000
CT	251	17939	17934	17934.000
CT	250	17662	17658	17658.000
CT	249	17514	17508	17508.000
CT	248	17261	17257	17257.000
CT	247	16779	16776	16776.000
CT	246	16384	16378	16378.000
CT	245	16233	16231	16231.000
CT	244	15861	15853	15853.000
CT	243	15694	15688	15688.000
CT	242	15424	15421	15421.000
CT	241	15090	15082	15082.000
CT	240	14835	14837	14837.000
CT	239	14383	14381	14381.000
CT	238	14248	14248	14248.000
CT	237	14001	14004	14004.000
CT	236	13492	13488	13488.000
CT	235	13294	13297	13297.000
CT	234	12946	12946	12946.000
CT	233	12740	12738	12738.000
CT	232	12552	12555	12555.000
CT	231	12001	11998	11998.000
CT	230	11961	11963	11963.000
CT	229	11700	11713	11713.000
CT	228	11202	11213	11213.000
CT	227	11108	11106	11106.000
CT	226	10746	10751	10751.000
CT	225	10509	10511	10511.000
CT	224	10510	10518	10518.000
CT	223	10248	10246	10246.000
CT	222	9838	9843	9843.000
CT	221	9744	9741	9741.000
CT	220	9460	9463	9463.000
CT	219	8980	8985	8985.000
CT	218	8971	8975	8975.000
CT	217	8496	8490	8490.000
CT	216	8313	8332	8332.000
CT	215	8114	8131	8131.000
CT	214	7789	7792	7792.000
CT	213	7665	7667	7667.000
CT	212	7437	7451	7451.000
CT	211	7174	7172	7172.000
CT	210	6969	6965	6965.000
CT	209	6926	6915	6915.000
CT	208	6605	6592	6592.000
CT	207	6475	6476	6476.000
CT	206	6113	6109	6109.000
CT	205	5900	5904	5904.000
CT	204	5762	5779	5779.000
CT	203	5657	5656	5656.000
CT	202	5352	5349	5349.000
CT	201	5107	5094	5094.000
CT	200	4918	4933	4933.000
CT	199	4830	4817	4817.000
CT	198	4649	4639	4639.000
CT	197	4492	4487	4487.000
CT	196	4393	4386	4386.000
CT	195	4175	4178	4178.000
CT	194	3943	3940	3940.000
CT	193	3856	3854	3854.000
CT	192	3533	3526	3526.000
CT	191	3556	3544	3544.000
CT	190	3351	3349	3349.000
CT	189	3338	3343	3343.000
CT	188	3086	3079	3079.000
CT	187	3104	3104	3104.000
CT	186	2994	2990	2990.000
CT	185	2851	2848	2848.000
CT	184	2875	2882	2882.000
CT	183	2725	2726	2726.000
CT	182	2547	2543	2543.000
CT	181	2454	2447	2447.000
CT	180	2336	2333	2333.000
CT	179	2276	2275	2275.000
CT	178	2316	2311	2311.000
CT	177	2160	2159	2159.000
CT	176	1946	1939	1939.000
CT	175	1893	1882	1882.000
CT	174	1835	1827	1827.000
CT	173	1728	1724	1724.000
CT	172	1689	1683	1683.000
CT	171	1585	1583	1583.000
CT	170	1585	1583	1583.000
CT	169	1413	1406	1406.000
CT	168	1412	1409	1409.000
CT	167	1382	1380	1380.000
CT	166	1418	1406	1406.000
CT	165	1311	1304	1304.000
CT	164	1302	1297	1297.000
CT	163	1270	1255	1255.000
CT	162	1236	1225	1225.000
CT	161	1204	1202	1202.000
CT	160	1141	1133	1133.000
CT	159	1092	1078	1078.000
CT	158	979	968	968.000
CT	157	953	941	941.000
CT	156	981	960	960.000
CT	155	853	842	842.000
CT	154	842	827	827.000
CT	153	779	767	767.000
CT	152	775	756	756.000
CT	151	647	632	632.000
CT	150	614	594	594.000
CT	149	584	571	571.000
CT	148	605	599	599.000
CT	147	590	586	586.000
CT	146	495	483	483.000
CT	145	482	471	471.000
CT	144	500	494	494.000
CT	143	500	494	494.000
CT	142	477	473	473.000
CT	141	486	481	481.000
CT	140	439	436	436.000
CT	139	452	445	445.000
CT	138	478	477	477.000
CT	137	458	453	453.000
CT	136	392	389	389.000
CT	135	411	406	406.000
CT	134	376	373	373.000
CT	133	333	332	332.000
CT	132	334	336	336.000
CT	131	318	316	316.000
CT	130	304	304	304.000
CT	129	320	320	320.000
CT	128	317	314	314.000
CT	127	262	261	261.000
CT	126	263	261	261.000
CT	125	282	279	279.000
CT	124	233	229	229.000
CT	123	208	207	207.000
CT	122	214	212	212.000
CT	121	190	186	186.000
CT	120	180	180	180.000
CT	119	192	191	191.000
CT	118	163	158	158.000
CT	117	152	150	150.000
CT	116	149	143	143.000
CT	115	143	141	141.000
CT	114	115	112	112.000
CT	113	107	101	101.000
CT	112	127	125	125.000
CT	111	125	121	121.000
CT	110	109	101	101.000
CT	109	112	104	104.000
CT	108	122	102	102.000
CT	107	108	97	97.000
CT	106	102	91	91.000
CT	105	131	123	123.000
CT	104	80	76	76.000
CT	103	85	76	76.000
CT	102	98	91	91.000
CT	101	110	104	104.000
CT	100	100	87	87.000
CT	99	106	92	92.000
CT	98	103	93	93.000
CT	97	102	97	97.000
CT	96	119	111	111.000
CT	95	120	106	106.000
CT	94	102	90	90.000
CT	93	94	84	84.000
CT	92	86	77	77.000
CT	91	95	82	82.000
CT	90	73	64	64.000
CT	89	82	70	70.000
CT	88	61	41	41.000
CT	87	61	45	45.000
CT	86	43	34	34.000
CT	85	66	44	44.000
CT	84	68	48	48.000
CT	83	61	37	37.000
CT	82	93	65	65.000
CT	81	94	57	57.000
CT	80	119	66	66.000
CT	79	112	64	64.000
CT	78	126	66	66.000
CT	77	90	39	39.000
CT	76	93	39	39.000
CT	75	113	35	35.000
CT	74	116	41	41.000
CT	73	111	33	33.000
CT	72	130	19	19.000
CT	71	152	27	27.000
CT	70	132	21	21.000
CT	69	138	22	22.000
CT	68	165	25	25.000
CT	67	134	18	18.000
CT	66	155	24	24.000
CT	65	174	17	17.000
CT	64	170	21	21.000
CT	63	210	22	22.000
CT	62	246	17	17.000
CT	61	261	15	15.000
CT	60	304	11	11.000
CT	59	378	16	16.000
CT	58	414	13	13.000
CT	57	472	15	15.000
CT	56	549	19	19.000
CT	55	573	14	14.000
CT	54	621	22	22.000
CT	53	725	27	27.000
CT	52	708	17	17.000
CT	51	837	17	17.000
CT	50	970	4	4.000
CT	49	1050	24	24.000
CT	48	1122	10	10.000
CT	47	1223	6	6.000
CT	46	1414	8	8.000
CT	45	1498	7	7.000
CT	44	1679	9	9.000
CT	43	1978	8	8.000
CT	42	2255	8	8.000
CT	41	2309	2	2.000
CT	40	2485	2	2.000
CT	39	2821	1	1.000
CT	38	3280	1	1.000
CT	37	3650	1	1.000
CT	36	4078	0	0.000
CT	35	4529	0	0.000
CT	34	4938	0	0.000
CT	33	5565	0	0.000
CT	32	6109	0	0.000
CT	31	7379	0	0.000
CT	30	8148	0	0.000
CT	29	9041	0	0.000
CT	28	10226	0	0.000
CT	27	11532	0	0.000
CT	26	13335	0	0.000
CT	25	14981	0	0.000
CT	24	17137	0	0.000
CT	23	19419	0	0.000
CT	22	21829	0	0.000
CT	21	25009	0	0.000
CT	20	29040	0	0.000
CT	19	33498	0	0.000
CT	18	38943	0	0.000
CT	17	45398	0	0.000
CT	16	52010	0	0.000
CT	15	61922	0	0.000
CT	14	73454	0	0.000
CT	13	91169	0	0.000
CT	12	110337	0	0.000
CT	11	137199	0	0.000
CT	10	175408	0	0.000
CT	9	233624	0	0.000
CT	8	321610	0	0.000
CT	7	469968	0	0.000
CT	6	728793	0	0.000
CT	5	1249683	0	0.000
CT	4	2389047	0	0.000
CT	3	5396410	0	0.000
CT	2	16145208	0	0.000
CT	1	0	0	-nan
CT	0	0	0	-nan
FR	0	0
ER	3942657	0.000
CV	1.000
QV	inf	inf
