HS	1023	0	5607	5607
HS	1022	0	8	5615
HS	1021	0	4	5619
HS	1020	0	10	5629
HS	1019	0	13	5642
HS	1018	0	12	5654
HS	1017	0	13	5667
HS	1016	0	17	5684
HS	1015	0	16	5700
HS	1014	0	13	5713
HS	1013	0	16	5729
HS	1012	0	10	5739
HS	1011	0	12	5751
HS	1010	0	12	5763
HS	1009	0	11	5774
HS	1008	0	7	5781
HS	1007	0	8	5789
HS	1006	0	15	5804
HS	1005	0	11	5815
HS	1004	0	12	5827
HS	1003	0	8	5835
HS	1002	0	13	5848
HS	1001	0	8	5856
HS	1000	0	8	5864
HS	999	0	7	5871
HS	998	0	14	5885
HS	997	0	6	5891
HS	996	0	8	5899
HS	995	0	7	5906
HS	994	0	11	5917
HS	993	0	7	5924
HS	992	0	7	5931
HS	991	0	5	5936
HS	990	0	4	5940
HS	989	0	15	5955
HS	988	0	6	5961
HS	987	0	12	5973
HS	986	0	13	5986
HS	985	0	13	5999
HS	984	0	8	6007
HS	983	0	7	6014
HS	982	0	5	6019
HS	981	0	10	6029
HS	980	0	3	6032
HS	979	0	7	6039
HS	978	0	7	6046
HS	977	0	10	6056
HS	976	0	11	6067
HS	975	0	12	6079
HS	974	0	10	6089
HS	973	0	7	6096
HS	972	0	5	6101
HS	971	0	5	6106
HS	970	0	5	6111
HS	969	0	10	6121
HS	968	0	9	6130
HS	967	0	8	6138
HS	966	0	5	6143
HS	965	0	7	6150
HS	964	0	4	6154
HS	963	0	6	6160
HS	962	0	11	6171
HS	961	0	1	6172
HS	960	0	11	6183
HS	959	0	5	6188
HS	958	0	6	6194
HS	957	0	8	6202
HS	956	0	10	6212
HS	955	0	9	6221
HS	954	0	8	6229
HS	953	0	6	6235
HS	952	0	16	6251
HS	951	0	11	6262
HS	950	0	9	6271
HS	949	0	7	6278
HS	948	0	3	6281
HS	947	0	8	6289
HS	946	0	8	6297
HS	945	0	5	6302
HS	944	0	5	6307
HS	943	0	2	6309
HS	942	0	5	6314
HS	941	0	6	6320
HS	940	0	3	6323
HS	939	0	6	6329
HS	938	0	5	6334
HS	937	0	2	6336
HS	936	0	8	6344
HS	935	0	7	6351
HS	934	0	8	6359
HS	933	0	2	6361
HS	932	0	10	6371
HS	931	0	6	6377
HS	930	0	7	6384
HS	929	0	5	6389
HS	928	0	4	6393
HS	927	0	2	6395
HS	926	0	6	6401
HS	925	0	5	6406
HS	924	0	8	6414
HS	923	0	6	6420
HS	922	0	12	6432
HS	921	0	4	6436
HS	920	0	10	6446
HS	919	0	6	6452
HS	918	0	9	6461
HS	917	0	6	6467
HS	916	0	8	6475
HS	915	0	4	6479
HS	914	0	12	6491
HS	913	0	8	6499
HS	912	0	9	6508
HS	911	0	1	6509
HS	910	0	13	6522
HS	909	0	5	6527
HS	908	0	8	6535
HS	907	0	8	6543
HS	906	0	8	6551
HS	905	0	4	6555
HS	904	0	3	6558
HS	903	0	9	6567
HS	902	0	2	6569
HS	901	0	3	6572
HS	900	0	5	6577
HS	899	0	2	6579
HS	898	0	0	6579
HS	897	0	2	6581
HS	896	0	2	6583
HS	895	0	2	6585
HS	894	0	1	6586
HS	893	0	1	6587
HS	892	0	5	6592
HS	891	0	5	6597
HS	890	0	2	6599
HS	889	0	0	6599
HS	888	0	3	6602
HS	887	0	4	6606
HS	886	0	0	6606
HS	885	0	2	6608
HS	884	0	3	6611
HS	883	0	2	6613
HS	882	0	2	6615
HS	881	0	2	6617
HS	880	0	1	6618
HS	879	0	0	6618
HS	878	0	2	6620
HS	877	0	4	6624
HS	876	0	3	6627
HS	875	0	3	6630
HS	874	0	5	6635
HS	873	0	6	6641
HS	872	0	1	6642
HS	871	0	1	6643
HS	870	0	8	6651
HS	869	0	4	6655
HS	868	0	3	6658
HS	867	0	4	6662
HS	866	0	6	6668
HS	865	0	2	6670
HS	864	0	3	6673
HS	863	0	1	6674
HS	862	0	5	6679
HS	861	0	8	6687
HS	860	0	0	6687
HS	859	0	8	6695
HS	858	0	3	6698
HS	857	0	4	6702
HS	856	0	5	6707
HS	855	0	10	6717
HS	854	0	3	6720
HS	853	0	3	6723
HS	852	0	14	6737
HS	851	0	9	6746
HS	850	0	8	6754
HS	849	0	4	6758
HS	848	0	9	6767
HS	847	0	6	6773
HS	846	0	4	6777
HS	845	0	8	6785
HS	844	0	4	6789
HS	843	0	8	6797
HS	842	0	7	6804
HS	841	0	3	6807
HS	840	0	6	6813
HS	839	0	2	6815
HS	838	0	3	6818
HS	837	0	6	6824
HS	836	0	4	6828
HS	835	0	4	6832
HS	834	0	7	6839
HS	833	0	2	6841
HS	832	0	1	6842
HS	831	0	3	6845
HS	830	0	5	6850
HS	829	0	5	6855
HS	828	0	5	6860
HS	827	0	5	6865
HS	826	0	5	6870
HS	825	0	2	6872
HS	824	0	3	6875
HS	823	0	3	6878
HS	822	0	4	6882
HS	821	0	4	6886
HS	820	0	3	6889
HS	819	0	6	6895
HS	818	0	4	6899
HS	817	0	2	6901
HS	816	0	2	6903
HS	815	0	2	6905
HS	814	0	3	6908
HS	813	0	3	6911
HS	812	0	2	6913
HS	811	0	2	6915
HS	810	0	5	6920
HS	809	0	6	6926
HS	808	0	2	6928
HS	807	0	2	6930
HS	806	0	2	6932
HS	805	0	4	6936
HS	804	0	3	6939
HS	803	0	4	6943
HS	802	0	0	6943
HS	801	0	3	6946
HS	800	0	4	6950
HS	799	0	2	6952
HS	798	0	3	6955
HS	797	0	10	6965
HS	796	0	7	6972
HS	795	0	2	6974
HS	794	0	2	6976
HS	793	0	6	6982
HS	792	0	5	6987
HS	791	0	7	6994
HS	790	0	7	7001
HS	789	0	1	7002
HS	788	0	3	7005
HS	787	0	0	7005
HS	786	0	9	7014
HS	785	0	3	7017
HS	784	0	3	7020
HS	783	0	5	7025
HS	782	0	2	7027
HS	781	0	8	7035
HS	780	0	4	7039
HS	779	0	5	7044
HS	778	0	9	7053
HS	777	0	6	7059
HS	776	0	3	7062
HS	775	0	2	7064
HS	774	0	9	7073
HS	773	0	5	7078
HS	772	0	6	7084
HS	771	0	9	7093
HS	770	0	6	7099
HS	769	0	6	7105
HS	768	0	11	7116
HS	767	0	5	7121
HS	766	0	12	7133
HS	765	0	4	7137
HS	764	0	8	7145
HS	763	0	11	7156
HS	762	0	3	7159
HS	761	0	8	7167
HS	760	0	10	7177
HS	759	0	8	7185
HS	758	0	11	7196
HS	757	0	7	7203
HS	756	0	7	7210
HS	755	0	11	7221
HS	754	0	8	7229
HS	753	0	13	7242
HS	752	0	7	7249
HS	751	0	10	7259
HS	750	0	14	7273
HS	749	0	14	7287
HS	748	0	10	7297
HS	747	0	8	7305
HS	746	0	8	7313
HS	745	0	9	7322
HS	744	0	10	7332
HS	743	0	5	7337
HS	742	0	11	7348
HS	741	0	6	7354
HS	740	0	9	7363
HS	739	0	6	7369
HS	738	0	4	7373
HS	737	0	14	7387
HS	736	0	10	7397
HS	735	0	3	7400
HS	734	0	8	7408
HS	733	0	10	7418
HS	732	0	11	7429
HS	731	0	14	7443
HS	730	0	13	7456
HS	729	0	20	7476
HS	728	0	9	7485
HS	727	0	15	7500
HS	726	0	12	7512
HS	725	0	8	7520
HS	724	0	15	7535
HS	723	0	11	7546
HS	722	0	12	7558
HS	721	0	7	7565
HS	720	0	16	7581
HS	719	0	18	7599
HS	718	0	10	7609
HS	717	0	18	7627
HS	716	0	22	7649
HS	715	0	14	7663
HS	714	0	16	7679
HS	713	0	14	7693
HS	712	0	7	7700
HS	711	0	20	7720
HS	710	0	11	7731
HS	709	0	18	7749
HS	708	0	14	7763
HS	707	0	15	7778
HS	706	0	17	7795
HS	705	0	14	7809
HS	704	0	12	7821
HS	703	0	15	7836
HS	702	0	19	7855
HS	701	0	19	7874
HS	700	0	18	7892
HS	699	0	17	7909
HS	698	0	11	7920
HS	697	0	16	7936
HS	696	0	24	7960
HS	695	0	12	7972
HS	694	0	15	7987
HS	693	0	15	8002
HS	692	0	19	8021
HS	691	0	24	8045
HS	690	0	18	8063
HS	689	0	14	8077
HS	688	0	16	8093
HS	687	0	17	8110
HS	686	0	20	8130
HS	685	0	9	8139
HS	684	0	12	8151
HS	683	0	13	8164
HS	682	0	16	8180
HS	681	0	15	8195
HS	680	0	10	8205
HS	679	0	22	8227
HS	678	0	21	8248
HS	677	0	19	8267
HS	676	0	17	8284
HS	675	0	20	8304
HS	674	0	18	8322
HS	673	0	21	8343
HS	672	0	20	8363
HS	671	0	13	8376
HS	670	0	13	8389
HS	669	0	14	8403
HS	668	0	18	8421
HS	667	0	17	8438
HS	666	0	38	8476
HS	665	0	16	8492
HS	664	0	16	8508
HS	663	0	23	8531
HS	662	0	17	8548
HS	661	0	24	8572
HS	660	0	17	8589
HS	659	0	27	8616
HS	658	0	22	8638
HS	657	0	16	8654
HS	656	0	17	8671
HS	655	0	23	8694
HS	654	0	18	8712
HS	653	0	17	8729
HS	652	0	22	8751
HS	651	0	24	8775
HS	650	0	18	8793
HS	649	0	30	8823
HS	648	0	20	8843
HS	647	0	32	8875
HS	646	0	23	8898
HS	645	0	23	8921
HS	644	0	21	8942
HS	643	0	26	8968
HS	642	0	32	9000
HS	641	0	19	9019
HS	640	0	27	9046
HS	639	0	25	9071
HS	638	0	23	9094
HS	637	0	25	9119
HS	636	0	30	9149
HS	635	0	26	9175
HS	634	0	28	9203
HS	633	0	28	9231
HS	632	0	28	9259
HS	631	0	31	9290
HS	630	0	15	9305
HS	629	0	33	9338
HS	628	0	26	9364
HS	627	0	30	9394
HS	626	0	20	9414
HS	625	0	22	9436
HS	624	0	39	9475
HS	623	0	33	9508
HS	622	0	29	9537
HS	621	0	38	9575
HS	620	0	37	9612
HS	619	0	39	9651
HS	618	0	22	9673
HS	617	0	28	9701
HS	616	0	27	9728
HS	615	0	45	9773
HS	614	0	35	9808
HS	613	0	49	9857
HS	612	0	45	9902
HS	611	0	32	9934
HS	610	0	30	9964
HS	609	0	35	9999
HS	608	0	58	10057
HS	607	0	58	10115
HS	606	0	52	10167
HS	605	0	53	10220
HS	604	0	45	10265
HS	603	0	51	10316
HS	602	0	55	10371
HS	601	0	58	10429
HS	600	0	52	10481
HS	599	0	53	10534
HS	598	0	57	10591
HS	597	0	59	10650
HS	596	0	66	10716
HS	595	0	47	10763
HS	594	0	71	10834
HS	593	0	54	10888
HS	592	0	44	10932
HS	591	0	75	11007
HS	590	0	75	11082
HS	589	0	56	11138
HS	588	0	70	11208
HS	587	0	59	11267
HS	586	0	60	11327
HS	585	0	67	11394
HS	584	0	66	11460
HS	583	0	58	11518
HS	582	0	54	11572
HS	581	0	59	11631
HS	580	0	64	11695
HS	579	0	67	11762
HS	578	0	84	11846
HS	577	0	86	11932
HS	576	0	79	12011
HS	575	0	75	12086
HS	574	0	90	12176
HS	573	0	67	12243
HS	572	0	96	12339
HS	571	0	102	12441
HS	570	0	98	12539
HS	569	0	90	12629
HS	568	0	99	12728
HS	567	0	119	12847
HS	566	0	111	12958
HS	565	0	106	13064
HS	564	0	95	13159
HS	563	0	119	13278
HS	562	0	102	13380
HS	561	0	114	13494
HS	560	0	104	13598
HS	559	0	121	13719
HS	558	0	111	13830
HS	557	0	137	13967
HS	556	0	137	14104
HS	555	0	109	14213
HS	554	0	168	14381
HS	553	0	144	14525
HS	552	0	145	14670
HS	551	0	168	14838
HS	550	0	160	14998
HS	549	0	176	15174
HS	548	0	157	15331
HS	547	0	174	15505
HS	546	0	175	15680
HS	545	0	187	15867
HS	544	0	193	16060
HS	543	0	181	16241
HS	542	0	237	16478
HS	541	0	222	16700
HS	540	0	214	16914
HS	539	0	238	17152
HS	538	0	235	17387
HS	537	0	246	17633
HS	536	0	248	17881
HS	535	0	248	18129
HS	534	0	276	18405
HS	533	0	285	18690
HS	532	0	268	18958
HS	531	0	310	19268
HS	530	0	297	19565
HS	529	0	355	19920
HS	528	0	385	20305
HS	527	0	368	20673
HS	526	0	408	21081
HS	525	0	374	21455
HS	524	0	399	21854
HS	523	0	413	22267
HS	522	0	414	22681
HS	521	0	415	23096
HS	520	0	440	23536
HS	519	0	448	23984
HS	518	0	461	24445
HS	517	0	477	24922
HS	516	0	480	25402
HS	515	0	445	25847
HS	514	0	523	26370
HS	513	0	547	26917
HS	512	0	546	27463
HS	511	0	571	28034
HS	510	0	558	28592
HS	509	0	564	29156
HS	508	0	617	29773
HS	507	0	577	30350
HS	506	0	612	30962
HS	505	0	612	31574
HS	504	0	661	32235
HS	503	0	679	32914
HS	502	0	700	33614
HS	501	0	705	34319
HS	500	0	743	35062
HS	499	0	743	35805
HS	498	0	733	36538
HS	497	0	758	37296
HS	496	0	763	38059
HS	495	0	804	38863
HS	494	0	812	39675
HS	493	0	795	40470
HS	492	0	839	41309
HS	491	0	834	42143
HS	490	0	891	43034
HS	489	0	948	43982
HS	488	0	948	44930
HS	487	0	977	45907
HS	486	0	1006	46913
HS	485	0	1013	47926
HS	484	0	1105	49031
HS	483	0	1119	50150
HS	482	0	1172	51322
HS	481	0	1160	52482
HS	480	0	1254	53736
HS	479	0	1263	54999
HS	478	0	1255	56254
HS	477	0	1343	57597
HS	476	0	1350	58947
HS	475	0	1318	60265
HS	474	0	1343	61608
HS	473	0	1471	63079
HS	472	0	1424	64503
HS	471	0	1510	66013
HS	470	0	1546	67559
HS	469	0	1660	69219
HS	468	0	1665	70884
HS	467	0	1719	72603
HS	466	0	1807	74410
HS	465	0	1769	76179
HS	464	0	1883	78062
HS	463	0	1956	80018
HS	462	0	1970	81988
HS	461	0	2024	84012
HS	460	0	2140	86152
HS	459	0	2145	88297
HS	458	0	2190	90487
HS	457	0	2330	92817
HS	456	0	2311	95128
HS	455	0	2356	97484
HS	454	0	2429	99913
HS	453	0	2477	102390
HS	452	0	2633	105023
HS	451	0	2642	107665
HS	450	0	2620	110285
HS	449	0	2754	113039
HS	448	0	2990	116029
HS	447	0	2875	118904
HS	446	0	3097	122001
HS	445	0	3146	125147
HS	444	0	3080	128227
HS	443	0	3115	131342
HS	442	0	3151	134493
HS	441	0	3294	137787
HS	440	0	3400	141187
HS	439	0	3516	144703
HS	438	0	3516	148219
HS	437	0	3658	151877
HS	436	0	3547	155424
HS	435	0	3774	159198
HS	434	0	3883	163081
HS	433	0	3902	166983
HS	432	0	4038	171021
HS	431	0	4312	175333
HS	430	0	4366	179699
HS	429	0	4367	184066
HS	428	0	4472	188538
HS	427	0	4584	193122
HS	426	0	4869	197991
HS	425	0	4745	202736
HS	424	0	4879	207615
HS	423	0	4980	212595
HS	422	0	4984	217579
HS	421	0	5141	222720
HS	420	0	5353	228073
HS	419	0	5484	233557
HS	418	0	5561	239118
HS	417	0	5575	244693
HS	416	0	5822	250515
HS	415	0	5921	256436
HS	414	0	5946	262382
HS	413	0	6187	268569
HS	412	0	6222	274791
HS	411	0	6401	281192
HS	410	0	6490	287682
HS	409	0	6560	294242
HS	408	0	6630	300872
HS	407	0	6981	307853
HS	406	0	7168	315021
HS	405	0	7312	322333
HS	404	0	7469	329802
HS	403	0	7502	337304
HS	402	0	7703	345007
HS	401	0	7903	352910
HS	400	0	8173	361083
HS	399	0	8182	369265
HS	398	0	8451	377716
HS	397	0	8581	386297
HS	396	0	8723	395020
HS	395	0	8901	403921
HS	394	0	8884	412805
HS	393	0	9091	421896
HS	392	0	9466	431362
HS	391	0	9429	440791
HS	390	0	9569	450360
HS	389	0	9598	459958
HS	388	0	9997	469955
HS	387	0	10070	480025
HS	386	0	10287	490312
HS	385	0	10583	500895
HS	384	0	10749	511644
HS	383	0	11071	522715
HS	382	0	11084	533799
HS	381	0	11444	545243
HS	380	0	11528	556771
HS	379	0	11869	568640
HS	378	0	11888	580528
HS	377	0	12133	592661
HS	376	0	12252	604913
HS	375	0	12349	617262
HS	374	0	12832	630094
HS	373	0	13178	643272
HS	372	0	13331	656603
HS	371	0	13459	670062
HS	370	0	13752	683814
HS	369	0	13814	697628
HS	368	0	14108	711736
HS	367	0	14412	726148
HS	366	0	14309	740457
HS	365	0	14790	755247
HS	364	0	14813	770060
HS	363	0	14868	784928
HS	362	0	15053	799981
HS	361	0	15548	815529
HS	360	0	15621	831150
HS	359	0	15574	846724
HS	358	0	15731	862455
HS	357	0	16040	878495
HS	356	0	16528	895023
HS	355	0	16742	911765
HS	354	0	16872	928637
HS	353	0	16899	945536
HS	352	0	17226	962762
HS	351	0	17341	980103
HS	350	0	17521	997624
HS	349	0	18043	1015667
HS	348	0	18105	1033772
HS	347	0	18531	1052303
HS	346	0	18410	1070713
HS	345	0	18718	1089431
HS	344	0	18786	1108217
HS	343	0	19046	1127263
HS	342	0	19624	1146887
HS	341	0	19944	1166831
HS	340	0	19715	1186546
HS	339	0	19891	1206437
HS	338	0	20264	1226701
HS	337	0	20762	1247463
HS	336	0	20661	1268124
HS	335	0	20823	1288947
HS	334	0	21131	1310078
HS	333	0	21480	1331558
HS	332	0	21370	1352928
HS	331	0	21167	1374095
HS	330	0	21543	1395638
HS	329	0	21451	1417089
HS	328	0	22057	1439146
HS	327	0	21873	1461019
HS	326	0	22440	1483459
HS	325	0	22295	1505754
HS	324	0	22376	1528130
HS	323	0	22876	1551006
HS	322	0	22949	1573955
HS	321	0	23054	1597009
HS	320	0	22978	1619987
HS	319	0	23034	1643021
HS	318	0	23059	1666080
HS	317	0	23697	1689777
HS	316	0	23665	1713442
HS	315	0	23787	1737229
HS	314	0	24282	1761511
HS	313	0	23573	1785084
HS	312	0	24436	1809520
HS	311	0	24377	1833897
HS	310	0	24355	1858252
HS	309	0	24664	1882916
HS	308	0	24751	1907667
HS	307	0	24704	1932371
HS	306	0	24903	1957274
HS	305	0	24732	1982006
HS	304	0	25040	2007046
HS	303	0	25063	2032109
HS	302	0	24640	2056749
HS	301	0	24975	2081724
HS	300	0	24979	2106703
HS	299	0	25111	2131814
HS	298	0	24991	2156805
HS	297	0	24832	2181637
HS	296	0	24850	2206487
HS	295	0	25056	2231543
HS	294	0	24717	2256260
HS	293	0	25023	2281283
HS	292	0	24967	2306250
HS	291	0	24982	2331232
HS	290	0	24776	2356008
HS	289	0	25044	2381052
HS	288	0	24611	2405663
HS	287	0	24594	2430257
HS	286	0	24629	2454886
HS	285	0	24711	2479597
HS	284	0	24478	2504075
HS	283	0	24551	2528626
HS	282	0	24446	2553072
HS	281	0	24273	2577345
HS	280	0	24287	2601632
HS	279	0	24180	2625812
HS	278	0	23989	2649801
HS	277	0	24065	2673866
HS	276	0	23441	2697307
HS	275	0	23568	2720875
HS	274	0	23433	2744308
HS	273	0	22861	2767169
HS	272	0	23014	2790183
HS	271	0	22615	2812798
HS	270	0	22400	2835198
HS	269	0	22213	2857411
HS	268	0	21785	2879196
HS	267	0	21968	2901164
HS	266	0	21624	2922788
HS	265	0	21314	2944102
HS	264	0	21230	2965332
HS	263	0	20971	2986303
HS	262	0	20549	3006852
HS	261	0	20607	3027459
HS	260	0	19910	3047369
HS	259	0	20109	3067478
HS	258	0	19489	3086967
HS	257	0	19400	3106367
HS	256	0	18932	3125299
HS	255	0	18930	3144229
HS	254	0	18620	3162849
HS	253	0	18146	3180995
HS	252	0	17982	3198977
HS	251	0	17939	3216916
HS	250	0	17662	3234578
HS	249	0	17514	3252092
HS	248	0	17261	3269353
HS	247	0	16779	3286132
HS	246	0	16384	3302516
HS	245	0	16233	3318749
HS	244	0	15861	3334610
HS	243	0	15694	3350304
HS	242	0	15424	3365728
HS	241	0	15090	3380818
HS	240	0	14835	3395653
HS	239	0	14383	3410036
HS	238	0	14248	3424284
HS	237	0	14001	3438285
HS	236	0	13492	3451777
HS	235	0	13294	3465071
HS	234	0	12946	3478017
HS	233	0	12740	3490757
HS	232	0	12552	3503309
HS	231	0	12001	3515310
HS	230	0	11961	3527271
HS	229	0	11700	3538971
HS	228	0	11202	3550173
HS	227	0	11108	3561281
HS	226	0	10746	3572027
HS	225	0	10509	3582536
HS	224	0	10510	3593046
HS	223	0	10248	3603294
HS	222	0	9838	3613132
HS	221	0	9744	3622876
HS	220	0	9460	3632336
HS	219	0	8980	3641316
HS	218	0	8971	3650287
HS	217	0	8496	3658783
HS	216	0	8313	3667096
HS	215	0	8114	3675210
HS	214	0	7789	3682999
HS	213	0	7665	3690664
HS	212	0	7437	3698101
HS	211	0	7174	3705275
HS	210	0	6969	3712244
HS	209	0	6926	3719170
HS	208	0	6605	3725775
HS	207	0	6475	3732250
HS	206	0	6113	3738363
HS	205	0	5900	3744263
HS	204	0	5762	3750025
HS	203	0	5657	3755682
HS	202	0	5352	3761034
HS	201	0	5107	3766141
HS	200	0	4918	3771059
HS	199	0	4830	3775889
HS	198	0	4649	3780538
HS	197	0	4492	3785030
HS	196	0	4393	3789423
HS	195	0	4175	3793598
HS	194	0	3943	3797541
HS	193	0	3856	3801397
HS	192	0	3533	3804930
HS	191	0	3556	3808486
HS	190	0	3351	3811837
HS	189	0	3338	3815175
HS	188	0	3086	3818261
HS	187	0	3104	3821365
HS	186	0	2994	3824359
HS	185	0	2851	3827210
HS	184	0	2875	3830085
HS	183	0	2725	3832810
HS	182	0	2547	3835357
HS	181	0	2454	3837811
HS	180	0	2336	3840147
HS	179	0	2276	3842423
HS	178	0	2316	3844739
HS	177	0	2160	3846899
HS	176	0	1946	3848845
HS	175	0	1893	3850738
HS	174	0	1835	3852573
HS	173	0	1728	3854301
HS	172	0	1689	3855990
HS	171	0	1585	3857575
HS	170	0	1585	3859160
HS	169	0	1413	3860573
HS	168	0	1412	3861985
HS	167	0	1382	3863367
HS	166	0	1418	3864785
HS	165	0	1311	3866096
HS	164	0	1302	3867398
HS	163	0	1270	3868668
HS	162	0	1236	3869904
HS	161	0	1204	3871108
HS	160	0	1141	3872249
HS	159	0	1092	3873341
HS	158	0	979	3874320
HS	157	0	953	3875273
HS	156	0	981	3876254
HS	155	0	853	3877107
HS	154	0	842	3877949
HS	153	0	779	3878728
HS	152	0	775	3879503
HS	151	0	647	3880150
HS	150	0	614	3880764
HS	149	0	584	3881348
HS	148	0	605	3881953
HS	147	0	590	3882543
HS	146	0	495	3883038
HS	145	0	482	3883520
HS	144	0	500	3884020
HS	143	0	500	3884520
HS	142	0	477	3884997
HS	141	0	486	3885483
HS	140	0	439	3885922
HS	139	0	452	3886374
HS	138	0	478	3886852
HS	137	0	458	3887310
HS	136	0	392	3887702
HS	135	0	411	3888113
HS	134	0	376	3888489
HS	133	0	333	3888822
HS	132	0	334	3889156
HS	131	0	318	3889474
HS	130	0	304	3889778
HS	129	0	320	3890098
HS	128	0	317	3890415
HS	127	0	262	3890677
HS	126	0	263	3890940
HS	125	0	282	3891222
HS	124	0	233	3891455
HS	123	0	208	3891663
HS	122	0	214	3891877
HS	121	0	190	3892067
HS	120	0	180	3892247
HS	119	0	192	3892439
HS	118	0	163	3892602
HS	117	0	152	3892754
HS	116	0	149	3892903
HS	115	0	143	3893046
HS	114	0	115	3893161
HS	113	0	107	3893268
HS	112	0	127	3893395
HS	111	0	125	3893520
HS	110	0	109	3893629
HS	109	0	112	3893741
HS	108	0	122	3893863
HS	107	0	108	3893971
HS	106	0	102	3894073
HS	105	0	131	3894204
HS	104	0	80	3894284
HS	103	0	85	3894369
HS	102	0	98	3894467
HS	101	0	110	3894577
HS	100	0	100	3894677
HS	99	0	106	3894783
HS	98	0	103	3894886
HS	97	0	102	3894988
HS	96	0	119	3895107
HS	95	0	120	3895227
HS	94	0	102	3895329
HS	93	0	94	3895423
HS	92	0	86	3895509
HS	91	0	95	3895604
HS	90	0	73	3895677
HS	89	0	82	3895759
HS	88	0	61	3895820
HS	87	0	61	3895881
HS	86	0	43	3895924
HS	85	0	66	3895990
HS	84	0	68	3896058
HS	83	0	61	3896119
HS	82	0	93	3896212
HS	81	0	94	3896306
HS	80	0	119	3896425
HS	79	0	112	3896537
HS	78	0	126	3896663
HS	77	0	90	3896753
HS	76	0	93	3896846
HS	75	0	113	3896959
HS	74	0	116	3897075
HS	73	0	111	3897186
HS	72	0	130	3897316
HS	71	0	152	3897468
HS	70	0	132	3897600
HS	69	0	138	3897738
HS	68	0	165	3897903
HS	67	0	134	3898037
HS	66	0	155	3898192
HS	65	0	174	3898366
HS	64	0	170	3898536
HS	63	0	210	3898746
HS	62	0	246	3898992
HS	61	0	261	3899253
HS	60	0	304	3899557
HS	59	0	378	3899935
HS	58	0	414	3900349
HS	57	0	472	3900821
HS	56	0	549	3901370
HS	55	0	573	3901943
HS	54	0	621	3902564
HS	53	0	725	3903289
HS	52	0	708	3903997
HS	51	0	837	3904834
HS	50	0	970	3905804
HS	49	0	1050	3906854
HS	48	0	1122	3907976
HS	47	0	1223	3909199
HS	46	0	1414	3910613
HS	45	0	1498	3912111
HS	44	0	1679	3913790
HS	43	0	1978	3915768
HS	42	0	2255	3918023
HS	41	0	2309	3920332
HS	40	0	2485	3922817
HS	39	0	2821	3925638
HS	38	0	3280	3928918
HS	37	0	3650	3932568
HS	36	0	4078	3936646
HS	35	0	4529	3941175
HS	34	0	4938	3946113
HS	33	0	5565	3951678
HS	32	0	6109	3957787
HS	31	0	7379	3965166
HS	30	0	8148	3973314
HS	29	0	9041	3982355
HS	28	0	10226	3992581
HS	27	0	11532	4004113
HS	26	0	13335	4017448
HS	25	0	14981	4032429
HS	24	0	17137	4049566
HS	23	0	19419	4068985
HS	22	0	21829	4090814
HS	21	0	25009	4115823
HS	20	0	29040	4144863
HS	19	0	33498	4178361
HS	18	0	38943	4217304
HS	17	0	45398	4262702
HS	16	0	52010	4314712
HS	15	0	61922	4376634
HS	14	0	73454	4450088
HS	13	0	91169	4541257
HS	12	0	110337	4651594
HS	11	0	137199	4788793
HS	10	0	175408	4964201
HS	9	0	233624	5197825
HS	8	0	321610	5519435
HS	7	0	469968	5989403
HS	6	0	728793	6718196
HS	5	0	1249683	7967879
HS	4	0	2389047	10356926
HS	3	0	5396410	15753336
HS	2	0	16145208	31898544
HS	1	0	0	31898544
HS	0	0	0	31898544
