CC	CT  kmer_occurrence    short_read_kmer_count  raw_input_kmer_count  adjusted_input_kmer_count
CC	FR  fpr_lower_bound    fpr_upper_bound
CC	ER  total_input_kmers  adjusted_error_kmers
CC	CV  coverage
CC	QV  raw_quality_value  adjusted_quality_value
CC
SQ	JAUCEN010000001.1	158228	158198	158198	99.00
SQ	JAUCEN010000002.1	5466422	5466392	5466392	99.00
CT	1023	178085	331906	331906.000
CT	1022	200	224	224.000
CT	1021	227	251	251.000
CT	1020	204	216	216.000
CT	1019	220	238	238.000
CT	1018	225	249	249.000
CT	1017	262	282	282.000
CT	1016	231	247	247.000
CT	1015	222	248	248.000
CT	1014	240	254	254.000
CT	1013	257	278	278.000
CT	1012	276	292	292.000
CT	1011	244	258	258.000
CT	1010	266	279	279.000
CT	1009	259	275	275.000
CT	1008	281	297	297.000
CT	1007	269	282	282.000
CT	1006	289	306	306.000
CT	1005	288	308	308.000
CT	1004	308	325	325.000
CT	1003	310	324	324.000
CT	1002	285	292	292.000
CT	1001	297	315	315.000
CT	1000	320	333	333.000
CT	999	340	357	357.000
CT	998	315	329	329.000
CT	997	356	370	370.000
CT	996	363	374	374.000
CT	995	353	370	370.000
CT	994	362	381	381.000
CT	993	381	402	402.000
CT	992	344	355	355.000
CT	991	411	427	427.000
CT	990	385	400	400.000
CT	989	372	392	392.000
CT	988	388	400	400.000
CT	987	369	383	383.000
CT	986	410	424	424.000
CT	985	418	435	435.000
CT	984	408	417	417.000
CT	983	431	446	446.000
CT	982	442	455	455.000
CT	981	460	474	474.000
CT	980	449	463	463.000
CT	979	453	468	468.000
CT	978	470	482	482.000
CT	977	532	548	548.000
CT	976	493	512	512.000
CT	975	536	551	551.000
CT	974	523	542	542.000
CT	973	538	558	558.000
CT	972	532	545	545.000
CT	971	514	527	527.000
CT	970	546	570	570.000
CT	969	544	560	560.000
CT	968	583	599	599.000
CT	967	579	591	591.000
CT	966	589	609	609.000
CT	965	575	588	588.000
CT	964	603	612	612.000
CT	963	573	582	582.000
CT	962	620	630	630.000
CT	961	645	653	653.000
CT	960	655	666	666.000
CT	959	645	660	660.000
CT	958	718	727	727.000
CT	957	693	697	697.000
CT	956	671	676	676.000
CT	955	709	721	721.000
CT	954	728	738	738.000
CT	953	742	753	753.000
CT	952	741	749	749.000
CT	951	770	779	779.000
CT	950	787	795	795.000
CT	949	824	834	834.000
CT	948	843	850	850.000
CT	947	813	820	820.000
CT	946	833	849	849.000
CT	945	919	927	927.000
CT	944	869	876	876.000
CT	943	878	884	884.000
CT	942	929	939	939.000
CT	941	973	979	979.000
CT	940	999	1007	1007.000
CT	939	959	969	969.000
CT	938	1009	1012	1012.000
CT	937	986	994	994.000
CT	936	1009	1018	1018.000
CT	935	1034	1039	1039.000
CT	934	1132	1140	1140.000
CT	933	1091	1097	1097.000
CT	932	1118	1126	1126.000
CT	931	1158	1165	1165.000
CT	930	1139	1145	1145.000
CT	929	1151	1157	1157.000
CT	928	1173	1180	1180.000
CT	927	1239	1247	1247.000
CT	926	1266	1271	1271.000
CT	925	1204	1209	1209.000
CT	924	1254	1260	1260.000
CT	923	1308	1315	1315.000
CT	922	1344	1348	1348.000
CT	921	1375	1383	1383.000
CT	920	1311	1317	1317.000
CT	919	1360	1367	1367.000
CT	918	1415	1420	1420.000
CT	917	1454	1463	1463.000
CT	916	1461	1466	1466.000
CT	915	1522	1531	1531.000
CT	914	1494	1496	1496.000
CT	913	1524	1529	1529.000
CT	912	1568	1578	1578.000
CT	911	1598	1602	1602.000
CT	910	1606	1614	1614.000
CT	909	1680	1682	1682.000
CT	908	1643	1647	1647.000
CT	907	1676	1682	1682.000
CT	906	1653	1657	1657.000
CT	905	1694	1700	1700.000
CT	904	1701	1705	1705.000
CT	903	1741	1746	1746.000
CT	902	1753	1757	1757.000
CT	901	1835	1841	1841.000
CT	900	1916	1920	1920.000
CT	899	1898	1906	1906.000
CT	898	1904	1913	1913.000
CT	897	1982	1990	1990.000
CT	896	2019	2026	2026.000
CT	895	2052	2063	2063.000
CT	894	2079	2081	2081.000
CT	893	2069	2078	2078.000
CT	892	2128	2141	2141.000
CT	891	2203	2205	2205.000
CT	890	2181	2189	2189.000
CT	889	2219	2225	2225.000
CT	888	2236	2241	2241.000
CT	887	2337	2342	2342.000
CT	886	2267	2268	2268.000
CT	885	2301	2311	2311.000
CT	884	2441	2454	2454.000
CT	883	2491	2500	2500.000
CT	882	2423	2432	2432.000
CT	881	2463	2470	2470.000
CT	880	2537	2545	2545.000
CT	879	2516	2524	2524.000
CT	878	2603	2611	2611.000
CT	877	2662	2672	2672.000
CT	876	2735	2741	2741.000
CT	875	2798	2804	2804.000
CT	874	2816	2821	2821.000
CT	873	2739	2747	2747.000
CT	872	2837	2840	2840.000
CT	871	2887	2894	2894.000
CT	870	2963	2970	2970.000
CT	869	3036	3042	3042.000
CT	868	2927	2933	2933.000
CT	867	3019	3021	3021.000
CT	866	3088	3090	3090.000
CT	865	3147	3150	3150.000
CT	864	3239	3250	3250.000
CT	863	3201	3205	3205.000
CT	862	3326	3331	3331.000
CT	861	3272	3280	3280.000
CT	860	3338	3344	3344.000
CT	859	3527	3536	3536.000
CT	858	3561	3571	3571.000
CT	857	3539	3555	3555.000
CT	856	3740	3752	3752.000
CT	855	3582	3588	3588.000
CT	854	3677	3688	3688.000
CT	853	3724	3734	3734.000
CT	852	3829	3833	3833.000
CT	851	3852	3859	3859.000
CT	850	4007	4017	4017.000
CT	849	3914	3916	3916.000
CT	848	4026	4036	4036.000
CT	847	4167	4174	4174.000
CT	846	4116	4121	4121.000
CT	845	4009	4018	4018.000
CT	844	4239	4242	4242.000
CT	843	4323	4329	4329.000
CT	842	4306	4309	4309.000
CT	841	4381	4388	4388.000
CT	840	4510	4515	4515.000
CT	839	4495	4498	4498.000
CT	838	4561	4565	4565.000
CT	837	4703	4702	4702.000
CT	836	4704	4709	4709.000
CT	835	4740	4743	4743.000
CT	834	4837	4844	4844.000
CT	833	4945	4945	4945.000
CT	832	4934	4933	4933.000
CT	831	4983	4986	4986.000
CT	830	5013	5017	5017.000
CT	829	5156	5159	5159.000
CT	828	5191	5195	5195.000
CT	827	5156	5166	5166.000
CT	826	5515	5519	5519.000
CT	825	5308	5318	5318.000
CT	824	5416	5418	5418.000
CT	823	5574	5580	5580.000
CT	822	5650	5654	5654.000
CT	821	5678	5680	5680.000
CT	820	5732	5733	5733.000
CT	819	5888	5893	5893.000
CT	818	5982	5983	5983.000
CT	817	5996	6000	6000.000
CT	816	6129	6139	6139.000
CT	815	6056	6062	6062.000
CT	814	6171	6179	6179.000
CT	813	6187	6190	6190.000
CT	812	6335	6344	6344.000
CT	811	6365	6369	6369.000
CT	810	6463	6471	6471.000
CT	809	6497	6504	6504.000
CT	808	6641	6642	6642.000
CT	807	6649	6655	6655.000
CT	806	6901	6904	6904.000
CT	805	6988	6993	6993.000
CT	804	7116	7121	7121.000
CT	803	7043	7046	7046.000
CT	802	7161	7167	7167.000
CT	801	7322	7324	7324.000
CT	800	7230	7235	7235.000
CT	799	7570	7574	7574.000
CT	798	7493	7498	7498.000
CT	797	7521	7523	7523.000
CT	796	7750	7756	7756.000
CT	795	7765	7766	7766.000
CT	794	7737	7745	7745.000
CT	793	7909	7917	7917.000
CT	792	7915	7916	7916.000
CT	791	8058	8068	8068.000
CT	790	8292	8296	8296.000
CT	789	8396	8398	8398.000
CT	788	8412	8415	8415.000
CT	787	8676	8678	8678.000
CT	786	8622	8627	8627.000
CT	785	8736	8740	8740.000
CT	784	8791	8793	8793.000
CT	783	8845	8851	8851.000
CT	782	8952	8956	8956.000
CT	781	9024	9028	9028.000
CT	780	9206	9215	9215.000
CT	779	9259	9265	9265.000
CT	778	9398	9399	9399.000
CT	777	9555	9564	9564.000
CT	776	9608	9608	9608.000
CT	775	9758	9758	9758.000
CT	774	9795	9806	9806.000
CT	773	9960	9962	9962.000
CT	772	9862	9868	9868.000
CT	771	10067	10069	10069.000
CT	770	10343	10349	10349.000
CT	769	10179	10181	10181.000
CT	768	10499	10504	10504.000
CT	767	10760	10768	10768.000
CT	766	10881	10888	10888.000
CT	765	10636	10640	10640.000
CT	764	10931	10932	10932.000
CT	763	11077	11078	11078.000
CT	762	11210	11209	11209.000
CT	761	11185	11191	11191.000
CT	760	11268	11270	11270.000
CT	759	11314	11312	11312.000
CT	758	11323	11323	11323.000
CT	757	11471	11474	11474.000
CT	756	11718	11719	11719.000
CT	755	11598	11597	11597.000
CT	754	11975	11978	11978.000
CT	753	11936	11936	11936.000
CT	752	11996	11999	11999.000
CT	751	11972	11968	11968.000
CT	750	12030	12031	12031.000
CT	749	12168	12165	12165.000
CT	748	12317	12317	12317.000
CT	747	12439	12436	12436.000
CT	746	12402	12401	12401.000
CT	745	12597	12597	12597.000
CT	744	12913	12911	12911.000
CT	743	12881	12880	12880.000
CT	742	13155	13155	13155.000
CT	741	13068	13066	13066.000
CT	740	13426	13421	13421.000
CT	739	13501	13500	13500.000
CT	738	13524	13519	13519.000
CT	737	13562	13561	13561.000
CT	736	13500	13498	13498.000
CT	735	13412	13409	13409.000
CT	734	13834	13833	13833.000
CT	733	13564	13562	13562.000
CT	732	13868	13867	13867.000
CT	731	13868	13865	13865.000
CT	730	14041	14035	14035.000
CT	729	14215	14217	14217.000
CT	728	14399	14397	14397.000
CT	727	14570	14566	14566.000
CT	726	14374	14374	14374.000
CT	725	14599	14599	14599.000
CT	724	14971	14972	14972.000
CT	723	15089	15088	15088.000
CT	722	15089	15085	15085.000
CT	721	15197	15190	15190.000
CT	720	15367	15369	15369.000
CT	719	15438	15440	15440.000
CT	718	15509	15506	15506.000
CT	717	15687	15681	15681.000
CT	716	15570	15569	15569.000
CT	715	15855	15855	15855.000
CT	714	16002	15996	15996.000
CT	713	16002	15991	15991.000
CT	712	16173	16169	16169.000
CT	711	16164	16156	16156.000
CT	710	16265	16262	16262.000
CT	709	16392	16385	16385.000
CT	708	16452	16446	16446.000
CT	707	16563	16558	16558.000
CT	706	16618	16614	16614.000
CT	705	16836	16828	16828.000
CT	704	16921	16918	16918.000
CT	703	17176	17170	17170.000
CT	702	17155	17152	17152.000
CT	701	17255	17253	17253.000
CT	700	17259	17257	17257.000
CT	699	17331	17330	17330.000
CT	698	17278	17274	17274.000
CT	697	17467	17460	17460.000
CT	696	17563	17561	17561.000
CT	695	17675	17671	17671.000
CT	694	17737	17731	17731.000
CT	693	18032	18028	18028.000
CT	692	17830	17826	17826.000
CT	691	18041	18036	18036.000
CT	690	18095	18088	18088.000
CT	689	18277	18271	18271.000
CT	688	18174	18166	18166.000
CT	687	18477	18472	18472.000
CT	686	18400	18390	18390.000
CT	685	18522	18517	18517.000
CT	684	18603	18595	18595.000
CT	683	18886	18876	18876.000
CT	682	18722	18714	18714.000
CT	681	18867	18867	18867.000
CT	680	19017	19008	19008.000
CT	679	18590	18585	18585.000
CT	678	18902	18896	18896.000
CT	677	19093	19090	19090.000
CT	676	19269	19268	19268.000
CT	675	19340	19337	19337.000
CT	674	19106	19102	19102.000
CT	673	19375	19369	19369.000
CT	672	19251	19245	19245.000
CT	671	19541	19537	19537.000
CT	670	19635	19634	19634.000
CT	669	19467	19461	19461.000
CT	668	19589	19583	19583.000
CT	667	19643	19632	19632.000
CT	666	19717	19709	19709.000
CT	665	19920	19920	19920.000
CT	664	19702	19701	19701.000
CT	663	19889	19884	19884.000
CT	662	20212	20207	20207.000
CT	661	19957	19949	19949.000
CT	660	20043	20038	20038.000
CT	659	20002	19996	19996.000
CT	658	20197	20194	20194.000
CT	657	20070	20066	20066.000
CT	656	20027	20024	20024.000
CT	655	20074	20070	20070.000
CT	654	20062	20060	20060.000
CT	653	20113	20113	20113.000
CT	652	20255	20252	20252.000
CT	651	20220	20214	20214.000
CT	650	20342	20338	20338.000
CT	649	20265	20262	20262.000
CT	648	20512	20509	20509.000
CT	647	20333	20331	20331.000
CT	646	20271	20270	20270.000
CT	645	20487	20487	20487.000
CT	644	20710	20708	20708.000
CT	643	20592	20589	20589.000
CT	642	20508	20509	20509.000
CT	641	20199	20198	20198.000
CT	640	20460	20460	20460.000
CT	639	20404	20402	20402.000
CT	638	20640	20640	20640.000
CT	637	20500	20498	20498.000
CT	636	20450	20450	20450.000
CT	635	20209	20208	20208.000
CT	634	20324	20326	20326.000
CT	633	20381	20374	20374.000
CT	632	20440	20434	20434.000
CT	631	20669	20668	20668.000
CT	630	20506	20503	20503.000
CT	629	20093	20090	20090.000
CT	628	20143	20142	20142.000
CT	627	20429	20425	20425.000
CT	626	20266	20262	20262.000
CT	625	20006	20005	20005.000
CT	624	20136	20134	20134.000
CT	623	20203	20202	20202.000
CT	622	20281	20281	20281.000
CT	621	20030	20029	20029.000
CT	620	20052	20054	20054.000
CT	619	20034	20034	20034.000
CT	618	20271	20273	20273.000
CT	617	20319	20318	20318.000
CT	616	20153	20153	20153.000
CT	615	20052	20056	20056.000
CT	614	20206	20207	20207.000
CT	613	20079	20074	20074.000
CT	612	19792	19792	19792.000
CT	611	19819	19819	19819.000
CT	610	20015	20015	20015.000
CT	609	19871	19870	19870.000
CT	608	19653	19652	19652.000
CT	607	19743	19742	19742.000
CT	606	19831	19834	19834.000
CT	605	19738	19736	19736.000
CT	604	19684	19682	19682.000
CT	603	19653	19652	19652.000
CT	602	19550	19550	19550.000
CT	601	19327	19324	19324.000
CT	600	19265	19265	19265.000
CT	599	19046	19042	19042.000
CT	598	19245	19240	19240.000
CT	597	18972	18965	18965.000
CT	596	19034	19031	19031.000
CT	595	18948	18947	18947.000
CT	594	18719	18717	18717.000
CT	593	18548	18546	18546.000
CT	592	18689	18687	18687.000
CT	591	18569	18565	18565.000
CT	590	18774	18767	18767.000
CT	589	18551	18548	18548.000
CT	588	18321	18321	18321.000
CT	587	18080	18077	18077.000
CT	586	18188	18186	18186.000
CT	585	18047	18045	18045.000
CT	584	17647	17645	17645.000
CT	583	17680	17679	17679.000
CT	582	17635	17635	17635.000
CT	581	17504	17503	17503.000
CT	580	17185	17181	17181.000
CT	579	17139	17136	17136.000
CT	578	17423	17418	17418.000
CT	577	17233	17230	17230.000
CT	576	16659	16659	16659.000
CT	575	16750	16748	16748.000
CT	574	16479	16476	16476.000
CT	573	16471	16466	16466.000
CT	572	16386	16385	16385.000
CT	571	16053	16051	16051.000
CT	570	16117	16116	16116.000
CT	569	15858	15857	15857.000
CT	568	15852	15851	15851.000
CT	567	15927	15928	15928.000
CT	566	15706	15705	15705.000
CT	565	15502	15502	15502.000
CT	564	15162	15162	15162.000
CT	563	15155	15153	15153.000
CT	562	14818	14817	14817.000
CT	561	14533	14533	14533.000
CT	560	14892	14893	14893.000
CT	559	14610	14610	14610.000
CT	558	14338	14337	14337.000
CT	557	14421	14421	14421.000
CT	556	14041	14041	14041.000
CT	555	14088	14085	14085.000
CT	554	14151	14147	14147.000
CT	553	13876	13873	13873.000
CT	552	13849	13850	13850.000
CT	551	13581	13581	13581.000
CT	550	13471	13469	13469.000
CT	549	13197	13194	13194.000
CT	548	13164	13164	13164.000
CT	547	12960	12955	12955.000
CT	546	12647	12647	12647.000
CT	545	12821	12820	12820.000
CT	544	12590	12590	12590.000
CT	543	12634	12634	12634.000
CT	542	12269	12268	12268.000
CT	541	12197	12197	12197.000
CT	540	11827	11827	11827.000
CT	539	11947	11947	11947.000
CT	538	12002	12002	12002.000
CT	537	11599	11598	11598.000
CT	536	11318	11317	11317.000
CT	535	11335	11331	11331.000
CT	534	11083	11082	11082.000
CT	533	11037	11036	11036.000
CT	532	10745	10742	10742.000
CT	531	10750	10748	10748.000
CT	530	10461	10461	10461.000
CT	529	10606	10605	10605.000
CT	528	10463	10462	10462.000
CT	527	10265	10262	10262.000
CT	526	10112	10111	10111.000
CT	525	9909	9905	9905.000
CT	524	9666	9664	9664.000
CT	523	9687	9686	9686.000
CT	522	9337	9336	9336.000
CT	521	9483	9482	9482.000
CT	520	9370	9367	9367.000
CT	519	9091	9091	9091.000
CT	518	9120	9117	9117.000
CT	517	8953	8953	8953.000
CT	516	8765	8763	8763.000
CT	515	8530	8528	8528.000
CT	514	8638	8638	8638.000
CT	513	8265	8262	8262.000
CT	512	8174	8172	8172.000
CT	511	8094	8094	8094.000
CT	510	7773	7772	7772.000
CT	509	7515	7515	7515.000
CT	508	7696	7695	7695.000
CT	507	7539	7539	7539.000
CT	506	7450	7450	7450.000
CT	505	7204	7205	7205.000
CT	504	7117	7118	7118.000
CT	503	6869	6870	6870.000
CT	502	6813	6812	6812.000
CT	501	6687	6689	6689.000
CT	500	6494	6494	6494.000
CT	499	6573	6576	6576.000
CT	498	6383	6383	6383.000
CT	497	6139	6140	6140.000
CT	496	6311	6310	6310.000
CT	495	6067	6063	6063.000
CT	494	6009	6007	6007.000
CT	493	5849	5847	5847.000
CT	492	5752	5751	5751.000
CT	491	5642	5642	5642.000
CT	490	5450	5447	5447.000
CT	489	5564	5563	5563.000
CT	488	5329	5329	5329.000
CT	487	4994	4993	4993.000
CT	486	5146	5143	5143.000
CT	485	4953	4952	4952.000
CT	484	4908	4906	4906.000
CT	483	4628	4625	4625.000
CT	482	4684	4681	4681.000
CT	481	4414	4413	4413.000
CT	480	4295	4290	4290.000
CT	479	4197	4187	4187.000
CT	478	4191	4188	4188.000
CT	477	4068	4067	4067.000
CT	476	4021	4015	4015.000
CT	475	3954	3949	3949.000
CT	474	3718	3715	3715.000
CT	473	3698	3689	3689.000
CT	472	3592	3587	3587.000
CT	471	3707	3702	3702.000
CT	470	3568	3559	3559.000
CT	469	3436	3427	3427.000
CT	468	3361	3354	3354.000
CT	467	3320	3316	3316.000
CT	466	3183	3177	3177.000
CT	465	3071	3064	3064.000
CT	464	3032	3028	3028.000
CT	463	2907	2904	2904.000
CT	462	2830	2827	2827.000
CT	461	2684	2675	2675.000
CT	460	2712	2710	2710.000
CT	459	2588	2585	2585.000
CT	458	2599	2596	2596.000
CT	457	2450	2446	2446.000
CT	456	2501	2496	2496.000
CT	455	2427	2424	2424.000
CT	454	2349	2348	2348.000
CT	453	2244	2241	2241.000
CT	452	2181	2178	2178.000
CT	451	2156	2154	2154.000
CT	450	2042	2040	2040.000
CT	449	2018	2016	2016.000
CT	448	1998	1996	1996.000
CT	447	1813	1812	1812.000
CT	446	1803	1799	1799.000
CT	445	1655	1653	1653.000
CT	444	1569	1568	1568.000
CT	443	1609	1608	1608.000
CT	442	1622	1621	1621.000
CT	441	1539	1536	1536.000
CT	440	1453	1452	1452.000
CT	439	1411	1410	1410.000
CT	438	1389	1384	1384.000
CT	437	1404	1404	1404.000
CT	436	1330	1330	1330.000
CT	435	1252	1251	1251.000
CT	434	1258	1258	1258.000
CT	433	1212	1209	1209.000
CT	432	1142	1142	1142.000
CT	431	1112	1111	1111.000
CT	430	1115	1114	1114.000
CT	429	996	994	994.000
CT	428	1014	1013	1013.000
CT	427	1009	1009	1009.000
CT	426	981	980	980.000
CT	425	930	927	927.000
CT	424	872	869	869.000
CT	423	904	903	903.000
CT	422	802	802	802.000
CT	421	832	831	831.000
CT	420	790	787	787.000
CT	419	757	756	756.000
CT	418	765	763	763.000
CT	417	725	725	725.000
CT	416	713	709	709.000
CT	415	671	669	669.000
CT	414	626	626	626.000
CT	413	652	650	650.000
CT	412	628	627	627.000
CT	411	579	577	577.000
CT	410	615	615	615.000
CT	409	622	620	620.000
CT	408	556	556	556.000
CT	407	554	554	554.000
CT	406	493	493	493.000
CT	405	501	500	500.000
CT	404	484	484	484.000
CT	403	459	459	459.000
CT	402	433	430	430.000
CT	401	484	484	484.000
CT	400	410	408	408.000
CT	399	394	393	393.000
CT	398	405	403	403.000
CT	397	364	363	363.000
CT	396	339	339	339.000
CT	395	380	379	379.000
CT	394	324	324	324.000
CT	393	307	306	306.000
CT	392	326	324	324.000
CT	391	298	294	294.000
CT	390	302	299	299.000
CT	389	321	317	317.000
CT	388	311	307	307.000
CT	387	296	291	291.000
CT	386	271	269	269.000
CT	385	258	255	255.000
CT	384	256	254	254.000
CT	383	253	251	251.000
CT	382	204	202	202.000
CT	381	217	216	216.000
CT	380	224	223	223.000
CT	379	207	207	207.000
CT	378	215	214	214.000
CT	377	190	189	189.000
CT	376	167	166	166.000
CT	375	207	206	206.000
CT	374	166	166	166.000
CT	373	190	190	190.000
CT	372	189	189	189.000
CT	371	184	184	184.000
CT	370	159	159	159.000
CT	369	179	178	178.000
CT	368	153	153	153.000
CT	367	155	154	154.000
CT	366	160	159	159.000
CT	365	164	164	164.000
CT	364	151	149	149.000
CT	363	160	159	159.000
CT	362	126	125	125.000
CT	361	149	149	149.000
CT	360	116	115	115.000
CT	359	144	144	144.000
CT	358	141	139	139.000
CT	357	119	119	119.000
CT	356	128	125	125.000
CT	355	109	109	109.000
CT	354	118	118	118.000
CT	353	117	117	117.000
CT	352	102	102	102.000
CT	351	121	121	121.000
CT	350	103	103	103.000
CT	349	116	114	114.000
CT	348	81	80	80.000
CT	347	92	90	90.000
CT	346	91	89	89.000
CT	345	83	81	81.000
CT	344	88	85	85.000
CT	343	76	75	75.000
CT	342	72	70	70.000
CT	341	67	66	66.000
CT	340	67	66	66.000
CT	339	74	72	72.000
CT	338	51	51	51.000
CT	337	52	48	48.000
CT	336	52	51	51.000
CT	335	41	37	37.000
CT	334	41	40	40.000
CT	333	54	51	51.000
CT	332	47	44	44.000
CT	331	53	51	51.000
CT	330	65	64	64.000
CT	329	46	45	45.000
CT	328	46	44	44.000
CT	327	37	35	35.000
CT	326	50	48	48.000
CT	325	45	45	45.000
CT	324	53	51	51.000
CT	323	44	43	43.000
CT	322	49	46	46.000
CT	321	48	47	47.000
CT	320	36	33	33.000
CT	319	39	38	38.000
CT	318	46	45	45.000
CT	317	42	39	39.000
CT	316	41	41	41.000
CT	315	41	41	41.000
CT	314	43	42	42.000
CT	313	40	39	39.000
CT	312	43	42	42.000
CT	311	27	26	26.000
CT	310	32	32	32.000
CT	309	33	32	32.000
CT	308	28	25	25.000
CT	307	35	33	33.000
CT	306	30	29	29.000
CT	305	35	33	33.000
CT	304	24	20	20.000
CT	303	30	23	23.000
CT	302	27	24	24.000
CT	301	24	21	21.000
CT	300	24	24	24.000
CT	299	18	16	16.000
CT	298	32	28	28.000
CT	297	25	22	22.000
CT	296	21	18	18.000
CT	295	29	26	26.000
CT	294	17	16	16.000
CT	293	20	20	20.000
CT	292	30	25	25.000
CT	291	26	19	19.000
CT	290	22	21	21.000
CT	289	27	24	24.000
CT	288	21	20	20.000
CT	287	28	25	25.000
CT	286	18	15	15.000
CT	285	19	15	15.000
CT	284	15	13	13.000
CT	283	15	13	13.000
CT	282	15	14	14.000
CT	281	15	13	13.000
CT	280	17	15	15.000
CT	279	18	17	17.000
CT	278	15	14	14.000
CT	277	13	12	12.000
CT	276	12	9	9.000
CT	275	11	8	8.000
CT	274	5	4	4.000
CT	273	13	11	11.000
CT	272	8	6	6.000
CT	271	8	4	4.000
CT	270	4	3	3.000
CT	269	9	9	9.000
CT	268	3	1	1.000
CT	267	12	9	9.000
CT	266	9	6	6.000
CT	265	11	8	8.000
CT	264	8	5	5.000
CT	263	6	4	4.000
CT	262	4	2	2.000
CT	261	10	9	9.000
CT	260	4	3	3.000
CT	259	5	4	4.000
CT	258	7	3	3.000
CT	257	7	5	5.000
CT	256	9	6	6.000
CT	255	8	7	7.000
CT	254	9	7	7.000
CT	253	7	5	5.000
CT	252	6	3	3.000
CT	251	15	8	8.000
CT	250	9	5	5.000
CT	249	11	8	8.000
CT	248	9	6	6.000
CT	247	12	9	9.000
CT	246	4	3	3.000
CT	245	7	5	5.000
CT	244	4	1	1.000
CT	243	10	5	5.000
CT	242	5	4	4.000
CT	241	8	6	6.000
CT	240	5	2	2.000
CT	239	9	3	3.000
CT	238	2	0	0.000
CT	237	7	5	5.000
CT	236	12	4	4.000
CT	235	8	3	3.000
CT	234	11	10	10.000
CT	233	10	6	6.000
CT	232	6	4	4.000
CT	231	12	10	10.000
CT	230	7	4	4.000
CT	229	11	4	4.000
CT	228	3	2	2.000
CT	227	12	7	7.000
CT	226	5	3	3.000
CT	225	5	3	3.000
CT	224	4	1	1.000
CT	223	5	3	3.000
CT	222	5	2	2.000
CT	221	3	0	0.000
CT	220	1	1	1.000
CT	219	3	2	2.000
CT	218	9	4	4.000
CT	217	6	2	2.000
CT	216	7	3	3.000
CT	215	2	2	2.000
CT	214	3	0	0.000
CT	213	2	0	0.000
CT	212	5	1	1.000
CT	211	5	2	2.000
CT	210	8	3	3.000
CT	209	4	1	1.000
CT	208	6	2	2.000
CT	207	5	5	5.000
CT	206	6	4	4.000
CT	205	10	4	4.000
CT	204	8	3	3.000
CT	203	9	5	5.000
CT	202	6	1	1.000
CT	201	7	1	1.000
CT	200	2	0	0.000
CT	199	2	1	1.000
CT	198	4	1	1.000
CT	197	5	2	2.000
CT	196	4	0	0.000
CT	195	5	2	2.000
CT	194	6	1	1.000
CT	193	6	0	0.000
CT	192	5	0	0.000
CT	191	6	3	3.000
CT	190	6	0	0.000
CT	189	7	2	2.000
CT	188	2	1	1.000
CT	187	4	2	2.000
CT	186	12	5	5.000
CT	185	9	3	3.000
CT	184	6	1	1.000
CT	183	2	0	0.000
CT	182	10	2	2.000
CT	181	13	2	2.000
CT	180	9	0	0.000
CT	179	9	3	3.000
CT	178	11	2	2.000
CT	177	10	2	2.000
CT	176	6	0	0.000
CT	175	10	0	0.000
CT	174	15	0	0.000
CT	173	8	0	0.000
CT	172	7	0	0.000
CT	171	10	0	0.000
CT	170	11	0	0.000
CT	169	13	0	0.000
CT	168	17	1	1.000
CT	167	12	1	1.000
CT	166	12	2	2.000
CT	165	19	4	4.000
CT	164	13	0	0.000
CT	163	18	0	0.000
CT	162	19	1	1.000
CT	161	10	0	0.000
CT	160	15	2	2.000
CT	159	20	3	3.000
CT	158	19	0	0.000
CT	157	12	1	1.000
CT	156	17	0	0.000
CT	155	21	1	1.000
CT	154	14	0	0.000
CT	153	20	2	2.000
CT	152	14	2	2.000
CT	151	14	0	0.000
CT	150	21	1	1.000
CT	149	18	1	1.000
CT	148	22	0	0.000
CT	147	20	2	2.000
CT	146	16	1	1.000
CT	145	17	0	0.000
CT	144	13	0	0.000
CT	143	19	1	1.000
CT	142	12	0	0.000
CT	141	17	0	0.000
CT	140	18	0	0.000
CT	139	15	0	0.000
CT	138	15	1	1.000
CT	137	14	0	0.000
CT	136	17	1	1.000
CT	135	22	0	0.000
CT	134	22	1	1.000
CT	133	30	0	0.000
CT	132	32	1	1.000
CT	131	28	3	3.000
CT	130	22	0	0.000
CT	129	26	2	2.000
CT	128	31	1	1.000
CT	127	27	1	1.000
CT	126	25	2	2.000
CT	125	34	1	1.000
CT	124	28	2	2.000
CT	123	36	2	2.000
CT	122	40	3	3.000
CT	121	35	1	1.000
CT	120	46	1	1.000
CT	119	37	1	1.000
CT	118	48	0	0.000
CT	117	50	1	1.000
CT	116	44	1	1.000
CT	115	42	1	1.000
CT	114	35	0	0.000
CT	113	29	0	0.000
CT	112	30	0	0.000
CT	111	37	0	0.000
CT	110	46	1	1.000
CT	109	52	0	0.000
CT	108	42	0	0.000
CT	107	58	0	0.000
CT	106	53	1	1.000
CT	105	35	0	0.000
CT	104	46	0	0.000
CT	103	44	0	0.000
CT	102	63	0	0.000
CT	101	60	0	0.000
CT	100	78	0	0.000
CT	99	62	0	0.000
CT	98	70	0	0.000
CT	97	97	0	0.000
CT	96	89	0	0.000
CT	95	92	0	0.000
CT	94	84	0	0.000
CT	93	97	0	0.000
CT	92	90	0	0.000
CT	91	84	0	0.000
CT	90	87	0	0.000
CT	89	100	0	0.000
CT	88	101	0	0.000
CT	87	116	0	0.000
CT	86	85	0	0.000
CT	85	92	0	0.000
CT	84	106	0	0.000
CT	83	133	0	0.000
CT	82	151	0	0.000
CT	81	149	0	0.000
CT	80	135	0	0.000
CT	79	133	0	0.000
CT	78	157	0	0.000
CT	77	179	0	0.000
CT	76	173	0	0.000
CT	75	189	0	0.000
CT	74	225	0	0.000
CT	73	239	0	0.000
CT	72	247	0	0.000
CT	71	262	0	0.000
CT	70	300	0	0.000
CT	69	324	0	0.000
CT	68	358	0	0.000
CT	67	366	0	0.000
CT	66	404	0	0.000
CT	65	397	0	0.000
CT	64	440	0	0.000
CT	63	396	0	0.000
CT	62	448	0	0.000
CT	61	508	0	0.000
CT	60	515	0	0.000
CT	59	551	0	0.000
CT	58	633	0	0.000
CT	57	674	0	0.000
CT	56	704	0	0.000
CT	55	719	0	0.000
CT	54	777	0	0.000
CT	53	901	0	0.000
CT	52	919	0	0.000
CT	51	1028	0	0.000
CT	50	1001	0	0.000
CT	49	1044	0	0.000
CT	48	1177	0	0.000
CT	47	1309	0	0.000
CT	46	1318	0	0.000
CT	45	1392	0	0.000
CT	44	1443	0	0.000
CT	43	1564	0	0.000
CT	42	1602	0	0.000
CT	41	1825	0	0.000
CT	40	2015	0	0.000
CT	39	2195	0	0.000
CT	38	2409	0	0.000
CT	37	2631	0	0.000
CT	36	2865	0	0.000
CT	35	2974	0	0.000
CT	34	3462	0	0.000
CT	33	3813	0	0.000
CT	32	4081	0	0.000
CT	31	4370	0	0.000
CT	30	4997	0	0.000
CT	29	5689	0	0.000
CT	28	6207	0	0.000
CT	27	6858	0	0.000
CT	26	8070	0	0.000
CT	25	8868	0	0.000
CT	24	9676	0	0.000
CT	23	11494	0	0.000
CT	22	13384	0	0.000
CT	21	15414	0	0.000
CT	20	18379	0	0.000
CT	19	20886	0	0.000
CT	18	25362	0	0.000
CT	17	30318	0	0.000
CT	16	36499	0	0.000
CT	15	45224	0	0.000
CT	14	56901	0	0.000
CT	13	72442	0	0.000
CT	12	93562	0	0.000
CT	11	127333	0	0.000
CT	10	176519	0	0.000
CT	9	257177	0	0.000
CT	8	387788	0	0.000
CT	7	619319	0	0.000
CT	6	1056091	0	0.000
CT	5	1980827	0	0.000
CT	4	4185851	0	0.000
CT	3	10365387	0	0.000
CT	2	31635554	0	0.000
CT	1	0	0	-nan
CT	0	0	0	-nan
FR	0	0
ER	5624590	0.000
CV	1.000
QV	inf	inf
