HS	1023	0	178085	178085
HS	1022	0	200	178285
HS	1021	0	227	178512
HS	1020	0	204	178716
HS	1019	0	220	178936
HS	1018	0	225	179161
HS	1017	0	262	179423
HS	1016	0	231	179654
HS	1015	0	222	179876
HS	1014	0	240	180116
HS	1013	0	257	180373
HS	1012	0	276	180649
HS	1011	0	244	180893
HS	1010	0	266	181159
HS	1009	0	259	181418
HS	1008	0	281	181699
HS	1007	0	269	181968
HS	1006	0	289	182257
HS	1005	0	288	182545
HS	1004	0	308	182853
HS	1003	0	310	183163
HS	1002	0	285	183448
HS	1001	0	297	183745
HS	1000	0	320	184065
HS	999	0	340	184405
HS	998	0	315	184720
HS	997	0	356	185076
HS	996	0	363	185439
HS	995	0	353	185792
HS	994	0	362	186154
HS	993	0	381	186535
HS	992	0	344	186879
HS	991	0	411	187290
HS	990	0	385	187675
HS	989	0	372	188047
HS	988	0	388	188435
HS	987	0	369	188804
HS	986	0	410	189214
HS	985	0	418	189632
HS	984	0	408	190040
HS	983	0	431	190471
HS	982	0	442	190913
HS	981	0	460	191373
HS	980	0	449	191822
HS	979	0	453	192275
HS	978	0	470	192745
HS	977	0	532	193277
HS	976	0	493	193770
HS	975	0	536	194306
HS	974	0	523	194829
HS	973	0	538	195367
HS	972	0	532	195899
HS	971	0	514	196413
HS	970	0	546	196959
HS	969	0	544	197503
HS	968	0	583	198086
HS	967	0	579	198665
HS	966	0	589	199254
HS	965	0	575	199829
HS	964	0	603	200432
HS	963	0	573	201005
HS	962	0	620	201625
HS	961	0	645	202270
HS	960	0	655	202925
HS	959	0	645	203570
HS	958	0	718	204288
HS	957	0	693	204981
HS	956	0	671	205652
HS	955	0	709	206361
HS	954	0	728	207089
HS	953	0	742	207831
HS	952	0	741	208572
HS	951	0	770	209342
HS	950	0	787	210129
HS	949	0	824	210953
HS	948	0	843	211796
HS	947	0	813	212609
HS	946	0	833	213442
HS	945	0	919	214361
HS	944	0	869	215230
HS	943	0	878	216108
HS	942	0	929	217037
HS	941	0	973	218010
HS	940	0	999	219009
HS	939	0	959	219968
HS	938	0	1009	220977
HS	937	0	986	221963
HS	936	0	1009	222972
HS	935	0	1034	224006
HS	934	0	1132	225138
HS	933	0	1091	226229
HS	932	0	1118	227347
HS	931	0	1158	228505
HS	930	0	1139	229644
HS	929	0	1151	230795
HS	928	0	1173	231968
HS	927	0	1239	233207
HS	926	0	1266	234473
HS	925	0	1204	235677
HS	924	0	1254	236931
HS	923	0	1308	238239
HS	922	0	1344	239583
HS	921	0	1375	240958
HS	920	0	1311	242269
HS	919	0	1360	243629
HS	918	0	1415	245044
HS	917	0	1454	246498
HS	916	0	1461	247959
HS	915	0	1522	249481
HS	914	0	1494	250975
HS	913	0	1524	252499
HS	912	0	1568	254067
HS	911	0	1598	255665
HS	910	0	1606	257271
HS	909	0	1680	258951
HS	908	0	1643	260594
HS	907	0	1676	262270
HS	906	0	1653	263923
HS	905	0	1694	265617
HS	904	0	1701	267318
HS	903	0	1741	269059
HS	902	0	1753	270812
HS	901	0	1835	272647
HS	900	0	1916	274563
HS	899	0	1898	276461
HS	898	0	1904	278365
HS	897	0	1982	280347
HS	896	0	2019	282366
HS	895	0	2052	284418
HS	894	0	2079	286497
HS	893	0	2069	288566
HS	892	0	2128	290694
HS	891	0	2203	292897
HS	890	0	2181	295078
HS	889	0	2219	297297
HS	888	0	2236	299533
HS	887	0	2337	301870
HS	886	0	2267	304137
HS	885	0	2301	306438
HS	884	0	2441	308879
HS	883	0	2491	311370
HS	882	0	2423	313793
HS	881	0	2463	316256
HS	880	0	2537	318793
HS	879	0	2516	321309
HS	878	0	2603	323912
HS	877	0	2662	326574
HS	876	0	2735	329309
HS	875	0	2798	332107
HS	874	0	2816	334923
HS	873	0	2739	337662
HS	872	0	2837	340499
HS	871	0	2887	343386
HS	870	0	2963	346349
HS	869	0	3036	349385
HS	868	0	2927	352312
HS	867	0	3019	355331
HS	866	0	3088	358419
HS	865	0	3147	361566
HS	864	0	3239	364805
HS	863	0	3201	368006
HS	862	0	3326	371332
HS	861	0	3272	374604
HS	860	0	3338	377942
HS	859	0	3527	381469
HS	858	0	3561	385030
HS	857	0	3539	388569
HS	856	0	3740	392309
HS	855	0	3582	395891
HS	854	0	3677	399568
HS	853	0	3724	403292
HS	852	0	3829	407121
HS	851	0	3852	410973
HS	850	0	4007	414980
HS	849	0	3914	418894
HS	848	0	4026	422920
HS	847	0	4167	427087
HS	846	0	4116	431203
HS	845	0	4009	435212
HS	844	0	4239	439451
HS	843	0	4323	443774
HS	842	0	4306	448080
HS	841	0	4381	452461
HS	840	0	4510	456971
HS	839	0	4495	461466
HS	838	0	4561	466027
HS	837	0	4703	470730
HS	836	0	4704	475434
HS	835	0	4740	480174
HS	834	0	4837	485011
HS	833	0	4945	489956
HS	832	0	4934	494890
HS	831	0	4983	499873
HS	830	0	5013	504886
HS	829	0	5156	510042
HS	828	0	5191	515233
HS	827	0	5156	520389
HS	826	0	5515	525904
HS	825	0	5308	531212
HS	824	0	5416	536628
HS	823	0	5574	542202
HS	822	0	5650	547852
HS	821	0	5678	553530
HS	820	0	5732	559262
HS	819	0	5888	565150
HS	818	0	5982	571132
HS	817	0	5996	577128
HS	816	0	6129	583257
HS	815	0	6056	589313
HS	814	0	6171	595484
HS	813	0	6187	601671
HS	812	0	6335	608006
HS	811	0	6365	614371
HS	810	0	6463	620834
HS	809	0	6497	627331
HS	808	0	6641	633972
HS	807	0	6649	640621
HS	806	0	6901	647522
HS	805	0	6988	654510
HS	804	0	7116	661626
HS	803	0	7043	668669
HS	802	0	7161	675830
HS	801	0	7322	683152
HS	800	0	7230	690382
HS	799	0	7570	697952
HS	798	0	7493	705445
HS	797	0	7521	712966
HS	796	0	7750	720716
HS	795	0	7765	728481
HS	794	0	7737	736218
HS	793	0	7909	744127
HS	792	0	7915	752042
HS	791	0	8058	760100
HS	790	0	8292	768392
HS	789	0	8396	776788
HS	788	0	8412	785200
HS	787	0	8676	793876
HS	786	0	8622	802498
HS	785	0	8736	811234
HS	784	0	8791	820025
HS	783	0	8845	828870
HS	782	0	8952	837822
HS	781	0	9024	846846
HS	780	0	9206	856052
HS	779	0	9259	865311
HS	778	0	9398	874709
HS	777	0	9555	884264
HS	776	0	9608	893872
HS	775	0	9758	903630
HS	774	0	9795	913425
HS	773	0	9960	923385
HS	772	0	9862	933247
HS	771	0	10067	943314
HS	770	0	10343	953657
HS	769	0	10179	963836
HS	768	0	10499	974335
HS	767	0	10760	985095
HS	766	0	10881	995976
HS	765	0	10636	1006612
HS	764	0	10931	1017543
HS	763	0	11077	1028620
HS	762	0	11210	1039830
HS	761	0	11185	1051015
HS	760	0	11268	1062283
HS	759	0	11314	1073597
HS	758	0	11323	1084920
HS	757	0	11471	1096391
HS	756	0	11718	1108109
HS	755	0	11598	1119707
HS	754	0	11975	1131682
HS	753	0	11936	1143618
HS	752	0	11996	1155614
HS	751	0	11972	1167586
HS	750	0	12030	1179616
HS	749	0	12168	1191784
HS	748	0	12317	1204101
HS	747	0	12439	1216540
HS	746	0	12402	1228942
HS	745	0	12597	1241539
HS	744	0	12913	1254452
HS	743	0	12881	1267333
HS	742	0	13155	1280488
HS	741	0	13068	1293556
HS	740	0	13426	1306982
HS	739	0	13501	1320483
HS	738	0	13524	1334007
HS	737	0	13562	1347569
HS	736	0	13500	1361069
HS	735	0	13412	1374481
HS	734	0	13834	1388315
HS	733	0	13564	1401879
HS	732	0	13868	1415747
HS	731	0	13868	1429615
HS	730	0	14041	1443656
HS	729	0	14215	1457871
HS	728	0	14399	1472270
HS	727	0	14570	1486840
HS	726	0	14374	1501214
HS	725	0	14599	1515813
HS	724	0	14971	1530784
HS	723	0	15089	1545873
HS	722	0	15089	1560962
HS	721	0	15197	1576159
HS	720	0	15367	1591526
HS	719	0	15438	1606964
HS	718	0	15509	1622473
HS	717	0	15687	1638160
HS	716	0	15570	1653730
HS	715	0	15855	1669585
HS	714	0	16002	1685587
HS	713	0	16002	1701589
HS	712	0	16173	1717762
HS	711	0	16164	1733926
HS	710	0	16265	1750191
HS	709	0	16392	1766583
HS	708	0	16452	1783035
HS	707	0	16563	1799598
HS	706	0	16618	1816216
HS	705	0	16836	1833052
HS	704	0	16921	1849973
HS	703	0	17176	1867149
HS	702	0	17155	1884304
HS	701	0	17255	1901559
HS	700	0	17259	1918818
HS	699	0	17331	1936149
HS	698	0	17278	1953427
HS	697	0	17467	1970894
HS	696	0	17563	1988457
HS	695	0	17675	2006132
HS	694	0	17737	2023869
HS	693	0	18032	2041901
HS	692	0	17830	2059731
HS	691	0	18041	2077772
HS	690	0	18095	2095867
HS	689	0	18277	2114144
HS	688	0	18174	2132318
HS	687	0	18477	2150795
HS	686	0	18400	2169195
HS	685	0	18522	2187717
HS	684	0	18603	2206320
HS	683	0	18886	2225206
HS	682	0	18722	2243928
HS	681	0	18867	2262795
HS	680	0	19017	2281812
HS	679	0	18590	2300402
HS	678	0	18902	2319304
HS	677	0	19093	2338397
HS	676	0	19269	2357666
HS	675	0	19340	2377006
HS	674	0	19106	2396112
HS	673	0	19375	2415487
HS	672	0	19251	2434738
HS	671	0	19541	2454279
HS	670	0	19635	2473914
HS	669	0	19467	2493381
HS	668	0	19589	2512970
HS	667	0	19643	2532613
HS	666	0	19717	2552330
HS	665	0	19920	2572250
HS	664	0	19702	2591952
HS	663	0	19889	2611841
HS	662	0	20212	2632053
HS	661	0	19957	2652010
HS	660	0	20043	2672053
HS	659	0	20002	2692055
HS	658	0	20197	2712252
HS	657	0	20070	2732322
HS	656	0	20027	2752349
HS	655	0	20074	2772423
HS	654	0	20062	2792485
HS	653	0	20113	2812598
HS	652	0	20255	2832853
HS	651	0	20220	2853073
HS	650	0	20342	2873415
HS	649	0	20265	2893680
HS	648	0	20512	2914192
HS	647	0	20333	2934525
HS	646	0	20271	2954796
HS	645	0	20487	2975283
HS	644	0	20710	2995993
HS	643	0	20592	3016585
HS	642	0	20508	3037093
HS	641	0	20199	3057292
HS	640	0	20460	3077752
HS	639	0	20404	3098156
HS	638	0	20640	3118796
HS	637	0	20500	3139296
HS	636	0	20450	3159746
HS	635	0	20209	3179955
HS	634	0	20324	3200279
HS	633	0	20381	3220660
HS	632	0	20440	3241100
HS	631	0	20669	3261769
HS	630	0	20506	3282275
HS	629	0	20093	3302368
HS	628	0	20143	3322511
HS	627	0	20429	3342940
HS	626	0	20266	3363206
HS	625	0	20006	3383212
HS	624	0	20136	3403348
HS	623	0	20203	3423551
HS	622	0	20281	3443832
HS	621	0	20030	3463862
HS	620	0	20052	3483914
HS	619	0	20034	3503948
HS	618	0	20271	3524219
HS	617	0	20319	3544538
HS	616	0	20153	3564691
HS	615	0	20052	3584743
HS	614	0	20206	3604949
HS	613	0	20079	3625028
HS	612	0	19792	3644820
HS	611	0	19819	3664639
HS	610	0	20015	3684654
HS	609	0	19871	3704525
HS	608	0	19653	3724178
HS	607	0	19743	3743921
HS	606	0	19831	3763752
HS	605	0	19738	3783490
HS	604	0	19684	3803174
HS	603	0	19653	3822827
HS	602	0	19550	3842377
HS	601	0	19327	3861704
HS	600	0	19265	3880969
HS	599	0	19046	3900015
HS	598	0	19245	3919260
HS	597	0	18972	3938232
HS	596	0	19034	3957266
HS	595	0	18948	3976214
HS	594	0	18719	3994933
HS	593	0	18548	4013481
HS	592	0	18689	4032170
HS	591	0	18569	4050739
HS	590	0	18774	4069513
HS	589	0	18551	4088064
HS	588	0	18321	4106385
HS	587	0	18080	4124465
HS	586	0	18188	4142653
HS	585	0	18047	4160700
HS	584	0	17647	4178347
HS	583	0	17680	4196027
HS	582	0	17635	4213662
HS	581	0	17504	4231166
HS	580	0	17185	4248351
HS	579	0	17139	4265490
HS	578	0	17423	4282913
HS	577	0	17233	4300146
HS	576	0	16659	4316805
HS	575	0	16750	4333555
HS	574	0	16479	4350034
HS	573	0	16471	4366505
HS	572	0	16386	4382891
HS	571	0	16053	4398944
HS	570	0	16117	4415061
HS	569	0	15858	4430919
HS	568	0	15852	4446771
HS	567	0	15927	4462698
HS	566	0	15706	4478404
HS	565	0	15502	4493906
HS	564	0	15162	4509068
HS	563	0	15155	4524223
HS	562	0	14818	4539041
HS	561	0	14533	4553574
HS	560	0	14892	4568466
HS	559	0	14610	4583076
HS	558	0	14338	4597414
HS	557	0	14421	4611835
HS	556	0	14041	4625876
HS	555	0	14088	4639964
HS	554	0	14151	4654115
HS	553	0	13876	4667991
HS	552	0	13849	4681840
HS	551	0	13581	4695421
HS	550	0	13471	4708892
HS	549	0	13197	4722089
HS	548	0	13164	4735253
HS	547	0	12960	4748213
HS	546	0	12647	4760860
HS	545	0	12821	4773681
HS	544	0	12590	4786271
HS	543	0	12634	4798905
HS	542	0	12269	4811174
HS	541	0	12197	4823371
HS	540	0	11827	4835198
HS	539	0	11947	4847145
HS	538	0	12002	4859147
HS	537	0	11599	4870746
HS	536	0	11318	4882064
HS	535	0	11335	4893399
HS	534	0	11083	4904482
HS	533	0	11037	4915519
HS	532	0	10745	4926264
HS	531	0	10750	4937014
HS	530	0	10461	4947475
HS	529	0	10606	4958081
HS	528	0	10463	4968544
HS	527	0	10265	4978809
HS	526	0	10112	4988921
HS	525	0	9909	4998830
HS	524	0	9666	5008496
HS	523	0	9687	5018183
HS	522	0	9337	5027520
HS	521	0	9483	5037003
HS	520	0	9370	5046373
HS	519	0	9091	5055464
HS	518	0	9120	5064584
HS	517	0	8953	5073537
HS	516	0	8765	5082302
HS	515	0	8530	5090832
HS	514	0	8638	5099470
HS	513	0	8265	5107735
HS	512	0	8174	5115909
HS	511	0	8094	5124003
HS	510	0	7773	5131776
HS	509	0	7515	5139291
HS	508	0	7696	5146987
HS	507	0	7539	5154526
HS	506	0	7450	5161976
HS	505	0	7204	5169180
HS	504	0	7117	5176297
HS	503	0	6869	5183166
HS	502	0	6813	5189979
HS	501	0	6687	5196666
HS	500	0	6494	5203160
HS	499	0	6573	5209733
HS	498	0	6383	5216116
HS	497	0	6139	5222255
HS	496	0	6311	5228566
HS	495	0	6067	5234633
HS	494	0	6009	5240642
HS	493	0	5849	5246491
HS	492	0	5752	5252243
HS	491	0	5642	5257885
HS	490	0	5450	5263335
HS	489	0	5564	5268899
HS	488	0	5329	5274228
HS	487	0	4994	5279222
HS	486	0	5146	5284368
HS	485	0	4953	5289321
HS	484	0	4908	5294229
HS	483	0	4628	5298857
HS	482	0	4684	5303541
HS	481	0	4414	5307955
HS	480	0	4295	5312250
HS	479	0	4197	5316447
HS	478	0	4191	5320638
HS	477	0	4068	5324706
HS	476	0	4021	5328727
HS	475	0	3954	5332681
HS	474	0	3718	5336399
HS	473	0	3698	5340097
HS	472	0	3592	5343689
HS	471	0	3707	5347396
HS	470	0	3568	5350964
HS	469	0	3436	5354400
HS	468	0	3361	5357761
HS	467	0	3320	5361081
HS	466	0	3183	5364264
HS	465	0	3071	5367335
HS	464	0	3032	5370367
HS	463	0	2907	5373274
HS	462	0	2830	5376104
HS	461	0	2684	5378788
HS	460	0	2712	5381500
HS	459	0	2588	5384088
HS	458	0	2599	5386687
HS	457	0	2450	5389137
HS	456	0	2501	5391638
HS	455	0	2427	5394065
HS	454	0	2349	5396414
HS	453	0	2244	5398658
HS	452	0	2181	5400839
HS	451	0	2156	5402995
HS	450	0	2042	5405037
HS	449	0	2018	5407055
HS	448	0	1998	5409053
HS	447	0	1813	5410866
HS	446	0	1803	5412669
HS	445	0	1655	5414324
HS	444	0	1569	5415893
HS	443	0	1609	5417502
HS	442	0	1622	5419124
HS	441	0	1539	5420663
HS	440	0	1453	5422116
HS	439	0	1411	5423527
HS	438	0	1389	5424916
HS	437	0	1404	5426320
HS	436	0	1330	5427650
HS	435	0	1252	5428902
HS	434	0	1258	5430160
HS	433	0	1212	5431372
HS	432	0	1142	5432514
HS	431	0	1112	5433626
HS	430	0	1115	5434741
HS	429	0	996	5435737
HS	428	0	1014	5436751
HS	427	0	1009	5437760
HS	426	0	981	5438741
HS	425	0	930	5439671
HS	424	0	872	5440543
HS	423	0	904	5441447
HS	422	0	802	5442249
HS	421	0	832	5443081
HS	420	0	790	5443871
HS	419	0	757	5444628
HS	418	0	765	5445393
HS	417	0	725	5446118
HS	416	0	713	5446831
HS	415	0	671	5447502
HS	414	0	626	5448128
HS	413	0	652	5448780
HS	412	0	628	5449408
HS	411	0	579	5449987
HS	410	0	615	5450602
HS	409	0	622	5451224
HS	408	0	556	5451780
HS	407	0	554	5452334
HS	406	0	493	5452827
HS	405	0	501	5453328
HS	404	0	484	5453812
HS	403	0	459	5454271
HS	402	0	433	5454704
HS	401	0	484	5455188
HS	400	0	410	5455598
HS	399	0	394	5455992
HS	398	0	405	5456397
HS	397	0	364	5456761
HS	396	0	339	5457100
HS	395	0	380	5457480
HS	394	0	324	5457804
HS	393	0	307	5458111
HS	392	0	326	5458437
HS	391	0	298	5458735
HS	390	0	302	5459037
HS	389	0	321	5459358
HS	388	0	311	5459669
HS	387	0	296	5459965
HS	386	0	271	5460236
HS	385	0	258	5460494
HS	384	0	256	5460750
HS	383	0	253	5461003
HS	382	0	204	5461207
HS	381	0	217	5461424
HS	380	0	224	5461648
HS	379	0	207	5461855
HS	378	0	215	5462070
HS	377	0	190	5462260
HS	376	0	167	5462427
HS	375	0	207	5462634
HS	374	0	166	5462800
HS	373	0	190	5462990
HS	372	0	189	5463179
HS	371	0	184	5463363
HS	370	0	159	5463522
HS	369	0	179	5463701
HS	368	0	153	5463854
HS	367	0	155	5464009
HS	366	0	160	5464169
HS	365	0	164	5464333
HS	364	0	151	5464484
HS	363	0	160	5464644
HS	362	0	126	5464770
HS	361	0	149	5464919
HS	360	0	116	5465035
HS	359	0	144	5465179
HS	358	0	141	5465320
HS	357	0	119	5465439
HS	356	0	128	5465567
HS	355	0	109	5465676
HS	354	0	118	5465794
HS	353	0	117	5465911
HS	352	0	102	5466013
HS	351	0	121	5466134
HS	350	0	103	5466237
HS	349	0	116	5466353
HS	348	0	81	5466434
HS	347	0	92	5466526
HS	346	0	91	5466617
HS	345	0	83	5466700
HS	344	0	88	5466788
HS	343	0	76	5466864
HS	342	0	72	5466936
HS	341	0	67	5467003
HS	340	0	67	5467070
HS	339	0	74	5467144
HS	338	0	51	5467195
HS	337	0	52	5467247
HS	336	0	52	5467299
HS	335	0	41	5467340
HS	334	0	41	5467381
HS	333	0	54	5467435
HS	332	0	47	5467482
HS	331	0	53	5467535
HS	330	0	65	5467600
HS	329	0	46	5467646
HS	328	0	46	5467692
HS	327	0	37	5467729
HS	326	0	50	5467779
HS	325	0	45	5467824
HS	324	0	53	5467877
HS	323	0	44	5467921
HS	322	0	49	5467970
HS	321	0	48	5468018
HS	320	0	36	5468054
HS	319	0	39	5468093
HS	318	0	46	5468139
HS	317	0	42	5468181
HS	316	0	41	5468222
HS	315	0	41	5468263
HS	314	0	43	5468306
HS	313	0	40	5468346
HS	312	0	43	5468389
HS	311	0	27	5468416
HS	310	0	32	5468448
HS	309	0	33	5468481
HS	308	0	28	5468509
HS	307	0	35	5468544
HS	306	0	30	5468574
HS	305	0	35	5468609
HS	304	0	24	5468633
HS	303	0	30	5468663
HS	302	0	27	5468690
HS	301	0	24	5468714
HS	300	0	24	5468738
HS	299	0	18	5468756
HS	298	0	32	5468788
HS	297	0	25	5468813
HS	296	0	21	5468834
HS	295	0	29	5468863
HS	294	0	17	5468880
HS	293	0	20	5468900
HS	292	0	30	5468930
HS	291	0	26	5468956
HS	290	0	22	5468978
HS	289	0	27	5469005
HS	288	0	21	5469026
HS	287	0	28	5469054
HS	286	0	18	5469072
HS	285	0	19	5469091
HS	284	0	15	5469106
HS	283	0	15	5469121
HS	282	0	15	5469136
HS	281	0	15	5469151
HS	280	0	17	5469168
HS	279	0	18	5469186
HS	278	0	15	5469201
HS	277	0	13	5469214
HS	276	0	12	5469226
HS	275	0	11	5469237
HS	274	0	5	5469242
HS	273	0	13	5469255
HS	272	0	8	5469263
HS	271	0	8	5469271
HS	270	0	4	5469275
HS	269	0	9	5469284
HS	268	0	3	5469287
HS	267	0	12	5469299
HS	266	0	9	5469308
HS	265	0	11	5469319
HS	264	0	8	5469327
HS	263	0	6	5469333
HS	262	0	4	5469337
HS	261	0	10	5469347
HS	260	0	4	5469351
HS	259	0	5	5469356
HS	258	0	7	5469363
HS	257	0	7	5469370
HS	256	0	9	5469379
HS	255	0	8	5469387
HS	254	0	9	5469396
HS	253	0	7	5469403
HS	252	0	6	5469409
HS	251	0	15	5469424
HS	250	0	9	5469433
HS	249	0	11	5469444
HS	248	0	9	5469453
HS	247	0	12	5469465
HS	246	0	4	5469469
HS	245	0	7	5469476
HS	244	0	4	5469480
HS	243	0	10	5469490
HS	242	0	5	5469495
HS	241	0	8	5469503
HS	240	0	5	5469508
HS	239	0	9	5469517
HS	238	0	2	5469519
HS	237	0	7	5469526
HS	236	0	12	5469538
HS	235	0	8	5469546
HS	234	0	11	5469557
HS	233	0	10	5469567
HS	232	0	6	5469573
HS	231	0	12	5469585
HS	230	0	7	5469592
HS	229	0	11	5469603
HS	228	0	3	5469606
HS	227	0	12	5469618
HS	226	0	5	5469623
HS	225	0	5	5469628
HS	224	0	4	5469632
HS	223	0	5	5469637
HS	222	0	5	5469642
HS	221	0	3	5469645
HS	220	0	1	5469646
HS	219	0	3	5469649
HS	218	0	9	5469658
HS	217	0	6	5469664
HS	216	0	7	5469671
HS	215	0	2	5469673
HS	214	0	3	5469676
HS	213	0	2	5469678
HS	212	0	5	5469683
HS	211	0	5	5469688
HS	210	0	8	5469696
HS	209	0	4	5469700
HS	208	0	6	5469706
HS	207	0	5	5469711
HS	206	0	6	5469717
HS	205	0	10	5469727
HS	204	0	8	5469735
HS	203	0	9	5469744
HS	202	0	6	5469750
HS	201	0	7	5469757
HS	200	0	2	5469759
HS	199	0	2	5469761
HS	198	0	4	5469765
HS	197	0	5	5469770
HS	196	0	4	5469774
HS	195	0	5	5469779
HS	194	0	6	5469785
HS	193	0	6	5469791
HS	192	0	5	5469796
HS	191	0	6	5469802
HS	190	0	6	5469808
HS	189	0	7	5469815
HS	188	0	2	5469817
HS	187	0	4	5469821
HS	186	0	12	5469833
HS	185	0	9	5469842
HS	184	0	6	5469848
HS	183	0	2	5469850
HS	182	0	10	5469860
HS	181	0	13	5469873
HS	180	0	9	5469882
HS	179	0	9	5469891
HS	178	0	11	5469902
HS	177	0	10	5469912
HS	176	0	6	5469918
HS	175	0	10	5469928
HS	174	0	15	5469943
HS	173	0	8	5469951
HS	172	0	7	5469958
HS	171	0	10	5469968
HS	170	0	11	5469979
HS	169	0	13	5469992
HS	168	0	17	5470009
HS	167	0	12	5470021
HS	166	0	12	5470033
HS	165	0	19	5470052
HS	164	0	13	5470065
HS	163	0	18	5470083
HS	162	0	19	5470102
HS	161	0	10	5470112
HS	160	0	15	5470127
HS	159	0	20	5470147
HS	158	0	19	5470166
HS	157	0	12	5470178
HS	156	0	17	5470195
HS	155	0	21	5470216
HS	154	0	14	5470230
HS	153	0	20	5470250
HS	152	0	14	5470264
HS	151	0	14	5470278
HS	150	0	21	5470299
HS	149	0	18	5470317
HS	148	0	22	5470339
HS	147	0	20	5470359
HS	146	0	16	5470375
HS	145	0	17	5470392
HS	144	0	13	5470405
HS	143	0	19	5470424
HS	142	0	12	5470436
HS	141	0	17	5470453
HS	140	0	18	5470471
HS	139	0	15	5470486
HS	138	0	15	5470501
HS	137	0	14	5470515
HS	136	0	17	5470532
HS	135	0	22	5470554
HS	134	0	22	5470576
HS	133	0	30	5470606
HS	132	0	32	5470638
HS	131	0	28	5470666
HS	130	0	22	5470688
HS	129	0	26	5470714
HS	128	0	31	5470745
HS	127	0	27	5470772
HS	126	0	25	5470797
HS	125	0	34	5470831
HS	124	0	28	5470859
HS	123	0	36	5470895
HS	122	0	40	5470935
HS	121	0	35	5470970
HS	120	0	46	5471016
HS	119	0	37	5471053
HS	118	0	48	5471101
HS	117	0	50	5471151
HS	116	0	44	5471195
HS	115	0	42	5471237
HS	114	0	35	5471272
HS	113	0	29	5471301
HS	112	0	30	5471331
HS	111	0	37	5471368
HS	110	0	46	5471414
HS	109	0	52	5471466
HS	108	0	42	5471508
HS	107	0	58	5471566
HS	106	0	53	5471619
HS	105	0	35	5471654
HS	104	0	46	5471700
HS	103	0	44	5471744
HS	102	0	63	5471807
HS	101	0	60	5471867
HS	100	0	78	5471945
HS	99	0	62	5472007
HS	98	0	70	5472077
HS	97	0	97	5472174
HS	96	0	89	5472263
HS	95	0	92	5472355
HS	94	0	84	5472439
HS	93	0	97	5472536
HS	92	0	90	5472626
HS	91	0	84	5472710
HS	90	0	87	5472797
HS	89	0	100	5472897
HS	88	0	101	5472998
HS	87	0	116	5473114
HS	86	0	85	5473199
HS	85	0	92	5473291
HS	84	0	106	5473397
HS	83	0	133	5473530
HS	82	0	151	5473681
HS	81	0	149	5473830
HS	80	0	135	5473965
HS	79	0	133	5474098
HS	78	0	157	5474255
HS	77	0	179	5474434
HS	76	0	173	5474607
HS	75	0	189	5474796
HS	74	0	225	5475021
HS	73	0	239	5475260
HS	72	0	247	5475507
HS	71	0	262	5475769
HS	70	0	300	5476069
HS	69	0	324	5476393
HS	68	0	358	5476751
HS	67	0	366	5477117
HS	66	0	404	5477521
HS	65	0	397	5477918
HS	64	0	440	5478358
HS	63	0	396	5478754
HS	62	0	448	5479202
HS	61	0	508	5479710
HS	60	0	515	5480225
HS	59	0	551	5480776
HS	58	0	633	5481409
HS	57	0	674	5482083
HS	56	0	704	5482787
HS	55	0	719	5483506
HS	54	0	777	5484283
HS	53	0	901	5485184
HS	52	0	919	5486103
HS	51	0	1028	5487131
HS	50	0	1001	5488132
HS	49	0	1044	5489176
HS	48	0	1177	5490353
HS	47	0	1309	5491662
HS	46	0	1318	5492980
HS	45	0	1392	5494372
HS	44	0	1443	5495815
HS	43	0	1564	5497379
HS	42	0	1602	5498981
HS	41	0	1825	5500806
HS	40	0	2015	5502821
HS	39	0	2195	5505016
HS	38	0	2409	5507425
HS	37	0	2631	5510056
HS	36	0	2865	5512921
HS	35	0	2974	5515895
HS	34	0	3462	5519357
HS	33	0	3813	5523170
HS	32	0	4081	5527251
HS	31	0	4370	5531621
HS	30	0	4997	5536618
HS	29	0	5689	5542307
HS	28	0	6207	5548514
HS	27	0	6858	5555372
HS	26	0	8070	5563442
HS	25	0	8868	5572310
HS	24	0	9676	5581986
HS	23	0	11494	5593480
HS	22	0	13384	5606864
HS	21	0	15414	5622278
HS	20	0	18379	5640657
HS	19	0	20886	5661543
HS	18	0	25362	5686905
HS	17	0	30318	5717223
HS	16	0	36499	5753722
HS	15	0	45224	5798946
HS	14	0	56901	5855847
HS	13	0	72442	5928289
HS	12	0	93562	6021851
HS	11	0	127333	6149184
HS	10	0	176519	6325703
HS	9	0	257177	6582880
HS	8	0	387788	6970668
HS	7	0	619319	7589987
HS	6	0	1056091	8646078
HS	5	0	1980827	10626905
HS	4	0	4185851	14812756
HS	3	0	10365387	25178143
HS	2	0	31635554	56813697
HS	1	0	0	56813697
HS	0	0	0	56813697
