CC	CT  kmer_occurrence    short_read_kmer_count  raw_input_kmer_count  adjusted_input_kmer_count
CC	FR  fpr_lower_bound    fpr_upper_bound
CC	ER  total_input_kmers  adjusted_error_kmers
CC	CV  coverage
CC	QV  raw_quality_value  adjusted_quality_value
CC
SQ	CP128160.1	165615	165585	159986	29.55
SQ	CP128161.1	102562	102532	102090	38.56
SQ	CP128159.1	204807	204777	204530	44.10
SQ	CP128153.1	5178618	5178588	5177826	53.24
CT	1023	258177	435541	435541.000
CT	1022	1758	1800	1800.000
CT	1021	1816	1864	1864.000
CT	1020	1863	1924	1924.000
CT	1019	1862	1920	1920.000
CT	1018	1825	1869	1869.000
CT	1017	1910	1964	1964.000
CT	1016	1899	1958	1958.000
CT	1015	1929	2000	2000.000
CT	1014	1857	1906	1906.000
CT	1013	1840	1915	1915.000
CT	1012	1947	1999	1999.000
CT	1011	1914	1959	1959.000
CT	1010	1935	1992	1992.000
CT	1009	1970	2038	2038.000
CT	1008	1942	2021	2021.000
CT	1007	2004	2064	2064.000
CT	1006	2032	2090	2090.000
CT	1005	2017	2073	2073.000
CT	1004	1971	2023	2023.000
CT	1003	2053	2114	2114.000
CT	1002	2069	2134	2134.000
CT	1001	2012	2078	2078.000
CT	1000	2163	2229	2229.000
CT	999	2161	2223	2223.000
CT	998	2128	2175	2175.000
CT	997	2139	2200	2200.000
CT	996	2071	2124	2124.000
CT	995	2093	2156	2156.000
CT	994	2258	2327	2327.000
CT	993	2160	2225	2225.000
CT	992	2319	2387	2387.000
CT	991	2212	2269	2269.000
CT	990	2256	2305	2305.000
CT	989	2157	2219	2219.000
CT	988	2222	2276	2276.000
CT	987	2312	2389	2389.000
CT	986	2331	2385	2385.000
CT	985	2362	2431	2431.000
CT	984	2318	2373	2373.000
CT	983	2332	2390	2390.000
CT	982	2319	2361	2361.000
CT	981	2396	2457	2457.000
CT	980	2317	2371	2371.000
CT	979	2333	2395	2395.000
CT	978	2326	2374	2374.000
CT	977	2522	2601	2601.000
CT	976	2509	2566	2566.000
CT	975	2483	2544	2544.000
CT	974	2478	2534	2534.000
CT	973	2456	2514	2514.000
CT	972	2486	2546	2546.000
CT	971	2612	2676	2676.000
CT	970	2599	2654	2654.000
CT	969	2529	2596	2596.000
CT	968	2576	2630	2630.000
CT	967	2616	2672	2672.000
CT	966	2625	2686	2686.000
CT	965	2634	2686	2686.000
CT	964	2699	2759	2759.000
CT	963	2716	2771	2771.000
CT	962	2722	2786	2786.000
CT	961	2715	2754	2754.000
CT	960	2616	2659	2659.000
CT	959	2734	2804	2804.000
CT	958	2716	2774	2774.000
CT	957	2796	2852	2852.000
CT	956	2844	2925	2925.000
CT	955	2892	2955	2955.000
CT	954	2845	2916	2916.000
CT	953	2915	2983	2983.000
CT	952	2813	2889	2889.000
CT	951	3011	3076	3076.000
CT	950	2822	2898	2898.000
CT	949	2990	3057	3057.000
CT	948	2923	2983	2983.000
CT	947	3025	3095	3095.000
CT	946	2985	3045	3045.000
CT	945	3040	3098	3098.000
CT	944	3156	3209	3209.000
CT	943	3159	3220	3220.000
CT	942	3109	3172	3172.000
CT	941	3155	3215	3215.000
CT	940	3159	3234	3234.000
CT	939	3198	3258	3258.000
CT	938	3341	3410	3410.000
CT	937	3183	3237	3237.000
CT	936	3272	3331	3331.000
CT	935	3341	3393	3393.000
CT	934	3394	3449	3449.000
CT	933	3379	3428	3428.000
CT	932	3362	3431	3431.000
CT	931	3338	3390	3390.000
CT	930	3473	3542	3542.000
CT	929	3382	3450	3450.000
CT	928	3423	3487	3487.000
CT	927	3501	3566	3566.000
CT	926	3437	3487	3487.000
CT	925	3445	3503	3503.000
CT	924	3574	3636	3636.000
CT	923	3483	3542	3542.000
CT	922	3645	3723	3723.000
CT	921	3652	3722	3722.000
CT	920	3595	3649	3649.000
CT	919	3690	3761	3761.000
CT	918	3747	3826	3826.000
CT	917	3666	3738	3738.000
CT	916	3758	3819	3819.000
CT	915	3766	3848	3848.000
CT	914	3682	3744	3744.000
CT	913	3795	3864	3864.000
CT	912	3793	3854	3854.000
CT	911	3696	3766	3766.000
CT	910	3776	3839	3839.000
CT	909	3941	4015	4015.000
CT	908	3875	3957	3957.000
CT	907	3822	3891	3891.000
CT	906	3844	3930	3930.000
CT	905	3898	3978	3978.000
CT	904	4023	4115	4115.000
CT	903	4007	4079	4079.000
CT	902	3817	3886	3886.000
CT	901	3967	4029	4029.000
CT	900	4049	4118	4118.000
CT	899	3883	3938	3938.000
CT	898	4009	4086	4086.000
CT	897	3934	4008	4008.000
CT	896	4190	4273	4273.000
CT	895	4000	4061	4061.000
CT	894	4134	4180	4180.000
CT	893	4124	4206	4206.000
CT	892	4193	4269	4269.000
CT	891	4173	4249	4249.000
CT	890	4171	4249	4249.000
CT	889	4283	4375	4375.000
CT	888	4263	4346	4346.000
CT	887	4191	4260	4260.000
CT	886	4365	4431	4431.000
CT	885	4427	4505	4505.000
CT	884	4201	4277	4277.000
CT	883	4475	4549	4549.000
CT	882	4465	4551	4551.000
CT	881	4362	4442	4442.000
CT	880	4681	4757	4757.000
CT	879	4556	4628	4628.000
CT	878	4555	4644	4644.000
CT	877	4676	4744	4744.000
CT	876	4665	4744	4744.000
CT	875	4552	4623	4623.000
CT	874	4686	4773	4773.000
CT	873	4625	4705	4705.000
CT	872	4637	4711	4711.000
CT	871	4696	4765	4765.000
CT	870	4633	4710	4710.000
CT	869	4726	4806	4806.000
CT	868	4817	4907	4907.000
CT	867	4817	4886	4886.000
CT	866	4766	4845	4845.000
CT	865	4733	4798	4798.000
CT	864	4939	5019	5019.000
CT	863	4823	4891	4891.000
CT	862	4865	4934	4934.000
CT	861	4798	4868	4868.000
CT	860	4852	4918	4918.000
CT	859	4850	4935	4935.000
CT	858	4959	5040	5040.000
CT	857	4878	4946	4946.000
CT	856	5001	5069	5069.000
CT	855	5012	5075	5075.000
CT	854	4972	5050	5050.000
CT	853	5113	5185	5185.000
CT	852	5148	5242	5242.000
CT	851	4983	5053	5053.000
CT	850	5041	5132	5132.000
CT	849	5122	5198	5198.000
CT	848	5208	5283	5283.000
CT	847	5140	5225	5225.000
CT	846	5097	5176	5176.000
CT	845	5127	5213	5213.000
CT	844	5243	5333	5333.000
CT	843	5127	5215	5215.000
CT	842	5094	5178	5178.000
CT	841	5187	5250	5250.000
CT	840	5223	5311	5311.000
CT	839	5221	5300	5300.000
CT	838	5261	5342	5342.000
CT	837	5308	5395	5395.000
CT	836	5318	5388	5388.000
CT	835	5347	5441	5441.000
CT	834	5269	5361	5361.000
CT	833	5355	5451	5451.000
CT	832	5397	5479	5479.000
CT	831	5323	5406	5406.000
CT	830	5533	5625	5625.000
CT	829	5404	5472	5472.000
CT	828	5502	5575	5575.000
CT	827	5468	5535	5535.000
CT	826	5498	5582	5582.000
CT	825	5488	5560	5560.000
CT	824	5523	5595	5595.000
CT	823	5412	5493	5493.000
CT	822	5626	5700	5700.000
CT	821	5708	5778	5778.000
CT	820	5604	5679	5679.000
CT	819	5613	5676	5676.000
CT	818	5764	5840	5840.000
CT	817	5720	5801	5801.000
CT	816	5847	5905	5905.000
CT	815	5817	5891	5891.000
CT	814	5871	5928	5928.000
CT	813	5843	5913	5913.000
CT	812	5766	5851	5851.000
CT	811	5770	5845	5845.000
CT	810	5957	6027	6027.000
CT	809	6003	6082	6082.000
CT	808	5843	5925	5925.000
CT	807	5955	6047	6047.000
CT	806	6156	6228	6228.000
CT	805	6151	6217	6217.000
CT	804	6153	6232	6232.000
CT	803	6143	6216	6216.000
CT	802	6129	6207	6207.000
CT	801	6127	6201	6201.000
CT	800	6252	6337	6337.000
CT	799	6108	6180	6180.000
CT	798	6150	6225	6225.000
CT	797	6217	6291	6291.000
CT	796	6192	6264	6264.000
CT	795	6198	6264	6264.000
CT	794	6133	6199	6199.000
CT	793	6249	6311	6311.000
CT	792	6205	6287	6287.000
CT	791	6304	6366	6366.000
CT	790	6304	6369	6369.000
CT	789	6177	6271	6271.000
CT	788	6219	6291	6291.000
CT	787	6190	6250	6250.000
CT	786	6381	6436	6436.000
CT	785	6341	6405	6405.000
CT	784	6438	6506	6506.000
CT	783	6399	6463	6463.000
CT	782	6475	6562	6562.000
CT	781	6327	6397	6397.000
CT	780	6474	6543	6543.000
CT	779	6481	6549	6549.000
CT	778	6647	6717	6717.000
CT	777	6583	6635	6635.000
CT	776	6615	6676	6676.000
CT	775	6516	6572	6572.000
CT	774	6629	6705	6705.000
CT	773	6536	6601	6601.000
CT	772	6499	6563	6563.000
CT	771	6628	6695	6695.000
CT	770	6629	6692	6692.000
CT	769	6765	6832	6832.000
CT	768	6675	6730	6730.000
CT	767	6544	6609	6609.000
CT	766	6521	6585	6585.000
CT	765	6698	6753	6753.000
CT	764	6916	6994	6994.000
CT	763	6653	6709	6709.000
CT	762	6594	6659	6659.000
CT	761	6740	6789	6789.000
CT	760	6725	6787	6787.000
CT	759	6672	6716	6716.000
CT	758	6804	6859	6859.000
CT	757	6776	6832	6832.000
CT	756	6798	6860	6860.000
CT	755	6748	6810	6810.000
CT	754	6853	6917	6917.000
CT	753	6612	6656	6656.000
CT	752	6888	6950	6950.000
CT	751	6819	6874	6874.000
CT	750	6806	6857	6857.000
CT	749	6823	6883	6883.000
CT	748	6977	7045	7045.000
CT	747	6868	6932	6932.000
CT	746	6814	6885	6885.000
CT	745	6959	7013	7013.000
CT	744	6974	7038	7038.000
CT	743	6973	7040	7040.000
CT	742	6959	7017	7017.000
CT	741	7006	7081	7081.000
CT	740	6943	7002	7002.000
CT	739	7044	7112	7112.000
CT	738	7045	7101	7101.000
CT	737	6945	7029	7029.000
CT	736	7097	7161	7161.000
CT	735	6946	7020	7020.000
CT	734	7022	7092	7092.000
CT	733	7030	7095	7095.000
CT	732	7193	7257	7257.000
CT	731	7085	7153	7153.000
CT	730	6981	7045	7045.000
CT	729	7094	7154	7154.000
CT	728	7060	7129	7129.000
CT	727	7004	7067	7067.000
CT	726	7257	7311	7311.000
CT	725	7154	7222	7222.000
CT	724	7412	7480	7480.000
CT	723	7249	7308	7308.000
CT	722	7271	7335	7335.000
CT	721	7284	7339	7339.000
CT	720	7344	7414	7414.000
CT	719	7340	7411	7411.000
CT	718	7466	7557	7557.000
CT	717	7317	7391	7391.000
CT	716	7262	7328	7328.000
CT	715	7335	7401	7401.000
CT	714	7146	7208	7208.000
CT	713	7434	7490	7490.000
CT	712	7311	7380	7380.000
CT	711	7151	7215	7215.000
CT	710	7386	7461	7461.000
CT	709	7373	7432	7432.000
CT	708	7370	7423	7423.000
CT	707	7412	7472	7472.000
CT	706	7313	7376	7376.000
CT	705	7326	7373	7373.000
CT	704	7373	7448	7448.000
CT	703	7262	7326	7326.000
CT	702	7361	7422	7422.000
CT	701	7432	7496	7496.000
CT	700	7406	7470	7470.000
CT	699	7354	7417	7417.000
CT	698	7466	7528	7528.000
CT	697	7641	7698	7698.000
CT	696	7451	7509	7509.000
CT	695	7466	7513	7513.000
CT	694	7522	7566	7566.000
CT	693	7488	7552	7552.000
CT	692	7555	7603	7603.000
CT	691	7653	7706	7706.000
CT	690	7671	7733	7733.000
CT	689	7516	7570	7570.000
CT	688	7677	7742	7742.000
CT	687	7658	7717	7717.000
CT	686	7501	7570	7570.000
CT	685	7503	7546	7546.000
CT	684	7602	7655	7655.000
CT	683	7681	7724	7724.000
CT	682	7661	7713	7713.000
CT	681	7355	7404	7404.000
CT	680	7704	7743	7743.000
CT	679	7820	7862	7862.000
CT	678	7730	7790	7790.000
CT	677	7728	7781	7781.000
CT	676	7638	7701	7701.000
CT	675	7645	7706	7706.000
CT	674	7673	7740	7740.000
CT	673	7816	7878	7878.000
CT	672	7691	7740	7740.000
CT	671	7522	7582	7582.000
CT	670	7577	7642	7642.000
CT	669	7431	7495	7495.000
CT	668	7603	7678	7678.000
CT	667	7669	7743	7743.000
CT	666	7750	7810	7810.000
CT	665	7516	7589	7589.000
CT	664	7631	7689	7689.000
CT	663	7633	7697	7697.000
CT	662	7607	7680	7680.000
CT	661	7654	7716	7716.000
CT	660	7870	7926	7926.000
CT	659	7943	7991	7991.000
CT	658	7809	7874	7874.000
CT	657	7686	7736	7736.000
CT	656	7768	7821	7821.000
CT	655	7828	7888	7888.000
CT	654	7778	7828	7828.000
CT	653	7932	7997	7997.000
CT	652	7852	7914	7914.000
CT	651	7829	7887	7887.000
CT	650	7729	7786	7786.000
CT	649	7821	7875	7875.000
CT	648	7766	7823	7823.000
CT	647	7868	7906	7906.000
CT	646	7874	7908	7908.000
CT	645	7943	7988	7988.000
CT	644	7942	7995	7995.000
CT	643	7890	7932	7932.000
CT	642	7832	7884	7884.000
CT	641	7920	7962	7962.000
CT	640	7851	7894	7894.000
CT	639	7835	7873	7873.000
CT	638	7834	7869	7869.000
CT	637	7875	7925	7925.000
CT	636	7823	7865	7865.000
CT	635	7748	7791	7791.000
CT	634	8118	8160	8160.000
CT	633	7964	8005	8005.000
CT	632	7946	7991	7991.000
CT	631	7715	7756	7756.000
CT	630	7924	7975	7975.000
CT	629	7879	7906	7906.000
CT	628	8100	8150	8150.000
CT	627	7911	7952	7952.000
CT	626	7910	7951	7951.000
CT	625	7906	7952	7952.000
CT	624	7810	7845	7845.000
CT	623	7960	8010	8010.000
CT	622	7790	7838	7838.000
CT	621	7838	7881	7881.000
CT	620	8039	8091	8091.000
CT	619	7972	8016	8016.000
CT	618	7946	7990	7990.000
CT	617	7809	7848	7848.000
CT	616	7828	7873	7873.000
CT	615	7911	7952	7952.000
CT	614	7929	7983	7983.000
CT	613	7962	8014	8014.000
CT	612	7949	7989	7989.000
CT	611	7701	7747	7747.000
CT	610	7798	7841	7841.000
CT	609	7909	7952	7952.000
CT	608	8037	8071	8071.000
CT	607	7907	7961	7961.000
CT	606	7971	8017	8017.000
CT	605	7892	7942	7942.000
CT	604	7807	7842	7842.000
CT	603	7936	7973	7973.000
CT	602	7928	7963	7963.000
CT	601	7889	7925	7925.000
CT	600	7978	8018	8018.000
CT	599	8061	8106	8106.000
CT	598	8071	8100	8100.000
CT	597	7880	7915	7915.000
CT	596	8016	8057	8057.000
CT	595	7767	7804	7804.000
CT	594	7848	7874	7874.000
CT	593	7907	7930	7930.000
CT	592	7785	7814	7814.000
CT	591	7955	7998	7998.000
CT	590	8035	8069	8069.000
CT	589	7997	8040	8040.000
CT	588	8040	8070	8070.000
CT	587	7899	7936	7936.000
CT	586	7991	8036	8036.000
CT	585	7962	8011	8011.000
CT	584	8018	8076	8076.000
CT	583	7958	7991	7991.000
CT	582	7868	7911	7911.000
CT	581	7976	8017	8017.000
CT	580	7972	8017	8017.000
CT	579	7967	8009	8009.000
CT	578	7929	7965	7965.000
CT	577	7977	8014	8014.000
CT	576	7971	7998	7998.000
CT	575	7925	7957	7957.000
CT	574	7914	7963	7963.000
CT	573	7940	7985	7985.000
CT	572	7806	7849	7849.000
CT	571	7715	7753	7753.000
CT	570	7805	7851	7851.000
CT	569	7974	8010	8010.000
CT	568	8002	8040	8040.000
CT	567	7993	8038	8038.000
CT	566	7869	7913	7913.000
CT	565	7943	7985	7985.000
CT	564	7907	7949	7949.000
CT	563	7967	8009	8009.000
CT	562	7825	7858	7858.000
CT	561	7898	7947	7947.000
CT	560	8033	8071	8071.000
CT	559	7884	7922	7922.000
CT	558	7826	7874	7874.000
CT	557	8033	8068	8068.000
CT	556	7929	7966	7966.000
CT	555	7928	7965	7965.000
CT	554	7983	8025	8025.000
CT	553	7958	7994	7994.000
CT	552	7892	7932	7932.000
CT	551	8078	8112	8112.000
CT	550	8268	8295	8295.000
CT	549	8065	8094	8094.000
CT	548	8210	8244	8244.000
CT	547	8071	8099	8099.000
CT	546	8087	8117	8117.000
CT	545	8088	8115	8115.000
CT	544	8069	8095	8095.000
CT	543	8001	8026	8026.000
CT	542	8005	8034	8034.000
CT	541	8135	8164	8164.000
CT	540	8144	8177	8177.000
CT	539	8000	8023	8023.000
CT	538	7892	7913	7913.000
CT	537	7924	7942	7942.000
CT	536	8106	8138	8138.000
CT	535	7961	7989	7989.000
CT	534	8138	8169	8169.000
CT	533	8076	8105	8105.000
CT	532	7995	8023	8023.000
CT	531	7973	7997	7997.000
CT	530	7949	7975	7975.000
CT	529	8152	8178	8178.000
CT	528	8153	8181	8181.000
CT	527	7911	7947	7947.000
CT	526	7908	7938	7938.000
CT	525	8017	8052	8052.000
CT	524	8028	8064	8064.000
CT	523	8087	8111	8111.000
CT	522	8092	8126	8126.000
CT	521	8227	8257	8257.000
CT	520	8187	8232	8232.000
CT	519	8021	8051	8051.000
CT	518	8193	8232	8232.000
CT	517	8037	8061	8061.000
CT	516	8135	8159	8159.000
CT	515	8197	8216	8216.000
CT	514	8205	8236	8236.000
CT	513	8161	8183	8183.000
CT	512	8346	8379	8379.000
CT	511	8095	8111	8111.000
CT	510	8083	8107	8107.000
CT	509	8229	8259	8259.000
CT	508	8335	8347	8347.000
CT	507	8540	8565	8565.000
CT	506	8405	8417	8417.000
CT	505	8482	8501	8501.000
CT	504	8373	8386	8386.000
CT	503	8262	8271	8271.000
CT	502	8384	8408	8408.000
CT	501	8473	8492	8492.000
CT	500	8387	8404	8404.000
CT	499	8522	8542	8542.000
CT	498	8406	8432	8432.000
CT	497	8640	8651	8651.000
CT	496	8416	8436	8436.000
CT	495	8494	8516	8516.000
CT	494	8556	8581	8581.000
CT	493	8520	8543	8543.000
CT	492	8539	8550	8550.000
CT	491	8567	8587	8587.000
CT	490	8588	8617	8617.000
CT	489	8713	8738	8738.000
CT	488	8780	8802	8802.000
CT	487	8687	8698	8698.000
CT	486	8821	8838	8838.000
CT	485	8689	8717	8717.000
CT	484	8890	8916	8916.000
CT	483	8837	8856	8856.000
CT	482	8784	8797	8797.000
CT	481	8798	8801	8801.000
CT	480	8817	8828	8828.000
CT	479	8920	8928	8928.000
CT	478	9051	9062	9062.000
CT	477	8903	8924	8924.000
CT	476	9141	9159	9159.000
CT	475	9057	9061	9061.000
CT	474	8965	8980	8980.000
CT	473	8970	8986	8986.000
CT	472	8985	8992	8992.000
CT	471	9090	9098	9098.000
CT	470	9155	9166	9166.000
CT	469	8853	8877	8877.000
CT	468	9077	9095	9095.000
CT	467	8992	9009	9009.000
CT	466	9006	9030	9030.000
CT	465	9131	9146	9146.000
CT	464	9061	9081	9081.000
CT	463	8960	8964	8964.000
CT	462	9053	9074	9074.000
CT	461	9117	9139	9139.000
CT	460	8855	8875	8875.000
CT	459	9016	9034	9034.000
CT	458	9058	9063	9063.000
CT	457	9094	9106	9106.000
CT	456	8995	9016	9016.000
CT	455	8892	8904	8904.000
CT	454	9102	9104	9104.000
CT	453	9123	9128	9128.000
CT	452	9062	9066	9066.000
CT	451	9070	9088	9088.000
CT	450	9024	9031	9031.000
CT	449	8975	8989	8989.000
CT	448	9198	9205	9205.000
CT	447	9191	9209	9209.000
CT	446	9039	9056	9056.000
CT	445	9283	9293	9293.000
CT	444	9203	9209	9209.000
CT	443	9141	9153	9153.000
CT	442	9330	9346	9346.000
CT	441	9211	9217	9217.000
CT	440	9168	9174	9174.000
CT	439	9117	9126	9126.000
CT	438	9042	9043	9043.000
CT	437	9273	9285	9285.000
CT	436	9086	9091	9091.000
CT	435	9078	9100	9100.000
CT	434	9090	9100	9100.000
CT	433	9252	9270	9270.000
CT	432	9258	9266	9266.000
CT	431	9113	9117	9117.000
CT	430	9153	9161	9161.000
CT	429	9269	9271	9271.000
CT	428	9088	9097	9097.000
CT	427	9282	9287	9287.000
CT	426	9236	9228	9228.000
CT	425	9310	9326	9326.000
CT	424	9178	9184	9184.000
CT	423	9181	9187	9187.000
CT	422	9206	9213	9213.000
CT	421	9247	9250	9250.000
CT	420	9431	9439	9439.000
CT	419	9302	9306	9306.000
CT	418	9262	9270	9270.000
CT	417	9253	9261	9261.000
CT	416	9171	9178	9178.000
CT	415	9311	9318	9318.000
CT	414	9323	9333	9333.000
CT	413	9415	9426	9426.000
CT	412	9326	9332	9332.000
CT	411	9147	9154	9154.000
CT	410	9247	9262	9262.000
CT	409	9247	9243	9243.000
CT	408	9462	9475	9475.000
CT	407	9177	9178	9178.000
CT	406	9117	9121	9121.000
CT	405	9106	9109	9109.000
CT	404	9201	9205	9205.000
CT	403	9137	9127	9127.000
CT	402	9169	9165	9165.000
CT	401	9387	9387	9387.000
CT	400	9397	9396	9396.000
CT	399	9510	9515	9515.000
CT	398	9286	9292	9292.000
CT	397	9384	9389	9389.000
CT	396	9397	9393	9393.000
CT	395	9334	9333	9333.000
CT	394	9372	9372	9372.000
CT	393	9129	9124	9124.000
CT	392	9295	9294	9294.000
CT	391	9372	9377	9377.000
CT	390	9324	9326	9326.000
CT	389	9269	9275	9275.000
CT	388	9404	9413	9413.000
CT	387	9262	9266	9266.000
CT	386	9229	9233	9233.000
CT	385	9244	9245	9245.000
CT	384	9302	9312	9312.000
CT	383	9273	9276	9276.000
CT	382	9280	9275	9275.000
CT	381	9256	9268	9268.000
CT	380	9131	9142	9142.000
CT	379	9010	9015	9015.000
CT	378	9228	9236	9236.000
CT	377	8979	8990	8990.000
CT	376	8976	8980	8980.000
CT	375	8966	8973	8973.000
CT	374	8963	8961	8961.000
CT	373	9141	9145	9145.000
CT	372	8958	8966	8966.000
CT	371	8740	8726	8726.000
CT	370	8908	8898	8898.000
CT	369	8859	8863	8863.000
CT	368	8969	8962	8962.000
CT	367	8983	8995	8995.000
CT	366	8769	8759	8759.000
CT	365	8678	8670	8670.000
CT	364	8913	8913	8913.000
CT	363	8804	8800	8800.000
CT	362	8792	8789	8789.000
CT	361	8893	8881	8881.000
CT	360	8724	8715	8715.000
CT	359	8730	8720	8720.000
CT	358	8598	8588	8588.000
CT	357	8573	8569	8569.000
CT	356	8865	8861	8861.000
CT	355	8526	8523	8523.000
CT	354	8728	8715	8715.000
CT	353	8549	8540	8540.000
CT	352	8507	8495	8495.000
CT	351	8453	8435	8435.000
CT	350	8345	8340	8340.000
CT	349	8299	8286	8286.000
CT	348	8139	8133	8133.000
CT	347	8148	8131	8131.000
CT	346	8005	7993	7993.000
CT	345	8053	8055	8055.000
CT	344	7923	7903	7903.000
CT	343	8113	8103	8103.000
CT	342	7958	7943	7943.000
CT	341	7906	7892	7892.000
CT	340	7875	7864	7864.000
CT	339	7734	7721	7721.000
CT	338	7810	7795	7795.000
CT	337	7659	7643	7643.000
CT	336	7693	7678	7678.000
CT	335	7661	7652	7652.000
CT	334	7543	7535	7535.000
CT	333	7257	7250	7250.000
CT	332	7309	7296	7296.000
CT	331	7235	7215	7215.000
CT	330	7276	7258	7258.000
CT	329	7215	7202	7202.000
CT	328	7031	7011	7011.000
CT	327	6981	6962	6962.000
CT	326	6891	6878	6878.000
CT	325	6903	6892	6892.000
CT	324	6638	6622	6622.000
CT	323	6767	6756	6756.000
CT	322	6749	6728	6728.000
CT	321	6549	6537	6537.000
CT	320	6549	6535	6535.000
CT	319	6452	6439	6439.000
CT	318	6352	6351	6351.000
CT	317	6491	6480	6480.000
CT	316	6509	6495	6495.000
CT	315	6322	6313	6313.000
CT	314	6366	6354	6354.000
CT	313	6184	6177	6177.000
CT	312	5911	5903	5903.000
CT	311	5897	5882	5882.000
CT	310	5837	5826	5826.000
CT	309	5816	5807	5807.000
CT	308	5816	5804	5804.000
CT	307	5721	5716	5716.000
CT	306	5773	5763	5763.000
CT	305	5485	5476	5476.000
CT	304	5470	5456	5456.000
CT	303	5586	5576	5576.000
CT	302	5229	5235	5235.000
CT	301	5185	5182	5182.000
CT	300	5066	5067	5067.000
CT	299	5096	5093	5093.000
CT	298	4861	4856	4856.000
CT	297	4681	4667	4667.000
CT	296	4598	4595	4595.000
CT	295	4787	4774	4774.000
CT	294	4738	4725	4725.000
CT	293	4563	4564	4564.000
CT	292	4545	4539	4539.000
CT	291	4270	4270	4270.000
CT	290	4332	4331	4331.000
CT	289	4149	4138	4138.000
CT	288	4327	4320	4320.000
CT	287	4156	4148	4148.000
CT	286	4206	4198	4198.000
CT	285	4089	4092	4092.000
CT	284	4056	4055	4055.000
CT	283	3974	3977	3977.000
CT	282	4022	4028	4028.000
CT	281	3840	3847	3847.000
CT	280	3830	3837	3837.000
CT	279	3670	3661	3661.000
CT	278	3579	3578	3578.000
CT	277	3511	3513	3513.000
CT	276	3536	3528	3528.000
CT	275	3546	3544	3544.000
CT	274	3351	3341	3341.000
CT	273	3304	3298	3298.000
CT	272	3217	3216	3216.000
CT	271	3237	3223	3223.000
CT	270	3077	3071	3071.000
CT	269	3110	3096	3096.000
CT	268	2994	2980	2980.000
CT	267	2882	2870	2870.000
CT	266	2923	2904	2904.000
CT	265	2790	2794	2794.000
CT	264	2809	2805	2805.000
CT	263	2602	2599	2599.000
CT	262	2620	2610	2610.000
CT	261	2449	2446	2446.000
CT	260	2511	2505	2505.000
CT	259	2405	2395	2395.000
CT	258	2326	2319	2319.000
CT	257	2346	2337	2337.000
CT	256	2167	2157	2157.000
CT	255	2136	2127	2127.000
CT	254	2046	2030	2030.000
CT	253	2098	2091	2091.000
CT	252	2011	2015	2015.000
CT	251	2098	2097	2097.000
CT	250	1943	1933	1933.000
CT	249	1914	1909	1909.000
CT	248	1896	1889	1889.000
CT	247	1768	1756	1756.000
CT	246	1700	1687	1687.000
CT	245	1848	1818	1818.000
CT	244	1666	1647	1647.000
CT	243	1690	1678	1678.000
CT	242	1602	1584	1584.000
CT	241	1534	1513	1513.000
CT	240	1492	1466	1466.000
CT	239	1483	1473	1473.000
CT	238	1408	1398	1398.000
CT	237	1334	1326	1326.000
CT	236	1266	1257	1257.000
CT	235	1211	1198	1198.000
CT	234	1226	1206	1206.000
CT	233	1199	1190	1190.000
CT	232	1133	1126	1126.000
CT	231	1132	1115	1115.000
CT	230	1144	1127	1127.000
CT	229	1079	1063	1063.000
CT	228	986	970	970.000
CT	227	1036	1020	1020.000
CT	226	998	982	982.000
CT	225	952	944	944.000
CT	224	896	889	889.000
CT	223	866	862	862.000
CT	222	864	855	855.000
CT	221	853	838	838.000
CT	220	785	778	778.000
CT	219	748	733	733.000
CT	218	792	779	779.000
CT	217	710	698	698.000
CT	216	665	637	637.000
CT	215	674	664	664.000
CT	214	607	587	587.000
CT	213	596	582	582.000
CT	212	607	592	592.000
CT	211	540	520	520.000
CT	210	518	504	504.000
CT	209	541	511	511.000
CT	208	545	522	522.000
CT	207	496	470	470.000
CT	206	455	436	436.000
CT	205	434	400	400.000
CT	204	403	364	364.000
CT	203	389	362	362.000
CT	202	395	355	355.000
CT	201	405	364	364.000
CT	200	415	369	369.000
CT	199	417	378	378.000
CT	198	409	363	363.000
CT	197	377	331	331.000
CT	196	349	303	303.000
CT	195	319	276	276.000
CT	194	379	297	297.000
CT	193	329	278	278.000
CT	192	357	302	302.000
CT	191	346	272	272.000
CT	190	345	278	278.000
CT	189	331	249	249.000
CT	188	328	259	259.000
CT	187	341	261	261.000
CT	186	373	293	293.000
CT	185	347	264	264.000
CT	184	406	301	301.000
CT	183	375	274	274.000
CT	182	381	269	269.000
CT	181	394	265	265.000
CT	180	424	286	286.000
CT	179	419	292	292.000
CT	178	447	309	309.000
CT	177	440	280	280.000
CT	176	462	328	328.000
CT	175	433	277	277.000
CT	174	495	334	334.000
CT	173	518	362	362.000
CT	172	563	388	388.000
CT	171	530	361	361.000
CT	170	591	400	400.000
CT	169	603	420	420.000
CT	168	606	376	376.000
CT	167	642	432	432.000
CT	166	684	442	442.000
CT	165	716	470	470.000
CT	164	751	505	505.000
CT	163	854	548	547.999
CT	162	860	547	546.999
CT	161	875	535	534.999
CT	160	834	477	476.999
CT	159	1025	602	601.999
CT	158	1043	640	639.999
CT	157	1122	706	705.999
CT	156	1165	722	721.999
CT	155	1122	675	674.999
CT	154	1227	747	746.999
CT	153	1252	766	765.999
CT	152	1352	825	824.999
CT	151	1396	874	873.999
CT	150	1508	922	921.999
CT	149	1516	932	931.999
CT	148	1703	1012	1011.999
CT	147	1770	996	995.999
CT	146	1744	1028	1027.999
CT	145	1749	1026	1025.999
CT	144	1768	1071	1070.999
CT	143	1805	1045	1044.999
CT	142	1972	1191	1190.999
CT	141	2069	1225	1224.999
CT	140	1964	1210	1209.999
CT	139	2129	1248	1247.998
CT	138	2229	1360	1359.998
CT	137	2261	1356	1355.998
CT	136	2359	1479	1478.998
CT	135	2499	1540	1539.998
CT	134	2593	1579	1578.998
CT	133	2776	1691	1690.998
CT	132	2842	1612	1611.998
CT	131	2901	1672	1671.998
CT	130	2963	1679	1678.998
CT	129	3068	1792	1791.998
CT	128	3239	1875	1874.998
CT	127	3310	1924	1923.998
CT	126	3269	1992	1991.998
CT	125	3351	1940	1939.998
CT	124	3380	1939	1938.997
CT	123	3399	1994	1993.998
CT	122	3491	2026	2025.997
CT	121	3482	1997	1996.997
CT	120	3619	2050	2049.997
CT	119	3624	1982	1981.997
CT	118	3624	2033	2032.997
CT	117	3581	1994	1993.997
CT	116	3584	1996	1995.997
CT	115	3616	1979	1978.997
CT	114	3635	1967	1966.997
CT	113	3794	2117	2116.997
CT	112	3865	2149	2148.997
CT	111	3709	2073	2072.997
CT	110	3793	2144	2143.997
CT	109	3832	2167	2166.997
CT	108	3946	2293	2292.997
CT	107	3894	2293	2292.997
CT	106	3694	2180	2179.997
CT	105	3642	2194	2193.997
CT	104	3535	2135	2134.998
CT	103	3389	2003	2002.998
CT	102	3413	2002	2001.998
CT	101	3378	1951	1950.998
CT	100	3418	2006	2005.998
CT	99	3251	1943	1942.998
CT	98	3216	1837	1836.998
CT	97	3131	1797	1796.998
CT	96	3036	1771	1770.998
CT	95	2786	1648	1647.998
CT	94	2746	1547	1546.998
CT	93	2586	1456	1455.998
CT	92	2430	1360	1359.998
CT	91	2375	1375	1374.998
CT	90	2322	1267	1266.998
CT	89	2229	1242	1241.998
CT	88	2110	1166	1165.998
CT	87	2029	1132	1131.998
CT	86	1854	1032	1031.999
CT	85	1818	1057	1056.999
CT	84	1780	1003	1002.999
CT	83	1712	974	973.999
CT	82	1462	850	849.999
CT	81	1593	935	934.999
CT	80	1418	834	833.999
CT	79	1421	756	755.999
CT	78	1300	732	731.999
CT	77	1258	701	700.999
CT	76	1224	664	663.999
CT	75	1104	602	601.999
CT	74	1035	476	475.999
CT	73	1014	486	485.999
CT	72	981	488	487.999
CT	71	875	384	383.999
CT	70	841	379	378.999
CT	69	771	310	309.999
CT	68	694	236	235.999
CT	67	700	249	248.999
CT	66	724	255	254.999
CT	65	658	225	224.999
CT	64	755	235	234.999
CT	63	736	238	237.999
CT	62	678	180	179.999
CT	61	639	125	124.999
CT	60	693	125	124.999
CT	59	700	133	132.999
CT	58	721	119	118.999
CT	57	741	113	112.999
CT	56	786	93	92.999
CT	55	810	112	111.999
CT	54	814	105	104.999
CT	53	777	74	73.999
CT	52	905	99	98.999
CT	51	933	82	81.999
CT	50	973	91	90.998
CT	49	1066	72	71.998
CT	48	1056	65	64.998
CT	47	1151	66	65.998
CT	46	1181	38	37.998
CT	45	1198	32	31.998
CT	44	1204	34	33.998
CT	43	1376	39	38.998
CT	42	1663	47	46.997
CT	41	1917	28	27.997
CT	40	1983	22	21.997
CT	39	2270	26	25.996
CT	38	2507	28	27.996
CT	37	2672	32	31.995
CT	36	3042	30	29.995
CT	35	3589	42	41.994
CT	34	4152	16	15.993
CT	33	4482	16	15.992
CT	32	4961	11	10.991
CT	31	5641	11	10.990
CT	30	6399	7	6.989
CT	29	7246	3	2.987
CT	28	8284	0	0.000
CT	27	9711	0	0.000
CT	26	10770	0	0.000
CT	25	12583	0	0.000
CT	24	14593	5	4.974
CT	23	17061	1	0.970
CT	22	19383	1	0.966
CT	21	23381	6	5.959
CT	20	28066	6	5.951
CT	19	34666	0	0.000
CT	18	40034	0	0.000
CT	17	47624	2	1.917
CT	16	56904	0	0.000
CT	15	68131	0	0.000
CT	14	85202	0	0.000
CT	13	104432	0	0.000
CT	12	130983	0	0.000
CT	11	162765	2	1.715
CT	10	206165	0	0.000
CT	9	265474	1	0.536
CT	8	357578	1	0.374
CT	7	502615	0	0.000
CT	6	765803	2	-nan
CT	5	1351597	2	-nan
CT	4	2885122	15	-nan
CT	3	7732547	126	-nan
CT	2	25650962	44	-nan
CT	1	0	0	-nan
CT	0	0	7050	-nan
FR	1.75e-06	0
ER	5651482	0.000
CV	1.001
QV	43.951	43.951
