HS	1023	0	258177	258177
HS	1022	0	1758	259935
HS	1021	0	1816	261751
HS	1020	0	1863	263614
HS	1019	0	1862	265476
HS	1018	0	1825	267301
HS	1017	0	1910	269211
HS	1016	0	1899	271110
HS	1015	0	1929	273039
HS	1014	0	1857	274896
HS	1013	0	1840	276736
HS	1012	0	1947	278683
HS	1011	0	1914	280597
HS	1010	0	1935	282532
HS	1009	0	1970	284502
HS	1008	0	1942	286444
HS	1007	0	2004	288448
HS	1006	0	2032	290480
HS	1005	0	2017	292497
HS	1004	0	1971	294468
HS	1003	0	2053	296521
HS	1002	0	2069	298590
HS	1001	0	2012	300602
HS	1000	0	2163	302765
HS	999	0	2161	304926
HS	998	0	2128	307054
HS	997	0	2139	309193
HS	996	0	2071	311264
HS	995	0	2093	313357
HS	994	0	2258	315615
HS	993	0	2160	317775
HS	992	0	2319	320094
HS	991	0	2212	322306
HS	990	0	2256	324562
HS	989	0	2157	326719
HS	988	0	2222	328941
HS	987	0	2312	331253
HS	986	0	2331	333584
HS	985	0	2362	335946
HS	984	0	2318	338264
HS	983	0	2332	340596
HS	982	0	2319	342915
HS	981	0	2396	345311
HS	980	0	2317	347628
HS	979	0	2333	349961
HS	978	0	2326	352287
HS	977	0	2522	354809
HS	976	0	2509	357318
HS	975	0	2483	359801
HS	974	0	2478	362279
HS	973	0	2456	364735
HS	972	0	2486	367221
HS	971	0	2612	369833
HS	970	0	2599	372432
HS	969	0	2529	374961
HS	968	0	2576	377537
HS	967	0	2616	380153
HS	966	0	2625	382778
HS	965	0	2634	385412
HS	964	0	2699	388111
HS	963	0	2716	390827
HS	962	0	2722	393549
HS	961	0	2715	396264
HS	960	0	2616	398880
HS	959	0	2734	401614
HS	958	0	2716	404330
HS	957	0	2796	407126
HS	956	0	2844	409970
HS	955	0	2892	412862
HS	954	0	2845	415707
HS	953	0	2915	418622
HS	952	0	2813	421435
HS	951	0	3011	424446
HS	950	0	2822	427268
HS	949	0	2990	430258
HS	948	0	2923	433181
HS	947	0	3025	436206
HS	946	0	2985	439191
HS	945	0	3040	442231
HS	944	0	3156	445387
HS	943	0	3159	448546
HS	942	0	3109	451655
HS	941	0	3155	454810
HS	940	0	3159	457969
HS	939	0	3198	461167
HS	938	0	3341	464508
HS	937	0	3183	467691
HS	936	0	3272	470963
HS	935	0	3341	474304
HS	934	0	3394	477698
HS	933	0	3379	481077
HS	932	0	3362	484439
HS	931	0	3338	487777
HS	930	0	3473	491250
HS	929	0	3382	494632
HS	928	0	3423	498055
HS	927	0	3501	501556
HS	926	0	3437	504993
HS	925	0	3445	508438
HS	924	0	3574	512012
HS	923	0	3483	515495
HS	922	0	3645	519140
HS	921	0	3652	522792
HS	920	0	3595	526387
HS	919	0	3690	530077
HS	918	0	3747	533824
HS	917	0	3666	537490
HS	916	0	3758	541248
HS	915	0	3766	545014
HS	914	0	3682	548696
HS	913	0	3795	552491
HS	912	0	3793	556284
HS	911	0	3696	559980
HS	910	0	3776	563756
HS	909	0	3941	567697
HS	908	0	3875	571572
HS	907	0	3822	575394
HS	906	0	3844	579238
HS	905	0	3898	583136
HS	904	0	4023	587159
HS	903	0	4007	591166
HS	902	0	3817	594983
HS	901	0	3967	598950
HS	900	0	4049	602999
HS	899	0	3883	606882
HS	898	0	4009	610891
HS	897	0	3934	614825
HS	896	0	4190	619015
HS	895	0	4000	623015
HS	894	0	4134	627149
HS	893	0	4124	631273
HS	892	0	4193	635466
HS	891	0	4173	639639
HS	890	0	4171	643810
HS	889	0	4283	648093
HS	888	0	4263	652356
HS	887	0	4191	656547
HS	886	0	4365	660912
HS	885	0	4427	665339
HS	884	0	4201	669540
HS	883	0	4475	674015
HS	882	0	4465	678480
HS	881	0	4362	682842
HS	880	0	4681	687523
HS	879	0	4556	692079
HS	878	0	4555	696634
HS	877	0	4676	701310
HS	876	0	4665	705975
HS	875	0	4552	710527
HS	874	0	4686	715213
HS	873	0	4625	719838
HS	872	0	4637	724475
HS	871	0	4696	729171
HS	870	0	4633	733804
HS	869	0	4726	738530
HS	868	0	4817	743347
HS	867	0	4817	748164
HS	866	0	4766	752930
HS	865	0	4733	757663
HS	864	0	4939	762602
HS	863	0	4823	767425
HS	862	0	4865	772290
HS	861	0	4798	777088
HS	860	0	4852	781940
HS	859	0	4850	786790
HS	858	0	4959	791749
HS	857	0	4878	796627
HS	856	0	5001	801628
HS	855	0	5012	806640
HS	854	0	4972	811612
HS	853	0	5113	816725
HS	852	0	5148	821873
HS	851	0	4983	826856
HS	850	0	5041	831897
HS	849	0	5122	837019
HS	848	0	5208	842227
HS	847	0	5140	847367
HS	846	0	5097	852464
HS	845	0	5127	857591
HS	844	0	5243	862834
HS	843	0	5127	867961
HS	842	0	5094	873055
HS	841	0	5187	878242
HS	840	0	5223	883465
HS	839	0	5221	888686
HS	838	0	5261	893947
HS	837	0	5308	899255
HS	836	0	5318	904573
HS	835	0	5347	909920
HS	834	0	5269	915189
HS	833	0	5355	920544
HS	832	0	5397	925941
HS	831	0	5323	931264
HS	830	0	5533	936797
HS	829	0	5404	942201
HS	828	0	5502	947703
HS	827	0	5468	953171
HS	826	0	5498	958669
HS	825	0	5488	964157
HS	824	0	5523	969680
HS	823	0	5412	975092
HS	822	0	5626	980718
HS	821	0	5708	986426
HS	820	0	5604	992030
HS	819	0	5613	997643
HS	818	0	5764	1003407
HS	817	0	5720	1009127
HS	816	0	5847	1014974
HS	815	0	5817	1020791
HS	814	0	5871	1026662
HS	813	0	5843	1032505
HS	812	0	5766	1038271
HS	811	0	5770	1044041
HS	810	0	5957	1049998
HS	809	0	6003	1056001
HS	808	0	5843	1061844
HS	807	0	5955	1067799
HS	806	0	6156	1073955
HS	805	0	6151	1080106
HS	804	0	6153	1086259
HS	803	0	6143	1092402
HS	802	0	6129	1098531
HS	801	0	6127	1104658
HS	800	0	6252	1110910
HS	799	0	6108	1117018
HS	798	0	6150	1123168
HS	797	0	6217	1129385
HS	796	0	6192	1135577
HS	795	0	6198	1141775
HS	794	0	6133	1147908
HS	793	0	6249	1154157
HS	792	0	6205	1160362
HS	791	0	6304	1166666
HS	790	0	6304	1172970
HS	789	0	6177	1179147
HS	788	0	6219	1185366
HS	787	0	6190	1191556
HS	786	0	6381	1197937
HS	785	0	6341	1204278
HS	784	0	6438	1210716
HS	783	0	6399	1217115
HS	782	0	6475	1223590
HS	781	0	6327	1229917
HS	780	0	6474	1236391
HS	779	0	6481	1242872
HS	778	0	6647	1249519
HS	777	0	6583	1256102
HS	776	0	6615	1262717
HS	775	0	6516	1269233
HS	774	0	6629	1275862
HS	773	0	6536	1282398
HS	772	0	6499	1288897
HS	771	0	6628	1295525
HS	770	0	6629	1302154
HS	769	0	6765	1308919
HS	768	0	6675	1315594
HS	767	0	6544	1322138
HS	766	0	6521	1328659
HS	765	0	6698	1335357
HS	764	0	6916	1342273
HS	763	0	6653	1348926
HS	762	0	6594	1355520
HS	761	0	6740	1362260
HS	760	0	6725	1368985
HS	759	0	6672	1375657
HS	758	0	6804	1382461
HS	757	0	6776	1389237
HS	756	0	6798	1396035
HS	755	0	6748	1402783
HS	754	0	6853	1409636
HS	753	0	6612	1416248
HS	752	0	6888	1423136
HS	751	0	6819	1429955
HS	750	0	6806	1436761
HS	749	0	6823	1443584
HS	748	0	6977	1450561
HS	747	0	6868	1457429
HS	746	0	6814	1464243
HS	745	0	6959	1471202
HS	744	0	6974	1478176
HS	743	0	6973	1485149
HS	742	0	6959	1492108
HS	741	0	7006	1499114
HS	740	0	6943	1506057
HS	739	0	7044	1513101
HS	738	0	7045	1520146
HS	737	0	6945	1527091
HS	736	0	7097	1534188
HS	735	0	6946	1541134
HS	734	0	7022	1548156
HS	733	0	7030	1555186
HS	732	0	7193	1562379
HS	731	0	7085	1569464
HS	730	0	6981	1576445
HS	729	0	7094	1583539
HS	728	0	7060	1590599
HS	727	0	7004	1597603
HS	726	0	7257	1604860
HS	725	0	7154	1612014
HS	724	0	7412	1619426
HS	723	0	7249	1626675
HS	722	0	7271	1633946
HS	721	0	7284	1641230
HS	720	0	7344	1648574
HS	719	0	7340	1655914
HS	718	0	7466	1663380
HS	717	0	7317	1670697
HS	716	0	7262	1677959
HS	715	0	7335	1685294
HS	714	0	7146	1692440
HS	713	0	7434	1699874
HS	712	0	7311	1707185
HS	711	0	7151	1714336
HS	710	0	7386	1721722
HS	709	0	7373	1729095
HS	708	0	7370	1736465
HS	707	0	7412	1743877
HS	706	0	7313	1751190
HS	705	0	7326	1758516
HS	704	0	7373	1765889
HS	703	0	7262	1773151
HS	702	0	7361	1780512
HS	701	0	7432	1787944
HS	700	0	7406	1795350
HS	699	0	7354	1802704
HS	698	0	7466	1810170
HS	697	0	7641	1817811
HS	696	0	7451	1825262
HS	695	0	7466	1832728
HS	694	0	7522	1840250
HS	693	0	7488	1847738
HS	692	0	7555	1855293
HS	691	0	7653	1862946
HS	690	0	7671	1870617
HS	689	0	7516	1878133
HS	688	0	7677	1885810
HS	687	0	7658	1893468
HS	686	0	7501	1900969
HS	685	0	7503	1908472
HS	684	0	7602	1916074
HS	683	0	7681	1923755
HS	682	0	7661	1931416
HS	681	0	7355	1938771
HS	680	0	7704	1946475
HS	679	0	7820	1954295
HS	678	0	7730	1962025
HS	677	0	7728	1969753
HS	676	0	7638	1977391
HS	675	0	7645	1985036
HS	674	0	7673	1992709
HS	673	0	7816	2000525
HS	672	0	7691	2008216
HS	671	0	7522	2015738
HS	670	0	7577	2023315
HS	669	0	7431	2030746
HS	668	0	7603	2038349
HS	667	0	7669	2046018
HS	666	0	7750	2053768
HS	665	0	7516	2061284
HS	664	0	7631	2068915
HS	663	0	7633	2076548
HS	662	0	7607	2084155
HS	661	0	7654	2091809
HS	660	0	7870	2099679
HS	659	0	7943	2107622
HS	658	0	7809	2115431
HS	657	0	7686	2123117
HS	656	0	7768	2130885
HS	655	0	7828	2138713
HS	654	0	7778	2146491
HS	653	0	7932	2154423
HS	652	0	7852	2162275
HS	651	0	7829	2170104
HS	650	0	7729	2177833
HS	649	0	7821	2185654
HS	648	0	7766	2193420
HS	647	0	7868	2201288
HS	646	0	7874	2209162
HS	645	0	7943	2217105
HS	644	0	7942	2225047
HS	643	0	7890	2232937
HS	642	0	7832	2240769
HS	641	0	7920	2248689
HS	640	0	7851	2256540
HS	639	0	7835	2264375
HS	638	0	7834	2272209
HS	637	0	7875	2280084
HS	636	0	7823	2287907
HS	635	0	7748	2295655
HS	634	0	8118	2303773
HS	633	0	7964	2311737
HS	632	0	7946	2319683
HS	631	0	7715	2327398
HS	630	0	7924	2335322
HS	629	0	7879	2343201
HS	628	0	8100	2351301
HS	627	0	7911	2359212
HS	626	0	7910	2367122
HS	625	0	7906	2375028
HS	624	0	7810	2382838
HS	623	0	7960	2390798
HS	622	0	7790	2398588
HS	621	0	7838	2406426
HS	620	0	8039	2414465
HS	619	0	7972	2422437
HS	618	0	7946	2430383
HS	617	0	7809	2438192
HS	616	0	7828	2446020
HS	615	0	7911	2453931
HS	614	0	7929	2461860
HS	613	0	7962	2469822
HS	612	0	7949	2477771
HS	611	0	7701	2485472
HS	610	0	7798	2493270
HS	609	0	7909	2501179
HS	608	0	8037	2509216
HS	607	0	7907	2517123
HS	606	0	7971	2525094
HS	605	0	7892	2532986
HS	604	0	7807	2540793
HS	603	0	7936	2548729
HS	602	0	7928	2556657
HS	601	0	7889	2564546
HS	600	0	7978	2572524
HS	599	0	8061	2580585
HS	598	0	8071	2588656
HS	597	0	7880	2596536
HS	596	0	8016	2604552
HS	595	0	7767	2612319
HS	594	0	7848	2620167
HS	593	0	7907	2628074
HS	592	0	7785	2635859
HS	591	0	7955	2643814
HS	590	0	8035	2651849
HS	589	0	7997	2659846
HS	588	0	8040	2667886
HS	587	0	7899	2675785
HS	586	0	7991	2683776
HS	585	0	7962	2691738
HS	584	0	8018	2699756
HS	583	0	7958	2707714
HS	582	0	7868	2715582
HS	581	0	7976	2723558
HS	580	0	7972	2731530
HS	579	0	7967	2739497
HS	578	0	7929	2747426
HS	577	0	7977	2755403
HS	576	0	7971	2763374
HS	575	0	7925	2771299
HS	574	0	7914	2779213
HS	573	0	7940	2787153
HS	572	0	7806	2794959
HS	571	0	7715	2802674
HS	570	0	7805	2810479
HS	569	0	7974	2818453
HS	568	0	8002	2826455
HS	567	0	7993	2834448
HS	566	0	7869	2842317
HS	565	0	7943	2850260
HS	564	0	7907	2858167
HS	563	0	7967	2866134
HS	562	0	7825	2873959
HS	561	0	7898	2881857
HS	560	0	8033	2889890
HS	559	0	7884	2897774
HS	558	0	7826	2905600
HS	557	0	8033	2913633
HS	556	0	7929	2921562
HS	555	0	7928	2929490
HS	554	0	7983	2937473
HS	553	0	7958	2945431
HS	552	0	7892	2953323
HS	551	0	8078	2961401
HS	550	0	8268	2969669
HS	549	0	8065	2977734
HS	548	0	8210	2985944
HS	547	0	8071	2994015
HS	546	0	8087	3002102
HS	545	0	8088	3010190
HS	544	0	8069	3018259
HS	543	0	8001	3026260
HS	542	0	8005	3034265
HS	541	0	8135	3042400
HS	540	0	8144	3050544
HS	539	0	8000	3058544
HS	538	0	7892	3066436
HS	537	0	7924	3074360
HS	536	0	8106	3082466
HS	535	0	7961	3090427
HS	534	0	8138	3098565
HS	533	0	8076	3106641
HS	532	0	7995	3114636
HS	531	0	7973	3122609
HS	530	0	7949	3130558
HS	529	0	8152	3138710
HS	528	0	8153	3146863
HS	527	0	7911	3154774
HS	526	0	7908	3162682
HS	525	0	8017	3170699
HS	524	0	8028	3178727
HS	523	0	8087	3186814
HS	522	0	8092	3194906
HS	521	0	8227	3203133
HS	520	0	8187	3211320
HS	519	0	8021	3219341
HS	518	0	8193	3227534
HS	517	0	8037	3235571
HS	516	0	8135	3243706
HS	515	0	8197	3251903
HS	514	0	8205	3260108
HS	513	0	8161	3268269
HS	512	0	8346	3276615
HS	511	0	8095	3284710
HS	510	0	8083	3292793
HS	509	0	8229	3301022
HS	508	0	8335	3309357
HS	507	0	8540	3317897
HS	506	0	8405	3326302
HS	505	0	8482	3334784
HS	504	0	8373	3343157
HS	503	0	8262	3351419
HS	502	0	8384	3359803
HS	501	0	8473	3368276
HS	500	0	8387	3376663
HS	499	0	8522	3385185
HS	498	0	8406	3393591
HS	497	0	8640	3402231
HS	496	0	8416	3410647
HS	495	0	8494	3419141
HS	494	0	8556	3427697
HS	493	0	8520	3436217
HS	492	0	8539	3444756
HS	491	0	8567	3453323
HS	490	0	8588	3461911
HS	489	0	8713	3470624
HS	488	0	8780	3479404
HS	487	0	8687	3488091
HS	486	0	8821	3496912
HS	485	0	8689	3505601
HS	484	0	8890	3514491
HS	483	0	8837	3523328
HS	482	0	8784	3532112
HS	481	0	8798	3540910
HS	480	0	8817	3549727
HS	479	0	8920	3558647
HS	478	0	9051	3567698
HS	477	0	8903	3576601
HS	476	0	9141	3585742
HS	475	0	9057	3594799
HS	474	0	8965	3603764
HS	473	0	8970	3612734
HS	472	0	8985	3621719
HS	471	0	9090	3630809
HS	470	0	9155	3639964
HS	469	0	8853	3648817
HS	468	0	9077	3657894
HS	467	0	8992	3666886
HS	466	0	9006	3675892
HS	465	0	9131	3685023
HS	464	0	9061	3694084
HS	463	0	8960	3703044
HS	462	0	9053	3712097
HS	461	0	9117	3721214
HS	460	0	8855	3730069
HS	459	0	9016	3739085
HS	458	0	9058	3748143
HS	457	0	9094	3757237
HS	456	0	8995	3766232
HS	455	0	8892	3775124
HS	454	0	9102	3784226
HS	453	0	9123	3793349
HS	452	0	9062	3802411
HS	451	0	9070	3811481
HS	450	0	9024	3820505
HS	449	0	8975	3829480
HS	448	0	9198	3838678
HS	447	0	9191	3847869
HS	446	0	9039	3856908
HS	445	0	9283	3866191
HS	444	0	9203	3875394
HS	443	0	9141	3884535
HS	442	0	9330	3893865
HS	441	0	9211	3903076
HS	440	0	9168	3912244
HS	439	0	9117	3921361
HS	438	0	9042	3930403
HS	437	0	9273	3939676
HS	436	0	9086	3948762
HS	435	0	9078	3957840
HS	434	0	9090	3966930
HS	433	0	9252	3976182
HS	432	0	9258	3985440
HS	431	0	9113	3994553
HS	430	0	9153	4003706
HS	429	0	9269	4012975
HS	428	0	9088	4022063
HS	427	0	9282	4031345
HS	426	0	9236	4040581
HS	425	0	9310	4049891
HS	424	0	9178	4059069
HS	423	0	9181	4068250
HS	422	0	9206	4077456
HS	421	0	9247	4086703
HS	420	0	9431	4096134
HS	419	0	9302	4105436
HS	418	0	9262	4114698
HS	417	0	9253	4123951
HS	416	0	9171	4133122
HS	415	0	9311	4142433
HS	414	0	9323	4151756
HS	413	0	9415	4161171
HS	412	0	9326	4170497
HS	411	0	9147	4179644
HS	410	0	9247	4188891
HS	409	0	9247	4198138
HS	408	0	9462	4207600
HS	407	0	9177	4216777
HS	406	0	9117	4225894
HS	405	0	9106	4235000
HS	404	0	9201	4244201
HS	403	0	9137	4253338
HS	402	0	9169	4262507
HS	401	0	9387	4271894
HS	400	0	9397	4281291
HS	399	0	9510	4290801
HS	398	0	9286	4300087
HS	397	0	9384	4309471
HS	396	0	9397	4318868
HS	395	0	9334	4328202
HS	394	0	9372	4337574
HS	393	0	9129	4346703
HS	392	0	9295	4355998
HS	391	0	9372	4365370
HS	390	0	9324	4374694
HS	389	0	9269	4383963
HS	388	0	9404	4393367
HS	387	0	9262	4402629
HS	386	0	9229	4411858
HS	385	0	9244	4421102
HS	384	0	9302	4430404
HS	383	0	9273	4439677
HS	382	0	9280	4448957
HS	381	0	9256	4458213
HS	380	0	9131	4467344
HS	379	0	9010	4476354
HS	378	0	9228	4485582
HS	377	0	8979	4494561
HS	376	0	8976	4503537
HS	375	0	8966	4512503
HS	374	0	8963	4521466
HS	373	0	9141	4530607
HS	372	0	8958	4539565
HS	371	0	8740	4548305
HS	370	0	8908	4557213
HS	369	0	8859	4566072
HS	368	0	8969	4575041
HS	367	0	8983	4584024
HS	366	0	8769	4592793
HS	365	0	8678	4601471
HS	364	0	8913	4610384
HS	363	0	8804	4619188
HS	362	0	8792	4627980
HS	361	0	8893	4636873
HS	360	0	8724	4645597
HS	359	0	8730	4654327
HS	358	0	8598	4662925
HS	357	0	8573	4671498
HS	356	0	8865	4680363
HS	355	0	8526	4688889
HS	354	0	8728	4697617
HS	353	0	8549	4706166
HS	352	0	8507	4714673
HS	351	0	8453	4723126
HS	350	0	8345	4731471
HS	349	0	8299	4739770
HS	348	0	8139	4747909
HS	347	0	8148	4756057
HS	346	0	8005	4764062
HS	345	0	8053	4772115
HS	344	0	7923	4780038
HS	343	0	8113	4788151
HS	342	0	7958	4796109
HS	341	0	7906	4804015
HS	340	0	7875	4811890
HS	339	0	7734	4819624
HS	338	0	7810	4827434
HS	337	0	7659	4835093
HS	336	0	7693	4842786
HS	335	0	7661	4850447
HS	334	0	7543	4857990
HS	333	0	7257	4865247
HS	332	0	7309	4872556
HS	331	0	7235	4879791
HS	330	0	7276	4887067
HS	329	0	7215	4894282
HS	328	0	7031	4901313
HS	327	0	6981	4908294
HS	326	0	6891	4915185
HS	325	0	6903	4922088
HS	324	0	6638	4928726
HS	323	0	6767	4935493
HS	322	0	6749	4942242
HS	321	0	6549	4948791
HS	320	0	6549	4955340
HS	319	0	6452	4961792
HS	318	0	6352	4968144
HS	317	0	6491	4974635
HS	316	0	6509	4981144
HS	315	0	6322	4987466
HS	314	0	6366	4993832
HS	313	0	6184	5000016
HS	312	0	5911	5005927
HS	311	0	5897	5011824
HS	310	0	5837	5017661
HS	309	0	5816	5023477
HS	308	0	5816	5029293
HS	307	0	5721	5035014
HS	306	0	5773	5040787
HS	305	0	5485	5046272
HS	304	0	5470	5051742
HS	303	0	5586	5057328
HS	302	0	5229	5062557
HS	301	0	5185	5067742
HS	300	0	5066	5072808
HS	299	0	5096	5077904
HS	298	0	4861	5082765
HS	297	0	4681	5087446
HS	296	0	4598	5092044
HS	295	0	4787	5096831
HS	294	0	4738	5101569
HS	293	0	4563	5106132
HS	292	0	4545	5110677
HS	291	0	4270	5114947
HS	290	0	4332	5119279
HS	289	0	4149	5123428
HS	288	0	4327	5127755
HS	287	0	4156	5131911
HS	286	0	4206	5136117
HS	285	0	4089	5140206
HS	284	0	4056	5144262
HS	283	0	3974	5148236
HS	282	0	4022	5152258
HS	281	0	3840	5156098
HS	280	0	3830	5159928
HS	279	0	3670	5163598
HS	278	0	3579	5167177
HS	277	0	3511	5170688
HS	276	0	3536	5174224
HS	275	0	3546	5177770
HS	274	0	3351	5181121
HS	273	0	3304	5184425
HS	272	0	3217	5187642
HS	271	0	3237	5190879
HS	270	0	3077	5193956
HS	269	0	3110	5197066
HS	268	0	2994	5200060
HS	267	0	2882	5202942
HS	266	0	2923	5205865
HS	265	0	2790	5208655
HS	264	0	2809	5211464
HS	263	0	2602	5214066
HS	262	0	2620	5216686
HS	261	0	2449	5219135
HS	260	0	2511	5221646
HS	259	0	2405	5224051
HS	258	0	2326	5226377
HS	257	0	2346	5228723
HS	256	0	2167	5230890
HS	255	0	2136	5233026
HS	254	0	2046	5235072
HS	253	0	2098	5237170
HS	252	0	2011	5239181
HS	251	0	2098	5241279
HS	250	0	1943	5243222
HS	249	0	1914	5245136
HS	248	0	1896	5247032
HS	247	0	1768	5248800
HS	246	0	1700	5250500
HS	245	0	1848	5252348
HS	244	0	1666	5254014
HS	243	0	1690	5255704
HS	242	0	1602	5257306
HS	241	0	1534	5258840
HS	240	0	1492	5260332
HS	239	0	1483	5261815
HS	238	0	1408	5263223
HS	237	0	1334	5264557
HS	236	0	1266	5265823
HS	235	0	1211	5267034
HS	234	0	1226	5268260
HS	233	0	1199	5269459
HS	232	0	1133	5270592
HS	231	0	1132	5271724
HS	230	0	1144	5272868
HS	229	0	1079	5273947
HS	228	0	986	5274933
HS	227	0	1036	5275969
HS	226	0	998	5276967
HS	225	0	952	5277919
HS	224	0	896	5278815
HS	223	0	866	5279681
HS	222	0	864	5280545
HS	221	0	853	5281398
HS	220	0	785	5282183
HS	219	0	748	5282931
HS	218	0	792	5283723
HS	217	0	710	5284433
HS	216	0	665	5285098
HS	215	0	674	5285772
HS	214	0	607	5286379
HS	213	0	596	5286975
HS	212	0	607	5287582
HS	211	0	540	5288122
HS	210	0	518	5288640
HS	209	0	541	5289181
HS	208	0	545	5289726
HS	207	0	496	5290222
HS	206	0	455	5290677
HS	205	0	434	5291111
HS	204	0	403	5291514
HS	203	0	389	5291903
HS	202	0	395	5292298
HS	201	0	405	5292703
HS	200	0	415	5293118
HS	199	0	417	5293535
HS	198	0	409	5293944
HS	197	0	377	5294321
HS	196	0	349	5294670
HS	195	0	319	5294989
HS	194	0	379	5295368
HS	193	0	329	5295697
HS	192	0	357	5296054
HS	191	0	346	5296400
HS	190	0	345	5296745
HS	189	0	331	5297076
HS	188	0	328	5297404
HS	187	0	341	5297745
HS	186	0	373	5298118
HS	185	0	347	5298465
HS	184	0	406	5298871
HS	183	0	375	5299246
HS	182	0	381	5299627
HS	181	0	394	5300021
HS	180	0	424	5300445
HS	179	0	419	5300864
HS	178	0	447	5301311
HS	177	0	440	5301751
HS	176	0	462	5302213
HS	175	0	433	5302646
HS	174	0	495	5303141
HS	173	0	518	5303659
HS	172	0	563	5304222
HS	171	0	530	5304752
HS	170	0	591	5305343
HS	169	0	603	5305946
HS	168	0	606	5306552
HS	167	0	642	5307194
HS	166	0	684	5307878
HS	165	0	716	5308594
HS	164	0	751	5309345
HS	163	0	854	5310199
HS	162	0	860	5311059
HS	161	0	875	5311934
HS	160	0	834	5312768
HS	159	0	1025	5313793
HS	158	0	1043	5314836
HS	157	0	1122	5315958
HS	156	0	1165	5317123
HS	155	0	1122	5318245
HS	154	0	1227	5319472
HS	153	0	1252	5320724
HS	152	0	1352	5322076
HS	151	0	1396	5323472
HS	150	0	1508	5324980
HS	149	0	1516	5326496
HS	148	0	1703	5328199
HS	147	0	1770	5329969
HS	146	0	1744	5331713
HS	145	0	1749	5333462
HS	144	0	1768	5335230
HS	143	0	1805	5337035
HS	142	0	1972	5339007
HS	141	0	2069	5341076
HS	140	0	1964	5343040
HS	139	0	2129	5345169
HS	138	0	2229	5347398
HS	137	0	2261	5349659
HS	136	0	2359	5352018
HS	135	0	2499	5354517
HS	134	0	2593	5357110
HS	133	0	2776	5359886
HS	132	0	2842	5362728
HS	131	0	2901	5365629
HS	130	0	2963	5368592
HS	129	0	3068	5371660
HS	128	0	3239	5374899
HS	127	0	3310	5378209
HS	126	0	3269	5381478
HS	125	0	3351	5384829
HS	124	0	3380	5388209
HS	123	0	3399	5391608
HS	122	0	3491	5395099
HS	121	0	3482	5398581
HS	120	0	3619	5402200
HS	119	0	3624	5405824
HS	118	0	3624	5409448
HS	117	0	3581	5413029
HS	116	0	3584	5416613
HS	115	0	3616	5420229
HS	114	0	3635	5423864
HS	113	0	3794	5427658
HS	112	0	3865	5431523
HS	111	0	3709	5435232
HS	110	0	3793	5439025
HS	109	0	3832	5442857
HS	108	0	3946	5446803
HS	107	0	3894	5450697
HS	106	0	3694	5454391
HS	105	0	3642	5458033
HS	104	0	3535	5461568
HS	103	0	3389	5464957
HS	102	0	3413	5468370
HS	101	0	3378	5471748
HS	100	0	3418	5475166
HS	99	0	3251	5478417
HS	98	0	3216	5481633
HS	97	0	3131	5484764
HS	96	0	3036	5487800
HS	95	0	2786	5490586
HS	94	0	2746	5493332
HS	93	0	2586	5495918
HS	92	0	2430	5498348
HS	91	0	2375	5500723
HS	90	0	2322	5503045
HS	89	0	2229	5505274
HS	88	0	2110	5507384
HS	87	0	2029	5509413
HS	86	0	1854	5511267
HS	85	0	1818	5513085
HS	84	0	1780	5514865
HS	83	0	1712	5516577
HS	82	0	1462	5518039
HS	81	0	1593	5519632
HS	80	0	1418	5521050
HS	79	0	1421	5522471
HS	78	0	1300	5523771
HS	77	0	1258	5525029
HS	76	0	1224	5526253
HS	75	0	1104	5527357
HS	74	0	1035	5528392
HS	73	0	1014	5529406
HS	72	0	981	5530387
HS	71	0	875	5531262
HS	70	0	841	5532103
HS	69	0	771	5532874
HS	68	0	694	5533568
HS	67	0	700	5534268
HS	66	0	724	5534992
HS	65	0	658	5535650
HS	64	0	755	5536405
HS	63	0	736	5537141
HS	62	0	678	5537819
HS	61	0	639	5538458
HS	60	0	693	5539151
HS	59	0	700	5539851
HS	58	0	721	5540572
HS	57	0	741	5541313
HS	56	0	786	5542099
HS	55	0	810	5542909
HS	54	0	814	5543723
HS	53	0	777	5544500
HS	52	0	905	5545405
HS	51	0	933	5546338
HS	50	0	973	5547311
HS	49	0	1066	5548377
HS	48	0	1056	5549433
HS	47	0	1151	5550584
HS	46	0	1181	5551765
HS	45	0	1198	5552963
HS	44	0	1204	5554167
HS	43	0	1376	5555543
HS	42	0	1663	5557206
HS	41	0	1917	5559123
HS	40	0	1983	5561106
HS	39	0	2270	5563376
HS	38	0	2507	5565883
HS	37	0	2672	5568555
HS	36	0	3042	5571597
HS	35	0	3589	5575186
HS	34	0	4152	5579338
HS	33	0	4482	5583820
HS	32	0	4961	5588781
HS	31	0	5641	5594422
HS	30	0	6399	5600821
HS	29	0	7246	5608067
HS	28	0	8284	5616351
HS	27	0	9711	5626062
HS	26	0	10770	5636832
HS	25	0	12583	5649415
HS	24	0	14593	5664008
HS	23	0	17061	5681069
HS	22	0	19383	5700452
HS	21	0	23381	5723833
HS	20	0	28066	5751899
HS	19	0	34666	5786565
HS	18	0	40034	5826599
HS	17	0	47624	5874223
HS	16	0	56904	5931127
HS	15	0	68131	5999258
HS	14	0	85202	6084460
HS	13	0	104432	6188892
HS	12	0	130983	6319875
HS	11	0	162765	6482640
HS	10	0	206165	6688805
HS	9	0	265474	6954279
HS	8	0	357578	7311857
HS	7	0	502615	7814472
HS	6	0	765803	8580275
HS	5	0	1351597	9931872
HS	4	0	2885122	12816994
HS	3	0	7732547	20549541
HS	2	0	25650962	46200503
HS	1	0	0	46200503
HS	0	0	0	46200503
