CC	CT  kmer_occurrence    short_read_kmer_count  raw_input_kmer_count  adjusted_input_kmer_count
CC	FR  fpr_lower_bound    fpr_upper_bound
CC	ER  total_input_kmers  adjusted_error_kmers
CC	CV  coverage
CC	QV  raw_quality_value  adjusted_quality_value
CC
SQ	CP126529.1	274876	274846	274846	99.00
SQ	CP126528.1	290368	290338	290338	99.00
SQ	CP126525.1	5243919	5243889	5243756	60.87
CT	1023	23384	72796	72796.000
CT	1022	10	51	51.000
CT	1021	12	31	31.000
CT	1020	16	92	92.000
CT	1019	12	60	60.000
CT	1018	9	73	73.000
CT	1017	15	60	60.000
CT	1016	13	60	60.000
CT	1015	15	68	68.000
CT	1014	10	85	85.000
CT	1013	9	43	43.000
CT	1012	11	60	60.000
CT	1011	12	48	48.000
CT	1010	12	50	50.000
CT	1009	17	99	99.000
CT	1008	14	116	116.000
CT	1007	19	108	108.000
CT	1006	15	103	103.000
CT	1005	19	127	127.000
CT	1004	19	90	90.000
CT	1003	16	80	80.000
CT	1002	12	62	62.000
CT	1001	11	62	62.000
CT	1000	10	60	60.000
CT	999	10	67	67.000
CT	998	13	80	80.000
CT	997	7	36	36.000
CT	996	11	61	61.000
CT	995	12	97	97.000
CT	994	10	51	51.000
CT	993	9	49	49.000
CT	992	8	52	52.000
CT	991	10	61	61.000
CT	990	10	80	80.000
CT	989	4	36	36.000
CT	988	9	75	75.000
CT	987	5	38	38.000
CT	986	2	6	6.000
CT	985	7	60	60.000
CT	984	2	8	8.000
CT	983	8	60	60.000
CT	982	12	79	79.000
CT	981	6	33	33.000
CT	980	10	75	75.000
CT	979	8	50	50.000
CT	978	10	42	42.000
CT	977	12	58	58.000
CT	976	6	24	24.000
CT	975	7	25	25.000
CT	974	10	64	64.000
CT	973	21	120	120.000
CT	972	11	40	40.000
CT	971	14	91	91.000
CT	970	6	47	47.000
CT	969	11	76	76.000
CT	968	20	89	89.000
CT	967	13	97	97.000
CT	966	14	53	53.000
CT	965	10	60	60.000
CT	964	13	70	70.000
CT	963	10	48	48.000
CT	962	6	37	37.000
CT	961	6	27	27.000
CT	960	14	94	94.000
CT	959	9	35	35.000
CT	958	14	85	85.000
CT	957	10	47	47.000
CT	956	7	25	25.000
CT	955	12	70	70.000
CT	954	7	65	65.000
CT	953	9	54	54.000
CT	952	13	88	88.000
CT	951	10	53	53.000
CT	950	6	23	23.000
CT	949	2	14	14.000
CT	948	7	42	42.000
CT	947	7	45	45.000
CT	946	9	26	26.000
CT	945	8	30	30.000
CT	944	5	17	17.000
CT	943	10	44	44.000
CT	942	8	58	58.000
CT	941	6	22	22.000
CT	940	4	17	17.000
CT	939	10	66	66.000
CT	938	13	77	77.000
CT	937	6	32	32.000
CT	936	9	38	38.000
CT	935	9	32	32.000
CT	934	4	34	34.000
CT	933	6	32	32.000
CT	932	12	60	60.000
CT	931	16	101	101.000
CT	930	13	64	64.000
CT	929	12	56	56.000
CT	928	12	76	76.000
CT	927	12	68	68.000
CT	926	11	66	66.000
CT	925	9	36	36.000
CT	924	8	46	46.000
CT	923	21	121	121.000
CT	922	11	65	65.000
CT	921	19	113	113.000
CT	920	9	42	42.000
CT	919	9	34	34.000
CT	918	17	103	103.000
CT	917	14	87	87.000
CT	916	10	44	44.000
CT	915	14	56	56.000
CT	914	13	64	64.000
CT	913	4	56	56.000
CT	912	9	50	50.000
CT	911	7	34	34.000
CT	910	8	39	39.000
CT	909	14	67	67.000
CT	908	15	104	104.000
CT	907	10	44	44.000
CT	906	8	38	38.000
CT	905	20	94	94.000
CT	904	6	31	31.000
CT	903	8	35	35.000
CT	902	13	63	63.000
CT	901	4	21	21.000
CT	900	11	46	46.000
CT	899	16	85	85.000
CT	898	13	71	71.000
CT	897	17	95	95.000
CT	896	14	64	64.000
CT	895	8	42	42.000
CT	894	11	39	39.000
CT	893	7	37	37.000
CT	892	7	25	25.000
CT	891	11	60	60.000
CT	890	9	37	37.000
CT	889	6	23	23.000
CT	888	6	38	38.000
CT	887	11	45	45.000
CT	886	3	23	23.000
CT	885	12	60	60.000
CT	884	8	34	34.000
CT	883	3	19	19.000
CT	882	7	43	43.000
CT	881	10	49	49.000
CT	880	6	26	26.000
CT	879	9	38	38.000
CT	878	6	22	22.000
CT	877	6	20	20.000
CT	876	7	23	23.000
CT	875	6	22	22.000
CT	874	6	27	27.000
CT	873	6	20	20.000
CT	872	2	6	6.000
CT	871	9	29	29.000
CT	870	10	50	50.000
CT	869	15	58	58.000
CT	868	10	44	44.000
CT	867	9	43	43.000
CT	866	7	33	33.000
CT	865	10	34	34.000
CT	864	5	17	17.000
CT	863	6	21	21.000
CT	862	9	45	45.000
CT	861	10	32	32.000
CT	860	6	23	23.000
CT	859	11	40	40.000
CT	858	11	46	46.000
CT	857	15	49	49.000
CT	856	13	44	44.000
CT	855	10	38	38.000
CT	854	9	37	37.000
CT	853	7	32	32.000
CT	852	11	36	36.000
CT	851	6	21	21.000
CT	850	13	47	47.000
CT	849	13	41	41.000
CT	848	11	39	39.000
CT	847	16	71	71.000
CT	846	12	50	50.000
CT	845	12	54	54.000
CT	844	9	38	38.000
CT	843	12	43	43.000
CT	842	22	82	82.000
CT	841	18	72	72.000
CT	840	21	80	80.000
CT	839	18	68	68.000
CT	838	19	65	65.000
CT	837	15	59	59.000
CT	836	14	52	52.000
CT	835	13	52	52.000
CT	834	21	88	88.000
CT	833	14	47	47.000
CT	832	14	52	52.000
CT	831	12	50	50.000
CT	830	11	44	44.000
CT	829	18	61	61.000
CT	828	14	54	54.000
CT	827	18	63	63.000
CT	826	10	32	32.000
CT	825	14	60	60.000
CT	824	14	52	52.000
CT	823	14	41	41.000
CT	822	15	47	47.000
CT	821	14	48	48.000
CT	820	11	35	35.000
CT	819	15	44	44.000
CT	818	13	50	50.000
CT	817	8	25	25.000
CT	816	9	36	36.000
CT	815	14	40	40.000
CT	814	11	35	35.000
CT	813	10	31	31.000
CT	812	8	33	33.000
CT	811	7	25	25.000
CT	810	8	22	22.000
CT	809	9	34	34.000
CT	808	16	49	49.000
CT	807	9	39	39.000
CT	806	11	40	40.000
CT	805	15	56	56.000
CT	804	13	54	54.000
CT	803	14	53	53.000
CT	802	10	35	35.000
CT	801	11	29	29.000
CT	800	5	19	19.000
CT	799	7	32	32.000
CT	798	16	51	51.000
CT	797	13	42	42.000
CT	796	17	47	47.000
CT	795	12	36	36.000
CT	794	10	35	35.000
CT	793	12	48	48.000
CT	792	17	46	46.000
CT	791	24	79	79.000
CT	790	18	54	54.000
CT	789	16	51	51.000
CT	788	18	61	61.000
CT	787	13	47	47.000
CT	786	21	73	73.000
CT	785	18	65	65.000
CT	784	15	47	47.000
CT	783	22	80	80.000
CT	782	12	31	31.000
CT	781	25	79	79.000
CT	780	22	87	87.000
CT	779	23	80	80.000
CT	778	14	41	41.000
CT	777	27	98	98.000
CT	776	20	53	53.000
CT	775	16	56	56.000
CT	774	21	56	56.000
CT	773	14	44	44.000
CT	772	22	48	48.000
CT	771	25	84	84.000
CT	770	19	66	66.000
CT	769	16	40	40.000
CT	768	12	46	46.000
CT	767	20	62	62.000
CT	766	20	73	73.000
CT	765	14	59	59.000
CT	764	16	54	54.000
CT	763	20	66	66.000
CT	762	34	86	86.000
CT	761	29	76	76.000
CT	760	21	76	76.000
CT	759	21	53	53.000
CT	758	15	27	27.000
CT	757	26	72	72.000
CT	756	23	41	41.000
CT	755	17	44	44.000
CT	754	27	77	77.000
CT	753	29	69	69.000
CT	752	20	72	72.000
CT	751	26	79	79.000
CT	750	24	47	47.000
CT	749	24	65	65.000
CT	748	17	44	44.000
CT	747	15	28	28.000
CT	746	31	56	56.000
CT	745	19	43	43.000
CT	744	25	49	49.000
CT	743	26	71	71.000
CT	742	31	63	63.000
CT	741	34	62	62.000
CT	740	24	46	46.000
CT	739	22	47	47.000
CT	738	40	65	65.000
CT	737	35	69	69.000
CT	736	23	51	51.000
CT	735	38	75	75.000
CT	734	25	47	47.000
CT	733	28	54	54.000
CT	732	24	56	56.000
CT	731	23	41	41.000
CT	730	22	52	52.000
CT	729	27	51	51.000
CT	728	22	61	61.000
CT	727	19	37	37.000
CT	726	33	95	95.000
CT	725	22	55	55.000
CT	724	26	44	44.000
CT	723	29	59	59.000
CT	722	17	37	37.000
CT	721	26	68	68.000
CT	720	31	63	63.000
CT	719	32	73	73.000
CT	718	25	56	56.000
CT	717	37	78	78.000
CT	716	24	62	62.000
CT	715	36	64	64.000
CT	714	33	72	72.000
CT	713	27	57	57.000
CT	712	22	40	40.000
CT	711	38	82	82.000
CT	710	28	53	53.000
CT	709	26	41	41.000
CT	708	33	74	74.000
CT	707	17	43	43.000
CT	706	28	66	66.000
CT	705	31	52	52.000
CT	704	24	47	47.000
CT	703	30	58	58.000
CT	702	26	65	65.000
CT	701	25	38	38.000
CT	700	32	65	65.000
CT	699	25	48	48.000
CT	698	47	92	92.000
CT	697	30	55	55.000
CT	696	42	91	91.000
CT	695	38	64	64.000
CT	694	33	75	75.000
CT	693	37	76	76.000
CT	692	28	65	65.000
CT	691	31	56	56.000
CT	690	37	67	67.000
CT	689	30	47	47.000
CT	688	32	59	59.000
CT	687	33	55	55.000
CT	686	32	60	60.000
CT	685	36	73	73.000
CT	684	36	81	81.000
CT	683	37	52	52.000
CT	682	30	70	70.000
CT	681	33	55	55.000
CT	680	35	69	69.000
CT	679	30	61	61.000
CT	678	29	63	63.000
CT	677	31	48	48.000
CT	676	34	71	71.000
CT	675	39	79	79.000
CT	674	28	64	64.000
CT	673	24	53	53.000
CT	672	28	53	53.000
CT	671	27	50	50.000
CT	670	35	63	63.000
CT	669	32	54	54.000
CT	668	31	61	61.000
CT	667	41	69	69.000
CT	666	38	78	78.000
CT	665	30	59	59.000
CT	664	37	62	62.000
CT	663	35	74	74.000
CT	662	32	55	55.000
CT	661	44	94	94.000
CT	660	51	86	86.000
CT	659	42	81	81.000
CT	658	49	98	98.000
CT	657	53	86	86.000
CT	656	39	65	65.000
CT	655	50	80	80.000
CT	654	67	94	94.000
CT	653	65	102	102.000
CT	652	53	83	83.000
CT	651	47	76	76.000
CT	650	50	85	85.000
CT	649	59	95	95.000
CT	648	51	84	84.000
CT	647	56	85	85.000
CT	646	44	61	61.000
CT	645	49	74	74.000
CT	644	45	70	70.000
CT	643	45	70	70.000
CT	642	50	76	76.000
CT	641	45	62	62.000
CT	640	55	92	92.000
CT	639	44	75	75.000
CT	638	67	105	105.000
CT	637	68	117	117.000
CT	636	68	112	112.000
CT	635	69	111	111.000
CT	634	70	120	120.000
CT	633	61	98	98.000
CT	632	53	74	74.000
CT	631	73	138	138.000
CT	630	61	104	104.000
CT	629	79	129	129.000
CT	628	66	123	123.000
CT	627	88	143	143.000
CT	626	80	131	131.000
CT	625	79	134	134.000
CT	624	73	121	121.000
CT	623	64	99	99.000
CT	622	90	144	144.000
CT	621	79	109	109.000
CT	620	94	149	149.000
CT	619	67	104	104.000
CT	618	79	135	135.000
CT	617	98	148	148.000
CT	616	103	160	160.000
CT	615	93	147	147.000
CT	614	89	144	144.000
CT	613	102	164	164.000
CT	612	92	146	146.000
CT	611	87	127	127.000
CT	610	96	153	153.000
CT	609	107	166	166.000
CT	608	107	197	197.000
CT	607	115	166	166.000
CT	606	101	163	163.000
CT	605	98	143	143.000
CT	604	97	151	151.000
CT	603	121	166	166.000
CT	602	93	132	132.000
CT	601	114	155	155.000
CT	600	107	145	145.000
CT	599	97	136	136.000
CT	598	103	153	153.000
CT	597	95	126	126.000
CT	596	103	144	144.000
CT	595	112	162	162.000
CT	594	108	146	146.000
CT	593	109	136	136.000
CT	592	123	170	170.000
CT	591	112	167	167.000
CT	590	117	147	147.000
CT	589	137	180	180.000
CT	588	143	178	178.000
CT	587	143	186	186.000
CT	586	144	194	194.000
CT	585	136	173	173.000
CT	584	134	186	186.000
CT	583	152	214	214.000
CT	582	148	198	198.000
CT	581	146	198	198.000
CT	580	150	205	205.000
CT	579	153	209	209.000
CT	578	169	224	224.000
CT	577	150	209	209.000
CT	576	148	192	192.000
CT	575	154	207	207.000
CT	574	184	235	235.000
CT	573	183	246	246.000
CT	572	183	266	266.000
CT	571	172	255	255.000
CT	570	152	212	212.000
CT	569	162	228	228.000
CT	568	143	185	185.000
CT	567	161	214	214.000
CT	566	175	243	243.000
CT	565	171	254	254.000
CT	564	170	246	246.000
CT	563	148	197	197.000
CT	562	168	234	234.000
CT	561	169	227	227.000
CT	560	186	299	299.000
CT	559	172	234	234.000
CT	558	172	254	254.000
CT	557	179	259	259.000
CT	556	212	296	296.000
CT	555	180	268	268.000
CT	554	200	293	293.000
CT	553	178	249	249.000
CT	552	166	242	242.000
CT	551	165	233	233.000
CT	550	186	266	266.000
CT	549	151	217	217.000
CT	548	180	241	241.000
CT	547	193	273	273.000
CT	546	169	232	232.000
CT	545	176	238	238.000
CT	544	155	198	198.000
CT	543	182	231	231.000
CT	542	180	238	238.000
CT	541	183	239	239.000
CT	540	207	259	259.000
CT	539	200	250	250.000
CT	538	203	249	249.000
CT	537	198	266	266.000
CT	536	193	260	260.000
CT	535	182	241	241.000
CT	534	196	285	285.000
CT	533	178	226	226.000
CT	532	190	256	256.000
CT	531	190	255	255.000
CT	530	216	295	295.000
CT	529	181	230	230.000
CT	528	204	281	281.000
CT	527	175	234	234.000
CT	526	172	231	231.000
CT	525	198	260	260.000
CT	524	188	260	260.000
CT	523	188	268	268.000
CT	522	225	317	317.000
CT	521	210	312	312.000
CT	520	195	252	252.000
CT	519	246	313	313.000
CT	518	189	255	255.000
CT	517	200	271	271.000
CT	516	206	260	260.000
CT	515	206	264	264.000
CT	514	239	305	305.000
CT	513	206	278	278.000
CT	512	210	279	279.000
CT	511	185	240	240.000
CT	510	241	303	303.000
CT	509	233	324	324.000
CT	508	234	296	296.000
CT	507	235	298	298.000
CT	506	220	281	281.000
CT	505	230	299	299.000
CT	504	243	291	291.000
CT	503	252	311	311.000
CT	502	251	310	310.000
CT	501	228	271	271.000
CT	500	231	286	286.000
CT	499	262	327	327.000
CT	498	258	328	328.000
CT	497	237	315	315.000
CT	496	250	309	309.000
CT	495	236	270	270.000
CT	494	257	328	328.000
CT	493	261	326	326.000
CT	492	270	341	341.000
CT	491	250	324	324.000
CT	490	239	300	300.000
CT	489	276	347	347.000
CT	488	282	353	353.000
CT	487	265	307	307.000
CT	486	271	364	364.000
CT	485	281	339	339.000
CT	484	306	376	376.000
CT	483	286	350	350.000
CT	482	276	340	340.000
CT	481	286	362	362.000
CT	480	289	373	373.000
CT	479	299	387	387.000
CT	478	294	367	367.000
CT	477	310	388	388.000
CT	476	313	386	386.000
CT	475	336	409	409.000
CT	474	296	352	352.000
CT	473	318	381	381.000
CT	472	358	433	433.000
CT	471	318	389	389.000
CT	470	331	404	404.000
CT	469	387	451	451.000
CT	468	366	426	426.000
CT	467	346	408	408.000
CT	466	322	378	378.000
CT	465	380	437	437.000
CT	464	347	418	418.000
CT	463	334	400	400.000
CT	462	366	433	433.000
CT	461	335	380	380.000
CT	460	383	447	447.000
CT	459	400	474	474.000
CT	458	350	424	424.000
CT	457	368	433	433.000
CT	456	360	436	436.000
CT	455	377	461	461.000
CT	454	402	511	511.000
CT	453	389	469	469.000
CT	452	398	471	471.000
CT	451	435	529	529.000
CT	450	418	501	501.000
CT	449	412	486	486.000
CT	448	371	451	451.000
CT	447	447	540	540.000
CT	446	424	516	516.000
CT	445	418	500	500.000
CT	444	425	512	512.000
CT	443	427	507	507.000
CT	442	443	511	511.000
CT	441	448	541	541.000
CT	440	454	537	537.000
CT	439	448	531	531.000
CT	438	397	465	465.000
CT	437	441	517	517.000
CT	436	436	541	541.000
CT	435	468	568	568.000
CT	434	445	519	519.000
CT	433	454	536	536.000
CT	432	485	559	559.000
CT	431	465	524	524.000
CT	430	472	543	543.000
CT	429	524	589	589.000
CT	428	478	536	536.000
CT	427	486	549	549.000
CT	426	480	540	540.000
CT	425	502	570	570.000
CT	424	518	587	587.000
CT	423	501	556	556.000
CT	422	556	632	632.000
CT	421	483	546	546.000
CT	420	511	570	570.000
CT	419	527	605	605.000
CT	418	513	578	578.000
CT	417	565	619	619.000
CT	416	568	636	636.000
CT	415	580	628	628.000
CT	414	583	639	639.000
CT	413	580	645	645.000
CT	412	645	711	711.000
CT	411	661	730	730.000
CT	410	649	707	707.000
CT	409	627	673	673.000
CT	408	602	666	666.000
CT	407	655	749	749.000
CT	406	623	693	693.000
CT	405	674	742	742.000
CT	404	670	735	735.000
CT	403	590	655	655.000
CT	402	643	705	705.000
CT	401	646	699	699.000
CT	400	700	777	777.000
CT	399	666	725	725.000
CT	398	688	754	754.000
CT	397	708	768	768.000
CT	396	714	783	783.000
CT	395	757	832	832.000
CT	394	832	907	907.000
CT	393	800	868	868.000
CT	392	858	915	915.000
CT	391	814	877	877.000
CT	390	841	895	895.000
CT	389	913	974	974.000
CT	388	883	955	955.000
CT	387	898	964	964.000
CT	386	912	967	967.000
CT	385	955	1035	1035.000
CT	384	933	1010	1010.000
CT	383	974	1046	1046.000
CT	382	976	1029	1029.000
CT	381	1033	1092	1092.000
CT	380	1053	1108	1108.000
CT	379	1110	1181	1181.000
CT	378	1149	1224	1224.000
CT	377	1208	1276	1276.000
CT	376	1177	1262	1262.000
CT	375	1178	1235	1235.000
CT	374	1275	1349	1349.000
CT	373	1253	1311	1311.000
CT	372	1300	1352	1352.000
CT	371	1308	1371	1371.000
CT	370	1350	1404	1404.000
CT	369	1393	1435	1435.000
CT	368	1347	1389	1389.000
CT	367	1393	1440	1440.000
CT	366	1418	1476	1476.000
CT	365	1404	1459	1459.000
CT	364	1465	1528	1528.000
CT	363	1452	1500	1500.000
CT	362	1485	1520	1520.000
CT	361	1618	1668	1668.000
CT	360	1559	1605	1605.000
CT	359	1574	1622	1622.000
CT	358	1667	1712	1712.000
CT	357	1622	1662	1662.000
CT	356	1668	1712	1712.000
CT	355	1645	1692	1692.000
CT	354	1720	1757	1757.000
CT	353	1798	1836	1836.000
CT	352	1785	1829	1829.000
CT	351	1928	1978	1978.000
CT	350	1903	1967	1967.000
CT	349	1950	1999	1999.000
CT	348	2048	2097	2097.000
CT	347	2036	2075	2075.000
CT	346	2008	2054	2054.000
CT	345	2128	2180	2180.000
CT	344	2281	2347	2347.000
CT	343	2263	2323	2323.000
CT	342	2450	2508	2508.000
CT	341	2474	2536	2536.000
CT	340	2503	2566	2566.000
CT	339	2646	2690	2690.000
CT	338	2578	2635	2635.000
CT	337	2703	2778	2778.000
CT	336	2744	2793	2793.000
CT	335	2881	2937	2937.000
CT	334	2891	2934	2934.000
CT	333	2924	2980	2980.000
CT	332	2970	3008	3008.000
CT	331	3177	3237	3237.000
CT	330	3259	3315	3315.000
CT	329	3251	3301	3301.000
CT	328	3314	3360	3360.000
CT	327	3472	3547	3547.000
CT	326	3524	3573	3573.000
CT	325	3539	3600	3600.000
CT	324	3692	3748	3748.000
CT	323	3870	3943	3943.000
CT	322	3911	3959	3959.000
CT	321	3919	3976	3976.000
CT	320	4060	4106	4106.000
CT	319	4133	4180	4180.000
CT	318	4160	4199	4199.000
CT	317	4424	4483	4483.000
CT	316	4380	4448	4448.000
CT	315	4705	4786	4786.000
CT	314	4884	4940	4940.000
CT	313	4909	4963	4963.000
CT	312	5021	5068	5068.000
CT	311	5006	5060	5060.000
CT	310	5192	5246	5246.000
CT	309	5425	5463	5463.000
CT	308	5550	5611	5611.000
CT	307	5652	5700	5700.000
CT	306	5920	5999	5999.000
CT	305	5858	5921	5921.000
CT	304	6179	6247	6247.000
CT	303	6377	6433	6433.000
CT	302	6595	6673	6673.000
CT	301	6530	6575	6575.000
CT	300	6900	6938	6938.000
CT	299	7109	7174	7174.000
CT	298	7184	7242	7242.000
CT	297	7435	7493	7493.000
CT	296	7526	7578	7578.000
CT	295	7783	7841	7841.000
CT	294	8046	8099	8099.000
CT	293	8138	8184	8184.000
CT	292	8345	8397	8397.000
CT	291	8573	8629	8629.000
CT	290	8835	8879	8879.000
CT	289	9032	9078	9078.000
CT	288	9423	9485	9485.000
CT	287	9662	9705	9705.000
CT	286	9787	9821	9821.000
CT	285	9891	9930	9930.000
CT	284	10418	10466	10466.000
CT	283	10544	10585	10585.000
CT	282	10711	10738	10738.000
CT	281	11289	11332	11332.000
CT	280	11156	11214	11214.000
CT	279	11858	11903	11903.000
CT	278	11816	11852	11852.000
CT	277	12379	12439	12439.000
CT	276	12584	12635	12635.000
CT	275	12769	12789	12789.000
CT	274	13045	13069	13069.000
CT	273	13473	13491	13491.000
CT	272	13773	13818	13818.000
CT	271	14228	14257	14257.000
CT	270	14734	14760	14760.000
CT	269	14709	14739	14739.000
CT	268	15336	15361	15361.000
CT	267	15448	15486	15486.000
CT	266	15755	15767	15767.000
CT	265	16158	16186	16186.000
CT	264	16455	16490	16490.000
CT	263	17146	17171	17171.000
CT	262	17282	17306	17306.000
CT	261	17772	17804	17804.000
CT	260	18246	18287	18287.000
CT	259	18439	18470	18470.000
CT	258	18811	18849	18849.000
CT	257	19247	19274	19274.000
CT	256	19373	19390	19390.000
CT	255	20092	20121	20121.000
CT	254	20557	20583	20583.000
CT	253	20821	20836	20836.000
CT	252	21243	21269	21269.000
CT	251	22173	22199	22199.000
CT	250	22453	22482	22482.000
CT	249	23029	23055	23055.000
CT	248	23309	23326	23326.000
CT	247	24299	24328	24328.000
CT	246	24486	24508	24508.000
CT	245	25088	25123	25123.000
CT	244	26042	26064	26064.000
CT	243	26239	26249	26249.000
CT	242	26687	26702	26702.000
CT	241	27513	27534	27534.000
CT	240	28238	28256	28256.000
CT	239	28452	28473	28473.000
CT	238	28771	28791	28791.000
CT	237	29636	29666	29666.000
CT	236	29925	29943	29943.000
CT	235	30291	30317	30317.000
CT	234	31064	31084	31084.000
CT	233	31631	31653	31653.000
CT	232	32115	32135	32135.000
CT	231	32856	32878	32878.000
CT	230	33526	33563	33563.000
CT	229	33871	33892	33892.000
CT	228	33918	33935	33935.000
CT	227	34279	34309	34309.000
CT	226	34652	34662	34662.000
CT	225	35137	35171	35171.000
CT	224	35377	35404	35404.000
CT	223	36477	36494	36494.000
CT	222	36717	36733	36733.000
CT	221	37160	37183	37183.000
CT	220	37467	37480	37480.000
CT	219	37914	37947	37947.000
CT	218	37952	37978	37978.000
CT	217	38724	38737	38737.000
CT	216	39340	39360	39360.000
CT	215	40034	40070	40070.000
CT	214	40791	40815	40815.000
CT	213	41298	41313	41313.000
CT	212	41598	41605	41605.000
CT	211	41964	41976	41976.000
CT	210	42460	42492	42492.000
CT	209	42746	42784	42784.000
CT	208	43084	43112	43112.000
CT	207	43427	43447	43447.000
CT	206	43399	43427	43427.000
CT	205	43933	43959	43959.000
CT	204	43964	44000	44000.000
CT	203	44506	44523	44523.000
CT	202	44589	44614	44614.000
CT	201	45043	45076	45076.000
CT	200	44984	44994	44994.000
CT	199	45070	45085	45085.000
CT	198	45207	45222	45222.000
CT	197	45491	45501	45501.000
CT	196	45744	45748	45748.000
CT	195	45851	45875	45875.000
CT	194	45996	46002	46002.000
CT	193	45982	45990	45990.000
CT	192	46313	46322	46322.000
CT	191	46135	46146	46146.000
CT	190	45638	45663	45663.000
CT	189	45386	45393	45393.000
CT	188	45779	45781	45781.000
CT	187	45722	45722	45722.000
CT	186	45699	45703	45703.000
CT	185	45517	45520	45520.000
CT	184	45185	45191	45191.000
CT	183	45063	45050	45050.000
CT	182	44698	44691	44691.000
CT	181	44888	44887	44887.000
CT	180	44561	44571	44571.000
CT	179	44384	44374	44374.000
CT	178	44508	44498	44498.000
CT	177	44395	44395	44395.000
CT	176	43830	43824	43824.000
CT	175	43793	43800	43800.000
CT	174	43668	43665	43665.000
CT	173	43036	43026	43026.000
CT	172	42888	42892	42892.000
CT	171	42172	42172	42172.000
CT	170	41716	41710	41710.000
CT	169	41500	41496	41496.000
CT	168	41489	41483	41483.000
CT	167	40985	40985	40985.000
CT	166	40678	40669	40669.000
CT	165	39660	39683	39683.000
CT	164	39569	39579	39579.000
CT	163	38485	38490	38490.000
CT	162	38137	38134	38134.000
CT	161	37272	37273	37273.000
CT	160	36491	36500	36500.000
CT	159	36512	36526	36526.000
CT	158	35107	35124	35124.000
CT	157	34804	34822	34822.000
CT	156	34082	34096	34096.000
CT	155	33449	33492	33492.000
CT	154	32999	33014	33014.000
CT	153	32364	32380	32380.000
CT	152	31972	31978	31978.000
CT	151	31562	31565	31565.000
CT	150	30240	30245	30245.000
CT	149	29883	29889	29889.000
CT	148	29153	29160	29160.000
CT	147	28381	28373	28373.000
CT	146	27380	27380	27380.000
CT	145	26880	26878	26878.000
CT	144	26165	26159	26159.000
CT	143	25387	25404	25404.000
CT	142	24747	24760	24760.000
CT	141	24033	24016	24016.000
CT	140	23646	23627	23627.000
CT	139	22547	22521	22521.000
CT	138	22175	22138	22138.000
CT	137	21365	21333	21333.000
CT	136	20461	20428	20428.000
CT	135	20058	20040	20040.000
CT	134	19827	19814	19814.000
CT	133	19190	19176	19176.000
CT	132	18576	18560	18560.000
CT	131	17930	17927	17927.000
CT	130	17122	17104	17104.000
CT	129	16921	16904	16904.000
CT	128	16332	16308	16308.000
CT	127	15688	15677	15677.000
CT	126	15362	15354	15354.000
CT	125	14923	14908	14908.000
CT	124	14442	14421	14421.000
CT	123	14008	13976	13976.000
CT	122	13533	13516	13516.000
CT	121	12966	12939	12939.000
CT	120	12525	12475	12475.000
CT	119	12122	12092	12092.000
CT	118	11539	11506	11506.000
CT	117	11067	11027	11027.000
CT	116	10646	10619	10619.000
CT	115	9970	9934	9934.000
CT	114	9664	9642	9642.000
CT	113	9046	9024	9024.000
CT	112	8858	8846	8846.000
CT	111	8413	8401	8401.000
CT	110	8061	8032	8032.000
CT	109	7931	7892	7892.000
CT	108	7498	7490	7490.000
CT	107	7139	7153	7153.000
CT	106	6856	6861	6861.000
CT	105	6421	6409	6409.000
CT	104	6229	6206	6206.000
CT	103	5969	5962	5962.000
CT	102	5590	5553	5553.000
CT	101	5359	5327	5327.000
CT	100	5042	5019	5019.000
CT	99	4869	4826	4826.000
CT	98	4535	4498	4498.000
CT	97	4244	4205	4205.000
CT	96	3968	3931	3931.000
CT	95	3947	3880	3880.000
CT	94	3733	3659	3659.000
CT	93	3561	3508	3508.000
CT	92	3293	3210	3210.000
CT	91	3048	2997	2997.000
CT	90	2945	2887	2887.000
CT	89	2797	2695	2695.000
CT	88	2586	2498	2498.000
CT	87	2456	2388	2388.000
CT	86	2239	2165	2165.000
CT	85	2195	2095	2095.000
CT	84	2144	2063	2063.000
CT	83	1998	1918	1918.000
CT	82	1801	1697	1697.000
CT	81	1783	1694	1694.000
CT	80	1649	1560	1560.000
CT	79	1454	1370	1370.000
CT	78	1476	1375	1375.000
CT	77	1429	1339	1339.000
CT	76	1382	1281	1281.000
CT	75	1295	1194	1194.000
CT	74	1305	1155	1155.000
CT	73	1133	997	997.000
CT	72	1045	906	906.000
CT	71	993	859	859.000
CT	70	1007	836	836.000
CT	69	881	717	717.000
CT	68	899	731	731.000
CT	67	844	656	656.000
CT	66	954	730	730.000
CT	65	903	685	685.000
CT	64	850	663	663.000
CT	63	766	587	587.000
CT	62	751	570	570.000
CT	61	771	601	601.000
CT	60	802	567	567.000
CT	59	801	538	538.000
CT	58	725	464	464.000
CT	57	738	418	418.000
CT	56	688	372	372.000
CT	55	646	339	339.000
CT	54	746	377	377.000
CT	53	672	352	352.000
CT	52	691	296	296.000
CT	51	663	303	303.000
CT	50	682	237	237.000
CT	49	720	287	287.000
CT	48	787	286	286.000
CT	47	787	305	305.000
CT	46	809	269	269.000
CT	45	731	176	176.000
CT	44	752	178	178.000
CT	43	827	160	160.000
CT	42	896	160	160.000
CT	41	1077	229	229.000
CT	40	1176	199	199.000
CT	39	1219	220	220.000
CT	38	1356	215	215.000
CT	37	1399	170	169.999
CT	36	1460	140	139.999
CT	35	1553	95	94.999
CT	34	1648	113	112.999
CT	33	1799	103	102.999
CT	32	2012	88	87.999
CT	31	2326	91	90.999
CT	30	2596	130	129.999
CT	29	3130	54	53.999
CT	28	3567	61	60.999
CT	27	3916	57	56.998
CT	26	4632	90	89.998
CT	25	5099	86	85.998
CT	24	5711	111	110.998
CT	23	6628	109	108.997
CT	22	8266	87	86.997
CT	21	9689	94	93.996
CT	20	11347	81	80.995
CT	19	13088	82	81.995
CT	18	15880	97	96.994
CT	17	18680	66	65.992
CT	16	23092	95	94.991
CT	15	28016	89	88.989
CT	14	34109	92	91.986
CT	13	42940	90	89.982
CT	12	53700	109	108.978
CT	11	68475	107	106.972
CT	10	88757	67	66.964
CT	9	118141	56	55.952
CT	8	159386	91	90.935
CT	7	228418	109	108.907
CT	6	341239	58	57.861
CT	5	562754	61	60.770
CT	4	1096844	63	62.552
CT	3	2829932	83	81.844
CT	2	11017970	9	4.500
CT	1	0	0	0.224
CT	0	0	133	0.008
FR	0	8.17e-07
ER	5809073	139.642
CV	1.000
QV	61.316	61.104
