HS	1023	0	23384	23384
HS	1022	0	10	23394
HS	1021	0	12	23406
HS	1020	0	16	23422
HS	1019	0	12	23434
HS	1018	0	9	23443
HS	1017	0	15	23458
HS	1016	0	13	23471
HS	1015	0	15	23486
HS	1014	0	10	23496
HS	1013	0	9	23505
HS	1012	0	11	23516
HS	1011	0	12	23528
HS	1010	0	12	23540
HS	1009	0	17	23557
HS	1008	0	14	23571
HS	1007	0	19	23590
HS	1006	0	15	23605
HS	1005	0	19	23624
HS	1004	0	19	23643
HS	1003	0	16	23659
HS	1002	0	12	23671
HS	1001	0	11	23682
HS	1000	0	10	23692
HS	999	0	10	23702
HS	998	0	13	23715
HS	997	0	7	23722
HS	996	0	11	23733
HS	995	0	12	23745
HS	994	0	10	23755
HS	993	0	9	23764
HS	992	0	8	23772
HS	991	0	10	23782
HS	990	0	10	23792
HS	989	0	4	23796
HS	988	0	9	23805
HS	987	0	5	23810
HS	986	0	2	23812
HS	985	0	7	23819
HS	984	0	2	23821
HS	983	0	8	23829
HS	982	0	12	23841
HS	981	0	6	23847
HS	980	0	10	23857
HS	979	0	8	23865
HS	978	0	10	23875
HS	977	0	12	23887
HS	976	0	6	23893
HS	975	0	7	23900
HS	974	0	10	23910
HS	973	0	21	23931
HS	972	0	11	23942
HS	971	0	14	23956
HS	970	0	6	23962
HS	969	0	11	23973
HS	968	0	20	23993
HS	967	0	13	24006
HS	966	0	14	24020
HS	965	0	10	24030
HS	964	0	13	24043
HS	963	0	10	24053
HS	962	0	6	24059
HS	961	0	6	24065
HS	960	0	14	24079
HS	959	0	9	24088
HS	958	0	14	24102
HS	957	0	10	24112
HS	956	0	7	24119
HS	955	0	12	24131
HS	954	0	7	24138
HS	953	0	9	24147
HS	952	0	13	24160
HS	951	0	10	24170
HS	950	0	6	24176
HS	949	0	2	24178
HS	948	0	7	24185
HS	947	0	7	24192
HS	946	0	9	24201
HS	945	0	8	24209
HS	944	0	5	24214
HS	943	0	10	24224
HS	942	0	8	24232
HS	941	0	6	24238
HS	940	0	4	24242
HS	939	0	10	24252
HS	938	0	13	24265
HS	937	0	6	24271
HS	936	0	9	24280
HS	935	0	9	24289
HS	934	0	4	24293
HS	933	0	6	24299
HS	932	0	12	24311
HS	931	0	16	24327
HS	930	0	13	24340
HS	929	0	12	24352
HS	928	0	12	24364
HS	927	0	12	24376
HS	926	0	11	24387
HS	925	0	9	24396
HS	924	0	8	24404
HS	923	0	21	24425
HS	922	0	11	24436
HS	921	0	19	24455
HS	920	0	9	24464
HS	919	0	9	24473
HS	918	0	17	24490
HS	917	0	14	24504
HS	916	0	10	24514
HS	915	0	14	24528
HS	914	0	13	24541
HS	913	0	4	24545
HS	912	0	9	24554
HS	911	0	7	24561
HS	910	0	8	24569
HS	909	0	14	24583
HS	908	0	15	24598
HS	907	0	10	24608
HS	906	0	8	24616
HS	905	0	20	24636
HS	904	0	6	24642
HS	903	0	8	24650
HS	902	0	13	24663
HS	901	0	4	24667
HS	900	0	11	24678
HS	899	0	16	24694
HS	898	0	13	24707
HS	897	0	17	24724
HS	896	0	14	24738
HS	895	0	8	24746
HS	894	0	11	24757
HS	893	0	7	24764
HS	892	0	7	24771
HS	891	0	11	24782
HS	890	0	9	24791
HS	889	0	6	24797
HS	888	0	6	24803
HS	887	0	11	24814
HS	886	0	3	24817
HS	885	0	12	24829
HS	884	0	8	24837
HS	883	0	3	24840
HS	882	0	7	24847
HS	881	0	10	24857
HS	880	0	6	24863
HS	879	0	9	24872
HS	878	0	6	24878
HS	877	0	6	24884
HS	876	0	7	24891
HS	875	0	6	24897
HS	874	0	6	24903
HS	873	0	6	24909
HS	872	0	2	24911
HS	871	0	9	24920
HS	870	0	10	24930
HS	869	0	15	24945
HS	868	0	10	24955
HS	867	0	9	24964
HS	866	0	7	24971
HS	865	0	10	24981
HS	864	0	5	24986
HS	863	0	6	24992
HS	862	0	9	25001
HS	861	0	10	25011
HS	860	0	6	25017
HS	859	0	11	25028
HS	858	0	11	25039
HS	857	0	15	25054
HS	856	0	13	25067
HS	855	0	10	25077
HS	854	0	9	25086
HS	853	0	7	25093
HS	852	0	11	25104
HS	851	0	6	25110
HS	850	0	13	25123
HS	849	0	13	25136
HS	848	0	11	25147
HS	847	0	16	25163
HS	846	0	12	25175
HS	845	0	12	25187
HS	844	0	9	25196
HS	843	0	12	25208
HS	842	0	22	25230
HS	841	0	18	25248
HS	840	0	21	25269
HS	839	0	18	25287
HS	838	0	19	25306
HS	837	0	15	25321
HS	836	0	14	25335
HS	835	0	13	25348
HS	834	0	21	25369
HS	833	0	14	25383
HS	832	0	14	25397
HS	831	0	12	25409
HS	830	0	11	25420
HS	829	0	18	25438
HS	828	0	14	25452
HS	827	0	18	25470
HS	826	0	10	25480
HS	825	0	14	25494
HS	824	0	14	25508
HS	823	0	14	25522
HS	822	0	15	25537
HS	821	0	14	25551
HS	820	0	11	25562
HS	819	0	15	25577
HS	818	0	13	25590
HS	817	0	8	25598
HS	816	0	9	25607
HS	815	0	14	25621
HS	814	0	11	25632
HS	813	0	10	25642
HS	812	0	8	25650
HS	811	0	7	25657
HS	810	0	8	25665
HS	809	0	9	25674
HS	808	0	16	25690
HS	807	0	9	25699
HS	806	0	11	25710
HS	805	0	15	25725
HS	804	0	13	25738
HS	803	0	14	25752
HS	802	0	10	25762
HS	801	0	11	25773
HS	800	0	5	25778
HS	799	0	7	25785
HS	798	0	16	25801
HS	797	0	13	25814
HS	796	0	17	25831
HS	795	0	12	25843
HS	794	0	10	25853
HS	793	0	12	25865
HS	792	0	17	25882
HS	791	0	24	25906
HS	790	0	18	25924
HS	789	0	16	25940
HS	788	0	18	25958
HS	787	0	13	25971
HS	786	0	21	25992
HS	785	0	18	26010
HS	784	0	15	26025
HS	783	0	22	26047
HS	782	0	12	26059
HS	781	0	25	26084
HS	780	0	22	26106
HS	779	0	23	26129
HS	778	0	14	26143
HS	777	0	27	26170
HS	776	0	20	26190
HS	775	0	16	26206
HS	774	0	21	26227
HS	773	0	14	26241
HS	772	0	22	26263
HS	771	0	25	26288
HS	770	0	19	26307
HS	769	0	16	26323
HS	768	0	12	26335
HS	767	0	20	26355
HS	766	0	20	26375
HS	765	0	14	26389
HS	764	0	16	26405
HS	763	0	20	26425
HS	762	0	34	26459
HS	761	0	29	26488
HS	760	0	21	26509
HS	759	0	21	26530
HS	758	0	15	26545
HS	757	0	26	26571
HS	756	0	23	26594
HS	755	0	17	26611
HS	754	0	27	26638
HS	753	0	29	26667
HS	752	0	20	26687
HS	751	0	26	26713
HS	750	0	24	26737
HS	749	0	24	26761
HS	748	0	17	26778
HS	747	0	15	26793
HS	746	0	31	26824
HS	745	0	19	26843
HS	744	0	25	26868
HS	743	0	26	26894
HS	742	0	31	26925
HS	741	0	34	26959
HS	740	0	24	26983
HS	739	0	22	27005
HS	738	0	40	27045
HS	737	0	35	27080
HS	736	0	23	27103
HS	735	0	38	27141
HS	734	0	25	27166
HS	733	0	28	27194
HS	732	0	24	27218
HS	731	0	23	27241
HS	730	0	22	27263
HS	729	0	27	27290
HS	728	0	22	27312
HS	727	0	19	27331
HS	726	0	33	27364
HS	725	0	22	27386
HS	724	0	26	27412
HS	723	0	29	27441
HS	722	0	17	27458
HS	721	0	26	27484
HS	720	0	31	27515
HS	719	0	32	27547
HS	718	0	25	27572
HS	717	0	37	27609
HS	716	0	24	27633
HS	715	0	36	27669
HS	714	0	33	27702
HS	713	0	27	27729
HS	712	0	22	27751
HS	711	0	38	27789
HS	710	0	28	27817
HS	709	0	26	27843
HS	708	0	33	27876
HS	707	0	17	27893
HS	706	0	28	27921
HS	705	0	31	27952
HS	704	0	24	27976
HS	703	0	30	28006
HS	702	0	26	28032
HS	701	0	25	28057
HS	700	0	32	28089
HS	699	0	25	28114
HS	698	0	47	28161
HS	697	0	30	28191
HS	696	0	42	28233
HS	695	0	38	28271
HS	694	0	33	28304
HS	693	0	37	28341
HS	692	0	28	28369
HS	691	0	31	28400
HS	690	0	37	28437
HS	689	0	30	28467
HS	688	0	32	28499
HS	687	0	33	28532
HS	686	0	32	28564
HS	685	0	36	28600
HS	684	0	36	28636
HS	683	0	37	28673
HS	682	0	30	28703
HS	681	0	33	28736
HS	680	0	35	28771
HS	679	0	30	28801
HS	678	0	29	28830
HS	677	0	31	28861
HS	676	0	34	28895
HS	675	0	39	28934
HS	674	0	28	28962
HS	673	0	24	28986
HS	672	0	28	29014
HS	671	0	27	29041
HS	670	0	35	29076
HS	669	0	32	29108
HS	668	0	31	29139
HS	667	0	41	29180
HS	666	0	38	29218
HS	665	0	30	29248
HS	664	0	37	29285
HS	663	0	35	29320
HS	662	0	32	29352
HS	661	0	44	29396
HS	660	0	51	29447
HS	659	0	42	29489
HS	658	0	49	29538
HS	657	0	53	29591
HS	656	0	39	29630
HS	655	0	50	29680
HS	654	0	67	29747
HS	653	0	65	29812
HS	652	0	53	29865
HS	651	0	47	29912
HS	650	0	50	29962
HS	649	0	59	30021
HS	648	0	51	30072
HS	647	0	56	30128
HS	646	0	44	30172
HS	645	0	49	30221
HS	644	0	45	30266
HS	643	0	45	30311
HS	642	0	50	30361
HS	641	0	45	30406
HS	640	0	55	30461
HS	639	0	44	30505
HS	638	0	67	30572
HS	637	0	68	30640
HS	636	0	68	30708
HS	635	0	69	30777
HS	634	0	70	30847
HS	633	0	61	30908
HS	632	0	53	30961
HS	631	0	73	31034
HS	630	0	61	31095
HS	629	0	79	31174
HS	628	0	66	31240
HS	627	0	88	31328
HS	626	0	80	31408
HS	625	0	79	31487
HS	624	0	73	31560
HS	623	0	64	31624
HS	622	0	90	31714
HS	621	0	79	31793
HS	620	0	94	31887
HS	619	0	67	31954
HS	618	0	79	32033
HS	617	0	98	32131
HS	616	0	103	32234
HS	615	0	93	32327
HS	614	0	89	32416
HS	613	0	102	32518
HS	612	0	92	32610
HS	611	0	87	32697
HS	610	0	96	32793
HS	609	0	107	32900
HS	608	0	107	33007
HS	607	0	115	33122
HS	606	0	101	33223
HS	605	0	98	33321
HS	604	0	97	33418
HS	603	0	121	33539
HS	602	0	93	33632
HS	601	0	114	33746
HS	600	0	107	33853
HS	599	0	97	33950
HS	598	0	103	34053
HS	597	0	95	34148
HS	596	0	103	34251
HS	595	0	112	34363
HS	594	0	108	34471
HS	593	0	109	34580
HS	592	0	123	34703
HS	591	0	112	34815
HS	590	0	117	34932
HS	589	0	137	35069
HS	588	0	143	35212
HS	587	0	143	35355
HS	586	0	144	35499
HS	585	0	136	35635
HS	584	0	134	35769
HS	583	0	152	35921
HS	582	0	148	36069
HS	581	0	146	36215
HS	580	0	150	36365
HS	579	0	153	36518
HS	578	0	169	36687
HS	577	0	150	36837
HS	576	0	148	36985
HS	575	0	154	37139
HS	574	0	184	37323
HS	573	0	183	37506
HS	572	0	183	37689
HS	571	0	172	37861
HS	570	0	152	38013
HS	569	0	162	38175
HS	568	0	143	38318
HS	567	0	161	38479
HS	566	0	175	38654
HS	565	0	171	38825
HS	564	0	170	38995
HS	563	0	148	39143
HS	562	0	168	39311
HS	561	0	169	39480
HS	560	0	186	39666
HS	559	0	172	39838
HS	558	0	172	40010
HS	557	0	179	40189
HS	556	0	212	40401
HS	555	0	180	40581
HS	554	0	200	40781
HS	553	0	178	40959
HS	552	0	166	41125
HS	551	0	165	41290
HS	550	0	186	41476
HS	549	0	151	41627
HS	548	0	180	41807
HS	547	0	193	42000
HS	546	0	169	42169
HS	545	0	176	42345
HS	544	0	155	42500
HS	543	0	182	42682
HS	542	0	180	42862
HS	541	0	183	43045
HS	540	0	207	43252
HS	539	0	200	43452
HS	538	0	203	43655
HS	537	0	198	43853
HS	536	0	193	44046
HS	535	0	182	44228
HS	534	0	196	44424
HS	533	0	178	44602
HS	532	0	190	44792
HS	531	0	190	44982
HS	530	0	216	45198
HS	529	0	181	45379
HS	528	0	204	45583
HS	527	0	175	45758
HS	526	0	172	45930
HS	525	0	198	46128
HS	524	0	188	46316
HS	523	0	188	46504
HS	522	0	225	46729
HS	521	0	210	46939
HS	520	0	195	47134
HS	519	0	246	47380
HS	518	0	189	47569
HS	517	0	200	47769
HS	516	0	206	47975
HS	515	0	206	48181
HS	514	0	239	48420
HS	513	0	206	48626
HS	512	0	210	48836
HS	511	0	185	49021
HS	510	0	241	49262
HS	509	0	233	49495
HS	508	0	234	49729
HS	507	0	235	49964
HS	506	0	220	50184
HS	505	0	230	50414
HS	504	0	243	50657
HS	503	0	252	50909
HS	502	0	251	51160
HS	501	0	228	51388
HS	500	0	231	51619
HS	499	0	262	51881
HS	498	0	258	52139
HS	497	0	237	52376
HS	496	0	250	52626
HS	495	0	236	52862
HS	494	0	257	53119
HS	493	0	261	53380
HS	492	0	270	53650
HS	491	0	250	53900
HS	490	0	239	54139
HS	489	0	276	54415
HS	488	0	282	54697
HS	487	0	265	54962
HS	486	0	271	55233
HS	485	0	281	55514
HS	484	0	306	55820
HS	483	0	286	56106
HS	482	0	276	56382
HS	481	0	286	56668
HS	480	0	289	56957
HS	479	0	299	57256
HS	478	0	294	57550
HS	477	0	310	57860
HS	476	0	313	58173
HS	475	0	336	58509
HS	474	0	296	58805
HS	473	0	318	59123
HS	472	0	358	59481
HS	471	0	318	59799
HS	470	0	331	60130
HS	469	0	387	60517
HS	468	0	366	60883
HS	467	0	346	61229
HS	466	0	322	61551
HS	465	0	380	61931
HS	464	0	347	62278
HS	463	0	334	62612
HS	462	0	366	62978
HS	461	0	335	63313
HS	460	0	383	63696
HS	459	0	400	64096
HS	458	0	350	64446
HS	457	0	368	64814
HS	456	0	360	65174
HS	455	0	377	65551
HS	454	0	402	65953
HS	453	0	389	66342
HS	452	0	398	66740
HS	451	0	435	67175
HS	450	0	418	67593
HS	449	0	412	68005
HS	448	0	371	68376
HS	447	0	447	68823
HS	446	0	424	69247
HS	445	0	418	69665
HS	444	0	425	70090
HS	443	0	427	70517
HS	442	0	443	70960
HS	441	0	448	71408
HS	440	0	454	71862
HS	439	0	448	72310
HS	438	0	397	72707
HS	437	0	441	73148
HS	436	0	436	73584
HS	435	0	468	74052
HS	434	0	445	74497
HS	433	0	454	74951
HS	432	0	485	75436
HS	431	0	465	75901
HS	430	0	472	76373
HS	429	0	524	76897
HS	428	0	478	77375
HS	427	0	486	77861
HS	426	0	480	78341
HS	425	0	502	78843
HS	424	0	518	79361
HS	423	0	501	79862
HS	422	0	556	80418
HS	421	0	483	80901
HS	420	0	511	81412
HS	419	0	527	81939
HS	418	0	513	82452
HS	417	0	565	83017
HS	416	0	568	83585
HS	415	0	580	84165
HS	414	0	583	84748
HS	413	0	580	85328
HS	412	0	645	85973
HS	411	0	661	86634
HS	410	0	649	87283
HS	409	0	627	87910
HS	408	0	602	88512
HS	407	0	655	89167
HS	406	0	623	89790
HS	405	0	674	90464
HS	404	0	670	91134
HS	403	0	590	91724
HS	402	0	643	92367
HS	401	0	646	93013
HS	400	0	700	93713
HS	399	0	666	94379
HS	398	0	688	95067
HS	397	0	708	95775
HS	396	0	714	96489
HS	395	0	757	97246
HS	394	0	832	98078
HS	393	0	800	98878
HS	392	0	858	99736
HS	391	0	814	100550
HS	390	0	841	101391
HS	389	0	913	102304
HS	388	0	883	103187
HS	387	0	898	104085
HS	386	0	912	104997
HS	385	0	955	105952
HS	384	0	933	106885
HS	383	0	974	107859
HS	382	0	976	108835
HS	381	0	1033	109868
HS	380	0	1053	110921
HS	379	0	1110	112031
HS	378	0	1149	113180
HS	377	0	1208	114388
HS	376	0	1177	115565
HS	375	0	1178	116743
HS	374	0	1275	118018
HS	373	0	1253	119271
HS	372	0	1300	120571
HS	371	0	1308	121879
HS	370	0	1350	123229
HS	369	0	1393	124622
HS	368	0	1347	125969
HS	367	0	1393	127362
HS	366	0	1418	128780
HS	365	0	1404	130184
HS	364	0	1465	131649
HS	363	0	1452	133101
HS	362	0	1485	134586
HS	361	0	1618	136204
HS	360	0	1559	137763
HS	359	0	1574	139337
HS	358	0	1667	141004
HS	357	0	1622	142626
HS	356	0	1668	144294
HS	355	0	1645	145939
HS	354	0	1720	147659
HS	353	0	1798	149457
HS	352	0	1785	151242
HS	351	0	1928	153170
HS	350	0	1903	155073
HS	349	0	1950	157023
HS	348	0	2048	159071
HS	347	0	2036	161107
HS	346	0	2008	163115
HS	345	0	2128	165243
HS	344	0	2281	167524
HS	343	0	2263	169787
HS	342	0	2450	172237
HS	341	0	2474	174711
HS	340	0	2503	177214
HS	339	0	2646	179860
HS	338	0	2578	182438
HS	337	0	2703	185141
HS	336	0	2744	187885
HS	335	0	2881	190766
HS	334	0	2891	193657
HS	333	0	2924	196581
HS	332	0	2970	199551
HS	331	0	3177	202728
HS	330	0	3259	205987
HS	329	0	3251	209238
HS	328	0	3314	212552
HS	327	0	3472	216024
HS	326	0	3524	219548
HS	325	0	3539	223087
HS	324	0	3692	226779
HS	323	0	3870	230649
HS	322	0	3911	234560
HS	321	0	3919	238479
HS	320	0	4060	242539
HS	319	0	4133	246672
HS	318	0	4160	250832
HS	317	0	4424	255256
HS	316	0	4380	259636
HS	315	0	4705	264341
HS	314	0	4884	269225
HS	313	0	4909	274134
HS	312	0	5021	279155
HS	311	0	5006	284161
HS	310	0	5192	289353
HS	309	0	5425	294778
HS	308	0	5550	300328
HS	307	0	5652	305980
HS	306	0	5920	311900
HS	305	0	5858	317758
HS	304	0	6179	323937
HS	303	0	6377	330314
HS	302	0	6595	336909
HS	301	0	6530	343439
HS	300	0	6900	350339
HS	299	0	7109	357448
HS	298	0	7184	364632
HS	297	0	7435	372067
HS	296	0	7526	379593
HS	295	0	7783	387376
HS	294	0	8046	395422
HS	293	0	8138	403560
HS	292	0	8345	411905
HS	291	0	8573	420478
HS	290	0	8835	429313
HS	289	0	9032	438345
HS	288	0	9423	447768
HS	287	0	9662	457430
HS	286	0	9787	467217
HS	285	0	9891	477108
HS	284	0	10418	487526
HS	283	0	10544	498070
HS	282	0	10711	508781
HS	281	0	11289	520070
HS	280	0	11156	531226
HS	279	0	11858	543084
HS	278	0	11816	554900
HS	277	0	12379	567279
HS	276	0	12584	579863
HS	275	0	12769	592632
HS	274	0	13045	605677
HS	273	0	13473	619150
HS	272	0	13773	632923
HS	271	0	14228	647151
HS	270	0	14734	661885
HS	269	0	14709	676594
HS	268	0	15336	691930
HS	267	0	15448	707378
HS	266	0	15755	723133
HS	265	0	16158	739291
HS	264	0	16455	755746
HS	263	0	17146	772892
HS	262	0	17282	790174
HS	261	0	17772	807946
HS	260	0	18246	826192
HS	259	0	18439	844631
HS	258	0	18811	863442
HS	257	0	19247	882689
HS	256	0	19373	902062
HS	255	0	20092	922154
HS	254	0	20557	942711
HS	253	0	20821	963532
HS	252	0	21243	984775
HS	251	0	22173	1006948
HS	250	0	22453	1029401
HS	249	0	23029	1052430
HS	248	0	23309	1075739
HS	247	0	24299	1100038
HS	246	0	24486	1124524
HS	245	0	25088	1149612
HS	244	0	26042	1175654
HS	243	0	26239	1201893
HS	242	0	26687	1228580
HS	241	0	27513	1256093
HS	240	0	28238	1284331
HS	239	0	28452	1312783
HS	238	0	28771	1341554
HS	237	0	29636	1371190
HS	236	0	29925	1401115
HS	235	0	30291	1431406
HS	234	0	31064	1462470
HS	233	0	31631	1494101
HS	232	0	32115	1526216
HS	231	0	32856	1559072
HS	230	0	33526	1592598
HS	229	0	33871	1626469
HS	228	0	33918	1660387
HS	227	0	34279	1694666
HS	226	0	34652	1729318
HS	225	0	35137	1764455
HS	224	0	35377	1799832
HS	223	0	36477	1836309
HS	222	0	36717	1873026
HS	221	0	37160	1910186
HS	220	0	37467	1947653
HS	219	0	37914	1985567
HS	218	0	37952	2023519
HS	217	0	38724	2062243
HS	216	0	39340	2101583
HS	215	0	40034	2141617
HS	214	0	40791	2182408
HS	213	0	41298	2223706
HS	212	0	41598	2265304
HS	211	0	41964	2307268
HS	210	0	42460	2349728
HS	209	0	42746	2392474
HS	208	0	43084	2435558
HS	207	0	43427	2478985
HS	206	0	43399	2522384
HS	205	0	43933	2566317
HS	204	0	43964	2610281
HS	203	0	44506	2654787
HS	202	0	44589	2699376
HS	201	0	45043	2744419
HS	200	0	44984	2789403
HS	199	0	45070	2834473
HS	198	0	45207	2879680
HS	197	0	45491	2925171
HS	196	0	45744	2970915
HS	195	0	45851	3016766
HS	194	0	45996	3062762
HS	193	0	45982	3108744
HS	192	0	46313	3155057
HS	191	0	46135	3201192
HS	190	0	45638	3246830
HS	189	0	45386	3292216
HS	188	0	45779	3337995
HS	187	0	45722	3383717
HS	186	0	45699	3429416
HS	185	0	45517	3474933
HS	184	0	45185	3520118
HS	183	0	45063	3565181
HS	182	0	44698	3609879
HS	181	0	44888	3654767
HS	180	0	44561	3699328
HS	179	0	44384	3743712
HS	178	0	44508	3788220
HS	177	0	44395	3832615
HS	176	0	43830	3876445
HS	175	0	43793	3920238
HS	174	0	43668	3963906
HS	173	0	43036	4006942
HS	172	0	42888	4049830
HS	171	0	42172	4092002
HS	170	0	41716	4133718
HS	169	0	41500	4175218
HS	168	0	41489	4216707
HS	167	0	40985	4257692
HS	166	0	40678	4298370
HS	165	0	39660	4338030
HS	164	0	39569	4377599
HS	163	0	38485	4416084
HS	162	0	38137	4454221
HS	161	0	37272	4491493
HS	160	0	36491	4527984
HS	159	0	36512	4564496
HS	158	0	35107	4599603
HS	157	0	34804	4634407
HS	156	0	34082	4668489
HS	155	0	33449	4701938
HS	154	0	32999	4734937
HS	153	0	32364	4767301
HS	152	0	31972	4799273
HS	151	0	31562	4830835
HS	150	0	30240	4861075
HS	149	0	29883	4890958
HS	148	0	29153	4920111
HS	147	0	28381	4948492
HS	146	0	27380	4975872
HS	145	0	26880	5002752
HS	144	0	26165	5028917
HS	143	0	25387	5054304
HS	142	0	24747	5079051
HS	141	0	24033	5103084
HS	140	0	23646	5126730
HS	139	0	22547	5149277
HS	138	0	22175	5171452
HS	137	0	21365	5192817
HS	136	0	20461	5213278
HS	135	0	20058	5233336
HS	134	0	19827	5253163
HS	133	0	19190	5272353
HS	132	0	18576	5290929
HS	131	0	17930	5308859
HS	130	0	17122	5325981
HS	129	0	16921	5342902
HS	128	0	16332	5359234
HS	127	0	15688	5374922
HS	126	0	15362	5390284
HS	125	0	14923	5405207
HS	124	0	14442	5419649
HS	123	0	14008	5433657
HS	122	0	13533	5447190
HS	121	0	12966	5460156
HS	120	0	12525	5472681
HS	119	0	12122	5484803
HS	118	0	11539	5496342
HS	117	0	11067	5507409
HS	116	0	10646	5518055
HS	115	0	9970	5528025
HS	114	0	9664	5537689
HS	113	0	9046	5546735
HS	112	0	8858	5555593
HS	111	0	8413	5564006
HS	110	0	8061	5572067
HS	109	0	7931	5579998
HS	108	0	7498	5587496
HS	107	0	7139	5594635
HS	106	0	6856	5601491
HS	105	0	6421	5607912
HS	104	0	6229	5614141
HS	103	0	5969	5620110
HS	102	0	5590	5625700
HS	101	0	5359	5631059
HS	100	0	5042	5636101
HS	99	0	4869	5640970
HS	98	0	4535	5645505
HS	97	0	4244	5649749
HS	96	0	3968	5653717
HS	95	0	3947	5657664
HS	94	0	3733	5661397
HS	93	0	3561	5664958
HS	92	0	3293	5668251
HS	91	0	3048	5671299
HS	90	0	2945	5674244
HS	89	0	2797	5677041
HS	88	0	2586	5679627
HS	87	0	2456	5682083
HS	86	0	2239	5684322
HS	85	0	2195	5686517
HS	84	0	2144	5688661
HS	83	0	1998	5690659
HS	82	0	1801	5692460
HS	81	0	1783	5694243
HS	80	0	1649	5695892
HS	79	0	1454	5697346
HS	78	0	1476	5698822
HS	77	0	1429	5700251
HS	76	0	1382	5701633
HS	75	0	1295	5702928
HS	74	0	1305	5704233
HS	73	0	1133	5705366
HS	72	0	1045	5706411
HS	71	0	993	5707404
HS	70	0	1007	5708411
HS	69	0	881	5709292
HS	68	0	899	5710191
HS	67	0	844	5711035
HS	66	0	954	5711989
HS	65	0	903	5712892
HS	64	0	850	5713742
HS	63	0	766	5714508
HS	62	0	751	5715259
HS	61	0	771	5716030
HS	60	0	802	5716832
HS	59	0	801	5717633
HS	58	0	725	5718358
HS	57	0	738	5719096
HS	56	0	688	5719784
HS	55	0	646	5720430
HS	54	0	746	5721176
HS	53	0	672	5721848
HS	52	0	691	5722539
HS	51	0	663	5723202
HS	50	0	682	5723884
HS	49	0	720	5724604
HS	48	0	787	5725391
HS	47	0	787	5726178
HS	46	0	809	5726987
HS	45	0	731	5727718
HS	44	0	752	5728470
HS	43	0	827	5729297
HS	42	0	896	5730193
HS	41	0	1077	5731270
HS	40	0	1176	5732446
HS	39	0	1219	5733665
HS	38	0	1356	5735021
HS	37	0	1399	5736420
HS	36	0	1460	5737880
HS	35	0	1553	5739433
HS	34	0	1648	5741081
HS	33	0	1799	5742880
HS	32	0	2012	5744892
HS	31	0	2326	5747218
HS	30	0	2596	5749814
HS	29	0	3130	5752944
HS	28	0	3567	5756511
HS	27	0	3916	5760427
HS	26	0	4632	5765059
HS	25	0	5099	5770158
HS	24	0	5711	5775869
HS	23	0	6628	5782497
HS	22	0	8266	5790763
HS	21	0	9689	5800452
HS	20	0	11347	5811799
HS	19	0	13088	5824887
HS	18	0	15880	5840767
HS	17	0	18680	5859447
HS	16	0	23092	5882539
HS	15	0	28016	5910555
HS	14	0	34109	5944664
HS	13	0	42940	5987604
HS	12	0	53700	6041304
HS	11	0	68475	6109779
HS	10	0	88757	6198536
HS	9	0	118141	6316677
HS	8	0	159386	6476063
HS	7	0	228418	6704481
HS	6	0	341239	7045720
HS	5	0	562754	7608474
HS	4	0	1096844	8705318
HS	3	0	2829932	11535250
HS	2	0	11017970	22553220
HS	1	0	0	22553220
HS	0	0	0	22553220
