CC	CT  kmer_occurrence    short_read_kmer_count  raw_input_kmer_count  adjusted_input_kmer_count
CC	FR  fpr_lower_bound    fpr_upper_bound
CC	ER  total_input_kmers  adjusted_error_kmers
CC	CV  coverage
CC	QV  raw_quality_value  adjusted_quality_value
CC
SQ	JAUCFL010000007.1	7033719	7033689	7033369	58.33
CT	1023	5130	57387	57387.000
CT	1022	4	22	22.000
CT	1021	2	12	12.000
CT	1020	5	34	34.000
CT	1019	5	37	37.000
CT	1018	6	34	34.000
CT	1017	8	43	43.000
CT	1016	7	39	39.000
CT	1015	9	51	51.000
CT	1014	6	49	49.000
CT	1013	3	15	15.000
CT	1012	2	17	17.000
CT	1011	3	18	18.000
CT	1010	11	90	90.000
CT	1009	4	28	28.000
CT	1008	8	61	61.000
CT	1007	9	51	51.000
CT	1006	6	47	47.000
CT	1005	3	25	25.000
CT	1004	8	62	62.000
CT	1003	8	54	54.000
CT	1002	6	37	37.000
CT	1001	10	54	54.000
CT	1000	7	46	46.000
CT	999	10	69	69.000
CT	998	9	55	55.000
CT	997	10	67	67.000
CT	996	5	35	35.000
CT	995	8	54	54.000
CT	994	7	35	35.000
CT	993	4	34	34.000
CT	992	11	85	85.000
CT	991	11	66	66.000
CT	990	4	24	24.000
CT	989	10	58	58.000
CT	988	7	48	48.000
CT	987	4	27	27.000
CT	986	3	18	18.000
CT	985	9	48	48.000
CT	984	6	46	46.000
CT	983	10	53	53.000
CT	982	14	76	76.000
CT	981	7	45	45.000
CT	980	4	24	24.000
CT	979	12	75	75.000
CT	978	7	56	56.000
CT	977	5	28	28.000
CT	976	8	50	50.000
CT	975	5	26	26.000
CT	974	6	33	33.000
CT	973	9	50	50.000
CT	972	3	22	22.000
CT	971	7	51	51.000
CT	970	11	65	65.000
CT	969	8	39	39.000
CT	968	9	51	51.000
CT	967	8	50	50.000
CT	966	10	64	64.000
CT	965	5	25	25.000
CT	964	4	20	20.000
CT	963	3	18	18.000
CT	962	5	27	27.000
CT	961	10	56	56.000
CT	960	3	15	15.000
CT	959	4	20	20.000
CT	958	6	30	30.000
CT	957	11	59	59.000
CT	956	7	36	36.000
CT	955	5	25	25.000
CT	954	6	30	30.000
CT	953	10	58	58.000
CT	952	12	62	62.000
CT	951	11	64	64.000
CT	950	5	27	27.000
CT	949	4	21	21.000
CT	948	9	48	48.000
CT	947	3	15	15.000
CT	946	7	40	40.000
CT	945	9	56	56.000
CT	944	6	31	31.000
CT	943	7	36	36.000
CT	942	14	81	81.000
CT	941	6	38	38.000
CT	940	5	25	25.000
CT	939	8	40	40.000
CT	938	2	10	10.000
CT	937	10	68	68.000
CT	936	7	51	51.000
CT	935	5	27	27.000
CT	934	4	20	20.000
CT	933	8	42	42.000
CT	932	8	39	39.000
CT	931	9	54	54.000
CT	930	9	65	65.000
CT	929	10	61	61.000
CT	928	10	61	61.000
CT	927	2	10	10.000
CT	926	7	37	37.000
CT	925	8	42	42.000
CT	924	7	46	46.000
CT	923	11	68	68.000
CT	922	4	22	22.000
CT	921	7	37	37.000
CT	920	11	62	62.000
CT	919	8	43	43.000
CT	918	4	20	20.000
CT	917	7	45	45.000
CT	916	1	5	5.000
CT	915	7	35	35.000
CT	914	5	32	32.000
CT	913	5	34	34.000
CT	912	2	7	7.000
CT	911	5	31	31.000
CT	910	5	39	39.000
CT	909	9	47	47.000
CT	908	6	30	30.000
CT	907	10	47	47.000
CT	906	9	55	55.000
CT	905	8	45	45.000
CT	904	7	43	43.000
CT	903	9	45	45.000
CT	902	4	18	18.000
CT	901	3	15	15.000
CT	900	6	30	30.000
CT	899	7	42	42.000
CT	898	8	47	47.000
CT	897	7	38	38.000
CT	896	4	19	19.000
CT	895	7	36	36.000
CT	894	7	34	34.000
CT	893	6	24	24.000
CT	892	3	19	19.000
CT	891	5	33	33.000
CT	890	6	34	34.000
CT	889	6	29	29.000
CT	888	4	19	19.000
CT	887	9	44	44.000
CT	886	5	21	21.000
CT	885	8	40	40.000
CT	884	4	22	22.000
CT	883	4	29	29.000
CT	882	5	33	33.000
CT	881	8	45	45.000
CT	880	6	35	35.000
CT	879	6	30	30.000
CT	878	5	27	27.000
CT	877	9	46	46.000
CT	876	7	37	37.000
CT	875	6	42	42.000
CT	874	13	72	72.000
CT	873	8	44	44.000
CT	872	3	15	15.000
CT	871	5	27	27.000
CT	870	9	48	48.000
CT	869	8	51	51.000
CT	868	5	27	27.000
CT	867	8	41	41.000
CT	866	6	32	32.000
CT	865	9	49	49.000
CT	864	8	39	39.000
CT	863	4	23	23.000
CT	862	9	48	48.000
CT	861	10	61	61.000
CT	860	10	49	49.000
CT	859	9	47	47.000
CT	858	12	62	62.000
CT	857	8	44	44.000
CT	856	13	73	73.000
CT	855	1	5	5.000
CT	854	4	29	29.000
CT	853	8	41	41.000
CT	852	4	21	21.000
CT	851	12	70	70.000
CT	850	7	39	39.000
CT	849	5	26	26.000
CT	848	6	31	31.000
CT	847	4	20	20.000
CT	846	6	31	31.000
CT	845	6	34	34.000
CT	844	4	22	22.000
CT	843	3	17	17.000
CT	842	3	17	17.000
CT	841	5	27	27.000
CT	840	7	47	47.000
CT	839	8	47	47.000
CT	838	7	42	42.000
CT	837	3	18	18.000
CT	836	4	23	23.000
CT	835	5	27	27.000
CT	834	9	50	50.000
CT	833	4	20	20.000
CT	832	5	23	23.000
CT	831	4	20	20.000
CT	830	7	41	41.000
CT	829	9	45	45.000
CT	828	6	30	30.000
CT	827	8	63	63.000
CT	826	11	59	59.000
CT	825	8	44	44.000
CT	824	6	28	28.000
CT	823	5	27	27.000
CT	822	7	37	37.000
CT	821	6	32	32.000
CT	820	9	49	49.000
CT	819	6	29	29.000
CT	818	7	35	35.000
CT	817	5	40	40.000
CT	816	7	53	53.000
CT	815	5	27	27.000
CT	814	11	64	64.000
CT	813	11	56	56.000
CT	812	7	37	37.000
CT	811	8	39	39.000
CT	810	9	64	64.000
CT	809	4	25	25.000
CT	808	3	15	15.000
CT	807	7	31	31.000
CT	806	8	47	47.000
CT	805	10	52	52.000
CT	804	12	74	74.000
CT	803	5	28	28.000
CT	802	3	17	17.000
CT	801	7	35	35.000
CT	800	3	22	22.000
CT	799	6	37	37.000
CT	798	6	35	35.000
CT	797	6	33	33.000
CT	796	6	33	33.000
CT	795	9	54	54.000
CT	794	1	4	4.000
CT	793	5	27	27.000
CT	792	7	46	46.000
CT	791	4	20	20.000
CT	790	9	46	46.000
CT	789	13	74	74.000
CT	788	8	48	48.000
CT	787	6	30	30.000
CT	786	9	46	46.000
CT	785	9	42	42.000
CT	784	4	17	17.000
CT	783	2	8	8.000
CT	782	1	7	7.000
CT	781	8	38	38.000
CT	780	11	57	57.000
CT	779	6	27	27.000
CT	778	6	29	29.000
CT	777	6	33	33.000
CT	776	6	46	46.000
CT	775	2	8	8.000
CT	774	5	24	24.000
CT	773	6	36	36.000
CT	772	4	17	17.000
CT	771	8	45	45.000
CT	770	7	34	34.000
CT	769	5	27	27.000
CT	768	11	64	64.000
CT	767	6	36	36.000
CT	766	11	59	59.000
CT	765	9	50	50.000
CT	764	9	35	35.000
CT	763	5	27	27.000
CT	762	10	54	54.000
CT	761	10	47	47.000
CT	760	10	46	46.000
CT	759	9	45	45.000
CT	758	8	46	46.000
CT	757	8	44	44.000
CT	756	10	52	52.000
CT	755	7	39	39.000
CT	754	7	30	30.000
CT	753	11	49	49.000
CT	752	14	59	59.000
CT	751	8	41	41.000
CT	750	10	43	43.000
CT	749	9	41	41.000
CT	748	10	42	42.000
CT	747	12	52	52.000
CT	746	17	71	71.000
CT	745	13	55	55.000
CT	744	13	56	56.000
CT	743	10	47	47.000
CT	742	16	80	80.000
CT	741	8	39	39.000
CT	740	17	83	83.000
CT	739	14	67	67.000
CT	738	17	75	75.000
CT	737	15	63	63.000
CT	736	18	82	82.000
CT	735	15	64	64.000
CT	734	8	33	33.000
CT	733	11	50	50.000
CT	732	10	39	39.000
CT	731	17	71	71.000
CT	730	15	69	69.000
CT	729	6	26	26.000
CT	728	17	74	74.000
CT	727	12	50	50.000
CT	726	20	84	84.000
CT	725	8	32	32.000
CT	724	13	53	53.000
CT	723	12	57	57.000
CT	722	12	57	57.000
CT	721	18	73	73.000
CT	720	26	119	119.000
CT	719	20	78	78.000
CT	718	15	58	58.000
CT	717	14	47	47.000
CT	716	19	73	73.000
CT	715	16	61	61.000
CT	714	13	53	53.000
CT	713	10	50	50.000
CT	712	11	44	44.000
CT	711	12	53	53.000
CT	710	14	56	56.000
CT	709	10	40	40.000
CT	708	7	28	28.000
CT	707	14	60	60.000
CT	706	9	39	39.000
CT	705	16	80	80.000
CT	704	17	75	75.000
CT	703	10	35	35.000
CT	702	15	67	67.000
CT	701	25	101	101.000
CT	700	17	69	69.000
CT	699	20	84	84.000
CT	698	16	64	64.000
CT	697	17	72	72.000
CT	696	22	80	80.000
CT	695	21	88	88.000
CT	694	19	72	72.000
CT	693	11	46	46.000
CT	692	17	72	72.000
CT	691	18	70	70.000
CT	690	17	58	58.000
CT	689	11	48	48.000
CT	688	21	73	73.000
CT	687	17	72	72.000
CT	686	17	65	65.000
CT	685	14	56	56.000
CT	684	21	87	87.000
CT	683	8	32	32.000
CT	682	20	79	79.000
CT	681	8	31	31.000
CT	680	10	39	39.000
CT	679	19	70	70.000
CT	678	10	34	34.000
CT	677	11	48	48.000
CT	676	18	66	66.000
CT	675	16	54	54.000
CT	674	13	45	45.000
CT	673	8	30	30.000
CT	672	16	61	61.000
CT	671	26	95	95.000
CT	670	14	60	60.000
CT	669	10	33	33.000
CT	668	15	60	60.000
CT	667	15	65	65.000
CT	666	14	49	49.000
CT	665	8	45	45.000
CT	664	10	38	38.000
CT	663	15	56	56.000
CT	662	20	86	86.000
CT	661	11	41	41.000
CT	660	13	56	56.000
CT	659	9	32	32.000
CT	658	13	54	54.000
CT	657	9	40	40.000
CT	656	15	66	66.000
CT	655	16	65	65.000
CT	654	11	48	48.000
CT	653	13	51	51.000
CT	652	9	32	32.000
CT	651	16	60	60.000
CT	650	13	50	50.000
CT	649	12	44	44.000
CT	648	14	61	61.000
CT	647	15	52	52.000
CT	646	16	69	69.000
CT	645	18	73	73.000
CT	644	22	66	66.000
CT	643	18	82	82.000
CT	642	17	52	52.000
CT	641	14	57	57.000
CT	640	17	59	59.000
CT	639	16	58	58.000
CT	638	24	57	57.000
CT	637	24	61	61.000
CT	636	18	71	71.000
CT	635	20	63	63.000
CT	634	21	68	68.000
CT	633	27	79	79.000
CT	632	31	88	88.000
CT	631	11	44	44.000
CT	630	16	55	55.000
CT	629	21	64	64.000
CT	628	34	82	82.000
CT	627	24	69	69.000
CT	626	29	110	110.000
CT	625	20	55	55.000
CT	624	22	73	73.000
CT	623	28	81	81.000
CT	622	24	69	69.000
CT	621	21	62	62.000
CT	620	18	55	55.000
CT	619	26	67	67.000
CT	618	25	80	80.000
CT	617	29	78	78.000
CT	616	29	76	76.000
CT	615	32	100	100.000
CT	614	24	58	58.000
CT	613	32	87	87.000
CT	612	21	53	53.000
CT	611	33	100	100.000
CT	610	36	92	92.000
CT	609	34	92	92.000
CT	608	28	75	75.000
CT	607	39	122	122.000
CT	606	39	97	97.000
CT	605	27	62	62.000
CT	604	32	81	81.000
CT	603	37	85	85.000
CT	602	28	65	65.000
CT	601	37	98	98.000
CT	600	30	76	76.000
CT	599	32	73	73.000
CT	598	31	68	68.000
CT	597	28	76	76.000
CT	596	31	86	86.000
CT	595	24	63	63.000
CT	594	32	60	60.000
CT	593	37	72	72.000
CT	592	25	55	55.000
CT	591	38	91	91.000
CT	590	38	75	75.000
CT	589	52	105	105.000
CT	588	38	72	72.000
CT	587	40	72	72.000
CT	586	32	69	69.000
CT	585	38	68	68.000
CT	584	46	94	94.000
CT	583	46	92	92.000
CT	582	44	71	71.000
CT	581	50	98	98.000
CT	580	43	85	85.000
CT	579	52	93	93.000
CT	578	60	130	130.000
CT	577	53	103	103.000
CT	576	60	131	131.000
CT	575	52	103	103.000
CT	574	47	73	73.000
CT	573	43	92	92.000
CT	572	47	62	62.000
CT	571	39	57	57.000
CT	570	42	69	69.000
CT	569	40	71	71.000
CT	568	43	73	73.000
CT	567	49	98	98.000
CT	566	44	71	71.000
CT	565	52	99	99.000
CT	564	52	91	91.000
CT	563	55	97	97.000
CT	562	72	114	114.000
CT	561	65	112	112.000
CT	560	57	79	79.000
CT	559	70	106	106.000
CT	558	78	127	127.000
CT	557	81	135	135.000
CT	556	84	135	135.000
CT	555	59	95	95.000
CT	554	89	147	147.000
CT	553	67	107	107.000
CT	552	77	112	112.000
CT	551	74	109	109.000
CT	550	81	141	141.000
CT	549	87	137	137.000
CT	548	76	121	121.000
CT	547	93	140	140.000
CT	546	88	133	133.000
CT	545	102	163	163.000
CT	544	83	140	140.000
CT	543	93	150	150.000
CT	542	91	146	146.000
CT	541	101	155	155.000
CT	540	97	167	167.000
CT	539	120	202	202.000
CT	538	113	204	204.000
CT	537	100	151	151.000
CT	536	94	150	150.000
CT	535	109	183	183.000
CT	534	111	183	183.000
CT	533	95	164	164.000
CT	532	105	161	161.000
CT	531	115	172	172.000
CT	530	122	202	202.000
CT	529	127	190	190.000
CT	528	126	199	199.000
CT	527	125	190	190.000
CT	526	133	218	218.000
CT	525	115	170	170.000
CT	524	130	196	196.000
CT	523	118	185	185.000
CT	522	139	222	222.000
CT	521	126	185	185.000
CT	520	107	154	154.000
CT	519	150	234	234.000
CT	518	134	205	205.000
CT	517	152	222	222.000
CT	516	123	193	193.000
CT	515	136	194	194.000
CT	514	142	209	209.000
CT	513	164	233	233.000
CT	512	156	206	206.000
CT	511	158	234	234.000
CT	510	142	183	183.000
CT	509	154	209	209.000
CT	508	147	205	205.000
CT	507	178	271	271.000
CT	506	151	213	213.000
CT	505	187	244	244.000
CT	504	172	259	259.000
CT	503	161	224	224.000
CT	502	164	209	209.000
CT	501	194	266	266.000
CT	500	187	241	241.000
CT	499	163	230	230.000
CT	498	204	260	260.000
CT	497	202	259	259.000
CT	496	216	274	274.000
CT	495	183	249	249.000
CT	494	179	226	226.000
CT	493	201	262	262.000
CT	492	161	218	218.000
CT	491	212	262	262.000
CT	490	206	264	264.000
CT	489	179	209	209.000
CT	488	211	254	254.000
CT	487	218	269	269.000
CT	486	217	251	251.000
CT	485	209	266	266.000
CT	484	218	254	254.000
CT	483	214	254	254.000
CT	482	225	259	259.000
CT	481	254	305	305.000
CT	480	245	298	298.000
CT	479	280	350	350.000
CT	478	291	363	363.000
CT	477	290	347	347.000
CT	476	262	317	317.000
CT	475	283	321	321.000
CT	474	285	332	332.000
CT	473	251	310	310.000
CT	472	282	333	333.000
CT	471	269	312	312.000
CT	470	281	329	329.000
CT	469	280	335	335.000
CT	468	282	335	335.000
CT	467	326	402	402.000
CT	466	308	358	358.000
CT	465	274	326	326.000
CT	464	266	307	307.000
CT	463	272	314	314.000
CT	462	282	340	340.000
CT	461	276	329	329.000
CT	460	265	325	325.000
CT	459	266	327	327.000
CT	458	266	331	331.000
CT	457	285	344	344.000
CT	456	279	330	330.000
CT	455	299	383	383.000
CT	454	277	319	319.000
CT	453	306	360	360.000
CT	452	330	405	405.000
CT	451	329	407	407.000
CT	450	292	360	360.000
CT	449	320	368	368.000
CT	448	336	399	399.000
CT	447	338	399	399.000
CT	446	365	449	449.000
CT	445	316	382	382.000
CT	444	327	376	376.000
CT	443	336	384	384.000
CT	442	350	409	409.000
CT	441	345	402	402.000
CT	440	401	445	445.000
CT	439	326	350	350.000
CT	438	372	442	442.000
CT	437	396	447	447.000
CT	436	430	496	496.000
CT	435	415	474	474.000
CT	434	358	412	412.000
CT	433	444	503	503.000
CT	432	434	508	508.000
CT	431	396	443	443.000
CT	430	405	443	443.000
CT	429	446	508	508.000
CT	428	429	478	478.000
CT	427	468	513	513.000
CT	426	440	485	485.000
CT	425	410	463	463.000
CT	424	453	528	528.000
CT	423	448	528	528.000
CT	422	483	545	545.000
CT	421	444	510	510.000
CT	420	464	520	520.000
CT	419	463	519	519.000
CT	418	493	555	555.000
CT	417	483	543	543.000
CT	416	452	508	508.000
CT	415	484	545	545.000
CT	414	474	526	526.000
CT	413	445	499	499.000
CT	412	485	563	563.000
CT	411	451	527	527.000
CT	410	458	542	542.000
CT	409	477	552	552.000
CT	408	441	514	514.000
CT	407	504	587	587.000
CT	406	510	586	586.000
CT	405	465	540	540.000
CT	404	449	529	529.000
CT	403	506	583	583.000
CT	402	485	559	559.000
CT	401	520	599	599.000
CT	400	569	641	641.000
CT	399	518	601	601.000
CT	398	555	622	622.000
CT	397	506	597	597.000
CT	396	544	629	629.000
CT	395	516	607	607.000
CT	394	543	620	620.000
CT	393	543	619	619.000
CT	392	518	596	596.000
CT	391	558	637	637.000
CT	390	526	629	629.000
CT	389	573	657	657.000
CT	388	537	624	624.000
CT	387	583	658	658.000
CT	386	568	674	674.000
CT	385	570	659	659.000
CT	384	566	641	641.000
CT	383	582	649	649.000
CT	382	506	554	554.000
CT	381	570	634	634.000
CT	380	593	659	659.000
CT	379	612	706	706.000
CT	378	608	678	678.000
CT	377	630	714	714.000
CT	376	612	668	668.000
CT	375	618	691	691.000
CT	374	659	737	737.000
CT	373	615	688	688.000
CT	372	686	774	774.000
CT	371	659	746	746.000
CT	370	631	725	725.000
CT	369	658	736	736.000
CT	368	665	753	753.000
CT	367	684	754	754.000
CT	366	606	670	670.000
CT	365	644	710	710.000
CT	364	632	720	720.000
CT	363	619	693	693.000
CT	362	685	763	763.000
CT	361	687	758	758.000
CT	360	648	701	701.000
CT	359	672	726	726.000
CT	358	694	768	768.000
CT	357	671	732	732.000
CT	356	730	823	823.000
CT	355	746	866	866.000
CT	354	783	884	884.000
CT	353	757	851	851.000
CT	352	705	778	778.000
CT	351	679	785	785.000
CT	350	790	890	890.000
CT	349	758	882	882.000
CT	348	777	901	901.000
CT	347	767	875	875.000
CT	346	783	888	888.000
CT	345	804	892	892.000
CT	344	793	898	898.000
CT	343	827	934	934.000
CT	342	807	921	921.000
CT	341	898	999	999.000
CT	340	835	944	944.000
CT	339	831	949	949.000
CT	338	836	932	932.000
CT	337	870	958	958.000
CT	336	888	1001	1001.000
CT	335	910	1009	1009.000
CT	334	894	961	961.000
CT	333	955	1048	1048.000
CT	332	958	1037	1037.000
CT	331	897	983	983.000
CT	330	951	1035	1035.000
CT	329	946	1057	1057.000
CT	328	910	1019	1019.000
CT	327	938	1033	1033.000
CT	326	975	1101	1101.000
CT	325	1010	1112	1112.000
CT	324	983	1086	1086.000
CT	323	958	1047	1047.000
CT	322	959	1059	1059.000
CT	321	925	1031	1031.000
CT	320	922	1023	1023.000
CT	319	939	1044	1044.000
CT	318	974	1062	1062.000
CT	317	933	1021	1021.000
CT	316	1023	1116	1116.000
CT	315	1028	1142	1142.000
CT	314	1077	1198	1198.000
CT	313	1060	1176	1176.000
CT	312	1182	1298	1298.000
CT	311	1082	1195	1195.000
CT	310	1235	1357	1357.000
CT	309	1234	1352	1352.000
CT	308	1249	1348	1348.000
CT	307	1305	1408	1408.000
CT	306	1330	1432	1432.000
CT	305	1364	1493	1493.000
CT	304	1345	1466	1466.000
CT	303	1411	1498	1498.000
CT	302	1375	1465	1465.000
CT	301	1388	1476	1476.000
CT	300	1483	1567	1567.000
CT	299	1528	1635	1635.000
CT	298	1492	1590	1590.000
CT	297	1508	1609	1609.000
CT	296	1574	1669	1669.000
CT	295	1678	1771	1771.000
CT	294	1783	1877	1877.000
CT	293	1927	2015	2015.000
CT	292	1820	1906	1906.000
CT	291	1928	2034	2034.000
CT	290	2006	2099	2099.000
CT	289	2058	2133	2133.000
CT	288	2114	2190	2190.000
CT	287	2227	2316	2316.000
CT	286	2178	2264	2264.000
CT	285	2231	2304	2304.000
CT	284	2401	2476	2476.000
CT	283	2498	2565	2565.000
CT	282	2535	2598	2598.000
CT	281	2743	2806	2806.000
CT	280	2812	2883	2883.000
CT	279	2785	2860	2860.000
CT	278	3027	3086	3086.000
CT	277	3003	3033	3033.000
CT	276	3052	3099	3099.000
CT	275	3322	3368	3368.000
CT	274	3558	3620	3620.000
CT	273	3840	3900	3900.000
CT	272	3800	3876	3876.000
CT	271	3951	4039	4039.000
CT	270	4070	4131	4131.000
CT	269	4286	4347	4347.000
CT	268	4507	4578	4578.000
CT	267	4644	4700	4700.000
CT	266	4856	4915	4915.000
CT	265	4992	5048	5048.000
CT	264	5211	5259	5259.000
CT	263	5358	5421	5421.000
CT	262	5726	5797	5797.000
CT	261	6004	6063	6063.000
CT	260	5974	6026	6026.000
CT	259	6195	6254	6254.000
CT	258	6419	6474	6474.000
CT	257	6875	6931	6931.000
CT	256	7078	7112	7112.000
CT	255	7071	7102	7102.000
CT	254	7625	7663	7663.000
CT	253	7893	7924	7924.000
CT	252	8169	8209	8209.000
CT	251	8597	8622	8622.000
CT	250	8845	8879	8879.000
CT	249	9274	9307	9307.000
CT	248	9640	9672	9672.000
CT	247	9913	9950	9950.000
CT	246	10446	10472	10472.000
CT	245	10920	10945	10945.000
CT	244	11385	11410	11410.000
CT	243	11682	11719	11719.000
CT	242	12032	12066	12066.000
CT	241	12746	12770	12770.000
CT	240	12933	12959	12959.000
CT	239	13369	13411	13411.000
CT	238	13949	13973	13973.000
CT	237	14319	14363	14363.000
CT	236	14813	14834	14834.000
CT	235	15510	15523	15523.000
CT	234	15909	15937	15937.000
CT	233	16409	16414	16414.000
CT	232	16896	16902	16902.000
CT	231	17633	17667	17667.000
CT	230	18306	18336	18336.000
CT	229	19215	19236	19236.000
CT	228	19824	19826	19826.000
CT	227	20240	20255	20255.000
CT	226	21186	21197	21197.000
CT	225	21880	21895	21895.000
CT	224	22546	22563	22563.000
CT	223	23168	23195	23195.000
CT	222	24255	24263	24263.000
CT	221	25082	25104	25104.000
CT	220	25785	25783	25783.000
CT	219	26614	26632	26632.000
CT	218	27404	27407	27407.000
CT	217	28356	28363	28363.000
CT	216	28976	28980	28980.000
CT	215	29625	29633	29633.000
CT	214	30600	30602	30602.000
CT	213	31583	31574	31574.000
CT	212	32864	32860	32860.000
CT	211	33352	33354	33354.000
CT	210	34272	34252	34252.000
CT	209	35616	35592	35592.000
CT	208	36277	36254	36254.000
CT	207	37448	37425	37425.000
CT	206	38044	38006	38006.000
CT	205	39114	39080	39080.000
CT	204	40223	40183	40183.000
CT	203	40967	40944	40944.000
CT	202	42329	42307	42307.000
CT	201	42788	42754	42754.000
CT	200	44428	44399	44399.000
CT	199	45337	45297	45297.000
CT	198	46403	46363	46363.000
CT	197	47545	47510	47510.000
CT	196	48449	48395	48395.000
CT	195	49680	49611	49611.000
CT	194	50716	50667	50667.000
CT	193	51410	51328	51328.000
CT	192	52534	52468	52468.000
CT	191	53706	53626	53626.000
CT	190	54945	54851	54851.000
CT	189	56126	56030	56030.000
CT	188	57510	57432	57432.000
CT	187	58316	58237	58237.000
CT	186	59232	59173	59173.000
CT	185	59735	59680	59680.000
CT	184	60594	60533	60533.000
CT	183	61755	61697	61697.000
CT	182	62487	62385	62385.000
CT	181	64110	64050	64050.000
CT	180	64557	64479	64479.000
CT	179	65778	65667	65667.000
CT	178	66362	66263	66263.000
CT	177	67097	67005	67005.000
CT	176	68235	68115	68115.000
CT	175	68324	68213	68213.000
CT	174	68555	68410	68410.000
CT	173	69167	69042	69042.000
CT	172	69612	69507	69507.000
CT	171	70800	70702	70702.000
CT	170	70887	70777	70777.000
CT	169	71723	71615	71615.000
CT	168	71668	71571	71571.000
CT	167	72155	72040	72040.000
CT	166	72353	72246	72246.000
CT	165	73075	72976	72976.000
CT	164	73128	73049	73049.000
CT	163	72690	72618	72618.000
CT	162	71638	71565	71565.000
CT	161	72608	72539	72539.000
CT	160	72722	72665	72665.000
CT	159	72763	72701	72701.000
CT	158	72267	72213	72213.000
CT	157	71877	71822	71822.000
CT	156	72289	72200	72200.000
CT	155	71444	71353	71353.000
CT	154	71259	71168	71168.000
CT	153	71306	71213	71213.000
CT	152	70117	70035	70035.000
CT	151	69560	69474	69474.000
CT	150	69189	69113	69113.000
CT	149	68662	68598	68598.000
CT	148	67565	67500	67500.000
CT	147	67316	67250	67250.000
CT	146	66405	66338	66338.000
CT	145	65814	65730	65730.000
CT	144	64390	64320	64320.000
CT	143	63286	63213	63213.000
CT	142	61580	61519	61519.000
CT	141	60441	60358	60358.000
CT	140	59811	59747	59747.000
CT	139	58029	57927	57927.000
CT	138	57026	56936	56936.000
CT	137	55748	55662	55662.000
CT	136	55052	54951	54951.000
CT	135	53054	52971	52971.000
CT	134	51829	51745	51745.000
CT	133	49962	49880	49880.000
CT	132	49116	49015	49015.000
CT	131	47782	47685	47685.000
CT	130	46006	45920	45920.000
CT	129	45053	44957	44957.000
CT	128	44167	44082	44082.000
CT	127	42203	42129	42129.000
CT	126	41128	41046	41046.000
CT	125	40008	39928	39928.000
CT	124	38448	38385	38385.000
CT	123	37303	37231	37231.000
CT	122	35600	35500	35500.000
CT	121	34482	34406	34406.000
CT	120	33104	33033	33033.000
CT	119	31599	31539	31539.000
CT	118	30588	30537	30537.000
CT	117	29819	29743	29743.000
CT	116	28142	28073	28073.000
CT	115	26387	26319	26319.000
CT	114	25099	25043	25043.000
CT	113	24114	24046	24046.000
CT	112	22859	22790	22790.000
CT	111	22205	22131	22131.000
CT	110	20814	20750	20750.000
CT	109	20043	19969	19969.000
CT	108	18987	18923	18923.000
CT	107	18183	18128	18128.000
CT	106	17145	17093	17093.000
CT	105	16314	16271	16271.000
CT	104	15117	15078	15078.000
CT	103	14505	14456	14456.000
CT	102	13547	13505	13505.000
CT	101	12970	12924	12924.000
CT	100	12078	12039	12039.000
CT	99	11334	11305	11305.000
CT	98	10815	10782	10782.000
CT	97	10007	9990	9990.000
CT	96	9617	9578	9578.000
CT	95	9081	9044	9044.000
CT	94	8521	8493	8493.000
CT	93	8022	8002	8002.000
CT	92	7487	7461	7461.000
CT	91	6974	6946	6946.000
CT	90	6402	6376	6376.000
CT	89	5901	5875	5875.000
CT	88	5742	5706	5706.000
CT	87	5570	5543	5543.000
CT	86	5080	5051	5051.000
CT	85	4826	4802	4802.000
CT	84	4520	4500	4500.000
CT	83	4322	4304	4304.000
CT	82	4053	4031	4031.000
CT	81	3804	3786	3786.000
CT	80	3544	3528	3528.000
CT	79	3495	3471	3471.000
CT	78	3259	3241	3241.000
CT	77	3036	3015	3015.000
CT	76	2757	2735	2735.000
CT	75	2800	2770	2770.000
CT	74	2662	2632	2632.000
CT	73	2662	2632	2632.000
CT	72	2562	2513	2513.000
CT	71	2417	2380	2380.000
CT	70	2253	2210	2210.000
CT	69	2213	2177	2177.000
CT	68	2139	2092	2092.000
CT	67	2056	2028	2028.000
CT	66	1909	1889	1889.000
CT	65	1758	1724	1724.000
CT	64	1719	1682	1682.000
CT	63	1554	1522	1522.000
CT	62	1509	1478	1478.000
CT	61	1498	1456	1456.000
CT	60	1396	1348	1348.000
CT	59	1313	1260	1260.000
CT	58	1323	1265	1265.000
CT	57	1384	1321	1321.000
CT	56	1323	1277	1277.000
CT	55	1311	1249	1249.000
CT	54	1249	1192	1192.000
CT	53	1250	1184	1184.000
CT	52	1132	1044	1044.000
CT	51	1126	1038	1038.000
CT	50	1112	1018	1018.000
CT	49	1012	916	916.000
CT	48	941	838	838.000
CT	47	950	871	871.000
CT	46	976	872	872.000
CT	45	1023	880	879.999
CT	44	1008	857	856.999
CT	43	991	799	798.999
CT	42	941	773	772.999
CT	41	942	722	721.999
CT	40	963	656	655.999
CT	39	922	613	612.999
CT	38	974	623	622.999
CT	37	1096	661	660.998
CT	36	1141	654	653.998
CT	35	1145	688	687.998
CT	34	1408	738	737.998
CT	33	1303	659	658.998
CT	32	1231	578	577.998
CT	31	1396	544	543.997
CT	30	1809	590	589.996
CT	29	2050	659	658.995
CT	28	2310	631	630.994
CT	27	2421	520	519.993
CT	26	2468	479	478.993
CT	25	3077	532	531.991
CT	24	3641	491	490.989
CT	23	4245	493	492.987
CT	22	5166	461	460.983
CT	21	6187	355	354.979
CT	20	7420	348	347.975
CT	19	8806	311	310.970
CT	18	10625	295	294.963
CT	17	12869	233	232.955
CT	16	16002	220	219.944
CT	15	20481	233	232.928
CT	14	25417	208	207.911
CT	13	32203	127	126.886
CT	12	42431	164	163.850
CT	11	55243	153	152.805
CT	10	75068	202	201.735
CT	9	101559	197	196.641
CT	8	142593	148	147.495
CT	7	212340	147	146.248
CT	6	344944	93	91.778
CT	5	620259	42	39.802
CT	4	1300751	27	22.390
CT	3	3414256	22	9.900
CT	2	12726193	55	4.022
CT	1	0	0	1.504
CT	0	0	320	0.521
FR	3.55e-06	4.33e-06
ER	7033689	391.910
CV	0.999
QV	58.334	57.453
