HS	1023	0	5130	5130
HS	1022	0	4	5134
HS	1021	0	2	5136
HS	1020	0	5	5141
HS	1019	0	5	5146
HS	1018	0	6	5152
HS	1017	0	8	5160
HS	1016	0	7	5167
HS	1015	0	9	5176
HS	1014	0	6	5182
HS	1013	0	3	5185
HS	1012	0	2	5187
HS	1011	0	3	5190
HS	1010	0	11	5201
HS	1009	0	4	5205
HS	1008	0	8	5213
HS	1007	0	9	5222
HS	1006	0	6	5228
HS	1005	0	3	5231
HS	1004	0	8	5239
HS	1003	0	8	5247
HS	1002	0	6	5253
HS	1001	0	10	5263
HS	1000	0	7	5270
HS	999	0	10	5280
HS	998	0	9	5289
HS	997	0	10	5299
HS	996	0	5	5304
HS	995	0	8	5312
HS	994	0	7	5319
HS	993	0	4	5323
HS	992	0	11	5334
HS	991	0	11	5345
HS	990	0	4	5349
HS	989	0	10	5359
HS	988	0	7	5366
HS	987	0	4	5370
HS	986	0	3	5373
HS	985	0	9	5382
HS	984	0	6	5388
HS	983	0	10	5398
HS	982	0	14	5412
HS	981	0	7	5419
HS	980	0	4	5423
HS	979	0	12	5435
HS	978	0	7	5442
HS	977	0	5	5447
HS	976	0	8	5455
HS	975	0	5	5460
HS	974	0	6	5466
HS	973	0	9	5475
HS	972	0	3	5478
HS	971	0	7	5485
HS	970	0	11	5496
HS	969	0	8	5504
HS	968	0	9	5513
HS	967	0	8	5521
HS	966	0	10	5531
HS	965	0	5	5536
HS	964	0	4	5540
HS	963	0	3	5543
HS	962	0	5	5548
HS	961	0	10	5558
HS	960	0	3	5561
HS	959	0	4	5565
HS	958	0	6	5571
HS	957	0	11	5582
HS	956	0	7	5589
HS	955	0	5	5594
HS	954	0	6	5600
HS	953	0	10	5610
HS	952	0	12	5622
HS	951	0	11	5633
HS	950	0	5	5638
HS	949	0	4	5642
HS	948	0	9	5651
HS	947	0	3	5654
HS	946	0	7	5661
HS	945	0	9	5670
HS	944	0	6	5676
HS	943	0	7	5683
HS	942	0	14	5697
HS	941	0	6	5703
HS	940	0	5	5708
HS	939	0	8	5716
HS	938	0	2	5718
HS	937	0	10	5728
HS	936	0	7	5735
HS	935	0	5	5740
HS	934	0	4	5744
HS	933	0	8	5752
HS	932	0	8	5760
HS	931	0	9	5769
HS	930	0	9	5778
HS	929	0	10	5788
HS	928	0	10	5798
HS	927	0	2	5800
HS	926	0	7	5807
HS	925	0	8	5815
HS	924	0	7	5822
HS	923	0	11	5833
HS	922	0	4	5837
HS	921	0	7	5844
HS	920	0	11	5855
HS	919	0	8	5863
HS	918	0	4	5867
HS	917	0	7	5874
HS	916	0	1	5875
HS	915	0	7	5882
HS	914	0	5	5887
HS	913	0	5	5892
HS	912	0	2	5894
HS	911	0	5	5899
HS	910	0	5	5904
HS	909	0	9	5913
HS	908	0	6	5919
HS	907	0	10	5929
HS	906	0	9	5938
HS	905	0	8	5946
HS	904	0	7	5953
HS	903	0	9	5962
HS	902	0	4	5966
HS	901	0	3	5969
HS	900	0	6	5975
HS	899	0	7	5982
HS	898	0	8	5990
HS	897	0	7	5997
HS	896	0	4	6001
HS	895	0	7	6008
HS	894	0	7	6015
HS	893	0	6	6021
HS	892	0	3	6024
HS	891	0	5	6029
HS	890	0	6	6035
HS	889	0	6	6041
HS	888	0	4	6045
HS	887	0	9	6054
HS	886	0	5	6059
HS	885	0	8	6067
HS	884	0	4	6071
HS	883	0	4	6075
HS	882	0	5	6080
HS	881	0	8	6088
HS	880	0	6	6094
HS	879	0	6	6100
HS	878	0	5	6105
HS	877	0	9	6114
HS	876	0	7	6121
HS	875	0	6	6127
HS	874	0	13	6140
HS	873	0	8	6148
HS	872	0	3	6151
HS	871	0	5	6156
HS	870	0	9	6165
HS	869	0	8	6173
HS	868	0	5	6178
HS	867	0	8	6186
HS	866	0	6	6192
HS	865	0	9	6201
HS	864	0	8	6209
HS	863	0	4	6213
HS	862	0	9	6222
HS	861	0	10	6232
HS	860	0	10	6242
HS	859	0	9	6251
HS	858	0	12	6263
HS	857	0	8	6271
HS	856	0	13	6284
HS	855	0	1	6285
HS	854	0	4	6289
HS	853	0	8	6297
HS	852	0	4	6301
HS	851	0	12	6313
HS	850	0	7	6320
HS	849	0	5	6325
HS	848	0	6	6331
HS	847	0	4	6335
HS	846	0	6	6341
HS	845	0	6	6347
HS	844	0	4	6351
HS	843	0	3	6354
HS	842	0	3	6357
HS	841	0	5	6362
HS	840	0	7	6369
HS	839	0	8	6377
HS	838	0	7	6384
HS	837	0	3	6387
HS	836	0	4	6391
HS	835	0	5	6396
HS	834	0	9	6405
HS	833	0	4	6409
HS	832	0	5	6414
HS	831	0	4	6418
HS	830	0	7	6425
HS	829	0	9	6434
HS	828	0	6	6440
HS	827	0	8	6448
HS	826	0	11	6459
HS	825	0	8	6467
HS	824	0	6	6473
HS	823	0	5	6478
HS	822	0	7	6485
HS	821	0	6	6491
HS	820	0	9	6500
HS	819	0	6	6506
HS	818	0	7	6513
HS	817	0	5	6518
HS	816	0	7	6525
HS	815	0	5	6530
HS	814	0	11	6541
HS	813	0	11	6552
HS	812	0	7	6559
HS	811	0	8	6567
HS	810	0	9	6576
HS	809	0	4	6580
HS	808	0	3	6583
HS	807	0	7	6590
HS	806	0	8	6598
HS	805	0	10	6608
HS	804	0	12	6620
HS	803	0	5	6625
HS	802	0	3	6628
HS	801	0	7	6635
HS	800	0	3	6638
HS	799	0	6	6644
HS	798	0	6	6650
HS	797	0	6	6656
HS	796	0	6	6662
HS	795	0	9	6671
HS	794	0	1	6672
HS	793	0	5	6677
HS	792	0	7	6684
HS	791	0	4	6688
HS	790	0	9	6697
HS	789	0	13	6710
HS	788	0	8	6718
HS	787	0	6	6724
HS	786	0	9	6733
HS	785	0	9	6742
HS	784	0	4	6746
HS	783	0	2	6748
HS	782	0	1	6749
HS	781	0	8	6757
HS	780	0	11	6768
HS	779	0	6	6774
HS	778	0	6	6780
HS	777	0	6	6786
HS	776	0	6	6792
HS	775	0	2	6794
HS	774	0	5	6799
HS	773	0	6	6805
HS	772	0	4	6809
HS	771	0	8	6817
HS	770	0	7	6824
HS	769	0	5	6829
HS	768	0	11	6840
HS	767	0	6	6846
HS	766	0	11	6857
HS	765	0	9	6866
HS	764	0	9	6875
HS	763	0	5	6880
HS	762	0	10	6890
HS	761	0	10	6900
HS	760	0	10	6910
HS	759	0	9	6919
HS	758	0	8	6927
HS	757	0	8	6935
HS	756	0	10	6945
HS	755	0	7	6952
HS	754	0	7	6959
HS	753	0	11	6970
HS	752	0	14	6984
HS	751	0	8	6992
HS	750	0	10	7002
HS	749	0	9	7011
HS	748	0	10	7021
HS	747	0	12	7033
HS	746	0	17	7050
HS	745	0	13	7063
HS	744	0	13	7076
HS	743	0	10	7086
HS	742	0	16	7102
HS	741	0	8	7110
HS	740	0	17	7127
HS	739	0	14	7141
HS	738	0	17	7158
HS	737	0	15	7173
HS	736	0	18	7191
HS	735	0	15	7206
HS	734	0	8	7214
HS	733	0	11	7225
HS	732	0	10	7235
HS	731	0	17	7252
HS	730	0	15	7267
HS	729	0	6	7273
HS	728	0	17	7290
HS	727	0	12	7302
HS	726	0	20	7322
HS	725	0	8	7330
HS	724	0	13	7343
HS	723	0	12	7355
HS	722	0	12	7367
HS	721	0	18	7385
HS	720	0	26	7411
HS	719	0	20	7431
HS	718	0	15	7446
HS	717	0	14	7460
HS	716	0	19	7479
HS	715	0	16	7495
HS	714	0	13	7508
HS	713	0	10	7518
HS	712	0	11	7529
HS	711	0	12	7541
HS	710	0	14	7555
HS	709	0	10	7565
HS	708	0	7	7572
HS	707	0	14	7586
HS	706	0	9	7595
HS	705	0	16	7611
HS	704	0	17	7628
HS	703	0	10	7638
HS	702	0	15	7653
HS	701	0	25	7678
HS	700	0	17	7695
HS	699	0	20	7715
HS	698	0	16	7731
HS	697	0	17	7748
HS	696	0	22	7770
HS	695	0	21	7791
HS	694	0	19	7810
HS	693	0	11	7821
HS	692	0	17	7838
HS	691	0	18	7856
HS	690	0	17	7873
HS	689	0	11	7884
HS	688	0	21	7905
HS	687	0	17	7922
HS	686	0	17	7939
HS	685	0	14	7953
HS	684	0	21	7974
HS	683	0	8	7982
HS	682	0	20	8002
HS	681	0	8	8010
HS	680	0	10	8020
HS	679	0	19	8039
HS	678	0	10	8049
HS	677	0	11	8060
HS	676	0	18	8078
HS	675	0	16	8094
HS	674	0	13	8107
HS	673	0	8	8115
HS	672	0	16	8131
HS	671	0	26	8157
HS	670	0	14	8171
HS	669	0	10	8181
HS	668	0	15	8196
HS	667	0	15	8211
HS	666	0	14	8225
HS	665	0	8	8233
HS	664	0	10	8243
HS	663	0	15	8258
HS	662	0	20	8278
HS	661	0	11	8289
HS	660	0	13	8302
HS	659	0	9	8311
HS	658	0	13	8324
HS	657	0	9	8333
HS	656	0	15	8348
HS	655	0	16	8364
HS	654	0	11	8375
HS	653	0	13	8388
HS	652	0	9	8397
HS	651	0	16	8413
HS	650	0	13	8426
HS	649	0	12	8438
HS	648	0	14	8452
HS	647	0	15	8467
HS	646	0	16	8483
HS	645	0	18	8501
HS	644	0	22	8523
HS	643	0	18	8541
HS	642	0	17	8558
HS	641	0	14	8572
HS	640	0	17	8589
HS	639	0	16	8605
HS	638	0	24	8629
HS	637	0	24	8653
HS	636	0	18	8671
HS	635	0	20	8691
HS	634	0	21	8712
HS	633	0	27	8739
HS	632	0	31	8770
HS	631	0	11	8781
HS	630	0	16	8797
HS	629	0	21	8818
HS	628	0	34	8852
HS	627	0	24	8876
HS	626	0	29	8905
HS	625	0	20	8925
HS	624	0	22	8947
HS	623	0	28	8975
HS	622	0	24	8999
HS	621	0	21	9020
HS	620	0	18	9038
HS	619	0	26	9064
HS	618	0	25	9089
HS	617	0	29	9118
HS	616	0	29	9147
HS	615	0	32	9179
HS	614	0	24	9203
HS	613	0	32	9235
HS	612	0	21	9256
HS	611	0	33	9289
HS	610	0	36	9325
HS	609	0	34	9359
HS	608	0	28	9387
HS	607	0	39	9426
HS	606	0	39	9465
HS	605	0	27	9492
HS	604	0	32	9524
HS	603	0	37	9561
HS	602	0	28	9589
HS	601	0	37	9626
HS	600	0	30	9656
HS	599	0	32	9688
HS	598	0	31	9719
HS	597	0	28	9747
HS	596	0	31	9778
HS	595	0	24	9802
HS	594	0	32	9834
HS	593	0	37	9871
HS	592	0	25	9896
HS	591	0	38	9934
HS	590	0	38	9972
HS	589	0	52	10024
HS	588	0	38	10062
HS	587	0	40	10102
HS	586	0	32	10134
HS	585	0	38	10172
HS	584	0	46	10218
HS	583	0	46	10264
HS	582	0	44	10308
HS	581	0	50	10358
HS	580	0	43	10401
HS	579	0	52	10453
HS	578	0	60	10513
HS	577	0	53	10566
HS	576	0	60	10626
HS	575	0	52	10678
HS	574	0	47	10725
HS	573	0	43	10768
HS	572	0	47	10815
HS	571	0	39	10854
HS	570	0	42	10896
HS	569	0	40	10936
HS	568	0	43	10979
HS	567	0	49	11028
HS	566	0	44	11072
HS	565	0	52	11124
HS	564	0	52	11176
HS	563	0	55	11231
HS	562	0	72	11303
HS	561	0	65	11368
HS	560	0	57	11425
HS	559	0	70	11495
HS	558	0	78	11573
HS	557	0	81	11654
HS	556	0	84	11738
HS	555	0	59	11797
HS	554	0	89	11886
HS	553	0	67	11953
HS	552	0	77	12030
HS	551	0	74	12104
HS	550	0	81	12185
HS	549	0	87	12272
HS	548	0	76	12348
HS	547	0	93	12441
HS	546	0	88	12529
HS	545	0	102	12631
HS	544	0	83	12714
HS	543	0	93	12807
HS	542	0	91	12898
HS	541	0	101	12999
HS	540	0	97	13096
HS	539	0	120	13216
HS	538	0	113	13329
HS	537	0	100	13429
HS	536	0	94	13523
HS	535	0	109	13632
HS	534	0	111	13743
HS	533	0	95	13838
HS	532	0	105	13943
HS	531	0	115	14058
HS	530	0	122	14180
HS	529	0	127	14307
HS	528	0	126	14433
HS	527	0	125	14558
HS	526	0	133	14691
HS	525	0	115	14806
HS	524	0	130	14936
HS	523	0	118	15054
HS	522	0	139	15193
HS	521	0	126	15319
HS	520	0	107	15426
HS	519	0	150	15576
HS	518	0	134	15710
HS	517	0	152	15862
HS	516	0	123	15985
HS	515	0	136	16121
HS	514	0	142	16263
HS	513	0	164	16427
HS	512	0	156	16583
HS	511	0	158	16741
HS	510	0	142	16883
HS	509	0	154	17037
HS	508	0	147	17184
HS	507	0	178	17362
HS	506	0	151	17513
HS	505	0	187	17700
HS	504	0	172	17872
HS	503	0	161	18033
HS	502	0	164	18197
HS	501	0	194	18391
HS	500	0	187	18578
HS	499	0	163	18741
HS	498	0	204	18945
HS	497	0	202	19147
HS	496	0	216	19363
HS	495	0	183	19546
HS	494	0	179	19725
HS	493	0	201	19926
HS	492	0	161	20087
HS	491	0	212	20299
HS	490	0	206	20505
HS	489	0	179	20684
HS	488	0	211	20895
HS	487	0	218	21113
HS	486	0	217	21330
HS	485	0	209	21539
HS	484	0	218	21757
HS	483	0	214	21971
HS	482	0	225	22196
HS	481	0	254	22450
HS	480	0	245	22695
HS	479	0	280	22975
HS	478	0	291	23266
HS	477	0	290	23556
HS	476	0	262	23818
HS	475	0	283	24101
HS	474	0	285	24386
HS	473	0	251	24637
HS	472	0	282	24919
HS	471	0	269	25188
HS	470	0	281	25469
HS	469	0	280	25749
HS	468	0	282	26031
HS	467	0	326	26357
HS	466	0	308	26665
HS	465	0	274	26939
HS	464	0	266	27205
HS	463	0	272	27477
HS	462	0	282	27759
HS	461	0	276	28035
HS	460	0	265	28300
HS	459	0	266	28566
HS	458	0	266	28832
HS	457	0	285	29117
HS	456	0	279	29396
HS	455	0	299	29695
HS	454	0	277	29972
HS	453	0	306	30278
HS	452	0	330	30608
HS	451	0	329	30937
HS	450	0	292	31229
HS	449	0	320	31549
HS	448	0	336	31885
HS	447	0	338	32223
HS	446	0	365	32588
HS	445	0	316	32904
HS	444	0	327	33231
HS	443	0	336	33567
HS	442	0	350	33917
HS	441	0	345	34262
HS	440	0	401	34663
HS	439	0	326	34989
HS	438	0	372	35361
HS	437	0	396	35757
HS	436	0	430	36187
HS	435	0	415	36602
HS	434	0	358	36960
HS	433	0	444	37404
HS	432	0	434	37838
HS	431	0	396	38234
HS	430	0	405	38639
HS	429	0	446	39085
HS	428	0	429	39514
HS	427	0	468	39982
HS	426	0	440	40422
HS	425	0	410	40832
HS	424	0	453	41285
HS	423	0	448	41733
HS	422	0	483	42216
HS	421	0	444	42660
HS	420	0	464	43124
HS	419	0	463	43587
HS	418	0	493	44080
HS	417	0	483	44563
HS	416	0	452	45015
HS	415	0	484	45499
HS	414	0	474	45973
HS	413	0	445	46418
HS	412	0	485	46903
HS	411	0	451	47354
HS	410	0	458	47812
HS	409	0	477	48289
HS	408	0	441	48730
HS	407	0	504	49234
HS	406	0	510	49744
HS	405	0	465	50209
HS	404	0	449	50658
HS	403	0	506	51164
HS	402	0	485	51649
HS	401	0	520	52169
HS	400	0	569	52738
HS	399	0	518	53256
HS	398	0	555	53811
HS	397	0	506	54317
HS	396	0	544	54861
HS	395	0	516	55377
HS	394	0	543	55920
HS	393	0	543	56463
HS	392	0	518	56981
HS	391	0	558	57539
HS	390	0	526	58065
HS	389	0	573	58638
HS	388	0	537	59175
HS	387	0	583	59758
HS	386	0	568	60326
HS	385	0	570	60896
HS	384	0	566	61462
HS	383	0	582	62044
HS	382	0	506	62550
HS	381	0	570	63120
HS	380	0	593	63713
HS	379	0	612	64325
HS	378	0	608	64933
HS	377	0	630	65563
HS	376	0	612	66175
HS	375	0	618	66793
HS	374	0	659	67452
HS	373	0	615	68067
HS	372	0	686	68753
HS	371	0	659	69412
HS	370	0	631	70043
HS	369	0	658	70701
HS	368	0	665	71366
HS	367	0	684	72050
HS	366	0	606	72656
HS	365	0	644	73300
HS	364	0	632	73932
HS	363	0	619	74551
HS	362	0	685	75236
HS	361	0	687	75923
HS	360	0	648	76571
HS	359	0	672	77243
HS	358	0	694	77937
HS	357	0	671	78608
HS	356	0	730	79338
HS	355	0	746	80084
HS	354	0	783	80867
HS	353	0	757	81624
HS	352	0	705	82329
HS	351	0	679	83008
HS	350	0	790	83798
HS	349	0	758	84556
HS	348	0	777	85333
HS	347	0	767	86100
HS	346	0	783	86883
HS	345	0	804	87687
HS	344	0	793	88480
HS	343	0	827	89307
HS	342	0	807	90114
HS	341	0	898	91012
HS	340	0	835	91847
HS	339	0	831	92678
HS	338	0	836	93514
HS	337	0	870	94384
HS	336	0	888	95272
HS	335	0	910	96182
HS	334	0	894	97076
HS	333	0	955	98031
HS	332	0	958	98989
HS	331	0	897	99886
HS	330	0	951	100837
HS	329	0	946	101783
HS	328	0	910	102693
HS	327	0	938	103631
HS	326	0	975	104606
HS	325	0	1010	105616
HS	324	0	983	106599
HS	323	0	958	107557
HS	322	0	959	108516
HS	321	0	925	109441
HS	320	0	922	110363
HS	319	0	939	111302
HS	318	0	974	112276
HS	317	0	933	113209
HS	316	0	1023	114232
HS	315	0	1028	115260
HS	314	0	1077	116337
HS	313	0	1060	117397
HS	312	0	1182	118579
HS	311	0	1082	119661
HS	310	0	1235	120896
HS	309	0	1234	122130
HS	308	0	1249	123379
HS	307	0	1305	124684
HS	306	0	1330	126014
HS	305	0	1364	127378
HS	304	0	1345	128723
HS	303	0	1411	130134
HS	302	0	1375	131509
HS	301	0	1388	132897
HS	300	0	1483	134380
HS	299	0	1528	135908
HS	298	0	1492	137400
HS	297	0	1508	138908
HS	296	0	1574	140482
HS	295	0	1678	142160
HS	294	0	1783	143943
HS	293	0	1927	145870
HS	292	0	1820	147690
HS	291	0	1928	149618
HS	290	0	2006	151624
HS	289	0	2058	153682
HS	288	0	2114	155796
HS	287	0	2227	158023
HS	286	0	2178	160201
HS	285	0	2231	162432
HS	284	0	2401	164833
HS	283	0	2498	167331
HS	282	0	2535	169866
HS	281	0	2743	172609
HS	280	0	2812	175421
HS	279	0	2785	178206
HS	278	0	3027	181233
HS	277	0	3003	184236
HS	276	0	3052	187288
HS	275	0	3322	190610
HS	274	0	3558	194168
HS	273	0	3840	198008
HS	272	0	3800	201808
HS	271	0	3951	205759
HS	270	0	4070	209829
HS	269	0	4286	214115
HS	268	0	4507	218622
HS	267	0	4644	223266
HS	266	0	4856	228122
HS	265	0	4992	233114
HS	264	0	5211	238325
HS	263	0	5358	243683
HS	262	0	5726	249409
HS	261	0	6004	255413
HS	260	0	5974	261387
HS	259	0	6195	267582
HS	258	0	6419	274001
HS	257	0	6875	280876
HS	256	0	7078	287954
HS	255	0	7071	295025
HS	254	0	7625	302650
HS	253	0	7893	310543
HS	252	0	8169	318712
HS	251	0	8597	327309
HS	250	0	8845	336154
HS	249	0	9274	345428
HS	248	0	9640	355068
HS	247	0	9913	364981
HS	246	0	10446	375427
HS	245	0	10920	386347
HS	244	0	11385	397732
HS	243	0	11682	409414
HS	242	0	12032	421446
HS	241	0	12746	434192
HS	240	0	12933	447125
HS	239	0	13369	460494
HS	238	0	13949	474443
HS	237	0	14319	488762
HS	236	0	14813	503575
HS	235	0	15510	519085
HS	234	0	15909	534994
HS	233	0	16409	551403
HS	232	0	16896	568299
HS	231	0	17633	585932
HS	230	0	18306	604238
HS	229	0	19215	623453
HS	228	0	19824	643277
HS	227	0	20240	663517
HS	226	0	21186	684703
HS	225	0	21880	706583
HS	224	0	22546	729129
HS	223	0	23168	752297
HS	222	0	24255	776552
HS	221	0	25082	801634
HS	220	0	25785	827419
HS	219	0	26614	854033
HS	218	0	27404	881437
HS	217	0	28356	909793
HS	216	0	28976	938769
HS	215	0	29625	968394
HS	214	0	30600	998994
HS	213	0	31583	1030577
HS	212	0	32864	1063441
HS	211	0	33352	1096793
HS	210	0	34272	1131065
HS	209	0	35616	1166681
HS	208	0	36277	1202958
HS	207	0	37448	1240406
HS	206	0	38044	1278450
HS	205	0	39114	1317564
HS	204	0	40223	1357787
HS	203	0	40967	1398754
HS	202	0	42329	1441083
HS	201	0	42788	1483871
HS	200	0	44428	1528299
HS	199	0	45337	1573636
HS	198	0	46403	1620039
HS	197	0	47545	1667584
HS	196	0	48449	1716033
HS	195	0	49680	1765713
HS	194	0	50716	1816429
HS	193	0	51410	1867839
HS	192	0	52534	1920373
HS	191	0	53706	1974079
HS	190	0	54945	2029024
HS	189	0	56126	2085150
HS	188	0	57510	2142660
HS	187	0	58316	2200976
HS	186	0	59232	2260208
HS	185	0	59735	2319943
HS	184	0	60594	2380537
HS	183	0	61755	2442292
HS	182	0	62487	2504779
HS	181	0	64110	2568889
HS	180	0	64557	2633446
HS	179	0	65778	2699224
HS	178	0	66362	2765586
HS	177	0	67097	2832683
HS	176	0	68235	2900918
HS	175	0	68324	2969242
HS	174	0	68555	3037797
HS	173	0	69167	3106964
HS	172	0	69612	3176576
HS	171	0	70800	3247376
HS	170	0	70887	3318263
HS	169	0	71723	3389986
HS	168	0	71668	3461654
HS	167	0	72155	3533809
HS	166	0	72353	3606162
HS	165	0	73075	3679237
HS	164	0	73128	3752365
HS	163	0	72690	3825055
HS	162	0	71638	3896693
HS	161	0	72608	3969301
HS	160	0	72722	4042023
HS	159	0	72763	4114786
HS	158	0	72267	4187053
HS	157	0	71877	4258930
HS	156	0	72289	4331219
HS	155	0	71444	4402663
HS	154	0	71259	4473922
HS	153	0	71306	4545228
HS	152	0	70117	4615345
HS	151	0	69560	4684905
HS	150	0	69189	4754094
HS	149	0	68662	4822756
HS	148	0	67565	4890321
HS	147	0	67316	4957637
HS	146	0	66405	5024042
HS	145	0	65814	5089856
HS	144	0	64390	5154246
HS	143	0	63286	5217532
HS	142	0	61580	5279112
HS	141	0	60441	5339553
HS	140	0	59811	5399364
HS	139	0	58029	5457393
HS	138	0	57026	5514419
HS	137	0	55748	5570167
HS	136	0	55052	5625219
HS	135	0	53054	5678273
HS	134	0	51829	5730102
HS	133	0	49962	5780064
HS	132	0	49116	5829180
HS	131	0	47782	5876962
HS	130	0	46006	5922968
HS	129	0	45053	5968021
HS	128	0	44167	6012188
HS	127	0	42203	6054391
HS	126	0	41128	6095519
HS	125	0	40008	6135527
HS	124	0	38448	6173975
HS	123	0	37303	6211278
HS	122	0	35600	6246878
HS	121	0	34482	6281360
HS	120	0	33104	6314464
HS	119	0	31599	6346063
HS	118	0	30588	6376651
HS	117	0	29819	6406470
HS	116	0	28142	6434612
HS	115	0	26387	6460999
HS	114	0	25099	6486098
HS	113	0	24114	6510212
HS	112	0	22859	6533071
HS	111	0	22205	6555276
HS	110	0	20814	6576090
HS	109	0	20043	6596133
HS	108	0	18987	6615120
HS	107	0	18183	6633303
HS	106	0	17145	6650448
HS	105	0	16314	6666762
HS	104	0	15117	6681879
HS	103	0	14505	6696384
HS	102	0	13547	6709931
HS	101	0	12970	6722901
HS	100	0	12078	6734979
HS	99	0	11334	6746313
HS	98	0	10815	6757128
HS	97	0	10007	6767135
HS	96	0	9617	6776752
HS	95	0	9081	6785833
HS	94	0	8521	6794354
HS	93	0	8022	6802376
HS	92	0	7487	6809863
HS	91	0	6974	6816837
HS	90	0	6402	6823239
HS	89	0	5901	6829140
HS	88	0	5742	6834882
HS	87	0	5570	6840452
HS	86	0	5080	6845532
HS	85	0	4826	6850358
HS	84	0	4520	6854878
HS	83	0	4322	6859200
HS	82	0	4053	6863253
HS	81	0	3804	6867057
HS	80	0	3544	6870601
HS	79	0	3495	6874096
HS	78	0	3259	6877355
HS	77	0	3036	6880391
HS	76	0	2757	6883148
HS	75	0	2800	6885948
HS	74	0	2662	6888610
HS	73	0	2662	6891272
HS	72	0	2562	6893834
HS	71	0	2417	6896251
HS	70	0	2253	6898504
HS	69	0	2213	6900717
HS	68	0	2139	6902856
HS	67	0	2056	6904912
HS	66	0	1909	6906821
HS	65	0	1758	6908579
HS	64	0	1719	6910298
HS	63	0	1554	6911852
HS	62	0	1509	6913361
HS	61	0	1498	6914859
HS	60	0	1396	6916255
HS	59	0	1313	6917568
HS	58	0	1323	6918891
HS	57	0	1384	6920275
HS	56	0	1323	6921598
HS	55	0	1311	6922909
HS	54	0	1249	6924158
HS	53	0	1250	6925408
HS	52	0	1132	6926540
HS	51	0	1126	6927666
HS	50	0	1112	6928778
HS	49	0	1012	6929790
HS	48	0	941	6930731
HS	47	0	950	6931681
HS	46	0	976	6932657
HS	45	0	1023	6933680
HS	44	0	1008	6934688
HS	43	0	991	6935679
HS	42	0	941	6936620
HS	41	0	942	6937562
HS	40	0	963	6938525
HS	39	0	922	6939447
HS	38	0	974	6940421
HS	37	0	1096	6941517
HS	36	0	1141	6942658
HS	35	0	1145	6943803
HS	34	0	1408	6945211
HS	33	0	1303	6946514
HS	32	0	1231	6947745
HS	31	0	1396	6949141
HS	30	0	1809	6950950
HS	29	0	2050	6953000
HS	28	0	2310	6955310
HS	27	0	2421	6957731
HS	26	0	2468	6960199
HS	25	0	3077	6963276
HS	24	0	3641	6966917
HS	23	0	4245	6971162
HS	22	0	5166	6976328
HS	21	0	6187	6982515
HS	20	0	7420	6989935
HS	19	0	8806	6998741
HS	18	0	10625	7009366
HS	17	0	12869	7022235
HS	16	0	16002	7038237
HS	15	0	20481	7058718
HS	14	0	25417	7084135
HS	13	0	32203	7116338
HS	12	0	42431	7158769
HS	11	0	55243	7214012
HS	10	0	75068	7289080
HS	9	0	101559	7390639
HS	8	0	142593	7533232
HS	7	0	212340	7745572
HS	6	0	344944	8090516
HS	5	0	620259	8710775
HS	4	0	1300751	10011526
HS	3	0	3414256	13425782
HS	2	0	12726193	26151975
HS	1	0	0	26151975
HS	0	0	0	26151975
