CC	CT  kmer_occurrence    short_read_kmer_count  raw_input_kmer_count  adjusted_input_kmer_count
CC	FR  fpr_lower_bound    fpr_upper_bound
CC	ER  total_input_kmers  adjusted_error_kmers
CC	CV  coverage
CC	QV  raw_quality_value  adjusted_quality_value
CC
SQ	JAUCEM010000005.1	153371	153341	153341	99.00
SQ	JAUCEM010000004.1	369580	369550	369096	44.02
SQ	JAUCEM010000006.1	5303651	5303621	5302927	53.75
CT	1023	16493	72620	72620.000
CT	1022	17	5	5.000
CT	1021	18	13	13.000
CT	1020	13	0	0.000
CT	1019	12	0	0.000
CT	1018	17	3	3.000
CT	1017	19	8	8.000
CT	1016	16	8	8.000
CT	1015	20	14	14.000
CT	1014	25	0	0.000
CT	1013	21	0	0.000
CT	1012	21	4	4.000
CT	1011	9	0	0.000
CT	1010	17	12	12.000
CT	1009	25	8	8.000
CT	1008	13	5	5.000
CT	1007	18	0	0.000
CT	1006	22	31	31.000
CT	1005	26	27	27.000
CT	1004	12	9	9.000
CT	1003	19	14	14.000
CT	1002	19	16	16.000
CT	1001	21	9	9.000
CT	1000	24	38	38.000
CT	999	19	4	4.000
CT	998	20	9	9.000
CT	997	15	17	17.000
CT	996	14	5	5.000
CT	995	20	5	5.000
CT	994	13	4	4.000
CT	993	12	11	11.000
CT	992	13	9	9.000
CT	991	16	8	8.000
CT	990	12	4	4.000
CT	989	17	0	0.000
CT	988	13	8	8.000
CT	987	15	0	0.000
CT	986	11	3	3.000
CT	985	18	5	5.000
CT	984	10	8	8.000
CT	983	16	13	13.000
CT	982	18	11	11.000
CT	981	14	12	12.000
CT	980	14	12	12.000
CT	979	14	6	6.000
CT	978	11	8	8.000
CT	977	17	15	15.000
CT	976	12	6	6.000
CT	975	14	5	5.000
CT	974	15	5	5.000
CT	973	13	32	32.000
CT	972	17	5	5.000
CT	971	14	9	9.000
CT	970	12	3	3.000
CT	969	19	12	12.000
CT	968	14	13	13.000
CT	967	14	7	7.000
CT	966	15	12	12.000
CT	965	16	10	10.000
CT	964	16	10	10.000
CT	963	24	6	6.000
CT	962	11	5	5.000
CT	961	17	0	0.000
CT	960	19	11	11.000
CT	959	9	10	10.000
CT	958	18	17	17.000
CT	957	15	11	11.000
CT	956	15	7	7.000
CT	955	12	8	8.000
CT	954	11	9	9.000
CT	953	20	21	21.000
CT	952	13	7	7.000
CT	951	10	0	0.000
CT	950	17	11	11.000
CT	949	23	5	5.000
CT	948	16	15	15.000
CT	947	14	14	14.000
CT	946	20	20	20.000
CT	945	17	17	17.000
CT	944	14	12	12.000
CT	943	18	6	6.000
CT	942	22	2	2.000
CT	941	17	5	5.000
CT	940	23	10	10.000
CT	939	13	9	9.000
CT	938	14	2	2.000
CT	937	21	12	12.000
CT	936	19	10	10.000
CT	935	15	6	6.000
CT	934	16	36	36.000
CT	933	18	5	5.000
CT	932	19	29	29.000
CT	931	13	5	5.000
CT	930	23	15	15.000
CT	929	21	17	17.000
CT	928	20	43	43.000
CT	927	20	23	23.000
CT	926	19	2	2.000
CT	925	25	24	24.000
CT	924	15	25	25.000
CT	923	17	19	19.000
CT	922	30	58	58.000
CT	921	31	14	14.000
CT	920	25	23	23.000
CT	919	22	2	2.000
CT	918	14	22	22.000
CT	917	16	28	28.000
CT	916	21	15	15.000
CT	915	21	17	17.000
CT	914	20	6	6.000
CT	913	17	13	13.000
CT	912	19	32	32.000
CT	911	19	18	18.000
CT	910	19	21	21.000
CT	909	26	24	24.000
CT	908	15	20	20.000
CT	907	20	32	32.000
CT	906	18	26	26.000
CT	905	28	41	41.000
CT	904	12	12	12.000
CT	903	22	18	18.000
CT	902	16	10	10.000
CT	901	21	27	27.000
CT	900	23	11	11.000
CT	899	22	31	31.000
CT	898	16	3	3.000
CT	897	12	7	7.000
CT	896	19	12	12.000
CT	895	18	15	15.000
CT	894	17	8	8.000
CT	893	22	21	21.000
CT	892	24	15	15.000
CT	891	8	0	0.000
CT	890	14	17	17.000
CT	889	20	19	19.000
CT	888	9	6	6.000
CT	887	16	11	11.000
CT	886	10	10	10.000
CT	885	13	22	22.000
CT	884	7	5	5.000
CT	883	13	8	8.000
CT	882	13	2	2.000
CT	881	9	6	6.000
CT	880	11	3	3.000
CT	879	13	3	3.000
CT	878	9	3	3.000
CT	877	10	15	15.000
CT	876	12	10	10.000
CT	875	19	23	23.000
CT	874	14	9	9.000
CT	873	12	11	11.000
CT	872	22	23	23.000
CT	871	22	10	10.000
CT	870	18	24	24.000
CT	869	17	20	20.000
CT	868	15	17	17.000
CT	867	17	12	12.000
CT	866	18	28	28.000
CT	865	11	9	9.000
CT	864	17	8	8.000
CT	863	13	7	7.000
CT	862	12	7	7.000
CT	861	11	14	14.000
CT	860	18	10	10.000
CT	859	22	31	31.000
CT	858	25	30	30.000
CT	857	17	38	38.000
CT	856	14	23	23.000
CT	855	13	15	15.000
CT	854	25	14	14.000
CT	853	16	18	18.000
CT	852	22	47	47.000
CT	851	18	22	22.000
CT	850	14	30	30.000
CT	849	19	22	22.000
CT	848	23	20	20.000
CT	847	27	15	15.000
CT	846	21	20	20.000
CT	845	14	10	10.000
CT	844	24	14	14.000
CT	843	17	10	10.000
CT	842	24	20	20.000
CT	841	22	15	15.000
CT	840	24	26	26.000
CT	839	19	26	26.000
CT	838	28	23	23.000
CT	837	27	34	34.000
CT	836	22	33	33.000
CT	835	15	28	28.000
CT	834	27	27	27.000
CT	833	28	34	34.000
CT	832	24	48	48.000
CT	831	21	20	20.000
CT	830	16	23	23.000
CT	829	19	18	18.000
CT	828	28	45	45.000
CT	827	18	18	18.000
CT	826	27	46	46.000
CT	825	17	27	27.000
CT	824	30	59	59.000
CT	823	29	47	47.000
CT	822	25	59	59.000
CT	821	33	50	50.000
CT	820	25	43	43.000
CT	819	25	37	37.000
CT	818	14	31	31.000
CT	817	23	32	32.000
CT	816	26	39	39.000
CT	815	32	59	59.000
CT	814	25	45	45.000
CT	813	29	43	43.000
CT	812	31	61	61.000
CT	811	16	29	29.000
CT	810	21	38	38.000
CT	809	29	56	56.000
CT	808	32	58	58.000
CT	807	30	45	45.000
CT	806	32	40	40.000
CT	805	32	62	62.000
CT	804	28	53	53.000
CT	803	22	52	52.000
CT	802	27	58	58.000
CT	801	21	27	27.000
CT	800	28	61	61.000
CT	799	28	33	33.000
CT	798	23	38	38.000
CT	797	22	36	36.000
CT	796	17	25	25.000
CT	795	25	36	36.000
CT	794	26	51	51.000
CT	793	20	41	41.000
CT	792	25	44	44.000
CT	791	22	48	48.000
CT	790	23	48	48.000
CT	789	22	40	40.000
CT	788	30	56	56.000
CT	787	31	60	60.000
CT	786	24	37	37.000
CT	785	36	60	60.000
CT	784	26	53	53.000
CT	783	34	49	49.000
CT	782	34	64	64.000
CT	781	25	32	32.000
CT	780	21	38	38.000
CT	779	21	36	36.000
CT	778	28	27	27.000
CT	777	43	60	60.000
CT	776	22	36	36.000
CT	775	31	63	63.000
CT	774	27	42	42.000
CT	773	26	31	31.000
CT	772	15	27	27.000
CT	771	20	25	25.000
CT	770	29	56	56.000
CT	769	25	47	47.000
CT	768	21	39	39.000
CT	767	18	29	29.000
CT	766	24	43	43.000
CT	765	26	32	32.000
CT	764	16	32	32.000
CT	763	21	32	32.000
CT	762	32	65	65.000
CT	761	34	46	46.000
CT	760	23	35	35.000
CT	759	33	59	59.000
CT	758	30	59	59.000
CT	757	29	54	54.000
CT	756	33	48	48.000
CT	755	32	42	42.000
CT	754	30	53	53.000
CT	753	32	37	37.000
CT	752	27	43	43.000
CT	751	34	41	41.000
CT	750	30	53	53.000
CT	749	30	51	51.000
CT	748	26	42	42.000
CT	747	23	32	32.000
CT	746	40	57	57.000
CT	745	36	60	60.000
CT	744	32	31	31.000
CT	743	36	45	45.000
CT	742	31	49	49.000
CT	741	27	42	42.000
CT	740	32	36	36.000
CT	739	33	54	54.000
CT	738	28	43	43.000
CT	737	32	48	48.000
CT	736	51	97	97.000
CT	735	33	30	30.000
CT	734	29	39	39.000
CT	733	45	69	69.000
CT	732	46	65	65.000
CT	731	29	43	43.000
CT	730	30	41	41.000
CT	729	30	43	43.000
CT	728	30	55	55.000
CT	727	33	49	49.000
CT	726	32	60	60.000
CT	725	27	38	38.000
CT	724	25	27	27.000
CT	723	42	47	47.000
CT	722	29	40	40.000
CT	721	27	35	35.000
CT	720	31	30	30.000
CT	719	25	39	39.000
CT	718	17	29	29.000
CT	717	32	41	41.000
CT	716	31	28	28.000
CT	715	30	45	45.000
CT	714	23	43	43.000
CT	713	27	46	46.000
CT	712	37	57	57.000
CT	711	33	48	48.000
CT	710	22	22	22.000
CT	709	34	59	59.000
CT	708	38	46	46.000
CT	707	37	42	42.000
CT	706	35	45	45.000
CT	705	26	31	31.000
CT	704	29	37	37.000
CT	703	30	55	55.000
CT	702	27	42	42.000
CT	701	28	35	35.000
CT	700	32	48	48.000
CT	699	35	49	49.000
CT	698	33	60	60.000
CT	697	29	47	47.000
CT	696	28	43	43.000
CT	695	42	56	56.000
CT	694	30	57	57.000
CT	693	36	61	61.000
CT	692	41	63	63.000
CT	691	37	39	39.000
CT	690	42	57	57.000
CT	689	35	50	50.000
CT	688	35	62	62.000
CT	687	48	63	63.000
CT	686	47	72	72.000
CT	685	33	41	41.000
CT	684	48	66	66.000
CT	683	43	66	66.000
CT	682	37	49	49.000
CT	681	40	51	51.000
CT	680	38	55	55.000
CT	679	42	56	56.000
CT	678	37	62	62.000
CT	677	43	43	43.000
CT	676	40	53	53.000
CT	675	31	45	45.000
CT	674	48	82	82.000
CT	673	41	59	59.000
CT	672	44	50	50.000
CT	671	44	67	67.000
CT	670	30	38	38.000
CT	669	50	51	51.000
CT	668	38	45	45.000
CT	667	37	44	44.000
CT	666	53	43	43.000
CT	665	42	64	64.000
CT	664	42	54	54.000
CT	663	42	55	55.000
CT	662	54	55	55.000
CT	661	52	68	68.000
CT	660	46	69	69.000
CT	659	51	71	71.000
CT	658	48	68	68.000
CT	657	55	83	83.000
CT	656	71	106	106.000
CT	655	59	69	69.000
CT	654	55	69	69.000
CT	653	66	79	79.000
CT	652	65	85	85.000
CT	651	55	71	71.000
CT	650	71	83	83.000
CT	649	67	76	76.000
CT	648	59	85	85.000
CT	647	55	72	72.000
CT	646	62	78	78.000
CT	645	78	93	93.000
CT	644	71	83	83.000
CT	643	67	92	92.000
CT	642	61	80	80.000
CT	641	72	99	99.000
CT	640	69	83	83.000
CT	639	74	76	76.000
CT	638	56	61	61.000
CT	637	70	69	69.000
CT	636	88	95	95.000
CT	635	76	67	67.000
CT	634	75	82	82.000
CT	633	95	98	98.000
CT	632	73	86	86.000
CT	631	61	66	66.000
CT	630	67	71	71.000
CT	629	68	86	86.000
CT	628	65	77	77.000
CT	627	82	90	90.000
CT	626	75	80	80.000
CT	625	86	105	105.000
CT	624	75	83	83.000
CT	623	88	120	120.000
CT	622	105	104	104.000
CT	621	90	111	111.000
CT	620	85	92	92.000
CT	619	92	80	80.000
CT	618	87	95	95.000
CT	617	103	116	116.000
CT	616	93	102	102.000
CT	615	123	129	129.000
CT	614	109	122	122.000
CT	613	100	117	117.000
CT	612	100	94	94.000
CT	611	109	108	108.000
CT	610	128	131	131.000
CT	609	121	121	121.000
CT	608	125	142	142.000
CT	607	120	135	135.000
CT	606	131	140	140.000
CT	605	154	176	176.000
CT	604	135	140	140.000
CT	603	134	135	135.000
CT	602	129	141	141.000
CT	601	146	159	159.000
CT	600	171	201	201.000
CT	599	146	175	175.000
CT	598	131	148	148.000
CT	597	149	159	159.000
CT	596	159	171	171.000
CT	595	160	150	150.000
CT	594	145	142	142.000
CT	593	149	161	161.000
CT	592	151	159	159.000
CT	591	158	162	162.000
CT	590	169	174	174.000
CT	589	153	164	164.000
CT	588	168	193	193.000
CT	587	171	195	195.000
CT	586	182	220	220.000
CT	585	198	229	229.000
CT	584	188	204	204.000
CT	583	184	197	197.000
CT	582	207	234	234.000
CT	581	173	196	196.000
CT	580	190	214	214.000
CT	579	208	225	225.000
CT	578	189	215	215.000
CT	577	204	224	224.000
CT	576	244	263	263.000
CT	575	184	205	205.000
CT	574	229	240	240.000
CT	573	217	225	225.000
CT	572	245	256	256.000
CT	571	202	205	205.000
CT	570	238	241	241.000
CT	569	227	237	237.000
CT	568	215	225	225.000
CT	567	234	236	236.000
CT	566	217	225	225.000
CT	565	226	233	233.000
CT	564	248	245	245.000
CT	563	260	270	270.000
CT	562	243	261	261.000
CT	561	262	271	271.000
CT	560	280	294	294.000
CT	559	250	275	275.000
CT	558	261	267	267.000
CT	557	287	294	294.000
CT	556	263	257	257.000
CT	555	275	291	291.000
CT	554	283	302	302.000
CT	553	252	261	261.000
CT	552	275	280	280.000
CT	551	268	290	290.000
CT	550	292	284	284.000
CT	549	274	290	290.000
CT	548	301	297	297.000
CT	547	308	323	323.000
CT	546	301	314	314.000
CT	545	307	310	310.000
CT	544	309	320	320.000
CT	543	291	307	307.000
CT	542	323	322	322.000
CT	541	323	330	330.000
CT	540	354	355	355.000
CT	539	338	358	358.000
CT	538	273	291	291.000
CT	537	317	334	334.000
CT	536	305	294	294.000
CT	535	342	354	354.000
CT	534	334	333	333.000
CT	533	366	356	356.000
CT	532	349	351	351.000
CT	531	344	351	351.000
CT	530	376	382	382.000
CT	529	360	368	368.000
CT	528	421	423	423.000
CT	527	420	423	423.000
CT	526	404	401	401.000
CT	525	398	407	407.000
CT	524	459	456	456.000
CT	523	439	450	450.000
CT	522	456	454	454.000
CT	521	453	449	449.000
CT	520	474	467	467.000
CT	519	446	438	438.000
CT	518	521	509	509.000
CT	517	461	467	467.000
CT	516	496	494	494.000
CT	515	498	490	490.000
CT	514	473	477	477.000
CT	513	542	559	559.000
CT	512	519	520	520.000
CT	511	489	484	484.000
CT	510	511	514	514.000
CT	509	560	546	546.000
CT	508	529	523	523.000
CT	507	542	538	538.000
CT	506	553	555	555.000
CT	505	540	562	562.000
CT	504	568	580	580.000
CT	503	585	581	581.000
CT	502	619	608	608.000
CT	501	603	607	607.000
CT	500	600	602	602.000
CT	499	600	589	589.000
CT	498	602	608	608.000
CT	497	623	631	631.000
CT	496	630	634	634.000
CT	495	645	647	647.000
CT	494	676	692	692.000
CT	493	729	735	735.000
CT	492	718	702	702.000
CT	491	730	726	726.000
CT	490	680	665	665.000
CT	489	721	719	719.000
CT	488	678	676	676.000
CT	487	731	710	710.000
CT	486	750	733	733.000
CT	485	774	765	765.000
CT	484	754	768	768.000
CT	483	812	813	813.000
CT	482	773	763	763.000
CT	481	835	825	825.000
CT	480	836	829	829.000
CT	479	875	855	855.000
CT	478	863	824	824.000
CT	477	841	824	824.000
CT	476	899	882	882.000
CT	475	918	903	903.000
CT	474	944	939	939.000
CT	473	931	917	917.000
CT	472	949	933	933.000
CT	471	947	937	937.000
CT	470	1012	1024	1024.000
CT	469	1001	987	987.000
CT	468	1059	1049	1049.000
CT	467	1041	1043	1043.000
CT	466	1091	1085	1085.000
CT	465	1072	1077	1077.000
CT	464	1100	1070	1070.000
CT	463	1112	1103	1103.000
CT	462	1168	1149	1149.000
CT	461	1144	1135	1135.000
CT	460	1237	1212	1212.000
CT	459	1141	1124	1124.000
CT	458	1293	1280	1280.000
CT	457	1306	1280	1280.000
CT	456	1276	1243	1243.000
CT	455	1352	1325	1325.000
CT	454	1396	1369	1369.000
CT	453	1419	1397	1397.000
CT	452	1384	1342	1342.000
CT	451	1470	1466	1466.000
CT	450	1492	1456	1456.000
CT	449	1518	1531	1531.000
CT	448	1526	1508	1508.000
CT	447	1504	1459	1459.000
CT	446	1514	1470	1470.000
CT	445	1562	1501	1501.000
CT	444	1584	1557	1557.000
CT	443	1708	1667	1667.000
CT	442	1667	1615	1615.000
CT	441	1642	1582	1582.000
CT	440	1724	1681	1681.000
CT	439	1662	1637	1637.000
CT	438	1784	1744	1744.000
CT	437	1694	1666	1666.000
CT	436	1785	1720	1720.000
CT	435	1859	1810	1810.000
CT	434	1845	1804	1804.000
CT	433	1879	1809	1809.000
CT	432	2008	1935	1935.000
CT	431	1958	1912	1912.000
CT	430	2026	1967	1967.000
CT	429	1978	1922	1922.000
CT	428	2067	1999	1999.000
CT	427	2111	2031	2031.000
CT	426	2095	2040	2040.000
CT	425	2147	2093	2093.000
CT	424	2181	2099	2099.000
CT	423	2236	2185	2185.000
CT	422	2237	2203	2203.000
CT	421	2250	2206	2206.000
CT	420	2229	2144	2144.000
CT	419	2367	2320	2320.000
CT	418	2340	2303	2303.000
CT	417	2335	2282	2282.000
CT	416	2349	2298	2298.000
CT	415	2584	2539	2539.000
CT	414	2500	2442	2442.000
CT	413	2585	2532	2532.000
CT	412	2497	2442	2442.000
CT	411	2584	2505	2505.000
CT	410	2722	2654	2654.000
CT	409	2629	2559	2559.000
CT	408	2695	2619	2619.000
CT	407	2769	2712	2712.000
CT	406	2771	2703	2703.000
CT	405	2858	2764	2764.000
CT	404	2904	2827	2827.000
CT	403	2963	2895	2895.000
CT	402	2918	2840	2840.000
CT	401	3040	2949	2949.000
CT	400	2990	2905	2905.000
CT	399	3080	2999	2999.000
CT	398	3031	2944	2944.000
CT	397	3211	3125	3125.000
CT	396	3173	3106	3106.000
CT	395	3147	3094	3094.000
CT	394	3161	3083	3083.000
CT	393	3306	3211	3211.000
CT	392	3367	3303	3303.000
CT	391	3360	3277	3277.000
CT	390	3387	3322	3322.000
CT	389	3455	3383	3383.000
CT	388	3474	3377	3377.000
CT	387	3599	3520	3520.000
CT	386	3673	3596	3596.000
CT	385	3724	3616	3616.000
CT	384	3621	3491	3491.000
CT	383	3584	3495	3495.000
CT	382	3702	3600	3600.000
CT	381	3720	3629	3629.000
CT	380	3689	3603	3603.000
CT	379	3788	3696	3696.000
CT	378	3956	3830	3830.000
CT	377	3905	3810	3810.000
CT	376	4116	4023	4023.000
CT	375	4054	3946	3946.000
CT	374	4139	4025	4025.000
CT	373	4357	4214	4214.000
CT	372	4323	4219	4219.000
CT	371	4431	4296	4296.000
CT	370	4480	4337	4337.000
CT	369	4343	4201	4201.000
CT	368	4511	4362	4362.000
CT	367	4568	4425	4425.000
CT	366	4499	4352	4352.000
CT	365	4647	4514	4514.000
CT	364	4677	4534	4534.000
CT	363	4833	4651	4651.000
CT	362	4915	4778	4778.000
CT	361	5010	4864	4864.000
CT	360	4870	4690	4690.000
CT	359	4899	4729	4729.000
CT	358	5149	4950	4950.000
CT	357	5115	4932	4932.000
CT	356	5144	4977	4977.000
CT	355	5153	4966	4966.000
CT	354	5448	5248	5248.000
CT	353	5302	5120	5120.000
CT	352	5298	5137	5137.000
CT	351	5333	5159	5159.000
CT	350	5668	5514	5514.000
CT	349	5857	5678	5678.000
CT	348	5911	5719	5719.000
CT	347	5997	5823	5823.000
CT	346	5954	5771	5771.000
CT	345	6111	5917	5917.000
CT	344	6054	5864	5864.000
CT	343	6174	5941	5941.000
CT	342	6253	6055	6055.000
CT	341	6136	5963	5963.000
CT	340	6415	6231	6231.000
CT	339	6531	6305	6305.000
CT	338	6490	6296	6296.000
CT	337	6477	6259	6259.000
CT	336	6600	6413	6413.000
CT	335	6600	6444	6444.000
CT	334	6781	6609	6609.000
CT	333	6882	6702	6702.000
CT	332	6921	6703	6703.000
CT	331	6932	6745	6745.000
CT	330	7178	6985	6985.000
CT	329	7287	7079	7079.000
CT	328	7338	7131	7131.000
CT	327	7409	7190	7190.000
CT	326	7306	7090	7090.000
CT	325	7645	7443	7443.000
CT	324	7505	7313	7313.000
CT	323	7720	7513	7513.000
CT	322	7863	7636	7636.000
CT	321	7903	7683	7683.000
CT	320	7907	7693	7693.000
CT	319	7982	7767	7767.000
CT	318	8172	7963	7963.000
CT	317	8285	8026	8026.000
CT	316	8303	8076	8076.000
CT	315	8552	8316	8316.000
CT	314	8295	8082	8082.000
CT	313	8575	8341	8341.000
CT	312	8762	8541	8541.000
CT	311	8744	8527	8527.000
CT	310	8743	8542	8542.000
CT	309	8772	8550	8550.000
CT	308	8845	8648	8648.000
CT	307	8909	8725	8725.000
CT	306	9138	8960	8960.000
CT	305	9050	8838	8838.000
CT	304	9219	9031	9031.000
CT	303	9329	9129	9129.000
CT	302	9148	8928	8928.000
CT	301	9409	9188	9188.000
CT	300	9504	9269	9269.000
CT	299	9528	9316	9316.000
CT	298	9634	9397	9397.000
CT	297	9782	9559	9559.000
CT	296	9666	9452	9452.000
CT	295	9749	9546	9546.000
CT	294	10097	9883	9883.000
CT	293	10010	9776	9776.000
CT	292	9987	9790	9790.000
CT	291	10033	9825	9825.000
CT	290	10182	9970	9970.000
CT	289	10236	10051	10051.000
CT	288	10362	10150	10150.000
CT	287	10605	10412	10412.000
CT	286	10570	10357	10357.000
CT	285	10941	10729	10729.000
CT	284	10945	10726	10726.000
CT	283	11017	10808	10808.000
CT	282	11122	10901	10901.000
CT	281	11079	10902	10902.000
CT	280	11343	11131	11131.000
CT	279	11418	11229	11229.000
CT	278	11796	11582	11582.000
CT	277	11518	11332	11332.000
CT	276	11827	11650	11650.000
CT	275	11863	11677	11677.000
CT	274	11973	11793	11793.000
CT	273	12306	12171	12171.000
CT	272	12442	12254	12254.000
CT	271	12540	12373	12373.000
CT	270	12666	12502	12502.000
CT	269	12867	12705	12705.000
CT	268	12797	12622	12622.000
CT	267	12886	12743	12743.000
CT	266	12938	12780	12780.000
CT	265	13102	12914	12914.000
CT	264	13043	12930	12930.000
CT	263	13180	13041	13041.000
CT	262	13338	13165	13165.000
CT	261	13548	13405	13405.000
CT	260	13483	13343	13343.000
CT	259	13517	13346	13346.000
CT	258	13804	13632	13632.000
CT	257	13664	13491	13491.000
CT	256	14082	13908	13908.000
CT	255	14092	13936	13936.000
CT	254	14280	14162	14162.000
CT	253	14332	14209	14209.000
CT	252	14377	14247	14247.000
CT	251	14436	14287	14287.000
CT	250	14387	14252	14252.000
CT	249	14441	14283	14283.000
CT	248	14851	14741	14741.000
CT	247	14744	14628	14628.000
CT	246	14850	14733	14733.000
CT	245	14965	14858	14858.000
CT	244	15172	15050	15050.000
CT	243	14964	14807	14807.000
CT	242	15177	15043	15043.000
CT	241	15246	15165	15165.000
CT	240	15611	15485	15485.000
CT	239	15693	15589	15589.000
CT	238	15881	15776	15776.000
CT	237	16029	15927	15927.000
CT	236	16153	16075	16075.000
CT	235	16332	16223	16223.000
CT	234	16466	16379	16379.000
CT	233	16187	16083	16083.000
CT	232	16197	16119	16119.000
CT	231	16452	16382	16382.000
CT	230	16434	16315	16315.000
CT	229	16668	16569	16569.000
CT	228	16849	16764	16764.000
CT	227	16687	16593	16593.000
CT	226	16840	16740	16740.000
CT	225	16867	16761	16761.000
CT	224	17137	17043	17043.000
CT	223	16819	16722	16722.000
CT	222	17031	16949	16949.000
CT	221	17402	17321	17321.000
CT	220	17701	17619	17619.000
CT	219	17384	17304	17304.000
CT	218	17539	17470	17470.000
CT	217	17446	17337	17337.000
CT	216	17936	17845	17845.000
CT	215	17933	17861	17861.000
CT	214	18037	17954	17954.000
CT	213	17823	17759	17759.000
CT	212	18023	17962	17962.000
CT	211	18102	18047	18047.000
CT	210	18158	18111	18111.000
CT	209	18156	18103	18103.000
CT	208	18215	18170	18170.000
CT	207	18376	18328	18328.000
CT	206	18248	18212	18212.000
CT	205	18550	18499	18499.000
CT	204	18628	18577	18577.000
CT	203	18984	18944	18944.000
CT	202	18492	18462	18462.000
CT	201	18584	18540	18540.000
CT	200	18619	18584	18584.000
CT	199	18977	18950	18950.000
CT	198	19013	19008	19008.000
CT	197	18936	18930	18930.000
CT	196	19283	19271	19271.000
CT	195	19389	19334	19334.000
CT	194	19460	19442	19442.000
CT	193	19487	19478	19478.000
CT	192	19855	19848	19848.000
CT	191	20526	20519	20519.000
CT	190	20119	20109	20109.000
CT	189	20164	20167	20167.000
CT	188	20313	20322	20322.000
CT	187	20160	20179	20179.000
CT	186	20189	20211	20211.000
CT	185	20656	20687	20687.000
CT	184	20951	20976	20976.000
CT	183	21009	21037	21037.000
CT	182	21109	21138	21138.000
CT	181	21177	21198	21198.000
CT	180	21165	21172	21172.000
CT	179	21203	21220	21220.000
CT	178	21420	21443	21443.000
CT	177	21342	21319	21319.000
CT	176	21665	21652	21652.000
CT	175	21699	21688	21688.000
CT	174	21575	21561	21561.000
CT	173	21769	21740	21740.000
CT	172	21799	21787	21787.000
CT	171	22143	22134	22134.000
CT	170	22037	22010	22010.000
CT	169	22371	22366	22366.000
CT	168	22224	22212	22212.000
CT	167	22391	22384	22384.000
CT	166	22506	22498	22498.000
CT	165	22814	22801	22801.000
CT	164	22695	22684	22684.000
CT	163	22573	22558	22558.000
CT	162	22891	22876	22876.000
CT	161	22911	22896	22896.000
CT	160	23126	23092	23092.000
CT	159	23314	23298	23298.000
CT	158	23088	23067	23067.000
CT	157	23183	23174	23174.000
CT	156	23245	23240	23240.000
CT	155	23664	23663	23663.000
CT	154	23722	23730	23730.000
CT	153	23665	23669	23669.000
CT	152	23663	23666	23666.000
CT	151	23630	23615	23615.000
CT	150	23710	23700	23700.000
CT	149	23619	23610	23610.000
CT	148	23595	23600	23600.000
CT	147	23855	23867	23867.000
CT	146	23936	23943	23943.000
CT	145	23419	23434	23434.000
CT	144	23631	23640	23640.000
CT	143	23787	23790	23790.000
CT	142	23853	23847	23847.000
CT	141	23782	23801	23801.000
CT	140	23930	23923	23923.000
CT	139	24067	24046	24046.000
CT	138	24304	24291	24291.000
CT	137	24219	24211	24211.000
CT	136	24495	24503	24503.000
CT	135	24281	24263	24263.000
CT	134	24424	24404	24404.000
CT	133	24283	24255	24255.000
CT	132	24451	24425	24425.000
CT	131	24127	24109	24109.000
CT	130	24692	24693	24693.000
CT	129	24415	24425	24425.000
CT	128	24560	24562	24562.000
CT	127	24485	24504	24504.000
CT	126	24405	24401	24401.000
CT	125	24859	24850	24850.000
CT	124	24439	24419	24419.000
CT	123	24577	24565	24565.000
CT	122	24911	24893	24893.000
CT	121	24739	24730	24730.000
CT	120	24876	24857	24857.000
CT	119	24709	24697	24697.000
CT	118	24612	24596	24596.000
CT	117	24966	24952	24952.000
CT	116	24856	24853	24853.000
CT	115	24823	24807	24807.000
CT	114	25019	25018	25018.000
CT	113	24717	24701	24701.000
CT	112	25026	25017	25017.000
CT	111	24677	24653	24653.000
CT	110	24566	24545	24545.000
CT	109	24484	24456	24456.000
CT	108	24691	24669	24669.000
CT	107	24851	24828	24828.000
CT	106	24824	24804	24804.000
CT	105	25166	25155	25155.000
CT	104	24622	24603	24603.000
CT	103	24753	24751	24751.000
CT	102	24691	24676	24676.000
CT	101	24724	24703	24703.000
CT	100	25130	25112	25112.000
CT	99	24823	24795	24795.000
CT	98	24990	24965	24965.000
CT	97	25300	25263	25263.000
CT	96	25180	25143	25143.000
CT	95	24712	24666	24666.000
CT	94	24797	24764	24764.000
CT	93	24826	24784	24784.000
CT	92	24730	24690	24690.000
CT	91	24692	24651	24651.000
CT	90	24791	24739	24739.000
CT	89	24955	24893	24893.000
CT	88	24896	24826	24826.000
CT	87	25094	25022	25022.000
CT	86	24958	24885	24885.000
CT	85	24559	24474	24474.000
CT	84	25010	24952	24952.000
CT	83	24665	24609	24609.000
CT	82	24582	24525	24525.000
CT	81	24348	24292	24292.000
CT	80	24061	24007	24007.000
CT	79	24259	24198	24198.000
CT	78	24091	24021	24021.000
CT	77	23435	23381	23381.000
CT	76	23801	23730	23730.000
CT	75	23629	23570	23570.000
CT	74	23420	23356	23356.000
CT	73	23194	23123	23123.000
CT	72	22749	22662	22662.000
CT	71	22760	22666	22666.000
CT	70	22100	22000	22000.000
CT	69	21718	21626	21626.000
CT	68	21490	21389	21389.000
CT	67	21542	21420	21420.000
CT	66	20962	20824	20824.000
CT	65	20982	20847	20847.000
CT	64	21080	20936	20936.000
CT	63	20095	19964	19964.000
CT	62	19457	19296	19296.000
CT	61	19320	19150	19150.000
CT	60	18663	18481	18481.000
CT	59	17733	17536	17536.000
CT	58	17051	16877	16877.000
CT	57	16812	16591	16591.000
CT	56	16669	16453	16453.000
CT	55	15761	15494	15493.999
CT	54	15137	14877	14876.999
CT	53	14297	14006	14005.999
CT	52	14347	14033	14032.999
CT	51	13629	13320	13319.999
CT	50	13006	12617	12616.999
CT	49	12789	12381	12380.999
CT	48	12220	11751	11750.999
CT	47	11540	11005	11004.999
CT	46	11435	10887	10886.999
CT	45	10604	10046	10045.999
CT	44	10193	9542	9541.999
CT	43	9778	9127	9126.999
CT	42	9153	8408	8407.998
CT	41	8695	7801	7800.998
CT	40	8165	7249	7248.998
CT	39	7635	6482	6481.997
CT	38	7015	5771	5770.997
CT	37	6666	5213	5212.997
CT	36	6642	4953	4952.996
CT	35	6432	4598	4597.996
CT	34	6176	4053	4052.995
CT	33	6245	3929	3928.995
CT	32	5845	3399	3398.995
CT	31	5787	3026	3025.994
CT	30	5748	2767	2766.993
CT	29	5769	2364	2363.992
CT	28	6101	2188	2187.991
CT	27	6422	1911	1910.990
CT	26	7019	1642	1641.988
CT	25	7386	1389	1388.987
CT	24	7894	1169	1168.985
CT	23	9139	1008	1007.982
CT	22	9973	799	798.980
CT	21	11190	777	776.977
CT	20	12796	558	557.973
CT	19	14995	400	399.968
CT	18	17337	355	354.962
CT	17	19799	251	250.957
CT	16	24010	227	226.947
CT	15	29883	241	240.934
CT	14	36108	194	193.920
CT	13	44040	212	211.903
CT	12	55657	167	166.877
CT	11	70429	180	179.844
CT	10	92027	182	181.796
CT	9	122244	208	207.729
CT	8	170065	200	199.623
CT	7	244917	133	132.456
CT	6	384750	88	87.146
CT	5	658690	91	89.537
CT	4	1311535	153	150.088
CT	3	3277774	106	98.721
CT	2	11707907	52	26.000
CT	1	0	0	6.501
CT	0	0	1148	1.247
FR	0	4.45e-06
ER	5826512	1181.067
CV	0.999
QV	51.968	51.845
