HS	1023	0	16493	16493
HS	1022	0	17	16510
HS	1021	0	18	16528
HS	1020	0	13	16541
HS	1019	0	12	16553
HS	1018	0	17	16570
HS	1017	0	19	16589
HS	1016	0	16	16605
HS	1015	0	20	16625
HS	1014	0	25	16650
HS	1013	0	21	16671
HS	1012	0	21	16692
HS	1011	0	9	16701
HS	1010	0	17	16718
HS	1009	0	25	16743
HS	1008	0	13	16756
HS	1007	0	18	16774
HS	1006	0	22	16796
HS	1005	0	26	16822
HS	1004	0	12	16834
HS	1003	0	19	16853
HS	1002	0	19	16872
HS	1001	0	21	16893
HS	1000	0	24	16917
HS	999	0	19	16936
HS	998	0	20	16956
HS	997	0	15	16971
HS	996	0	14	16985
HS	995	0	20	17005
HS	994	0	13	17018
HS	993	0	12	17030
HS	992	0	13	17043
HS	991	0	16	17059
HS	990	0	12	17071
HS	989	0	17	17088
HS	988	0	13	17101
HS	987	0	15	17116
HS	986	0	11	17127
HS	985	0	18	17145
HS	984	0	10	17155
HS	983	0	16	17171
HS	982	0	18	17189
HS	981	0	14	17203
HS	980	0	14	17217
HS	979	0	14	17231
HS	978	0	11	17242
HS	977	0	17	17259
HS	976	0	12	17271
HS	975	0	14	17285
HS	974	0	15	17300
HS	973	0	13	17313
HS	972	0	17	17330
HS	971	0	14	17344
HS	970	0	12	17356
HS	969	0	19	17375
HS	968	0	14	17389
HS	967	0	14	17403
HS	966	0	15	17418
HS	965	0	16	17434
HS	964	0	16	17450
HS	963	0	24	17474
HS	962	0	11	17485
HS	961	0	17	17502
HS	960	0	19	17521
HS	959	0	9	17530
HS	958	0	18	17548
HS	957	0	15	17563
HS	956	0	15	17578
HS	955	0	12	17590
HS	954	0	11	17601
HS	953	0	20	17621
HS	952	0	13	17634
HS	951	0	10	17644
HS	950	0	17	17661
HS	949	0	23	17684
HS	948	0	16	17700
HS	947	0	14	17714
HS	946	0	20	17734
HS	945	0	17	17751
HS	944	0	14	17765
HS	943	0	18	17783
HS	942	0	22	17805
HS	941	0	17	17822
HS	940	0	23	17845
HS	939	0	13	17858
HS	938	0	14	17872
HS	937	0	21	17893
HS	936	0	19	17912
HS	935	0	15	17927
HS	934	0	16	17943
HS	933	0	18	17961
HS	932	0	19	17980
HS	931	0	13	17993
HS	930	0	23	18016
HS	929	0	21	18037
HS	928	0	20	18057
HS	927	0	20	18077
HS	926	0	19	18096
HS	925	0	25	18121
HS	924	0	15	18136
HS	923	0	17	18153
HS	922	0	30	18183
HS	921	0	31	18214
HS	920	0	25	18239
HS	919	0	22	18261
HS	918	0	14	18275
HS	917	0	16	18291
HS	916	0	21	18312
HS	915	0	21	18333
HS	914	0	20	18353
HS	913	0	17	18370
HS	912	0	19	18389
HS	911	0	19	18408
HS	910	0	19	18427
HS	909	0	26	18453
HS	908	0	15	18468
HS	907	0	20	18488
HS	906	0	18	18506
HS	905	0	28	18534
HS	904	0	12	18546
HS	903	0	22	18568
HS	902	0	16	18584
HS	901	0	21	18605
HS	900	0	23	18628
HS	899	0	22	18650
HS	898	0	16	18666
HS	897	0	12	18678
HS	896	0	19	18697
HS	895	0	18	18715
HS	894	0	17	18732
HS	893	0	22	18754
HS	892	0	24	18778
HS	891	0	8	18786
HS	890	0	14	18800
HS	889	0	20	18820
HS	888	0	9	18829
HS	887	0	16	18845
HS	886	0	10	18855
HS	885	0	13	18868
HS	884	0	7	18875
HS	883	0	13	18888
HS	882	0	13	18901
HS	881	0	9	18910
HS	880	0	11	18921
HS	879	0	13	18934
HS	878	0	9	18943
HS	877	0	10	18953
HS	876	0	12	18965
HS	875	0	19	18984
HS	874	0	14	18998
HS	873	0	12	19010
HS	872	0	22	19032
HS	871	0	22	19054
HS	870	0	18	19072
HS	869	0	17	19089
HS	868	0	15	19104
HS	867	0	17	19121
HS	866	0	18	19139
HS	865	0	11	19150
HS	864	0	17	19167
HS	863	0	13	19180
HS	862	0	12	19192
HS	861	0	11	19203
HS	860	0	18	19221
HS	859	0	22	19243
HS	858	0	25	19268
HS	857	0	17	19285
HS	856	0	14	19299
HS	855	0	13	19312
HS	854	0	25	19337
HS	853	0	16	19353
HS	852	0	22	19375
HS	851	0	18	19393
HS	850	0	14	19407
HS	849	0	19	19426
HS	848	0	23	19449
HS	847	0	27	19476
HS	846	0	21	19497
HS	845	0	14	19511
HS	844	0	24	19535
HS	843	0	17	19552
HS	842	0	24	19576
HS	841	0	22	19598
HS	840	0	24	19622
HS	839	0	19	19641
HS	838	0	28	19669
HS	837	0	27	19696
HS	836	0	22	19718
HS	835	0	15	19733
HS	834	0	27	19760
HS	833	0	28	19788
HS	832	0	24	19812
HS	831	0	21	19833
HS	830	0	16	19849
HS	829	0	19	19868
HS	828	0	28	19896
HS	827	0	18	19914
HS	826	0	27	19941
HS	825	0	17	19958
HS	824	0	30	19988
HS	823	0	29	20017
HS	822	0	25	20042
HS	821	0	33	20075
HS	820	0	25	20100
HS	819	0	25	20125
HS	818	0	14	20139
HS	817	0	23	20162
HS	816	0	26	20188
HS	815	0	32	20220
HS	814	0	25	20245
HS	813	0	29	20274
HS	812	0	31	20305
HS	811	0	16	20321
HS	810	0	21	20342
HS	809	0	29	20371
HS	808	0	32	20403
HS	807	0	30	20433
HS	806	0	32	20465
HS	805	0	32	20497
HS	804	0	28	20525
HS	803	0	22	20547
HS	802	0	27	20574
HS	801	0	21	20595
HS	800	0	28	20623
HS	799	0	28	20651
HS	798	0	23	20674
HS	797	0	22	20696
HS	796	0	17	20713
HS	795	0	25	20738
HS	794	0	26	20764
HS	793	0	20	20784
HS	792	0	25	20809
HS	791	0	22	20831
HS	790	0	23	20854
HS	789	0	22	20876
HS	788	0	30	20906
HS	787	0	31	20937
HS	786	0	24	20961
HS	785	0	36	20997
HS	784	0	26	21023
HS	783	0	34	21057
HS	782	0	34	21091
HS	781	0	25	21116
HS	780	0	21	21137
HS	779	0	21	21158
HS	778	0	28	21186
HS	777	0	43	21229
HS	776	0	22	21251
HS	775	0	31	21282
HS	774	0	27	21309
HS	773	0	26	21335
HS	772	0	15	21350
HS	771	0	20	21370
HS	770	0	29	21399
HS	769	0	25	21424
HS	768	0	21	21445
HS	767	0	18	21463
HS	766	0	24	21487
HS	765	0	26	21513
HS	764	0	16	21529
HS	763	0	21	21550
HS	762	0	32	21582
HS	761	0	34	21616
HS	760	0	23	21639
HS	759	0	33	21672
HS	758	0	30	21702
HS	757	0	29	21731
HS	756	0	33	21764
HS	755	0	32	21796
HS	754	0	30	21826
HS	753	0	32	21858
HS	752	0	27	21885
HS	751	0	34	21919
HS	750	0	30	21949
HS	749	0	30	21979
HS	748	0	26	22005
HS	747	0	23	22028
HS	746	0	40	22068
HS	745	0	36	22104
HS	744	0	32	22136
HS	743	0	36	22172
HS	742	0	31	22203
HS	741	0	27	22230
HS	740	0	32	22262
HS	739	0	33	22295
HS	738	0	28	22323
HS	737	0	32	22355
HS	736	0	51	22406
HS	735	0	33	22439
HS	734	0	29	22468
HS	733	0	45	22513
HS	732	0	46	22559
HS	731	0	29	22588
HS	730	0	30	22618
HS	729	0	30	22648
HS	728	0	30	22678
HS	727	0	33	22711
HS	726	0	32	22743
HS	725	0	27	22770
HS	724	0	25	22795
HS	723	0	42	22837
HS	722	0	29	22866
HS	721	0	27	22893
HS	720	0	31	22924
HS	719	0	25	22949
HS	718	0	17	22966
HS	717	0	32	22998
HS	716	0	31	23029
HS	715	0	30	23059
HS	714	0	23	23082
HS	713	0	27	23109
HS	712	0	37	23146
HS	711	0	33	23179
HS	710	0	22	23201
HS	709	0	34	23235
HS	708	0	38	23273
HS	707	0	37	23310
HS	706	0	35	23345
HS	705	0	26	23371
HS	704	0	29	23400
HS	703	0	30	23430
HS	702	0	27	23457
HS	701	0	28	23485
HS	700	0	32	23517
HS	699	0	35	23552
HS	698	0	33	23585
HS	697	0	29	23614
HS	696	0	28	23642
HS	695	0	42	23684
HS	694	0	30	23714
HS	693	0	36	23750
HS	692	0	41	23791
HS	691	0	37	23828
HS	690	0	42	23870
HS	689	0	35	23905
HS	688	0	35	23940
HS	687	0	48	23988
HS	686	0	47	24035
HS	685	0	33	24068
HS	684	0	48	24116
HS	683	0	43	24159
HS	682	0	37	24196
HS	681	0	40	24236
HS	680	0	38	24274
HS	679	0	42	24316
HS	678	0	37	24353
HS	677	0	43	24396
HS	676	0	40	24436
HS	675	0	31	24467
HS	674	0	48	24515
HS	673	0	41	24556
HS	672	0	44	24600
HS	671	0	44	24644
HS	670	0	30	24674
HS	669	0	50	24724
HS	668	0	38	24762
HS	667	0	37	24799
HS	666	0	53	24852
HS	665	0	42	24894
HS	664	0	42	24936
HS	663	0	42	24978
HS	662	0	54	25032
HS	661	0	52	25084
HS	660	0	46	25130
HS	659	0	51	25181
HS	658	0	48	25229
HS	657	0	55	25284
HS	656	0	71	25355
HS	655	0	59	25414
HS	654	0	55	25469
HS	653	0	66	25535
HS	652	0	65	25600
HS	651	0	55	25655
HS	650	0	71	25726
HS	649	0	67	25793
HS	648	0	59	25852
HS	647	0	55	25907
HS	646	0	62	25969
HS	645	0	78	26047
HS	644	0	71	26118
HS	643	0	67	26185
HS	642	0	61	26246
HS	641	0	72	26318
HS	640	0	69	26387
HS	639	0	74	26461
HS	638	0	56	26517
HS	637	0	70	26587
HS	636	0	88	26675
HS	635	0	76	26751
HS	634	0	75	26826
HS	633	0	95	26921
HS	632	0	73	26994
HS	631	0	61	27055
HS	630	0	67	27122
HS	629	0	68	27190
HS	628	0	65	27255
HS	627	0	82	27337
HS	626	0	75	27412
HS	625	0	86	27498
HS	624	0	75	27573
HS	623	0	88	27661
HS	622	0	105	27766
HS	621	0	90	27856
HS	620	0	85	27941
HS	619	0	92	28033
HS	618	0	87	28120
HS	617	0	103	28223
HS	616	0	93	28316
HS	615	0	123	28439
HS	614	0	109	28548
HS	613	0	100	28648
HS	612	0	100	28748
HS	611	0	109	28857
HS	610	0	128	28985
HS	609	0	121	29106
HS	608	0	125	29231
HS	607	0	120	29351
HS	606	0	131	29482
HS	605	0	154	29636
HS	604	0	135	29771
HS	603	0	134	29905
HS	602	0	129	30034
HS	601	0	146	30180
HS	600	0	171	30351
HS	599	0	146	30497
HS	598	0	131	30628
HS	597	0	149	30777
HS	596	0	159	30936
HS	595	0	160	31096
HS	594	0	145	31241
HS	593	0	149	31390
HS	592	0	151	31541
HS	591	0	158	31699
HS	590	0	169	31868
HS	589	0	153	32021
HS	588	0	168	32189
HS	587	0	171	32360
HS	586	0	182	32542
HS	585	0	198	32740
HS	584	0	188	32928
HS	583	0	184	33112
HS	582	0	207	33319
HS	581	0	173	33492
HS	580	0	190	33682
HS	579	0	208	33890
HS	578	0	189	34079
HS	577	0	204	34283
HS	576	0	244	34527
HS	575	0	184	34711
HS	574	0	229	34940
HS	573	0	217	35157
HS	572	0	245	35402
HS	571	0	202	35604
HS	570	0	238	35842
HS	569	0	227	36069
HS	568	0	215	36284
HS	567	0	234	36518
HS	566	0	217	36735
HS	565	0	226	36961
HS	564	0	248	37209
HS	563	0	260	37469
HS	562	0	243	37712
HS	561	0	262	37974
HS	560	0	280	38254
HS	559	0	250	38504
HS	558	0	261	38765
HS	557	0	287	39052
HS	556	0	263	39315
HS	555	0	275	39590
HS	554	0	283	39873
HS	553	0	252	40125
HS	552	0	275	40400
HS	551	0	268	40668
HS	550	0	292	40960
HS	549	0	274	41234
HS	548	0	301	41535
HS	547	0	308	41843
HS	546	0	301	42144
HS	545	0	307	42451
HS	544	0	309	42760
HS	543	0	291	43051
HS	542	0	323	43374
HS	541	0	323	43697
HS	540	0	354	44051
HS	539	0	338	44389
HS	538	0	273	44662
HS	537	0	317	44979
HS	536	0	305	45284
HS	535	0	342	45626
HS	534	0	334	45960
HS	533	0	366	46326
HS	532	0	349	46675
HS	531	0	344	47019
HS	530	0	376	47395
HS	529	0	360	47755
HS	528	0	421	48176
HS	527	0	420	48596
HS	526	0	404	49000
HS	525	0	398	49398
HS	524	0	459	49857
HS	523	0	439	50296
HS	522	0	456	50752
HS	521	0	453	51205
HS	520	0	474	51679
HS	519	0	446	52125
HS	518	0	521	52646
HS	517	0	461	53107
HS	516	0	496	53603
HS	515	0	498	54101
HS	514	0	473	54574
HS	513	0	542	55116
HS	512	0	519	55635
HS	511	0	489	56124
HS	510	0	511	56635
HS	509	0	560	57195
HS	508	0	529	57724
HS	507	0	542	58266
HS	506	0	553	58819
HS	505	0	540	59359
HS	504	0	568	59927
HS	503	0	585	60512
HS	502	0	619	61131
HS	501	0	603	61734
HS	500	0	600	62334
HS	499	0	600	62934
HS	498	0	602	63536
HS	497	0	623	64159
HS	496	0	630	64789
HS	495	0	645	65434
HS	494	0	676	66110
HS	493	0	729	66839
HS	492	0	718	67557
HS	491	0	730	68287
HS	490	0	680	68967
HS	489	0	721	69688
HS	488	0	678	70366
HS	487	0	731	71097
HS	486	0	750	71847
HS	485	0	774	72621
HS	484	0	754	73375
HS	483	0	812	74187
HS	482	0	773	74960
HS	481	0	835	75795
HS	480	0	836	76631
HS	479	0	875	77506
HS	478	0	863	78369
HS	477	0	841	79210
HS	476	0	899	80109
HS	475	0	918	81027
HS	474	0	944	81971
HS	473	0	931	82902
HS	472	0	949	83851
HS	471	0	947	84798
HS	470	0	1012	85810
HS	469	0	1001	86811
HS	468	0	1059	87870
HS	467	0	1041	88911
HS	466	0	1091	90002
HS	465	0	1072	91074
HS	464	0	1100	92174
HS	463	0	1112	93286
HS	462	0	1168	94454
HS	461	0	1144	95598
HS	460	0	1237	96835
HS	459	0	1141	97976
HS	458	0	1293	99269
HS	457	0	1306	100575
HS	456	0	1276	101851
HS	455	0	1352	103203
HS	454	0	1396	104599
HS	453	0	1419	106018
HS	452	0	1384	107402
HS	451	0	1470	108872
HS	450	0	1492	110364
HS	449	0	1518	111882
HS	448	0	1526	113408
HS	447	0	1504	114912
HS	446	0	1514	116426
HS	445	0	1562	117988
HS	444	0	1584	119572
HS	443	0	1708	121280
HS	442	0	1667	122947
HS	441	0	1642	124589
HS	440	0	1724	126313
HS	439	0	1662	127975
HS	438	0	1784	129759
HS	437	0	1694	131453
HS	436	0	1785	133238
HS	435	0	1859	135097
HS	434	0	1845	136942
HS	433	0	1879	138821
HS	432	0	2008	140829
HS	431	0	1958	142787
HS	430	0	2026	144813
HS	429	0	1978	146791
HS	428	0	2067	148858
HS	427	0	2111	150969
HS	426	0	2095	153064
HS	425	0	2147	155211
HS	424	0	2181	157392
HS	423	0	2236	159628
HS	422	0	2237	161865
HS	421	0	2250	164115
HS	420	0	2229	166344
HS	419	0	2367	168711
HS	418	0	2340	171051
HS	417	0	2335	173386
HS	416	0	2349	175735
HS	415	0	2584	178319
HS	414	0	2500	180819
HS	413	0	2585	183404
HS	412	0	2497	185901
HS	411	0	2584	188485
HS	410	0	2722	191207
HS	409	0	2629	193836
HS	408	0	2695	196531
HS	407	0	2769	199300
HS	406	0	2771	202071
HS	405	0	2858	204929
HS	404	0	2904	207833
HS	403	0	2963	210796
HS	402	0	2918	213714
HS	401	0	3040	216754
HS	400	0	2990	219744
HS	399	0	3080	222824
HS	398	0	3031	225855
HS	397	0	3211	229066
HS	396	0	3173	232239
HS	395	0	3147	235386
HS	394	0	3161	238547
HS	393	0	3306	241853
HS	392	0	3367	245220
HS	391	0	3360	248580
HS	390	0	3387	251967
HS	389	0	3455	255422
HS	388	0	3474	258896
HS	387	0	3599	262495
HS	386	0	3673	266168
HS	385	0	3724	269892
HS	384	0	3621	273513
HS	383	0	3584	277097
HS	382	0	3702	280799
HS	381	0	3720	284519
HS	380	0	3689	288208
HS	379	0	3788	291996
HS	378	0	3956	295952
HS	377	0	3905	299857
HS	376	0	4116	303973
HS	375	0	4054	308027
HS	374	0	4139	312166
HS	373	0	4357	316523
HS	372	0	4323	320846
HS	371	0	4431	325277
HS	370	0	4480	329757
HS	369	0	4343	334100
HS	368	0	4511	338611
HS	367	0	4568	343179
HS	366	0	4499	347678
HS	365	0	4647	352325
HS	364	0	4677	357002
HS	363	0	4833	361835
HS	362	0	4915	366750
HS	361	0	5010	371760
HS	360	0	4870	376630
HS	359	0	4899	381529
HS	358	0	5149	386678
HS	357	0	5115	391793
HS	356	0	5144	396937
HS	355	0	5153	402090
HS	354	0	5448	407538
HS	353	0	5302	412840
HS	352	0	5298	418138
HS	351	0	5333	423471
HS	350	0	5668	429139
HS	349	0	5857	434996
HS	348	0	5911	440907
HS	347	0	5997	446904
HS	346	0	5954	452858
HS	345	0	6111	458969
HS	344	0	6054	465023
HS	343	0	6174	471197
HS	342	0	6253	477450
HS	341	0	6136	483586
HS	340	0	6415	490001
HS	339	0	6531	496532
HS	338	0	6490	503022
HS	337	0	6477	509499
HS	336	0	6600	516099
HS	335	0	6600	522699
HS	334	0	6781	529480
HS	333	0	6882	536362
HS	332	0	6921	543283
HS	331	0	6932	550215
HS	330	0	7178	557393
HS	329	0	7287	564680
HS	328	0	7338	572018
HS	327	0	7409	579427
HS	326	0	7306	586733
HS	325	0	7645	594378
HS	324	0	7505	601883
HS	323	0	7720	609603
HS	322	0	7863	617466
HS	321	0	7903	625369
HS	320	0	7907	633276
HS	319	0	7982	641258
HS	318	0	8172	649430
HS	317	0	8285	657715
HS	316	0	8303	666018
HS	315	0	8552	674570
HS	314	0	8295	682865
HS	313	0	8575	691440
HS	312	0	8762	700202
HS	311	0	8744	708946
HS	310	0	8743	717689
HS	309	0	8772	726461
HS	308	0	8845	735306
HS	307	0	8909	744215
HS	306	0	9138	753353
HS	305	0	9050	762403
HS	304	0	9219	771622
HS	303	0	9329	780951
HS	302	0	9148	790099
HS	301	0	9409	799508
HS	300	0	9504	809012
HS	299	0	9528	818540
HS	298	0	9634	828174
HS	297	0	9782	837956
HS	296	0	9666	847622
HS	295	0	9749	857371
HS	294	0	10097	867468
HS	293	0	10010	877478
HS	292	0	9987	887465
HS	291	0	10033	897498
HS	290	0	10182	907680
HS	289	0	10236	917916
HS	288	0	10362	928278
HS	287	0	10605	938883
HS	286	0	10570	949453
HS	285	0	10941	960394
HS	284	0	10945	971339
HS	283	0	11017	982356
HS	282	0	11122	993478
HS	281	0	11079	1004557
HS	280	0	11343	1015900
HS	279	0	11418	1027318
HS	278	0	11796	1039114
HS	277	0	11518	1050632
HS	276	0	11827	1062459
HS	275	0	11863	1074322
HS	274	0	11973	1086295
HS	273	0	12306	1098601
HS	272	0	12442	1111043
HS	271	0	12540	1123583
HS	270	0	12666	1136249
HS	269	0	12867	1149116
HS	268	0	12797	1161913
HS	267	0	12886	1174799
HS	266	0	12938	1187737
HS	265	0	13102	1200839
HS	264	0	13043	1213882
HS	263	0	13180	1227062
HS	262	0	13338	1240400
HS	261	0	13548	1253948
HS	260	0	13483	1267431
HS	259	0	13517	1280948
HS	258	0	13804	1294752
HS	257	0	13664	1308416
HS	256	0	14082	1322498
HS	255	0	14092	1336590
HS	254	0	14280	1350870
HS	253	0	14332	1365202
HS	252	0	14377	1379579
HS	251	0	14436	1394015
HS	250	0	14387	1408402
HS	249	0	14441	1422843
HS	248	0	14851	1437694
HS	247	0	14744	1452438
HS	246	0	14850	1467288
HS	245	0	14965	1482253
HS	244	0	15172	1497425
HS	243	0	14964	1512389
HS	242	0	15177	1527566
HS	241	0	15246	1542812
HS	240	0	15611	1558423
HS	239	0	15693	1574116
HS	238	0	15881	1589997
HS	237	0	16029	1606026
HS	236	0	16153	1622179
HS	235	0	16332	1638511
HS	234	0	16466	1654977
HS	233	0	16187	1671164
HS	232	0	16197	1687361
HS	231	0	16452	1703813
HS	230	0	16434	1720247
HS	229	0	16668	1736915
HS	228	0	16849	1753764
HS	227	0	16687	1770451
HS	226	0	16840	1787291
HS	225	0	16867	1804158
HS	224	0	17137	1821295
HS	223	0	16819	1838114
HS	222	0	17031	1855145
HS	221	0	17402	1872547
HS	220	0	17701	1890248
HS	219	0	17384	1907632
HS	218	0	17539	1925171
HS	217	0	17446	1942617
HS	216	0	17936	1960553
HS	215	0	17933	1978486
HS	214	0	18037	1996523
HS	213	0	17823	2014346
HS	212	0	18023	2032369
HS	211	0	18102	2050471
HS	210	0	18158	2068629
HS	209	0	18156	2086785
HS	208	0	18215	2105000
HS	207	0	18376	2123376
HS	206	0	18248	2141624
HS	205	0	18550	2160174
HS	204	0	18628	2178802
HS	203	0	18984	2197786
HS	202	0	18492	2216278
HS	201	0	18584	2234862
HS	200	0	18619	2253481
HS	199	0	18977	2272458
HS	198	0	19013	2291471
HS	197	0	18936	2310407
HS	196	0	19283	2329690
HS	195	0	19389	2349079
HS	194	0	19460	2368539
HS	193	0	19487	2388026
HS	192	0	19855	2407881
HS	191	0	20526	2428407
HS	190	0	20119	2448526
HS	189	0	20164	2468690
HS	188	0	20313	2489003
HS	187	0	20160	2509163
HS	186	0	20189	2529352
HS	185	0	20656	2550008
HS	184	0	20951	2570959
HS	183	0	21009	2591968
HS	182	0	21109	2613077
HS	181	0	21177	2634254
HS	180	0	21165	2655419
HS	179	0	21203	2676622
HS	178	0	21420	2698042
HS	177	0	21342	2719384
HS	176	0	21665	2741049
HS	175	0	21699	2762748
HS	174	0	21575	2784323
HS	173	0	21769	2806092
HS	172	0	21799	2827891
HS	171	0	22143	2850034
HS	170	0	22037	2872071
HS	169	0	22371	2894442
HS	168	0	22224	2916666
HS	167	0	22391	2939057
HS	166	0	22506	2961563
HS	165	0	22814	2984377
HS	164	0	22695	3007072
HS	163	0	22573	3029645
HS	162	0	22891	3052536
HS	161	0	22911	3075447
HS	160	0	23126	3098573
HS	159	0	23314	3121887
HS	158	0	23088	3144975
HS	157	0	23183	3168158
HS	156	0	23245	3191403
HS	155	0	23664	3215067
HS	154	0	23722	3238789
HS	153	0	23665	3262454
HS	152	0	23663	3286117
HS	151	0	23630	3309747
HS	150	0	23710	3333457
HS	149	0	23619	3357076
HS	148	0	23595	3380671
HS	147	0	23855	3404526
HS	146	0	23936	3428462
HS	145	0	23419	3451881
HS	144	0	23631	3475512
HS	143	0	23787	3499299
HS	142	0	23853	3523152
HS	141	0	23782	3546934
HS	140	0	23930	3570864
HS	139	0	24067	3594931
HS	138	0	24304	3619235
HS	137	0	24219	3643454
HS	136	0	24495	3667949
HS	135	0	24281	3692230
HS	134	0	24424	3716654
HS	133	0	24283	3740937
HS	132	0	24451	3765388
HS	131	0	24127	3789515
HS	130	0	24692	3814207
HS	129	0	24415	3838622
HS	128	0	24560	3863182
HS	127	0	24485	3887667
HS	126	0	24405	3912072
HS	125	0	24859	3936931
HS	124	0	24439	3961370
HS	123	0	24577	3985947
HS	122	0	24911	4010858
HS	121	0	24739	4035597
HS	120	0	24876	4060473
HS	119	0	24709	4085182
HS	118	0	24612	4109794
HS	117	0	24966	4134760
HS	116	0	24856	4159616
HS	115	0	24823	4184439
HS	114	0	25019	4209458
HS	113	0	24717	4234175
HS	112	0	25026	4259201
HS	111	0	24677	4283878
HS	110	0	24566	4308444
HS	109	0	24484	4332928
HS	108	0	24691	4357619
HS	107	0	24851	4382470
HS	106	0	24824	4407294
HS	105	0	25166	4432460
HS	104	0	24622	4457082
HS	103	0	24753	4481835
HS	102	0	24691	4506526
HS	101	0	24724	4531250
HS	100	0	25130	4556380
HS	99	0	24823	4581203
HS	98	0	24990	4606193
HS	97	0	25300	4631493
HS	96	0	25180	4656673
HS	95	0	24712	4681385
HS	94	0	24797	4706182
HS	93	0	24826	4731008
HS	92	0	24730	4755738
HS	91	0	24692	4780430
HS	90	0	24791	4805221
HS	89	0	24955	4830176
HS	88	0	24896	4855072
HS	87	0	25094	4880166
HS	86	0	24958	4905124
HS	85	0	24559	4929683
HS	84	0	25010	4954693
HS	83	0	24665	4979358
HS	82	0	24582	5003940
HS	81	0	24348	5028288
HS	80	0	24061	5052349
HS	79	0	24259	5076608
HS	78	0	24091	5100699
HS	77	0	23435	5124134
HS	76	0	23801	5147935
HS	75	0	23629	5171564
HS	74	0	23420	5194984
HS	73	0	23194	5218178
HS	72	0	22749	5240927
HS	71	0	22760	5263687
HS	70	0	22100	5285787
HS	69	0	21718	5307505
HS	68	0	21490	5328995
HS	67	0	21542	5350537
HS	66	0	20962	5371499
HS	65	0	20982	5392481
HS	64	0	21080	5413561
HS	63	0	20095	5433656
HS	62	0	19457	5453113
HS	61	0	19320	5472433
HS	60	0	18663	5491096
HS	59	0	17733	5508829
HS	58	0	17051	5525880
HS	57	0	16812	5542692
HS	56	0	16669	5559361
HS	55	0	15761	5575122
HS	54	0	15137	5590259
HS	53	0	14297	5604556
HS	52	0	14347	5618903
HS	51	0	13629	5632532
HS	50	0	13006	5645538
HS	49	0	12789	5658327
HS	48	0	12220	5670547
HS	47	0	11540	5682087
HS	46	0	11435	5693522
HS	45	0	10604	5704126
HS	44	0	10193	5714319
HS	43	0	9778	5724097
HS	42	0	9153	5733250
HS	41	0	8695	5741945
HS	40	0	8165	5750110
HS	39	0	7635	5757745
HS	38	0	7015	5764760
HS	37	0	6666	5771426
HS	36	0	6642	5778068
HS	35	0	6432	5784500
HS	34	0	6176	5790676
HS	33	0	6245	5796921
HS	32	0	5845	5802766
HS	31	0	5787	5808553
HS	30	0	5748	5814301
HS	29	0	5769	5820070
HS	28	0	6101	5826171
HS	27	0	6422	5832593
HS	26	0	7019	5839612
HS	25	0	7386	5846998
HS	24	0	7894	5854892
HS	23	0	9139	5864031
HS	22	0	9973	5874004
HS	21	0	11190	5885194
HS	20	0	12796	5897990
HS	19	0	14995	5912985
HS	18	0	17337	5930322
HS	17	0	19799	5950121
HS	16	0	24010	5974131
HS	15	0	29883	6004014
HS	14	0	36108	6040122
HS	13	0	44040	6084162
HS	12	0	55657	6139819
HS	11	0	70429	6210248
HS	10	0	92027	6302275
HS	9	0	122244	6424519
HS	8	0	170065	6594584
HS	7	0	244917	6839501
HS	6	0	384750	7224251
HS	5	0	658690	7882941
HS	4	0	1311535	9194476
HS	3	0	3277774	12472250
HS	2	0	11707907	24180157
HS	1	0	0	24180157
HS	0	0	0	24180157
