CC	CT  kmer_occurrence    short_read_kmer_count  raw_input_kmer_count  adjusted_input_kmer_count
CC	FR  fpr_lower_bound    fpr_upper_bound
CC	ER  total_input_kmers  adjusted_error_kmers
CC	CV  coverage
CC	QV  raw_quality_value  adjusted_quality_value
CC
SQ	JAUCFW010000002.1	242685	242655	241980	40.46
SQ	JAUCFW010000001.1	443264	443234	442728	44.34
SQ	JAUCFW010000007.1	4512118	4512088	4508611	46.04
CT	1023	60251	69726	69726.000
CT	1022	49	10	10.000
CT	1021	49	10	10.000
CT	1020	60	10	10.000
CT	1019	53	37	37.000
CT	1018	56	14	14.000
CT	1017	68	4	4.000
CT	1016	52	15	15.000
CT	1015	57	14	14.000
CT	1014	60	9	9.000
CT	1013	54	22	22.000
CT	1012	50	18	18.000
CT	1011	58	5	5.000
CT	1010	56	10	10.000
CT	1009	64	6	6.000
CT	1008	46	11	11.000
CT	1007	66	15	15.000
CT	1006	58	5	5.000
CT	1005	65	5	5.000
CT	1004	49	11	11.000
CT	1003	41	0	0.000
CT	1002	63	21	21.000
CT	1001	49	8	8.000
CT	1000	43	17	17.000
CT	999	60	14	14.000
CT	998	50	33	33.000
CT	997	53	26	26.000
CT	996	53	14	14.000
CT	995	54	14	14.000
CT	994	54	8	8.000
CT	993	70	15	15.000
CT	992	42	8	8.000
CT	991	55	10	10.000
CT	990	54	10	10.000
CT	989	55	22	22.000
CT	988	52	19	19.000
CT	987	51	19	19.000
CT	986	42	6	6.000
CT	985	57	30	30.000
CT	984	50	12	12.000
CT	983	49	27	27.000
CT	982	51	8	8.000
CT	981	44	24	24.000
CT	980	51	27	27.000
CT	979	53	23	23.000
CT	978	60	16	16.000
CT	977	54	15	15.000
CT	976	47	22	22.000
CT	975	60	12	12.000
CT	974	49	23	23.000
CT	973	45	13	13.000
CT	972	36	5	5.000
CT	971	50	14	14.000
CT	970	46	25	25.000
CT	969	42	9	9.000
CT	968	42	10	10.000
CT	967	41	14	14.000
CT	966	45	18	18.000
CT	965	54	17	17.000
CT	964	49	0	0.000
CT	963	34	5	5.000
CT	962	49	30	30.000
CT	961	49	5	5.000
CT	960	50	30	30.000
CT	959	57	16	16.000
CT	958	37	5	5.000
CT	957	53	30	30.000
CT	956	43	15	15.000
CT	955	39	10	10.000
CT	954	48	12	12.000
CT	953	38	6	6.000
CT	952	37	16	16.000
CT	951	47	10	10.000
CT	950	49	15	15.000
CT	949	45	13	13.000
CT	948	49	14	14.000
CT	947	45	5	5.000
CT	946	60	8	8.000
CT	945	64	4	4.000
CT	944	46	19	19.000
CT	943	61	11	11.000
CT	942	55	30	30.000
CT	941	57	16	16.000
CT	940	57	9	9.000
CT	939	47	12	12.000
CT	938	58	4	4.000
CT	937	50	0	0.000
CT	936	58	15	15.000
CT	935	49	4	4.000
CT	934	58	16	16.000
CT	933	61	11	11.000
CT	932	67	10	10.000
CT	931	64	0	0.000
CT	930	52	10	10.000
CT	929	56	0	0.000
CT	928	57	16	16.000
CT	927	49	14	14.000
CT	926	60	5	5.000
CT	925	69	6	6.000
CT	924	52	0	0.000
CT	923	58	35	35.000
CT	922	41	4	4.000
CT	921	57	24	24.000
CT	920	45	16	16.000
CT	919	49	19	19.000
CT	918	53	25	25.000
CT	917	61	5	5.000
CT	916	52	23	23.000
CT	915	59	15	15.000
CT	914	49	0	0.000
CT	913	54	23	23.000
CT	912	58	28	28.000
CT	911	60	19	19.000
CT	910	48	24	24.000
CT	909	58	32	32.000
CT	908	46	13	13.000
CT	907	65	13	13.000
CT	906	44	18	18.000
CT	905	43	20	20.000
CT	904	62	34	34.000
CT	903	46	25	25.000
CT	902	48	22	22.000
CT	901	59	23	23.000
CT	900	49	26	26.000
CT	899	52	24	24.000
CT	898	56	10	10.000
CT	897	49	30	30.000
CT	896	57	19	19.000
CT	895	61	30	30.000
CT	894	63	24	24.000
CT	893	58	33	33.000
CT	892	44	9	9.000
CT	891	49	23	23.000
CT	890	67	27	27.000
CT	889	59	10	10.000
CT	888	54	15	15.000
CT	887	45	23	23.000
CT	886	66	14	14.000
CT	885	46	28	28.000
CT	884	66	23	23.000
CT	883	44	22	22.000
CT	882	52	17	17.000
CT	881	53	35	35.000
CT	880	50	15	15.000
CT	879	56	23	23.000
CT	878	61	21	21.000
CT	877	53	22	22.000
CT	876	56	14	14.000
CT	875	37	13	13.000
CT	874	53	31	31.000
CT	873	54	30	30.000
CT	872	41	6	6.000
CT	871	56	15	15.000
CT	870	42	27	27.000
CT	869	58	27	27.000
CT	868	48	13	13.000
CT	867	54	29	29.000
CT	866	58	14	14.000
CT	865	54	10	10.000
CT	864	58	8	8.000
CT	863	52	5	5.000
CT	862	51	23	23.000
CT	861	53	4	4.000
CT	860	54	18	18.000
CT	859	51	17	17.000
CT	858	43	9	9.000
CT	857	45	30	30.000
CT	856	51	14	14.000
CT	855	51	17	17.000
CT	854	55	20	20.000
CT	853	72	36	36.000
CT	852	49	11	11.000
CT	851	57	13	13.000
CT	850	65	22	22.000
CT	849	46	1	1.000
CT	848	40	13	13.000
CT	847	52	27	27.000
CT	846	43	19	19.000
CT	845	64	24	24.000
CT	844	52	12	12.000
CT	843	45	21	21.000
CT	842	52	8	8.000
CT	841	62	30	30.000
CT	840	48	22	22.000
CT	839	48	24	24.000
CT	838	44	27	27.000
CT	837	58	30	30.000
CT	836	39	14	14.000
CT	835	60	16	16.000
CT	834	51	21	21.000
CT	833	62	30	30.000
CT	832	33	14	14.000
CT	831	41	21	21.000
CT	830	34	12	12.000
CT	829	53	22	22.000
CT	828	56	35	35.000
CT	827	54	35	35.000
CT	826	51	40	40.000
CT	825	31	7	7.000
CT	824	40	31	31.000
CT	823	43	18	18.000
CT	822	48	19	19.000
CT	821	50	25	25.000
CT	820	46	16	16.000
CT	819	44	10	10.000
CT	818	37	39	39.000
CT	817	44	29	29.000
CT	816	44	20	20.000
CT	815	44	11	11.000
CT	814	44	22	22.000
CT	813	42	15	15.000
CT	812	48	26	26.000
CT	811	39	37	37.000
CT	810	41	16	16.000
CT	809	42	24	24.000
CT	808	38	19	19.000
CT	807	45	6	6.000
CT	806	30	12	12.000
CT	805	42	11	11.000
CT	804	47	15	15.000
CT	803	43	16	16.000
CT	802	50	52	52.000
CT	801	54	28	28.000
CT	800	47	45	45.000
CT	799	47	34	34.000
CT	798	40	39	39.000
CT	797	48	20	20.000
CT	796	43	29	29.000
CT	795	40	58	58.000
CT	794	47	21	21.000
CT	793	41	24	24.000
CT	792	50	47	47.000
CT	791	40	35	35.000
CT	790	48	12	12.000
CT	789	53	53	53.000
CT	788	54	49	49.000
CT	787	51	51	51.000
CT	786	36	37	37.000
CT	785	51	27	27.000
CT	784	41	21	21.000
CT	783	46	21	21.000
CT	782	44	38	38.000
CT	781	48	40	40.000
CT	780	48	23	23.000
CT	779	47	40	40.000
CT	778	45	33	33.000
CT	777	47	13	13.000
CT	776	50	40	40.000
CT	775	54	14	14.000
CT	774	57	21	21.000
CT	773	57	29	29.000
CT	772	56	19	19.000
CT	771	41	20	20.000
CT	770	40	25	25.000
CT	769	39	16	16.000
CT	768	33	19	19.000
CT	767	53	16	16.000
CT	766	49	31	31.000
CT	765	46	6	6.000
CT	764	47	11	11.000
CT	763	56	13	13.000
CT	762	66	19	19.000
CT	761	39	5	5.000
CT	760	65	16	16.000
CT	759	39	14	14.000
CT	758	36	8	8.000
CT	757	67	44	44.000
CT	756	38	14	14.000
CT	755	50	8	8.000
CT	754	42	18	18.000
CT	753	40	11	11.000
CT	752	44	32	32.000
CT	751	43	13	13.000
CT	750	43	37	37.000
CT	749	40	23	23.000
CT	748	45	25	25.000
CT	747	53	34	34.000
CT	746	57	41	41.000
CT	745	35	29	29.000
CT	744	31	16	16.000
CT	743	36	24	24.000
CT	742	36	37	37.000
CT	741	54	32	32.000
CT	740	38	36	36.000
CT	739	40	27	27.000
CT	738	39	16	16.000
CT	737	37	22	22.000
CT	736	41	33	33.000
CT	735	34	21	21.000
CT	734	49	17	17.000
CT	733	43	36	36.000
CT	732	42	31	31.000
CT	731	43	34	34.000
CT	730	46	41	41.000
CT	729	45	10	10.000
CT	728	36	23	23.000
CT	727	49	52	52.000
CT	726	29	16	16.000
CT	725	45	21	21.000
CT	724	36	11	11.000
CT	723	38	17	17.000
CT	722	37	19	19.000
CT	721	41	26	26.000
CT	720	54	23	23.000
CT	719	45	32	32.000
CT	718	38	5	5.000
CT	717	43	19	19.000
CT	716	41	24	24.000
CT	715	47	8	8.000
CT	714	42	15	15.000
CT	713	55	0	0.000
CT	712	40	7	7.000
CT	711	51	1	1.000
CT	710	47	4	4.000
CT	709	52	11	11.000
CT	708	32	13	13.000
CT	707	35	22	22.000
CT	706	48	5	5.000
CT	705	52	9	9.000
CT	704	32	18	18.000
CT	703	46	25	25.000
CT	702	51	12	12.000
CT	701	43	12	12.000
CT	700	41	32	32.000
CT	699	42	43	43.000
CT	698	48	41	41.000
CT	697	38	21	21.000
CT	696	52	48	48.000
CT	695	35	16	16.000
CT	694	43	31	31.000
CT	693	40	19	19.000
CT	692	47	50	50.000
CT	691	50	33	33.000
CT	690	36	18	18.000
CT	689	38	19	19.000
CT	688	38	34	34.000
CT	687	36	37	37.000
CT	686	48	44	44.000
CT	685	38	28	28.000
CT	684	47	47	47.000
CT	683	42	25	25.000
CT	682	40	62	62.000
CT	681	45	54	54.000
CT	680	38	41	41.000
CT	679	38	23	23.000
CT	678	38	23	23.000
CT	677	26	46	46.000
CT	676	34	38	38.000
CT	675	35	45	45.000
CT	674	35	25	25.000
CT	673	44	34	34.000
CT	672	30	35	35.000
CT	671	27	40	40.000
CT	670	28	23	23.000
CT	669	32	44	44.000
CT	668	34	25	25.000
CT	667	35	35	35.000
CT	666	40	28	28.000
CT	665	37	25	25.000
CT	664	46	59	59.000
CT	663	40	30	30.000
CT	662	39	27	27.000
CT	661	41	61	61.000
CT	660	51	44	44.000
CT	659	37	44	44.000
CT	658	39	13	13.000
CT	657	46	61	61.000
CT	656	43	30	30.000
CT	655	40	61	61.000
CT	654	37	48	48.000
CT	653	36	34	34.000
CT	652	32	24	24.000
CT	651	32	53	53.000
CT	650	29	31	31.000
CT	649	28	51	51.000
CT	648	37	71	71.000
CT	647	39	29	29.000
CT	646	31	35	35.000
CT	645	32	47	47.000
CT	644	41	56	56.000
CT	643	30	50	50.000
CT	642	44	59	59.000
CT	641	42	56	56.000
CT	640	41	53	53.000
CT	639	42	46	46.000
CT	638	45	68	68.000
CT	637	43	60	60.000
CT	636	41	39	39.000
CT	635	54	70	70.000
CT	634	41	40	40.000
CT	633	49	65	65.000
CT	632	45	18	18.000
CT	631	34	39	39.000
CT	630	35	29	29.000
CT	629	42	34	34.000
CT	628	41	39	39.000
CT	627	48	39	39.000
CT	626	42	42	42.000
CT	625	37	11	11.000
CT	624	44	35	35.000
CT	623	34	27	27.000
CT	622	38	53	53.000
CT	621	42	35	35.000
CT	620	47	48	48.000
CT	619	46	40	40.000
CT	618	54	62	62.000
CT	617	51	41	41.000
CT	616	46	47	47.000
CT	615	54	61	61.000
CT	614	45	46	46.000
CT	613	35	34	34.000
CT	612	45	34	34.000
CT	611	43	54	54.000
CT	610	46	48	48.000
CT	609	50	39	39.000
CT	608	50	49	49.000
CT	607	37	39	39.000
CT	606	43	61	61.000
CT	605	51	36	36.000
CT	604	57	77	77.000
CT	603	55	70	70.000
CT	602	54	54	54.000
CT	601	55	60	60.000
CT	600	54	60	60.000
CT	599	45	66	66.000
CT	598	56	42	42.000
CT	597	62	39	39.000
CT	596	55	63	63.000
CT	595	43	44	44.000
CT	594	54	66	66.000
CT	593	45	56	56.000
CT	592	46	44	44.000
CT	591	52	45	45.000
CT	590	52	66	66.000
CT	589	58	56	56.000
CT	588	58	63	63.000
CT	587	53	48	48.000
CT	586	56	49	49.000
CT	585	48	57	57.000
CT	584	47	56	56.000
CT	583	64	57	57.000
CT	582	51	57	57.000
CT	581	58	56	56.000
CT	580	58	48	48.000
CT	579	63	66	66.000
CT	578	45	25	25.000
CT	577	53	85	85.000
CT	576	52	35	35.000
CT	575	68	52	52.000
CT	574	63	33	33.000
CT	573	59	63	63.000
CT	572	43	29	29.000
CT	571	45	52	52.000
CT	570	60	40	40.000
CT	569	60	51	51.000
CT	568	50	40	40.000
CT	567	50	45	45.000
CT	566	59	63	63.000
CT	565	68	83	83.000
CT	564	67	89	89.000
CT	563	61	65	65.000
CT	562	56	47	47.000
CT	561	59	74	74.000
CT	560	47	53	53.000
CT	559	54	63	63.000
CT	558	52	68	68.000
CT	557	57	57	57.000
CT	556	57	63	63.000
CT	555	54	77	77.000
CT	554	40	55	55.000
CT	553	46	53	53.000
CT	552	45	52	52.000
CT	551	49	47	47.000
CT	550	54	82	82.000
CT	549	47	61	61.000
CT	548	58	64	64.000
CT	547	58	71	71.000
CT	546	50	66	66.000
CT	545	56	86	86.000
CT	544	63	99	99.000
CT	543	57	95	95.000
CT	542	43	76	76.000
CT	541	54	117	117.000
CT	540	56	104	104.000
CT	539	69	129	129.000
CT	538	55	67	67.000
CT	537	50	93	93.000
CT	536	72	124	124.000
CT	535	65	101	101.000
CT	534	52	73	73.000
CT	533	52	98	98.000
CT	532	51	77	77.000
CT	531	70	105	105.000
CT	530	63	112	112.000
CT	529	58	107	107.000
CT	528	58	81	81.000
CT	527	67	100	100.000
CT	526	69	116	116.000
CT	525	61	118	118.000
CT	524	65	113	113.000
CT	523	59	98	98.000
CT	522	59	95	95.000
CT	521	60	122	122.000
CT	520	68	143	143.000
CT	519	52	74	74.000
CT	518	57	78	78.000
CT	517	45	77	77.000
CT	516	63	131	131.000
CT	515	68	140	140.000
CT	514	50	71	71.000
CT	513	51	104	104.000
CT	512	41	56	56.000
CT	511	61	125	125.000
CT	510	57	89	89.000
CT	509	57	84	84.000
CT	508	55	95	95.000
CT	507	53	118	118.000
CT	506	49	68	68.000
CT	505	54	114	114.000
CT	504	61	71	71.000
CT	503	56	57	57.000
CT	502	54	66	66.000
CT	501	62	99	99.000
CT	500	61	136	136.000
CT	499	63	99	99.000
CT	498	59	98	98.000
CT	497	57	93	93.000
CT	496	59	65	65.000
CT	495	69	149	149.000
CT	494	76	129	129.000
CT	493	75	120	120.000
CT	492	74	153	153.000
CT	491	67	91	91.000
CT	490	68	86	86.000
CT	489	61	74	74.000
CT	488	71	83	83.000
CT	487	73	138	138.000
CT	486	81	122	122.000
CT	485	75	137	137.000
CT	484	72	91	91.000
CT	483	72	116	116.000
CT	482	68	95	95.000
CT	481	76	104	104.000
CT	480	70	108	108.000
CT	479	66	79	79.000
CT	478	49	67	67.000
CT	477	63	74	74.000
CT	476	84	132	132.000
CT	475	86	142	142.000
CT	474	62	109	109.000
CT	473	85	115	115.000
CT	472	73	118	118.000
CT	471	72	97	97.000
CT	470	71	108	108.000
CT	469	62	124	124.000
CT	468	74	102	102.000
CT	467	80	133	133.000
CT	466	85	145	145.000
CT	465	61	75	75.000
CT	464	74	112	112.000
CT	463	90	132	132.000
CT	462	99	129	129.000
CT	461	78	118	118.000
CT	460	84	113	113.000
CT	459	72	125	125.000
CT	458	95	124	124.000
CT	457	91	166	166.000
CT	456	93	152	152.000
CT	455	87	183	183.000
CT	454	76	87	87.000
CT	453	90	102	102.000
CT	452	98	167	167.000
CT	451	93	128	128.000
CT	450	77	111	111.000
CT	449	89	107	107.000
CT	448	91	127	127.000
CT	447	88	157	157.000
CT	446	87	120	120.000
CT	445	78	121	121.000
CT	444	93	153	153.000
CT	443	86	133	133.000
CT	442	95	123	123.000
CT	441	91	121	121.000
CT	440	92	109	109.000
CT	439	79	123	123.000
CT	438	79	109	109.000
CT	437	78	129	129.000
CT	436	74	138	138.000
CT	435	87	125	125.000
CT	434	80	126	126.000
CT	433	98	147	147.000
CT	432	92	147	147.000
CT	431	97	145	145.000
CT	430	85	148	148.000
CT	429	92	119	119.000
CT	428	87	133	133.000
CT	427	98	147	147.000
CT	426	102	147	147.000
CT	425	97	139	139.000
CT	424	81	117	117.000
CT	423	80	109	109.000
CT	422	75	118	118.000
CT	421	68	81	81.000
CT	420	71	98	98.000
CT	419	80	117	117.000
CT	418	79	117	117.000
CT	417	67	117	117.000
CT	416	93	123	123.000
CT	415	82	124	124.000
CT	414	88	100	100.000
CT	413	85	103	103.000
CT	412	92	119	119.000
CT	411	92	144	144.000
CT	410	102	127	127.000
CT	409	94	122	122.000
CT	408	105	146	146.000
CT	407	120	177	177.000
CT	406	103	162	162.000
CT	405	109	151	151.000
CT	404	106	162	162.000
CT	403	95	139	139.000
CT	402	96	142	142.000
CT	401	131	175	175.000
CT	400	105	144	144.000
CT	399	113	159	159.000
CT	398	136	181	181.000
CT	397	148	199	199.000
CT	396	125	178	178.000
CT	395	142	176	176.000
CT	394	165	210	210.000
CT	393	168	189	189.000
CT	392	165	199	199.000
CT	391	159	181	181.000
CT	390	161	183	183.000
CT	389	182	210	210.000
CT	388	163	188	188.000
CT	387	188	210	210.000
CT	386	198	246	246.000
CT	385	182	215	215.000
CT	384	191	225	225.000
CT	383	194	254	254.000
CT	382	232	263	263.000
CT	381	239	295	295.000
CT	380	257	302	302.000
CT	379	257	276	276.000
CT	378	268	311	311.000
CT	377	236	268	268.000
CT	376	262	299	299.000
CT	375	259	313	313.000
CT	374	266	313	313.000
CT	373	323	366	366.000
CT	372	254	294	294.000
CT	371	292	330	330.000
CT	370	289	312	312.000
CT	369	290	347	347.000
CT	368	321	376	376.000
CT	367	294	350	350.000
CT	366	354	405	405.000
CT	365	358	439	439.000
CT	364	294	348	348.000
CT	363	343	381	381.000
CT	362	335	395	395.000
CT	361	337	384	384.000
CT	360	358	418	418.000
CT	359	385	443	443.000
CT	358	361	417	417.000
CT	357	424	448	448.000
CT	356	387	439	439.000
CT	355	432	502	502.000
CT	354	455	512	512.000
CT	353	445	510	510.000
CT	352	464	505	505.000
CT	351	456	496	496.000
CT	350	466	512	512.000
CT	349	437	475	475.000
CT	348	465	513	513.000
CT	347	432	478	478.000
CT	346	447	504	504.000
CT	345	506	553	553.000
CT	344	479	539	539.000
CT	343	529	543	543.000
CT	342	567	620	620.000
CT	341	520	558	558.000
CT	340	566	632	632.000
CT	339	590	615	615.000
CT	338	544	561	561.000
CT	337	571	601	601.000
CT	336	603	624	624.000
CT	335	624	661	661.000
CT	334	666	726	726.000
CT	333	681	714	714.000
CT	332	648	678	678.000
CT	331	735	783	783.000
CT	330	742	753	753.000
CT	329	801	827	827.000
CT	328	802	854	854.000
CT	327	780	811	811.000
CT	326	851	873	873.000
CT	325	877	906	906.000
CT	324	915	936	936.000
CT	323	952	982	982.000
CT	322	979	1024	1024.000
CT	321	994	1033	1033.000
CT	320	1011	1064	1064.000
CT	319	1070	1111	1111.000
CT	318	1049	1064	1064.000
CT	317	1117	1149	1149.000
CT	316	1085	1107	1107.000
CT	315	1238	1266	1266.000
CT	314	1144	1158	1158.000
CT	313	1180	1194	1194.000
CT	312	1286	1292	1292.000
CT	311	1322	1359	1359.000
CT	310	1375	1404	1404.000
CT	309	1438	1469	1469.000
CT	308	1479	1505	1505.000
CT	307	1499	1520	1520.000
CT	306	1599	1641	1641.000
CT	305	1538	1573	1573.000
CT	304	1698	1731	1731.000
CT	303	1767	1794	1794.000
CT	302	1817	1829	1829.000
CT	301	1739	1769	1769.000
CT	300	1859	1900	1900.000
CT	299	1953	1968	1968.000
CT	298	2059	2101	2101.000
CT	297	2026	2064	2064.000
CT	296	2111	2137	2137.000
CT	295	2053	2065	2065.000
CT	294	2210	2218	2218.000
CT	293	2307	2343	2343.000
CT	292	2338	2379	2379.000
CT	291	2402	2433	2433.000
CT	290	2447	2478	2478.000
CT	289	2515	2553	2553.000
CT	288	2557	2608	2608.000
CT	287	2636	2660	2660.000
CT	286	2637	2694	2694.000
CT	285	2731	2775	2775.000
CT	284	2774	2801	2801.000
CT	283	2810	2859	2859.000
CT	282	2896	2949	2949.000
CT	281	2988	3022	3022.000
CT	280	2989	3028	3028.000
CT	279	3168	3215	3215.000
CT	278	3199	3227	3227.000
CT	277	3229	3249	3249.000
CT	276	3381	3390	3390.000
CT	275	3476	3489	3489.000
CT	274	3583	3624	3624.000
CT	273	3672	3715	3715.000
CT	272	3805	3848	3848.000
CT	271	3860	3918	3918.000
CT	270	3894	3932	3932.000
CT	269	3974	4023	4023.000
CT	268	4113	4161	4161.000
CT	267	4286	4361	4361.000
CT	266	4315	4381	4381.000
CT	265	4547	4598	4598.000
CT	264	4655	4735	4735.000
CT	263	4855	4938	4938.000
CT	262	4932	4995	4995.000
CT	261	4894	4965	4965.000
CT	260	5069	5137	5137.000
CT	259	5202	5262	5262.000
CT	258	5222	5280	5280.000
CT	257	5481	5524	5524.000
CT	256	5560	5599	5599.000
CT	255	5770	5819	5819.000
CT	254	5831	5844	5844.000
CT	253	6031	6059	6059.000
CT	252	6153	6163	6163.000
CT	251	6240	6288	6288.000
CT	250	6592	6629	6629.000
CT	249	6708	6722	6722.000
CT	248	6662	6702	6702.000
CT	247	6799	6823	6823.000
CT	246	6890	6918	6918.000
CT	245	7179	7224	7224.000
CT	244	7298	7349	7349.000
CT	243	7313	7366	7366.000
CT	242	7501	7546	7546.000
CT	241	7741	7802	7802.000
CT	240	7988	8028	8028.000
CT	239	7985	8032	8032.000
CT	238	8244	8273	8273.000
CT	237	8329	8378	8378.000
CT	236	8435	8448	8448.000
CT	235	8702	8761	8761.000
CT	234	9034	9060	9060.000
CT	233	8998	9041	9041.000
CT	232	9075	9136	9136.000
CT	231	9383	9408	9408.000
CT	230	9470	9521	9521.000
CT	229	9741	9781	9781.000
CT	228	9976	9993	9993.000
CT	227	10138	10153	10153.000
CT	226	10298	10333	10333.000
CT	225	10299	10324	10324.000
CT	224	10313	10328	10328.000
CT	223	10612	10637	10637.000
CT	222	10806	10814	10814.000
CT	221	11119	11113	11113.000
CT	220	11212	11234	11234.000
CT	219	11438	11477	11477.000
CT	218	11542	11573	11573.000
CT	217	11781	11814	11814.000
CT	216	12045	12076	12076.000
CT	215	12011	12032	12032.000
CT	214	12086	12099	12099.000
CT	213	12299	12327	12327.000
CT	212	12599	12640	12640.000
CT	211	13029	13052	13052.000
CT	210	12805	12813	12813.000
CT	209	13181	13206	13206.000
CT	208	13544	13537	13537.000
CT	207	13534	13547	13547.000
CT	206	13895	13905	13905.000
CT	205	14067	14062	14062.000
CT	204	14052	14029	14029.000
CT	203	14252	14233	14233.000
CT	202	14477	14480	14480.000
CT	201	14786	14768	14768.000
CT	200	14974	14962	14962.000
CT	199	15208	15202	15202.000
CT	198	15497	15483	15483.000
CT	197	15745	15742	15742.000
CT	196	15883	15882	15882.000
CT	195	15925	15932	15932.000
CT	194	16199	16215	16215.000
CT	193	16428	16430	16430.000
CT	192	16836	16821	16821.000
CT	191	17098	17088	17088.000
CT	190	17139	17142	17142.000
CT	189	17477	17469	17469.000
CT	188	17616	17592	17592.000
CT	187	17673	17634	17634.000
CT	186	17869	17820	17820.000
CT	185	17907	17866	17866.000
CT	184	18193	18147	18147.000
CT	183	18492	18452	18452.000
CT	182	18214	18181	18181.000
CT	181	18596	18518	18518.000
CT	180	18904	18835	18835.000
CT	179	19065	18965	18965.000
CT	178	18933	18867	18867.000
CT	177	19495	19401	19401.000
CT	176	19904	19846	19846.000
CT	175	20040	19960	19960.000
CT	174	20167	20094	20094.000
CT	173	20382	20311	20311.000
CT	172	20394	20324	20324.000
CT	171	20446	20370	20370.000
CT	170	20842	20773	20773.000
CT	169	20987	20935	20935.000
CT	168	21367	21332	21332.000
CT	167	21761	21731	21731.000
CT	166	21728	21676	21676.000
CT	165	22010	21945	21945.000
CT	164	22185	22158	22158.000
CT	163	22324	22247	22247.000
CT	162	22553	22484	22484.000
CT	161	22833	22737	22737.000
CT	160	22891	22782	22782.000
CT	159	22647	22551	22551.000
CT	158	23347	23234	23234.000
CT	157	23410	23334	23334.000
CT	156	23699	23601	23601.000
CT	155	23913	23827	23827.000
CT	154	24148	24057	24057.000
CT	153	24108	24020	24020.000
CT	152	24610	24520	24520.000
CT	151	24607	24504	24504.000
CT	150	24842	24782	24782.000
CT	149	24995	24886	24886.000
CT	148	25044	24951	24951.000
CT	147	25599	25510	25510.000
CT	146	25355	25266	25266.000
CT	145	25766	25688	25688.000
CT	144	25397	25323	25323.000
CT	143	25507	25432	25432.000
CT	142	25560	25481	25481.000
CT	141	25549	25477	25477.000
CT	140	26161	26115	26115.000
CT	139	26152	26095	26095.000
CT	138	26352	26301	26301.000
CT	137	26949	26884	26884.000
CT	136	27443	27374	27374.000
CT	135	27154	27072	27072.000
CT	134	27416	27302	27302.000
CT	133	28055	27990	27990.000
CT	132	28116	28029	28029.000
CT	131	28236	28143	28143.000
CT	130	27694	27626	27626.000
CT	129	28564	28499	28499.000
CT	128	28284	28246	28246.000
CT	127	28614	28563	28563.000
CT	126	28825	28776	28776.000
CT	125	28812	28753	28753.000
CT	124	29557	29481	29481.000
CT	123	29637	29597	29597.000
CT	122	29582	29503	29503.000
CT	121	29555	29486	29486.000
CT	120	29733	29670	29670.000
CT	119	30385	30315	30315.000
CT	118	30253	30203	30203.000
CT	117	30346	30292	30292.000
CT	116	30508	30444	30444.000
CT	115	30766	30702	30702.000
CT	114	30948	30898	30898.000
CT	113	30920	30846	30846.000
CT	112	30932	30858	30858.000
CT	111	30988	30918	30918.000
CT	110	31455	31364	31364.000
CT	109	31624	31539	31539.000
CT	108	31937	31867	31867.000
CT	107	31793	31717	31717.000
CT	106	31924	31854	31854.000
CT	105	32229	32179	32179.000
CT	104	32440	32369	32369.000
CT	103	32192	32142	32142.000
CT	102	32515	32400	32400.000
CT	101	32507	32434	32434.000
CT	100	32276	32179	32179.000
CT	99	32483	32385	32385.000
CT	98	32250	32093	32092.999
CT	97	32409	32255	32254.999
CT	96	32439	32289	32288.999
CT	95	32287	32137	32136.999
CT	94	32116	31976	31975.999
CT	93	32179	32020	32019.999
CT	92	32404	32243	32242.999
CT	91	31728	31603	31602.999
CT	90	32081	31891	31890.999
CT	89	32359	32136	32135.998
CT	88	32104	31919	31918.999
CT	87	31871	31673	31672.999
CT	86	31591	31341	31340.998
CT	85	31722	31510	31509.999
CT	84	31459	31258	31257.999
CT	83	31010	30780	30779.998
CT	82	31048	30809	30808.998
CT	81	30641	30455	30454.999
CT	80	29859	29648	29647.999
CT	79	29612	29418	29417.999
CT	78	29665	29481	29480.999
CT	77	29530	29325	29324.999
CT	76	29430	29185	29184.998
CT	75	29053	28784	28783.998
CT	74	29279	28977	28976.998
CT	73	28208	27907	27906.998
CT	72	28381	28029	28028.997
CT	71	28130	27779	27778.997
CT	70	27968	27633	27632.997
CT	69	27573	27185	27184.997
CT	68	27632	27201	27200.996
CT	67	26740	26402	26401.997
CT	66	26152	25802	25801.997
CT	65	25864	25427	25426.996
CT	64	25767	25284	25283.996
CT	63	25252	24796	24795.996
CT	62	24859	24366	24365.996
CT	61	24763	24224	24223.995
CT	60	24393	23922	23921.996
CT	59	23790	23291	23290.995
CT	58	23494	23100	23099.996
CT	57	22394	21923	21922.996
CT	56	22381	21935	21934.996
CT	55	22017	21573	21572.996
CT	54	21920	21352	21351.995
CT	53	21666	21145	21144.995
CT	52	21177	20554	20553.994
CT	51	20845	20209	20208.994
CT	50	20686	20046	20045.994
CT	49	19896	19206	19205.993
CT	48	19380	18643	18642.993
CT	47	19216	18478	18477.993
CT	46	19176	18424	18423.993
CT	45	18203	17414	17413.992
CT	44	17646	16890	16889.993
CT	43	17497	16681	16680.992
CT	42	17424	16494	16493.991
CT	41	17155	16262	16261.991
CT	40	16870	15869	15868.990
CT	39	16434	15380	15379.990
CT	38	15755	14656	14655.989
CT	37	15515	14392	14391.989
CT	36	15068	13846	13845.988
CT	35	15044	13626	13625.986
CT	34	14833	13345	13344.985
CT	33	14453	12853	12852.984
CT	32	14034	12205	12204.982
CT	31	13884	11886	11885.980
CT	30	14063	11771	11770.977
CT	29	14237	11630	11629.974
CT	28	14125	11395	11394.972
CT	27	14152	10842	10841.966
CT	26	14361	10692	10691.963
CT	25	14510	10292	10291.957
CT	24	13977	9624	9623.956
CT	23	14666	9379	9378.946
CT	22	14986	9113	9112.940
CT	21	15458	8688	8687.931
CT	20	15906	8147	8146.921
CT	19	17477	8055	8054.903
CT	18	18793	7499	7498.884
CT	17	20052	7039	7038.867
CT	16	23003	6938	6937.835
CT	15	25018	5666	5665.801
CT	14	28633	5131	5130.759
CT	13	34928	4778	4777.691
CT	12	41806	4348	4347.616
CT	11	52307	3579	3578.500
CT	10	66883	3185	3184.346
CT	9	86525	2767	2766.140
CT	8	119515	2345	2343.797
CT	7	171140	1906	1904.263
CT	6	258432	1573	1570.363
CT	5	427656	997	992.620
CT	4	807278	731	722.720
CT	3	1887744	444	424.624
CT	2	6769679	139	69.501
CT	1	0	0	10.169
CT	0	0	4658	1.107
FR	0	2.06e-05
ER	5197977	4758.335
CV	0.998
QV	45.388	45.295
