HS	1023	0	60251	60251
HS	1022	0	49	60300
HS	1021	0	49	60349
HS	1020	0	60	60409
HS	1019	0	53	60462
HS	1018	0	56	60518
HS	1017	0	68	60586
HS	1016	0	52	60638
HS	1015	0	57	60695
HS	1014	0	60	60755
HS	1013	0	54	60809
HS	1012	0	50	60859
HS	1011	0	58	60917
HS	1010	0	56	60973
HS	1009	0	64	61037
HS	1008	0	46	61083
HS	1007	0	66	61149
HS	1006	0	58	61207
HS	1005	0	65	61272
HS	1004	0	49	61321
HS	1003	0	41	61362
HS	1002	0	63	61425
HS	1001	0	49	61474
HS	1000	0	43	61517
HS	999	0	60	61577
HS	998	0	50	61627
HS	997	0	53	61680
HS	996	0	53	61733
HS	995	0	54	61787
HS	994	0	54	61841
HS	993	0	70	61911
HS	992	0	42	61953
HS	991	0	55	62008
HS	990	0	54	62062
HS	989	0	55	62117
HS	988	0	52	62169
HS	987	0	51	62220
HS	986	0	42	62262
HS	985	0	57	62319
HS	984	0	50	62369
HS	983	0	49	62418
HS	982	0	51	62469
HS	981	0	44	62513
HS	980	0	51	62564
HS	979	0	53	62617
HS	978	0	60	62677
HS	977	0	54	62731
HS	976	0	47	62778
HS	975	0	60	62838
HS	974	0	49	62887
HS	973	0	45	62932
HS	972	0	36	62968
HS	971	0	50	63018
HS	970	0	46	63064
HS	969	0	42	63106
HS	968	0	42	63148
HS	967	0	41	63189
HS	966	0	45	63234
HS	965	0	54	63288
HS	964	0	49	63337
HS	963	0	34	63371
HS	962	0	49	63420
HS	961	0	49	63469
HS	960	0	50	63519
HS	959	0	57	63576
HS	958	0	37	63613
HS	957	0	53	63666
HS	956	0	43	63709
HS	955	0	39	63748
HS	954	0	48	63796
HS	953	0	38	63834
HS	952	0	37	63871
HS	951	0	47	63918
HS	950	0	49	63967
HS	949	0	45	64012
HS	948	0	49	64061
HS	947	0	45	64106
HS	946	0	60	64166
HS	945	0	64	64230
HS	944	0	46	64276
HS	943	0	61	64337
HS	942	0	55	64392
HS	941	0	57	64449
HS	940	0	57	64506
HS	939	0	47	64553
HS	938	0	58	64611
HS	937	0	50	64661
HS	936	0	58	64719
HS	935	0	49	64768
HS	934	0	58	64826
HS	933	0	61	64887
HS	932	0	67	64954
HS	931	0	64	65018
HS	930	0	52	65070
HS	929	0	56	65126
HS	928	0	57	65183
HS	927	0	49	65232
HS	926	0	60	65292
HS	925	0	69	65361
HS	924	0	52	65413
HS	923	0	58	65471
HS	922	0	41	65512
HS	921	0	57	65569
HS	920	0	45	65614
HS	919	0	49	65663
HS	918	0	53	65716
HS	917	0	61	65777
HS	916	0	52	65829
HS	915	0	59	65888
HS	914	0	49	65937
HS	913	0	54	65991
HS	912	0	58	66049
HS	911	0	60	66109
HS	910	0	48	66157
HS	909	0	58	66215
HS	908	0	46	66261
HS	907	0	65	66326
HS	906	0	44	66370
HS	905	0	43	66413
HS	904	0	62	66475
HS	903	0	46	66521
HS	902	0	48	66569
HS	901	0	59	66628
HS	900	0	49	66677
HS	899	0	52	66729
HS	898	0	56	66785
HS	897	0	49	66834
HS	896	0	57	66891
HS	895	0	61	66952
HS	894	0	63	67015
HS	893	0	58	67073
HS	892	0	44	67117
HS	891	0	49	67166
HS	890	0	67	67233
HS	889	0	59	67292
HS	888	0	54	67346
HS	887	0	45	67391
HS	886	0	66	67457
HS	885	0	46	67503
HS	884	0	66	67569
HS	883	0	44	67613
HS	882	0	52	67665
HS	881	0	53	67718
HS	880	0	50	67768
HS	879	0	56	67824
HS	878	0	61	67885
HS	877	0	53	67938
HS	876	0	56	67994
HS	875	0	37	68031
HS	874	0	53	68084
HS	873	0	54	68138
HS	872	0	41	68179
HS	871	0	56	68235
HS	870	0	42	68277
HS	869	0	58	68335
HS	868	0	48	68383
HS	867	0	54	68437
HS	866	0	58	68495
HS	865	0	54	68549
HS	864	0	58	68607
HS	863	0	52	68659
HS	862	0	51	68710
HS	861	0	53	68763
HS	860	0	54	68817
HS	859	0	51	68868
HS	858	0	43	68911
HS	857	0	45	68956
HS	856	0	51	69007
HS	855	0	51	69058
HS	854	0	55	69113
HS	853	0	72	69185
HS	852	0	49	69234
HS	851	0	57	69291
HS	850	0	65	69356
HS	849	0	46	69402
HS	848	0	40	69442
HS	847	0	52	69494
HS	846	0	43	69537
HS	845	0	64	69601
HS	844	0	52	69653
HS	843	0	45	69698
HS	842	0	52	69750
HS	841	0	62	69812
HS	840	0	48	69860
HS	839	0	48	69908
HS	838	0	44	69952
HS	837	0	58	70010
HS	836	0	39	70049
HS	835	0	60	70109
HS	834	0	51	70160
HS	833	0	62	70222
HS	832	0	33	70255
HS	831	0	41	70296
HS	830	0	34	70330
HS	829	0	53	70383
HS	828	0	56	70439
HS	827	0	54	70493
HS	826	0	51	70544
HS	825	0	31	70575
HS	824	0	40	70615
HS	823	0	43	70658
HS	822	0	48	70706
HS	821	0	50	70756
HS	820	0	46	70802
HS	819	0	44	70846
HS	818	0	37	70883
HS	817	0	44	70927
HS	816	0	44	70971
HS	815	0	44	71015
HS	814	0	44	71059
HS	813	0	42	71101
HS	812	0	48	71149
HS	811	0	39	71188
HS	810	0	41	71229
HS	809	0	42	71271
HS	808	0	38	71309
HS	807	0	45	71354
HS	806	0	30	71384
HS	805	0	42	71426
HS	804	0	47	71473
HS	803	0	43	71516
HS	802	0	50	71566
HS	801	0	54	71620
HS	800	0	47	71667
HS	799	0	47	71714
HS	798	0	40	71754
HS	797	0	48	71802
HS	796	0	43	71845
HS	795	0	40	71885
HS	794	0	47	71932
HS	793	0	41	71973
HS	792	0	50	72023
HS	791	0	40	72063
HS	790	0	48	72111
HS	789	0	53	72164
HS	788	0	54	72218
HS	787	0	51	72269
HS	786	0	36	72305
HS	785	0	51	72356
HS	784	0	41	72397
HS	783	0	46	72443
HS	782	0	44	72487
HS	781	0	48	72535
HS	780	0	48	72583
HS	779	0	47	72630
HS	778	0	45	72675
HS	777	0	47	72722
HS	776	0	50	72772
HS	775	0	54	72826
HS	774	0	57	72883
HS	773	0	57	72940
HS	772	0	56	72996
HS	771	0	41	73037
HS	770	0	40	73077
HS	769	0	39	73116
HS	768	0	33	73149
HS	767	0	53	73202
HS	766	0	49	73251
HS	765	0	46	73297
HS	764	0	47	73344
HS	763	0	56	73400
HS	762	0	66	73466
HS	761	0	39	73505
HS	760	0	65	73570
HS	759	0	39	73609
HS	758	0	36	73645
HS	757	0	67	73712
HS	756	0	38	73750
HS	755	0	50	73800
HS	754	0	42	73842
HS	753	0	40	73882
HS	752	0	44	73926
HS	751	0	43	73969
HS	750	0	43	74012
HS	749	0	40	74052
HS	748	0	45	74097
HS	747	0	53	74150
HS	746	0	57	74207
HS	745	0	35	74242
HS	744	0	31	74273
HS	743	0	36	74309
HS	742	0	36	74345
HS	741	0	54	74399
HS	740	0	38	74437
HS	739	0	40	74477
HS	738	0	39	74516
HS	737	0	37	74553
HS	736	0	41	74594
HS	735	0	34	74628
HS	734	0	49	74677
HS	733	0	43	74720
HS	732	0	42	74762
HS	731	0	43	74805
HS	730	0	46	74851
HS	729	0	45	74896
HS	728	0	36	74932
HS	727	0	49	74981
HS	726	0	29	75010
HS	725	0	45	75055
HS	724	0	36	75091
HS	723	0	38	75129
HS	722	0	37	75166
HS	721	0	41	75207
HS	720	0	54	75261
HS	719	0	45	75306
HS	718	0	38	75344
HS	717	0	43	75387
HS	716	0	41	75428
HS	715	0	47	75475
HS	714	0	42	75517
HS	713	0	55	75572
HS	712	0	40	75612
HS	711	0	51	75663
HS	710	0	47	75710
HS	709	0	52	75762
HS	708	0	32	75794
HS	707	0	35	75829
HS	706	0	48	75877
HS	705	0	52	75929
HS	704	0	32	75961
HS	703	0	46	76007
HS	702	0	51	76058
HS	701	0	43	76101
HS	700	0	41	76142
HS	699	0	42	76184
HS	698	0	48	76232
HS	697	0	38	76270
HS	696	0	52	76322
HS	695	0	35	76357
HS	694	0	43	76400
HS	693	0	40	76440
HS	692	0	47	76487
HS	691	0	50	76537
HS	690	0	36	76573
HS	689	0	38	76611
HS	688	0	38	76649
HS	687	0	36	76685
HS	686	0	48	76733
HS	685	0	38	76771
HS	684	0	47	76818
HS	683	0	42	76860
HS	682	0	40	76900
HS	681	0	45	76945
HS	680	0	38	76983
HS	679	0	38	77021
HS	678	0	38	77059
HS	677	0	26	77085
HS	676	0	34	77119
HS	675	0	35	77154
HS	674	0	35	77189
HS	673	0	44	77233
HS	672	0	30	77263
HS	671	0	27	77290
HS	670	0	28	77318
HS	669	0	32	77350
HS	668	0	34	77384
HS	667	0	35	77419
HS	666	0	40	77459
HS	665	0	37	77496
HS	664	0	46	77542
HS	663	0	40	77582
HS	662	0	39	77621
HS	661	0	41	77662
HS	660	0	51	77713
HS	659	0	37	77750
HS	658	0	39	77789
HS	657	0	46	77835
HS	656	0	43	77878
HS	655	0	40	77918
HS	654	0	37	77955
HS	653	0	36	77991
HS	652	0	32	78023
HS	651	0	32	78055
HS	650	0	29	78084
HS	649	0	28	78112
HS	648	0	37	78149
HS	647	0	39	78188
HS	646	0	31	78219
HS	645	0	32	78251
HS	644	0	41	78292
HS	643	0	30	78322
HS	642	0	44	78366
HS	641	0	42	78408
HS	640	0	41	78449
HS	639	0	42	78491
HS	638	0	45	78536
HS	637	0	43	78579
HS	636	0	41	78620
HS	635	0	54	78674
HS	634	0	41	78715
HS	633	0	49	78764
HS	632	0	45	78809
HS	631	0	34	78843
HS	630	0	35	78878
HS	629	0	42	78920
HS	628	0	41	78961
HS	627	0	48	79009
HS	626	0	42	79051
HS	625	0	37	79088
HS	624	0	44	79132
HS	623	0	34	79166
HS	622	0	38	79204
HS	621	0	42	79246
HS	620	0	47	79293
HS	619	0	46	79339
HS	618	0	54	79393
HS	617	0	51	79444
HS	616	0	46	79490
HS	615	0	54	79544
HS	614	0	45	79589
HS	613	0	35	79624
HS	612	0	45	79669
HS	611	0	43	79712
HS	610	0	46	79758
HS	609	0	50	79808
HS	608	0	50	79858
HS	607	0	37	79895
HS	606	0	43	79938
HS	605	0	51	79989
HS	604	0	57	80046
HS	603	0	55	80101
HS	602	0	54	80155
HS	601	0	55	80210
HS	600	0	54	80264
HS	599	0	45	80309
HS	598	0	56	80365
HS	597	0	62	80427
HS	596	0	55	80482
HS	595	0	43	80525
HS	594	0	54	80579
HS	593	0	45	80624
HS	592	0	46	80670
HS	591	0	52	80722
HS	590	0	52	80774
HS	589	0	58	80832
HS	588	0	58	80890
HS	587	0	53	80943
HS	586	0	56	80999
HS	585	0	48	81047
HS	584	0	47	81094
HS	583	0	64	81158
HS	582	0	51	81209
HS	581	0	58	81267
HS	580	0	58	81325
HS	579	0	63	81388
HS	578	0	45	81433
HS	577	0	53	81486
HS	576	0	52	81538
HS	575	0	68	81606
HS	574	0	63	81669
HS	573	0	59	81728
HS	572	0	43	81771
HS	571	0	45	81816
HS	570	0	60	81876
HS	569	0	60	81936
HS	568	0	50	81986
HS	567	0	50	82036
HS	566	0	59	82095
HS	565	0	68	82163
HS	564	0	67	82230
HS	563	0	61	82291
HS	562	0	56	82347
HS	561	0	59	82406
HS	560	0	47	82453
HS	559	0	54	82507
HS	558	0	52	82559
HS	557	0	57	82616
HS	556	0	57	82673
HS	555	0	54	82727
HS	554	0	40	82767
HS	553	0	46	82813
HS	552	0	45	82858
HS	551	0	49	82907
HS	550	0	54	82961
HS	549	0	47	83008
HS	548	0	58	83066
HS	547	0	58	83124
HS	546	0	50	83174
HS	545	0	56	83230
HS	544	0	63	83293
HS	543	0	57	83350
HS	542	0	43	83393
HS	541	0	54	83447
HS	540	0	56	83503
HS	539	0	69	83572
HS	538	0	55	83627
HS	537	0	50	83677
HS	536	0	72	83749
HS	535	0	65	83814
HS	534	0	52	83866
HS	533	0	52	83918
HS	532	0	51	83969
HS	531	0	70	84039
HS	530	0	63	84102
HS	529	0	58	84160
HS	528	0	58	84218
HS	527	0	67	84285
HS	526	0	69	84354
HS	525	0	61	84415
HS	524	0	65	84480
HS	523	0	59	84539
HS	522	0	59	84598
HS	521	0	60	84658
HS	520	0	68	84726
HS	519	0	52	84778
HS	518	0	57	84835
HS	517	0	45	84880
HS	516	0	63	84943
HS	515	0	68	85011
HS	514	0	50	85061
HS	513	0	51	85112
HS	512	0	41	85153
HS	511	0	61	85214
HS	510	0	57	85271
HS	509	0	57	85328
HS	508	0	55	85383
HS	507	0	53	85436
HS	506	0	49	85485
HS	505	0	54	85539
HS	504	0	61	85600
HS	503	0	56	85656
HS	502	0	54	85710
HS	501	0	62	85772
HS	500	0	61	85833
HS	499	0	63	85896
HS	498	0	59	85955
HS	497	0	57	86012
HS	496	0	59	86071
HS	495	0	69	86140
HS	494	0	76	86216
HS	493	0	75	86291
HS	492	0	74	86365
HS	491	0	67	86432
HS	490	0	68	86500
HS	489	0	61	86561
HS	488	0	71	86632
HS	487	0	73	86705
HS	486	0	81	86786
HS	485	0	75	86861
HS	484	0	72	86933
HS	483	0	72	87005
HS	482	0	68	87073
HS	481	0	76	87149
HS	480	0	70	87219
HS	479	0	66	87285
HS	478	0	49	87334
HS	477	0	63	87397
HS	476	0	84	87481
HS	475	0	86	87567
HS	474	0	62	87629
HS	473	0	85	87714
HS	472	0	73	87787
HS	471	0	72	87859
HS	470	0	71	87930
HS	469	0	62	87992
HS	468	0	74	88066
HS	467	0	80	88146
HS	466	0	85	88231
HS	465	0	61	88292
HS	464	0	74	88366
HS	463	0	90	88456
HS	462	0	99	88555
HS	461	0	78	88633
HS	460	0	84	88717
HS	459	0	72	88789
HS	458	0	95	88884
HS	457	0	91	88975
HS	456	0	93	89068
HS	455	0	87	89155
HS	454	0	76	89231
HS	453	0	90	89321
HS	452	0	98	89419
HS	451	0	93	89512
HS	450	0	77	89589
HS	449	0	89	89678
HS	448	0	91	89769
HS	447	0	88	89857
HS	446	0	87	89944
HS	445	0	78	90022
HS	444	0	93	90115
HS	443	0	86	90201
HS	442	0	95	90296
HS	441	0	91	90387
HS	440	0	92	90479
HS	439	0	79	90558
HS	438	0	79	90637
HS	437	0	78	90715
HS	436	0	74	90789
HS	435	0	87	90876
HS	434	0	80	90956
HS	433	0	98	91054
HS	432	0	92	91146
HS	431	0	97	91243
HS	430	0	85	91328
HS	429	0	92	91420
HS	428	0	87	91507
HS	427	0	98	91605
HS	426	0	102	91707
HS	425	0	97	91804
HS	424	0	81	91885
HS	423	0	80	91965
HS	422	0	75	92040
HS	421	0	68	92108
HS	420	0	71	92179
HS	419	0	80	92259
HS	418	0	79	92338
HS	417	0	67	92405
HS	416	0	93	92498
HS	415	0	82	92580
HS	414	0	88	92668
HS	413	0	85	92753
HS	412	0	92	92845
HS	411	0	92	92937
HS	410	0	102	93039
HS	409	0	94	93133
HS	408	0	105	93238
HS	407	0	120	93358
HS	406	0	103	93461
HS	405	0	109	93570
HS	404	0	106	93676
HS	403	0	95	93771
HS	402	0	96	93867
HS	401	0	131	93998
HS	400	0	105	94103
HS	399	0	113	94216
HS	398	0	136	94352
HS	397	0	148	94500
HS	396	0	125	94625
HS	395	0	142	94767
HS	394	0	165	94932
HS	393	0	168	95100
HS	392	0	165	95265
HS	391	0	159	95424
HS	390	0	161	95585
HS	389	0	182	95767
HS	388	0	163	95930
HS	387	0	188	96118
HS	386	0	198	96316
HS	385	0	182	96498
HS	384	0	191	96689
HS	383	0	194	96883
HS	382	0	232	97115
HS	381	0	239	97354
HS	380	0	257	97611
HS	379	0	257	97868
HS	378	0	268	98136
HS	377	0	236	98372
HS	376	0	262	98634
HS	375	0	259	98893
HS	374	0	266	99159
HS	373	0	323	99482
HS	372	0	254	99736
HS	371	0	292	100028
HS	370	0	289	100317
HS	369	0	290	100607
HS	368	0	321	100928
HS	367	0	294	101222
HS	366	0	354	101576
HS	365	0	358	101934
HS	364	0	294	102228
HS	363	0	343	102571
HS	362	0	335	102906
HS	361	0	337	103243
HS	360	0	358	103601
HS	359	0	385	103986
HS	358	0	361	104347
HS	357	0	424	104771
HS	356	0	387	105158
HS	355	0	432	105590
HS	354	0	455	106045
HS	353	0	445	106490
HS	352	0	464	106954
HS	351	0	456	107410
HS	350	0	466	107876
HS	349	0	437	108313
HS	348	0	465	108778
HS	347	0	432	109210
HS	346	0	447	109657
HS	345	0	506	110163
HS	344	0	479	110642
HS	343	0	529	111171
HS	342	0	567	111738
HS	341	0	520	112258
HS	340	0	566	112824
HS	339	0	590	113414
HS	338	0	544	113958
HS	337	0	571	114529
HS	336	0	603	115132
HS	335	0	624	115756
HS	334	0	666	116422
HS	333	0	681	117103
HS	332	0	648	117751
HS	331	0	735	118486
HS	330	0	742	119228
HS	329	0	801	120029
HS	328	0	802	120831
HS	327	0	780	121611
HS	326	0	851	122462
HS	325	0	877	123339
HS	324	0	915	124254
HS	323	0	952	125206
HS	322	0	979	126185
HS	321	0	994	127179
HS	320	0	1011	128190
HS	319	0	1070	129260
HS	318	0	1049	130309
HS	317	0	1117	131426
HS	316	0	1085	132511
HS	315	0	1238	133749
HS	314	0	1144	134893
HS	313	0	1180	136073
HS	312	0	1286	137359
HS	311	0	1322	138681
HS	310	0	1375	140056
HS	309	0	1438	141494
HS	308	0	1479	142973
HS	307	0	1499	144472
HS	306	0	1599	146071
HS	305	0	1538	147609
HS	304	0	1698	149307
HS	303	0	1767	151074
HS	302	0	1817	152891
HS	301	0	1739	154630
HS	300	0	1859	156489
HS	299	0	1953	158442
HS	298	0	2059	160501
HS	297	0	2026	162527
HS	296	0	2111	164638
HS	295	0	2053	166691
HS	294	0	2210	168901
HS	293	0	2307	171208
HS	292	0	2338	173546
HS	291	0	2402	175948
HS	290	0	2447	178395
HS	289	0	2515	180910
HS	288	0	2557	183467
HS	287	0	2636	186103
HS	286	0	2637	188740
HS	285	0	2731	191471
HS	284	0	2774	194245
HS	283	0	2810	197055
HS	282	0	2896	199951
HS	281	0	2988	202939
HS	280	0	2989	205928
HS	279	0	3168	209096
HS	278	0	3199	212295
HS	277	0	3229	215524
HS	276	0	3381	218905
HS	275	0	3476	222381
HS	274	0	3583	225964
HS	273	0	3672	229636
HS	272	0	3805	233441
HS	271	0	3860	237301
HS	270	0	3894	241195
HS	269	0	3974	245169
HS	268	0	4113	249282
HS	267	0	4286	253568
HS	266	0	4315	257883
HS	265	0	4547	262430
HS	264	0	4655	267085
HS	263	0	4855	271940
HS	262	0	4932	276872
HS	261	0	4894	281766
HS	260	0	5069	286835
HS	259	0	5202	292037
HS	258	0	5222	297259
HS	257	0	5481	302740
HS	256	0	5560	308300
HS	255	0	5770	314070
HS	254	0	5831	319901
HS	253	0	6031	325932
HS	252	0	6153	332085
HS	251	0	6240	338325
HS	250	0	6592	344917
HS	249	0	6708	351625
HS	248	0	6662	358287
HS	247	0	6799	365086
HS	246	0	6890	371976
HS	245	0	7179	379155
HS	244	0	7298	386453
HS	243	0	7313	393766
HS	242	0	7501	401267
HS	241	0	7741	409008
HS	240	0	7988	416996
HS	239	0	7985	424981
HS	238	0	8244	433225
HS	237	0	8329	441554
HS	236	0	8435	449989
HS	235	0	8702	458691
HS	234	0	9034	467725
HS	233	0	8998	476723
HS	232	0	9075	485798
HS	231	0	9383	495181
HS	230	0	9470	504651
HS	229	0	9741	514392
HS	228	0	9976	524368
HS	227	0	10138	534506
HS	226	0	10298	544804
HS	225	0	10299	555103
HS	224	0	10313	565416
HS	223	0	10612	576028
HS	222	0	10806	586834
HS	221	0	11119	597953
HS	220	0	11212	609165
HS	219	0	11438	620603
HS	218	0	11542	632145
HS	217	0	11781	643926
HS	216	0	12045	655971
HS	215	0	12011	667982
HS	214	0	12086	680068
HS	213	0	12299	692367
HS	212	0	12599	704966
HS	211	0	13029	717995
HS	210	0	12805	730800
HS	209	0	13181	743981
HS	208	0	13544	757525
HS	207	0	13534	771059
HS	206	0	13895	784954
HS	205	0	14067	799021
HS	204	0	14052	813073
HS	203	0	14252	827325
HS	202	0	14477	841802
HS	201	0	14786	856588
HS	200	0	14974	871562
HS	199	0	15208	886770
HS	198	0	15497	902267
HS	197	0	15745	918012
HS	196	0	15883	933895
HS	195	0	15925	949820
HS	194	0	16199	966019
HS	193	0	16428	982447
HS	192	0	16836	999283
HS	191	0	17098	1016381
HS	190	0	17139	1033520
HS	189	0	17477	1050997
HS	188	0	17616	1068613
HS	187	0	17673	1086286
HS	186	0	17869	1104155
HS	185	0	17907	1122062
HS	184	0	18193	1140255
HS	183	0	18492	1158747
HS	182	0	18214	1176961
HS	181	0	18596	1195557
HS	180	0	18904	1214461
HS	179	0	19065	1233526
HS	178	0	18933	1252459
HS	177	0	19495	1271954
HS	176	0	19904	1291858
HS	175	0	20040	1311898
HS	174	0	20167	1332065
HS	173	0	20382	1352447
HS	172	0	20394	1372841
HS	171	0	20446	1393287
HS	170	0	20842	1414129
HS	169	0	20987	1435116
HS	168	0	21367	1456483
HS	167	0	21761	1478244
HS	166	0	21728	1499972
HS	165	0	22010	1521982
HS	164	0	22185	1544167
HS	163	0	22324	1566491
HS	162	0	22553	1589044
HS	161	0	22833	1611877
HS	160	0	22891	1634768
HS	159	0	22647	1657415
HS	158	0	23347	1680762
HS	157	0	23410	1704172
HS	156	0	23699	1727871
HS	155	0	23913	1751784
HS	154	0	24148	1775932
HS	153	0	24108	1800040
HS	152	0	24610	1824650
HS	151	0	24607	1849257
HS	150	0	24842	1874099
HS	149	0	24995	1899094
HS	148	0	25044	1924138
HS	147	0	25599	1949737
HS	146	0	25355	1975092
HS	145	0	25766	2000858
HS	144	0	25397	2026255
HS	143	0	25507	2051762
HS	142	0	25560	2077322
HS	141	0	25549	2102871
HS	140	0	26161	2129032
HS	139	0	26152	2155184
HS	138	0	26352	2181536
HS	137	0	26949	2208485
HS	136	0	27443	2235928
HS	135	0	27154	2263082
HS	134	0	27416	2290498
HS	133	0	28055	2318553
HS	132	0	28116	2346669
HS	131	0	28236	2374905
HS	130	0	27694	2402599
HS	129	0	28564	2431163
HS	128	0	28284	2459447
HS	127	0	28614	2488061
HS	126	0	28825	2516886
HS	125	0	28812	2545698
HS	124	0	29557	2575255
HS	123	0	29637	2604892
HS	122	0	29582	2634474
HS	121	0	29555	2664029
HS	120	0	29733	2693762
HS	119	0	30385	2724147
HS	118	0	30253	2754400
HS	117	0	30346	2784746
HS	116	0	30508	2815254
HS	115	0	30766	2846020
HS	114	0	30948	2876968
HS	113	0	30920	2907888
HS	112	0	30932	2938820
HS	111	0	30988	2969808
HS	110	0	31455	3001263
HS	109	0	31624	3032887
HS	108	0	31937	3064824
HS	107	0	31793	3096617
HS	106	0	31924	3128541
HS	105	0	32229	3160770
HS	104	0	32440	3193210
HS	103	0	32192	3225402
HS	102	0	32515	3257917
HS	101	0	32507	3290424
HS	100	0	32276	3322700
HS	99	0	32483	3355183
HS	98	0	32250	3387433
HS	97	0	32409	3419842
HS	96	0	32439	3452281
HS	95	0	32287	3484568
HS	94	0	32116	3516684
HS	93	0	32179	3548863
HS	92	0	32404	3581267
HS	91	0	31728	3612995
HS	90	0	32081	3645076
HS	89	0	32359	3677435
HS	88	0	32104	3709539
HS	87	0	31871	3741410
HS	86	0	31591	3773001
HS	85	0	31722	3804723
HS	84	0	31459	3836182
HS	83	0	31010	3867192
HS	82	0	31048	3898240
HS	81	0	30641	3928881
HS	80	0	29859	3958740
HS	79	0	29612	3988352
HS	78	0	29665	4018017
HS	77	0	29530	4047547
HS	76	0	29430	4076977
HS	75	0	29053	4106030
HS	74	0	29279	4135309
HS	73	0	28208	4163517
HS	72	0	28381	4191898
HS	71	0	28130	4220028
HS	70	0	27968	4247996
HS	69	0	27573	4275569
HS	68	0	27632	4303201
HS	67	0	26740	4329941
HS	66	0	26152	4356093
HS	65	0	25864	4381957
HS	64	0	25767	4407724
HS	63	0	25252	4432976
HS	62	0	24859	4457835
HS	61	0	24763	4482598
HS	60	0	24393	4506991
HS	59	0	23790	4530781
HS	58	0	23494	4554275
HS	57	0	22394	4576669
HS	56	0	22381	4599050
HS	55	0	22017	4621067
HS	54	0	21920	4642987
HS	53	0	21666	4664653
HS	52	0	21177	4685830
HS	51	0	20845	4706675
HS	50	0	20686	4727361
HS	49	0	19896	4747257
HS	48	0	19380	4766637
HS	47	0	19216	4785853
HS	46	0	19176	4805029
HS	45	0	18203	4823232
HS	44	0	17646	4840878
HS	43	0	17497	4858375
HS	42	0	17424	4875799
HS	41	0	17155	4892954
HS	40	0	16870	4909824
HS	39	0	16434	4926258
HS	38	0	15755	4942013
HS	37	0	15515	4957528
HS	36	0	15068	4972596
HS	35	0	15044	4987640
HS	34	0	14833	5002473
HS	33	0	14453	5016926
HS	32	0	14034	5030960
HS	31	0	13884	5044844
HS	30	0	14063	5058907
HS	29	0	14237	5073144
HS	28	0	14125	5087269
HS	27	0	14152	5101421
HS	26	0	14361	5115782
HS	25	0	14510	5130292
HS	24	0	13977	5144269
HS	23	0	14666	5158935
HS	22	0	14986	5173921
HS	21	0	15458	5189379
HS	20	0	15906	5205285
HS	19	0	17477	5222762
HS	18	0	18793	5241555
HS	17	0	20052	5261607
HS	16	0	23003	5284610
HS	15	0	25018	5309628
HS	14	0	28633	5338261
HS	13	0	34928	5373189
HS	12	0	41806	5414995
HS	11	0	52307	5467302
HS	10	0	66883	5534185
HS	9	0	86525	5620710
HS	8	0	119515	5740225
HS	7	0	171140	5911365
HS	6	0	258432	6169797
HS	5	0	427656	6597453
HS	4	0	807278	7404731
HS	3	0	1887744	9292475
HS	2	0	6769679	16062154
HS	1	0	0	16062154
HS	0	0	0	16062154
