CC	CT  kmer_occurrence    short_read_kmer_count  raw_input_kmer_count  adjusted_input_kmer_count
CC	FR  fpr_lower_bound    fpr_upper_bound
CC	ER  total_input_kmers  adjusted_error_kmers
CC	CV  coverage
CC	QV  raw_quality_value  adjusted_quality_value
CC
SQ	CP128151.1	530743	530713	530129	44.50
SQ	CP128152.1	5349717	5349687	5349501	59.50
CT	1023	13868	71608	71608.000
CT	1022	5	24	24.000
CT	1021	6	25	25.000
CT	1020	12	43	43.000
CT	1019	5	29	29.000
CT	1018	8	16	16.000
CT	1017	2	7	7.000
CT	1016	6	36	36.000
CT	1015	11	64	64.000
CT	1014	6	30	30.000
CT	1013	4	30	30.000
CT	1012	6	37	37.000
CT	1011	2	12	12.000
CT	1010	6	25	25.000
CT	1009	8	25	25.000
CT	1008	3	12	12.000
CT	1007	3	19	19.000
CT	1006	6	30	30.000
CT	1005	10	18	18.000
CT	1004	10	47	47.000
CT	1003	6	23	23.000
CT	1002	5	16	16.000
CT	1001	1	6	6.000
CT	1000	7	35	35.000
CT	999	4	22	22.000
CT	998	3	11	11.000
CT	997	6	18	18.000
CT	996	10	29	29.000
CT	995	6	28	28.000
CT	994	5	11	11.000
CT	993	16	56	56.000
CT	992	7	30	30.000
CT	991	12	36	36.000
CT	990	6	12	12.000
CT	989	4	18	18.000
CT	988	9	38	38.000
CT	987	10	37	37.000
CT	986	6	18	18.000
CT	985	6	30	30.000
CT	984	7	37	37.000
CT	983	2	6	6.000
CT	982	4	20	20.000
CT	981	8	42	42.000
CT	980	1	6	6.000
CT	979	0	0	0.000
CT	978	7	36	36.000
CT	977	7	26	26.000
CT	976	9	48	48.000
CT	975	8	22	22.000
CT	974	4	12	12.000
CT	973	8	43	43.000
CT	972	5	17	17.000
CT	971	6	24	24.000
CT	970	6	17	17.000
CT	969	12	51	51.000
CT	968	9	28	28.000
CT	967	6	29	29.000
CT	966	7	31	31.000
CT	965	7	36	36.000
CT	964	4	19	19.000
CT	963	5	27	27.000
CT	962	5	12	12.000
CT	961	8	48	48.000
CT	960	2	11	11.000
CT	959	6	18	18.000
CT	958	10	27	27.000
CT	957	3	17	17.000
CT	956	8	45	45.000
CT	955	11	57	57.000
CT	954	8	37	37.000
CT	953	11	33	33.000
CT	952	3	12	12.000
CT	951	8	41	41.000
CT	950	7	28	28.000
CT	949	7	33	33.000
CT	948	13	56	56.000
CT	947	7	38	38.000
CT	946	8	37	37.000
CT	945	4	12	12.000
CT	944	11	62	62.000
CT	943	12	55	55.000
CT	942	4	25	25.000
CT	941	5	23	23.000
CT	940	5	18	18.000
CT	939	8	47	47.000
CT	938	10	39	39.000
CT	937	9	42	42.000
CT	936	3	11	11.000
CT	935	6	24	24.000
CT	934	5	24	24.000
CT	933	4	0	0.000
CT	932	4	23	23.000
CT	931	9	38	38.000
CT	930	4	23	23.000
CT	929	6	21	21.000
CT	928	2	5	5.000
CT	927	6	18	18.000
CT	926	7	24	24.000
CT	925	2	12	12.000
CT	924	4	22	22.000
CT	923	2	12	12.000
CT	922	8	35	35.000
CT	921	2	12	12.000
CT	920	10	54	54.000
CT	919	4	22	22.000
CT	918	8	36	36.000
CT	917	5	29	29.000
CT	916	7	29	29.000
CT	915	5	22	22.000
CT	914	5	22	22.000
CT	913	10	53	53.000
CT	912	7	36	36.000
CT	911	4	24	24.000
CT	910	12	65	65.000
CT	909	11	51	51.000
CT	908	6	29	29.000
CT	907	5	21	21.000
CT	906	6	33	33.000
CT	905	6	32	32.000
CT	904	4	25	25.000
CT	903	5	22	22.000
CT	902	8	36	36.000
CT	901	5	29	29.000
CT	900	12	70	70.000
CT	899	5	20	20.000
CT	898	5	28	28.000
CT	897	5	13	13.000
CT	896	11	53	53.000
CT	895	10	59	59.000
CT	894	9	42	42.000
CT	893	6	26	26.000
CT	892	7	40	40.000
CT	891	8	39	39.000
CT	890	4	14	14.000
CT	889	3	10	10.000
CT	888	12	55	55.000
CT	887	7	29	29.000
CT	886	17	77	77.000
CT	885	9	25	25.000
CT	884	9	40	40.000
CT	883	8	31	31.000
CT	882	6	33	33.000
CT	881	6	22	22.000
CT	880	6	22	22.000
CT	879	4	17	17.000
CT	878	9	31	31.000
CT	877	5	26	26.000
CT	876	5	11	11.000
CT	875	7	18	18.000
CT	874	7	33	33.000
CT	873	3	14	14.000
CT	872	9	25	25.000
CT	871	3	11	11.000
CT	870	5	21	21.000
CT	869	8	36	36.000
CT	868	9	39	39.000
CT	867	10	44	44.000
CT	866	4	24	24.000
CT	865	9	43	43.000
CT	864	4	16	16.000
CT	863	10	50	50.000
CT	862	7	31	31.000
CT	861	14	74	74.000
CT	860	12	50	50.000
CT	859	5	21	21.000
CT	858	13	67	67.000
CT	857	8	44	44.000
CT	856	8	39	39.000
CT	855	7	41	41.000
CT	854	16	60	60.000
CT	853	12	69	69.000
CT	852	9	30	30.000
CT	851	7	30	30.000
CT	850	7	39	39.000
CT	849	18	73	73.000
CT	848	14	58	58.000
CT	847	5	14	14.000
CT	846	10	43	43.000
CT	845	10	42	42.000
CT	844	9	28	28.000
CT	843	8	30	30.000
CT	842	14	61	61.000
CT	841	10	39	39.000
CT	840	8	50	50.000
CT	839	8	25	25.000
CT	838	4	17	17.000
CT	837	11	31	31.000
CT	836	15	66	66.000
CT	835	8	27	27.000
CT	834	6	19	19.000
CT	833	5	11	11.000
CT	832	5	27	27.000
CT	831	3	10	10.000
CT	830	5	21	21.000
CT	829	4	12	12.000
CT	828	5	22	22.000
CT	827	2	0	0.000
CT	826	4	6	6.000
CT	825	8	30	30.000
CT	824	6	22	22.000
CT	823	3	11	11.000
CT	822	6	26	26.000
CT	821	7	35	35.000
CT	820	8	30	30.000
CT	819	5	27	27.000
CT	818	7	42	42.000
CT	817	6	32	32.000
CT	816	7	32	32.000
CT	815	9	54	54.000
CT	814	13	59	59.000
CT	813	9	51	51.000
CT	812	8	48	48.000
CT	811	14	69	69.000
CT	810	8	45	45.000
CT	809	8	44	44.000
CT	808	9	41	41.000
CT	807	6	26	26.000
CT	806	10	46	46.000
CT	805	6	28	28.000
CT	804	10	43	43.000
CT	803	4	21	21.000
CT	802	6	45	45.000
CT	801	8	37	37.000
CT	800	9	41	41.000
CT	799	7	47	47.000
CT	798	5	22	22.000
CT	797	3	14	14.000
CT	796	9	39	39.000
CT	795	7	52	52.000
CT	794	7	40	40.000
CT	793	12	59	59.000
CT	792	4	23	23.000
CT	791	8	50	50.000
CT	790	4	15	15.000
CT	789	3	16	16.000
CT	788	6	16	16.000
CT	787	7	34	34.000
CT	786	5	27	27.000
CT	785	6	31	31.000
CT	784	6	29	29.000
CT	783	5	31	31.000
CT	782	6	24	24.000
CT	781	11	57	57.000
CT	780	11	62	62.000
CT	779	7	25	25.000
CT	778	5	10	10.000
CT	777	4	15	15.000
CT	776	7	36	36.000
CT	775	9	37	37.000
CT	774	10	58	58.000
CT	773	10	38	38.000
CT	772	2	6	6.000
CT	771	4	19	19.000
CT	770	10	51	51.000
CT	769	4	24	24.000
CT	768	5	21	21.000
CT	767	6	27	27.000
CT	766	14	66	66.000
CT	765	10	48	48.000
CT	764	8	32	32.000
CT	763	10	51	51.000
CT	762	2	15	15.000
CT	761	8	37	37.000
CT	760	8	29	29.000
CT	759	10	46	46.000
CT	758	9	47	47.000
CT	757	8	27	27.000
CT	756	9	43	43.000
CT	755	8	32	32.000
CT	754	10	55	55.000
CT	753	9	38	38.000
CT	752	11	48	48.000
CT	751	8	40	40.000
CT	750	10	42	42.000
CT	749	3	10	10.000
CT	748	14	84	84.000
CT	747	8	31	31.000
CT	746	8	20	20.000
CT	745	8	39	39.000
CT	744	13	71	71.000
CT	743	4	19	19.000
CT	742	7	24	24.000
CT	741	7	30	30.000
CT	740	8	23	23.000
CT	739	10	35	35.000
CT	738	15	59	59.000
CT	737	7	13	13.000
CT	736	6	18	18.000
CT	735	12	33	33.000
CT	734	5	27	27.000
CT	733	10	48	48.000
CT	732	4	19	19.000
CT	731	10	48	48.000
CT	730	11	50	50.000
CT	729	6	25	25.000
CT	728	10	27	27.000
CT	727	11	24	24.000
CT	726	6	27	27.000
CT	725	7	22	22.000
CT	724	11	27	27.000
CT	723	8	32	32.000
CT	722	3	13	13.000
CT	721	6	27	27.000
CT	720	3	12	12.000
CT	719	5	15	15.000
CT	718	5	19	19.000
CT	717	10	29	29.000
CT	716	9	46	46.000
CT	715	10	24	24.000
CT	714	7	18	18.000
CT	713	11	43	43.000
CT	712	8	34	34.000
CT	711	12	37	37.000
CT	710	17	76	76.000
CT	709	9	26	26.000
CT	708	15	59	59.000
CT	707	13	45	45.000
CT	706	5	24	24.000
CT	705	13	47	47.000
CT	704	16	58	58.000
CT	703	16	72	72.000
CT	702	15	51	51.000
CT	701	9	26	26.000
CT	700	17	62	62.000
CT	699	10	37	37.000
CT	698	11	44	44.000
CT	697	8	27	27.000
CT	696	10	45	45.000
CT	695	16	60	60.000
CT	694	7	26	26.000
CT	693	10	33	33.000
CT	692	11	43	43.000
CT	691	11	37	37.000
CT	690	10	32	32.000
CT	689	8	31	31.000
CT	688	12	47	47.000
CT	687	8	30	30.000
CT	686	16	68	68.000
CT	685	12	37	37.000
CT	684	11	43	43.000
CT	683	5	21	21.000
CT	682	9	41	41.000
CT	681	14	61	61.000
CT	680	14	48	48.000
CT	679	13	46	46.000
CT	678	10	36	36.000
CT	677	17	62	62.000
CT	676	10	34	34.000
CT	675	10	33	33.000
CT	674	11	43	43.000
CT	673	12	44	44.000
CT	672	5	19	19.000
CT	671	12	44	44.000
CT	670	16	58	58.000
CT	669	9	31	31.000
CT	668	17	60	60.000
CT	667	14	46	46.000
CT	666	15	59	59.000
CT	665	9	37	37.000
CT	664	17	47	47.000
CT	663	14	44	44.000
CT	662	9	37	37.000
CT	661	10	31	31.000
CT	660	11	32	32.000
CT	659	15	71	71.000
CT	658	12	40	40.000
CT	657	17	63	63.000
CT	656	15	45	45.000
CT	655	14	57	57.000
CT	654	12	54	54.000
CT	653	10	41	41.000
CT	652	11	30	30.000
CT	651	14	40	40.000
CT	650	12	63	63.000
CT	649	8	27	27.000
CT	648	15	37	37.000
CT	647	8	25	25.000
CT	646	12	37	37.000
CT	645	8	21	21.000
CT	644	13	36	36.000
CT	643	14	48	48.000
CT	642	20	66	66.000
CT	641	14	53	53.000
CT	640	9	29	29.000
CT	639	8	26	26.000
CT	638	15	53	53.000
CT	637	21	74	74.000
CT	636	12	47	47.000
CT	635	17	60	60.000
CT	634	20	65	65.000
CT	633	13	39	39.000
CT	632	16	52	52.000
CT	631	15	45	45.000
CT	630	10	29	29.000
CT	629	11	29	29.000
CT	628	11	33	33.000
CT	627	13	50	50.000
CT	626	20	71	71.000
CT	625	12	43	43.000
CT	624	18	63	63.000
CT	623	18	56	56.000
CT	622	16	52	52.000
CT	621	22	68	68.000
CT	620	22	76	76.000
CT	619	20	72	72.000
CT	618	9	30	30.000
CT	617	22	69	69.000
CT	616	23	74	74.000
CT	615	18	68	68.000
CT	614	30	104	104.000
CT	613	26	78	78.000
CT	612	15	45	45.000
CT	611	17	56	56.000
CT	610	21	66	66.000
CT	609	21	76	76.000
CT	608	19	64	64.000
CT	607	29	96	96.000
CT	606	15	43	43.000
CT	605	26	84	84.000
CT	604	29	104	104.000
CT	603	27	91	91.000
CT	602	12	38	38.000
CT	601	26	91	91.000
CT	600	23	94	94.000
CT	599	19	52	52.000
CT	598	16	51	51.000
CT	597	22	82	82.000
CT	596	14	50	50.000
CT	595	19	64	64.000
CT	594	20	70	70.000
CT	593	26	90	90.000
CT	592	17	53	53.000
CT	591	19	76	76.000
CT	590	22	70	70.000
CT	589	16	55	55.000
CT	588	21	60	60.000
CT	587	13	45	45.000
CT	586	19	69	69.000
CT	585	10	41	41.000
CT	584	13	36	36.000
CT	583	12	37	37.000
CT	582	19	56	56.000
CT	581	15	50	50.000
CT	580	26	74	74.000
CT	579	11	39	39.000
CT	578	11	39	39.000
CT	577	16	56	56.000
CT	576	16	52	52.000
CT	575	10	32	32.000
CT	574	16	48	48.000
CT	573	11	38	38.000
CT	572	7	25	25.000
CT	571	10	30	30.000
CT	570	10	26	26.000
CT	569	21	54	54.000
CT	568	11	40	40.000
CT	567	20	58	58.000
CT	566	19	60	60.000
CT	565	17	46	46.000
CT	564	16	49	49.000
CT	563	12	41	41.000
CT	562	13	36	36.000
CT	561	14	36	36.000
CT	560	14	45	45.000
CT	559	16	56	56.000
CT	558	15	43	43.000
CT	557	19	66	66.000
CT	556	17	52	52.000
CT	555	22	62	62.000
CT	554	26	87	87.000
CT	553	23	81	81.000
CT	552	28	90	90.000
CT	551	19	50	50.000
CT	550	29	91	91.000
CT	549	18	60	60.000
CT	548	29	88	88.000
CT	547	36	113	113.000
CT	546	26	67	67.000
CT	545	19	68	68.000
CT	544	17	51	51.000
CT	543	30	96	96.000
CT	542	32	102	102.000
CT	541	37	122	122.000
CT	540	29	105	105.000
CT	539	35	115	115.000
CT	538	20	64	64.000
CT	537	22	73	73.000
CT	536	17	55	55.000
CT	535	26	84	84.000
CT	534	12	41	41.000
CT	533	19	58	58.000
CT	532	26	84	84.000
CT	531	17	55	55.000
CT	530	14	46	46.000
CT	529	25	82	82.000
CT	528	21	62	62.000
CT	527	19	46	46.000
CT	526	18	62	62.000
CT	525	20	68	68.000
CT	524	19	56	56.000
CT	523	23	73	73.000
CT	522	28	82	82.000
CT	521	26	69	69.000
CT	520	27	77	77.000
CT	519	26	83	83.000
CT	518	18	49	49.000
CT	517	19	46	46.000
CT	516	21	58	58.000
CT	515	21	55	55.000
CT	514	20	58	58.000
CT	513	17	55	55.000
CT	512	16	49	49.000
CT	511	17	43	43.000
CT	510	19	49	49.000
CT	509	15	39	39.000
CT	508	34	125	125.000
CT	507	21	67	67.000
CT	506	36	99	99.000
CT	505	35	119	119.000
CT	504	33	85	85.000
CT	503	43	118	118.000
CT	502	42	109	109.000
CT	501	27	77	77.000
CT	500	32	94	94.000
CT	499	31	87	87.000
CT	498	33	101	101.000
CT	497	30	80	80.000
CT	496	29	72	72.000
CT	495	43	111	111.000
CT	494	36	102	102.000
CT	493	34	91	91.000
CT	492	43	112	112.000
CT	491	39	112	112.000
CT	490	43	113	113.000
CT	489	34	104	104.000
CT	488	47	130	130.000
CT	487	53	139	139.000
CT	486	38	116	116.000
CT	485	43	129	129.000
CT	484	41	117	117.000
CT	483	35	117	117.000
CT	482	63	145	145.000
CT	481	51	160	160.000
CT	480	37	96	96.000
CT	479	56	177	177.000
CT	478	40	105	105.000
CT	477	49	148	148.000
CT	476	55	144	144.000
CT	475	55	127	127.000
CT	474	48	123	123.000
CT	473	55	130	130.000
CT	472	41	84	84.000
CT	471	68	168	168.000
CT	470	65	159	159.000
CT	469	52	122	122.000
CT	468	71	153	153.000
CT	467	61	142	142.000
CT	466	75	187	187.000
CT	465	74	177	177.000
CT	464	60	151	151.000
CT	463	68	180	180.000
CT	462	58	144	144.000
CT	461	54	138	138.000
CT	460	56	128	128.000
CT	459	52	117	117.000
CT	458	66	160	160.000
CT	457	47	110	110.000
CT	456	40	96	96.000
CT	455	50	117	117.000
CT	454	51	121	121.000
CT	453	38	100	100.000
CT	452	50	114	114.000
CT	451	46	103	103.000
CT	450	53	121	121.000
CT	449	55	128	128.000
CT	448	57	137	137.000
CT	447	59	136	136.000
CT	446	49	121	121.000
CT	445	49	128	128.000
CT	444	46	124	124.000
CT	443	43	114	114.000
CT	442	48	115	115.000
CT	441	53	127	127.000
CT	440	55	130	130.000
CT	439	48	105	105.000
CT	438	52	117	117.000
CT	437	77	177	177.000
CT	436	73	172	172.000
CT	435	71	149	149.000
CT	434	63	143	143.000
CT	433	74	155	155.000
CT	432	88	181	181.000
CT	431	74	178	178.000
CT	430	68	137	137.000
CT	429	66	144	144.000
CT	428	65	137	137.000
CT	427	76	156	156.000
CT	426	74	154	154.000
CT	425	72	155	155.000
CT	424	78	167	167.000
CT	423	112	242	242.000
CT	422	98	200	200.000
CT	421	89	183	183.000
CT	420	110	236	236.000
CT	419	101	223	223.000
CT	418	107	229	229.000
CT	417	83	172	172.000
CT	416	107	226	226.000
CT	415	103	223	223.000
CT	414	100	211	211.000
CT	413	97	204	204.000
CT	412	95	186	186.000
CT	411	105	211	211.000
CT	410	97	200	200.000
CT	409	112	222	222.000
CT	408	103	188	188.000
CT	407	98	183	183.000
CT	406	126	219	219.000
CT	405	100	191	191.000
CT	404	114	194	194.000
CT	403	121	223	223.000
CT	402	100	171	171.000
CT	401	127	229	229.000
CT	400	125	216	216.000
CT	399	133	241	241.000
CT	398	118	209	209.000
CT	397	114	201	201.000
CT	396	130	219	219.000
CT	395	105	177	177.000
CT	394	113	186	186.000
CT	393	135	234	234.000
CT	392	135	233	233.000
CT	391	138	231	231.000
CT	390	126	218	218.000
CT	389	156	250	250.000
CT	388	145	245	245.000
CT	387	181	318	318.000
CT	386	160	261	261.000
CT	385	180	294	294.000
CT	384	170	288	288.000
CT	383	156	266	266.000
CT	382	177	284	284.000
CT	381	165	273	273.000
CT	380	173	299	299.000
CT	379	171	284	284.000
CT	378	189	296	296.000
CT	377	167	257	257.000
CT	376	179	287	287.000
CT	375	182	285	285.000
CT	374	198	311	311.000
CT	373	207	313	313.000
CT	372	206	320	320.000
CT	371	188	273	273.000
CT	370	201	304	304.000
CT	369	231	337	337.000
CT	368	170	242	242.000
CT	367	237	343	343.000
CT	366	227	347	347.000
CT	365	232	335	335.000
CT	364	185	266	266.000
CT	363	212	309	309.000
CT	362	251	368	368.000
CT	361	219	294	294.000
CT	360	272	384	384.000
CT	359	236	334	334.000
CT	358	264	359	359.000
CT	357	256	359	359.000
CT	356	259	361	361.000
CT	355	279	384	384.000
CT	354	271	383	383.000
CT	353	294	411	411.000
CT	352	297	406	406.000
CT	351	267	370	370.000
CT	350	319	414	414.000
CT	349	346	464	464.000
CT	348	343	449	449.000
CT	347	366	485	485.000
CT	346	365	479	479.000
CT	345	365	447	447.000
CT	344	397	510	510.000
CT	343	431	542	542.000
CT	342	432	533	533.000
CT	341	425	530	530.000
CT	340	438	551	551.000
CT	339	481	597	597.000
CT	338	511	624	624.000
CT	337	502	606	606.000
CT	336	538	637	637.000
CT	335	619	723	723.000
CT	334	593	726	726.000
CT	333	681	800	800.000
CT	332	626	747	747.000
CT	331	678	787	787.000
CT	330	700	807	807.000
CT	329	767	890	890.000
CT	328	749	859	859.000
CT	327	717	819	819.000
CT	326	836	949	949.000
CT	325	894	1013	1013.000
CT	324	841	971	971.000
CT	323	846	937	937.000
CT	322	869	980	980.000
CT	321	860	990	990.000
CT	320	955	1074	1074.000
CT	319	1010	1129	1129.000
CT	318	984	1097	1097.000
CT	317	1076	1220	1220.000
CT	316	1127	1265	1265.000
CT	315	1186	1311	1311.000
CT	314	1227	1351	1351.000
CT	313	1363	1478	1478.000
CT	312	1413	1542	1542.000
CT	311	1379	1477	1477.000
CT	310	1439	1565	1565.000
CT	309	1517	1648	1648.000
CT	308	1591	1706	1706.000
CT	307	1701	1826	1826.000
CT	306	1676	1804	1804.000
CT	305	1739	1870	1870.000
CT	304	1846	1980	1980.000
CT	303	1858	1968	1968.000
CT	302	1999	2110	2110.000
CT	301	2135	2242	2242.000
CT	300	2134	2256	2256.000
CT	299	2158	2256	2256.000
CT	298	2342	2493	2493.000
CT	297	2295	2403	2403.000
CT	296	2484	2598	2598.000
CT	295	2558	2674	2674.000
CT	294	2677	2799	2799.000
CT	293	2803	2916	2916.000
CT	292	2906	3025	3025.000
CT	291	3012	3141	3141.000
CT	290	2988	3118	3118.000
CT	289	3149	3260	3260.000
CT	288	3195	3313	3313.000
CT	287	3334	3448	3448.000
CT	286	3424	3525	3525.000
CT	285	3655	3765	3765.000
CT	284	3678	3768	3768.000
CT	283	3851	3950	3950.000
CT	282	4031	4130	4130.000
CT	281	4109	4206	4206.000
CT	280	4196	4303	4303.000
CT	279	4355	4449	4449.000
CT	278	4640	4747	4747.000
CT	277	4768	4868	4868.000
CT	276	5086	5191	5191.000
CT	275	5137	5231	5231.000
CT	274	5215	5313	5313.000
CT	273	5657	5745	5745.000
CT	272	5728	5823	5823.000
CT	271	5954	6070	6070.000
CT	270	6218	6317	6317.000
CT	269	6216	6297	6297.000
CT	268	6490	6581	6581.000
CT	267	6592	6697	6697.000
CT	266	6851	6941	6941.000
CT	265	7273	7369	7369.000
CT	264	7338	7428	7428.000
CT	263	7762	7848	7848.000
CT	262	7796	7875	7875.000
CT	261	8304	8394	8394.000
CT	260	8463	8540	8540.000
CT	259	8716	8808	8808.000
CT	258	8929	9012	9012.000
CT	257	9215	9306	9306.000
CT	256	9167	9264	9264.000
CT	255	9768	9861	9861.000
CT	254	9964	10060	10060.000
CT	253	10291	10392	10392.000
CT	252	10837	10948	10948.000
CT	251	11181	11294	11294.000
CT	250	11496	11598	11598.000
CT	249	11812	11909	11909.000
CT	248	12247	12332	12332.000
CT	247	12607	12695	12695.000
CT	246	12862	12937	12937.000
CT	245	13446	13525	13525.000
CT	244	13624	13701	13701.000
CT	243	14012	14094	14094.000
CT	242	14875	14970	14970.000
CT	241	15129	15232	15232.000
CT	240	15557	15661	15661.000
CT	239	15964	16078	16078.000
CT	238	16338	16432	16432.000
CT	237	17103	17200	17200.000
CT	236	17360	17442	17442.000
CT	235	17937	18034	18034.000
CT	234	18066	18143	18143.000
CT	233	18912	19009	19009.000
CT	232	19454	19541	19541.000
CT	231	19917	20005	20005.000
CT	230	20557	20627	20627.000
CT	229	21310	21395	21395.000
CT	228	22201	22278	22278.000
CT	227	22530	22624	22624.000
CT	226	23470	23549	23549.000
CT	225	23836	23915	23915.000
CT	224	24289	24356	24356.000
CT	223	24858	24923	24923.000
CT	222	25424	25478	25478.000
CT	221	26192	26271	26271.000
CT	220	26901	26970	26970.000
CT	219	27074	27142	27142.000
CT	218	27932	27998	27998.000
CT	217	28462	28527	28527.000
CT	216	28861	28897	28897.000
CT	215	29269	29323	29323.000
CT	214	29877	29930	29930.000
CT	213	30288	30328	30328.000
CT	212	31023	31054	31054.000
CT	211	31732	31782	31782.000
CT	210	32375	32426	32426.000
CT	209	32835	32890	32890.000
CT	208	33845	33886	33886.000
CT	207	33942	33977	33977.000
CT	206	34864	34916	34916.000
CT	205	35437	35495	35495.000
CT	204	35861	35910	35910.000
CT	203	36822	36871	36871.000
CT	202	37347	37403	37403.000
CT	201	37802	37836	37836.000
CT	200	38871	38908	38908.000
CT	199	39623	39659	39659.000
CT	198	39912	39945	39945.000
CT	197	40886	40893	40893.000
CT	196	41514	41534	41534.000
CT	195	42095	42129	42129.000
CT	194	42590	42617	42617.000
CT	193	43434	43468	43468.000
CT	192	44643	44652	44652.000
CT	191	44730	44739	44739.000
CT	190	45323	45345	45345.000
CT	189	45687	45719	45719.000
CT	188	46224	46246	46246.000
CT	187	46589	46614	46614.000
CT	186	46715	46733	46733.000
CT	185	47297	47316	47316.000
CT	184	48218	48245	48245.000
CT	183	48963	48987	48987.000
CT	182	49640	49668	49668.000
CT	181	49940	49975	49975.000
CT	180	50388	50425	50425.000
CT	179	50767	50799	50799.000
CT	178	51172	51195	51195.000
CT	177	51366	51398	51398.000
CT	176	51548	51582	51582.000
CT	175	51777	51811	51811.000
CT	174	51729	51767	51767.000
CT	173	51776	51796	51796.000
CT	172	52289	52316	52316.000
CT	171	52914	52930	52930.000
CT	170	52816	52829	52829.000
CT	169	53284	53301	53301.000
CT	168	53368	53385	53385.000
CT	167	53190	53213	53213.000
CT	166	53580	53620	53620.000
CT	165	53514	53535	53535.000
CT	164	53016	53034	53034.000
CT	163	53258	53285	53285.000
CT	162	52656	52670	52670.000
CT	161	52849	52867	52867.000
CT	160	52508	52534	52534.000
CT	159	52342	52364	52364.000
CT	158	51470	51490	51490.000
CT	157	51490	51503	51503.000
CT	156	51233	51250	51250.000
CT	155	50936	50952	50952.000
CT	154	50593	50606	50606.000
CT	153	50595	50613	50613.000
CT	152	50500	50515	50515.000
CT	151	49553	49574	49574.000
CT	150	49293	49308	49308.000
CT	149	48138	48144	48144.000
CT	148	47009	47021	47021.000
CT	147	46622	46641	46641.000
CT	146	46374	46394	46394.000
CT	145	45652	45654	45654.000
CT	144	45452	45458	45458.000
CT	143	44593	44618	44618.000
CT	142	44176	44180	44180.000
CT	141	43394	43392	43392.000
CT	140	42076	42067	42067.000
CT	139	42039	42049	42049.000
CT	138	41251	41250	41250.000
CT	137	40780	40774	40774.000
CT	136	40035	40041	40041.000
CT	135	39203	39206	39206.000
CT	134	38065	38082	38082.000
CT	133	37118	37124	37124.000
CT	132	36612	36607	36607.000
CT	131	35461	35474	35474.000
CT	130	35187	35197	35197.000
CT	129	34726	34734	34734.000
CT	128	34044	34039	34039.000
CT	127	33308	33299	33299.000
CT	126	32333	32324	32324.000
CT	125	31239	31226	31226.000
CT	124	30436	30423	30423.000
CT	123	29464	29455	29455.000
CT	122	28971	28974	28974.000
CT	121	27742	27738	27738.000
CT	120	27163	27155	27155.000
CT	119	26294	26285	26285.000
CT	118	25380	25373	25373.000
CT	117	24571	24547	24547.000
CT	116	23717	23710	23710.000
CT	115	22950	22941	22941.000
CT	114	21678	21681	21681.000
CT	113	21179	21179	21179.000
CT	112	20620	20636	20636.000
CT	111	19450	19439	19439.000
CT	110	18886	18873	18873.000
CT	109	18484	18467	18467.000
CT	108	17797	17778	17778.000
CT	107	16843	16828	16828.000
CT	106	16045	16019	16019.000
CT	105	15172	15144	15144.000
CT	104	14660	14639	14639.000
CT	103	14267	14257	14257.000
CT	102	13604	13587	13587.000
CT	101	13124	13117	13117.000
CT	100	12411	12393	12393.000
CT	99	11853	11821	11821.000
CT	98	11259	11238	11238.000
CT	97	10610	10599	10599.000
CT	96	10006	9989	9989.000
CT	95	9759	9748	9748.000
CT	94	9071	9041	9041.000
CT	93	8451	8422	8422.000
CT	92	8052	8028	8028.000
CT	91	7763	7735	7735.000
CT	90	7259	7253	7253.000
CT	89	6902	6889	6889.000
CT	88	6586	6562	6562.000
CT	87	6344	6330	6330.000
CT	86	5838	5818	5818.000
CT	85	5542	5518	5518.000
CT	84	5402	5372	5372.000
CT	83	4857	4809	4809.000
CT	82	4562	4508	4508.000
CT	81	4346	4310	4310.000
CT	80	4126	4071	4071.000
CT	79	3873	3825	3825.000
CT	78	3795	3732	3732.000
CT	77	3474	3435	3435.000
CT	76	3187	3164	3164.000
CT	75	3002	2968	2968.000
CT	74	2681	2628	2628.000
CT	73	2555	2501	2501.000
CT	72	2289	2251	2251.000
CT	71	2094	2053	2053.000
CT	70	1967	1929	1929.000
CT	69	1860	1818	1818.000
CT	68	1710	1651	1651.000
CT	67	1516	1460	1460.000
CT	66	1422	1367	1367.000
CT	65	1351	1294	1294.000
CT	64	1192	1124	1124.000
CT	63	1127	1051	1051.000
CT	62	1112	1035	1035.000
CT	61	1109	1010	1010.000
CT	60	994	919	919.000
CT	59	951	851	851.000
CT	58	873	795	795.000
CT	57	723	634	634.000
CT	56	708	615	615.000
CT	55	655	558	558.000
CT	54	669	566	566.000
CT	53	628	538	538.000
CT	52	605	493	493.000
CT	51	578	464	464.000
CT	50	501	377	377.000
CT	49	443	325	325.000
CT	48	496	352	352.000
CT	47	455	293	293.000
CT	46	518	276	276.000
CT	45	463	298	298.000
CT	44	451	269	269.000
CT	43	443	226	226.000
CT	42	517	242	242.000
CT	41	575	248	248.000
CT	40	549	230	230.000
CT	39	599	218	218.000
CT	38	702	269	269.000
CT	37	741	208	208.000
CT	36	740	215	215.000
CT	35	790	184	184.000
CT	34	921	224	224.000
CT	33	1025	225	225.000
CT	32	1034	213	213.000
CT	31	1254	178	178.000
CT	30	1613	211	211.000
CT	29	1911	208	208.000
CT	28	2202	245	245.000
CT	27	2367	210	210.000
CT	26	2762	163	163.000
CT	25	3190	169	169.000
CT	24	3457	146	146.000
CT	23	4370	149	149.000
CT	22	5464	146	146.000
CT	21	6465	155	155.000
CT	20	7555	139	139.000
CT	19	9282	134	134.000
CT	18	11542	170	169.999
CT	17	14481	175	174.999
CT	16	17605	138	137.999
CT	15	21556	122	121.999
CT	14	27000	141	140.999
CT	13	33742	83	82.998
CT	12	42637	90	89.998
CT	11	54833	98	97.997
CT	10	70410	78	77.996
CT	9	94407	39	38.995
CT	8	131476	44	43.993
CT	7	188147	21	20.990
CT	6	281877	20	19.985
CT	5	475385	16	15.975
CT	4	929404	21	20.951
CT	3	2358037	14	13.874
CT	2	9391847	1	0.500
CT	1	0	0	0.016
CT	0	0	770	0.000
FR	0	1.06e-07
ER	5880400	770.740
CV	1.001
QV	53.742	53.738
