HS	1023	0	13868	13868
HS	1022	0	5	13873
HS	1021	0	6	13879
HS	1020	0	12	13891
HS	1019	0	5	13896
HS	1018	0	8	13904
HS	1017	0	2	13906
HS	1016	0	6	13912
HS	1015	0	11	13923
HS	1014	0	6	13929
HS	1013	0	4	13933
HS	1012	0	6	13939
HS	1011	0	2	13941
HS	1010	0	6	13947
HS	1009	0	8	13955
HS	1008	0	3	13958
HS	1007	0	3	13961
HS	1006	0	6	13967
HS	1005	0	10	13977
HS	1004	0	10	13987
HS	1003	0	6	13993
HS	1002	0	5	13998
HS	1001	0	1	13999
HS	1000	0	7	14006
HS	999	0	4	14010
HS	998	0	3	14013
HS	997	0	6	14019
HS	996	0	10	14029
HS	995	0	6	14035
HS	994	0	5	14040
HS	993	0	16	14056
HS	992	0	7	14063
HS	991	0	12	14075
HS	990	0	6	14081
HS	989	0	4	14085
HS	988	0	9	14094
HS	987	0	10	14104
HS	986	0	6	14110
HS	985	0	6	14116
HS	984	0	7	14123
HS	983	0	2	14125
HS	982	0	4	14129
HS	981	0	8	14137
HS	980	0	1	14138
HS	979	0	0	14138
HS	978	0	7	14145
HS	977	0	7	14152
HS	976	0	9	14161
HS	975	0	8	14169
HS	974	0	4	14173
HS	973	0	8	14181
HS	972	0	5	14186
HS	971	0	6	14192
HS	970	0	6	14198
HS	969	0	12	14210
HS	968	0	9	14219
HS	967	0	6	14225
HS	966	0	7	14232
HS	965	0	7	14239
HS	964	0	4	14243
HS	963	0	5	14248
HS	962	0	5	14253
HS	961	0	8	14261
HS	960	0	2	14263
HS	959	0	6	14269
HS	958	0	10	14279
HS	957	0	3	14282
HS	956	0	8	14290
HS	955	0	11	14301
HS	954	0	8	14309
HS	953	0	11	14320
HS	952	0	3	14323
HS	951	0	8	14331
HS	950	0	7	14338
HS	949	0	7	14345
HS	948	0	13	14358
HS	947	0	7	14365
HS	946	0	8	14373
HS	945	0	4	14377
HS	944	0	11	14388
HS	943	0	12	14400
HS	942	0	4	14404
HS	941	0	5	14409
HS	940	0	5	14414
HS	939	0	8	14422
HS	938	0	10	14432
HS	937	0	9	14441
HS	936	0	3	14444
HS	935	0	6	14450
HS	934	0	5	14455
HS	933	0	4	14459
HS	932	0	4	14463
HS	931	0	9	14472
HS	930	0	4	14476
HS	929	0	6	14482
HS	928	0	2	14484
HS	927	0	6	14490
HS	926	0	7	14497
HS	925	0	2	14499
HS	924	0	4	14503
HS	923	0	2	14505
HS	922	0	8	14513
HS	921	0	2	14515
HS	920	0	10	14525
HS	919	0	4	14529
HS	918	0	8	14537
HS	917	0	5	14542
HS	916	0	7	14549
HS	915	0	5	14554
HS	914	0	5	14559
HS	913	0	10	14569
HS	912	0	7	14576
HS	911	0	4	14580
HS	910	0	12	14592
HS	909	0	11	14603
HS	908	0	6	14609
HS	907	0	5	14614
HS	906	0	6	14620
HS	905	0	6	14626
HS	904	0	4	14630
HS	903	0	5	14635
HS	902	0	8	14643
HS	901	0	5	14648
HS	900	0	12	14660
HS	899	0	5	14665
HS	898	0	5	14670
HS	897	0	5	14675
HS	896	0	11	14686
HS	895	0	10	14696
HS	894	0	9	14705
HS	893	0	6	14711
HS	892	0	7	14718
HS	891	0	8	14726
HS	890	0	4	14730
HS	889	0	3	14733
HS	888	0	12	14745
HS	887	0	7	14752
HS	886	0	17	14769
HS	885	0	9	14778
HS	884	0	9	14787
HS	883	0	8	14795
HS	882	0	6	14801
HS	881	0	6	14807
HS	880	0	6	14813
HS	879	0	4	14817
HS	878	0	9	14826
HS	877	0	5	14831
HS	876	0	5	14836
HS	875	0	7	14843
HS	874	0	7	14850
HS	873	0	3	14853
HS	872	0	9	14862
HS	871	0	3	14865
HS	870	0	5	14870
HS	869	0	8	14878
HS	868	0	9	14887
HS	867	0	10	14897
HS	866	0	4	14901
HS	865	0	9	14910
HS	864	0	4	14914
HS	863	0	10	14924
HS	862	0	7	14931
HS	861	0	14	14945
HS	860	0	12	14957
HS	859	0	5	14962
HS	858	0	13	14975
HS	857	0	8	14983
HS	856	0	8	14991
HS	855	0	7	14998
HS	854	0	16	15014
HS	853	0	12	15026
HS	852	0	9	15035
HS	851	0	7	15042
HS	850	0	7	15049
HS	849	0	18	15067
HS	848	0	14	15081
HS	847	0	5	15086
HS	846	0	10	15096
HS	845	0	10	15106
HS	844	0	9	15115
HS	843	0	8	15123
HS	842	0	14	15137
HS	841	0	10	15147
HS	840	0	8	15155
HS	839	0	8	15163
HS	838	0	4	15167
HS	837	0	11	15178
HS	836	0	15	15193
HS	835	0	8	15201
HS	834	0	6	15207
HS	833	0	5	15212
HS	832	0	5	15217
HS	831	0	3	15220
HS	830	0	5	15225
HS	829	0	4	15229
HS	828	0	5	15234
HS	827	0	2	15236
HS	826	0	4	15240
HS	825	0	8	15248
HS	824	0	6	15254
HS	823	0	3	15257
HS	822	0	6	15263
HS	821	0	7	15270
HS	820	0	8	15278
HS	819	0	5	15283
HS	818	0	7	15290
HS	817	0	6	15296
HS	816	0	7	15303
HS	815	0	9	15312
HS	814	0	13	15325
HS	813	0	9	15334
HS	812	0	8	15342
HS	811	0	14	15356
HS	810	0	8	15364
HS	809	0	8	15372
HS	808	0	9	15381
HS	807	0	6	15387
HS	806	0	10	15397
HS	805	0	6	15403
HS	804	0	10	15413
HS	803	0	4	15417
HS	802	0	6	15423
HS	801	0	8	15431
HS	800	0	9	15440
HS	799	0	7	15447
HS	798	0	5	15452
HS	797	0	3	15455
HS	796	0	9	15464
HS	795	0	7	15471
HS	794	0	7	15478
HS	793	0	12	15490
HS	792	0	4	15494
HS	791	0	8	15502
HS	790	0	4	15506
HS	789	0	3	15509
HS	788	0	6	15515
HS	787	0	7	15522
HS	786	0	5	15527
HS	785	0	6	15533
HS	784	0	6	15539
HS	783	0	5	15544
HS	782	0	6	15550
HS	781	0	11	15561
HS	780	0	11	15572
HS	779	0	7	15579
HS	778	0	5	15584
HS	777	0	4	15588
HS	776	0	7	15595
HS	775	0	9	15604
HS	774	0	10	15614
HS	773	0	10	15624
HS	772	0	2	15626
HS	771	0	4	15630
HS	770	0	10	15640
HS	769	0	4	15644
HS	768	0	5	15649
HS	767	0	6	15655
HS	766	0	14	15669
HS	765	0	10	15679
HS	764	0	8	15687
HS	763	0	10	15697
HS	762	0	2	15699
HS	761	0	8	15707
HS	760	0	8	15715
HS	759	0	10	15725
HS	758	0	9	15734
HS	757	0	8	15742
HS	756	0	9	15751
HS	755	0	8	15759
HS	754	0	10	15769
HS	753	0	9	15778
HS	752	0	11	15789
HS	751	0	8	15797
HS	750	0	10	15807
HS	749	0	3	15810
HS	748	0	14	15824
HS	747	0	8	15832
HS	746	0	8	15840
HS	745	0	8	15848
HS	744	0	13	15861
HS	743	0	4	15865
HS	742	0	7	15872
HS	741	0	7	15879
HS	740	0	8	15887
HS	739	0	10	15897
HS	738	0	15	15912
HS	737	0	7	15919
HS	736	0	6	15925
HS	735	0	12	15937
HS	734	0	5	15942
HS	733	0	10	15952
HS	732	0	4	15956
HS	731	0	10	15966
HS	730	0	11	15977
HS	729	0	6	15983
HS	728	0	10	15993
HS	727	0	11	16004
HS	726	0	6	16010
HS	725	0	7	16017
HS	724	0	11	16028
HS	723	0	8	16036
HS	722	0	3	16039
HS	721	0	6	16045
HS	720	0	3	16048
HS	719	0	5	16053
HS	718	0	5	16058
HS	717	0	10	16068
HS	716	0	9	16077
HS	715	0	10	16087
HS	714	0	7	16094
HS	713	0	11	16105
HS	712	0	8	16113
HS	711	0	12	16125
HS	710	0	17	16142
HS	709	0	9	16151
HS	708	0	15	16166
HS	707	0	13	16179
HS	706	0	5	16184
HS	705	0	13	16197
HS	704	0	16	16213
HS	703	0	16	16229
HS	702	0	15	16244
HS	701	0	9	16253
HS	700	0	17	16270
HS	699	0	10	16280
HS	698	0	11	16291
HS	697	0	8	16299
HS	696	0	10	16309
HS	695	0	16	16325
HS	694	0	7	16332
HS	693	0	10	16342
HS	692	0	11	16353
HS	691	0	11	16364
HS	690	0	10	16374
HS	689	0	8	16382
HS	688	0	12	16394
HS	687	0	8	16402
HS	686	0	16	16418
HS	685	0	12	16430
HS	684	0	11	16441
HS	683	0	5	16446
HS	682	0	9	16455
HS	681	0	14	16469
HS	680	0	14	16483
HS	679	0	13	16496
HS	678	0	10	16506
HS	677	0	17	16523
HS	676	0	10	16533
HS	675	0	10	16543
HS	674	0	11	16554
HS	673	0	12	16566
HS	672	0	5	16571
HS	671	0	12	16583
HS	670	0	16	16599
HS	669	0	9	16608
HS	668	0	17	16625
HS	667	0	14	16639
HS	666	0	15	16654
HS	665	0	9	16663
HS	664	0	17	16680
HS	663	0	14	16694
HS	662	0	9	16703
HS	661	0	10	16713
HS	660	0	11	16724
HS	659	0	15	16739
HS	658	0	12	16751
HS	657	0	17	16768
HS	656	0	15	16783
HS	655	0	14	16797
HS	654	0	12	16809
HS	653	0	10	16819
HS	652	0	11	16830
HS	651	0	14	16844
HS	650	0	12	16856
HS	649	0	8	16864
HS	648	0	15	16879
HS	647	0	8	16887
HS	646	0	12	16899
HS	645	0	8	16907
HS	644	0	13	16920
HS	643	0	14	16934
HS	642	0	20	16954
HS	641	0	14	16968
HS	640	0	9	16977
HS	639	0	8	16985
HS	638	0	15	17000
HS	637	0	21	17021
HS	636	0	12	17033
HS	635	0	17	17050
HS	634	0	20	17070
HS	633	0	13	17083
HS	632	0	16	17099
HS	631	0	15	17114
HS	630	0	10	17124
HS	629	0	11	17135
HS	628	0	11	17146
HS	627	0	13	17159
HS	626	0	20	17179
HS	625	0	12	17191
HS	624	0	18	17209
HS	623	0	18	17227
HS	622	0	16	17243
HS	621	0	22	17265
HS	620	0	22	17287
HS	619	0	20	17307
HS	618	0	9	17316
HS	617	0	22	17338
HS	616	0	23	17361
HS	615	0	18	17379
HS	614	0	30	17409
HS	613	0	26	17435
HS	612	0	15	17450
HS	611	0	17	17467
HS	610	0	21	17488
HS	609	0	21	17509
HS	608	0	19	17528
HS	607	0	29	17557
HS	606	0	15	17572
HS	605	0	26	17598
HS	604	0	29	17627
HS	603	0	27	17654
HS	602	0	12	17666
HS	601	0	26	17692
HS	600	0	23	17715
HS	599	0	19	17734
HS	598	0	16	17750
HS	597	0	22	17772
HS	596	0	14	17786
HS	595	0	19	17805
HS	594	0	20	17825
HS	593	0	26	17851
HS	592	0	17	17868
HS	591	0	19	17887
HS	590	0	22	17909
HS	589	0	16	17925
HS	588	0	21	17946
HS	587	0	13	17959
HS	586	0	19	17978
HS	585	0	10	17988
HS	584	0	13	18001
HS	583	0	12	18013
HS	582	0	19	18032
HS	581	0	15	18047
HS	580	0	26	18073
HS	579	0	11	18084
HS	578	0	11	18095
HS	577	0	16	18111
HS	576	0	16	18127
HS	575	0	10	18137
HS	574	0	16	18153
HS	573	0	11	18164
HS	572	0	7	18171
HS	571	0	10	18181
HS	570	0	10	18191
HS	569	0	21	18212
HS	568	0	11	18223
HS	567	0	20	18243
HS	566	0	19	18262
HS	565	0	17	18279
HS	564	0	16	18295
HS	563	0	12	18307
HS	562	0	13	18320
HS	561	0	14	18334
HS	560	0	14	18348
HS	559	0	16	18364
HS	558	0	15	18379
HS	557	0	19	18398
HS	556	0	17	18415
HS	555	0	22	18437
HS	554	0	26	18463
HS	553	0	23	18486
HS	552	0	28	18514
HS	551	0	19	18533
HS	550	0	29	18562
HS	549	0	18	18580
HS	548	0	29	18609
HS	547	0	36	18645
HS	546	0	26	18671
HS	545	0	19	18690
HS	544	0	17	18707
HS	543	0	30	18737
HS	542	0	32	18769
HS	541	0	37	18806
HS	540	0	29	18835
HS	539	0	35	18870
HS	538	0	20	18890
HS	537	0	22	18912
HS	536	0	17	18929
HS	535	0	26	18955
HS	534	0	12	18967
HS	533	0	19	18986
HS	532	0	26	19012
HS	531	0	17	19029
HS	530	0	14	19043
HS	529	0	25	19068
HS	528	0	21	19089
HS	527	0	19	19108
HS	526	0	18	19126
HS	525	0	20	19146
HS	524	0	19	19165
HS	523	0	23	19188
HS	522	0	28	19216
HS	521	0	26	19242
HS	520	0	27	19269
HS	519	0	26	19295
HS	518	0	18	19313
HS	517	0	19	19332
HS	516	0	21	19353
HS	515	0	21	19374
HS	514	0	20	19394
HS	513	0	17	19411
HS	512	0	16	19427
HS	511	0	17	19444
HS	510	0	19	19463
HS	509	0	15	19478
HS	508	0	34	19512
HS	507	0	21	19533
HS	506	0	36	19569
HS	505	0	35	19604
HS	504	0	33	19637
HS	503	0	43	19680
HS	502	0	42	19722
HS	501	0	27	19749
HS	500	0	32	19781
HS	499	0	31	19812
HS	498	0	33	19845
HS	497	0	30	19875
HS	496	0	29	19904
HS	495	0	43	19947
HS	494	0	36	19983
HS	493	0	34	20017
HS	492	0	43	20060
HS	491	0	39	20099
HS	490	0	43	20142
HS	489	0	34	20176
HS	488	0	47	20223
HS	487	0	53	20276
HS	486	0	38	20314
HS	485	0	43	20357
HS	484	0	41	20398
HS	483	0	35	20433
HS	482	0	63	20496
HS	481	0	51	20547
HS	480	0	37	20584
HS	479	0	56	20640
HS	478	0	40	20680
HS	477	0	49	20729
HS	476	0	55	20784
HS	475	0	55	20839
HS	474	0	48	20887
HS	473	0	55	20942
HS	472	0	41	20983
HS	471	0	68	21051
HS	470	0	65	21116
HS	469	0	52	21168
HS	468	0	71	21239
HS	467	0	61	21300
HS	466	0	75	21375
HS	465	0	74	21449
HS	464	0	60	21509
HS	463	0	68	21577
HS	462	0	58	21635
HS	461	0	54	21689
HS	460	0	56	21745
HS	459	0	52	21797
HS	458	0	66	21863
HS	457	0	47	21910
HS	456	0	40	21950
HS	455	0	50	22000
HS	454	0	51	22051
HS	453	0	38	22089
HS	452	0	50	22139
HS	451	0	46	22185
HS	450	0	53	22238
HS	449	0	55	22293
HS	448	0	57	22350
HS	447	0	59	22409
HS	446	0	49	22458
HS	445	0	49	22507
HS	444	0	46	22553
HS	443	0	43	22596
HS	442	0	48	22644
HS	441	0	53	22697
HS	440	0	55	22752
HS	439	0	48	22800
HS	438	0	52	22852
HS	437	0	77	22929
HS	436	0	73	23002
HS	435	0	71	23073
HS	434	0	63	23136
HS	433	0	74	23210
HS	432	0	88	23298
HS	431	0	74	23372
HS	430	0	68	23440
HS	429	0	66	23506
HS	428	0	65	23571
HS	427	0	76	23647
HS	426	0	74	23721
HS	425	0	72	23793
HS	424	0	78	23871
HS	423	0	112	23983
HS	422	0	98	24081
HS	421	0	89	24170
HS	420	0	110	24280
HS	419	0	101	24381
HS	418	0	107	24488
HS	417	0	83	24571
HS	416	0	107	24678
HS	415	0	103	24781
HS	414	0	100	24881
HS	413	0	97	24978
HS	412	0	95	25073
HS	411	0	105	25178
HS	410	0	97	25275
HS	409	0	112	25387
HS	408	0	103	25490
HS	407	0	98	25588
HS	406	0	126	25714
HS	405	0	100	25814
HS	404	0	114	25928
HS	403	0	121	26049
HS	402	0	100	26149
HS	401	0	127	26276
HS	400	0	125	26401
HS	399	0	133	26534
HS	398	0	118	26652
HS	397	0	114	26766
HS	396	0	130	26896
HS	395	0	105	27001
HS	394	0	113	27114
HS	393	0	135	27249
HS	392	0	135	27384
HS	391	0	138	27522
HS	390	0	126	27648
HS	389	0	156	27804
HS	388	0	145	27949
HS	387	0	181	28130
HS	386	0	160	28290
HS	385	0	180	28470
HS	384	0	170	28640
HS	383	0	156	28796
HS	382	0	177	28973
HS	381	0	165	29138
HS	380	0	173	29311
HS	379	0	171	29482
HS	378	0	189	29671
HS	377	0	167	29838
HS	376	0	179	30017
HS	375	0	182	30199
HS	374	0	198	30397
HS	373	0	207	30604
HS	372	0	206	30810
HS	371	0	188	30998
HS	370	0	201	31199
HS	369	0	231	31430
HS	368	0	170	31600
HS	367	0	237	31837
HS	366	0	227	32064
HS	365	0	232	32296
HS	364	0	185	32481
HS	363	0	212	32693
HS	362	0	251	32944
HS	361	0	219	33163
HS	360	0	272	33435
HS	359	0	236	33671
HS	358	0	264	33935
HS	357	0	256	34191
HS	356	0	259	34450
HS	355	0	279	34729
HS	354	0	271	35000
HS	353	0	294	35294
HS	352	0	297	35591
HS	351	0	267	35858
HS	350	0	319	36177
HS	349	0	346	36523
HS	348	0	343	36866
HS	347	0	366	37232
HS	346	0	365	37597
HS	345	0	365	37962
HS	344	0	397	38359
HS	343	0	431	38790
HS	342	0	432	39222
HS	341	0	425	39647
HS	340	0	438	40085
HS	339	0	481	40566
HS	338	0	511	41077
HS	337	0	502	41579
HS	336	0	538	42117
HS	335	0	619	42736
HS	334	0	593	43329
HS	333	0	681	44010
HS	332	0	626	44636
HS	331	0	678	45314
HS	330	0	700	46014
HS	329	0	767	46781
HS	328	0	749	47530
HS	327	0	717	48247
HS	326	0	836	49083
HS	325	0	894	49977
HS	324	0	841	50818
HS	323	0	846	51664
HS	322	0	869	52533
HS	321	0	860	53393
HS	320	0	955	54348
HS	319	0	1010	55358
HS	318	0	984	56342
HS	317	0	1076	57418
HS	316	0	1127	58545
HS	315	0	1186	59731
HS	314	0	1227	60958
HS	313	0	1363	62321
HS	312	0	1413	63734
HS	311	0	1379	65113
HS	310	0	1439	66552
HS	309	0	1517	68069
HS	308	0	1591	69660
HS	307	0	1701	71361
HS	306	0	1676	73037
HS	305	0	1739	74776
HS	304	0	1846	76622
HS	303	0	1858	78480
HS	302	0	1999	80479
HS	301	0	2135	82614
HS	300	0	2134	84748
HS	299	0	2158	86906
HS	298	0	2342	89248
HS	297	0	2295	91543
HS	296	0	2484	94027
HS	295	0	2558	96585
HS	294	0	2677	99262
HS	293	0	2803	102065
HS	292	0	2906	104971
HS	291	0	3012	107983
HS	290	0	2988	110971
HS	289	0	3149	114120
HS	288	0	3195	117315
HS	287	0	3334	120649
HS	286	0	3424	124073
HS	285	0	3655	127728
HS	284	0	3678	131406
HS	283	0	3851	135257
HS	282	0	4031	139288
HS	281	0	4109	143397
HS	280	0	4196	147593
HS	279	0	4355	151948
HS	278	0	4640	156588
HS	277	0	4768	161356
HS	276	0	5086	166442
HS	275	0	5137	171579
HS	274	0	5215	176794
HS	273	0	5657	182451
HS	272	0	5728	188179
HS	271	0	5954	194133
HS	270	0	6218	200351
HS	269	0	6216	206567
HS	268	0	6490	213057
HS	267	0	6592	219649
HS	266	0	6851	226500
HS	265	0	7273	233773
HS	264	0	7338	241111
HS	263	0	7762	248873
HS	262	0	7796	256669
HS	261	0	8304	264973
HS	260	0	8463	273436
HS	259	0	8716	282152
HS	258	0	8929	291081
HS	257	0	9215	300296
HS	256	0	9167	309463
HS	255	0	9768	319231
HS	254	0	9964	329195
HS	253	0	10291	339486
HS	252	0	10837	350323
HS	251	0	11181	361504
HS	250	0	11496	373000
HS	249	0	11812	384812
HS	248	0	12247	397059
HS	247	0	12607	409666
HS	246	0	12862	422528
HS	245	0	13446	435974
HS	244	0	13624	449598
HS	243	0	14012	463610
HS	242	0	14875	478485
HS	241	0	15129	493614
HS	240	0	15557	509171
HS	239	0	15964	525135
HS	238	0	16338	541473
HS	237	0	17103	558576
HS	236	0	17360	575936
HS	235	0	17937	593873
HS	234	0	18066	611939
HS	233	0	18912	630851
HS	232	0	19454	650305
HS	231	0	19917	670222
HS	230	0	20557	690779
HS	229	0	21310	712089
HS	228	0	22201	734290
HS	227	0	22530	756820
HS	226	0	23470	780290
HS	225	0	23836	804126
HS	224	0	24289	828415
HS	223	0	24858	853273
HS	222	0	25424	878697
HS	221	0	26192	904889
HS	220	0	26901	931790
HS	219	0	27074	958864
HS	218	0	27932	986796
HS	217	0	28462	1015258
HS	216	0	28861	1044119
HS	215	0	29269	1073388
HS	214	0	29877	1103265
HS	213	0	30288	1133553
HS	212	0	31023	1164576
HS	211	0	31732	1196308
HS	210	0	32375	1228683
HS	209	0	32835	1261518
HS	208	0	33845	1295363
HS	207	0	33942	1329305
HS	206	0	34864	1364169
HS	205	0	35437	1399606
HS	204	0	35861	1435467
HS	203	0	36822	1472289
HS	202	0	37347	1509636
HS	201	0	37802	1547438
HS	200	0	38871	1586309
HS	199	0	39623	1625932
HS	198	0	39912	1665844
HS	197	0	40886	1706730
HS	196	0	41514	1748244
HS	195	0	42095	1790339
HS	194	0	42590	1832929
HS	193	0	43434	1876363
HS	192	0	44643	1921006
HS	191	0	44730	1965736
HS	190	0	45323	2011059
HS	189	0	45687	2056746
HS	188	0	46224	2102970
HS	187	0	46589	2149559
HS	186	0	46715	2196274
HS	185	0	47297	2243571
HS	184	0	48218	2291789
HS	183	0	48963	2340752
HS	182	0	49640	2390392
HS	181	0	49940	2440332
HS	180	0	50388	2490720
HS	179	0	50767	2541487
HS	178	0	51172	2592659
HS	177	0	51366	2644025
HS	176	0	51548	2695573
HS	175	0	51777	2747350
HS	174	0	51729	2799079
HS	173	0	51776	2850855
HS	172	0	52289	2903144
HS	171	0	52914	2956058
HS	170	0	52816	3008874
HS	169	0	53284	3062158
HS	168	0	53368	3115526
HS	167	0	53190	3168716
HS	166	0	53580	3222296
HS	165	0	53514	3275810
HS	164	0	53016	3328826
HS	163	0	53258	3382084
HS	162	0	52656	3434740
HS	161	0	52849	3487589
HS	160	0	52508	3540097
HS	159	0	52342	3592439
HS	158	0	51470	3643909
HS	157	0	51490	3695399
HS	156	0	51233	3746632
HS	155	0	50936	3797568
HS	154	0	50593	3848161
HS	153	0	50595	3898756
HS	152	0	50500	3949256
HS	151	0	49553	3998809
HS	150	0	49293	4048102
HS	149	0	48138	4096240
HS	148	0	47009	4143249
HS	147	0	46622	4189871
HS	146	0	46374	4236245
HS	145	0	45652	4281897
HS	144	0	45452	4327349
HS	143	0	44593	4371942
HS	142	0	44176	4416118
HS	141	0	43394	4459512
HS	140	0	42076	4501588
HS	139	0	42039	4543627
HS	138	0	41251	4584878
HS	137	0	40780	4625658
HS	136	0	40035	4665693
HS	135	0	39203	4704896
HS	134	0	38065	4742961
HS	133	0	37118	4780079
HS	132	0	36612	4816691
HS	131	0	35461	4852152
HS	130	0	35187	4887339
HS	129	0	34726	4922065
HS	128	0	34044	4956109
HS	127	0	33308	4989417
HS	126	0	32333	5021750
HS	125	0	31239	5052989
HS	124	0	30436	5083425
HS	123	0	29464	5112889
HS	122	0	28971	5141860
HS	121	0	27742	5169602
HS	120	0	27163	5196765
HS	119	0	26294	5223059
HS	118	0	25380	5248439
HS	117	0	24571	5273010
HS	116	0	23717	5296727
HS	115	0	22950	5319677
HS	114	0	21678	5341355
HS	113	0	21179	5362534
HS	112	0	20620	5383154
HS	111	0	19450	5402604
HS	110	0	18886	5421490
HS	109	0	18484	5439974
HS	108	0	17797	5457771
HS	107	0	16843	5474614
HS	106	0	16045	5490659
HS	105	0	15172	5505831
HS	104	0	14660	5520491
HS	103	0	14267	5534758
HS	102	0	13604	5548362
HS	101	0	13124	5561486
HS	100	0	12411	5573897
HS	99	0	11853	5585750
HS	98	0	11259	5597009
HS	97	0	10610	5607619
HS	96	0	10006	5617625
HS	95	0	9759	5627384
HS	94	0	9071	5636455
HS	93	0	8451	5644906
HS	92	0	8052	5652958
HS	91	0	7763	5660721
HS	90	0	7259	5667980
HS	89	0	6902	5674882
HS	88	0	6586	5681468
HS	87	0	6344	5687812
HS	86	0	5838	5693650
HS	85	0	5542	5699192
HS	84	0	5402	5704594
HS	83	0	4857	5709451
HS	82	0	4562	5714013
HS	81	0	4346	5718359
HS	80	0	4126	5722485
HS	79	0	3873	5726358
HS	78	0	3795	5730153
HS	77	0	3474	5733627
HS	76	0	3187	5736814
HS	75	0	3002	5739816
HS	74	0	2681	5742497
HS	73	0	2555	5745052
HS	72	0	2289	5747341
HS	71	0	2094	5749435
HS	70	0	1967	5751402
HS	69	0	1860	5753262
HS	68	0	1710	5754972
HS	67	0	1516	5756488
HS	66	0	1422	5757910
HS	65	0	1351	5759261
HS	64	0	1192	5760453
HS	63	0	1127	5761580
HS	62	0	1112	5762692
HS	61	0	1109	5763801
HS	60	0	994	5764795
HS	59	0	951	5765746
HS	58	0	873	5766619
HS	57	0	723	5767342
HS	56	0	708	5768050
HS	55	0	655	5768705
HS	54	0	669	5769374
HS	53	0	628	5770002
HS	52	0	605	5770607
HS	51	0	578	5771185
HS	50	0	501	5771686
HS	49	0	443	5772129
HS	48	0	496	5772625
HS	47	0	455	5773080
HS	46	0	518	5773598
HS	45	0	463	5774061
HS	44	0	451	5774512
HS	43	0	443	5774955
HS	42	0	517	5775472
HS	41	0	575	5776047
HS	40	0	549	5776596
HS	39	0	599	5777195
HS	38	0	702	5777897
HS	37	0	741	5778638
HS	36	0	740	5779378
HS	35	0	790	5780168
HS	34	0	921	5781089
HS	33	0	1025	5782114
HS	32	0	1034	5783148
HS	31	0	1254	5784402
HS	30	0	1613	5786015
HS	29	0	1911	5787926
HS	28	0	2202	5790128
HS	27	0	2367	5792495
HS	26	0	2762	5795257
HS	25	0	3190	5798447
HS	24	0	3457	5801904
HS	23	0	4370	5806274
HS	22	0	5464	5811738
HS	21	0	6465	5818203
HS	20	0	7555	5825758
HS	19	0	9282	5835040
HS	18	0	11542	5846582
HS	17	0	14481	5861063
HS	16	0	17605	5878668
HS	15	0	21556	5900224
HS	14	0	27000	5927224
HS	13	0	33742	5960966
HS	12	0	42637	6003603
HS	11	0	54833	6058436
HS	10	0	70410	6128846
HS	9	0	94407	6223253
HS	8	0	131476	6354729
HS	7	0	188147	6542876
HS	6	0	281877	6824753
HS	5	0	475385	7300138
HS	4	0	929404	8229542
HS	3	0	2358037	10587579
HS	2	0	9391847	19979426
HS	1	0	0	19979426
HS	0	0	0	19979426
