CC	CT  kmer_occurrence    short_read_kmer_count  raw_input_kmer_count  adjusted_input_kmer_count
CC	FR  fpr_lower_bound    fpr_upper_bound
CC	ER  total_input_kmers  adjusted_error_kmers
CC	CV  coverage
CC	QV  raw_quality_value  adjusted_quality_value
CC
SQ	JAVIVT010000003.1	131164	131134	131134	99.00
SQ	JAVIVT010000001.1	681302	681272	675968	35.98
SQ	JAVIVT010000002.1	3361526	3361496	3361466	65.41
CT	1023	6970	28943	28943.000
CT	1022	3	8	8.000
CT	1021	4	10	10.000
CT	1020	7	18	18.000
CT	1019	5	11	11.000
CT	1018	4	7	7.000
CT	1017	7	17	17.000
CT	1016	5	9	9.000
CT	1015	6	17	17.000
CT	1014	9	25	25.000
CT	1013	7	14	14.000
CT	1012	10	29	29.000
CT	1011	7	20	20.000
CT	1010	10	23	23.000
CT	1009	11	25	25.000
CT	1008	10	26	26.000
CT	1007	5	12	12.000
CT	1006	5	11	11.000
CT	1005	6	19	19.000
CT	1004	8	20	20.000
CT	1003	9	22	22.000
CT	1002	6	14	14.000
CT	1001	11	25	25.000
CT	1000	4	10	10.000
CT	999	11	32	32.000
CT	998	9	22	22.000
CT	997	14	37	37.000
CT	996	11	27	27.000
CT	995	14	39	39.000
CT	994	11	29	29.000
CT	993	13	36	36.000
CT	992	5	11	11.000
CT	991	10	31	31.000
CT	990	11	26	26.000
CT	989	8	25	25.000
CT	988	12	39	39.000
CT	987	12	31	31.000
CT	986	8	22	22.000
CT	985	8	23	23.000
CT	984	9	21	21.000
CT	983	10	33	33.000
CT	982	11	33	33.000
CT	981	10	29	29.000
CT	980	5	10	10.000
CT	979	9	23	23.000
CT	978	5	16	16.000
CT	977	6	13	13.000
CT	976	9	22	22.000
CT	975	9	24	24.000
CT	974	7	15	15.000
CT	973	11	32	32.000
CT	972	6	12	12.000
CT	971	6	20	20.000
CT	970	3	6	6.000
CT	969	13	33	33.000
CT	968	4	9	9.000
CT	967	9	23	23.000
CT	966	5	10	10.000
CT	965	6	15	15.000
CT	964	0	0	0.000
CT	963	8	20	20.000
CT	962	14	35	35.000
CT	961	7	20	20.000
CT	960	7	21	21.000
CT	959	5	11	11.000
CT	958	10	24	24.000
CT	957	4	9	9.000
CT	956	8	21	21.000
CT	955	7	17	17.000
CT	954	2	3	3.000
CT	953	8	17	17.000
CT	952	2	5	5.000
CT	951	10	24	24.000
CT	950	10	30	30.000
CT	949	12	30	30.000
CT	948	9	24	24.000
CT	947	7	17	17.000
CT	946	7	17	17.000
CT	945	13	34	34.000
CT	944	8	20	20.000
CT	943	11	26	26.000
CT	942	8	20	20.000
CT	941	8	18	18.000
CT	940	5	11	11.000
CT	939	4	8	8.000
CT	938	9	17	17.000
CT	937	9	19	19.000
CT	936	13	31	31.000
CT	935	7	22	22.000
CT	934	4	9	9.000
CT	933	10	22	22.000
CT	932	15	33	33.000
CT	931	9	17	17.000
CT	930	17	45	45.000
CT	929	11	26	26.000
CT	928	16	32	32.000
CT	927	7	17	17.000
CT	926	10	28	28.000
CT	925	16	39	39.000
CT	924	9	18	18.000
CT	923	10	25	25.000
CT	922	19	47	47.000
CT	921	17	39	39.000
CT	920	16	35	35.000
CT	919	14	36	36.000
CT	918	9	21	21.000
CT	917	17	42	42.000
CT	916	10	23	23.000
CT	915	12	27	27.000
CT	914	13	34	34.000
CT	913	8	22	22.000
CT	912	8	18	18.000
CT	911	9	27	27.000
CT	910	14	34	34.000
CT	909	17	41	41.000
CT	908	11	24	24.000
CT	907	8	19	19.000
CT	906	14	34	34.000
CT	905	5	14	14.000
CT	904	11	29	29.000
CT	903	5	10	10.000
CT	902	16	38	38.000
CT	901	10	23	23.000
CT	900	13	20	20.000
CT	899	20	51	51.000
CT	898	8	20	20.000
CT	897	6	11	11.000
CT	896	15	36	36.000
CT	895	15	34	34.000
CT	894	12	29	29.000
CT	893	11	28	28.000
CT	892	9	22	22.000
CT	891	16	40	40.000
CT	890	13	25	25.000
CT	889	16	34	34.000
CT	888	12	28	28.000
CT	887	7	14	14.000
CT	886	13	33	33.000
CT	885	19	41	41.000
CT	884	11	34	34.000
CT	883	10	23	23.000
CT	882	4	6	6.000
CT	881	7	16	16.000
CT	880	11	19	19.000
CT	879	6	14	14.000
CT	878	9	23	23.000
CT	877	11	25	25.000
CT	876	14	29	29.000
CT	875	12	27	27.000
CT	874	9	18	18.000
CT	873	11	30	30.000
CT	872	11	25	25.000
CT	871	17	36	36.000
CT	870	12	27	27.000
CT	869	12	32	32.000
CT	868	11	25	25.000
CT	867	14	33	33.000
CT	866	6	15	15.000
CT	865	16	34	34.000
CT	864	10	23	23.000
CT	863	16	36	36.000
CT	862	16	34	34.000
CT	861	20	50	50.000
CT	860	12	24	24.000
CT	859	12	32	32.000
CT	858	14	35	35.000
CT	857	17	41	41.000
CT	856	14	30	30.000
CT	855	11	22	22.000
CT	854	20	44	44.000
CT	853	13	33	33.000
CT	852	16	37	37.000
CT	851	17	30	30.000
CT	850	15	31	31.000
CT	849	13	24	24.000
CT	848	24	52	52.000
CT	847	22	53	53.000
CT	846	20	39	39.000
CT	845	13	23	23.000
CT	844	11	23	23.000
CT	843	14	30	30.000
CT	842	17	37	37.000
CT	841	13	23	23.000
CT	840	11	20	20.000
CT	839	12	22	22.000
CT	838	10	23	23.000
CT	837	3	6	6.000
CT	836	10	22	22.000
CT	835	18	39	39.000
CT	834	18	40	40.000
CT	833	13	23	23.000
CT	832	14	33	33.000
CT	831	15	35	35.000
CT	830	14	29	29.000
CT	829	10	21	21.000
CT	828	8	17	17.000
CT	827	22	50	50.000
CT	826	9	23	23.000
CT	825	9	19	19.000
CT	824	13	32	32.000
CT	823	17	38	38.000
CT	822	16	40	40.000
CT	821	19	48	48.000
CT	820	18	41	41.000
CT	819	12	22	22.000
CT	818	17	42	42.000
CT	817	13	25	25.000
CT	816	11	26	26.000
CT	815	9	23	23.000
CT	814	11	25	25.000
CT	813	19	43	43.000
CT	812	10	20	20.000
CT	811	7	14	14.000
CT	810	11	25	25.000
CT	809	19	30	30.000
CT	808	11	18	18.000
CT	807	8	14	14.000
CT	806	20	36	36.000
CT	805	12	20	20.000
CT	804	11	19	19.000
CT	803	20	35	35.000
CT	802	6	10	10.000
CT	801	10	16	16.000
CT	800	9	17	17.000
CT	799	15	23	23.000
CT	798	10	16	16.000
CT	797	13	29	29.000
CT	796	11	18	18.000
CT	795	9	16	16.000
CT	794	13	20	20.000
CT	793	16	30	30.000
CT	792	7	10	10.000
CT	791	12	22	22.000
CT	790	10	24	24.000
CT	789	10	17	17.000
CT	788	11	20	20.000
CT	787	9	19	19.000
CT	786	15	28	28.000
CT	785	12	20	20.000
CT	784	8	11	11.000
CT	783	8	18	18.000
CT	782	13	29	29.000
CT	781	13	26	26.000
CT	780	9	17	17.000
CT	779	7	16	16.000
CT	778	8	15	15.000
CT	777	17	32	32.000
CT	776	15	30	30.000
CT	775	13	28	28.000
CT	774	14	30	30.000
CT	773	18	31	31.000
CT	772	12	21	21.000
CT	771	12	26	26.000
CT	770	12	21	21.000
CT	769	15	29	29.000
CT	768	22	49	49.000
CT	767	15	24	24.000
CT	766	19	30	30.000
CT	765	25	45	45.000
CT	764	26	47	47.000
CT	763	26	49	49.000
CT	762	10	17	17.000
CT	761	11	21	21.000
CT	760	25	44	44.000
CT	759	24	39	39.000
CT	758	16	28	28.000
CT	757	17	28	28.000
CT	756	16	32	32.000
CT	755	22	47	47.000
CT	754	23	36	36.000
CT	753	22	36	36.000
CT	752	18	32	32.000
CT	751	22	39	39.000
CT	750	26	50	50.000
CT	749	24	41	41.000
CT	748	18	40	40.000
CT	747	23	37	37.000
CT	746	12	25	25.000
CT	745	16	26	26.000
CT	744	26	41	41.000
CT	743	21	36	36.000
CT	742	14	13	13.000
CT	741	30	41	41.000
CT	740	19	32	32.000
CT	739	17	24	24.000
CT	738	32	44	44.000
CT	737	23	35	35.000
CT	736	34	54	54.000
CT	735	25	46	46.000
CT	734	19	32	32.000
CT	733	27	40	40.000
CT	732	23	39	39.000
CT	731	26	46	46.000
CT	730	20	30	30.000
CT	729	27	38	38.000
CT	728	21	28	28.000
CT	727	29	47	47.000
CT	726	28	42	42.000
CT	725	18	22	22.000
CT	724	21	29	29.000
CT	723	21	35	35.000
CT	722	30	35	35.000
CT	721	30	39	39.000
CT	720	23	41	41.000
CT	719	35	49	49.000
CT	718	25	31	31.000
CT	717	33	43	43.000
CT	716	31	39	39.000
CT	715	28	32	32.000
CT	714	26	26	26.000
CT	713	32	39	39.000
CT	712	44	69	69.000
CT	711	32	28	28.000
CT	710	39	48	48.000
CT	709	42	53	53.000
CT	708	32	40	40.000
CT	707	44	70	70.000
CT	706	33	40	40.000
CT	705	46	63	63.000
CT	704	38	52	52.000
CT	703	42	56	56.000
CT	702	38	39	39.000
CT	701	30	44	44.000
CT	700	58	80	80.000
CT	699	45	60	60.000
CT	698	41	48	48.000
CT	697	36	50	50.000
CT	696	28	36	36.000
CT	695	47	56	56.000
CT	694	38	49	49.000
CT	693	40	51	51.000
CT	692	46	51	51.000
CT	691	38	51	51.000
CT	690	41	51	51.000
CT	689	41	54	54.000
CT	688	35	37	37.000
CT	687	46	59	59.000
CT	686	42	50	50.000
CT	685	31	35	35.000
CT	684	48	52	52.000
CT	683	29	30	30.000
CT	682	33	39	39.000
CT	681	45	51	51.000
CT	680	42	46	46.000
CT	679	44	55	55.000
CT	678	37	47	47.000
CT	677	45	52	52.000
CT	676	42	47	47.000
CT	675	58	66	66.000
CT	674	46	53	53.000
CT	673	64	83	83.000
CT	672	57	74	74.000
CT	671	42	46	46.000
CT	670	39	54	54.000
CT	669	47	60	60.000
CT	668	51	63	63.000
CT	667	60	77	77.000
CT	666	56	63	63.000
CT	665	48	54	54.000
CT	664	53	72	72.000
CT	663	59	73	73.000
CT	662	66	88	88.000
CT	661	62	75	75.000
CT	660	37	46	46.000
CT	659	65	75	75.000
CT	658	52	59	59.000
CT	657	65	78	78.000
CT	656	55	62	62.000
CT	655	66	75	75.000
CT	654	53	72	72.000
CT	653	60	73	73.000
CT	652	60	64	64.000
CT	651	67	77	77.000
CT	650	69	74	74.000
CT	649	63	72	72.000
CT	648	78	91	91.000
CT	647	58	60	60.000
CT	646	73	87	87.000
CT	645	67	67	67.000
CT	644	87	100	100.000
CT	643	84	90	90.000
CT	642	77	85	85.000
CT	641	78	85	85.000
CT	640	66	73	73.000
CT	639	55	59	59.000
CT	638	91	99	99.000
CT	637	98	104	104.000
CT	636	91	99	99.000
CT	635	93	103	103.000
CT	634	87	101	101.000
CT	633	73	83	83.000
CT	632	88	101	101.000
CT	631	102	121	121.000
CT	630	110	128	128.000
CT	629	95	102	102.000
CT	628	117	128	128.000
CT	627	118	127	127.000
CT	626	109	117	117.000
CT	625	121	120	120.000
CT	624	108	122	122.000
CT	623	102	108	108.000
CT	622	122	130	130.000
CT	621	117	124	124.000
CT	620	135	146	146.000
CT	619	122	128	128.000
CT	618	126	143	143.000
CT	617	154	154	154.000
CT	616	156	174	174.000
CT	615	157	166	166.000
CT	614	170	186	186.000
CT	613	153	155	155.000
CT	612	142	150	150.000
CT	611	156	172	172.000
CT	610	159	178	178.000
CT	609	143	157	157.000
CT	608	156	166	166.000
CT	607	168	192	192.000
CT	606	163	176	176.000
CT	605	135	145	145.000
CT	604	149	157	157.000
CT	603	173	202	202.000
CT	602	156	170	170.000
CT	601	171	185	185.000
CT	600	190	214	214.000
CT	599	161	171	171.000
CT	598	172	180	180.000
CT	597	155	170	170.000
CT	596	173	180	180.000
CT	595	176	187	187.000
CT	594	172	187	187.000
CT	593	190	204	204.000
CT	592	193	198	198.000
CT	591	188	212	212.000
CT	590	175	184	184.000
CT	589	184	193	193.000
CT	588	209	219	219.000
CT	587	202	220	220.000
CT	586	213	226	226.000
CT	585	212	231	231.000
CT	584	201	210	210.000
CT	583	230	247	247.000
CT	582	212	220	220.000
CT	581	220	233	233.000
CT	580	225	242	242.000
CT	579	237	246	246.000
CT	578	262	269	269.000
CT	577	244	254	254.000
CT	576	241	246	246.000
CT	575	252	259	259.000
CT	574	272	288	288.000
CT	573	256	260	260.000
CT	572	286	294	294.000
CT	571	288	295	295.000
CT	570	304	310	310.000
CT	569	280	286	286.000
CT	568	309	310	310.000
CT	567	321	332	332.000
CT	566	284	283	283.000
CT	565	306	316	316.000
CT	564	295	289	289.000
CT	563	295	297	297.000
CT	562	317	329	329.000
CT	561	323	329	329.000
CT	560	325	325	325.000
CT	559	348	354	354.000
CT	558	343	350	350.000
CT	557	380	386	386.000
CT	556	372	371	371.000
CT	555	361	369	369.000
CT	554	352	349	349.000
CT	553	373	376	376.000
CT	552	357	361	361.000
CT	551	406	416	416.000
CT	550	381	383	383.000
CT	549	383	393	393.000
CT	548	428	439	439.000
CT	547	438	443	443.000
CT	546	429	432	432.000
CT	545	446	451	451.000
CT	544	443	446	446.000
CT	543	438	436	436.000
CT	542	458	458	458.000
CT	541	467	479	479.000
CT	540	492	489	489.000
CT	539	517	523	523.000
CT	538	500	503	503.000
CT	537	512	510	510.000
CT	536	550	541	541.000
CT	535	543	538	538.000
CT	534	507	498	498.000
CT	533	534	526	526.000
CT	532	503	483	483.000
CT	531	561	543	543.000
CT	530	609	589	589.000
CT	529	636	623	623.000
CT	528	643	625	625.000
CT	527	608	581	581.000
CT	526	643	637	637.000
CT	525	604	584	584.000
CT	524	683	661	661.000
CT	523	700	681	681.000
CT	522	663	652	652.000
CT	521	711	690	690.000
CT	520	724	703	703.000
CT	519	772	755	755.000
CT	518	765	747	747.000
CT	517	750	739	739.000
CT	516	747	739	739.000
CT	515	767	763	763.000
CT	514	813	800	800.000
CT	513	839	826	826.000
CT	512	812	787	787.000
CT	511	808	807	807.000
CT	510	838	831	831.000
CT	509	882	869	869.000
CT	508	873	857	857.000
CT	507	940	932	932.000
CT	506	874	862	862.000
CT	505	900	878	878.000
CT	504	998	986	986.000
CT	503	948	933	933.000
CT	502	951	934	934.000
CT	501	938	917	917.000
CT	500	964	934	934.000
CT	499	1011	978	978.000
CT	498	1073	1034	1034.000
CT	497	1021	989	989.000
CT	496	1059	1017	1017.000
CT	495	1084	1053	1053.000
CT	494	1124	1097	1097.000
CT	493	1133	1091	1091.000
CT	492	1100	1075	1075.000
CT	491	1148	1133	1133.000
CT	490	1213	1171	1171.000
CT	489	1214	1194	1194.000
CT	488	1285	1260	1260.000
CT	487	1287	1262	1262.000
CT	486	1288	1263	1263.000
CT	485	1325	1307	1307.000
CT	484	1398	1370	1370.000
CT	483	1473	1449	1449.000
CT	482	1392	1370	1370.000
CT	481	1466	1436	1436.000
CT	480	1452	1430	1430.000
CT	479	1616	1570	1570.000
CT	478	1604	1564	1564.000
CT	477	1601	1565	1565.000
CT	476	1551	1517	1517.000
CT	475	1684	1658	1658.000
CT	474	1659	1633	1633.000
CT	473	1704	1682	1682.000
CT	472	1783	1751	1751.000
CT	471	1807	1767	1767.000
CT	470	1820	1789	1789.000
CT	469	1914	1900	1900.000
CT	468	1953	1921	1921.000
CT	467	1992	1955	1955.000
CT	466	2047	2003	2003.000
CT	465	2088	2043	2043.000
CT	464	2155	2122	2122.000
CT	463	2141	2105	2105.000
CT	462	2144	2105	2105.000
CT	461	2418	2361	2361.000
CT	460	2356	2290	2290.000
CT	459	2449	2421	2421.000
CT	458	2459	2408	2408.000
CT	457	2409	2361	2361.000
CT	456	2614	2561	2561.000
CT	455	2615	2558	2558.000
CT	454	2620	2564	2564.000
CT	453	2533	2494	2494.000
CT	452	2674	2614	2614.000
CT	451	2680	2613	2613.000
CT	450	2728	2647	2647.000
CT	449	2750	2670	2670.000
CT	448	2820	2733	2733.000
CT	447	2792	2703	2703.000
CT	446	2872	2780	2780.000
CT	445	2916	2828	2828.000
CT	444	2945	2860	2860.000
CT	443	3136	3045	3045.000
CT	442	3035	2949	2949.000
CT	441	3190	3081	3081.000
CT	440	3169	3079	3079.000
CT	439	3341	3251	3251.000
CT	438	3346	3241	3241.000
CT	437	3424	3282	3282.000
CT	436	3434	3339	3339.000
CT	435	3566	3456	3456.000
CT	434	3598	3505	3505.000
CT	433	3774	3653	3653.000
CT	432	3801	3668	3668.000
CT	431	3893	3761	3761.000
CT	430	3797	3662	3662.000
CT	429	3939	3792	3792.000
CT	428	4023	3857	3857.000
CT	427	4128	3975	3975.000
CT	426	4130	4013	4013.000
CT	425	4440	4280	4280.000
CT	424	4333	4174	4174.000
CT	423	4426	4285	4285.000
CT	422	4650	4470	4470.000
CT	421	4581	4409	4409.000
CT	420	4846	4674	4674.000
CT	419	4964	4766	4766.000
CT	418	4974	4772	4772.000
CT	417	5096	4889	4889.000
CT	416	5166	4943	4943.000
CT	415	5252	5033	5033.000
CT	414	5303	5075	5075.000
CT	413	5425	5193	5193.000
CT	412	5599	5356	5356.000
CT	411	5647	5401	5401.000
CT	410	5775	5529	5529.000
CT	409	5932	5665	5665.000
CT	408	6016	5776	5776.000
CT	407	6150	5885	5885.000
CT	406	6190	5927	5927.000
CT	405	6369	6128	6128.000
CT	404	6334	6024	6024.000
CT	403	6491	6222	6222.000
CT	402	6535	6275	6275.000
CT	401	6521	6259	6259.000
CT	400	6719	6476	6476.000
CT	399	7002	6739	6739.000
CT	398	7011	6750	6750.000
CT	397	6997	6721	6721.000
CT	396	7451	7163	7163.000
CT	395	7460	7166	7166.000
CT	394	7541	7236	7236.000
CT	393	7503	7171	7171.000
CT	392	7698	7370	7370.000
CT	391	7766	7432	7432.000
CT	390	7991	7653	7653.000
CT	389	8078	7773	7773.000
CT	388	8439	8098	8098.000
CT	387	8432	8118	8118.000
CT	386	8601	8287	8287.000
CT	385	8727	8437	8437.000
CT	384	8982	8656	8656.000
CT	383	9114	8803	8803.000
CT	382	9134	8819	8819.000
CT	381	9435	9091	9091.000
CT	380	9379	9051	9051.000
CT	379	9709	9367	9367.000
CT	378	9913	9545	9545.000
CT	377	9990	9641	9641.000
CT	376	10263	9899	9899.000
CT	375	10634	10281	10281.000
CT	374	10820	10391	10391.000
CT	373	10782	10387	10387.000
CT	372	11238	10832	10832.000
CT	371	11204	10763	10763.000
CT	370	11141	10726	10726.000
CT	369	11429	10971	10971.000
CT	368	11614	11208	11208.000
CT	367	11722	11288	11288.000
CT	366	11996	11540	11540.000
CT	365	12189	11711	11711.000
CT	364	12174	11697	11697.000
CT	363	12509	12008	12008.000
CT	362	12745	12277	12277.000
CT	361	12792	12292	12292.000
CT	360	12997	12508	12508.000
CT	359	13059	12589	12589.000
CT	358	13332	12850	12850.000
CT	357	13574	13016	13016.000
CT	356	13603	13143	13143.000
CT	355	13909	13414	13414.000
CT	354	13845	13357	13357.000
CT	353	14088	13602	13602.000
CT	352	14067	13570	13570.000
CT	351	14367	13868	13868.000
CT	350	14520	14000	14000.000
CT	349	14683	14119	14119.000
CT	348	14902	14365	14365.000
CT	347	15104	14463	14463.000
CT	346	15190	14608	14608.000
CT	345	15393	14823	14823.000
CT	344	15367	14758	14758.000
CT	343	15641	15076	15076.000
CT	342	15927	15318	15318.000
CT	341	16188	15602	15602.000
CT	340	16419	15796	15796.000
CT	339	16448	15839	15839.000
CT	338	16813	16209	16209.000
CT	337	16676	16079	16079.000
CT	336	16934	16346	16346.000
CT	335	17304	16749	16749.000
CT	334	17257	16665	16665.000
CT	333	17619	17053	17053.000
CT	332	17884	17254	17254.000
CT	331	18199	17594	17594.000
CT	330	18516	17950	17950.000
CT	329	18441	17865	17865.000
CT	328	18644	18023	18023.000
CT	327	19101	18469	18469.000
CT	326	18885	18232	18232.000
CT	325	18958	18340	18340.000
CT	324	19295	18644	18644.000
CT	323	19479	18818	18818.000
CT	322	19589	18893	18893.000
CT	321	19849	19219	19219.000
CT	320	20313	19671	19671.000
CT	319	20497	19837	19837.000
CT	318	20394	19761	19761.000
CT	317	20618	19925	19925.000
CT	316	20742	20106	20106.000
CT	315	20983	20275	20275.000
CT	314	20950	20264	20264.000
CT	313	21150	20462	20462.000
CT	312	21529	20810	20810.000
CT	311	21533	20872	20872.000
CT	310	21810	21098	21098.000
CT	309	22067	21336	21336.000
CT	308	22593	21811	21811.000
CT	307	22331	21598	21598.000
CT	306	22911	22144	22144.000
CT	305	22927	22109	22109.000
CT	304	22968	22148	22148.000
CT	303	23150	22379	22379.000
CT	302	23214	22437	22437.000
CT	301	23643	22815	22815.000
CT	300	23783	23007	23007.000
CT	299	23912	23113	23113.000
CT	298	23590	22754	22754.000
CT	297	24028	23208	23208.000
CT	296	24170	23388	23388.000
CT	295	24180	23375	23375.000
CT	294	24238	23424	23424.000
CT	293	24152	23355	23355.000
CT	292	24569	23747	23747.000
CT	291	24568	23807	23807.000
CT	290	24261	23518	23518.000
CT	289	24473	23652	23652.000
CT	288	24471	23690	23690.000
CT	287	24373	23585	23585.000
CT	286	24549	23715	23715.000
CT	285	24895	23957	23957.000
CT	284	24760	23915	23915.000
CT	283	24764	23913	23913.000
CT	282	24912	24001	24001.000
CT	281	25127	24275	24275.000
CT	280	25027	24182	24182.000
CT	279	24778	23867	23867.000
CT	278	24853	23960	23960.000
CT	277	24928	24089	24089.000
CT	276	25215	24365	24365.000
CT	275	24929	24105	24105.000
CT	274	24936	24091	24091.000
CT	273	24859	24054	24054.000
CT	272	24904	24037	24037.000
CT	271	25301	24425	24425.000
CT	270	25234	24372	24372.000
CT	269	24979	24095	24095.000
CT	268	25001	24123	24123.000
CT	267	25191	24285	24285.000
CT	266	24923	24023	24023.000
CT	265	25220	24267	24267.000
CT	264	24842	23967	23967.000
CT	263	24964	23997	23997.000
CT	262	24521	23626	23626.000
CT	261	24289	23429	23429.000
CT	260	24569	23628	23628.000
CT	259	24252	23317	23317.000
CT	258	24166	23275	23275.000
CT	257	23783	22900	22900.000
CT	256	23676	22878	22878.000
CT	255	23796	22944	22944.000
CT	254	23519	22660	22660.000
CT	253	23511	22659	22659.000
CT	252	23479	22664	22664.000
CT	251	23056	22264	22264.000
CT	250	23361	22594	22594.000
CT	249	23094	22307	22307.000
CT	248	22824	22024	22024.000
CT	247	22555	21793	21793.000
CT	246	22355	21543	21543.000
CT	245	22182	21434	21434.000
CT	244	21955	21167	21167.000
CT	243	21458	20717	20717.000
CT	242	21451	20627	20627.000
CT	241	21132	20409	20409.000
CT	240	21446	20703	20703.000
CT	239	21093	20392	20392.000
CT	238	20970	20260	20260.000
CT	237	20844	20134	20134.000
CT	236	20360	19731	19731.000
CT	235	20358	19689	19689.000
CT	234	20194	19486	19486.000
CT	233	19825	19139	19139.000
CT	232	19653	18931	18931.000
CT	231	19419	18740	18740.000
CT	230	19155	18492	18492.000
CT	229	18975	18330	18330.000
CT	228	18592	17885	17885.000
CT	227	18462	17797	17797.000
CT	226	17960	17328	17328.000
CT	225	17807	17133	17133.000
CT	224	17625	17045	17045.000
CT	223	17312	16699	16699.000
CT	222	16963	16342	16342.000
CT	221	16460	15869	15869.000
CT	220	16488	15901	15901.000
CT	219	16333	15742	15742.000
CT	218	16278	15704	15704.000
CT	217	15487	14942	14942.000
CT	216	15560	15029	15029.000
CT	215	15256	14756	14756.000
CT	214	14797	14324	14324.000
CT	213	14701	14240	14240.000
CT	212	14299	13862	13862.000
CT	211	14089	13640	13640.000
CT	210	13840	13351	13351.000
CT	209	13558	13072	13072.000
CT	208	13198	12746	12746.000
CT	207	12923	12499	12499.000
CT	206	12985	12549	12549.000
CT	205	12478	12112	12112.000
CT	204	12312	11972	11972.000
CT	203	12103	11717	11717.000
CT	202	11692	11351	11351.000
CT	201	11229	10901	10901.000
CT	200	11125	10768	10768.000
CT	199	10882	10561	10561.000
CT	198	10658	10306	10306.000
CT	197	10389	10051	10051.000
CT	196	10059	9699	9699.000
CT	195	10116	9777	9777.000
CT	194	9730	9393	9393.000
CT	193	9428	9090	9090.000
CT	192	9223	8889	8889.000
CT	191	8907	8591	8591.000
CT	190	8589	8266	8266.000
CT	189	8414	8104	8104.000
CT	188	8219	7916	7916.000
CT	187	8028	7728	7728.000
CT	186	7703	7437	7437.000
CT	185	7584	7300	7300.000
CT	184	7306	6995	6995.000
CT	183	7202	6904	6904.000
CT	182	7006	6717	6717.000
CT	181	6700	6439	6439.000
CT	180	6526	6238	6238.000
CT	179	6121	5870	5870.000
CT	178	5920	5680	5680.000
CT	177	5715	5476	5476.000
CT	176	5589	5335	5335.000
CT	175	5379	5130	5130.000
CT	174	5092	4864	4864.000
CT	173	4844	4637	4637.000
CT	172	4728	4535	4535.000
CT	171	4582	4389	4389.000
CT	170	4352	4163	4163.000
CT	169	4336	4136	4136.000
CT	168	4007	3843	3843.000
CT	167	3853	3678	3678.000
CT	166	3735	3585	3585.000
CT	165	3612	3463	3463.000
CT	164	3428	3317	3317.000
CT	163	3336	3227	3227.000
CT	162	3249	3113	3113.000
CT	161	3079	2955	2955.000
CT	160	2925	2823	2823.000
CT	159	2819	2723	2723.000
CT	158	2767	2656	2656.000
CT	157	2546	2446	2446.000
CT	156	2428	2344	2344.000
CT	155	2354	2249	2249.000
CT	154	2210	2127	2127.000
CT	153	2087	2006	2006.000
CT	152	2017	1943	1943.000
CT	151	1866	1795	1795.000
CT	150	1881	1810	1810.000
CT	149	1698	1658	1658.000
CT	148	1634	1577	1577.000
CT	147	1529	1473	1473.000
CT	146	1548	1486	1486.000
CT	145	1552	1502	1502.000
CT	144	1420	1375	1375.000
CT	143	1271	1229	1229.000
CT	142	1208	1176	1176.000
CT	141	1121	1102	1102.000
CT	140	1087	1061	1061.000
CT	139	1089	1064	1064.000
CT	138	1020	995	995.000
CT	137	956	925	925.000
CT	136	881	847	847.000
CT	135	932	913	913.000
CT	134	813	788	788.000
CT	133	713	700	700.000
CT	132	716	700	700.000
CT	131	702	686	686.000
CT	130	688	674	674.000
CT	129	614	594	594.000
CT	128	624	605	605.000
CT	127	640	616	616.000
CT	126	664	630	630.000
CT	125	585	571	571.000
CT	124	561	533	533.000
CT	123	537	523	523.000
CT	122	457	446	446.000
CT	121	448	439	439.000
CT	120	420	406	406.000
CT	119	391	374	374.000
CT	118	361	351	351.000
CT	117	405	396	396.000
CT	116	388	379	379.000
CT	115	389	383	383.000
CT	114	349	342	342.000
CT	113	362	352	352.000
CT	112	322	309	309.000
CT	111	275	266	266.000
CT	110	313	306	306.000
CT	109	248	242	242.000
CT	108	268	260	260.000
CT	107	243	232	232.000
CT	106	216	206	206.000
CT	105	227	217	217.000
CT	104	241	229	229.000
CT	103	206	200	200.000
CT	102	199	193	193.000
CT	101	143	134	134.000
CT	100	154	138	138.000
CT	99	155	142	142.000
CT	98	141	130	130.000
CT	97	142	133	133.000
CT	96	144	136	136.000
CT	95	130	119	119.000
CT	94	151	141	141.000
CT	93	151	146	146.000
CT	92	132	126	126.000
CT	91	129	121	121.000
CT	90	98	93	93.000
CT	89	112	107	107.000
CT	88	116	110	110.000
CT	87	111	105	105.000
CT	86	110	102	102.000
CT	85	94	83	83.000
CT	84	99	79	79.000
CT	83	100	78	78.000
CT	82	102	79	79.000
CT	81	95	75	75.000
CT	80	92	74	74.000
CT	79	87	74	74.000
CT	78	98	75	75.000
CT	77	71	43	43.000
CT	76	85	54	54.000
CT	75	80	56	56.000
CT	74	76	41	41.000
CT	73	82	41	41.000
CT	72	103	50	50.000
CT	71	107	42	42.000
CT	70	102	33	33.000
CT	69	112	38	38.000
CT	68	82	26	26.000
CT	67	118	25	25.000
CT	66	124	26	26.000
CT	65	139	24	24.000
CT	64	115	20	20.000
CT	63	151	29	29.000
CT	62	133	14	14.000
CT	61	168	19	19.000
CT	60	168	7	7.000
CT	59	175	17	17.000
CT	58	179	8	8.000
CT	57	184	12	12.000
CT	56	222	9	9.000
CT	55	244	13	12.999
CT	54	232	10	10.000
CT	53	285	11	10.999
CT	52	332	10	9.999
CT	51	331	10	9.999
CT	50	353	8	7.999
CT	49	375	11	10.999
CT	48	459	5	4.999
CT	47	506	5	4.999
CT	46	584	3	2.999
CT	45	617	5	4.999
CT	44	662	3	2.999
CT	43	790	10	9.998
CT	42	871	5	4.998
CT	41	975	2	1.998
CT	40	1068	1	0.998
CT	39	1164	1	0.997
CT	38	1229	2	1.997
CT	37	1396	1	0.997
CT	36	1655	2	1.996
CT	35	1795	1	0.996
CT	34	1925	1	0.996
CT	33	2244	2	1.995
CT	32	2679	1	0.994
CT	31	3256	2	1.993
CT	30	3381	0	0.000
CT	29	3772	6	5.992
CT	28	4325	6	5.991
CT	27	4787	2	1.990
CT	26	5395	3	2.988
CT	25	6220	1	0.986
CT	24	7195	0	0.000
CT	23	8320	2	-nan
CT	22	9779	4	-nan
CT	21	11111	3	-nan
CT	20	13017	2	-nan
CT	19	15441	1	-nan
CT	18	18670	4	-nan
CT	17	21857	6	-nan
CT	16	26050	3	-nan
CT	15	31986	4	-nan
CT	14	39701	2	-nan
CT	13	49625	3	-nan
CT	12	62552	2	-nan
CT	11	81907	2	-nan
CT	10	112098	14	-nan
CT	9	156276	13	-nan
CT	8	227836	17	-nan
CT	7	353388	16	-nan
CT	6	592897	30	-nan
CT	5	1092835	10	-nan
CT	4	2226171	24	-nan
CT	3	5273136	22	-nan
CT	2	16089183	35	-nan
CT	1	0	0	-nan
CT	0	0	5334	-nan
FR	2.25e-06	0
ER	4173902	0.000
CV	0.965
QV	43.846	43.846
