HS	1023	0	6970	6970
HS	1022	0	3	6973
HS	1021	0	4	6977
HS	1020	0	7	6984
HS	1019	0	5	6989
HS	1018	0	4	6993
HS	1017	0	7	7000
HS	1016	0	5	7005
HS	1015	0	6	7011
HS	1014	0	9	7020
HS	1013	0	7	7027
HS	1012	0	10	7037
HS	1011	0	7	7044
HS	1010	0	10	7054
HS	1009	0	11	7065
HS	1008	0	10	7075
HS	1007	0	5	7080
HS	1006	0	5	7085
HS	1005	0	6	7091
HS	1004	0	8	7099
HS	1003	0	9	7108
HS	1002	0	6	7114
HS	1001	0	11	7125
HS	1000	0	4	7129
HS	999	0	11	7140
HS	998	0	9	7149
HS	997	0	14	7163
HS	996	0	11	7174
HS	995	0	14	7188
HS	994	0	11	7199
HS	993	0	13	7212
HS	992	0	5	7217
HS	991	0	10	7227
HS	990	0	11	7238
HS	989	0	8	7246
HS	988	0	12	7258
HS	987	0	12	7270
HS	986	0	8	7278
HS	985	0	8	7286
HS	984	0	9	7295
HS	983	0	10	7305
HS	982	0	11	7316
HS	981	0	10	7326
HS	980	0	5	7331
HS	979	0	9	7340
HS	978	0	5	7345
HS	977	0	6	7351
HS	976	0	9	7360
HS	975	0	9	7369
HS	974	0	7	7376
HS	973	0	11	7387
HS	972	0	6	7393
HS	971	0	6	7399
HS	970	0	3	7402
HS	969	0	13	7415
HS	968	0	4	7419
HS	967	0	9	7428
HS	966	0	5	7433
HS	965	0	6	7439
HS	964	0	0	7439
HS	963	0	8	7447
HS	962	0	14	7461
HS	961	0	7	7468
HS	960	0	7	7475
HS	959	0	5	7480
HS	958	0	10	7490
HS	957	0	4	7494
HS	956	0	8	7502
HS	955	0	7	7509
HS	954	0	2	7511
HS	953	0	8	7519
HS	952	0	2	7521
HS	951	0	10	7531
HS	950	0	10	7541
HS	949	0	12	7553
HS	948	0	9	7562
HS	947	0	7	7569
HS	946	0	7	7576
HS	945	0	13	7589
HS	944	0	8	7597
HS	943	0	11	7608
HS	942	0	8	7616
HS	941	0	8	7624
HS	940	0	5	7629
HS	939	0	4	7633
HS	938	0	9	7642
HS	937	0	9	7651
HS	936	0	13	7664
HS	935	0	7	7671
HS	934	0	4	7675
HS	933	0	10	7685
HS	932	0	15	7700
HS	931	0	9	7709
HS	930	0	17	7726
HS	929	0	11	7737
HS	928	0	16	7753
HS	927	0	7	7760
HS	926	0	10	7770
HS	925	0	16	7786
HS	924	0	9	7795
HS	923	0	10	7805
HS	922	0	19	7824
HS	921	0	17	7841
HS	920	0	16	7857
HS	919	0	14	7871
HS	918	0	9	7880
HS	917	0	17	7897
HS	916	0	10	7907
HS	915	0	12	7919
HS	914	0	13	7932
HS	913	0	8	7940
HS	912	0	8	7948
HS	911	0	9	7957
HS	910	0	14	7971
HS	909	0	17	7988
HS	908	0	11	7999
HS	907	0	8	8007
HS	906	0	14	8021
HS	905	0	5	8026
HS	904	0	11	8037
HS	903	0	5	8042
HS	902	0	16	8058
HS	901	0	10	8068
HS	900	0	13	8081
HS	899	0	20	8101
HS	898	0	8	8109
HS	897	0	6	8115
HS	896	0	15	8130
HS	895	0	15	8145
HS	894	0	12	8157
HS	893	0	11	8168
HS	892	0	9	8177
HS	891	0	16	8193
HS	890	0	13	8206
HS	889	0	16	8222
HS	888	0	12	8234
HS	887	0	7	8241
HS	886	0	13	8254
HS	885	0	19	8273
HS	884	0	11	8284
HS	883	0	10	8294
HS	882	0	4	8298
HS	881	0	7	8305
HS	880	0	11	8316
HS	879	0	6	8322
HS	878	0	9	8331
HS	877	0	11	8342
HS	876	0	14	8356
HS	875	0	12	8368
HS	874	0	9	8377
HS	873	0	11	8388
HS	872	0	11	8399
HS	871	0	17	8416
HS	870	0	12	8428
HS	869	0	12	8440
HS	868	0	11	8451
HS	867	0	14	8465
HS	866	0	6	8471
HS	865	0	16	8487
HS	864	0	10	8497
HS	863	0	16	8513
HS	862	0	16	8529
HS	861	0	20	8549
HS	860	0	12	8561
HS	859	0	12	8573
HS	858	0	14	8587
HS	857	0	17	8604
HS	856	0	14	8618
HS	855	0	11	8629
HS	854	0	20	8649
HS	853	0	13	8662
HS	852	0	16	8678
HS	851	0	17	8695
HS	850	0	15	8710
HS	849	0	13	8723
HS	848	0	24	8747
HS	847	0	22	8769
HS	846	0	20	8789
HS	845	0	13	8802
HS	844	0	11	8813
HS	843	0	14	8827
HS	842	0	17	8844
HS	841	0	13	8857
HS	840	0	11	8868
HS	839	0	12	8880
HS	838	0	10	8890
HS	837	0	3	8893
HS	836	0	10	8903
HS	835	0	18	8921
HS	834	0	18	8939
HS	833	0	13	8952
HS	832	0	14	8966
HS	831	0	15	8981
HS	830	0	14	8995
HS	829	0	10	9005
HS	828	0	8	9013
HS	827	0	22	9035
HS	826	0	9	9044
HS	825	0	9	9053
HS	824	0	13	9066
HS	823	0	17	9083
HS	822	0	16	9099
HS	821	0	19	9118
HS	820	0	18	9136
HS	819	0	12	9148
HS	818	0	17	9165
HS	817	0	13	9178
HS	816	0	11	9189
HS	815	0	9	9198
HS	814	0	11	9209
HS	813	0	19	9228
HS	812	0	10	9238
HS	811	0	7	9245
HS	810	0	11	9256
HS	809	0	19	9275
HS	808	0	11	9286
HS	807	0	8	9294
HS	806	0	20	9314
HS	805	0	12	9326
HS	804	0	11	9337
HS	803	0	20	9357
HS	802	0	6	9363
HS	801	0	10	9373
HS	800	0	9	9382
HS	799	0	15	9397
HS	798	0	10	9407
HS	797	0	13	9420
HS	796	0	11	9431
HS	795	0	9	9440
HS	794	0	13	9453
HS	793	0	16	9469
HS	792	0	7	9476
HS	791	0	12	9488
HS	790	0	10	9498
HS	789	0	10	9508
HS	788	0	11	9519
HS	787	0	9	9528
HS	786	0	15	9543
HS	785	0	12	9555
HS	784	0	8	9563
HS	783	0	8	9571
HS	782	0	13	9584
HS	781	0	13	9597
HS	780	0	9	9606
HS	779	0	7	9613
HS	778	0	8	9621
HS	777	0	17	9638
HS	776	0	15	9653
HS	775	0	13	9666
HS	774	0	14	9680
HS	773	0	18	9698
HS	772	0	12	9710
HS	771	0	12	9722
HS	770	0	12	9734
HS	769	0	15	9749
HS	768	0	22	9771
HS	767	0	15	9786
HS	766	0	19	9805
HS	765	0	25	9830
HS	764	0	26	9856
HS	763	0	26	9882
HS	762	0	10	9892
HS	761	0	11	9903
HS	760	0	25	9928
HS	759	0	24	9952
HS	758	0	16	9968
HS	757	0	17	9985
HS	756	0	16	10001
HS	755	0	22	10023
HS	754	0	23	10046
HS	753	0	22	10068
HS	752	0	18	10086
HS	751	0	22	10108
HS	750	0	26	10134
HS	749	0	24	10158
HS	748	0	18	10176
HS	747	0	23	10199
HS	746	0	12	10211
HS	745	0	16	10227
HS	744	0	26	10253
HS	743	0	21	10274
HS	742	0	14	10288
HS	741	0	30	10318
HS	740	0	19	10337
HS	739	0	17	10354
HS	738	0	32	10386
HS	737	0	23	10409
HS	736	0	34	10443
HS	735	0	25	10468
HS	734	0	19	10487
HS	733	0	27	10514
HS	732	0	23	10537
HS	731	0	26	10563
HS	730	0	20	10583
HS	729	0	27	10610
HS	728	0	21	10631
HS	727	0	29	10660
HS	726	0	28	10688
HS	725	0	18	10706
HS	724	0	21	10727
HS	723	0	21	10748
HS	722	0	30	10778
HS	721	0	30	10808
HS	720	0	23	10831
HS	719	0	35	10866
HS	718	0	25	10891
HS	717	0	33	10924
HS	716	0	31	10955
HS	715	0	28	10983
HS	714	0	26	11009
HS	713	0	32	11041
HS	712	0	44	11085
HS	711	0	32	11117
HS	710	0	39	11156
HS	709	0	42	11198
HS	708	0	32	11230
HS	707	0	44	11274
HS	706	0	33	11307
HS	705	0	46	11353
HS	704	0	38	11391
HS	703	0	42	11433
HS	702	0	38	11471
HS	701	0	30	11501
HS	700	0	58	11559
HS	699	0	45	11604
HS	698	0	41	11645
HS	697	0	36	11681
HS	696	0	28	11709
HS	695	0	47	11756
HS	694	0	38	11794
HS	693	0	40	11834
HS	692	0	46	11880
HS	691	0	38	11918
HS	690	0	41	11959
HS	689	0	41	12000
HS	688	0	35	12035
HS	687	0	46	12081
HS	686	0	42	12123
HS	685	0	31	12154
HS	684	0	48	12202
HS	683	0	29	12231
HS	682	0	33	12264
HS	681	0	45	12309
HS	680	0	42	12351
HS	679	0	44	12395
HS	678	0	37	12432
HS	677	0	45	12477
HS	676	0	42	12519
HS	675	0	58	12577
HS	674	0	46	12623
HS	673	0	64	12687
HS	672	0	57	12744
HS	671	0	42	12786
HS	670	0	39	12825
HS	669	0	47	12872
HS	668	0	51	12923
HS	667	0	60	12983
HS	666	0	56	13039
HS	665	0	48	13087
HS	664	0	53	13140
HS	663	0	59	13199
HS	662	0	66	13265
HS	661	0	62	13327
HS	660	0	37	13364
HS	659	0	65	13429
HS	658	0	52	13481
HS	657	0	65	13546
HS	656	0	55	13601
HS	655	0	66	13667
HS	654	0	53	13720
HS	653	0	60	13780
HS	652	0	60	13840
HS	651	0	67	13907
HS	650	0	69	13976
HS	649	0	63	14039
HS	648	0	78	14117
HS	647	0	58	14175
HS	646	0	73	14248
HS	645	0	67	14315
HS	644	0	87	14402
HS	643	0	84	14486
HS	642	0	77	14563
HS	641	0	78	14641
HS	640	0	66	14707
HS	639	0	55	14762
HS	638	0	91	14853
HS	637	0	98	14951
HS	636	0	91	15042
HS	635	0	93	15135
HS	634	0	87	15222
HS	633	0	73	15295
HS	632	0	88	15383
HS	631	0	102	15485
HS	630	0	110	15595
HS	629	0	95	15690
HS	628	0	117	15807
HS	627	0	118	15925
HS	626	0	109	16034
HS	625	0	121	16155
HS	624	0	108	16263
HS	623	0	102	16365
HS	622	0	122	16487
HS	621	0	117	16604
HS	620	0	135	16739
HS	619	0	122	16861
HS	618	0	126	16987
HS	617	0	154	17141
HS	616	0	156	17297
HS	615	0	157	17454
HS	614	0	170	17624
HS	613	0	153	17777
HS	612	0	142	17919
HS	611	0	156	18075
HS	610	0	159	18234
HS	609	0	143	18377
HS	608	0	156	18533
HS	607	0	168	18701
HS	606	0	163	18864
HS	605	0	135	18999
HS	604	0	149	19148
HS	603	0	173	19321
HS	602	0	156	19477
HS	601	0	171	19648
HS	600	0	190	19838
HS	599	0	161	19999
HS	598	0	172	20171
HS	597	0	155	20326
HS	596	0	173	20499
HS	595	0	176	20675
HS	594	0	172	20847
HS	593	0	190	21037
HS	592	0	193	21230
HS	591	0	188	21418
HS	590	0	175	21593
HS	589	0	184	21777
HS	588	0	209	21986
HS	587	0	202	22188
HS	586	0	213	22401
HS	585	0	212	22613
HS	584	0	201	22814
HS	583	0	230	23044
HS	582	0	212	23256
HS	581	0	220	23476
HS	580	0	225	23701
HS	579	0	237	23938
HS	578	0	262	24200
HS	577	0	244	24444
HS	576	0	241	24685
HS	575	0	252	24937
HS	574	0	272	25209
HS	573	0	256	25465
HS	572	0	286	25751
HS	571	0	288	26039
HS	570	0	304	26343
HS	569	0	280	26623
HS	568	0	309	26932
HS	567	0	321	27253
HS	566	0	284	27537
HS	565	0	306	27843
HS	564	0	295	28138
HS	563	0	295	28433
HS	562	0	317	28750
HS	561	0	323	29073
HS	560	0	325	29398
HS	559	0	348	29746
HS	558	0	343	30089
HS	557	0	380	30469
HS	556	0	372	30841
HS	555	0	361	31202
HS	554	0	352	31554
HS	553	0	373	31927
HS	552	0	357	32284
HS	551	0	406	32690
HS	550	0	381	33071
HS	549	0	383	33454
HS	548	0	428	33882
HS	547	0	438	34320
HS	546	0	429	34749
HS	545	0	446	35195
HS	544	0	443	35638
HS	543	0	438	36076
HS	542	0	458	36534
HS	541	0	467	37001
HS	540	0	492	37493
HS	539	0	517	38010
HS	538	0	500	38510
HS	537	0	512	39022
HS	536	0	550	39572
HS	535	0	543	40115
HS	534	0	507	40622
HS	533	0	534	41156
HS	532	0	503	41659
HS	531	0	561	42220
HS	530	0	609	42829
HS	529	0	636	43465
HS	528	0	643	44108
HS	527	0	608	44716
HS	526	0	643	45359
HS	525	0	604	45963
HS	524	0	683	46646
HS	523	0	700	47346
HS	522	0	663	48009
HS	521	0	711	48720
HS	520	0	724	49444
HS	519	0	772	50216
HS	518	0	765	50981
HS	517	0	750	51731
HS	516	0	747	52478
HS	515	0	767	53245
HS	514	0	813	54058
HS	513	0	839	54897
HS	512	0	812	55709
HS	511	0	808	56517
HS	510	0	838	57355
HS	509	0	882	58237
HS	508	0	873	59110
HS	507	0	940	60050
HS	506	0	874	60924
HS	505	0	900	61824
HS	504	0	998	62822
HS	503	0	948	63770
HS	502	0	951	64721
HS	501	0	938	65659
HS	500	0	964	66623
HS	499	0	1011	67634
HS	498	0	1073	68707
HS	497	0	1021	69728
HS	496	0	1059	70787
HS	495	0	1084	71871
HS	494	0	1124	72995
HS	493	0	1133	74128
HS	492	0	1100	75228
HS	491	0	1148	76376
HS	490	0	1213	77589
HS	489	0	1214	78803
HS	488	0	1285	80088
HS	487	0	1287	81375
HS	486	0	1288	82663
HS	485	0	1325	83988
HS	484	0	1398	85386
HS	483	0	1473	86859
HS	482	0	1392	88251
HS	481	0	1466	89717
HS	480	0	1452	91169
HS	479	0	1616	92785
HS	478	0	1604	94389
HS	477	0	1601	95990
HS	476	0	1551	97541
HS	475	0	1684	99225
HS	474	0	1659	100884
HS	473	0	1704	102588
HS	472	0	1783	104371
HS	471	0	1807	106178
HS	470	0	1820	107998
HS	469	0	1914	109912
HS	468	0	1953	111865
HS	467	0	1992	113857
HS	466	0	2047	115904
HS	465	0	2088	117992
HS	464	0	2155	120147
HS	463	0	2141	122288
HS	462	0	2144	124432
HS	461	0	2418	126850
HS	460	0	2356	129206
HS	459	0	2449	131655
HS	458	0	2459	134114
HS	457	0	2409	136523
HS	456	0	2614	139137
HS	455	0	2615	141752
HS	454	0	2620	144372
HS	453	0	2533	146905
HS	452	0	2674	149579
HS	451	0	2680	152259
HS	450	0	2728	154987
HS	449	0	2750	157737
HS	448	0	2820	160557
HS	447	0	2792	163349
HS	446	0	2872	166221
HS	445	0	2916	169137
HS	444	0	2945	172082
HS	443	0	3136	175218
HS	442	0	3035	178253
HS	441	0	3190	181443
HS	440	0	3169	184612
HS	439	0	3341	187953
HS	438	0	3346	191299
HS	437	0	3424	194723
HS	436	0	3434	198157
HS	435	0	3566	201723
HS	434	0	3598	205321
HS	433	0	3774	209095
HS	432	0	3801	212896
HS	431	0	3893	216789
HS	430	0	3797	220586
HS	429	0	3939	224525
HS	428	0	4023	228548
HS	427	0	4128	232676
HS	426	0	4130	236806
HS	425	0	4440	241246
HS	424	0	4333	245579
HS	423	0	4426	250005
HS	422	0	4650	254655
HS	421	0	4581	259236
HS	420	0	4846	264082
HS	419	0	4964	269046
HS	418	0	4974	274020
HS	417	0	5096	279116
HS	416	0	5166	284282
HS	415	0	5252	289534
HS	414	0	5303	294837
HS	413	0	5425	300262
HS	412	0	5599	305861
HS	411	0	5647	311508
HS	410	0	5775	317283
HS	409	0	5932	323215
HS	408	0	6016	329231
HS	407	0	6150	335381
HS	406	0	6190	341571
HS	405	0	6369	347940
HS	404	0	6334	354274
HS	403	0	6491	360765
HS	402	0	6535	367300
HS	401	0	6521	373821
HS	400	0	6719	380540
HS	399	0	7002	387542
HS	398	0	7011	394553
HS	397	0	6997	401550
HS	396	0	7451	409001
HS	395	0	7460	416461
HS	394	0	7541	424002
HS	393	0	7503	431505
HS	392	0	7698	439203
HS	391	0	7766	446969
HS	390	0	7991	454960
HS	389	0	8078	463038
HS	388	0	8439	471477
HS	387	0	8432	479909
HS	386	0	8601	488510
HS	385	0	8727	497237
HS	384	0	8982	506219
HS	383	0	9114	515333
HS	382	0	9134	524467
HS	381	0	9435	533902
HS	380	0	9379	543281
HS	379	0	9709	552990
HS	378	0	9913	562903
HS	377	0	9990	572893
HS	376	0	10263	583156
HS	375	0	10634	593790
HS	374	0	10820	604610
HS	373	0	10782	615392
HS	372	0	11238	626630
HS	371	0	11204	637834
HS	370	0	11141	648975
HS	369	0	11429	660404
HS	368	0	11614	672018
HS	367	0	11722	683740
HS	366	0	11996	695736
HS	365	0	12189	707925
HS	364	0	12174	720099
HS	363	0	12509	732608
HS	362	0	12745	745353
HS	361	0	12792	758145
HS	360	0	12997	771142
HS	359	0	13059	784201
HS	358	0	13332	797533
HS	357	0	13574	811107
HS	356	0	13603	824710
HS	355	0	13909	838619
HS	354	0	13845	852464
HS	353	0	14088	866552
HS	352	0	14067	880619
HS	351	0	14367	894986
HS	350	0	14520	909506
HS	349	0	14683	924189
HS	348	0	14902	939091
HS	347	0	15104	954195
HS	346	0	15190	969385
HS	345	0	15393	984778
HS	344	0	15367	1000145
HS	343	0	15641	1015786
HS	342	0	15927	1031713
HS	341	0	16188	1047901
HS	340	0	16419	1064320
HS	339	0	16448	1080768
HS	338	0	16813	1097581
HS	337	0	16676	1114257
HS	336	0	16934	1131191
HS	335	0	17304	1148495
HS	334	0	17257	1165752
HS	333	0	17619	1183371
HS	332	0	17884	1201255
HS	331	0	18199	1219454
HS	330	0	18516	1237970
HS	329	0	18441	1256411
HS	328	0	18644	1275055
HS	327	0	19101	1294156
HS	326	0	18885	1313041
HS	325	0	18958	1331999
HS	324	0	19295	1351294
HS	323	0	19479	1370773
HS	322	0	19589	1390362
HS	321	0	19849	1410211
HS	320	0	20313	1430524
HS	319	0	20497	1451021
HS	318	0	20394	1471415
HS	317	0	20618	1492033
HS	316	0	20742	1512775
HS	315	0	20983	1533758
HS	314	0	20950	1554708
HS	313	0	21150	1575858
HS	312	0	21529	1597387
HS	311	0	21533	1618920
HS	310	0	21810	1640730
HS	309	0	22067	1662797
HS	308	0	22593	1685390
HS	307	0	22331	1707721
HS	306	0	22911	1730632
HS	305	0	22927	1753559
HS	304	0	22968	1776527
HS	303	0	23150	1799677
HS	302	0	23214	1822891
HS	301	0	23643	1846534
HS	300	0	23783	1870317
HS	299	0	23912	1894229
HS	298	0	23590	1917819
HS	297	0	24028	1941847
HS	296	0	24170	1966017
HS	295	0	24180	1990197
HS	294	0	24238	2014435
HS	293	0	24152	2038587
HS	292	0	24569	2063156
HS	291	0	24568	2087724
HS	290	0	24261	2111985
HS	289	0	24473	2136458
HS	288	0	24471	2160929
HS	287	0	24373	2185302
HS	286	0	24549	2209851
HS	285	0	24895	2234746
HS	284	0	24760	2259506
HS	283	0	24764	2284270
HS	282	0	24912	2309182
HS	281	0	25127	2334309
HS	280	0	25027	2359336
HS	279	0	24778	2384114
HS	278	0	24853	2408967
HS	277	0	24928	2433895
HS	276	0	25215	2459110
HS	275	0	24929	2484039
HS	274	0	24936	2508975
HS	273	0	24859	2533834
HS	272	0	24904	2558738
HS	271	0	25301	2584039
HS	270	0	25234	2609273
HS	269	0	24979	2634252
HS	268	0	25001	2659253
HS	267	0	25191	2684444
HS	266	0	24923	2709367
HS	265	0	25220	2734587
HS	264	0	24842	2759429
HS	263	0	24964	2784393
HS	262	0	24521	2808914
HS	261	0	24289	2833203
HS	260	0	24569	2857772
HS	259	0	24252	2882024
HS	258	0	24166	2906190
HS	257	0	23783	2929973
HS	256	0	23676	2953649
HS	255	0	23796	2977445
HS	254	0	23519	3000964
HS	253	0	23511	3024475
HS	252	0	23479	3047954
HS	251	0	23056	3071010
HS	250	0	23361	3094371
HS	249	0	23094	3117465
HS	248	0	22824	3140289
HS	247	0	22555	3162844
HS	246	0	22355	3185199
HS	245	0	22182	3207381
HS	244	0	21955	3229336
HS	243	0	21458	3250794
HS	242	0	21451	3272245
HS	241	0	21132	3293377
HS	240	0	21446	3314823
HS	239	0	21093	3335916
HS	238	0	20970	3356886
HS	237	0	20844	3377730
HS	236	0	20360	3398090
HS	235	0	20358	3418448
HS	234	0	20194	3438642
HS	233	0	19825	3458467
HS	232	0	19653	3478120
HS	231	0	19419	3497539
HS	230	0	19155	3516694
HS	229	0	18975	3535669
HS	228	0	18592	3554261
HS	227	0	18462	3572723
HS	226	0	17960	3590683
HS	225	0	17807	3608490
HS	224	0	17625	3626115
HS	223	0	17312	3643427
HS	222	0	16963	3660390
HS	221	0	16460	3676850
HS	220	0	16488	3693338
HS	219	0	16333	3709671
HS	218	0	16278	3725949
HS	217	0	15487	3741436
HS	216	0	15560	3756996
HS	215	0	15256	3772252
HS	214	0	14797	3787049
HS	213	0	14701	3801750
HS	212	0	14299	3816049
HS	211	0	14089	3830138
HS	210	0	13840	3843978
HS	209	0	13558	3857536
HS	208	0	13198	3870734
HS	207	0	12923	3883657
HS	206	0	12985	3896642
HS	205	0	12478	3909120
HS	204	0	12312	3921432
HS	203	0	12103	3933535
HS	202	0	11692	3945227
HS	201	0	11229	3956456
HS	200	0	11125	3967581
HS	199	0	10882	3978463
HS	198	0	10658	3989121
HS	197	0	10389	3999510
HS	196	0	10059	4009569
HS	195	0	10116	4019685
HS	194	0	9730	4029415
HS	193	0	9428	4038843
HS	192	0	9223	4048066
HS	191	0	8907	4056973
HS	190	0	8589	4065562
HS	189	0	8414	4073976
HS	188	0	8219	4082195
HS	187	0	8028	4090223
HS	186	0	7703	4097926
HS	185	0	7584	4105510
HS	184	0	7306	4112816
HS	183	0	7202	4120018
HS	182	0	7006	4127024
HS	181	0	6700	4133724
HS	180	0	6526	4140250
HS	179	0	6121	4146371
HS	178	0	5920	4152291
HS	177	0	5715	4158006
HS	176	0	5589	4163595
HS	175	0	5379	4168974
HS	174	0	5092	4174066
HS	173	0	4844	4178910
HS	172	0	4728	4183638
HS	171	0	4582	4188220
HS	170	0	4352	4192572
HS	169	0	4336	4196908
HS	168	0	4007	4200915
HS	167	0	3853	4204768
HS	166	0	3735	4208503
HS	165	0	3612	4212115
HS	164	0	3428	4215543
HS	163	0	3336	4218879
HS	162	0	3249	4222128
HS	161	0	3079	4225207
HS	160	0	2925	4228132
HS	159	0	2819	4230951
HS	158	0	2767	4233718
HS	157	0	2546	4236264
HS	156	0	2428	4238692
HS	155	0	2354	4241046
HS	154	0	2210	4243256
HS	153	0	2087	4245343
HS	152	0	2017	4247360
HS	151	0	1866	4249226
HS	150	0	1881	4251107
HS	149	0	1698	4252805
HS	148	0	1634	4254439
HS	147	0	1529	4255968
HS	146	0	1548	4257516
HS	145	0	1552	4259068
HS	144	0	1420	4260488
HS	143	0	1271	4261759
HS	142	0	1208	4262967
HS	141	0	1121	4264088
HS	140	0	1087	4265175
HS	139	0	1089	4266264
HS	138	0	1020	4267284
HS	137	0	956	4268240
HS	136	0	881	4269121
HS	135	0	932	4270053
HS	134	0	813	4270866
HS	133	0	713	4271579
HS	132	0	716	4272295
HS	131	0	702	4272997
HS	130	0	688	4273685
HS	129	0	614	4274299
HS	128	0	624	4274923
HS	127	0	640	4275563
HS	126	0	664	4276227
HS	125	0	585	4276812
HS	124	0	561	4277373
HS	123	0	537	4277910
HS	122	0	457	4278367
HS	121	0	448	4278815
HS	120	0	420	4279235
HS	119	0	391	4279626
HS	118	0	361	4279987
HS	117	0	405	4280392
HS	116	0	388	4280780
HS	115	0	389	4281169
HS	114	0	349	4281518
HS	113	0	362	4281880
HS	112	0	322	4282202
HS	111	0	275	4282477
HS	110	0	313	4282790
HS	109	0	248	4283038
HS	108	0	268	4283306
HS	107	0	243	4283549
HS	106	0	216	4283765
HS	105	0	227	4283992
HS	104	0	241	4284233
HS	103	0	206	4284439
HS	102	0	199	4284638
HS	101	0	143	4284781
HS	100	0	154	4284935
HS	99	0	155	4285090
HS	98	0	141	4285231
HS	97	0	142	4285373
HS	96	0	144	4285517
HS	95	0	130	4285647
HS	94	0	151	4285798
HS	93	0	151	4285949
HS	92	0	132	4286081
HS	91	0	129	4286210
HS	90	0	98	4286308
HS	89	0	112	4286420
HS	88	0	116	4286536
HS	87	0	111	4286647
HS	86	0	110	4286757
HS	85	0	94	4286851
HS	84	0	99	4286950
HS	83	0	100	4287050
HS	82	0	102	4287152
HS	81	0	95	4287247
HS	80	0	92	4287339
HS	79	0	87	4287426
HS	78	0	98	4287524
HS	77	0	71	4287595
HS	76	0	85	4287680
HS	75	0	80	4287760
HS	74	0	76	4287836
HS	73	0	82	4287918
HS	72	0	103	4288021
HS	71	0	107	4288128
HS	70	0	102	4288230
HS	69	0	112	4288342
HS	68	0	82	4288424
HS	67	0	118	4288542
HS	66	0	124	4288666
HS	65	0	139	4288805
HS	64	0	115	4288920
HS	63	0	151	4289071
HS	62	0	133	4289204
HS	61	0	168	4289372
HS	60	0	168	4289540
HS	59	0	175	4289715
HS	58	0	179	4289894
HS	57	0	184	4290078
HS	56	0	222	4290300
HS	55	0	244	4290544
HS	54	0	232	4290776
HS	53	0	285	4291061
HS	52	0	332	4291393
HS	51	0	331	4291724
HS	50	0	353	4292077
HS	49	0	375	4292452
HS	48	0	459	4292911
HS	47	0	506	4293417
HS	46	0	584	4294001
HS	45	0	617	4294618
HS	44	0	662	4295280
HS	43	0	790	4296070
HS	42	0	871	4296941
HS	41	0	975	4297916
HS	40	0	1068	4298984
HS	39	0	1164	4300148
HS	38	0	1229	4301377
HS	37	0	1396	4302773
HS	36	0	1655	4304428
HS	35	0	1795	4306223
HS	34	0	1925	4308148
HS	33	0	2244	4310392
HS	32	0	2679	4313071
HS	31	0	3256	4316327
HS	30	0	3381	4319708
HS	29	0	3772	4323480
HS	28	0	4325	4327805
HS	27	0	4787	4332592
HS	26	0	5395	4337987
HS	25	0	6220	4344207
HS	24	0	7195	4351402
HS	23	0	8320	4359722
HS	22	0	9779	4369501
HS	21	0	11111	4380612
HS	20	0	13017	4393629
HS	19	0	15441	4409070
HS	18	0	18670	4427740
HS	17	0	21857	4449597
HS	16	0	26050	4475647
HS	15	0	31986	4507633
HS	14	0	39701	4547334
HS	13	0	49625	4596959
HS	12	0	62552	4659511
HS	11	0	81907	4741418
HS	10	0	112098	4853516
HS	9	0	156276	5009792
HS	8	0	227836	5237628
HS	7	0	353388	5591016
HS	6	0	592897	6183913
HS	5	0	1092835	7276748
HS	4	0	2226171	9502919
HS	3	0	5273136	14776055
HS	2	0	16089183	30865238
HS	1	0	0	30865238
HS	0	0	0	30865238
