CC	CT  kmer_occurrence    short_read_kmer_count  raw_input_kmer_count  adjusted_input_kmer_count
CC	FR  fpr_lower_bound    fpr_upper_bound
CC	ER  total_input_kmers  adjusted_error_kmers
CC	CV  coverage
CC	QV  raw_quality_value  adjusted_quality_value
CC
SQ	JAUCEQ010000002.1	4144759	4144729	4144729	99.00
CT	1023	466462	504724	504724.000
CT	1022	3863	3801	3801.000
CT	1021	3725	3686	3686.000
CT	1020	3782	3731	3731.000
CT	1019	3817	3776	3776.000
CT	1018	3992	3963	3963.000
CT	1017	3940	3895	3895.000
CT	1016	4028	3988	3988.000
CT	1015	3968	3934	3934.000
CT	1014	4107	4066	4066.000
CT	1013	4097	4050	4050.000
CT	1012	4080	4046	4046.000
CT	1011	4183	4139	4139.000
CT	1010	4088	4049	4049.000
CT	1009	3994	3960	3960.000
CT	1008	4215	4181	4181.000
CT	1007	4121	4085	4085.000
CT	1006	4285	4253	4253.000
CT	1005	4157	4119	4119.000
CT	1004	4167	4145	4145.000
CT	1003	4398	4359	4359.000
CT	1002	4329	4286	4286.000
CT	1001	4376	4339	4339.000
CT	1000	4257	4225	4225.000
CT	999	4576	4519	4519.000
CT	998	4469	4421	4421.000
CT	997	4433	4387	4387.000
CT	996	4427	4373	4373.000
CT	995	4561	4527	4527.000
CT	994	4540	4492	4492.000
CT	993	4639	4611	4611.000
CT	992	4503	4469	4469.000
CT	991	4635	4590	4590.000
CT	990	4733	4677	4677.000
CT	989	4781	4738	4738.000
CT	988	4712	4665	4665.000
CT	987	4656	4616	4616.000
CT	986	4772	4721	4721.000
CT	985	4795	4755	4755.000
CT	984	4841	4808	4808.000
CT	983	4978	4952	4952.000
CT	982	4876	4836	4836.000
CT	981	5016	4972	4972.000
CT	980	4999	4970	4970.000
CT	979	4998	4965	4965.000
CT	978	5053	5022	5022.000
CT	977	5087	5041	5041.000
CT	976	4993	4962	4962.000
CT	975	5008	4959	4959.000
CT	974	5062	5026	5026.000
CT	973	5264	5224	5224.000
CT	972	5286	5252	5252.000
CT	971	5152	5114	5114.000
CT	970	5417	5360	5360.000
CT	969	5269	5235	5235.000
CT	968	5413	5362	5362.000
CT	967	5530	5478	5478.000
CT	966	5581	5528	5528.000
CT	965	5389	5353	5353.000
CT	964	5608	5566	5566.000
CT	963	5515	5475	5475.000
CT	962	5628	5597	5597.000
CT	961	5701	5656	5656.000
CT	960	5629	5591	5591.000
CT	959	5773	5740	5740.000
CT	958	5717	5681	5681.000
CT	957	5749	5704	5704.000
CT	956	5760	5724	5724.000
CT	955	5988	5940	5940.000
CT	954	5799	5744	5744.000
CT	953	6018	5987	5987.000
CT	952	6006	5975	5975.000
CT	951	5933	5898	5898.000
CT	950	6099	6054	6054.000
CT	949	6276	6236	6236.000
CT	948	6192	6157	6157.000
CT	947	6188	6146	6146.000
CT	946	6133	6101	6101.000
CT	945	6434	6392	6392.000
CT	944	6328	6292	6292.000
CT	943	6262	6229	6229.000
CT	942	6395	6347	6347.000
CT	941	6526	6480	6480.000
CT	940	6412	6384	6384.000
CT	939	6549	6507	6507.000
CT	938	6402	6370	6370.000
CT	937	6569	6527	6527.000
CT	936	6568	6537	6537.000
CT	935	6724	6685	6685.000
CT	934	6673	6643	6643.000
CT	933	6914	6900	6900.000
CT	932	6545	6510	6510.000
CT	931	6926	6893	6893.000
CT	930	6730	6683	6683.000
CT	929	6846	6816	6816.000
CT	928	7069	7047	7047.000
CT	927	7095	7065	7065.000
CT	926	6939	6914	6914.000
CT	925	6965	6939	6939.000
CT	924	7228	7201	7201.000
CT	923	7158	7127	7127.000
CT	922	7160	7145	7145.000
CT	921	7045	7025	7025.000
CT	920	7209	7186	7186.000
CT	919	7233	7201	7201.000
CT	918	7282	7254	7254.000
CT	917	7291	7254	7254.000
CT	916	7124	7104	7104.000
CT	915	7323	7292	7292.000
CT	914	7341	7314	7314.000
CT	913	7339	7316	7316.000
CT	912	7500	7473	7473.000
CT	911	7333	7311	7311.000
CT	910	7627	7602	7602.000
CT	909	7513	7486	7486.000
CT	908	7500	7476	7476.000
CT	907	7616	7589	7589.000
CT	906	7720	7698	7698.000
CT	905	7600	7581	7581.000
CT	904	7771	7748	7748.000
CT	903	7859	7832	7832.000
CT	902	7781	7759	7759.000
CT	901	7937	7912	7912.000
CT	900	7967	7940	7940.000
CT	899	8127	8091	8091.000
CT	898	7993	7973	7973.000
CT	897	8058	8038	8038.000
CT	896	8208	8189	8189.000
CT	895	8163	8129	8129.000
CT	894	8287	8255	8255.000
CT	893	8165	8132	8132.000
CT	892	8371	8333	8333.000
CT	891	8517	8496	8496.000
CT	890	8241	8215	8215.000
CT	889	8415	8395	8395.000
CT	888	8359	8332	8332.000
CT	887	8658	8627	8627.000
CT	886	8555	8537	8537.000
CT	885	8603	8583	8583.000
CT	884	8478	8455	8455.000
CT	883	8617	8595	8595.000
CT	882	8671	8655	8655.000
CT	881	8658	8641	8641.000
CT	880	8838	8814	8814.000
CT	879	8740	8716	8716.000
CT	878	8749	8720	8720.000
CT	877	8686	8663	8663.000
CT	876	8667	8650	8650.000
CT	875	8812	8792	8792.000
CT	874	8687	8666	8666.000
CT	873	8909	8889	8889.000
CT	872	8892	8877	8877.000
CT	871	8902	8887	8887.000
CT	870	9104	9084	9084.000
CT	869	8907	8894	8894.000
CT	868	9255	9235	9235.000
CT	867	9102	9075	9075.000
CT	866	9117	9098	9098.000
CT	865	9202	9181	9181.000
CT	864	9412	9389	9389.000
CT	863	9117	9108	9108.000
CT	862	9203	9190	9190.000
CT	861	9077	9064	9064.000
CT	860	9348	9329	9329.000
CT	859	9303	9295	9295.000
CT	858	9487	9467	9467.000
CT	857	9333	9310	9310.000
CT	856	9661	9638	9638.000
CT	855	9530	9509	9509.000
CT	854	9428	9414	9414.000
CT	853	9614	9592	9592.000
CT	852	9538	9522	9522.000
CT	851	9740	9722	9722.000
CT	850	9656	9636	9636.000
CT	849	9526	9501	9501.000
CT	848	9490	9483	9483.000
CT	847	9819	9809	9809.000
CT	846	9700	9690	9690.000
CT	845	9658	9647	9647.000
CT	844	9738	9722	9722.000
CT	843	9974	9965	9965.000
CT	842	9728	9715	9715.000
CT	841	9881	9869	9869.000
CT	840	9981	9969	9969.000
CT	839	10012	10000	10000.000
CT	838	10014	9998	9998.000
CT	837	10039	10025	10025.000
CT	836	10255	10243	10243.000
CT	835	9911	9899	9899.000
CT	834	10123	10111	10111.000
CT	833	10129	10117	10117.000
CT	832	10061	10049	10049.000
CT	831	10256	10248	10248.000
CT	830	10223	10211	10211.000
CT	829	9830	9816	9816.000
CT	828	10326	10314	10314.000
CT	827	10434	10424	10424.000
CT	826	10182	10177	10177.000
CT	825	10288	10274	10274.000
CT	824	10394	10390	10390.000
CT	823	10288	10277	10277.000
CT	822	10469	10463	10463.000
CT	821	10317	10306	10306.000
CT	820	10424	10414	10414.000
CT	819	10462	10446	10446.000
CT	818	10491	10478	10478.000
CT	817	10281	10273	10273.000
CT	816	10433	10422	10422.000
CT	815	10480	10473	10473.000
CT	814	10243	10228	10228.000
CT	813	10373	10362	10362.000
CT	812	10452	10452	10452.000
CT	811	10512	10506	10506.000
CT	810	10617	10606	10606.000
CT	809	10555	10546	10546.000
CT	808	10626	10619	10619.000
CT	807	10752	10741	10741.000
CT	806	10577	10573	10573.000
CT	805	10519	10510	10510.000
CT	804	10461	10458	10458.000
CT	803	10736	10727	10727.000
CT	802	10572	10565	10565.000
CT	801	10596	10593	10593.000
CT	800	10789	10785	10785.000
CT	799	10809	10808	10808.000
CT	798	10818	10816	10816.000
CT	797	10766	10762	10762.000
CT	796	10884	10877	10877.000
CT	795	10732	10724	10724.000
CT	794	10706	10691	10691.000
CT	793	10848	10844	10844.000
CT	792	10763	10751	10751.000
CT	791	10696	10690	10690.000
CT	790	10832	10824	10824.000
CT	789	10847	10837	10837.000
CT	788	10807	10802	10802.000
CT	787	10954	10941	10941.000
CT	786	10717	10713	10713.000
CT	785	10825	10817	10817.000
CT	784	10786	10779	10779.000
CT	783	10764	10761	10761.000
CT	782	10759	10753	10753.000
CT	781	10767	10766	10766.000
CT	780	10907	10906	10906.000
CT	779	10945	10939	10939.000
CT	778	10926	10921	10921.000
CT	777	10809	10807	10807.000
CT	776	10816	10816	10816.000
CT	775	10740	10739	10739.000
CT	774	10716	10714	10714.000
CT	773	10790	10789	10789.000
CT	772	11028	11031	11031.000
CT	771	11010	11007	11007.000
CT	770	10872	10875	10875.000
CT	769	10823	10820	10820.000
CT	768	10963	10960	10960.000
CT	767	10833	10826	10826.000
CT	766	10648	10646	10646.000
CT	765	10778	10773	10773.000
CT	764	10935	10934	10934.000
CT	763	10792	10792	10792.000
CT	762	11022	11020	11020.000
CT	761	10892	10890	10890.000
CT	760	10809	10809	10809.000
CT	759	10787	10783	10783.000
CT	758	10983	10982	10982.000
CT	757	10893	10889	10889.000
CT	756	10968	10965	10965.000
CT	755	10911	10912	10912.000
CT	754	11012	11008	11008.000
CT	753	10886	10884	10884.000
CT	752	10818	10811	10811.000
CT	751	10870	10869	10869.000
CT	750	10738	10734	10734.000
CT	749	10855	10847	10847.000
CT	748	10874	10869	10869.000
CT	747	10718	10716	10716.000
CT	746	10702	10701	10701.000
CT	745	10634	10628	10628.000
CT	744	10805	10801	10801.000
CT	743	10730	10726	10726.000
CT	742	10640	10633	10633.000
CT	741	10498	10494	10494.000
CT	740	10401	10401	10401.000
CT	739	10519	10516	10516.000
CT	738	10264	10262	10262.000
CT	737	10367	10364	10364.000
CT	736	10366	10360	10360.000
CT	735	10287	10281	10281.000
CT	734	10461	10459	10459.000
CT	733	10190	10187	10187.000
CT	732	10348	10346	10346.000
CT	731	10134	10130	10130.000
CT	730	10248	10244	10244.000
CT	729	10198	10197	10197.000
CT	728	10116	10113	10113.000
CT	727	10315	10312	10312.000
CT	726	10312	10310	10310.000
CT	725	10097	10094	10094.000
CT	724	10262	10259	10259.000
CT	723	10214	10212	10212.000
CT	722	10369	10367	10367.000
CT	721	10299	10297	10297.000
CT	720	10112	10108	10108.000
CT	719	10063	10060	10060.000
CT	718	10302	10296	10296.000
CT	717	10007	10004	10004.000
CT	716	9806	9802	9802.000
CT	715	9788	9784	9784.000
CT	714	9901	9899	9899.000
CT	713	9973	9966	9966.000
CT	712	9799	9794	9794.000
CT	711	9838	9831	9831.000
CT	710	9733	9726	9726.000
CT	709	9735	9728	9728.000
CT	708	9615	9609	9609.000
CT	707	9613	9609	9609.000
CT	706	9338	9335	9335.000
CT	705	9503	9496	9496.000
CT	704	9489	9486	9486.000
CT	703	9357	9349	9349.000
CT	702	9418	9411	9411.000
CT	701	9445	9439	9439.000
CT	700	9331	9319	9319.000
CT	699	9283	9278	9278.000
CT	698	9127	9122	9122.000
CT	697	9265	9262	9262.000
CT	696	8860	8857	8857.000
CT	695	9195	9185	9185.000
CT	694	9004	8995	8995.000
CT	693	9138	9127	9127.000
CT	692	8995	8987	8987.000
CT	691	8941	8936	8936.000
CT	690	8871	8866	8866.000
CT	689	8875	8869	8869.000
CT	688	8740	8733	8733.000
CT	687	8716	8710	8710.000
CT	686	8524	8518	8518.000
CT	685	8613	8613	8613.000
CT	684	8376	8372	8372.000
CT	683	8665	8663	8663.000
CT	682	8390	8388	8388.000
CT	681	8544	8543	8543.000
CT	680	8502	8497	8497.000
CT	679	8525	8522	8522.000
CT	678	8259	8255	8255.000
CT	677	8380	8376	8376.000
CT	676	8313	8311	8311.000
CT	675	8200	8199	8199.000
CT	674	8180	8179	8179.000
CT	673	8063	8059	8059.000
CT	672	8109	8100	8100.000
CT	671	8130	8128	8128.000
CT	670	8160	8160	8160.000
CT	669	8045	8040	8040.000
CT	668	7935	7929	7929.000
CT	667	7908	7904	7904.000
CT	666	7944	7938	7938.000
CT	665	7976	7973	7973.000
CT	664	7776	7774	7774.000
CT	663	7748	7747	7747.000
CT	662	7631	7629	7629.000
CT	661	7625	7624	7624.000
CT	660	7479	7479	7479.000
CT	659	7551	7548	7548.000
CT	658	7478	7476	7476.000
CT	657	7564	7564	7564.000
CT	656	7364	7364	7364.000
CT	655	7384	7381	7381.000
CT	654	7140	7139	7139.000
CT	653	7241	7241	7241.000
CT	652	7058	7056	7056.000
CT	651	7143	7142	7142.000
CT	650	7119	7119	7119.000
CT	649	6984	6983	6983.000
CT	648	7066	7063	7063.000
CT	647	7062	7059	7059.000
CT	646	7092	7087	7087.000
CT	645	6907	6906	6906.000
CT	644	6681	6681	6681.000
CT	643	6712	6709	6709.000
CT	642	6827	6823	6823.000
CT	641	6636	6629	6629.000
CT	640	6689	6685	6685.000
CT	639	6495	6490	6490.000
CT	638	6299	6297	6297.000
CT	637	6430	6427	6427.000
CT	636	6347	6346	6346.000
CT	635	6270	6268	6268.000
CT	634	6298	6298	6298.000
CT	633	6072	6070	6070.000
CT	632	6333	6332	6332.000
CT	631	6150	6147	6147.000
CT	630	6138	6137	6137.000
CT	629	6066	6064	6064.000
CT	628	5939	5936	5936.000
CT	627	5976	5975	5975.000
CT	626	5792	5790	5790.000
CT	625	5790	5790	5790.000
CT	624	5709	5706	5706.000
CT	623	5778	5777	5777.000
CT	622	5548	5545	5545.000
CT	621	5687	5683	5683.000
CT	620	5594	5593	5593.000
CT	619	5517	5515	5515.000
CT	618	5346	5346	5346.000
CT	617	5310	5307	5307.000
CT	616	5141	5138	5138.000
CT	615	5119	5118	5118.000
CT	614	5093	5092	5092.000
CT	613	4874	4871	4871.000
CT	612	5038	5035	5035.000
CT	611	4890	4887	4887.000
CT	610	4835	4835	4835.000
CT	609	4890	4885	4885.000
CT	608	4778	4777	4777.000
CT	607	4667	4667	4667.000
CT	606	4556	4555	4555.000
CT	605	4639	4639	4639.000
CT	604	4414	4414	4414.000
CT	603	4296	4295	4295.000
CT	602	4345	4344	4344.000
CT	601	4282	4281	4281.000
CT	600	4355	4354	4354.000
CT	599	4147	4146	4146.000
CT	598	4154	4151	4151.000
CT	597	4108	4106	4106.000
CT	596	4110	4106	4106.000
CT	595	4076	4073	4073.000
CT	594	3853	3850	3850.000
CT	593	3884	3882	3882.000
CT	592	3850	3846	3846.000
CT	591	3814	3810	3810.000
CT	590	3846	3843	3843.000
CT	589	3683	3679	3679.000
CT	588	3633	3631	3631.000
CT	587	3703	3699	3699.000
CT	586	3534	3529	3529.000
CT	585	3577	3574	3574.000
CT	584	3520	3517	3517.000
CT	583	3411	3407	3407.000
CT	582	3392	3387	3387.000
CT	581	3311	3310	3310.000
CT	580	3211	3209	3209.000
CT	579	3327	3320	3320.000
CT	578	3208	3198	3198.000
CT	577	3172	3169	3169.000
CT	576	3160	3158	3158.000
CT	575	3028	3025	3025.000
CT	574	3044	3044	3044.000
CT	573	2969	2963	2963.000
CT	572	2894	2893	2893.000
CT	571	2802	2801	2801.000
CT	570	2825	2821	2821.000
CT	569	2763	2761	2761.000
CT	568	2744	2739	2739.000
CT	567	2728	2724	2724.000
CT	566	2718	2713	2713.000
CT	565	2676	2672	2672.000
CT	564	2616	2612	2612.000
CT	563	2504	2501	2501.000
CT	562	2448	2446	2446.000
CT	561	2413	2409	2409.000
CT	560	2368	2366	2366.000
CT	559	2406	2403	2403.000
CT	558	2373	2372	2372.000
CT	557	2329	2326	2326.000
CT	556	2284	2280	2280.000
CT	555	2246	2245	2245.000
CT	554	2234	2228	2228.000
CT	553	2254	2254	2254.000
CT	552	2104	2100	2100.000
CT	551	2157	2155	2155.000
CT	550	2057	2056	2056.000
CT	549	2045	2045	2045.000
CT	548	2039	2039	2039.000
CT	547	1937	1932	1932.000
CT	546	1916	1912	1912.000
CT	545	1900	1897	1897.000
CT	544	1897	1895	1895.000
CT	543	1832	1830	1830.000
CT	542	1824	1822	1822.000
CT	541	1765	1762	1762.000
CT	540	1694	1692	1692.000
CT	539	1674	1672	1672.000
CT	538	1625	1625	1625.000
CT	537	1593	1592	1592.000
CT	536	1553	1551	1551.000
CT	535	1598	1596	1596.000
CT	534	1550	1548	1548.000
CT	533	1482	1480	1480.000
CT	532	1528	1527	1527.000
CT	531	1444	1441	1441.000
CT	530	1385	1383	1383.000
CT	529	1355	1352	1352.000
CT	528	1353	1351	1351.000
CT	527	1289	1287	1287.000
CT	526	1284	1281	1281.000
CT	525	1274	1274	1274.000
CT	524	1347	1345	1345.000
CT	523	1233	1231	1231.000
CT	522	1246	1243	1243.000
CT	521	1162	1160	1160.000
CT	520	1129	1124	1124.000
CT	519	1116	1113	1113.000
CT	518	1125	1121	1121.000
CT	517	1083	1078	1078.000
CT	516	1098	1094	1094.000
CT	515	1011	1005	1005.000
CT	514	962	959	959.000
CT	513	973	968	968.000
CT	512	1055	1053	1053.000
CT	511	944	943	943.000
CT	510	896	893	893.000
CT	509	841	838	838.000
CT	508	858	854	854.000
CT	507	863	860	860.000
CT	506	807	806	806.000
CT	505	819	820	820.000
CT	504	751	749	749.000
CT	503	749	746	746.000
CT	502	750	748	748.000
CT	501	769	766	766.000
CT	500	760	756	756.000
CT	499	714	706	706.000
CT	498	658	654	654.000
CT	497	672	672	672.000
CT	496	665	664	664.000
CT	495	661	660	660.000
CT	494	635	634	634.000
CT	493	600	597	597.000
CT	492	644	641	641.000
CT	491	597	596	596.000
CT	490	591	585	585.000
CT	489	543	542	542.000
CT	488	523	522	522.000
CT	487	540	537	537.000
CT	486	549	542	542.000
CT	485	514	509	509.000
CT	484	465	463	463.000
CT	483	456	455	455.000
CT	482	460	456	456.000
CT	481	460	456	456.000
CT	480	413	412	412.000
CT	479	438	433	433.000
CT	478	438	438	438.000
CT	477	410	404	404.000
CT	476	384	379	379.000
CT	475	396	394	394.000
CT	474	358	358	358.000
CT	473	377	375	375.000
CT	472	319	317	317.000
CT	471	311	309	309.000
CT	470	307	306	306.000
CT	469	309	303	303.000
CT	468	289	286	286.000
CT	467	283	283	283.000
CT	466	261	258	258.000
CT	465	261	258	258.000
CT	464	254	250	250.000
CT	463	252	249	249.000
CT	462	251	250	250.000
CT	461	230	228	228.000
CT	460	204	203	203.000
CT	459	194	193	193.000
CT	458	203	203	203.000
CT	457	203	204	204.000
CT	456	218	217	217.000
CT	455	183	185	185.000
CT	454	182	180	180.000
CT	453	199	199	199.000
CT	452	163	161	161.000
CT	451	153	149	149.000
CT	450	188	189	189.000
CT	449	172	170	170.000
CT	448	149	150	150.000
CT	447	164	165	165.000
CT	446	163	161	161.000
CT	445	172	169	169.000
CT	444	152	152	152.000
CT	443	139	138	138.000
CT	442	131	130	130.000
CT	441	142	142	142.000
CT	440	140	141	141.000
CT	439	140	143	143.000
CT	438	106	107	107.000
CT	437	125	123	123.000
CT	436	106	107	107.000
CT	435	97	98	98.000
CT	434	109	106	106.000
CT	433	108	110	110.000
CT	432	109	110	110.000
CT	431	86	88	88.000
CT	430	95	94	94.000
CT	429	99	101	101.000
CT	428	90	90	90.000
CT	427	94	94	94.000
CT	426	91	90	90.000
CT	425	101	98	98.000
CT	424	76	75	75.000
CT	423	68	67	67.000
CT	422	69	67	67.000
CT	421	67	64	64.000
CT	420	66	66	66.000
CT	419	55	54	54.000
CT	418	53	52	52.000
CT	417	50	49	49.000
CT	416	53	49	49.000
CT	415	52	50	50.000
CT	414	57	55	55.000
CT	413	42	42	42.000
CT	412	37	35	35.000
CT	411	35	35	35.000
CT	410	34	33	33.000
CT	409	33	33	33.000
CT	408	38	37	37.000
CT	407	28	27	27.000
CT	406	40	40	40.000
CT	405	35	35	35.000
CT	404	35	35	35.000
CT	403	37	37	37.000
CT	402	24	24	24.000
CT	401	33	32	32.000
CT	400	30	30	30.000
CT	399	26	26	26.000
CT	398	21	21	21.000
CT	397	37	37	37.000
CT	396	16	16	16.000
CT	395	19	19	19.000
CT	394	10	10	10.000
CT	393	18	18	18.000
CT	392	25	25	25.000
CT	391	17	17	17.000
CT	390	22	22	22.000
CT	389	16	16	16.000
CT	388	26	26	26.000
CT	387	28	27	27.000
CT	386	10	9	9.000
CT	385	17	17	17.000
CT	384	15	15	15.000
CT	383	13	13	13.000
CT	382	16	16	16.000
CT	381	12	12	12.000
CT	380	15	15	15.000
CT	379	9	9	9.000
CT	378	10	10	10.000
CT	377	7	7	7.000
CT	376	8	8	8.000
CT	375	7	7	7.000
CT	374	5	5	5.000
CT	373	5	5	5.000
CT	372	5	5	5.000
CT	371	7	7	7.000
CT	370	5	5	5.000
CT	369	3	3	3.000
CT	368	5	5	5.000
CT	367	6	6	6.000
CT	366	4	3	3.000
CT	365	2	2	2.000
CT	364	1	1	1.000
CT	363	1	1	1.000
CT	362	3	3	3.000
CT	361	2	2	2.000
CT	360	3	2	2.000
CT	359	6	6	6.000
CT	358	2	2	2.000
CT	357	6	6	6.000
CT	356	4	3	3.000
CT	355	6	5	5.000
CT	354	5	5	5.000
CT	353	5	5	5.000
CT	352	1	1	1.000
CT	351	2	2	2.000
CT	350	2	1	1.000
CT	349	2	2	2.000
CT	348	6	5	5.000
CT	347	9	8	8.000
CT	346	6	6	6.000
CT	345	2	2	2.000
CT	344	2	2	2.000
CT	343	6	6	6.000
CT	342	4	4	4.000
CT	341	6	5	5.000
CT	340	10	9	9.000
CT	339	5	5	5.000
CT	338	4	3	3.000
CT	337	0	0	0.000
CT	336	1	1	1.000
CT	335	2	2	2.000
CT	334	1	1	1.000
CT	333	2	1	1.000
CT	332	1	1	1.000
CT	331	4	3	3.000
CT	330	4	4	4.000
CT	329	5	4	4.000
CT	328	2	2	2.000
CT	327	3	3	3.000
CT	326	3	3	3.000
CT	325	0	0	0.000
CT	324	0	0	0.000
CT	323	0	0	0.000
CT	322	1	1	1.000
CT	321	0	0	0.000
CT	320	2	1	1.000
CT	319	0	0	0.000
CT	318	0	0	0.000
CT	317	0	0	0.000
CT	316	1	1	1.000
CT	315	1	0	0.000
CT	314	3	0	0.000
CT	313	0	0	0.000
CT	312	1	1	1.000
CT	311	1	1	1.000
CT	310	0	0	0.000
CT	309	0	0	0.000
CT	308	0	0	0.000
CT	307	2	1	1.000
CT	306	0	0	0.000
CT	305	0	0	0.000
CT	304	0	0	0.000
CT	303	1	1	1.000
CT	302	0	0	0.000
CT	301	1	1	1.000
CT	300	0	0	0.000
CT	299	1	1	1.000
CT	298	1	1	1.000
CT	297	0	0	0.000
CT	296	2	2	2.000
CT	295	1	0	0.000
CT	294	1	1	1.000
CT	293	1	1	1.000
CT	292	2	2	2.000
CT	291	1	1	1.000
CT	290	1	1	1.000
CT	289	0	0	0.000
CT	288	1	1	1.000
CT	287	1	1	1.000
CT	286	0	0	0.000
CT	285	1	1	1.000
CT	284	0	0	0.000
CT	283	1	0	0.000
CT	282	1	1	1.000
CT	281	1	1	1.000
CT	280	2	0	0.000
CT	279	1	1	1.000
CT	278	0	0	0.000
CT	277	0	0	0.000
CT	276	0	0	0.000
CT	275	2	0	0.000
CT	274	1	0	0.000
CT	273	0	0	0.000
CT	272	0	0	0.000
CT	271	2	0	0.000
CT	270	2	0	0.000
CT	269	1	0	0.000
CT	268	1	1	1.000
CT	267	1	0	0.000
CT	266	2	0	0.000
CT	265	2	0	0.000
CT	264	3	0	0.000
CT	263	2	0	0.000
CT	262	1	0	0.000
CT	261	1	0	0.000
CT	260	0	0	0.000
CT	259	1	0	0.000
CT	258	1	1	1.000
CT	257	0	0	0.000
CT	256	1	1	1.000
CT	255	1	0	0.000
CT	254	0	0	0.000
CT	253	0	0	0.000
CT	252	2	1	1.000
CT	251	2	0	0.000
CT	250	4	0	0.000
CT	249	0	0	0.000
CT	248	1	1	1.000
CT	247	2	2	2.000
CT	246	2	2	2.000
CT	245	2	2	2.000
CT	244	0	0	0.000
CT	243	3	1	1.000
CT	242	0	0	0.000
CT	241	0	0	0.000
CT	240	2	1	1.000
CT	239	3	2	2.000
CT	238	1	0	0.000
CT	237	1	0	0.000
CT	236	1	1	1.000
CT	235	2	0	0.000
CT	234	0	0	0.000
CT	233	2	0	0.000
CT	232	3	2	2.000
CT	231	1	0	0.000
CT	230	1	0	0.000
CT	229	0	0	0.000
CT	228	2	0	0.000
CT	227	1	0	0.000
CT	226	0	0	0.000
CT	225	1	0	0.000
CT	224	3	0	0.000
CT	223	1	1	1.000
CT	222	1	1	1.000
CT	221	3	1	1.000
CT	220	1	1	1.000
CT	219	2	2	2.000
CT	218	1	1	1.000
CT	217	2	1	1.000
CT	216	2	2	2.000
CT	215	3	0	0.000
CT	214	1	1	1.000
CT	213	3	0	0.000
CT	212	2	1	1.000
CT	211	3	0	0.000
CT	210	3	2	2.000
CT	209	1	0	0.000
CT	208	2	1	1.000
CT	207	3	1	1.000
CT	206	0	0	0.000
CT	205	3	1	1.000
CT	204	2	0	0.000
CT	203	2	0	0.000
CT	202	3	0	0.000
CT	201	0	0	0.000
CT	200	1	0	0.000
CT	199	2	0	0.000
CT	198	2	0	0.000
CT	197	2	0	0.000
CT	196	1	0	0.000
CT	195	0	0	0.000
CT	194	1	0	0.000
CT	193	2	0	0.000
CT	192	2	0	0.000
CT	191	1	0	0.000
CT	190	1	0	0.000
CT	189	2	0	0.000
CT	188	3	0	0.000
CT	187	1	0	0.000
CT	186	4	1	1.000
CT	185	3	0	0.000
CT	184	3	0	0.000
CT	183	3	0	0.000
CT	182	0	0	0.000
CT	181	1	0	0.000
CT	180	0	0	0.000
CT	179	3	0	0.000
CT	178	1	0	0.000
CT	177	6	0	0.000
CT	176	6	0	0.000
CT	175	3	0	0.000
CT	174	7	0	0.000
CT	173	2	0	0.000
CT	172	4	0	0.000
CT	171	6	1	1.000
CT	170	10	0	0.000
CT	169	6	0	0.000
CT	168	5	0	0.000
CT	167	8	1	1.000
CT	166	7	1	1.000
CT	165	3	0	0.000
CT	164	9	1	1.000
CT	163	9	0	0.000
CT	162	6	0	0.000
CT	161	6	0	0.000
CT	160	3	0	0.000
CT	159	6	0	0.000
CT	158	5	0	0.000
CT	157	4	0	0.000
CT	156	6	0	0.000
CT	155	4	0	0.000
CT	154	3	0	0.000
CT	153	8	0	0.000
CT	152	5	0	0.000
CT	151	3	0	0.000
CT	150	4	0	0.000
CT	149	8	0	0.000
CT	148	7	1	1.000
CT	147	8	2	2.000
CT	146	8	1	1.000
CT	145	10	0	0.000
CT	144	9	1	1.000
CT	143	16	1	1.000
CT	142	10	0	0.000
CT	141	10	0	0.000
CT	140	22	0	0.000
CT	139	15	0	0.000
CT	138	17	0	0.000
CT	137	19	0	0.000
CT	136	15	0	0.000
CT	135	18	0	0.000
CT	134	18	0	0.000
CT	133	21	0	0.000
CT	132	27	0	0.000
CT	131	24	0	0.000
CT	130	21	0	0.000
CT	129	22	0	0.000
CT	128	25	0	0.000
CT	127	30	0	0.000
CT	126	37	0	0.000
CT	125	43	0	0.000
CT	124	28	0	0.000
CT	123	38	0	0.000
CT	122	19	0	0.000
CT	121	29	0	0.000
CT	120	45	0	0.000
CT	119	42	0	0.000
CT	118	39	0	0.000
CT	117	47	0	0.000
CT	116	45	0	0.000
CT	115	34	0	0.000
CT	114	38	0	0.000
CT	113	32	0	0.000
CT	112	49	0	0.000
CT	111	50	0	0.000
CT	110	38	0	0.000
CT	109	52	0	0.000
CT	108	59	0	0.000
CT	107	54	0	0.000
CT	106	48	0	0.000
CT	105	54	0	0.000
CT	104	54	0	0.000
CT	103	61	0	0.000
CT	102	58	0	0.000
CT	101	70	0	0.000
CT	100	65	0	0.000
CT	99	86	0	0.000
CT	98	91	0	0.000
CT	97	85	0	0.000
CT	96	89	0	0.000
CT	95	108	0	0.000
CT	94	99	0	0.000
CT	93	80	0	0.000
CT	92	97	0	0.000
CT	91	127	0	0.000
CT	90	122	0	0.000
CT	89	144	0	0.000
CT	88	135	0	0.000
CT	87	122	0	0.000
CT	86	143	0	0.000
CT	85	134	0	0.000
CT	84	175	0	0.000
CT	83	176	0	0.000
CT	82	208	0	0.000
CT	81	234	0	0.000
CT	80	217	0	0.000
CT	79	235	0	0.000
CT	78	266	0	0.000
CT	77	265	0	0.000
CT	76	276	0	0.000
CT	75	307	0	0.000
CT	74	366	0	0.000
CT	73	352	0	0.000
CT	72	368	0	0.000
CT	71	370	0	0.000
CT	70	418	0	0.000
CT	69	440	0	0.000
CT	68	540	0	0.000
CT	67	514	0	0.000
CT	66	446	0	0.000
CT	65	545	0	0.000
CT	64	592	0	0.000
CT	63	564	0	0.000
CT	62	661	0	0.000
CT	61	776	0	0.000
CT	60	764	0	0.000
CT	59	798	0	0.000
CT	58	909	0	0.000
CT	57	1029	0	0.000
CT	56	1071	0	0.000
CT	55	1064	0	0.000
CT	54	1144	0	0.000
CT	53	1339	0	0.000
CT	52	1360	0	0.000
CT	51	1475	0	0.000
CT	50	1595	0	0.000
CT	49	1840	0	0.000
CT	48	1924	0	0.000
CT	47	2046	0	0.000
CT	46	2201	0	0.000
CT	45	2272	0	0.000
CT	44	2388	0	0.000
CT	43	2675	0	0.000
CT	42	2971	0	0.000
CT	41	3318	0	0.000
CT	40	3512	0	0.000
CT	39	3746	0	0.000
CT	38	4119	0	0.000
CT	37	4540	0	0.000
CT	36	4899	0	0.000
CT	35	5317	0	0.000
CT	34	5716	0	0.000
CT	33	6257	0	0.000
CT	32	6894	0	0.000
CT	31	7856	0	0.000
CT	30	8486	0	0.000
CT	29	9365	0	0.000
CT	28	10650	0	0.000
CT	27	11944	0	0.000
CT	26	14268	0	0.000
CT	25	16027	0	0.000
CT	24	18670	0	0.000
CT	23	22580	0	0.000
CT	22	27250	0	0.000
CT	21	32499	0	0.000
CT	20	39282	0	0.000
CT	19	47293	0	0.000
CT	18	56477	0	0.000
CT	17	68435	0	0.000
CT	16	85381	0	0.000
CT	15	107520	0	0.000
CT	14	141081	0	0.000
CT	13	188984	0	0.000
CT	12	263201	0	0.000
CT	11	370473	0	0.000
CT	10	535941	0	0.000
CT	9	781847	0	0.000
CT	8	1138017	0	0.000
CT	7	1675329	0	0.000
CT	6	2495739	0	0.000
CT	5	3897375	0	0.000
CT	4	6674309	0	0.000
CT	3	13416484	0	0.000
CT	2	33491934	0	0.000
CT	1	0	0	-nan
CT	0	0	0	-nan
FR	0	0
ER	4144729	0.000
CV	1.000
QV	inf	inf
