HS	1023	0	466462	466462
HS	1022	0	3863	470325
HS	1021	0	3725	474050
HS	1020	0	3782	477832
HS	1019	0	3817	481649
HS	1018	0	3992	485641
HS	1017	0	3940	489581
HS	1016	0	4028	493609
HS	1015	0	3968	497577
HS	1014	0	4107	501684
HS	1013	0	4097	505781
HS	1012	0	4080	509861
HS	1011	0	4183	514044
HS	1010	0	4088	518132
HS	1009	0	3994	522126
HS	1008	0	4215	526341
HS	1007	0	4121	530462
HS	1006	0	4285	534747
HS	1005	0	4157	538904
HS	1004	0	4167	543071
HS	1003	0	4398	547469
HS	1002	0	4329	551798
HS	1001	0	4376	556174
HS	1000	0	4257	560431
HS	999	0	4576	565007
HS	998	0	4469	569476
HS	997	0	4433	573909
HS	996	0	4427	578336
HS	995	0	4561	582897
HS	994	0	4540	587437
HS	993	0	4639	592076
HS	992	0	4503	596579
HS	991	0	4635	601214
HS	990	0	4733	605947
HS	989	0	4781	610728
HS	988	0	4712	615440
HS	987	0	4656	620096
HS	986	0	4772	624868
HS	985	0	4795	629663
HS	984	0	4841	634504
HS	983	0	4978	639482
HS	982	0	4876	644358
HS	981	0	5016	649374
HS	980	0	4999	654373
HS	979	0	4998	659371
HS	978	0	5053	664424
HS	977	0	5087	669511
HS	976	0	4993	674504
HS	975	0	5008	679512
HS	974	0	5062	684574
HS	973	0	5264	689838
HS	972	0	5286	695124
HS	971	0	5152	700276
HS	970	0	5417	705693
HS	969	0	5269	710962
HS	968	0	5413	716375
HS	967	0	5530	721905
HS	966	0	5581	727486
HS	965	0	5389	732875
HS	964	0	5608	738483
HS	963	0	5515	743998
HS	962	0	5628	749626
HS	961	0	5701	755327
HS	960	0	5629	760956
HS	959	0	5773	766729
HS	958	0	5717	772446
HS	957	0	5749	778195
HS	956	0	5760	783955
HS	955	0	5988	789943
HS	954	0	5799	795742
HS	953	0	6018	801760
HS	952	0	6006	807766
HS	951	0	5933	813699
HS	950	0	6099	819798
HS	949	0	6276	826074
HS	948	0	6192	832266
HS	947	0	6188	838454
HS	946	0	6133	844587
HS	945	0	6434	851021
HS	944	0	6328	857349
HS	943	0	6262	863611
HS	942	0	6395	870006
HS	941	0	6526	876532
HS	940	0	6412	882944
HS	939	0	6549	889493
HS	938	0	6402	895895
HS	937	0	6569	902464
HS	936	0	6568	909032
HS	935	0	6724	915756
HS	934	0	6673	922429
HS	933	0	6914	929343
HS	932	0	6545	935888
HS	931	0	6926	942814
HS	930	0	6730	949544
HS	929	0	6846	956390
HS	928	0	7069	963459
HS	927	0	7095	970554
HS	926	0	6939	977493
HS	925	0	6965	984458
HS	924	0	7228	991686
HS	923	0	7158	998844
HS	922	0	7160	1006004
HS	921	0	7045	1013049
HS	920	0	7209	1020258
HS	919	0	7233	1027491
HS	918	0	7282	1034773
HS	917	0	7291	1042064
HS	916	0	7124	1049188
HS	915	0	7323	1056511
HS	914	0	7341	1063852
HS	913	0	7339	1071191
HS	912	0	7500	1078691
HS	911	0	7333	1086024
HS	910	0	7627	1093651
HS	909	0	7513	1101164
HS	908	0	7500	1108664
HS	907	0	7616	1116280
HS	906	0	7720	1124000
HS	905	0	7600	1131600
HS	904	0	7771	1139371
HS	903	0	7859	1147230
HS	902	0	7781	1155011
HS	901	0	7937	1162948
HS	900	0	7967	1170915
HS	899	0	8127	1179042
HS	898	0	7993	1187035
HS	897	0	8058	1195093
HS	896	0	8208	1203301
HS	895	0	8163	1211464
HS	894	0	8287	1219751
HS	893	0	8165	1227916
HS	892	0	8371	1236287
HS	891	0	8517	1244804
HS	890	0	8241	1253045
HS	889	0	8415	1261460
HS	888	0	8359	1269819
HS	887	0	8658	1278477
HS	886	0	8555	1287032
HS	885	0	8603	1295635
HS	884	0	8478	1304113
HS	883	0	8617	1312730
HS	882	0	8671	1321401
HS	881	0	8658	1330059
HS	880	0	8838	1338897
HS	879	0	8740	1347637
HS	878	0	8749	1356386
HS	877	0	8686	1365072
HS	876	0	8667	1373739
HS	875	0	8812	1382551
HS	874	0	8687	1391238
HS	873	0	8909	1400147
HS	872	0	8892	1409039
HS	871	0	8902	1417941
HS	870	0	9104	1427045
HS	869	0	8907	1435952
HS	868	0	9255	1445207
HS	867	0	9102	1454309
HS	866	0	9117	1463426
HS	865	0	9202	1472628
HS	864	0	9412	1482040
HS	863	0	9117	1491157
HS	862	0	9203	1500360
HS	861	0	9077	1509437
HS	860	0	9348	1518785
HS	859	0	9303	1528088
HS	858	0	9487	1537575
HS	857	0	9333	1546908
HS	856	0	9661	1556569
HS	855	0	9530	1566099
HS	854	0	9428	1575527
HS	853	0	9614	1585141
HS	852	0	9538	1594679
HS	851	0	9740	1604419
HS	850	0	9656	1614075
HS	849	0	9526	1623601
HS	848	0	9490	1633091
HS	847	0	9819	1642910
HS	846	0	9700	1652610
HS	845	0	9658	1662268
HS	844	0	9738	1672006
HS	843	0	9974	1681980
HS	842	0	9728	1691708
HS	841	0	9881	1701589
HS	840	0	9981	1711570
HS	839	0	10012	1721582
HS	838	0	10014	1731596
HS	837	0	10039	1741635
HS	836	0	10255	1751890
HS	835	0	9911	1761801
HS	834	0	10123	1771924
HS	833	0	10129	1782053
HS	832	0	10061	1792114
HS	831	0	10256	1802370
HS	830	0	10223	1812593
HS	829	0	9830	1822423
HS	828	0	10326	1832749
HS	827	0	10434	1843183
HS	826	0	10182	1853365
HS	825	0	10288	1863653
HS	824	0	10394	1874047
HS	823	0	10288	1884335
HS	822	0	10469	1894804
HS	821	0	10317	1905121
HS	820	0	10424	1915545
HS	819	0	10462	1926007
HS	818	0	10491	1936498
HS	817	0	10281	1946779
HS	816	0	10433	1957212
HS	815	0	10480	1967692
HS	814	0	10243	1977935
HS	813	0	10373	1988308
HS	812	0	10452	1998760
HS	811	0	10512	2009272
HS	810	0	10617	2019889
HS	809	0	10555	2030444
HS	808	0	10626	2041070
HS	807	0	10752	2051822
HS	806	0	10577	2062399
HS	805	0	10519	2072918
HS	804	0	10461	2083379
HS	803	0	10736	2094115
HS	802	0	10572	2104687
HS	801	0	10596	2115283
HS	800	0	10789	2126072
HS	799	0	10809	2136881
HS	798	0	10818	2147699
HS	797	0	10766	2158465
HS	796	0	10884	2169349
HS	795	0	10732	2180081
HS	794	0	10706	2190787
HS	793	0	10848	2201635
HS	792	0	10763	2212398
HS	791	0	10696	2223094
HS	790	0	10832	2233926
HS	789	0	10847	2244773
HS	788	0	10807	2255580
HS	787	0	10954	2266534
HS	786	0	10717	2277251
HS	785	0	10825	2288076
HS	784	0	10786	2298862
HS	783	0	10764	2309626
HS	782	0	10759	2320385
HS	781	0	10767	2331152
HS	780	0	10907	2342059
HS	779	0	10945	2353004
HS	778	0	10926	2363930
HS	777	0	10809	2374739
HS	776	0	10816	2385555
HS	775	0	10740	2396295
HS	774	0	10716	2407011
HS	773	0	10790	2417801
HS	772	0	11028	2428829
HS	771	0	11010	2439839
HS	770	0	10872	2450711
HS	769	0	10823	2461534
HS	768	0	10963	2472497
HS	767	0	10833	2483330
HS	766	0	10648	2493978
HS	765	0	10778	2504756
HS	764	0	10935	2515691
HS	763	0	10792	2526483
HS	762	0	11022	2537505
HS	761	0	10892	2548397
HS	760	0	10809	2559206
HS	759	0	10787	2569993
HS	758	0	10983	2580976
HS	757	0	10893	2591869
HS	756	0	10968	2602837
HS	755	0	10911	2613748
HS	754	0	11012	2624760
HS	753	0	10886	2635646
HS	752	0	10818	2646464
HS	751	0	10870	2657334
HS	750	0	10738	2668072
HS	749	0	10855	2678927
HS	748	0	10874	2689801
HS	747	0	10718	2700519
HS	746	0	10702	2711221
HS	745	0	10634	2721855
HS	744	0	10805	2732660
HS	743	0	10730	2743390
HS	742	0	10640	2754030
HS	741	0	10498	2764528
HS	740	0	10401	2774929
HS	739	0	10519	2785448
HS	738	0	10264	2795712
HS	737	0	10367	2806079
HS	736	0	10366	2816445
HS	735	0	10287	2826732
HS	734	0	10461	2837193
HS	733	0	10190	2847383
HS	732	0	10348	2857731
HS	731	0	10134	2867865
HS	730	0	10248	2878113
HS	729	0	10198	2888311
HS	728	0	10116	2898427
HS	727	0	10315	2908742
HS	726	0	10312	2919054
HS	725	0	10097	2929151
HS	724	0	10262	2939413
HS	723	0	10214	2949627
HS	722	0	10369	2959996
HS	721	0	10299	2970295
HS	720	0	10112	2980407
HS	719	0	10063	2990470
HS	718	0	10302	3000772
HS	717	0	10007	3010779
HS	716	0	9806	3020585
HS	715	0	9788	3030373
HS	714	0	9901	3040274
HS	713	0	9973	3050247
HS	712	0	9799	3060046
HS	711	0	9838	3069884
HS	710	0	9733	3079617
HS	709	0	9735	3089352
HS	708	0	9615	3098967
HS	707	0	9613	3108580
HS	706	0	9338	3117918
HS	705	0	9503	3127421
HS	704	0	9489	3136910
HS	703	0	9357	3146267
HS	702	0	9418	3155685
HS	701	0	9445	3165130
HS	700	0	9331	3174461
HS	699	0	9283	3183744
HS	698	0	9127	3192871
HS	697	0	9265	3202136
HS	696	0	8860	3210996
HS	695	0	9195	3220191
HS	694	0	9004	3229195
HS	693	0	9138	3238333
HS	692	0	8995	3247328
HS	691	0	8941	3256269
HS	690	0	8871	3265140
HS	689	0	8875	3274015
HS	688	0	8740	3282755
HS	687	0	8716	3291471
HS	686	0	8524	3299995
HS	685	0	8613	3308608
HS	684	0	8376	3316984
HS	683	0	8665	3325649
HS	682	0	8390	3334039
HS	681	0	8544	3342583
HS	680	0	8502	3351085
HS	679	0	8525	3359610
HS	678	0	8259	3367869
HS	677	0	8380	3376249
HS	676	0	8313	3384562
HS	675	0	8200	3392762
HS	674	0	8180	3400942
HS	673	0	8063	3409005
HS	672	0	8109	3417114
HS	671	0	8130	3425244
HS	670	0	8160	3433404
HS	669	0	8045	3441449
HS	668	0	7935	3449384
HS	667	0	7908	3457292
HS	666	0	7944	3465236
HS	665	0	7976	3473212
HS	664	0	7776	3480988
HS	663	0	7748	3488736
HS	662	0	7631	3496367
HS	661	0	7625	3503992
HS	660	0	7479	3511471
HS	659	0	7551	3519022
HS	658	0	7478	3526500
HS	657	0	7564	3534064
HS	656	0	7364	3541428
HS	655	0	7384	3548812
HS	654	0	7140	3555952
HS	653	0	7241	3563193
HS	652	0	7058	3570251
HS	651	0	7143	3577394
HS	650	0	7119	3584513
HS	649	0	6984	3591497
HS	648	0	7066	3598563
HS	647	0	7062	3605625
HS	646	0	7092	3612717
HS	645	0	6907	3619624
HS	644	0	6681	3626305
HS	643	0	6712	3633017
HS	642	0	6827	3639844
HS	641	0	6636	3646480
HS	640	0	6689	3653169
HS	639	0	6495	3659664
HS	638	0	6299	3665963
HS	637	0	6430	3672393
HS	636	0	6347	3678740
HS	635	0	6270	3685010
HS	634	0	6298	3691308
HS	633	0	6072	3697380
HS	632	0	6333	3703713
HS	631	0	6150	3709863
HS	630	0	6138	3716001
HS	629	0	6066	3722067
HS	628	0	5939	3728006
HS	627	0	5976	3733982
HS	626	0	5792	3739774
HS	625	0	5790	3745564
HS	624	0	5709	3751273
HS	623	0	5778	3757051
HS	622	0	5548	3762599
HS	621	0	5687	3768286
HS	620	0	5594	3773880
HS	619	0	5517	3779397
HS	618	0	5346	3784743
HS	617	0	5310	3790053
HS	616	0	5141	3795194
HS	615	0	5119	3800313
HS	614	0	5093	3805406
HS	613	0	4874	3810280
HS	612	0	5038	3815318
HS	611	0	4890	3820208
HS	610	0	4835	3825043
HS	609	0	4890	3829933
HS	608	0	4778	3834711
HS	607	0	4667	3839378
HS	606	0	4556	3843934
HS	605	0	4639	3848573
HS	604	0	4414	3852987
HS	603	0	4296	3857283
HS	602	0	4345	3861628
HS	601	0	4282	3865910
HS	600	0	4355	3870265
HS	599	0	4147	3874412
HS	598	0	4154	3878566
HS	597	0	4108	3882674
HS	596	0	4110	3886784
HS	595	0	4076	3890860
HS	594	0	3853	3894713
HS	593	0	3884	3898597
HS	592	0	3850	3902447
HS	591	0	3814	3906261
HS	590	0	3846	3910107
HS	589	0	3683	3913790
HS	588	0	3633	3917423
HS	587	0	3703	3921126
HS	586	0	3534	3924660
HS	585	0	3577	3928237
HS	584	0	3520	3931757
HS	583	0	3411	3935168
HS	582	0	3392	3938560
HS	581	0	3311	3941871
HS	580	0	3211	3945082
HS	579	0	3327	3948409
HS	578	0	3208	3951617
HS	577	0	3172	3954789
HS	576	0	3160	3957949
HS	575	0	3028	3960977
HS	574	0	3044	3964021
HS	573	0	2969	3966990
HS	572	0	2894	3969884
HS	571	0	2802	3972686
HS	570	0	2825	3975511
HS	569	0	2763	3978274
HS	568	0	2744	3981018
HS	567	0	2728	3983746
HS	566	0	2718	3986464
HS	565	0	2676	3989140
HS	564	0	2616	3991756
HS	563	0	2504	3994260
HS	562	0	2448	3996708
HS	561	0	2413	3999121
HS	560	0	2368	4001489
HS	559	0	2406	4003895
HS	558	0	2373	4006268
HS	557	0	2329	4008597
HS	556	0	2284	4010881
HS	555	0	2246	4013127
HS	554	0	2234	4015361
HS	553	0	2254	4017615
HS	552	0	2104	4019719
HS	551	0	2157	4021876
HS	550	0	2057	4023933
HS	549	0	2045	4025978
HS	548	0	2039	4028017
HS	547	0	1937	4029954
HS	546	0	1916	4031870
HS	545	0	1900	4033770
HS	544	0	1897	4035667
HS	543	0	1832	4037499
HS	542	0	1824	4039323
HS	541	0	1765	4041088
HS	540	0	1694	4042782
HS	539	0	1674	4044456
HS	538	0	1625	4046081
HS	537	0	1593	4047674
HS	536	0	1553	4049227
HS	535	0	1598	4050825
HS	534	0	1550	4052375
HS	533	0	1482	4053857
HS	532	0	1528	4055385
HS	531	0	1444	4056829
HS	530	0	1385	4058214
HS	529	0	1355	4059569
HS	528	0	1353	4060922
HS	527	0	1289	4062211
HS	526	0	1284	4063495
HS	525	0	1274	4064769
HS	524	0	1347	4066116
HS	523	0	1233	4067349
HS	522	0	1246	4068595
HS	521	0	1162	4069757
HS	520	0	1129	4070886
HS	519	0	1116	4072002
HS	518	0	1125	4073127
HS	517	0	1083	4074210
HS	516	0	1098	4075308
HS	515	0	1011	4076319
HS	514	0	962	4077281
HS	513	0	973	4078254
HS	512	0	1055	4079309
HS	511	0	944	4080253
HS	510	0	896	4081149
HS	509	0	841	4081990
HS	508	0	858	4082848
HS	507	0	863	4083711
HS	506	0	807	4084518
HS	505	0	819	4085337
HS	504	0	751	4086088
HS	503	0	749	4086837
HS	502	0	750	4087587
HS	501	0	769	4088356
HS	500	0	760	4089116
HS	499	0	714	4089830
HS	498	0	658	4090488
HS	497	0	672	4091160
HS	496	0	665	4091825
HS	495	0	661	4092486
HS	494	0	635	4093121
HS	493	0	600	4093721
HS	492	0	644	4094365
HS	491	0	597	4094962
HS	490	0	591	4095553
HS	489	0	543	4096096
HS	488	0	523	4096619
HS	487	0	540	4097159
HS	486	0	549	4097708
HS	485	0	514	4098222
HS	484	0	465	4098687
HS	483	0	456	4099143
HS	482	0	460	4099603
HS	481	0	460	4100063
HS	480	0	413	4100476
HS	479	0	438	4100914
HS	478	0	438	4101352
HS	477	0	410	4101762
HS	476	0	384	4102146
HS	475	0	396	4102542
HS	474	0	358	4102900
HS	473	0	377	4103277
HS	472	0	319	4103596
HS	471	0	311	4103907
HS	470	0	307	4104214
HS	469	0	309	4104523
HS	468	0	289	4104812
HS	467	0	283	4105095
HS	466	0	261	4105356
HS	465	0	261	4105617
HS	464	0	254	4105871
HS	463	0	252	4106123
HS	462	0	251	4106374
HS	461	0	230	4106604
HS	460	0	204	4106808
HS	459	0	194	4107002
HS	458	0	203	4107205
HS	457	0	203	4107408
HS	456	0	218	4107626
HS	455	0	183	4107809
HS	454	0	182	4107991
HS	453	0	199	4108190
HS	452	0	163	4108353
HS	451	0	153	4108506
HS	450	0	188	4108694
HS	449	0	172	4108866
HS	448	0	149	4109015
HS	447	0	164	4109179
HS	446	0	163	4109342
HS	445	0	172	4109514
HS	444	0	152	4109666
HS	443	0	139	4109805
HS	442	0	131	4109936
HS	441	0	142	4110078
HS	440	0	140	4110218
HS	439	0	140	4110358
HS	438	0	106	4110464
HS	437	0	125	4110589
HS	436	0	106	4110695
HS	435	0	97	4110792
HS	434	0	109	4110901
HS	433	0	108	4111009
HS	432	0	109	4111118
HS	431	0	86	4111204
HS	430	0	95	4111299
HS	429	0	99	4111398
HS	428	0	90	4111488
HS	427	0	94	4111582
HS	426	0	91	4111673
HS	425	0	101	4111774
HS	424	0	76	4111850
HS	423	0	68	4111918
HS	422	0	69	4111987
HS	421	0	67	4112054
HS	420	0	66	4112120
HS	419	0	55	4112175
HS	418	0	53	4112228
HS	417	0	50	4112278
HS	416	0	53	4112331
HS	415	0	52	4112383
HS	414	0	57	4112440
HS	413	0	42	4112482
HS	412	0	37	4112519
HS	411	0	35	4112554
HS	410	0	34	4112588
HS	409	0	33	4112621
HS	408	0	38	4112659
HS	407	0	28	4112687
HS	406	0	40	4112727
HS	405	0	35	4112762
HS	404	0	35	4112797
HS	403	0	37	4112834
HS	402	0	24	4112858
HS	401	0	33	4112891
HS	400	0	30	4112921
HS	399	0	26	4112947
HS	398	0	21	4112968
HS	397	0	37	4113005
HS	396	0	16	4113021
HS	395	0	19	4113040
HS	394	0	10	4113050
HS	393	0	18	4113068
HS	392	0	25	4113093
HS	391	0	17	4113110
HS	390	0	22	4113132
HS	389	0	16	4113148
HS	388	0	26	4113174
HS	387	0	28	4113202
HS	386	0	10	4113212
HS	385	0	17	4113229
HS	384	0	15	4113244
HS	383	0	13	4113257
HS	382	0	16	4113273
HS	381	0	12	4113285
HS	380	0	15	4113300
HS	379	0	9	4113309
HS	378	0	10	4113319
HS	377	0	7	4113326
HS	376	0	8	4113334
HS	375	0	7	4113341
HS	374	0	5	4113346
HS	373	0	5	4113351
HS	372	0	5	4113356
HS	371	0	7	4113363
HS	370	0	5	4113368
HS	369	0	3	4113371
HS	368	0	5	4113376
HS	367	0	6	4113382
HS	366	0	4	4113386
HS	365	0	2	4113388
HS	364	0	1	4113389
HS	363	0	1	4113390
HS	362	0	3	4113393
HS	361	0	2	4113395
HS	360	0	3	4113398
HS	359	0	6	4113404
HS	358	0	2	4113406
HS	357	0	6	4113412
HS	356	0	4	4113416
HS	355	0	6	4113422
HS	354	0	5	4113427
HS	353	0	5	4113432
HS	352	0	1	4113433
HS	351	0	2	4113435
HS	350	0	2	4113437
HS	349	0	2	4113439
HS	348	0	6	4113445
HS	347	0	9	4113454
HS	346	0	6	4113460
HS	345	0	2	4113462
HS	344	0	2	4113464
HS	343	0	6	4113470
HS	342	0	4	4113474
HS	341	0	6	4113480
HS	340	0	10	4113490
HS	339	0	5	4113495
HS	338	0	4	4113499
HS	337	0	0	4113499
HS	336	0	1	4113500
HS	335	0	2	4113502
HS	334	0	1	4113503
HS	333	0	2	4113505
HS	332	0	1	4113506
HS	331	0	4	4113510
HS	330	0	4	4113514
HS	329	0	5	4113519
HS	328	0	2	4113521
HS	327	0	3	4113524
HS	326	0	3	4113527
HS	325	0	0	4113527
HS	324	0	0	4113527
HS	323	0	0	4113527
HS	322	0	1	4113528
HS	321	0	0	4113528
HS	320	0	2	4113530
HS	319	0	0	4113530
HS	318	0	0	4113530
HS	317	0	0	4113530
HS	316	0	1	4113531
HS	315	0	1	4113532
HS	314	0	3	4113535
HS	313	0	0	4113535
HS	312	0	1	4113536
HS	311	0	1	4113537
HS	310	0	0	4113537
HS	309	0	0	4113537
HS	308	0	0	4113537
HS	307	0	2	4113539
HS	306	0	0	4113539
HS	305	0	0	4113539
HS	304	0	0	4113539
HS	303	0	1	4113540
HS	302	0	0	4113540
HS	301	0	1	4113541
HS	300	0	0	4113541
HS	299	0	1	4113542
HS	298	0	1	4113543
HS	297	0	0	4113543
HS	296	0	2	4113545
HS	295	0	1	4113546
HS	294	0	1	4113547
HS	293	0	1	4113548
HS	292	0	2	4113550
HS	291	0	1	4113551
HS	290	0	1	4113552
HS	289	0	0	4113552
HS	288	0	1	4113553
HS	287	0	1	4113554
HS	286	0	0	4113554
HS	285	0	1	4113555
HS	284	0	0	4113555
HS	283	0	1	4113556
HS	282	0	1	4113557
HS	281	0	1	4113558
HS	280	0	2	4113560
HS	279	0	1	4113561
HS	278	0	0	4113561
HS	277	0	0	4113561
HS	276	0	0	4113561
HS	275	0	2	4113563
HS	274	0	1	4113564
HS	273	0	0	4113564
HS	272	0	0	4113564
HS	271	0	2	4113566
HS	270	0	2	4113568
HS	269	0	1	4113569
HS	268	0	1	4113570
HS	267	0	1	4113571
HS	266	0	2	4113573
HS	265	0	2	4113575
HS	264	0	3	4113578
HS	263	0	2	4113580
HS	262	0	1	4113581
HS	261	0	1	4113582
HS	260	0	0	4113582
HS	259	0	1	4113583
HS	258	0	1	4113584
HS	257	0	0	4113584
HS	256	0	1	4113585
HS	255	0	1	4113586
HS	254	0	0	4113586
HS	253	0	0	4113586
HS	252	0	2	4113588
HS	251	0	2	4113590
HS	250	0	4	4113594
HS	249	0	0	4113594
HS	248	0	1	4113595
HS	247	0	2	4113597
HS	246	0	2	4113599
HS	245	0	2	4113601
HS	244	0	0	4113601
HS	243	0	3	4113604
HS	242	0	0	4113604
HS	241	0	0	4113604
HS	240	0	2	4113606
HS	239	0	3	4113609
HS	238	0	1	4113610
HS	237	0	1	4113611
HS	236	0	1	4113612
HS	235	0	2	4113614
HS	234	0	0	4113614
HS	233	0	2	4113616
HS	232	0	3	4113619
HS	231	0	1	4113620
HS	230	0	1	4113621
HS	229	0	0	4113621
HS	228	0	2	4113623
HS	227	0	1	4113624
HS	226	0	0	4113624
HS	225	0	1	4113625
HS	224	0	3	4113628
HS	223	0	1	4113629
HS	222	0	1	4113630
HS	221	0	3	4113633
HS	220	0	1	4113634
HS	219	0	2	4113636
HS	218	0	1	4113637
HS	217	0	2	4113639
HS	216	0	2	4113641
HS	215	0	3	4113644
HS	214	0	1	4113645
HS	213	0	3	4113648
HS	212	0	2	4113650
HS	211	0	3	4113653
HS	210	0	3	4113656
HS	209	0	1	4113657
HS	208	0	2	4113659
HS	207	0	3	4113662
HS	206	0	0	4113662
HS	205	0	3	4113665
HS	204	0	2	4113667
HS	203	0	2	4113669
HS	202	0	3	4113672
HS	201	0	0	4113672
HS	200	0	1	4113673
HS	199	0	2	4113675
HS	198	0	2	4113677
HS	197	0	2	4113679
HS	196	0	1	4113680
HS	195	0	0	4113680
HS	194	0	1	4113681
HS	193	0	2	4113683
HS	192	0	2	4113685
HS	191	0	1	4113686
HS	190	0	1	4113687
HS	189	0	2	4113689
HS	188	0	3	4113692
HS	187	0	1	4113693
HS	186	0	4	4113697
HS	185	0	3	4113700
HS	184	0	3	4113703
HS	183	0	3	4113706
HS	182	0	0	4113706
HS	181	0	1	4113707
HS	180	0	0	4113707
HS	179	0	3	4113710
HS	178	0	1	4113711
HS	177	0	6	4113717
HS	176	0	6	4113723
HS	175	0	3	4113726
HS	174	0	7	4113733
HS	173	0	2	4113735
HS	172	0	4	4113739
HS	171	0	6	4113745
HS	170	0	10	4113755
HS	169	0	6	4113761
HS	168	0	5	4113766
HS	167	0	8	4113774
HS	166	0	7	4113781
HS	165	0	3	4113784
HS	164	0	9	4113793
HS	163	0	9	4113802
HS	162	0	6	4113808
HS	161	0	6	4113814
HS	160	0	3	4113817
HS	159	0	6	4113823
HS	158	0	5	4113828
HS	157	0	4	4113832
HS	156	0	6	4113838
HS	155	0	4	4113842
HS	154	0	3	4113845
HS	153	0	8	4113853
HS	152	0	5	4113858
HS	151	0	3	4113861
HS	150	0	4	4113865
HS	149	0	8	4113873
HS	148	0	7	4113880
HS	147	0	8	4113888
HS	146	0	8	4113896
HS	145	0	10	4113906
HS	144	0	9	4113915
HS	143	0	16	4113931
HS	142	0	10	4113941
HS	141	0	10	4113951
HS	140	0	22	4113973
HS	139	0	15	4113988
HS	138	0	17	4114005
HS	137	0	19	4114024
HS	136	0	15	4114039
HS	135	0	18	4114057
HS	134	0	18	4114075
HS	133	0	21	4114096
HS	132	0	27	4114123
HS	131	0	24	4114147
HS	130	0	21	4114168
HS	129	0	22	4114190
HS	128	0	25	4114215
HS	127	0	30	4114245
HS	126	0	37	4114282
HS	125	0	43	4114325
HS	124	0	28	4114353
HS	123	0	38	4114391
HS	122	0	19	4114410
HS	121	0	29	4114439
HS	120	0	45	4114484
HS	119	0	42	4114526
HS	118	0	39	4114565
HS	117	0	47	4114612
HS	116	0	45	4114657
HS	115	0	34	4114691
HS	114	0	38	4114729
HS	113	0	32	4114761
HS	112	0	49	4114810
HS	111	0	50	4114860
HS	110	0	38	4114898
HS	109	0	52	4114950
HS	108	0	59	4115009
HS	107	0	54	4115063
HS	106	0	48	4115111
HS	105	0	54	4115165
HS	104	0	54	4115219
HS	103	0	61	4115280
HS	102	0	58	4115338
HS	101	0	70	4115408
HS	100	0	65	4115473
HS	99	0	86	4115559
HS	98	0	91	4115650
HS	97	0	85	4115735
HS	96	0	89	4115824
HS	95	0	108	4115932
HS	94	0	99	4116031
HS	93	0	80	4116111
HS	92	0	97	4116208
HS	91	0	127	4116335
HS	90	0	122	4116457
HS	89	0	144	4116601
HS	88	0	135	4116736
HS	87	0	122	4116858
HS	86	0	143	4117001
HS	85	0	134	4117135
HS	84	0	175	4117310
HS	83	0	176	4117486
HS	82	0	208	4117694
HS	81	0	234	4117928
HS	80	0	217	4118145
HS	79	0	235	4118380
HS	78	0	266	4118646
HS	77	0	265	4118911
HS	76	0	276	4119187
HS	75	0	307	4119494
HS	74	0	366	4119860
HS	73	0	352	4120212
HS	72	0	368	4120580
HS	71	0	370	4120950
HS	70	0	418	4121368
HS	69	0	440	4121808
HS	68	0	540	4122348
HS	67	0	514	4122862
HS	66	0	446	4123308
HS	65	0	545	4123853
HS	64	0	592	4124445
HS	63	0	564	4125009
HS	62	0	661	4125670
HS	61	0	776	4126446
HS	60	0	764	4127210
HS	59	0	798	4128008
HS	58	0	909	4128917
HS	57	0	1029	4129946
HS	56	0	1071	4131017
HS	55	0	1064	4132081
HS	54	0	1144	4133225
HS	53	0	1339	4134564
HS	52	0	1360	4135924
HS	51	0	1475	4137399
HS	50	0	1595	4138994
HS	49	0	1840	4140834
HS	48	0	1924	4142758
HS	47	0	2046	4144804
HS	46	0	2201	4147005
HS	45	0	2272	4149277
HS	44	0	2388	4151665
HS	43	0	2675	4154340
HS	42	0	2971	4157311
HS	41	0	3318	4160629
HS	40	0	3512	4164141
HS	39	0	3746	4167887
HS	38	0	4119	4172006
HS	37	0	4540	4176546
HS	36	0	4899	4181445
HS	35	0	5317	4186762
HS	34	0	5716	4192478
HS	33	0	6257	4198735
HS	32	0	6894	4205629
HS	31	0	7856	4213485
HS	30	0	8486	4221971
HS	29	0	9365	4231336
HS	28	0	10650	4241986
HS	27	0	11944	4253930
HS	26	0	14268	4268198
HS	25	0	16027	4284225
HS	24	0	18670	4302895
HS	23	0	22580	4325475
HS	22	0	27250	4352725
HS	21	0	32499	4385224
HS	20	0	39282	4424506
HS	19	0	47293	4471799
HS	18	0	56477	4528276
HS	17	0	68435	4596711
HS	16	0	85381	4682092
HS	15	0	107520	4789612
HS	14	0	141081	4930693
HS	13	0	188984	5119677
HS	12	0	263201	5382878
HS	11	0	370473	5753351
HS	10	0	535941	6289292
HS	9	0	781847	7071139
HS	8	0	1138017	8209156
HS	7	0	1675329	9884485
HS	6	0	2495739	12380224
HS	5	0	3897375	16277599
HS	4	0	6674309	22951908
HS	3	0	13416484	36368392
HS	2	0	33491934	69860326
HS	1	0	0	69860326
HS	0	0	0	69860326
