CC	CT  kmer_occurrence    short_read_kmer_count  raw_input_kmer_count  adjusted_input_kmer_count
CC	FR  fpr_lower_bound    fpr_upper_bound
CC	ER  total_input_kmers  adjusted_error_kmers
CC	CV  coverage
CC	QV  raw_quality_value  adjusted_quality_value
CC
SQ	CP128116.1	4151079	4151049	4151049	99.00
CT	1023	6477	54761	54761.000
CT	1022	1	0	0.000
CT	1021	0	0	0.000
CT	1020	0	0	0.000
CT	1019	1	5	5.000
CT	1018	1	0	0.000
CT	1017	3	0	0.000
CT	1016	0	0	0.000
CT	1015	1	4	4.000
CT	1014	1	0	0.000
CT	1013	0	0	0.000
CT	1012	1	0	0.000
CT	1011	0	0	0.000
CT	1010	0	0	0.000
CT	1009	0	0	0.000
CT	1008	1	0	0.000
CT	1007	0	0	0.000
CT	1006	1	0	0.000
CT	1005	1	5	5.000
CT	1004	2	9	9.000
CT	1003	1	4	4.000
CT	1002	4	16	16.000
CT	1001	1	3	3.000
CT	1000	2	5	5.000
CT	999	1	4	4.000
CT	998	2	5	5.000
CT	997	2	8	8.000
CT	996	1	5	5.000
CT	995	1	6	6.000
CT	994	2	4	4.000
CT	993	1	5	5.000
CT	992	0	0	0.000
CT	991	6	17	17.000
CT	990	4	6	6.000
CT	989	1	5	5.000
CT	988	1	3	3.000
CT	987	1	4	4.000
CT	986	0	0	0.000
CT	985	3	8	8.000
CT	984	1	0	0.000
CT	983	1	2	2.000
CT	982	4	9	9.000
CT	981	5	13	13.000
CT	980	1	4	4.000
CT	979	1	4	4.000
CT	978	2	4	4.000
CT	977	3	4	4.000
CT	976	4	12	12.000
CT	975	1	0	0.000
CT	974	2	2	2.000
CT	973	0	0	0.000
CT	972	5	22	22.000
CT	971	3	10	10.000
CT	970	2	4	4.000
CT	969	2	6	6.000
CT	968	4	8	8.000
CT	967	3	6	6.000
CT	966	3	4	4.000
CT	965	4	12	12.000
CT	964	2	2	2.000
CT	963	1	8	8.000
CT	962	7	20	20.000
CT	961	2	3	3.000
CT	960	3	11	11.000
CT	959	5	19	19.000
CT	958	2	5	5.000
CT	957	3	8	8.000
CT	956	3	6	6.000
CT	955	4	0	0.000
CT	954	5	0	0.000
CT	953	4	9	9.000
CT	952	5	11	11.000
CT	951	5	6	6.000
CT	950	2	0	0.000
CT	949	7	16	16.000
CT	948	7	11	11.000
CT	947	6	25	25.000
CT	946	2	0	0.000
CT	945	0	0	0.000
CT	944	2	7	7.000
CT	943	4	4	4.000
CT	942	3	0	0.000
CT	941	5	10	10.000
CT	940	6	19	19.000
CT	939	4	7	7.000
CT	938	3	14	14.000
CT	937	0	0	0.000
CT	936	3	14	14.000
CT	935	5	20	20.000
CT	934	5	12	12.000
CT	933	2	6	6.000
CT	932	6	21	21.000
CT	931	5	8	8.000
CT	930	3	0	0.000
CT	929	1	4	4.000
CT	928	5	22	22.000
CT	927	3	8	8.000
CT	926	4	18	18.000
CT	925	3	12	12.000
CT	924	3	14	14.000
CT	923	3	10	10.000
CT	922	7	27	27.000
CT	921	2	1	1.000
CT	920	2	8	8.000
CT	919	3	6	6.000
CT	918	2	6	6.000
CT	917	5	26	26.000
CT	916	5	16	16.000
CT	915	6	21	21.000
CT	914	6	20	20.000
CT	913	4	15	15.000
CT	912	4	10	10.000
CT	911	8	31	31.000
CT	910	5	12	12.000
CT	909	2	9	9.000
CT	908	8	23	23.000
CT	907	6	24	24.000
CT	906	7	20	20.000
CT	905	5	15	15.000
CT	904	5	19	19.000
CT	903	2	8	8.000
CT	902	8	24	24.000
CT	901	2	9	9.000
CT	900	3	11	11.000
CT	899	4	17	17.000
CT	898	10	32	32.000
CT	897	4	12	12.000
CT	896	4	22	22.000
CT	895	2	7	7.000
CT	894	4	19	19.000
CT	893	5	25	25.000
CT	892	3	12	12.000
CT	891	4	14	14.000
CT	890	2	3	3.000
CT	889	8	28	28.000
CT	888	7	21	21.000
CT	887	4	12	12.000
CT	886	4	12	12.000
CT	885	2	9	9.000
CT	884	4	9	9.000
CT	883	5	13	13.000
CT	882	9	31	31.000
CT	881	7	26	26.000
CT	880	7	26	26.000
CT	879	3	15	15.000
CT	878	6	17	17.000
CT	877	5	23	23.000
CT	876	5	25	25.000
CT	875	0	0	0.000
CT	874	5	10	10.000
CT	873	8	30	30.000
CT	872	1	0	0.000
CT	871	4	6	6.000
CT	870	5	13	13.000
CT	869	7	23	23.000
CT	868	3	8	8.000
CT	867	6	24	24.000
CT	866	5	8	8.000
CT	865	6	13	13.000
CT	864	7	18	18.000
CT	863	4	11	11.000
CT	862	5	11	11.000
CT	861	8	24	24.000
CT	860	4	13	13.000
CT	859	8	18	18.000
CT	858	5	13	13.000
CT	857	2	2	2.000
CT	856	5	9	9.000
CT	855	6	13	13.000
CT	854	10	27	27.000
CT	853	2	1	1.000
CT	852	5	11	11.000
CT	851	4	6	6.000
CT	850	5	7	7.000
CT	849	6	7	7.000
CT	848	8	14	14.000
CT	847	7	11	11.000
CT	846	5	8	8.000
CT	845	3	6	6.000
CT	844	8	11	11.000
CT	843	2	4	4.000
CT	842	7	13	13.000
CT	841	4	8	8.000
CT	840	6	9	9.000
CT	839	9	25	25.000
CT	838	6	8	8.000
CT	837	8	15	15.000
CT	836	5	7	7.000
CT	835	11	22	22.000
CT	834	3	12	12.000
CT	833	6	11	11.000
CT	832	7	15	15.000
CT	831	3	5	5.000
CT	830	2	6	6.000
CT	829	11	23	23.000
CT	828	5	10	10.000
CT	827	3	1	1.000
CT	826	6	15	15.000
CT	825	1	0	0.000
CT	824	13	21	21.000
CT	823	6	14	14.000
CT	822	9	15	15.000
CT	821	5	6	6.000
CT	820	10	11	11.000
CT	819	6	6	6.000
CT	818	7	10	10.000
CT	817	4	7	7.000
CT	816	6	4	4.000
CT	815	7	17	17.000
CT	814	8	11	11.000
CT	813	5	6	6.000
CT	812	6	16	16.000
CT	811	9	21	21.000
CT	810	10	20	20.000
CT	809	8	16	16.000
CT	808	10	24	24.000
CT	807	10	22	22.000
CT	806	12	36	36.000
CT	805	6	20	20.000
CT	804	12	37	37.000
CT	803	10	20	20.000
CT	802	9	23	23.000
CT	801	18	50	50.000
CT	800	15	33	33.000
CT	799	4	19	19.000
CT	798	8	15	15.000
CT	797	7	12	12.000
CT	796	11	25	25.000
CT	795	6	14	14.000
CT	794	11	20	20.000
CT	793	7	16	16.000
CT	792	6	4	4.000
CT	791	6	7	7.000
CT	790	2	3	3.000
CT	789	11	24	24.000
CT	788	8	21	21.000
CT	787	9	17	17.000
CT	786	6	12	12.000
CT	785	8	22	22.000
CT	784	8	14	14.000
CT	783	6	14	14.000
CT	782	12	28	28.000
CT	781	8	24	24.000
CT	780	12	22	22.000
CT	779	9	20	20.000
CT	778	16	31	31.000
CT	777	11	24	24.000
CT	776	16	38	38.000
CT	775	6	14	14.000
CT	774	8	9	9.000
CT	773	16	45	45.000
CT	772	17	43	43.000
CT	771	15	28	28.000
CT	770	15	27	27.000
CT	769	13	35	35.000
CT	768	13	34	34.000
CT	767	9	7	7.000
CT	766	11	26	26.000
CT	765	7	13	13.000
CT	764	7	15	15.000
CT	763	10	19	19.000
CT	762	7	10	10.000
CT	761	9	17	17.000
CT	760	8	16	16.000
CT	759	10	23	23.000
CT	758	10	17	17.000
CT	757	13	25	25.000
CT	756	4	7	7.000
CT	755	6	8	8.000
CT	754	11	23	23.000
CT	753	2	3	3.000
CT	752	4	9	9.000
CT	751	14	29	29.000
CT	750	6	16	16.000
CT	749	10	17	17.000
CT	748	3	11	11.000
CT	747	4	5	5.000
CT	746	7	15	15.000
CT	745	10	23	23.000
CT	744	9	23	23.000
CT	743	6	16	16.000
CT	742	5	7	7.000
CT	741	6	16	16.000
CT	740	8	18	18.000
CT	739	6	15	15.000
CT	738	6	4	4.000
CT	737	10	23	23.000
CT	736	13	31	31.000
CT	735	11	24	24.000
CT	734	8	9	9.000
CT	733	17	44	44.000
CT	732	15	43	43.000
CT	731	14	45	45.000
CT	730	4	8	8.000
CT	729	11	26	26.000
CT	728	8	26	26.000
CT	727	14	28	28.000
CT	726	9	21	21.000
CT	725	13	32	32.000
CT	724	7	9	9.000
CT	723	10	14	14.000
CT	722	12	23	23.000
CT	721	14	29	29.000
CT	720	11	29	29.000
CT	719	10	25	25.000
CT	718	13	21	21.000
CT	717	13	24	24.000
CT	716	7	17	17.000
CT	715	4	11	11.000
CT	714	6	18	18.000
CT	713	7	12	12.000
CT	712	13	32	32.000
CT	711	9	23	23.000
CT	710	12	28	28.000
CT	709	18	36	36.000
CT	708	16	38	38.000
CT	707	10	22	22.000
CT	706	14	32	32.000
CT	705	6	9	9.000
CT	704	13	30	30.000
CT	703	19	29	29.000
CT	702	15	23	23.000
CT	701	22	47	47.000
CT	700	6	15	15.000
CT	699	14	29	29.000
CT	698	20	32	32.000
CT	697	18	26	26.000
CT	696	14	20	20.000
CT	695	21	40	40.000
CT	694	17	32	32.000
CT	693	16	33	33.000
CT	692	16	22	22.000
CT	691	15	23	23.000
CT	690	16	24	24.000
CT	689	10	15	15.000
CT	688	16	20	20.000
CT	687	18	34	34.000
CT	686	16	33	33.000
CT	685	20	31	31.000
CT	684	20	27	27.000
CT	683	13	19	19.000
CT	682	22	30	30.000
CT	681	29	45	45.000
CT	680	22	39	39.000
CT	679	22	26	26.000
CT	678	26	27	27.000
CT	677	22	29	29.000
CT	676	17	25	25.000
CT	675	21	29	29.000
CT	674	20	24	24.000
CT	673	20	18	18.000
CT	672	21	18	18.000
CT	671	34	50	50.000
CT	670	26	40	40.000
CT	669	24	22	22.000
CT	668	23	33	33.000
CT	667	31	23	23.000
CT	666	25	14	14.000
CT	665	20	22	22.000
CT	664	32	27	27.000
CT	663	34	38	38.000
CT	662	29	34	34.000
CT	661	26	32	32.000
CT	660	31	30	30.000
CT	659	33	29	29.000
CT	658	26	28	28.000
CT	657	31	31	31.000
CT	656	28	18	18.000
CT	655	48	31	31.000
CT	654	35	41	41.000
CT	653	45	37	37.000
CT	652	41	40	40.000
CT	651	22	21	21.000
CT	650	39	26	26.000
CT	649	33	32	32.000
CT	648	37	27	27.000
CT	647	37	38	38.000
CT	646	36	34	34.000
CT	645	33	25	25.000
CT	644	38	28	28.000
CT	643	41	41	41.000
CT	642	34	41	41.000
CT	641	29	41	41.000
CT	640	42	36	36.000
CT	639	38	37	37.000
CT	638	46	40	40.000
CT	637	51	51	51.000
CT	636	32	20	20.000
CT	635	49	49	49.000
CT	634	32	36	36.000
CT	633	33	28	28.000
CT	632	48	47	47.000
CT	631	39	36	36.000
CT	630	43	54	54.000
CT	629	62	62	62.000
CT	628	63	50	50.000
CT	627	53	41	41.000
CT	626	73	71	71.000
CT	625	55	51	51.000
CT	624	44	39	39.000
CT	623	44	42	42.000
CT	622	61	55	55.000
CT	621	60	54	54.000
CT	620	62	57	57.000
CT	619	62	47	47.000
CT	618	53	50	50.000
CT	617	71	65	65.000
CT	616	57	57	57.000
CT	615	67	56	56.000
CT	614	71	57	57.000
CT	613	79	83	83.000
CT	612	87	89	89.000
CT	611	86	73	73.000
CT	610	78	64	64.000
CT	609	90	96	96.000
CT	608	95	92	92.000
CT	607	68	62	62.000
CT	606	77	67	67.000
CT	605	76	90	90.000
CT	604	91	87	87.000
CT	603	93	111	111.000
CT	602	79	78	78.000
CT	601	89	87	87.000
CT	600	90	84	84.000
CT	599	108	98	98.000
CT	598	84	77	77.000
CT	597	93	87	87.000
CT	596	86	77	77.000
CT	595	107	92	92.000
CT	594	88	89	89.000
CT	593	106	91	91.000
CT	592	112	98	98.000
CT	591	93	89	89.000
CT	590	94	86	86.000
CT	589	113	112	112.000
CT	588	111	99	99.000
CT	587	115	114	114.000
CT	586	113	115	115.000
CT	585	136	125	125.000
CT	584	149	143	143.000
CT	583	133	124	124.000
CT	582	143	131	131.000
CT	581	157	141	141.000
CT	580	182	161	161.000
CT	579	164	160	160.000
CT	578	148	142	142.000
CT	577	168	143	143.000
CT	576	143	128	128.000
CT	575	144	130	130.000
CT	574	162	149	149.000
CT	573	148	140	140.000
CT	572	133	114	114.000
CT	571	141	125	125.000
CT	570	160	152	152.000
CT	569	177	167	167.000
CT	568	163	148	148.000
CT	567	154	145	145.000
CT	566	191	171	171.000
CT	565	200	189	189.000
CT	564	218	193	193.000
CT	563	223	179	179.000
CT	562	213	196	196.000
CT	561	224	197	197.000
CT	560	246	235	235.000
CT	559	235	201	201.000
CT	558	218	178	178.000
CT	557	208	166	166.000
CT	556	208	176	176.000
CT	555	236	204	204.000
CT	554	234	205	205.000
CT	553	236	218	218.000
CT	552	234	199	199.000
CT	551	256	215	215.000
CT	550	266	225	225.000
CT	549	288	246	246.000
CT	548	294	267	267.000
CT	547	257	227	227.000
CT	546	260	224	224.000
CT	545	269	247	247.000
CT	544	263	214	214.000
CT	543	248	205	205.000
CT	542	314	265	265.000
CT	541	265	249	249.000
CT	540	308	260	260.000
CT	539	317	270	270.000
CT	538	345	271	271.000
CT	537	324	267	267.000
CT	536	328	273	273.000
CT	535	347	304	304.000
CT	534	309	248	248.000
CT	533	374	309	309.000
CT	532	381	319	319.000
CT	531	365	305	305.000
CT	530	372	318	318.000
CT	529	348	277	277.000
CT	528	370	287	287.000
CT	527	397	322	322.000
CT	526	395	310	310.000
CT	525	404	335	335.000
CT	524	453	379	379.000
CT	523	445	356	356.000
CT	522	426	339	339.000
CT	521	462	367	367.000
CT	520	431	368	368.000
CT	519	457	370	370.000
CT	518	437	357	357.000
CT	517	505	404	404.000
CT	516	523	412	412.000
CT	515	519	433	433.000
CT	514	513	411	411.000
CT	513	541	442	442.000
CT	512	565	464	464.000
CT	511	642	519	519.000
CT	510	612	497	497.000
CT	509	610	484	484.000
CT	508	610	490	490.000
CT	507	577	473	473.000
CT	506	585	487	487.000
CT	505	661	548	548.000
CT	504	678	556	556.000
CT	503	682	561	561.000
CT	502	681	540	540.000
CT	501	683	568	568.000
CT	500	687	567	567.000
CT	499	711	588	588.000
CT	498	702	582	582.000
CT	497	714	617	617.000
CT	496	721	605	605.000
CT	495	787	677	677.000
CT	494	707	587	587.000
CT	493	809	695	695.000
CT	492	797	678	678.000
CT	491	820	694	694.000
CT	490	830	706	706.000
CT	489	884	742	742.000
CT	488	849	706	706.000
CT	487	883	747	747.000
CT	486	874	751	751.000
CT	485	888	753	753.000
CT	484	963	856	856.000
CT	483	974	862	862.000
CT	482	932	809	809.000
CT	481	1002	843	843.000
CT	480	1068	925	925.000
CT	479	1040	900	900.000
CT	478	1000	870	870.000
CT	477	1066	925	925.000
CT	476	1033	891	891.000
CT	475	1165	1026	1026.000
CT	474	1170	1010	1010.000
CT	473	1159	1021	1021.000
CT	472	1151	1026	1026.000
CT	471	1161	998	998.000
CT	470	1145	1009	1009.000
CT	469	1140	999	999.000
CT	468	1169	1037	1037.000
CT	467	1176	1050	1050.000
CT	466	1249	1102	1102.000
CT	465	1295	1141	1141.000
CT	464	1342	1182	1182.000
CT	463	1360	1204	1204.000
CT	462	1333	1214	1214.000
CT	461	1379	1219	1219.000
CT	460	1452	1305	1305.000
CT	459	1478	1320	1320.000
CT	458	1596	1441	1441.000
CT	457	1572	1430	1430.000
CT	456	1583	1420	1420.000
CT	455	1617	1476	1476.000
CT	454	1676	1499	1499.000
CT	453	1708	1526	1526.000
CT	452	1721	1564	1564.000
CT	451	1613	1463	1463.000
CT	450	1735	1534	1534.000
CT	449	1840	1670	1670.000
CT	448	1835	1659	1659.000
CT	447	1861	1662	1662.000
CT	446	1859	1672	1672.000
CT	445	1983	1798	1798.000
CT	444	1935	1724	1724.000
CT	443	1967	1754	1754.000
CT	442	1970	1792	1792.000
CT	441	2012	1816	1816.000
CT	440	2182	1971	1971.000
CT	439	2136	1914	1914.000
CT	438	2167	1954	1954.000
CT	437	2153	1960	1960.000
CT	436	2281	2060	2060.000
CT	435	2306	2098	2098.000
CT	434	2323	2103	2103.000
CT	433	2405	2194	2194.000
CT	432	2574	2321	2321.000
CT	431	2615	2381	2381.000
CT	430	2588	2326	2326.000
CT	429	2622	2392	2392.000
CT	428	2703	2460	2460.000
CT	427	2780	2534	2534.000
CT	426	2710	2469	2469.000
CT	425	2747	2511	2511.000
CT	424	2911	2645	2645.000
CT	423	2845	2598	2598.000
CT	422	2973	2767	2767.000
CT	421	2838	2600	2600.000
CT	420	2863	2621	2621.000
CT	419	3107	2893	2893.000
CT	418	3197	2970	2970.000
CT	417	3258	3021	3021.000
CT	416	3380	3114	3114.000
CT	415	3404	3156	3156.000
CT	414	3387	3187	3187.000
CT	413	3551	3364	3364.000
CT	412	3625	3384	3384.000
CT	411	3643	3398	3398.000
CT	410	3806	3536	3536.000
CT	409	3719	3472	3472.000
CT	408	3983	3705	3705.000
CT	407	3989	3742	3742.000
CT	406	4196	3945	3945.000
CT	405	4156	3923	3923.000
CT	404	4224	4009	4009.000
CT	403	4357	4109	4109.000
CT	402	4389	4146	4146.000
CT	401	4504	4238	4238.000
CT	400	4528	4267	4267.000
CT	399	4707	4425	4425.000
CT	398	4685	4423	4423.000
CT	397	4805	4557	4557.000
CT	396	4920	4671	4671.000
CT	395	5013	4740	4740.000
CT	394	5092	4837	4837.000
CT	393	5227	4923	4923.000
CT	392	5327	5023	5023.000
CT	391	5405	5069	5069.000
CT	390	5396	5120	5120.000
CT	389	5473	5190	5190.000
CT	388	5603	5319	5319.000
CT	387	5874	5571	5571.000
CT	386	6046	5742	5742.000
CT	385	5974	5685	5685.000
CT	384	6101	5804	5804.000
CT	383	6238	5936	5936.000
CT	382	6418	6091	6091.000
CT	381	6298	5990	5990.000
CT	380	6558	6253	6253.000
CT	379	6565	6265	6265.000
CT	378	6797	6485	6485.000
CT	377	6824	6511	6511.000
CT	376	6931	6599	6599.000
CT	375	7220	6865	6865.000
CT	374	7164	6856	6856.000
CT	373	7378	7085	7085.000
CT	372	7518	7250	7250.000
CT	371	7563	7313	7313.000
CT	370	7852	7558	7558.000
CT	369	7740	7482	7482.000
CT	368	8028	7770	7770.000
CT	367	8153	7884	7884.000
CT	366	8460	8194	8194.000
CT	365	8687	8403	8403.000
CT	364	8622	8358	8358.000
CT	363	8830	8558	8558.000
CT	362	8923	8660	8660.000
CT	361	9037	8742	8742.000
CT	360	9329	9047	9047.000
CT	359	9432	9128	9128.000
CT	358	9747	9462	9462.000
CT	357	9838	9523	9523.000
CT	356	9839	9566	9566.000
CT	355	10176	9916	9916.000
CT	354	10183	9888	9888.000
CT	353	10393	10111	10111.000
CT	352	10744	10444	10444.000
CT	351	11002	10718	10718.000
CT	350	11253	10967	10967.000
CT	349	11469	11198	11198.000
CT	348	11450	11167	11167.000
CT	347	11768	11490	11490.000
CT	346	11905	11618	11618.000
CT	345	12346	12053	12053.000
CT	344	12432	12164	12164.000
CT	343	12394	12095	12095.000
CT	342	12682	12424	12424.000
CT	341	12912	12668	12668.000
CT	340	13367	13083	13083.000
CT	339	13629	13347	13347.000
CT	338	13608	13318	13318.000
CT	337	13722	13445	13445.000
CT	336	13913	13625	13625.000
CT	335	14148	13872	13872.000
CT	334	14299	14043	14043.000
CT	333	14558	14270	14270.000
CT	332	15049	14810	14810.000
CT	331	15290	15053	15053.000
CT	330	15533	15270	15270.000
CT	329	15452	15194	15194.000
CT	328	15767	15525	15525.000
CT	327	16055	15806	15806.000
CT	326	16532	16331	16331.000
CT	325	16631	16380	16380.000
CT	324	16975	16738	16738.000
CT	323	16957	16716	16716.000
CT	322	17347	17135	17135.000
CT	321	17545	17343	17343.000
CT	320	17582	17399	17399.000
CT	319	18018	17824	17824.000
CT	318	17944	17745	17745.000
CT	317	18178	17979	17979.000
CT	316	18435	18256	18256.000
CT	315	18507	18312	18312.000
CT	314	18798	18614	18614.000
CT	313	19125	18944	18944.000
CT	312	19257	19068	19068.000
CT	311	19554	19353	19353.000
CT	310	19620	19423	19423.000
CT	309	20031	19806	19806.000
CT	308	20047	19842	19842.000
CT	307	20392	20217	20217.000
CT	306	20340	20140	20140.000
CT	305	20530	20314	20314.000
CT	304	20922	20705	20705.000
CT	303	21222	21063	21063.000
CT	302	21372	21191	21191.000
CT	301	21826	21639	21639.000
CT	300	21620	21420	21420.000
CT	299	22305	22102	22102.000
CT	298	22539	22335	22335.000
CT	297	22572	22380	22380.000
CT	296	22518	22333	22333.000
CT	295	22927	22751	22751.000
CT	294	23006	22826	22826.000
CT	293	23289	23075	23075.000
CT	292	23414	23207	23207.000
CT	291	23636	23429	23429.000
CT	290	23866	23626	23626.000
CT	289	24095	23883	23883.000
CT	288	24116	23926	23926.000
CT	287	24314	24091	24091.000
CT	286	24566	24322	24322.000
CT	285	25019	24798	24798.000
CT	284	24738	24527	24527.000
CT	283	25173	24936	24936.000
CT	282	25383	25146	25146.000
CT	281	25364	25168	25168.000
CT	280	25452	25233	25233.000
CT	279	25778	25592	25592.000
CT	278	25860	25690	25690.000
CT	277	26076	25891	25891.000
CT	276	25932	25762	25762.000
CT	275	25835	25684	25684.000
CT	274	26179	25987	25987.000
CT	273	26508	26307	26307.000
CT	272	26342	26140	26140.000
CT	271	26398	26220	26220.000
CT	270	26598	26393	26393.000
CT	269	26652	26450	26450.000
CT	268	26810	26605	26605.000
CT	267	27023	26837	26837.000
CT	266	26782	26590	26590.000
CT	265	27027	26847	26847.000
CT	264	27142	26965	26965.000
CT	263	27235	27087	27087.000
CT	262	27082	26931	26931.000
CT	261	26869	26691	26691.000
CT	260	27018	26853	26853.000
CT	259	26789	26621	26621.000
CT	258	26908	26722	26722.000
CT	257	27212	27061	27061.000
CT	256	27256	27086	27086.000
CT	255	27016	26846	26846.000
CT	254	26858	26708	26708.000
CT	253	26792	26648	26648.000
CT	252	26830	26701	26701.000
CT	251	26858	26703	26703.000
CT	250	26649	26510	26510.000
CT	249	26061	25925	25925.000
CT	248	26135	26018	26018.000
CT	247	26189	26065	26065.000
CT	246	25816	25667	25667.000
CT	245	26235	26101	26101.000
CT	244	25907	25773	25773.000
CT	243	25565	25436	25436.000
CT	242	25413	25300	25300.000
CT	241	25167	25066	25066.000
CT	240	24930	24845	24845.000
CT	239	25126	25028	25028.000
CT	238	24785	24676	24676.000
CT	237	24489	24390	24390.000
CT	236	24568	24484	24484.000
CT	235	24339	24221	24221.000
CT	234	23996	23915	23915.000
CT	233	23719	23622	23622.000
CT	232	23640	23555	23555.000
CT	231	23336	23249	23249.000
CT	230	23121	23036	23036.000
CT	229	23478	23395	23395.000
CT	228	22841	22786	22786.000
CT	227	22988	22918	22918.000
CT	226	22652	22597	22597.000
CT	225	22366	22299	22299.000
CT	224	22162	22093	22093.000
CT	223	21799	21739	21739.000
CT	222	21523	21452	21452.000
CT	221	21258	21201	21201.000
CT	220	20889	20844	20844.000
CT	219	20654	20591	20591.000
CT	218	20335	20259	20259.000
CT	217	20226	20150	20150.000
CT	216	19878	19804	19804.000
CT	215	19495	19430	19430.000
CT	214	19009	18936	18936.000
CT	213	19008	18938	18938.000
CT	212	18465	18404	18404.000
CT	211	17745	17670	17670.000
CT	210	17659	17589	17589.000
CT	209	17091	17018	17018.000
CT	208	16824	16732	16732.000
CT	207	16224	16144	16144.000
CT	206	16128	16040	16040.000
CT	205	15667	15586	15586.000
CT	204	15178	15115	15115.000
CT	203	15137	15067	15067.000
CT	202	14553	14483	14483.000
CT	201	14544	14492	14492.000
CT	200	14155	14098	14098.000
CT	199	13775	13718	13718.000
CT	198	13524	13459	13459.000
CT	197	13128	13067	13067.000
CT	196	12586	12512	12512.000
CT	195	12390	12337	12337.000
CT	194	12072	12012	12012.000
CT	193	11737	11688	11688.000
CT	192	11542	11482	11482.000
CT	191	11290	11241	11241.000
CT	190	10933	10880	10880.000
CT	189	10456	10404	10404.000
CT	188	10070	10034	10034.000
CT	187	9847	9809	9809.000
CT	186	9587	9550	9550.000
CT	185	9245	9219	9219.000
CT	184	8872	8834	8834.000
CT	183	8605	8576	8576.000
CT	182	8217	8193	8193.000
CT	181	7856	7835	7835.000
CT	180	7749	7714	7714.000
CT	179	7421	7401	7401.000
CT	178	7175	7159	7159.000
CT	177	6993	6975	6975.000
CT	176	6687	6667	6667.000
CT	175	6534	6521	6521.000
CT	174	6312	6304	6304.000
CT	173	6036	6013	6013.000
CT	172	5844	5826	5826.000
CT	171	5454	5440	5440.000
CT	170	5287	5268	5268.000
CT	169	5003	4984	4984.000
CT	168	4863	4853	4853.000
CT	167	4610	4585	4585.000
CT	166	4469	4446	4446.000
CT	165	4003	3983	3983.000
CT	164	4020	3991	3991.000
CT	163	3788	3757	3757.000
CT	162	3571	3546	3546.000
CT	161	3445	3431	3431.000
CT	160	3166	3137	3137.000
CT	159	3065	3041	3041.000
CT	158	2914	2892	2892.000
CT	157	2865	2849	2849.000
CT	156	2695	2669	2669.000
CT	155	2488	2471	2471.000
CT	154	2415	2387	2387.000
CT	153	2191	2170	2170.000
CT	152	2107	2083	2083.000
CT	151	2101	2079	2079.000
CT	150	1871	1844	1844.000
CT	149	1760	1727	1727.000
CT	148	1685	1657	1657.000
CT	147	1504	1481	1481.000
CT	146	1453	1431	1431.000
CT	145	1407	1390	1390.000
CT	144	1301	1291	1291.000
CT	143	1196	1180	1180.000
CT	142	1110	1084	1084.000
CT	141	1104	1084	1084.000
CT	140	1022	1002	1002.000
CT	139	1002	991	991.000
CT	138	861	855	855.000
CT	137	796	775	775.000
CT	136	762	746	746.000
CT	135	736	724	724.000
CT	134	726	714	714.000
CT	133	690	677	677.000
CT	132	602	585	585.000
CT	131	558	544	544.000
CT	130	494	479	479.000
CT	129	445	427	427.000
CT	128	462	448	448.000
CT	127	411	385	385.000
CT	126	347	330	330.000
CT	125	286	271	271.000
CT	124	288	280	280.000
CT	123	268	250	250.000
CT	122	220	209	209.000
CT	121	227	192	192.000
CT	120	220	199	199.000
CT	119	219	196	196.000
CT	118	174	161	161.000
CT	117	150	131	131.000
CT	116	163	152	152.000
CT	115	165	151	151.000
CT	114	186	172	172.000
CT	113	187	170	170.000
CT	112	174	164	164.000
CT	111	155	140	140.000
CT	110	156	143	143.000
CT	109	157	139	139.000
CT	108	158	139	139.000
CT	107	148	125	125.000
CT	106	138	115	115.000
CT	105	126	104	104.000
CT	104	108	84	84.000
CT	103	104	85	85.000
CT	102	111	79	79.000
CT	101	122	104	104.000
CT	100	103	72	72.000
CT	99	88	68	68.000
CT	98	58	43	43.000
CT	97	67	42	42.000
CT	96	52	29	29.000
CT	95	52	32	32.000
CT	94	34	18	18.000
CT	93	47	27	27.000
CT	92	64	34	34.000
CT	91	52	23	23.000
CT	90	58	31	31.000
CT	89	55	24	24.000
CT	88	42	22	22.000
CT	87	39	11	11.000
CT	86	36	9	9.000
CT	85	35	7	7.000
CT	84	45	10	10.000
CT	83	36	10	10.000
CT	82	39	1	1.000
CT	81	35	6	6.000
CT	80	40	5	5.000
CT	79	33	5	5.000
CT	78	41	5	5.000
CT	77	39	2	2.000
CT	76	38	3	3.000
CT	75	38	0	0.000
CT	74	55	2	2.000
CT	73	40	5	5.000
CT	72	43	1	1.000
CT	71	39	2	2.000
CT	70	38	0	0.000
CT	69	55	0	0.000
CT	68	42	0	0.000
CT	67	61	0	0.000
CT	66	50	0	0.000
CT	65	45	0	0.000
CT	64	52	2	2.000
CT	63	44	3	3.000
CT	62	52	1	1.000
CT	61	67	2	2.000
CT	60	74	1	1.000
CT	59	74	1	1.000
CT	58	71	0	0.000
CT	57	85	0	0.000
CT	56	78	1	1.000
CT	55	95	0	0.000
CT	54	107	0	0.000
CT	53	110	0	0.000
CT	52	105	0	0.000
CT	51	102	0	0.000
CT	50	114	0	0.000
CT	49	94	0	0.000
CT	48	115	0	0.000
CT	47	105	0	0.000
CT	46	119	0	0.000
CT	45	122	0	0.000
CT	44	122	0	0.000
CT	43	168	0	0.000
CT	42	185	0	0.000
CT	41	171	0	0.000
CT	40	209	0	0.000
CT	39	200	0	0.000
CT	38	229	0	0.000
CT	37	246	0	0.000
CT	36	268	0	0.000
CT	35	332	0	0.000
CT	34	368	0	0.000
CT	33	440	0	0.000
CT	32	475	0	0.000
CT	31	424	0	0.000
CT	30	599	0	0.000
CT	29	631	0	0.000
CT	28	740	0	0.000
CT	27	813	0	0.000
CT	26	915	0	0.000
CT	25	1041	0	0.000
CT	24	1292	0	0.000
CT	23	1449	0	0.000
CT	22	1706	0	0.000
CT	21	1948	0	0.000
CT	20	2394	0	0.000
CT	19	2826	0	0.000
CT	18	3366	0	0.000
CT	17	4152	0	0.000
CT	16	5516	0	0.000
CT	15	6559	0	0.000
CT	14	8585	0	0.000
CT	13	11812	0	0.000
CT	12	15699	0	0.000
CT	11	20623	0	0.000
CT	10	30193	0	0.000
CT	9	46095	0	0.000
CT	8	71722	0	0.000
CT	7	122822	0	0.000
CT	6	227428	0	0.000
CT	5	447124	0	0.000
CT	4	1020501	0	0.000
CT	3	2822736	0	0.000
CT	2	12906176	0	0.000
CT	1	0	0	-nan
CT	0	0	0	-nan
FR	0	0
ER	4151049	0.000
CV	0.995
QV	inf	inf
