HS	1023	0	3615	3615
HS	1022	0	14	3629
HS	1021	0	9	3638
HS	1020	0	10	3648
HS	1019	0	8	3656
HS	1018	0	9	3665
HS	1017	0	9	3674
HS	1016	0	17	3691
HS	1015	0	10	3701
HS	1014	0	9	3710
HS	1013	0	6	3716
HS	1012	0	11	3727
HS	1011	0	9	3736
HS	1010	0	8	3744
HS	1009	0	10	3754
HS	1008	0	5	3759
HS	1007	0	5	3764
HS	1006	0	10	3774
HS	1005	0	3	3777
HS	1004	0	9	3786
HS	1003	0	7	3793
HS	1002	0	10	3803
HS	1001	0	8	3811
HS	1000	0	9	3820
HS	999	0	12	3832
HS	998	0	6	3838
HS	997	0	6	3844
HS	996	0	8	3852
HS	995	0	4	3856
HS	994	0	7	3863
HS	993	0	8	3871
HS	992	0	9	3880
HS	991	0	8	3888
HS	990	0	7	3895
HS	989	0	4	3899
HS	988	0	3	3902
HS	987	0	3	3905
HS	986	0	5	3910
HS	985	0	9	3919
HS	984	0	2	3921
HS	983	0	5	3926
HS	982	0	5	3931
HS	981	0	7	3938
HS	980	0	3	3941
HS	979	0	3	3944
HS	978	0	7	3951
HS	977	0	3	3954
HS	976	0	1	3955
HS	975	0	4	3959
HS	974	0	4	3963
HS	973	0	8	3971
HS	972	0	4	3975
HS	971	0	3	3978
HS	970	0	2	3980
HS	969	0	4	3984
HS	968	0	3	3987
HS	967	0	1	3988
HS	966	0	5	3993
HS	965	0	3	3996
HS	964	0	8	4004
HS	963	0	2	4006
HS	962	0	6	4012
HS	961	0	4	4016
HS	960	0	3	4019
HS	959	0	4	4023
HS	958	0	10	4033
HS	957	0	4	4037
HS	956	0	5	4042
HS	955	0	2	4044
HS	954	0	4	4048
HS	953	0	9	4057
HS	952	0	4	4061
HS	951	0	2	4063
HS	950	0	4	4067
HS	949	0	5	4072
HS	948	0	4	4076
HS	947	0	7	4083
HS	946	0	4	4087
HS	945	0	6	4093
HS	944	0	4	4097
HS	943	0	3	4100
HS	942	0	7	4107
HS	941	0	2	4109
HS	940	0	2	4111
HS	939	0	6	4117
HS	938	0	11	4128
HS	937	0	6	4134
HS	936	0	5	4139
HS	935	0	4	4143
HS	934	0	5	4148
HS	933	0	7	4155
HS	932	0	7	4162
HS	931	0	9	4171
HS	930	0	5	4176
HS	929	0	13	4189
HS	928	0	6	4195
HS	927	0	6	4201
HS	926	0	9	4210
HS	925	0	11	4221
HS	924	0	3	4224
HS	923	0	7	4231
HS	922	0	1	4232
HS	921	0	5	4237
HS	920	0	8	4245
HS	919	0	4	4249
HS	918	0	6	4255
HS	917	0	5	4260
HS	916	0	3	4263
HS	915	0	9	4272
HS	914	0	7	4279
HS	913	0	7	4286
HS	912	0	8	4294
HS	911	0	3	4297
HS	910	0	5	4302
HS	909	0	9	4311
HS	908	0	11	4322
HS	907	0	10	4332
HS	906	0	1	4333
HS	905	0	2	4335
HS	904	0	6	4341
HS	903	0	4	4345
HS	902	0	8	4353
HS	901	0	4	4357
HS	900	0	5	4362
HS	899	0	3	4365
HS	898	0	5	4370
HS	897	0	2	4372
HS	896	0	5	4377
HS	895	0	3	4380
HS	894	0	0	4380
HS	893	0	2	4382
HS	892	0	1	4383
HS	891	0	3	4386
HS	890	0	0	4386
HS	889	0	5	4391
HS	888	0	2	4393
HS	887	0	2	4395
HS	886	0	3	4398
HS	885	0	3	4401
HS	884	0	6	4407
HS	883	0	3	4410
HS	882	0	5	4415
HS	881	0	3	4418
HS	880	0	3	4421
HS	879	0	1	4422
HS	878	0	4	4426
HS	877	0	2	4428
HS	876	0	2	4430
HS	875	0	1	4431
HS	874	0	4	4435
HS	873	0	2	4437
HS	872	0	3	4440
HS	871	0	0	4440
HS	870	0	2	4442
HS	869	0	0	4442
HS	868	0	1	4443
HS	867	0	2	4445
HS	866	0	0	4445
HS	865	0	0	4445
HS	864	0	3	4448
HS	863	0	3	4451
HS	862	0	2	4453
HS	861	0	0	4453
HS	860	0	4	4457
HS	859	0	0	4457
HS	858	0	4	4461
HS	857	0	0	4461
HS	856	0	2	4463
HS	855	0	4	4467
HS	854	0	2	4469
HS	853	0	1	4470
HS	852	0	7	4477
HS	851	0	5	4482
HS	850	0	4	4486
HS	849	0	3	4489
HS	848	0	1	4490
HS	847	0	6	4496
HS	846	0	0	4496
HS	845	0	2	4498
HS	844	0	5	4503
HS	843	0	4	4507
HS	842	0	1	4508
HS	841	0	5	4513
HS	840	0	5	4518
HS	839	0	5	4523
HS	838	0	2	4525
HS	837	0	11	4536
HS	836	0	6	4542
HS	835	0	1	4543
HS	834	0	11	4554
HS	833	0	4	4558
HS	832	0	4	4562
HS	831	0	4	4566
HS	830	0	4	4570
HS	829	0	2	4572
HS	828	0	4	4576
HS	827	0	6	4582
HS	826	0	7	4589
HS	825	0	4	4593
HS	824	0	4	4597
HS	823	0	5	4602
HS	822	0	5	4607
HS	821	0	5	4612
HS	820	0	2	4614
HS	819	0	5	4619
HS	818	0	2	4621
HS	817	0	5	4626
HS	816	0	2	4628
HS	815	0	3	4631
HS	814	0	6	4637
HS	813	0	5	4642
HS	812	0	5	4647
HS	811	0	9	4656
HS	810	0	3	4659
HS	809	0	3	4662
HS	808	0	7	4669
HS	807	0	9	4678
HS	806	0	4	4682
HS	805	0	5	4687
HS	804	0	7	4694
HS	803	0	9	4703
HS	802	0	2	4705
HS	801	0	4	4709
HS	800	0	2	4711
HS	799	0	3	4714
HS	798	0	4	4718
HS	797	0	8	4726
HS	796	0	3	4729
HS	795	0	4	4733
HS	794	0	2	4735
HS	793	0	2	4737
HS	792	0	2	4739
HS	791	0	7	4746
HS	790	0	4	4750
HS	789	0	6	4756
HS	788	0	3	4759
HS	787	0	2	4761
HS	786	0	2	4763
HS	785	0	7	4770
HS	784	0	3	4773
HS	783	0	2	4775
HS	782	0	5	4780
HS	781	0	7	4787
HS	780	0	4	4791
HS	779	0	1	4792
HS	778	0	3	4795
HS	777	0	5	4800
HS	776	0	0	4800
HS	775	0	1	4801
HS	774	0	4	4805
HS	773	0	2	4807
HS	772	0	2	4809
HS	771	0	3	4812
HS	770	0	2	4814
HS	769	0	1	4815
HS	768	0	0	4815
HS	767	0	2	4817
HS	766	0	4	4821
HS	765	0	1	4822
HS	764	0	1	4823
HS	763	0	4	4827
HS	762	0	4	4831
HS	761	0	7	4838
HS	760	0	5	4843
HS	759	0	2	4845
HS	758	0	2	4847
HS	757	0	5	4852
HS	756	0	6	4858
HS	755	0	4	4862
HS	754	0	9	4871
HS	753	0	0	4871
HS	752	0	7	4878
HS	751	0	8	4886
HS	750	0	3	4889
HS	749	0	5	4894
HS	748	0	6	4900
HS	747	0	8	4908
HS	746	0	10	4918
HS	745	0	7	4925
HS	744	0	7	4932
HS	743	0	4	4936
HS	742	0	7	4943
HS	741	0	6	4949
HS	740	0	1	4950
HS	739	0	7	4957
HS	738	0	7	4964
HS	737	0	10	4974
HS	736	0	3	4977
HS	735	0	8	4985
HS	734	0	9	4994
HS	733	0	8	5002
HS	732	0	7	5009
HS	731	0	5	5014
HS	730	0	7	5021
HS	729	0	4	5025
HS	728	0	5	5030
HS	727	0	6	5036
HS	726	0	4	5040
HS	725	0	4	5044
HS	724	0	2	5046
HS	723	0	5	5051
HS	722	0	5	5056
HS	721	0	4	5060
HS	720	0	3	5063
HS	719	0	2	5065
HS	718	0	4	5069
HS	717	0	7	5076
HS	716	0	5	5081
HS	715	0	4	5085
HS	714	0	5	5090
HS	713	0	8	5098
HS	712	0	6	5104
HS	711	0	2	5106
HS	710	0	14	5120
HS	709	0	3	5123
HS	708	0	6	5129
HS	707	0	2	5131
HS	706	0	5	5136
HS	705	0	5	5141
HS	704	0	4	5145
HS	703	0	5	5150
HS	702	0	6	5156
HS	701	0	11	5167
HS	700	0	6	5173
HS	699	0	9	5182
HS	698	0	5	5187
HS	697	0	8	5195
HS	696	0	2	5197
HS	695	0	5	5202
HS	694	0	5	5207
HS	693	0	9	5216
HS	692	0	6	5222
HS	691	0	8	5230
HS	690	0	4	5234
HS	689	0	11	5245
HS	688	0	7	5252
HS	687	0	4	5256
HS	686	0	9	5265
HS	685	0	8	5273
HS	684	0	7	5280
HS	683	0	8	5288
HS	682	0	6	5294
HS	681	0	6	5300
HS	680	0	10	5310
HS	679	0	5	5315
HS	678	0	7	5322
HS	677	0	4	5326
HS	676	0	7	5333
HS	675	0	2	5335
HS	674	0	5	5340
HS	673	0	6	5346
HS	672	0	7	5353
HS	671	0	4	5357
HS	670	0	6	5363
HS	669	0	10	5373
HS	668	0	5	5378
HS	667	0	8	5386
HS	666	0	4	5390
HS	665	0	10	5400
HS	664	0	7	5407
HS	663	0	7	5414
HS	662	0	10	5424
HS	661	0	12	5436
HS	660	0	10	5446
HS	659	0	10	5456
HS	658	0	6	5462
HS	657	0	6	5468
HS	656	0	11	5479
HS	655	0	8	5487
HS	654	0	15	5502
HS	653	0	16	5518
HS	652	0	13	5531
HS	651	0	9	5540
HS	650	0	9	5549
HS	649	0	9	5558
HS	648	0	15	5573
HS	647	0	10	5583
HS	646	0	11	5594
HS	645	0	11	5605
HS	644	0	7	5612
HS	643	0	10	5622
HS	642	0	10	5632
HS	641	0	21	5653
HS	640	0	9	5662
HS	639	0	13	5675
HS	638	0	19	5694
HS	637	0	10	5704
HS	636	0	10	5714
HS	635	0	10	5724
HS	634	0	15	5739
HS	633	0	11	5750
HS	632	0	16	5766
HS	631	0	3	5769
HS	630	0	10	5779
HS	629	0	7	5786
HS	628	0	9	5795
HS	627	0	11	5806
HS	626	0	6	5812
HS	625	0	8	5820
HS	624	0	2	5822
HS	623	0	8	5830
HS	622	0	9	5839
HS	621	0	9	5848
HS	620	0	8	5856
HS	619	0	4	5860
HS	618	0	7	5867
HS	617	0	5	5872
HS	616	0	3	5875
HS	615	0	6	5881
HS	614	0	8	5889
HS	613	0	8	5897
HS	612	0	10	5907
HS	611	0	5	5912
HS	610	0	7	5919
HS	609	0	8	5927
HS	608	0	11	5938
HS	607	0	13	5951
HS	606	0	7	5958
HS	605	0	10	5968
HS	604	0	7	5975
HS	603	0	9	5984
HS	602	0	7	5991
HS	601	0	2	5993
HS	600	0	13	6006
HS	599	0	8	6014
HS	598	0	11	6025
HS	597	0	3	6028
HS	596	0	10	6038
HS	595	0	15	6053
HS	594	0	11	6064
HS	593	0	12	6076
HS	592	0	9	6085
HS	591	0	8	6093
HS	590	0	12	6105
HS	589	0	10	6115
HS	588	0	8	6123
HS	587	0	12	6135
HS	586	0	8	6143
HS	585	0	11	6154
HS	584	0	6	6160
HS	583	0	13	6173
HS	582	0	6	6179
HS	581	0	11	6190
HS	580	0	10	6200
HS	579	0	12	6212
HS	578	0	7	6219
HS	577	0	12	6231
HS	576	0	9	6240
HS	575	0	12	6252
HS	574	0	15	6267
HS	573	0	11	6278
HS	572	0	8	6286
HS	571	0	9	6295
HS	570	0	8	6303
HS	569	0	11	6314
HS	568	0	11	6325
HS	567	0	11	6336
HS	566	0	5	6341
HS	565	0	12	6353
HS	564	0	8	6361
HS	563	0	13	6374
HS	562	0	11	6385
HS	561	0	20	6405
HS	560	0	7	6412
HS	559	0	9	6421
HS	558	0	11	6432
HS	557	0	9	6441
HS	556	0	5	6446
HS	555	0	9	6455
HS	554	0	10	6465
HS	553	0	15	6480
HS	552	0	9	6489
HS	551	0	13	6502
HS	550	0	20	6522
HS	549	0	15	6537
HS	548	0	13	6550
HS	547	0	16	6566
HS	546	0	10	6576
HS	545	0	6	6582
HS	544	0	11	6593
HS	543	0	4	6597
HS	542	0	12	6609
HS	541	0	6	6615
HS	540	0	10	6625
HS	539	0	10	6635
HS	538	0	7	6642
HS	537	0	9	6651
HS	536	0	8	6659
HS	535	0	12	6671
HS	534	0	11	6682
HS	533	0	10	6692
HS	532	0	8	6700
HS	531	0	2	6702
HS	530	0	12	6714
HS	529	0	2	6716
HS	528	0	9	6725
HS	527	0	4	6729
HS	526	0	11	6740
HS	525	0	13	6753
HS	524	0	14	6767
HS	523	0	5	6772
HS	522	0	6	6778
HS	521	0	7	6785
HS	520	0	7	6792
HS	519	0	6	6798
HS	518	0	11	6809
HS	517	0	17	6826
HS	516	0	15	6841
HS	515	0	10	6851
HS	514	0	14	6865
HS	513	0	9	6874
HS	512	0	10	6884
HS	511	0	17	6901
HS	510	0	8	6909
HS	509	0	19	6928
HS	508	0	14	6942
HS	507	0	12	6954
HS	506	0	6	6960
HS	505	0	11	6971
HS	504	0	10	6981
HS	503	0	18	6999
HS	502	0	10	7009
HS	501	0	7	7016
HS	500	0	17	7033
HS	499	0	13	7046
HS	498	0	20	7066
HS	497	0	12	7078
HS	496	0	20	7098
HS	495	0	10	7108
HS	494	0	17	7125
HS	493	0	13	7138
HS	492	0	20	7158
HS	491	0	29	7187
HS	490	0	25	7212
HS	489	0	16	7228
HS	488	0	13	7241
HS	487	0	16	7257
HS	486	0	14	7271
HS	485	0	13	7284
HS	484	0	15	7299
HS	483	0	10	7309
HS	482	0	11	7320
HS	481	0	14	7334
HS	480	0	5	7339
HS	479	0	10	7349
HS	478	0	16	7365
HS	477	0	18	7383
HS	476	0	23	7406
HS	475	0	23	7429
HS	474	0	21	7450
HS	473	0	23	7473
HS	472	0	25	7498
HS	471	0	24	7522
HS	470	0	26	7548
HS	469	0	28	7576
HS	468	0	26	7602
HS	467	0	23	7625
HS	466	0	16	7641
HS	465	0	29	7670
HS	464	0	16	7686
HS	463	0	28	7714
HS	462	0	23	7737
HS	461	0	29	7766
HS	460	0	35	7801
HS	459	0	31	7832
HS	458	0	31	7863
HS	457	0	32	7895
HS	456	0	27	7922
HS	455	0	35	7957
HS	454	0	31	7988
HS	453	0	38	8026
HS	452	0	41	8067
HS	451	0	33	8100
HS	450	0	30	8130
HS	449	0	33	8163
HS	448	0	31	8194
HS	447	0	21	8215
HS	446	0	27	8242
HS	445	0	34	8276
HS	444	0	29	8305
HS	443	0	26	8331
HS	442	0	23	8354
HS	441	0	29	8383
HS	440	0	21	8404
HS	439	0	20	8424
HS	438	0	30	8454
HS	437	0	42	8496
HS	436	0	29	8525
HS	435	0	45	8570
HS	434	0	32	8602
HS	433	0	27	8629
HS	432	0	46	8675
HS	431	0	28	8703
HS	430	0	37	8740
HS	429	0	33	8773
HS	428	0	28	8801
HS	427	0	16	8817
HS	426	0	35	8852
HS	425	0	26	8878
HS	424	0	36	8914
HS	423	0	36	8950
HS	422	0	40	8990
HS	421	0	41	9031
HS	420	0	31	9062
HS	419	0	33	9095
HS	418	0	34	9129
HS	417	0	32	9161
HS	416	0	44	9205
HS	415	0	40	9245
HS	414	0	33	9278
HS	413	0	44	9322
HS	412	0	41	9363
HS	411	0	59	9422
HS	410	0	37	9459
HS	409	0	54	9513
HS	408	0	34	9547
HS	407	0	34	9581
HS	406	0	45	9626
HS	405	0	48	9674
HS	404	0	63	9737
HS	403	0	46	9783
HS	402	0	39	9822
HS	401	0	50	9872
HS	400	0	54	9926
HS	399	0	56	9982
HS	398	0	48	10030
HS	397	0	63	10093
HS	396	0	62	10155
HS	395	0	42	10197
HS	394	0	50	10247
HS	393	0	43	10290
HS	392	0	51	10341
HS	391	0	55	10396
HS	390	0	49	10445
HS	389	0	65	10510
HS	388	0	70	10580
HS	387	0	68	10648
HS	386	0	75	10723
HS	385	0	83	10806
HS	384	0	72	10878
HS	383	0	75	10953
HS	382	0	90	11043
HS	381	0	94	11137
HS	380	0	98	11235
HS	379	0	96	11331
HS	378	0	118	11449
HS	377	0	113	11562
HS	376	0	108	11670
HS	375	0	112	11782
HS	374	0	124	11906
HS	373	0	111	12017
HS	372	0	113	12130
HS	371	0	112	12242
HS	370	0	118	12360
HS	369	0	120	12480
HS	368	0	127	12607
HS	367	0	129	12736
HS	366	0	129	12865
HS	365	0	143	13008
HS	364	0	174	13182
HS	363	0	170	13352
HS	362	0	140	13492
HS	361	0	161	13653
HS	360	0	156	13809
HS	359	0	163	13972
HS	358	0	207	14179
HS	357	0	177	14356
HS	356	0	222	14578
HS	355	0	226	14804
HS	354	0	198	15002
HS	353	0	224	15226
HS	352	0	245	15471
HS	351	0	228	15699
HS	350	0	251	15950
HS	349	0	216	16166
HS	348	0	249	16415
HS	347	0	244	16659
HS	346	0	237	16896
HS	345	0	249	17145
HS	344	0	276	17421
HS	343	0	280	17701
HS	342	0	272	17973
HS	341	0	309	18282
HS	340	0	300	18582
HS	339	0	345	18927
HS	338	0	323	19250
HS	337	0	365	19615
HS	336	0	362	19977
HS	335	0	400	20377
HS	334	0	410	20787
HS	333	0	458	21245
HS	332	0	437	21682
HS	331	0	453	22135
HS	330	0	519	22654
HS	329	0	514	23168
HS	328	0	530	23698
HS	327	0	529	24227
HS	326	0	535	24762
HS	325	0	596	25358
HS	324	0	598	25956
HS	323	0	576	26532
HS	322	0	595	27127
HS	321	0	624	27751
HS	320	0	666	28417
HS	319	0	687	29104
HS	318	0	639	29743
HS	317	0	691	30434
HS	316	0	754	31188
HS	315	0	754	31942
HS	314	0	786	32728
HS	313	0	803	33531
HS	312	0	832	34363
HS	311	0	808	35171
HS	310	0	806	35977
HS	309	0	903	36880
HS	308	0	886	37766
HS	307	0	969	38735
HS	306	0	998	39733
HS	305	0	1121	40854
HS	304	0	1133	41987
HS	303	0	1152	43139
HS	302	0	1170	44309
HS	301	0	1258	45567
HS	300	0	1315	46882
HS	299	0	1374	48256
HS	298	0	1375	49631
HS	297	0	1350	50981
HS	296	0	1474	52455
HS	295	0	1521	53976
HS	294	0	1587	55563
HS	293	0	1587	57150
HS	292	0	1658	58808
HS	291	0	1821	60629
HS	290	0	1840	62469
HS	289	0	1952	64421
HS	288	0	1985	66406
HS	287	0	2044	68450
HS	286	0	2097	70547
HS	285	0	2066	72613
HS	284	0	2148	74761
HS	283	0	2293	77054
HS	282	0	2429	79483
HS	281	0	2470	81953
HS	280	0	2545	84498
HS	279	0	2667	87165
HS	278	0	2876	90041
HS	277	0	2898	92939
HS	276	0	3012	95951
HS	275	0	3203	99154
HS	274	0	3296	102450
HS	273	0	3406	105856
HS	272	0	3485	109341
HS	271	0	3644	112985
HS	270	0	3764	116749
HS	269	0	3777	120526
HS	268	0	3943	124469
HS	267	0	4086	128555
HS	266	0	4246	132801
HS	265	0	4369	137170
HS	264	0	4637	141807
HS	263	0	4691	146498
HS	262	0	4887	151385
HS	261	0	5164	156549
HS	260	0	5192	161741
HS	259	0	5325	167066
HS	258	0	5646	172712
HS	257	0	5859	178571
HS	256	0	5983	184554
HS	255	0	6174	190728
HS	254	0	6412	197140
HS	253	0	6653	203793
HS	252	0	6983	210776
HS	251	0	7097	217873
HS	250	0	7371	225244
HS	249	0	7537	232781
HS	248	0	7808	240589
HS	247	0	8181	248770
HS	246	0	8271	257041
HS	245	0	8634	265675
HS	244	0	9120	274795
HS	243	0	9314	284109
HS	242	0	9719	293828
HS	241	0	10015	303843
HS	240	0	9922	313765
HS	239	0	10319	324084
HS	238	0	10854	334938
HS	237	0	10996	345934
HS	236	0	11350	357284
HS	235	0	11581	368865
HS	234	0	11924	380789
HS	233	0	12323	393112
HS	232	0	12789	405901
HS	231	0	13169	419070
HS	230	0	13645	432715
HS	229	0	14130	446845
HS	228	0	14477	461322
HS	227	0	15032	476354
HS	226	0	15581	491935
HS	225	0	15997	507932
HS	224	0	16545	524477
HS	223	0	17263	541740
HS	222	0	17700	559440
HS	221	0	18208	577648
HS	220	0	18590	596238
HS	219	0	19192	615430
HS	218	0	19425	634855
HS	217	0	19889	654744
HS	216	0	20662	675406
HS	215	0	21306	696712
HS	214	0	21561	718273
HS	213	0	22043	740316
HS	212	0	22767	763083
HS	211	0	23384	786467
HS	210	0	24400	810867
HS	209	0	25008	835875
HS	208	0	25788	861663
HS	207	0	26148	887811
HS	206	0	26657	914468
HS	205	0	27429	941897
HS	204	0	28320	970217
HS	203	0	29352	999569
HS	202	0	29545	1029114
HS	201	0	30569	1059683
HS	200	0	31269	1090952
HS	199	0	31718	1122670
HS	198	0	32427	1155097
HS	197	0	33428	1188525
HS	196	0	34380	1222905
HS	195	0	35360	1258265
HS	194	0	36196	1294461
HS	193	0	36907	1331368
HS	192	0	37204	1368572
HS	191	0	37808	1406380
HS	190	0	38991	1445371
HS	189	0	39580	1484951
HS	188	0	40449	1525400
HS	187	0	40949	1566349
HS	186	0	41696	1608045
HS	185	0	42827	1650872
HS	184	0	43270	1694142
HS	183	0	44006	1738148
HS	182	0	45190	1783338
HS	181	0	45942	1829280
HS	180	0	46255	1875535
HS	179	0	47199	1922734
HS	178	0	47819	1970553
HS	177	0	48853	2019406
HS	176	0	49730	2069136
HS	175	0	50276	2119412
HS	174	0	50897	2170309
HS	173	0	51654	2221963
HS	172	0	52447	2274410
HS	171	0	53846	2328256
HS	170	0	54182	2382438
HS	169	0	55809	2438247
HS	168	0	56344	2494591
HS	167	0	56957	2551548
HS	166	0	57388	2608936
HS	165	0	58342	2667278
HS	164	0	58886	2726164
HS	163	0	59644	2785808
HS	162	0	60177	2845985
HS	161	0	60215	2906200
HS	160	0	61240	2967440
HS	159	0	61964	3029404
HS	158	0	62617	3092021
HS	157	0	62459	3154480
HS	156	0	63658	3218138
HS	155	0	63872	3282010
HS	154	0	64172	3346182
HS	153	0	64247	3410429
HS	152	0	64516	3474945
HS	151	0	64770	3539715
HS	150	0	65269	3604984
HS	149	0	64709	3669693
HS	148	0	64810	3734503
HS	147	0	64963	3799466
HS	146	0	64892	3864358
HS	145	0	65090	3929448
HS	144	0	64322	3993770
HS	143	0	63927	4057697
HS	142	0	63697	4121394
HS	141	0	63072	4184466
HS	140	0	62900	4247366
HS	139	0	62645	4310011
HS	138	0	62260	4372271
HS	137	0	62262	4434533
HS	136	0	61749	4496282
HS	135	0	61682	4557964
HS	134	0	60845	4618809
HS	133	0	60609	4679418
HS	132	0	59852	4739270
HS	131	0	58831	4798101
HS	130	0	58277	4856378
HS	129	0	57984	4914362
HS	128	0	57272	4971634
HS	127	0	56984	5028618
HS	126	0	55964	5084582
HS	125	0	55503	5140085
HS	124	0	55101	5195186
HS	123	0	54065	5249251
HS	122	0	52705	5301956
HS	121	0	52149	5354105
HS	120	0	50883	5404988
HS	119	0	49900	5454888
HS	118	0	48518	5503406
HS	117	0	46903	5550309
HS	116	0	45579	5595888
HS	115	0	44571	5640459
HS	114	0	43577	5684036
HS	113	0	42110	5726146
HS	112	0	41337	5767483
HS	111	0	40004	5807487
HS	110	0	39523	5847010
HS	109	0	38005	5885015
HS	108	0	36916	5921931
HS	107	0	35678	5957609
HS	106	0	34087	5991696
HS	105	0	32698	6024394
HS	104	0	31551	6055945
HS	103	0	30508	6086453
HS	102	0	29292	6115745
HS	101	0	28127	6143872
HS	100	0	26770	6170642
HS	99	0	25894	6196536
HS	98	0	24635	6221171
HS	97	0	23593	6244764
HS	96	0	22456	6267220
HS	95	0	21288	6288508
HS	94	0	20121	6308629
HS	93	0	19016	6327645
HS	92	0	17804	6345449
HS	91	0	17078	6362527
HS	90	0	16302	6378829
HS	89	0	15339	6394168
HS	88	0	14363	6408531
HS	87	0	13534	6422065
HS	86	0	12691	6434756
HS	85	0	11800	6446556
HS	84	0	11160	6457716
HS	83	0	10462	6468178
HS	82	0	9781	6477959
HS	81	0	9309	6487268
HS	80	0	8897	6496165
HS	79	0	8085	6504250
HS	78	0	7515	6511765
HS	77	0	6991	6518756
HS	76	0	6579	6525335
HS	75	0	5965	6531300
HS	74	0	5346	6536646
HS	73	0	5250	6541896
HS	72	0	4924	6546820
HS	71	0	4546	6551366
HS	70	0	4302	6555668
HS	69	0	4069	6559737
HS	68	0	3796	6563533
HS	67	0	3647	6567180
HS	66	0	3466	6570646
HS	65	0	3140	6573786
HS	64	0	3002	6576788
HS	63	0	2870	6579658
HS	62	0	2506	6582164
HS	61	0	2340	6584504
HS	60	0	2156	6586660
HS	59	0	2110	6588770
HS	58	0	1990	6590760
HS	57	0	1955	6592715
HS	56	0	1834	6594549
HS	55	0	1649	6596198
HS	54	0	1624	6597822
HS	53	0	1495	6599317
HS	52	0	1359	6600676
HS	51	0	1283	6601959
HS	50	0	1225	6603184
HS	49	0	1172	6604356
HS	48	0	1102	6605458
HS	47	0	1003	6606461
HS	46	0	945	6607406
HS	45	0	936	6608342
HS	44	0	824	6609166
HS	43	0	843	6610009
HS	42	0	829	6610838
HS	41	0	804	6611642
HS	40	0	837	6612479
HS	39	0	911	6613390
HS	38	0	1000	6614390
HS	37	0	988	6615378
HS	36	0	953	6616331
HS	35	0	950	6617281
HS	34	0	903	6618184
HS	33	0	948	6619132
HS	32	0	977	6620109
HS	31	0	1084	6621193
HS	30	0	1097	6622290
HS	29	0	1317	6623607
HS	28	0	1518	6625125
HS	27	0	1649	6626774
HS	26	0	1834	6628608
HS	25	0	1954	6630562
HS	24	0	2138	6632700
HS	23	0	2330	6635030
HS	22	0	2744	6637774
HS	21	0	3088	6640862
HS	20	0	3763	6644625
HS	19	0	4567	6649192
HS	18	0	5269	6654461
HS	17	0	6439	6660900
HS	16	0	7575	6668475
HS	15	0	9555	6678030
HS	14	0	12483	6690513
HS	13	0	16140	6706653
HS	12	0	21636	6728289
HS	11	0	27896	6756185
HS	10	0	37277	6793462
HS	9	0	51177	6844639
HS	8	0	73341	6917980
HS	7	0	113623	7031603
HS	6	0	187987	7219590
HS	5	0	342808	7562398
HS	4	0	754121	8316519
HS	3	0	2098046	10414565
HS	2	0	8839508	19254073
HS	1	0	0	19254073
HS	0	0	0	19254073
