CC	CT  kmer_occurrence    short_read_kmer_count  raw_input_kmer_count  adjusted_input_kmer_count
CC	FR  fpr_lower_bound    fpr_upper_bound
CC	ER  total_input_kmers  adjusted_error_kmers
CC	CV  coverage
CC	QV  raw_quality_value  adjusted_quality_value
CC
SQ	CP128109.1	3912078	3912048	3912048	99.00
CT	1023	15546	77775	77775.000
CT	1022	20	41	41.000
CT	1021	23	49	49.000
CT	1020	23	38	38.000
CT	1019	26	50	50.000
CT	1018	23	41	41.000
CT	1017	17	38	38.000
CT	1016	22	40	40.000
CT	1015	17	30	30.000
CT	1014	13	47	47.000
CT	1013	24	50	50.000
CT	1012	17	38	38.000
CT	1011	23	42	42.000
CT	1010	17	42	42.000
CT	1009	18	29	29.000
CT	1008	31	78	78.000
CT	1007	25	67	67.000
CT	1006	15	26	26.000
CT	1005	30	70	70.000
CT	1004	22	59	59.000
CT	1003	35	58	58.000
CT	1002	30	47	47.000
CT	1001	14	18	18.000
CT	1000	27	70	70.000
CT	999	20	37	37.000
CT	998	27	46	46.000
CT	997	28	52	52.000
CT	996	24	38	38.000
CT	995	17	26	26.000
CT	994	22	54	54.000
CT	993	15	13	13.000
CT	992	24	34	34.000
CT	991	29	44	44.000
CT	990	21	27	27.000
CT	989	25	60	60.000
CT	988	26	50	50.000
CT	987	26	41	41.000
CT	986	23	75	75.000
CT	985	23	32	32.000
CT	984	23	45	45.000
CT	983	15	27	27.000
CT	982	23	31	31.000
CT	981	24	29	29.000
CT	980	24	41	41.000
CT	979	17	40	40.000
CT	978	25	60	60.000
CT	977	28	89	89.000
CT	976	16	28	28.000
CT	975	17	19	19.000
CT	974	18	40	40.000
CT	973	17	43	43.000
CT	972	27	54	54.000
CT	971	23	42	42.000
CT	970	18	43	43.000
CT	969	26	66	66.000
CT	968	20	39	39.000
CT	967	11	31	31.000
CT	966	19	48	48.000
CT	965	21	52	52.000
CT	964	13	12	12.000
CT	963	20	30	30.000
CT	962	12	18	18.000
CT	961	17	27	27.000
CT	960	28	28	28.000
CT	959	11	16	16.000
CT	958	21	48	48.000
CT	957	16	32	32.000
CT	956	15	29	29.000
CT	955	22	26	26.000
CT	954	12	21	21.000
CT	953	15	28	28.000
CT	952	21	36	36.000
CT	951	20	21	21.000
CT	950	14	35	35.000
CT	949	24	33	33.000
CT	948	26	27	27.000
CT	947	21	26	26.000
CT	946	21	27	27.000
CT	945	22	52	52.000
CT	944	19	31	31.000
CT	943	24	33	33.000
CT	942	25	35	35.000
CT	941	32	58	58.000
CT	940	21	21	21.000
CT	939	32	55	55.000
CT	938	21	27	27.000
CT	937	36	69	69.000
CT	936	32	49	49.000
CT	935	19	36	36.000
CT	934	22	33	33.000
CT	933	18	20	20.000
CT	932	25	49	49.000
CT	931	21	37	37.000
CT	930	30	53	53.000
CT	929	23	43	43.000
CT	928	21	16	16.000
CT	927	35	49	49.000
CT	926	37	45	45.000
CT	925	27	48	48.000
CT	924	27	30	30.000
CT	923	29	48	48.000
CT	922	31	50	50.000
CT	921	34	51	51.000
CT	920	26	39	39.000
CT	919	27	26	26.000
CT	918	21	29	29.000
CT	917	14	22	22.000
CT	916	23	35	35.000
CT	915	20	34	34.000
CT	914	20	44	44.000
CT	913	23	42	42.000
CT	912	26	29	29.000
CT	911	23	34	34.000
CT	910	22	38	38.000
CT	909	18	25	25.000
CT	908	22	24	24.000
CT	907	30	32	32.000
CT	906	12	23	23.000
CT	905	28	33	33.000
CT	904	16	37	37.000
CT	903	29	56	56.000
CT	902	13	17	17.000
CT	901	21	16	16.000
CT	900	22	32	32.000
CT	899	21	30	30.000
CT	898	16	19	19.000
CT	897	26	35	35.000
CT	896	18	19	19.000
CT	895	22	19	19.000
CT	894	17	27	27.000
CT	893	13	20	20.000
CT	892	33	49	49.000
CT	891	17	32	32.000
CT	890	25	44	44.000
CT	889	34	56	56.000
CT	888	36	69	69.000
CT	887	33	75	75.000
CT	886	27	45	45.000
CT	885	25	30	30.000
CT	884	36	79	79.000
CT	883	30	43	43.000
CT	882	29	46	46.000
CT	881	25	33	33.000
CT	880	22	25	25.000
CT	879	25	35	35.000
CT	878	34	48	48.000
CT	877	37	59	59.000
CT	876	20	20	20.000
CT	875	33	40	40.000
CT	874	37	53	53.000
CT	873	20	31	31.000
CT	872	34	63	63.000
CT	871	31	47	47.000
CT	870	25	34	34.000
CT	869	12	18	18.000
CT	868	23	27	27.000
CT	867	14	15	15.000
CT	866	29	38	38.000
CT	865	20	30	30.000
CT	864	23	56	56.000
CT	863	22	35	35.000
CT	862	26	41	41.000
CT	861	32	59	59.000
CT	860	18	36	36.000
CT	859	23	28	28.000
CT	858	24	31	31.000
CT	857	16	19	19.000
CT	856	21	35	35.000
CT	855	30	58	58.000
CT	854	23	38	38.000
CT	853	38	79	79.000
CT	852	33	68	68.000
CT	851	28	33	33.000
CT	850	23	44	44.000
CT	849	26	52	52.000
CT	848	20	21	21.000
CT	847	29	48	48.000
CT	846	31	43	43.000
CT	845	24	36	36.000
CT	844	27	33	33.000
CT	843	33	59	59.000
CT	842	20	39	39.000
CT	841	21	52	52.000
CT	840	31	42	42.000
CT	839	27	48	48.000
CT	838	27	39	39.000
CT	837	17	31	31.000
CT	836	23	45	45.000
CT	835	23	42	42.000
CT	834	25	49	49.000
CT	833	18	35	35.000
CT	832	25	50	50.000
CT	831	19	25	25.000
CT	830	21	31	31.000
CT	829	25	48	48.000
CT	828	31	44	44.000
CT	827	28	46	46.000
CT	826	27	37	37.000
CT	825	31	44	44.000
CT	824	27	46	46.000
CT	823	30	41	41.000
CT	822	27	49	49.000
CT	821	26	34	34.000
CT	820	34	54	54.000
CT	819	22	23	23.000
CT	818	26	36	36.000
CT	817	19	30	30.000
CT	816	29	42	42.000
CT	815	15	33	33.000
CT	814	11	25	25.000
CT	813	30	53	53.000
CT	812	24	37	37.000
CT	811	35	56	56.000
CT	810	19	28	28.000
CT	809	17	19	19.000
CT	808	35	54	54.000
CT	807	26	49	49.000
CT	806	36	50	50.000
CT	805	24	28	28.000
CT	804	36	59	59.000
CT	803	27	41	41.000
CT	802	34	49	49.000
CT	801	30	48	48.000
CT	800	26	49	49.000
CT	799	30	42	42.000
CT	798	24	34	34.000
CT	797	27	32	32.000
CT	796	21	45	45.000
CT	795	34	49	49.000
CT	794	30	41	41.000
CT	793	24	38	38.000
CT	792	30	49	49.000
CT	791	39	57	57.000
CT	790	38	55	55.000
CT	789	28	40	40.000
CT	788	31	51	51.000
CT	787	26	42	42.000
CT	786	36	49	49.000
CT	785	31	41	41.000
CT	784	36	46	46.000
CT	783	28	50	50.000
CT	782	38	54	54.000
CT	781	44	61	61.000
CT	780	31	53	53.000
CT	779	39	41	41.000
CT	778	29	34	34.000
CT	777	38	52	52.000
CT	776	34	45	45.000
CT	775	34	35	35.000
CT	774	40	47	47.000
CT	773	34	34	34.000
CT	772	54	60	60.000
CT	771	47	45	45.000
CT	770	40	54	54.000
CT	769	48	52	52.000
CT	768	41	51	51.000
CT	767	42	44	44.000
CT	766	62	85	85.000
CT	765	48	68	68.000
CT	764	38	65	65.000
CT	763	42	63	63.000
CT	762	43	61	61.000
CT	761	35	35	35.000
CT	760	35	48	48.000
CT	759	45	64	64.000
CT	758	48	58	58.000
CT	757	58	73	73.000
CT	756	54	64	64.000
CT	755	39	45	45.000
CT	754	55	77	77.000
CT	753	45	59	59.000
CT	752	51	69	69.000
CT	751	47	68	68.000
CT	750	53	73	73.000
CT	749	58	73	73.000
CT	748	52	72	72.000
CT	747	61	91	91.000
CT	746	48	65	65.000
CT	745	46	57	57.000
CT	744	51	65	65.000
CT	743	54	77	77.000
CT	742	41	42	42.000
CT	741	58	74	74.000
CT	740	55	85	85.000
CT	739	60	90	90.000
CT	738	48	61	61.000
CT	737	65	83	83.000
CT	736	61	85	85.000
CT	735	53	68	68.000
CT	734	68	88	88.000
CT	733	64	81	81.000
CT	732	64	92	92.000
CT	731	83	97	97.000
CT	730	64	89	89.000
CT	729	61	86	86.000
CT	728	66	96	96.000
CT	727	66	98	98.000
CT	726	70	95	95.000
CT	725	67	89	89.000
CT	724	66	87	87.000
CT	723	72	104	104.000
CT	722	75	101	101.000
CT	721	71	99	99.000
CT	720	80	107	107.000
CT	719	83	112	112.000
CT	718	82	103	103.000
CT	717	73	109	109.000
CT	716	96	134	134.000
CT	715	61	80	80.000
CT	714	89	123	123.000
CT	713	74	95	95.000
CT	712	66	83	83.000
CT	711	74	106	106.000
CT	710	75	108	108.000
CT	709	58	73	73.000
CT	708	80	106	106.000
CT	707	73	82	82.000
CT	706	72	99	99.000
CT	705	78	109	109.000
CT	704	67	88	88.000
CT	703	90	111	111.000
CT	702	83	115	115.000
CT	701	70	83	83.000
CT	700	81	100	100.000
CT	699	80	98	98.000
CT	698	83	103	103.000
CT	697	90	111	111.000
CT	696	82	109	109.000
CT	695	88	110	110.000
CT	694	87	112	112.000
CT	693	117	149	149.000
CT	692	104	139	139.000
CT	691	108	134	134.000
CT	690	103	123	123.000
CT	689	94	106	106.000
CT	688	117	134	134.000
CT	687	96	116	116.000
CT	686	106	130	130.000
CT	685	119	136	136.000
CT	684	114	131	131.000
CT	683	113	145	145.000
CT	682	120	134	134.000
CT	681	131	157	157.000
CT	680	137	160	160.000
CT	679	117	138	138.000
CT	678	140	161	161.000
CT	677	131	155	155.000
CT	676	139	158	158.000
CT	675	123	147	147.000
CT	674	159	174	174.000
CT	673	146	170	170.000
CT	672	149	177	177.000
CT	671	156	181	181.000
CT	670	151	167	167.000
CT	669	149	179	179.000
CT	668	170	196	196.000
CT	667	141	164	164.000
CT	666	175	207	207.000
CT	665	192	219	219.000
CT	664	169	204	204.000
CT	663	194	228	228.000
CT	662	191	229	229.000
CT	661	205	254	254.000
CT	660	178	207	207.000
CT	659	189	225	225.000
CT	658	191	230	230.000
CT	657	214	246	246.000
CT	656	186	214	214.000
CT	655	220	265	265.000
CT	654	182	200	200.000
CT	653	203	230	230.000
CT	652	224	250	250.000
CT	651	204	239	239.000
CT	650	184	207	207.000
CT	649	219	233	233.000
CT	648	243	274	274.000
CT	647	240	266	266.000
CT	646	245	263	263.000
CT	645	241	278	278.000
CT	644	237	263	263.000
CT	643	264	281	281.000
CT	642	264	288	288.000
CT	641	258	286	286.000
CT	640	267	287	287.000
CT	639	251	284	284.000
CT	638	281	305	305.000
CT	637	315	352	352.000
CT	636	272	301	301.000
CT	635	277	303	303.000
CT	634	296	326	326.000
CT	633	280	313	313.000
CT	632	317	346	346.000
CT	631	321	343	343.000
CT	630	322	346	346.000
CT	629	294	311	311.000
CT	628	319	337	337.000
CT	627	323	353	353.000
CT	626	384	427	427.000
CT	625	357	387	387.000
CT	624	337	359	359.000
CT	623	384	416	416.000
CT	622	365	392	392.000
CT	621	399	424	424.000
CT	620	371	391	391.000
CT	619	406	437	437.000
CT	618	401	433	433.000
CT	617	426	456	456.000
CT	616	398	418	418.000
CT	615	441	470	470.000
CT	614	464	494	494.000
CT	613	467	493	493.000
CT	612	452	495	495.000
CT	611	464	489	489.000
CT	610	498	531	531.000
CT	609	519	542	542.000
CT	608	495	515	515.000
CT	607	498	526	526.000
CT	606	541	569	569.000
CT	605	530	558	558.000
CT	604	575	607	607.000
CT	603	592	632	632.000
CT	602	590	616	616.000
CT	601	588	640	640.000
CT	600	637	663	663.000
CT	599	610	654	654.000
CT	598	617	644	644.000
CT	597	669	702	702.000
CT	596	647	677	677.000
CT	595	674	714	714.000
CT	594	675	712	712.000
CT	593	696	731	731.000
CT	592	704	732	732.000
CT	591	732	746	746.000
CT	590	739	767	767.000
CT	589	747	771	771.000
CT	588	774	801	801.000
CT	587	717	746	746.000
CT	586	775	801	801.000
CT	585	832	865	865.000
CT	584	828	859	859.000
CT	583	879	894	894.000
CT	582	870	896	896.000
CT	581	902	921	921.000
CT	580	906	932	932.000
CT	579	870	892	892.000
CT	578	968	1004	1004.000
CT	577	1018	1053	1053.000
CT	576	1022	1061	1061.000
CT	575	1038	1068	1068.000
CT	574	997	1016	1016.000
CT	573	1020	1044	1044.000
CT	572	1045	1083	1083.000
CT	571	1100	1135	1135.000
CT	570	1096	1131	1131.000
CT	569	1098	1136	1136.000
CT	568	1178	1204	1204.000
CT	567	1245	1271	1271.000
CT	566	1237	1274	1274.000
CT	565	1246	1281	1281.000
CT	564	1362	1399	1399.000
CT	563	1248	1285	1285.000
CT	562	1324	1350	1350.000
CT	561	1353	1379	1379.000
CT	560	1370	1394	1394.000
CT	559	1400	1431	1431.000
CT	558	1422	1445	1445.000
CT	557	1460	1480	1480.000
CT	556	1470	1498	1498.000
CT	555	1555	1592	1592.000
CT	554	1573	1616	1616.000
CT	553	1604	1623	1623.000
CT	552	1663	1687	1687.000
CT	551	1619	1637	1637.000
CT	550	1753	1783	1783.000
CT	549	1759	1797	1797.000
CT	548	1819	1855	1855.000
CT	547	1886	1903	1903.000
CT	546	1926	1942	1942.000
CT	545	1845	1869	1869.000
CT	544	2056	2076	2076.000
CT	543	2171	2193	2193.000
CT	542	2078	2102	2102.000
CT	541	2075	2102	2102.000
CT	540	2141	2163	2163.000
CT	539	2164	2180	2180.000
CT	538	2220	2241	2241.000
CT	537	2295	2312	2312.000
CT	536	2426	2450	2450.000
CT	535	2374	2391	2391.000
CT	534	2380	2398	2398.000
CT	533	2472	2497	2497.000
CT	532	2406	2427	2427.000
CT	531	2380	2408	2408.000
CT	530	2552	2575	2575.000
CT	529	2534	2552	2552.000
CT	528	2652	2678	2678.000
CT	527	2671	2689	2689.000
CT	526	2677	2698	2698.000
CT	525	2703	2722	2722.000
CT	524	2822	2839	2839.000
CT	523	2961	2985	2985.000
CT	522	2920	2930	2930.000
CT	521	2920	2930	2930.000
CT	520	2900	2916	2916.000
CT	519	3205	3226	3226.000
CT	518	3195	3209	3209.000
CT	517	3215	3217	3217.000
CT	516	3171	3179	3179.000
CT	515	3323	3343	3343.000
CT	514	3390	3407	3407.000
CT	513	3443	3452	3452.000
CT	512	3487	3505	3505.000
CT	511	3540	3556	3556.000
CT	510	3584	3592	3592.000
CT	509	3821	3840	3840.000
CT	508	3689	3704	3704.000
CT	507	3725	3740	3740.000
CT	506	3911	3922	3922.000
CT	505	4056	4069	4069.000
CT	504	4036	4052	4052.000
CT	503	4108	4136	4136.000
CT	502	4282	4285	4285.000
CT	501	4232	4248	4248.000
CT	500	4336	4349	4349.000
CT	499	4425	4433	4433.000
CT	498	4676	4686	4686.000
CT	497	4588	4597	4597.000
CT	496	4645	4662	4662.000
CT	495	4733	4742	4742.000
CT	494	4810	4818	4818.000
CT	493	4858	4870	4870.000
CT	492	5012	5023	5023.000
CT	491	5176	5180	5180.000
CT	490	5082	5091	5091.000
CT	489	5293	5298	5298.000
CT	488	5418	5442	5442.000
CT	487	5430	5440	5440.000
CT	486	5559	5586	5586.000
CT	485	5597	5613	5613.000
CT	484	5795	5801	5801.000
CT	483	5872	5884	5884.000
CT	482	5953	5970	5970.000
CT	481	6049	6063	6063.000
CT	480	6159	6180	6180.000
CT	479	6267	6280	6280.000
CT	478	6331	6345	6345.000
CT	477	6248	6263	6263.000
CT	476	6571	6585	6585.000
CT	475	6607	6616	6616.000
CT	474	6633	6651	6651.000
CT	473	6669	6684	6684.000
CT	472	6821	6847	6847.000
CT	471	6939	6962	6962.000
CT	470	6975	6984	6984.000
CT	469	7103	7113	7113.000
CT	468	7161	7174	7174.000
CT	467	7179	7189	7189.000
CT	466	7574	7588	7588.000
CT	465	7481	7489	7489.000
CT	464	7681	7690	7690.000
CT	463	7707	7714	7714.000
CT	462	7800	7805	7805.000
CT	461	8000	8011	8011.000
CT	460	8134	8142	8142.000
CT	459	8364	8373	8373.000
CT	458	8447	8452	8452.000
CT	457	8302	8318	8318.000
CT	456	8560	8564	8564.000
CT	455	8611	8621	8621.000
CT	454	8956	8970	8970.000
CT	453	8945	8959	8959.000
CT	452	9040	9045	9045.000
CT	451	9167	9179	9179.000
CT	450	9318	9330	9330.000
CT	449	9436	9446	9446.000
CT	448	9557	9571	9571.000
CT	447	9667	9671	9671.000
CT	446	9856	9869	9869.000
CT	445	9883	9900	9900.000
CT	444	9855	9864	9864.000
CT	443	10203	10207	10207.000
CT	442	10086	10094	10094.000
CT	441	10305	10320	10320.000
CT	440	10471	10473	10473.000
CT	439	10732	10735	10735.000
CT	438	10924	10929	10929.000
CT	437	10949	10954	10954.000
CT	436	11027	11029	11029.000
CT	435	11381	11381	11381.000
CT	434	11232	11239	11239.000
CT	433	11449	11450	11450.000
CT	432	11781	11789	11789.000
CT	431	11788	11799	11799.000
CT	430	11771	11778	11778.000
CT	429	12155	12163	12163.000
CT	428	12498	12507	12507.000
CT	427	12306	12310	12310.000
CT	426	12496	12500	12500.000
CT	425	12629	12639	12639.000
CT	424	12840	12853	12853.000
CT	423	12452	12468	12468.000
CT	422	13127	13142	13142.000
CT	421	13153	13165	13165.000
CT	420	13194	13206	13206.000
CT	419	13364	13375	13375.000
CT	418	13269	13281	13281.000
CT	417	13643	13658	13658.000
CT	416	13971	13986	13986.000
CT	415	13916	13930	13930.000
CT	414	14073	14088	14088.000
CT	413	14128	14142	14142.000
CT	412	14453	14463	14463.000
CT	411	14455	14462	14462.000
CT	410	14479	14496	14496.000
CT	409	14745	14752	14752.000
CT	408	14961	14975	14975.000
CT	407	14942	14956	14956.000
CT	406	15132	15147	15147.000
CT	405	15230	15240	15240.000
CT	404	15257	15275	15275.000
CT	403	15479	15501	15501.000
CT	402	15291	15318	15318.000
CT	401	15286	15301	15301.000
CT	400	15765	15774	15774.000
CT	399	15661	15675	15675.000
CT	398	15879	15898	15898.000
CT	397	16257	16272	16272.000
CT	396	16255	16273	16273.000
CT	395	16302	16322	16322.000
CT	394	16279	16291	16291.000
CT	393	16506	16519	16519.000
CT	392	16444	16457	16457.000
CT	391	16785	16797	16797.000
CT	390	16815	16821	16821.000
CT	389	16999	17007	17007.000
CT	388	16912	16929	16929.000
CT	387	17002	17017	17017.000
CT	386	16948	16964	16964.000
CT	385	17084	17099	17099.000
CT	384	17043	17049	17049.000
CT	383	17149	17166	17166.000
CT	382	17668	17674	17674.000
CT	381	17699	17714	17714.000
CT	380	17740	17750	17750.000
CT	379	17907	17915	17915.000
CT	378	18039	18049	18049.000
CT	377	18100	18112	18112.000
CT	376	18016	18022	18022.000
CT	375	18262	18267	18267.000
CT	374	18139	18146	18146.000
CT	373	18388	18401	18401.000
CT	372	18365	18366	18366.000
CT	371	18496	18504	18504.000
CT	370	18596	18608	18608.000
CT	369	18700	18709	18709.000
CT	368	18516	18534	18534.000
CT	367	18911	18916	18916.000
CT	366	18968	18975	18975.000
CT	365	18999	19006	19006.000
CT	364	19046	19049	19049.000
CT	363	19311	19308	19308.000
CT	362	19120	19124	19124.000
CT	361	19339	19340	19340.000
CT	360	19399	19399	19399.000
CT	359	19482	19493	19493.000
CT	358	19426	19437	19437.000
CT	357	19657	19666	19666.000
CT	356	19488	19498	19498.000
CT	355	19550	19547	19547.000
CT	354	19339	19340	19340.000
CT	353	19477	19484	19484.000
CT	352	19382	19386	19386.000
CT	351	19291	19301	19301.000
CT	350	19757	19760	19760.000
CT	349	19347	19353	19353.000
CT	348	19828	19831	19831.000
CT	347	19734	19730	19730.000
CT	346	19720	19721	19721.000
CT	345	19657	19656	19656.000
CT	344	19542	19538	19538.000
CT	343	19766	19773	19773.000
CT	342	19541	19539	19539.000
CT	341	19615	19612	19612.000
CT	340	19711	19709	19709.000
CT	339	19561	19566	19566.000
CT	338	19181	19180	19180.000
CT	337	19449	19437	19437.000
CT	336	19419	19411	19411.000
CT	335	19041	19035	19035.000
CT	334	19273	19269	19269.000
CT	333	18929	18922	18922.000
CT	332	19042	19049	19049.000
CT	331	18792	18792	18792.000
CT	330	19033	19031	19031.000
CT	329	18547	18544	18544.000
CT	328	18684	18687	18687.000
CT	327	18706	18707	18707.000
CT	326	18426	18425	18425.000
CT	325	18582	18587	18587.000
CT	324	18240	18238	18238.000
CT	323	18449	18452	18452.000
CT	322	18117	18118	18118.000
CT	321	17939	17941	17941.000
CT	320	17980	17992	17992.000
CT	319	17929	17925	17925.000
CT	318	17749	17755	17755.000
CT	317	17490	17493	17493.000
CT	316	17375	17375	17375.000
CT	315	17664	17666	17666.000
CT	314	17167	17169	17169.000
CT	313	17204	17207	17207.000
CT	312	17369	17374	17374.000
CT	311	17015	17020	17020.000
CT	310	16738	16740	16740.000
CT	309	16784	16787	16787.000
CT	308	16450	16454	16454.000
CT	307	16553	16558	16558.000
CT	306	16496	16505	16505.000
CT	305	16164	16170	16170.000
CT	304	16206	16208	16208.000
CT	303	15812	15813	15813.000
CT	302	15807	15806	15806.000
CT	301	15726	15729	15729.000
CT	300	15765	15765	15765.000
CT	299	15582	15583	15583.000
CT	298	15461	15463	15463.000
CT	297	15318	15313	15313.000
CT	296	15258	15263	15263.000
CT	295	15107	15109	15109.000
CT	294	14769	14768	14768.000
CT	293	14788	14790	14790.000
CT	292	14512	14516	14516.000
CT	291	14304	14303	14303.000
CT	290	13953	13953	13953.000
CT	289	13756	13762	13762.000
CT	288	13490	13490	13490.000
CT	287	13433	13437	13437.000
CT	286	13406	13412	13412.000
CT	285	13307	13312	13312.000
CT	284	13076	13078	13078.000
CT	283	13014	13020	13020.000
CT	282	12849	12853	12853.000
CT	281	12711	12709	12709.000
CT	280	12428	12421	12421.000
CT	279	12126	12118	12118.000
CT	278	11944	11942	11942.000
CT	277	11797	11797	11797.000
CT	276	11769	11771	11771.000
CT	275	11508	11514	11514.000
CT	274	11191	11190	11190.000
CT	273	10908	10912	10912.000
CT	272	10723	10725	10725.000
CT	271	10657	10660	10660.000
CT	270	10513	10506	10506.000
CT	269	10622	10615	10615.000
CT	268	10102	10098	10098.000
CT	267	10108	10110	10110.000
CT	266	9822	9819	9819.000
CT	265	9464	9464	9464.000
CT	264	9314	9321	9321.000
CT	263	9236	9248	9248.000
CT	262	9075	9075	9075.000
CT	261	8782	8778	8778.000
CT	260	8863	8856	8856.000
CT	259	8643	8651	8651.000
CT	258	8394	8393	8393.000
CT	257	8262	8264	8264.000
CT	256	7898	7902	7902.000
CT	255	7957	7959	7959.000
CT	254	7799	7796	7796.000
CT	253	7514	7512	7512.000
CT	252	7365	7363	7363.000
CT	251	7250	7242	7242.000
CT	250	6931	6923	6923.000
CT	249	6748	6738	6738.000
CT	248	6581	6570	6570.000
CT	247	6510	6502	6502.000
CT	246	6242	6228	6228.000
CT	245	6118	6112	6112.000
CT	244	6100	6094	6094.000
CT	243	5872	5861	5861.000
CT	242	5751	5748	5748.000
CT	241	5662	5656	5656.000
CT	240	5534	5529	5529.000
CT	239	5311	5311	5311.000
CT	238	5084	5079	5079.000
CT	237	4783	4777	4777.000
CT	236	5032	5022	5022.000
CT	235	4681	4673	4673.000
CT	234	4763	4758	4758.000
CT	233	4610	4605	4605.000
CT	232	4381	4373	4373.000
CT	231	4372	4368	4368.000
CT	230	4227	4224	4224.000
CT	229	4073	4070	4070.000
CT	228	4122	4120	4120.000
CT	227	3942	3940	3940.000
CT	226	3952	3952	3952.000
CT	225	3666	3664	3664.000
CT	224	3699	3695	3695.000
CT	223	3603	3600	3600.000
CT	222	3600	3597	3597.000
CT	221	3387	3382	3382.000
CT	220	3332	3331	3331.000
CT	219	3205	3205	3205.000
CT	218	3033	3029	3029.000
CT	217	3187	3183	3183.000
CT	216	2889	2886	2886.000
CT	215	2892	2891	2891.000
CT	214	2757	2753	2753.000
CT	213	2646	2645	2645.000
CT	212	2592	2590	2590.000
CT	211	2521	2520	2520.000
CT	210	2511	2510	2510.000
CT	209	2338	2335	2335.000
CT	208	2280	2278	2278.000
CT	207	2239	2238	2238.000
CT	206	2232	2228	2228.000
CT	205	2029	2028	2028.000
CT	204	2010	2008	2008.000
CT	203	1872	1869	1869.000
CT	202	1842	1840	1840.000
CT	201	1798	1797	1797.000
CT	200	1840	1836	1836.000
CT	199	1681	1679	1679.000
CT	198	1725	1725	1725.000
CT	197	1635	1635	1635.000
CT	196	1602	1602	1602.000
CT	195	1522	1521	1521.000
CT	194	1512	1514	1514.000
CT	193	1466	1463	1463.000
CT	192	1392	1389	1389.000
CT	191	1399	1399	1399.000
CT	190	1303	1303	1303.000
CT	189	1194	1192	1192.000
CT	188	1248	1246	1246.000
CT	187	1161	1159	1159.000
CT	186	1109	1106	1106.000
CT	185	1084	1084	1084.000
CT	184	1066	1064	1064.000
CT	183	1085	1085	1085.000
CT	182	1064	1063	1063.000
CT	181	1041	1040	1040.000
CT	180	999	997	997.000
CT	179	957	956	956.000
CT	178	870	868	868.000
CT	177	923	922	922.000
CT	176	849	847	847.000
CT	175	769	767	767.000
CT	174	728	725	725.000
CT	173	776	769	769.000
CT	172	745	742	742.000
CT	171	718	712	712.000
CT	170	639	633	633.000
CT	169	584	582	582.000
CT	168	588	583	583.000
CT	167	591	582	582.000
CT	166	574	570	570.000
CT	165	576	571	571.000
CT	164	538	531	531.000
CT	163	524	514	514.000
CT	162	525	520	520.000
CT	161	490	480	480.000
CT	160	455	447	447.000
CT	159	451	444	444.000
CT	158	452	441	441.000
CT	157	441	433	433.000
CT	156	441	429	429.000
CT	155	389	377	377.000
CT	154	373	363	363.000
CT	153	340	327	327.000
CT	152	354	349	349.000
CT	151	355	347	347.000
CT	150	327	314	314.000
CT	149	319	310	310.000
CT	148	300	292	292.000
CT	147	280	271	271.000
CT	146	273	264	264.000
CT	145	242	238	238.000
CT	144	230	224	224.000
CT	143	222	217	217.000
CT	142	237	231	231.000
CT	141	236	234	234.000
CT	140	208	202	202.000
CT	139	205	198	198.000
CT	138	223	217	217.000
CT	137	206	201	201.000
CT	136	217	212	212.000
CT	135	191	183	183.000
CT	134	192	177	177.000
CT	133	169	159	159.000
CT	132	165	152	152.000
CT	131	193	183	183.000
CT	130	159	149	149.000
CT	129	106	102	102.000
CT	128	126	116	116.000
CT	127	108	97	97.000
CT	126	99	95	95.000
CT	125	94	86	86.000
CT	124	84	77	77.000
CT	123	96	87	87.000
CT	122	59	54	54.000
CT	121	107	101	101.000
CT	120	78	67	67.000
CT	119	108	99	99.000
CT	118	74	65	65.000
CT	117	87	81	81.000
CT	116	63	58	58.000
CT	115	67	66	66.000
CT	114	51	48	48.000
CT	113	58	44	44.000
CT	112	65	59	59.000
CT	111	61	53	53.000
CT	110	55	45	45.000
CT	109	46	37	37.000
CT	108	43	33	33.000
CT	107	35	29	29.000
CT	106	37	37	37.000
CT	105	44	31	31.000
CT	104	32	21	21.000
CT	103	19	10	10.000
CT	102	33	16	16.000
CT	101	30	21	21.000
CT	100	24	16	16.000
CT	99	20	8	8.000
CT	98	26	13	13.000
CT	97	30	10	10.000
CT	96	39	20	20.000
CT	95	26	8	8.000
CT	94	31	13	13.000
CT	93	29	10	10.000
CT	92	25	8	8.000
CT	91	30	13	13.000
CT	90	27	10	10.000
CT	89	29	12	12.000
CT	88	24	3	3.000
CT	87	35	6	6.000
CT	86	41	6	6.000
CT	85	48	3	3.000
CT	84	43	2	2.000
CT	83	53	6	6.000
CT	82	65	11	11.000
CT	81	76	13	13.000
CT	80	52	8	8.000
CT	79	67	8	8.000
CT	78	82	4	4.000
CT	77	53	3	3.000
CT	76	75	4	4.000
CT	75	69	7	7.000
CT	74	85	3	3.000
CT	73	122	6	6.000
CT	72	122	4	4.000
CT	71	160	9	9.000
CT	70	110	7	7.000
CT	69	137	8	8.000
CT	68	153	9	9.000
CT	67	113	4	4.000
CT	66	167	9	9.000
CT	65	182	4	4.000
CT	64	212	9	9.000
CT	63	277	5	5.000
CT	62	285	5	5.000
CT	61	238	3	3.000
CT	60	313	2	2.000
CT	59	270	0	0.000
CT	58	322	1	1.000
CT	57	330	3	3.000
CT	56	392	2	2.000
CT	55	431	2	2.000
CT	54	514	3	3.000
CT	53	494	3	3.000
CT	52	586	2	2.000
CT	51	666	6	6.000
CT	50	660	5	5.000
CT	49	730	1	1.000
CT	48	837	0	0.000
CT	47	922	0	0.000
CT	46	967	0	0.000
CT	45	1101	0	0.000
CT	44	1231	0	0.000
CT	43	1304	0	0.000
CT	42	1475	0	0.000
CT	41	1604	0	0.000
CT	40	1729	0	0.000
CT	39	1926	0	0.000
CT	38	2284	0	0.000
CT	37	2446	0	0.000
CT	36	2730	0	0.000
CT	35	3134	0	0.000
CT	34	3486	0	0.000
CT	33	4015	0	0.000
CT	32	4528	0	0.000
CT	31	5030	0	0.000
CT	30	5467	0	0.000
CT	29	6043	0	0.000
CT	28	7107	0	0.000
CT	27	8108	0	0.000
CT	26	8977	0	0.000
CT	25	10125	0	0.000
CT	24	11496	0	0.000
CT	23	13126	0	0.000
CT	22	15134	0	0.000
CT	21	16945	0	0.000
CT	20	19476	0	0.000
CT	19	22909	0	0.000
CT	18	27284	0	0.000
CT	17	31247	0	0.000
CT	16	37130	0	0.000
CT	15	44199	0	0.000
CT	14	54017	0	0.000
CT	13	64439	0	0.000
CT	12	81328	0	0.000
CT	11	103858	0	0.000
CT	10	137250	0	0.000
CT	9	184928	0	0.000
CT	8	261751	0	0.000
CT	7	394607	0	0.000
CT	6	637479	0	0.000
CT	5	1118037	0	0.000
CT	4	2215867	0	0.000
CT	3	5218265	0	0.000
CT	2	15938841	0	0.000
CT	1	0	0	-nan
CT	0	0	0	-nan
FR	0	0
ER	3912048	0.000
CV	1.000
QV	inf	inf
