HS	1023	0	15546	15546
HS	1022	0	20	15566
HS	1021	0	23	15589
HS	1020	0	23	15612
HS	1019	0	26	15638
HS	1018	0	23	15661
HS	1017	0	17	15678
HS	1016	0	22	15700
HS	1015	0	17	15717
HS	1014	0	13	15730
HS	1013	0	24	15754
HS	1012	0	17	15771
HS	1011	0	23	15794
HS	1010	0	17	15811
HS	1009	0	18	15829
HS	1008	0	31	15860
HS	1007	0	25	15885
HS	1006	0	15	15900
HS	1005	0	30	15930
HS	1004	0	22	15952
HS	1003	0	35	15987
HS	1002	0	30	16017
HS	1001	0	14	16031
HS	1000	0	27	16058
HS	999	0	20	16078
HS	998	0	27	16105
HS	997	0	28	16133
HS	996	0	24	16157
HS	995	0	17	16174
HS	994	0	22	16196
HS	993	0	15	16211
HS	992	0	24	16235
HS	991	0	29	16264
HS	990	0	21	16285
HS	989	0	25	16310
HS	988	0	26	16336
HS	987	0	26	16362
HS	986	0	23	16385
HS	985	0	23	16408
HS	984	0	23	16431
HS	983	0	15	16446
HS	982	0	23	16469
HS	981	0	24	16493
HS	980	0	24	16517
HS	979	0	17	16534
HS	978	0	25	16559
HS	977	0	28	16587
HS	976	0	16	16603
HS	975	0	17	16620
HS	974	0	18	16638
HS	973	0	17	16655
HS	972	0	27	16682
HS	971	0	23	16705
HS	970	0	18	16723
HS	969	0	26	16749
HS	968	0	20	16769
HS	967	0	11	16780
HS	966	0	19	16799
HS	965	0	21	16820
HS	964	0	13	16833
HS	963	0	20	16853
HS	962	0	12	16865
HS	961	0	17	16882
HS	960	0	28	16910
HS	959	0	11	16921
HS	958	0	21	16942
HS	957	0	16	16958
HS	956	0	15	16973
HS	955	0	22	16995
HS	954	0	12	17007
HS	953	0	15	17022
HS	952	0	21	17043
HS	951	0	20	17063
HS	950	0	14	17077
HS	949	0	24	17101
HS	948	0	26	17127
HS	947	0	21	17148
HS	946	0	21	17169
HS	945	0	22	17191
HS	944	0	19	17210
HS	943	0	24	17234
HS	942	0	25	17259
HS	941	0	32	17291
HS	940	0	21	17312
HS	939	0	32	17344
HS	938	0	21	17365
HS	937	0	36	17401
HS	936	0	32	17433
HS	935	0	19	17452
HS	934	0	22	17474
HS	933	0	18	17492
HS	932	0	25	17517
HS	931	0	21	17538
HS	930	0	30	17568
HS	929	0	23	17591
HS	928	0	21	17612
HS	927	0	35	17647
HS	926	0	37	17684
HS	925	0	27	17711
HS	924	0	27	17738
HS	923	0	29	17767
HS	922	0	31	17798
HS	921	0	34	17832
HS	920	0	26	17858
HS	919	0	27	17885
HS	918	0	21	17906
HS	917	0	14	17920
HS	916	0	23	17943
HS	915	0	20	17963
HS	914	0	20	17983
HS	913	0	23	18006
HS	912	0	26	18032
HS	911	0	23	18055
HS	910	0	22	18077
HS	909	0	18	18095
HS	908	0	22	18117
HS	907	0	30	18147
HS	906	0	12	18159
HS	905	0	28	18187
HS	904	0	16	18203
HS	903	0	29	18232
HS	902	0	13	18245
HS	901	0	21	18266
HS	900	0	22	18288
HS	899	0	21	18309
HS	898	0	16	18325
HS	897	0	26	18351
HS	896	0	18	18369
HS	895	0	22	18391
HS	894	0	17	18408
HS	893	0	13	18421
HS	892	0	33	18454
HS	891	0	17	18471
HS	890	0	25	18496
HS	889	0	34	18530
HS	888	0	36	18566
HS	887	0	33	18599
HS	886	0	27	18626
HS	885	0	25	18651
HS	884	0	36	18687
HS	883	0	30	18717
HS	882	0	29	18746
HS	881	0	25	18771
HS	880	0	22	18793
HS	879	0	25	18818
HS	878	0	34	18852
HS	877	0	37	18889
HS	876	0	20	18909
HS	875	0	33	18942
HS	874	0	37	18979
HS	873	0	20	18999
HS	872	0	34	19033
HS	871	0	31	19064
HS	870	0	25	19089
HS	869	0	12	19101
HS	868	0	23	19124
HS	867	0	14	19138
HS	866	0	29	19167
HS	865	0	20	19187
HS	864	0	23	19210
HS	863	0	22	19232
HS	862	0	26	19258
HS	861	0	32	19290
HS	860	0	18	19308
HS	859	0	23	19331
HS	858	0	24	19355
HS	857	0	16	19371
HS	856	0	21	19392
HS	855	0	30	19422
HS	854	0	23	19445
HS	853	0	38	19483
HS	852	0	33	19516
HS	851	0	28	19544
HS	850	0	23	19567
HS	849	0	26	19593
HS	848	0	20	19613
HS	847	0	29	19642
HS	846	0	31	19673
HS	845	0	24	19697
HS	844	0	27	19724
HS	843	0	33	19757
HS	842	0	20	19777
HS	841	0	21	19798
HS	840	0	31	19829
HS	839	0	27	19856
HS	838	0	27	19883
HS	837	0	17	19900
HS	836	0	23	19923
HS	835	0	23	19946
HS	834	0	25	19971
HS	833	0	18	19989
HS	832	0	25	20014
HS	831	0	19	20033
HS	830	0	21	20054
HS	829	0	25	20079
HS	828	0	31	20110
HS	827	0	28	20138
HS	826	0	27	20165
HS	825	0	31	20196
HS	824	0	27	20223
HS	823	0	30	20253
HS	822	0	27	20280
HS	821	0	26	20306
HS	820	0	34	20340
HS	819	0	22	20362
HS	818	0	26	20388
HS	817	0	19	20407
HS	816	0	29	20436
HS	815	0	15	20451
HS	814	0	11	20462
HS	813	0	30	20492
HS	812	0	24	20516
HS	811	0	35	20551
HS	810	0	19	20570
HS	809	0	17	20587
HS	808	0	35	20622
HS	807	0	26	20648
HS	806	0	36	20684
HS	805	0	24	20708
HS	804	0	36	20744
HS	803	0	27	20771
HS	802	0	34	20805
HS	801	0	30	20835
HS	800	0	26	20861
HS	799	0	30	20891
HS	798	0	24	20915
HS	797	0	27	20942
HS	796	0	21	20963
HS	795	0	34	20997
HS	794	0	30	21027
HS	793	0	24	21051
HS	792	0	30	21081
HS	791	0	39	21120
HS	790	0	38	21158
HS	789	0	28	21186
HS	788	0	31	21217
HS	787	0	26	21243
HS	786	0	36	21279
HS	785	0	31	21310
HS	784	0	36	21346
HS	783	0	28	21374
HS	782	0	38	21412
HS	781	0	44	21456
HS	780	0	31	21487
HS	779	0	39	21526
HS	778	0	29	21555
HS	777	0	38	21593
HS	776	0	34	21627
HS	775	0	34	21661
HS	774	0	40	21701
HS	773	0	34	21735
HS	772	0	54	21789
HS	771	0	47	21836
HS	770	0	40	21876
HS	769	0	48	21924
HS	768	0	41	21965
HS	767	0	42	22007
HS	766	0	62	22069
HS	765	0	48	22117
HS	764	0	38	22155
HS	763	0	42	22197
HS	762	0	43	22240
HS	761	0	35	22275
HS	760	0	35	22310
HS	759	0	45	22355
HS	758	0	48	22403
HS	757	0	58	22461
HS	756	0	54	22515
HS	755	0	39	22554
HS	754	0	55	22609
HS	753	0	45	22654
HS	752	0	51	22705
HS	751	0	47	22752
HS	750	0	53	22805
HS	749	0	58	22863
HS	748	0	52	22915
HS	747	0	61	22976
HS	746	0	48	23024
HS	745	0	46	23070
HS	744	0	51	23121
HS	743	0	54	23175
HS	742	0	41	23216
HS	741	0	58	23274
HS	740	0	55	23329
HS	739	0	60	23389
HS	738	0	48	23437
HS	737	0	65	23502
HS	736	0	61	23563
HS	735	0	53	23616
HS	734	0	68	23684
HS	733	0	64	23748
HS	732	0	64	23812
HS	731	0	83	23895
HS	730	0	64	23959
HS	729	0	61	24020
HS	728	0	66	24086
HS	727	0	66	24152
HS	726	0	70	24222
HS	725	0	67	24289
HS	724	0	66	24355
HS	723	0	72	24427
HS	722	0	75	24502
HS	721	0	71	24573
HS	720	0	80	24653
HS	719	0	83	24736
HS	718	0	82	24818
HS	717	0	73	24891
HS	716	0	96	24987
HS	715	0	61	25048
HS	714	0	89	25137
HS	713	0	74	25211
HS	712	0	66	25277
HS	711	0	74	25351
HS	710	0	75	25426
HS	709	0	58	25484
HS	708	0	80	25564
HS	707	0	73	25637
HS	706	0	72	25709
HS	705	0	78	25787
HS	704	0	67	25854
HS	703	0	90	25944
HS	702	0	83	26027
HS	701	0	70	26097
HS	700	0	81	26178
HS	699	0	80	26258
HS	698	0	83	26341
HS	697	0	90	26431
HS	696	0	82	26513
HS	695	0	88	26601
HS	694	0	87	26688
HS	693	0	117	26805
HS	692	0	104	26909
HS	691	0	108	27017
HS	690	0	103	27120
HS	689	0	94	27214
HS	688	0	117	27331
HS	687	0	96	27427
HS	686	0	106	27533
HS	685	0	119	27652
HS	684	0	114	27766
HS	683	0	113	27879
HS	682	0	120	27999
HS	681	0	131	28130
HS	680	0	137	28267
HS	679	0	117	28384
HS	678	0	140	28524
HS	677	0	131	28655
HS	676	0	139	28794
HS	675	0	123	28917
HS	674	0	159	29076
HS	673	0	146	29222
HS	672	0	149	29371
HS	671	0	156	29527
HS	670	0	151	29678
HS	669	0	149	29827
HS	668	0	170	29997
HS	667	0	141	30138
HS	666	0	175	30313
HS	665	0	192	30505
HS	664	0	169	30674
HS	663	0	194	30868
HS	662	0	191	31059
HS	661	0	205	31264
HS	660	0	178	31442
HS	659	0	189	31631
HS	658	0	191	31822
HS	657	0	214	32036
HS	656	0	186	32222
HS	655	0	220	32442
HS	654	0	182	32624
HS	653	0	203	32827
HS	652	0	224	33051
HS	651	0	204	33255
HS	650	0	184	33439
HS	649	0	219	33658
HS	648	0	243	33901
HS	647	0	240	34141
HS	646	0	245	34386
HS	645	0	241	34627
HS	644	0	237	34864
HS	643	0	264	35128
HS	642	0	264	35392
HS	641	0	258	35650
HS	640	0	267	35917
HS	639	0	251	36168
HS	638	0	281	36449
HS	637	0	315	36764
HS	636	0	272	37036
HS	635	0	277	37313
HS	634	0	296	37609
HS	633	0	280	37889
HS	632	0	317	38206
HS	631	0	321	38527
HS	630	0	322	38849
HS	629	0	294	39143
HS	628	0	319	39462
HS	627	0	323	39785
HS	626	0	384	40169
HS	625	0	357	40526
HS	624	0	337	40863
HS	623	0	384	41247
HS	622	0	365	41612
HS	621	0	399	42011
HS	620	0	371	42382
HS	619	0	406	42788
HS	618	0	401	43189
HS	617	0	426	43615
HS	616	0	398	44013
HS	615	0	441	44454
HS	614	0	464	44918
HS	613	0	467	45385
HS	612	0	452	45837
HS	611	0	464	46301
HS	610	0	498	46799
HS	609	0	519	47318
HS	608	0	495	47813
HS	607	0	498	48311
HS	606	0	541	48852
HS	605	0	530	49382
HS	604	0	575	49957
HS	603	0	592	50549
HS	602	0	590	51139
HS	601	0	588	51727
HS	600	0	637	52364
HS	599	0	610	52974
HS	598	0	617	53591
HS	597	0	669	54260
HS	596	0	647	54907
HS	595	0	674	55581
HS	594	0	675	56256
HS	593	0	696	56952
HS	592	0	704	57656
HS	591	0	732	58388
HS	590	0	739	59127
HS	589	0	747	59874
HS	588	0	774	60648
HS	587	0	717	61365
HS	586	0	775	62140
HS	585	0	832	62972
HS	584	0	828	63800
HS	583	0	879	64679
HS	582	0	870	65549
HS	581	0	902	66451
HS	580	0	906	67357
HS	579	0	870	68227
HS	578	0	968	69195
HS	577	0	1018	70213
HS	576	0	1022	71235
HS	575	0	1038	72273
HS	574	0	997	73270
HS	573	0	1020	74290
HS	572	0	1045	75335
HS	571	0	1100	76435
HS	570	0	1096	77531
HS	569	0	1098	78629
HS	568	0	1178	79807
HS	567	0	1245	81052
HS	566	0	1237	82289
HS	565	0	1246	83535
HS	564	0	1362	84897
HS	563	0	1248	86145
HS	562	0	1324	87469
HS	561	0	1353	88822
HS	560	0	1370	90192
HS	559	0	1400	91592
HS	558	0	1422	93014
HS	557	0	1460	94474
HS	556	0	1470	95944
HS	555	0	1555	97499
HS	554	0	1573	99072
HS	553	0	1604	100676
HS	552	0	1663	102339
HS	551	0	1619	103958
HS	550	0	1753	105711
HS	549	0	1759	107470
HS	548	0	1819	109289
HS	547	0	1886	111175
HS	546	0	1926	113101
HS	545	0	1845	114946
HS	544	0	2056	117002
HS	543	0	2171	119173
HS	542	0	2078	121251
HS	541	0	2075	123326
HS	540	0	2141	125467
HS	539	0	2164	127631
HS	538	0	2220	129851
HS	537	0	2295	132146
HS	536	0	2426	134572
HS	535	0	2374	136946
HS	534	0	2380	139326
HS	533	0	2472	141798
HS	532	0	2406	144204
HS	531	0	2380	146584
HS	530	0	2552	149136
HS	529	0	2534	151670
HS	528	0	2652	154322
HS	527	0	2671	156993
HS	526	0	2677	159670
HS	525	0	2703	162373
HS	524	0	2822	165195
HS	523	0	2961	168156
HS	522	0	2920	171076
HS	521	0	2920	173996
HS	520	0	2900	176896
HS	519	0	3205	180101
HS	518	0	3195	183296
HS	517	0	3215	186511
HS	516	0	3171	189682
HS	515	0	3323	193005
HS	514	0	3390	196395
HS	513	0	3443	199838
HS	512	0	3487	203325
HS	511	0	3540	206865
HS	510	0	3584	210449
HS	509	0	3821	214270
HS	508	0	3689	217959
HS	507	0	3725	221684
HS	506	0	3911	225595
HS	505	0	4056	229651
HS	504	0	4036	233687
HS	503	0	4108	237795
HS	502	0	4282	242077
HS	501	0	4232	246309
HS	500	0	4336	250645
HS	499	0	4425	255070
HS	498	0	4676	259746
HS	497	0	4588	264334
HS	496	0	4645	268979
HS	495	0	4733	273712
HS	494	0	4810	278522
HS	493	0	4858	283380
HS	492	0	5012	288392
HS	491	0	5176	293568
HS	490	0	5082	298650
HS	489	0	5293	303943
HS	488	0	5418	309361
HS	487	0	5430	314791
HS	486	0	5559	320350
HS	485	0	5597	325947
HS	484	0	5795	331742
HS	483	0	5872	337614
HS	482	0	5953	343567
HS	481	0	6049	349616
HS	480	0	6159	355775
HS	479	0	6267	362042
HS	478	0	6331	368373
HS	477	0	6248	374621
HS	476	0	6571	381192
HS	475	0	6607	387799
HS	474	0	6633	394432
HS	473	0	6669	401101
HS	472	0	6821	407922
HS	471	0	6939	414861
HS	470	0	6975	421836
HS	469	0	7103	428939
HS	468	0	7161	436100
HS	467	0	7179	443279
HS	466	0	7574	450853
HS	465	0	7481	458334
HS	464	0	7681	466015
HS	463	0	7707	473722
HS	462	0	7800	481522
HS	461	0	8000	489522
HS	460	0	8134	497656
HS	459	0	8364	506020
HS	458	0	8447	514467
HS	457	0	8302	522769
HS	456	0	8560	531329
HS	455	0	8611	539940
HS	454	0	8956	548896
HS	453	0	8945	557841
HS	452	0	9040	566881
HS	451	0	9167	576048
HS	450	0	9318	585366
HS	449	0	9436	594802
HS	448	0	9557	604359
HS	447	0	9667	614026
HS	446	0	9856	623882
HS	445	0	9883	633765
HS	444	0	9855	643620
HS	443	0	10203	653823
HS	442	0	10086	663909
HS	441	0	10305	674214
HS	440	0	10471	684685
HS	439	0	10732	695417
HS	438	0	10924	706341
HS	437	0	10949	717290
HS	436	0	11027	728317
HS	435	0	11381	739698
HS	434	0	11232	750930
HS	433	0	11449	762379
HS	432	0	11781	774160
HS	431	0	11788	785948
HS	430	0	11771	797719
HS	429	0	12155	809874
HS	428	0	12498	822372
HS	427	0	12306	834678
HS	426	0	12496	847174
HS	425	0	12629	859803
HS	424	0	12840	872643
HS	423	0	12452	885095
HS	422	0	13127	898222
HS	421	0	13153	911375
HS	420	0	13194	924569
HS	419	0	13364	937933
HS	418	0	13269	951202
HS	417	0	13643	964845
HS	416	0	13971	978816
HS	415	0	13916	992732
HS	414	0	14073	1006805
HS	413	0	14128	1020933
HS	412	0	14453	1035386
HS	411	0	14455	1049841
HS	410	0	14479	1064320
HS	409	0	14745	1079065
HS	408	0	14961	1094026
HS	407	0	14942	1108968
HS	406	0	15132	1124100
HS	405	0	15230	1139330
HS	404	0	15257	1154587
HS	403	0	15479	1170066
HS	402	0	15291	1185357
HS	401	0	15286	1200643
HS	400	0	15765	1216408
HS	399	0	15661	1232069
HS	398	0	15879	1247948
HS	397	0	16257	1264205
HS	396	0	16255	1280460
HS	395	0	16302	1296762
HS	394	0	16279	1313041
HS	393	0	16506	1329547
HS	392	0	16444	1345991
HS	391	0	16785	1362776
HS	390	0	16815	1379591
HS	389	0	16999	1396590
HS	388	0	16912	1413502
HS	387	0	17002	1430504
HS	386	0	16948	1447452
HS	385	0	17084	1464536
HS	384	0	17043	1481579
HS	383	0	17149	1498728
HS	382	0	17668	1516396
HS	381	0	17699	1534095
HS	380	0	17740	1551835
HS	379	0	17907	1569742
HS	378	0	18039	1587781
HS	377	0	18100	1605881
HS	376	0	18016	1623897
HS	375	0	18262	1642159
HS	374	0	18139	1660298
HS	373	0	18388	1678686
HS	372	0	18365	1697051
HS	371	0	18496	1715547
HS	370	0	18596	1734143
HS	369	0	18700	1752843
HS	368	0	18516	1771359
HS	367	0	18911	1790270
HS	366	0	18968	1809238
HS	365	0	18999	1828237
HS	364	0	19046	1847283
HS	363	0	19311	1866594
HS	362	0	19120	1885714
HS	361	0	19339	1905053
HS	360	0	19399	1924452
HS	359	0	19482	1943934
HS	358	0	19426	1963360
HS	357	0	19657	1983017
HS	356	0	19488	2002505
HS	355	0	19550	2022055
HS	354	0	19339	2041394
HS	353	0	19477	2060871
HS	352	0	19382	2080253
HS	351	0	19291	2099544
HS	350	0	19757	2119301
HS	349	0	19347	2138648
HS	348	0	19828	2158476
HS	347	0	19734	2178210
HS	346	0	19720	2197930
HS	345	0	19657	2217587
HS	344	0	19542	2237129
HS	343	0	19766	2256895
HS	342	0	19541	2276436
HS	341	0	19615	2296051
HS	340	0	19711	2315762
HS	339	0	19561	2335323
HS	338	0	19181	2354504
HS	337	0	19449	2373953
HS	336	0	19419	2393372
HS	335	0	19041	2412413
HS	334	0	19273	2431686
HS	333	0	18929	2450615
HS	332	0	19042	2469657
HS	331	0	18792	2488449
HS	330	0	19033	2507482
HS	329	0	18547	2526029
HS	328	0	18684	2544713
HS	327	0	18706	2563419
HS	326	0	18426	2581845
HS	325	0	18582	2600427
HS	324	0	18240	2618667
HS	323	0	18449	2637116
HS	322	0	18117	2655233
HS	321	0	17939	2673172
HS	320	0	17980	2691152
HS	319	0	17929	2709081
HS	318	0	17749	2726830
HS	317	0	17490	2744320
HS	316	0	17375	2761695
HS	315	0	17664	2779359
HS	314	0	17167	2796526
HS	313	0	17204	2813730
HS	312	0	17369	2831099
HS	311	0	17015	2848114
HS	310	0	16738	2864852
HS	309	0	16784	2881636
HS	308	0	16450	2898086
HS	307	0	16553	2914639
HS	306	0	16496	2931135
HS	305	0	16164	2947299
HS	304	0	16206	2963505
HS	303	0	15812	2979317
HS	302	0	15807	2995124
HS	301	0	15726	3010850
HS	300	0	15765	3026615
HS	299	0	15582	3042197
HS	298	0	15461	3057658
HS	297	0	15318	3072976
HS	296	0	15258	3088234
HS	295	0	15107	3103341
HS	294	0	14769	3118110
HS	293	0	14788	3132898
HS	292	0	14512	3147410
HS	291	0	14304	3161714
HS	290	0	13953	3175667
HS	289	0	13756	3189423
HS	288	0	13490	3202913
HS	287	0	13433	3216346
HS	286	0	13406	3229752
HS	285	0	13307	3243059
HS	284	0	13076	3256135
HS	283	0	13014	3269149
HS	282	0	12849	3281998
HS	281	0	12711	3294709
HS	280	0	12428	3307137
HS	279	0	12126	3319263
HS	278	0	11944	3331207
HS	277	0	11797	3343004
HS	276	0	11769	3354773
HS	275	0	11508	3366281
HS	274	0	11191	3377472
HS	273	0	10908	3388380
HS	272	0	10723	3399103
HS	271	0	10657	3409760
HS	270	0	10513	3420273
HS	269	0	10622	3430895
HS	268	0	10102	3440997
HS	267	0	10108	3451105
HS	266	0	9822	3460927
HS	265	0	9464	3470391
HS	264	0	9314	3479705
HS	263	0	9236	3488941
HS	262	0	9075	3498016
HS	261	0	8782	3506798
HS	260	0	8863	3515661
HS	259	0	8643	3524304
HS	258	0	8394	3532698
HS	257	0	8262	3540960
HS	256	0	7898	3548858
HS	255	0	7957	3556815
HS	254	0	7799	3564614
HS	253	0	7514	3572128
HS	252	0	7365	3579493
HS	251	0	7250	3586743
HS	250	0	6931	3593674
HS	249	0	6748	3600422
HS	248	0	6581	3607003
HS	247	0	6510	3613513
HS	246	0	6242	3619755
HS	245	0	6118	3625873
HS	244	0	6100	3631973
HS	243	0	5872	3637845
HS	242	0	5751	3643596
HS	241	0	5662	3649258
HS	240	0	5534	3654792
HS	239	0	5311	3660103
HS	238	0	5084	3665187
HS	237	0	4783	3669970
HS	236	0	5032	3675002
HS	235	0	4681	3679683
HS	234	0	4763	3684446
HS	233	0	4610	3689056
HS	232	0	4381	3693437
HS	231	0	4372	3697809
HS	230	0	4227	3702036
HS	229	0	4073	3706109
HS	228	0	4122	3710231
HS	227	0	3942	3714173
HS	226	0	3952	3718125
HS	225	0	3666	3721791
HS	224	0	3699	3725490
HS	223	0	3603	3729093
HS	222	0	3600	3732693
HS	221	0	3387	3736080
HS	220	0	3332	3739412
HS	219	0	3205	3742617
HS	218	0	3033	3745650
HS	217	0	3187	3748837
HS	216	0	2889	3751726
HS	215	0	2892	3754618
HS	214	0	2757	3757375
HS	213	0	2646	3760021
HS	212	0	2592	3762613
HS	211	0	2521	3765134
HS	210	0	2511	3767645
HS	209	0	2338	3769983
HS	208	0	2280	3772263
HS	207	0	2239	3774502
HS	206	0	2232	3776734
HS	205	0	2029	3778763
HS	204	0	2010	3780773
HS	203	0	1872	3782645
HS	202	0	1842	3784487
HS	201	0	1798	3786285
HS	200	0	1840	3788125
HS	199	0	1681	3789806
HS	198	0	1725	3791531
HS	197	0	1635	3793166
HS	196	0	1602	3794768
HS	195	0	1522	3796290
HS	194	0	1512	3797802
HS	193	0	1466	3799268
HS	192	0	1392	3800660
HS	191	0	1399	3802059
HS	190	0	1303	3803362
HS	189	0	1194	3804556
HS	188	0	1248	3805804
HS	187	0	1161	3806965
HS	186	0	1109	3808074
HS	185	0	1084	3809158
HS	184	0	1066	3810224
HS	183	0	1085	3811309
HS	182	0	1064	3812373
HS	181	0	1041	3813414
HS	180	0	999	3814413
HS	179	0	957	3815370
HS	178	0	870	3816240
HS	177	0	923	3817163
HS	176	0	849	3818012
HS	175	0	769	3818781
HS	174	0	728	3819509
HS	173	0	776	3820285
HS	172	0	745	3821030
HS	171	0	718	3821748
HS	170	0	639	3822387
HS	169	0	584	3822971
HS	168	0	588	3823559
HS	167	0	591	3824150
HS	166	0	574	3824724
HS	165	0	576	3825300
HS	164	0	538	3825838
HS	163	0	524	3826362
HS	162	0	525	3826887
HS	161	0	490	3827377
HS	160	0	455	3827832
HS	159	0	451	3828283
HS	158	0	452	3828735
HS	157	0	441	3829176
HS	156	0	441	3829617
HS	155	0	389	3830006
HS	154	0	373	3830379
HS	153	0	340	3830719
HS	152	0	354	3831073
HS	151	0	355	3831428
HS	150	0	327	3831755
HS	149	0	319	3832074
HS	148	0	300	3832374
HS	147	0	280	3832654
HS	146	0	273	3832927
HS	145	0	242	3833169
HS	144	0	230	3833399
HS	143	0	222	3833621
HS	142	0	237	3833858
HS	141	0	236	3834094
HS	140	0	208	3834302
HS	139	0	205	3834507
HS	138	0	223	3834730
HS	137	0	206	3834936
HS	136	0	217	3835153
HS	135	0	191	3835344
HS	134	0	192	3835536
HS	133	0	169	3835705
HS	132	0	165	3835870
HS	131	0	193	3836063
HS	130	0	159	3836222
HS	129	0	106	3836328
HS	128	0	126	3836454
HS	127	0	108	3836562
HS	126	0	99	3836661
HS	125	0	94	3836755
HS	124	0	84	3836839
HS	123	0	96	3836935
HS	122	0	59	3836994
HS	121	0	107	3837101
HS	120	0	78	3837179
HS	119	0	108	3837287
HS	118	0	74	3837361
HS	117	0	87	3837448
HS	116	0	63	3837511
HS	115	0	67	3837578
HS	114	0	51	3837629
HS	113	0	58	3837687
HS	112	0	65	3837752
HS	111	0	61	3837813
HS	110	0	55	3837868
HS	109	0	46	3837914
HS	108	0	43	3837957
HS	107	0	35	3837992
HS	106	0	37	3838029
HS	105	0	44	3838073
HS	104	0	32	3838105
HS	103	0	19	3838124
HS	102	0	33	3838157
HS	101	0	30	3838187
HS	100	0	24	3838211
HS	99	0	20	3838231
HS	98	0	26	3838257
HS	97	0	30	3838287
HS	96	0	39	3838326
HS	95	0	26	3838352
HS	94	0	31	3838383
HS	93	0	29	3838412
HS	92	0	25	3838437
HS	91	0	30	3838467
HS	90	0	27	3838494
HS	89	0	29	3838523
HS	88	0	24	3838547
HS	87	0	35	3838582
HS	86	0	41	3838623
HS	85	0	48	3838671
HS	84	0	43	3838714
HS	83	0	53	3838767
HS	82	0	65	3838832
HS	81	0	76	3838908
HS	80	0	52	3838960
HS	79	0	67	3839027
HS	78	0	82	3839109
HS	77	0	53	3839162
HS	76	0	75	3839237
HS	75	0	69	3839306
HS	74	0	85	3839391
HS	73	0	122	3839513
HS	72	0	122	3839635
HS	71	0	160	3839795
HS	70	0	110	3839905
HS	69	0	137	3840042
HS	68	0	153	3840195
HS	67	0	113	3840308
HS	66	0	167	3840475
HS	65	0	182	3840657
HS	64	0	212	3840869
HS	63	0	277	3841146
HS	62	0	285	3841431
HS	61	0	238	3841669
HS	60	0	313	3841982
HS	59	0	270	3842252
HS	58	0	322	3842574
HS	57	0	330	3842904
HS	56	0	392	3843296
HS	55	0	431	3843727
HS	54	0	514	3844241
HS	53	0	494	3844735
HS	52	0	586	3845321
HS	51	0	666	3845987
HS	50	0	660	3846647
HS	49	0	730	3847377
HS	48	0	837	3848214
HS	47	0	922	3849136
HS	46	0	967	3850103
HS	45	0	1101	3851204
HS	44	0	1231	3852435
HS	43	0	1304	3853739
HS	42	0	1475	3855214
HS	41	0	1604	3856818
HS	40	0	1729	3858547
HS	39	0	1926	3860473
HS	38	0	2284	3862757
HS	37	0	2446	3865203
HS	36	0	2730	3867933
HS	35	0	3134	3871067
HS	34	0	3486	3874553
HS	33	0	4015	3878568
HS	32	0	4528	3883096
HS	31	0	5030	3888126
HS	30	0	5467	3893593
HS	29	0	6043	3899636
HS	28	0	7107	3906743
HS	27	0	8108	3914851
HS	26	0	8977	3923828
HS	25	0	10125	3933953
HS	24	0	11496	3945449
HS	23	0	13126	3958575
HS	22	0	15134	3973709
HS	21	0	16945	3990654
HS	20	0	19476	4010130
HS	19	0	22909	4033039
HS	18	0	27284	4060323
HS	17	0	31247	4091570
HS	16	0	37130	4128700
HS	15	0	44199	4172899
HS	14	0	54017	4226916
HS	13	0	64439	4291355
HS	12	0	81328	4372683
HS	11	0	103858	4476541
HS	10	0	137250	4613791
HS	9	0	184928	4798719
HS	8	0	261751	5060470
HS	7	0	394607	5455077
HS	6	0	637479	6092556
HS	5	0	1118037	7210593
HS	4	0	2215867	9426460
HS	3	0	5218265	14644725
HS	2	0	15938841	30583566
HS	1	0	0	30583566
HS	0	0	0	30583566
