CC	CT  kmer_occurrence    short_read_kmer_count  raw_input_kmer_count  adjusted_input_kmer_count
CC	FR  fpr_lower_bound    fpr_upper_bound
CC	ER  total_input_kmers  adjusted_error_kmers
CC	CV  coverage
CC	QV  raw_quality_value  adjusted_quality_value
CC
SQ	CP127373.1	217499	217469	217469	99.00
SQ	CP127376.1	4913320	4913290	4911730	49.90
CT	1023	20324	68959	68959.000
CT	1022	12	30	30.000
CT	1021	10	15	15.000
CT	1020	10	32	32.000
CT	1019	13	23	23.000
CT	1018	15	23	23.000
CT	1017	14	27	27.000
CT	1016	17	30	30.000
CT	1015	25	56	56.000
CT	1014	17	45	45.000
CT	1013	25	60	60.000
CT	1012	18	34	34.000
CT	1011	18	43	43.000
CT	1010	13	24	24.000
CT	1009	13	25	25.000
CT	1008	10	29	29.000
CT	1007	14	18	18.000
CT	1006	19	46	46.000
CT	1005	15	27	27.000
CT	1004	13	28	28.000
CT	1003	11	35	35.000
CT	1002	15	31	31.000
CT	1001	10	25	25.000
CT	1000	17	32	32.000
CT	999	16	34	34.000
CT	998	21	57	57.000
CT	997	16	32	32.000
CT	996	20	75	75.000
CT	995	9	43	43.000
CT	994	15	48	48.000
CT	993	12	39	39.000
CT	992	16	44	44.000
CT	991	13	56	56.000
CT	990	12	44	44.000
CT	989	10	27	27.000
CT	988	14	63	63.000
CT	987	12	23	23.000
CT	986	16	51	51.000
CT	985	14	52	52.000
CT	984	18	49	49.000
CT	983	12	37	37.000
CT	982	16	38	38.000
CT	981	13	23	23.000
CT	980	11	34	34.000
CT	979	23	86	86.000
CT	978	14	40	40.000
CT	977	21	72	72.000
CT	976	15	60	60.000
CT	975	16	50	50.000
CT	974	11	43	43.000
CT	973	18	63	63.000
CT	972	19	56	56.000
CT	971	26	64	64.000
CT	970	27	62	62.000
CT	969	22	74	74.000
CT	968	14	28	28.000
CT	967	18	43	43.000
CT	966	15	26	26.000
CT	965	12	26	26.000
CT	964	15	34	34.000
CT	963	17	22	22.000
CT	962	22	82	82.000
CT	961	17	40	40.000
CT	960	21	57	57.000
CT	959	23	56	56.000
CT	958	18	58	58.000
CT	957	19	88	88.000
CT	956	18	64	64.000
CT	955	11	48	48.000
CT	954	13	35	35.000
CT	953	17	83	83.000
CT	952	22	90	90.000
CT	951	21	70	70.000
CT	950	13	30	30.000
CT	949	18	66	66.000
CT	948	17	39	39.000
CT	947	21	64	64.000
CT	946	17	48	48.000
CT	945	18	50	50.000
CT	944	12	38	38.000
CT	943	14	32	32.000
CT	942	24	64	64.000
CT	941	20	62	62.000
CT	940	13	30	30.000
CT	939	25	72	72.000
CT	938	19	47	47.000
CT	937	23	43	43.000
CT	936	23	52	52.000
CT	935	17	59	59.000
CT	934	20	39	39.000
CT	933	16	35	35.000
CT	932	20	28	28.000
CT	931	25	68	68.000
CT	930	23	87	87.000
CT	929	22	46	46.000
CT	928	16	43	43.000
CT	927	23	51	51.000
CT	926	11	39	39.000
CT	925	26	80	80.000
CT	924	14	30	30.000
CT	923	19	70	70.000
CT	922	20	52	52.000
CT	921	17	62	62.000
CT	920	23	104	104.000
CT	919	27	75	75.000
CT	918	20	78	78.000
CT	917	23	69	69.000
CT	916	31	111	111.000
CT	915	28	84	84.000
CT	914	20	47	47.000
CT	913	32	110	110.000
CT	912	24	106	106.000
CT	911	28	76	76.000
CT	910	27	92	92.000
CT	909	37	106	106.000
CT	908	33	92	92.000
CT	907	22	88	88.000
CT	906	26	72	72.000
CT	905	28	96	96.000
CT	904	24	73	73.000
CT	903	23	76	76.000
CT	902	26	85	85.000
CT	901	32	84	84.000
CT	900	25	83	83.000
CT	899	17	63	63.000
CT	898	24	59	59.000
CT	897	26	99	99.000
CT	896	26	76	76.000
CT	895	23	52	52.000
CT	894	26	86	86.000
CT	893	26	81	81.000
CT	892	22	65	65.000
CT	891	28	99	99.000
CT	890	28	93	93.000
CT	889	23	48	48.000
CT	888	22	72	72.000
CT	887	31	94	94.000
CT	886	23	86	86.000
CT	885	18	56	56.000
CT	884	24	78	78.000
CT	883	18	56	56.000
CT	882	28	105	105.000
CT	881	20	66	66.000
CT	880	15	36	36.000
CT	879	19	52	52.000
CT	878	25	81	81.000
CT	877	17	59	59.000
CT	876	30	72	72.000
CT	875	22	72	72.000
CT	874	22	79	79.000
CT	873	25	75	75.000
CT	872	23	100	100.000
CT	871	20	64	64.000
CT	870	16	54	54.000
CT	869	18	44	44.000
CT	868	24	70	70.000
CT	867	21	56	56.000
CT	866	25	75	75.000
CT	865	19	73	73.000
CT	864	19	65	65.000
CT	863	17	74	74.000
CT	862	21	80	80.000
CT	861	19	72	72.000
CT	860	16	42	42.000
CT	859	27	103	103.000
CT	858	21	56	56.000
CT	857	18	73	73.000
CT	856	17	53	53.000
CT	855	14	41	41.000
CT	854	19	62	62.000
CT	853	17	41	41.000
CT	852	22	83	83.000
CT	851	19	64	64.000
CT	850	18	29	29.000
CT	849	12	26	26.000
CT	848	18	74	74.000
CT	847	21	71	71.000
CT	846	16	52	52.000
CT	845	15	51	51.000
CT	844	17	66	66.000
CT	843	23	102	102.000
CT	842	19	78	78.000
CT	841	21	72	72.000
CT	840	22	88	88.000
CT	839	17	56	56.000
CT	838	15	50	50.000
CT	837	24	77	77.000
CT	836	29	88	88.000
CT	835	21	64	64.000
CT	834	27	115	115.000
CT	833	24	75	75.000
CT	832	34	124	124.000
CT	831	21	89	89.000
CT	830	32	108	108.000
CT	829	18	77	77.000
CT	828	24	72	72.000
CT	827	28	90	90.000
CT	826	24	77	77.000
CT	825	17	46	46.000
CT	824	27	85	85.000
CT	823	25	86	86.000
CT	822	31	84	84.000
CT	821	31	73	73.000
CT	820	32	85	85.000
CT	819	28	76	76.000
CT	818	26	88	88.000
CT	817	20	58	58.000
CT	816	21	63	63.000
CT	815	28	88	88.000
CT	814	24	66	66.000
CT	813	17	46	46.000
CT	812	26	83	83.000
CT	811	24	84	84.000
CT	810	29	111	111.000
CT	809	34	118	118.000
CT	808	26	86	86.000
CT	807	18	57	57.000
CT	806	18	51	51.000
CT	805	26	90	90.000
CT	804	15	37	37.000
CT	803	18	67	67.000
CT	802	24	76	76.000
CT	801	22	70	70.000
CT	800	19	59	59.000
CT	799	16	48	48.000
CT	798	25	80	80.000
CT	797	25	68	68.000
CT	796	17	49	49.000
CT	795	19	59	59.000
CT	794	24	65	65.000
CT	793	17	48	48.000
CT	792	22	72	72.000
CT	791	30	81	81.000
CT	790	22	83	83.000
CT	789	10	34	34.000
CT	788	11	32	32.000
CT	787	20	59	59.000
CT	786	29	100	100.000
CT	785	13	40	40.000
CT	784	22	70	70.000
CT	783	14	52	52.000
CT	782	22	71	71.000
CT	781	19	65	65.000
CT	780	21	57	57.000
CT	779	24	75	75.000
CT	778	26	99	99.000
CT	777	17	59	59.000
CT	776	15	67	67.000
CT	775	18	66	66.000
CT	774	17	72	72.000
CT	773	19	54	54.000
CT	772	24	89	89.000
CT	771	17	55	55.000
CT	770	25	73	73.000
CT	769	28	86	86.000
CT	768	31	117	117.000
CT	767	21	70	70.000
CT	766	22	91	91.000
CT	765	22	73	73.000
CT	764	21	74	74.000
CT	763	24	80	80.000
CT	762	28	96	96.000
CT	761	17	53	53.000
CT	760	19	58	58.000
CT	759	17	63	63.000
CT	758	25	83	83.000
CT	757	20	58	58.000
CT	756	18	55	55.000
CT	755	16	54	54.000
CT	754	14	52	52.000
CT	753	21	61	61.000
CT	752	21	60	60.000
CT	751	19	67	67.000
CT	750	12	43	43.000
CT	749	25	90	90.000
CT	748	19	81	81.000
CT	747	15	39	39.000
CT	746	31	115	115.000
CT	745	27	107	107.000
CT	744	16	66	66.000
CT	743	19	66	66.000
CT	742	18	67	67.000
CT	741	22	69	69.000
CT	740	20	61	61.000
CT	739	27	96	96.000
CT	738	15	53	53.000
CT	737	24	76	76.000
CT	736	33	95	95.000
CT	735	34	93	93.000
CT	734	20	73	73.000
CT	733	23	61	61.000
CT	732	30	86	86.000
CT	731	36	116	116.000
CT	730	16	54	54.000
CT	729	27	97	97.000
CT	728	32	109	109.000
CT	727	26	91	91.000
CT	726	26	85	85.000
CT	725	32	112	112.000
CT	724	23	86	86.000
CT	723	36	110	110.000
CT	722	33	96	96.000
CT	721	33	101	101.000
CT	720	27	82	82.000
CT	719	27	84	84.000
CT	718	32	124	124.000
CT	717	24	75	75.000
CT	716	29	104	104.000
CT	715	32	104	104.000
CT	714	30	100	100.000
CT	713	28	73	73.000
CT	712	32	97	97.000
CT	711	26	83	83.000
CT	710	20	43	43.000
CT	709	22	65	65.000
CT	708	29	87	87.000
CT	707	30	67	67.000
CT	706	18	62	62.000
CT	705	33	73	73.000
CT	704	31	101	101.000
CT	703	36	118	118.000
CT	702	38	107	107.000
CT	701	32	80	80.000
CT	700	23	66	66.000
CT	699	41	114	114.000
CT	698	23	64	64.000
CT	697	39	109	109.000
CT	696	42	98	98.000
CT	695	36	96	96.000
CT	694	31	79	79.000
CT	693	38	112	112.000
CT	692	39	118	118.000
CT	691	35	91	91.000
CT	690	42	95	95.000
CT	689	27	54	54.000
CT	688	34	107	107.000
CT	687	33	107	107.000
CT	686	42	131	131.000
CT	685	42	93	93.000
CT	684	40	104	104.000
CT	683	35	91	91.000
CT	682	47	91	91.000
CT	681	32	79	79.000
CT	680	45	95	95.000
CT	679	36	75	75.000
CT	678	38	84	84.000
CT	677	39	85	85.000
CT	676	33	43	43.000
CT	675	33	65	65.000
CT	674	41	92	92.000
CT	673	38	113	113.000
CT	672	37	93	93.000
CT	671	31	67	67.000
CT	670	28	65	65.000
CT	669	36	73	73.000
CT	668	42	91	91.000
CT	667	32	68	68.000
CT	666	23	48	48.000
CT	665	34	69	69.000
CT	664	35	67	67.000
CT	663	31	75	75.000
CT	662	37	86	86.000
CT	661	38	74	74.000
CT	660	28	64	64.000
CT	659	38	92	92.000
CT	658	32	82	82.000
CT	657	41	80	80.000
CT	656	41	94	94.000
CT	655	32	65	65.000
CT	654	43	96	96.000
CT	653	36	74	74.000
CT	652	47	108	108.000
CT	651	36	82	82.000
CT	650	34	58	58.000
CT	649	37	80	80.000
CT	648	28	41	41.000
CT	647	42	99	99.000
CT	646	41	85	85.000
CT	645	48	79	79.000
CT	644	40	69	69.000
CT	643	52	114	114.000
CT	642	44	98	98.000
CT	641	37	73	73.000
CT	640	30	55	55.000
CT	639	36	80	80.000
CT	638	47	115	115.000
CT	637	46	117	117.000
CT	636	37	74	74.000
CT	635	35	54	54.000
CT	634	35	76	76.000
CT	633	47	100	100.000
CT	632	48	108	108.000
CT	631	40	64	64.000
CT	630	35	49	49.000
CT	629	50	85	85.000
CT	628	48	82	82.000
CT	627	42	88	88.000
CT	626	49	74	74.000
CT	625	37	63	63.000
CT	624	43	67	67.000
CT	623	40	60	60.000
CT	622	33	75	75.000
CT	621	37	67	67.000
CT	620	39	75	75.000
CT	619	31	46	46.000
CT	618	27	59	59.000
CT	617	28	52	52.000
CT	616	33	59	59.000
CT	615	43	63	63.000
CT	614	31	53	53.000
CT	613	37	62	62.000
CT	612	36	45	45.000
CT	611	46	56	56.000
CT	610	46	74	74.000
CT	609	26	38	38.000
CT	608	42	52	52.000
CT	607	36	51	51.000
CT	606	45	106	106.000
CT	605	52	81	81.000
CT	604	38	52	52.000
CT	603	46	71	71.000
CT	602	43	47	47.000
CT	601	37	50	50.000
CT	600	48	65	65.000
CT	599	50	72	72.000
CT	598	57	60	60.000
CT	597	50	82	82.000
CT	596	51	77	77.000
CT	595	37	58	58.000
CT	594	44	56	56.000
CT	593	40	74	74.000
CT	592	59	89	89.000
CT	591	65	105	105.000
CT	590	60	108	108.000
CT	589	49	66	66.000
CT	588	54	95	95.000
CT	587	58	104	104.000
CT	586	50	69	69.000
CT	585	55	83	83.000
CT	584	54	74	74.000
CT	583	73	100	100.000
CT	582	59	100	100.000
CT	581	66	107	107.000
CT	580	65	112	112.000
CT	579	69	107	107.000
CT	578	54	97	97.000
CT	577	50	81	81.000
CT	576	66	84	84.000
CT	575	44	68	68.000
CT	574	53	93	93.000
CT	573	57	88	88.000
CT	572	73	128	128.000
CT	571	58	97	97.000
CT	570	63	92	92.000
CT	569	57	89	89.000
CT	568	61	108	108.000
CT	567	62	90	90.000
CT	566	62	74	74.000
CT	565	64	98	98.000
CT	564	35	70	70.000
CT	563	47	69	69.000
CT	562	53	80	80.000
CT	561	67	121	121.000
CT	560	83	88	88.000
CT	559	55	68	68.000
CT	558	70	58	58.000
CT	557	71	95	95.000
CT	556	65	98	98.000
CT	555	69	80	80.000
CT	554	66	97	97.000
CT	553	46	47	47.000
CT	552	61	81	81.000
CT	551	64	86	86.000
CT	550	63	90	90.000
CT	549	62	81	81.000
CT	548	65	87	87.000
CT	547	65	77	77.000
CT	546	68	90	90.000
CT	545	73	86	86.000
CT	544	70	74	74.000
CT	543	50	66	66.000
CT	542	67	93	93.000
CT	541	76	81	81.000
CT	540	79	75	75.000
CT	539	73	90	90.000
CT	538	79	91	91.000
CT	537	73	74	74.000
CT	536	83	90	90.000
CT	535	66	55	55.000
CT	534	78	64	64.000
CT	533	82	81	81.000
CT	532	78	113	113.000
CT	531	81	79	79.000
CT	530	92	110	110.000
CT	529	83	78	78.000
CT	528	92	130	130.000
CT	527	75	71	71.000
CT	526	92	96	96.000
CT	525	85	121	121.000
CT	524	96	87	87.000
CT	523	110	123	123.000
CT	522	85	110	110.000
CT	521	91	88	88.000
CT	520	94	98	98.000
CT	519	94	92	92.000
CT	518	115	111	111.000
CT	517	92	85	85.000
CT	516	108	85	85.000
CT	515	104	96	96.000
CT	514	101	103	103.000
CT	513	90	79	79.000
CT	512	119	118	118.000
CT	511	115	102	102.000
CT	510	111	87	87.000
CT	509	128	126	126.000
CT	508	92	74	74.000
CT	507	107	85	85.000
CT	506	114	107	107.000
CT	505	125	92	92.000
CT	504	111	107	107.000
CT	503	123	102	102.000
CT	502	123	96	96.000
CT	501	128	107	107.000
CT	500	117	104	104.000
CT	499	112	87	87.000
CT	498	124	114	114.000
CT	497	118	102	102.000
CT	496	116	116	116.000
CT	495	133	133	133.000
CT	494	121	118	118.000
CT	493	113	77	77.000
CT	492	105	94	94.000
CT	491	107	98	98.000
CT	490	115	90	90.000
CT	489	149	113	113.000
CT	488	126	111	111.000
CT	487	117	88	88.000
CT	486	132	104	104.000
CT	485	129	108	108.000
CT	484	162	133	133.000
CT	483	130	118	118.000
CT	482	134	95	95.000
CT	481	164	143	143.000
CT	480	162	180	180.000
CT	479	129	109	109.000
CT	478	119	116	116.000
CT	477	145	135	135.000
CT	476	147	144	144.000
CT	475	137	129	129.000
CT	474	159	131	131.000
CT	473	145	118	118.000
CT	472	133	114	114.000
CT	471	151	119	119.000
CT	470	165	160	160.000
CT	469	181	146	146.000
CT	468	148	138	138.000
CT	467	174	144	144.000
CT	466	161	132	132.000
CT	465	140	115	115.000
CT	464	141	150	150.000
CT	463	161	115	115.000
CT	462	169	163	163.000
CT	461	180	159	159.000
CT	460	170	131	131.000
CT	459	164	125	125.000
CT	458	156	122	122.000
CT	457	153	139	139.000
CT	456	159	106	106.000
CT	455	174	123	123.000
CT	454	194	159	159.000
CT	453	174	150	150.000
CT	452	157	95	95.000
CT	451	176	144	144.000
CT	450	164	116	116.000
CT	449	200	169	169.000
CT	448	190	150	150.000
CT	447	191	131	131.000
CT	446	199	171	171.000
CT	445	211	152	152.000
CT	444	183	125	125.000
CT	443	241	180	180.000
CT	442	232	179	179.000
CT	441	202	154	154.000
CT	440	225	141	141.000
CT	439	199	176	176.000
CT	438	211	159	159.000
CT	437	234	183	183.000
CT	436	235	200	200.000
CT	435	234	193	193.000
CT	434	204	155	155.000
CT	433	219	214	214.000
CT	432	244	200	200.000
CT	431	239	191	191.000
CT	430	223	179	179.000
CT	429	251	217	217.000
CT	428	232	175	175.000
CT	427	230	187	187.000
CT	426	229	174	174.000
CT	425	249	167	167.000
CT	424	258	190	190.000
CT	423	268	200	200.000
CT	422	276	202	202.000
CT	421	277	203	203.000
CT	420	271	224	224.000
CT	419	272	192	192.000
CT	418	298	201	201.000
CT	417	290	203	203.000
CT	416	312	188	188.000
CT	415	340	244	244.000
CT	414	285	212	212.000
CT	413	357	232	232.000
CT	412	326	251	251.000
CT	411	347	235	235.000
CT	410	311	258	258.000
CT	409	347	281	281.000
CT	408	366	300	300.000
CT	407	364	314	314.000
CT	406	368	278	278.000
CT	405	363	245	245.000
CT	404	405	290	290.000
CT	403	389	279	279.000
CT	402	379	281	281.000
CT	401	390	293	293.000
CT	400	388	279	279.000
CT	399	442	339	339.000
CT	398	448	347	347.000
CT	397	397	267	267.000
CT	396	440	341	341.000
CT	395	403	300	300.000
CT	394	432	323	323.000
CT	393	458	321	321.000
CT	392	422	295	295.000
CT	391	471	338	338.000
CT	390	423	282	282.000
CT	389	459	331	331.000
CT	388	485	350	350.000
CT	387	500	390	390.000
CT	386	524	378	378.000
CT	385	531	383	383.000
CT	384	562	417	417.000
CT	383	576	451	451.000
CT	382	589	481	481.000
CT	381	602	482	482.000
CT	380	660	483	483.000
CT	379	684	547	547.000
CT	378	606	460	460.000
CT	377	597	469	469.000
CT	376	668	513	513.000
CT	375	610	478	478.000
CT	374	686	518	518.000
CT	373	655	513	513.000
CT	372	728	567	567.000
CT	371	733	567	567.000
CT	370	754	606	606.000
CT	369	697	568	568.000
CT	368	705	548	548.000
CT	367	694	551	551.000
CT	366	733	564	564.000
CT	365	778	618	618.000
CT	364	798	635	635.000
CT	363	828	655	655.000
CT	362	841	673	673.000
CT	361	800	648	648.000
CT	360	801	668	668.000
CT	359	816	649	649.000
CT	358	874	704	704.000
CT	357	871	720	720.000
CT	356	864	710	710.000
CT	355	936	750	750.000
CT	354	963	739	739.000
CT	353	1009	805	805.000
CT	352	1000	792	792.000
CT	351	1053	857	857.000
CT	350	1050	876	876.000
CT	349	1136	924	924.000
CT	348	1108	899	899.000
CT	347	1137	921	921.000
CT	346	1167	976	976.000
CT	345	1215	1053	1053.000
CT	344	1201	987	987.000
CT	343	1256	1023	1023.000
CT	342	1266	1075	1075.000
CT	341	1328	1114	1114.000
CT	340	1349	1125	1125.000
CT	339	1392	1171	1171.000
CT	338	1496	1239	1239.000
CT	337	1467	1237	1237.000
CT	336	1515	1291	1291.000
CT	335	1540	1291	1291.000
CT	334	1627	1399	1399.000
CT	333	1646	1421	1421.000
CT	332	1634	1443	1443.000
CT	331	1724	1447	1447.000
CT	330	1799	1535	1535.000
CT	329	1801	1527	1527.000
CT	328	1795	1546	1546.000
CT	327	1972	1730	1730.000
CT	326	1875	1672	1672.000
CT	325	1944	1735	1735.000
CT	324	2041	1787	1787.000
CT	323	2063	1825	1825.000
CT	322	2084	1898	1898.000
CT	321	2160	1965	1965.000
CT	320	2229	1990	1990.000
CT	319	2192	1990	1990.000
CT	318	2369	2142	2142.000
CT	317	2367	2132	2132.000
CT	316	2439	2184	2184.000
CT	315	2411	2197	2197.000
CT	314	2504	2286	2286.000
CT	313	2578	2337	2337.000
CT	312	2472	2296	2296.000
CT	311	2591	2366	2366.000
CT	310	2626	2431	2431.000
CT	309	2733	2512	2512.000
CT	308	2796	2561	2561.000
CT	307	2880	2667	2667.000
CT	306	2959	2699	2699.000
CT	305	3110	2859	2859.000
CT	304	3114	2840	2840.000
CT	303	3233	2995	2995.000
CT	302	3215	2968	2968.000
CT	301	3277	3030	3030.000
CT	300	3370	3139	3139.000
CT	299	3390	3152	3152.000
CT	298	3451	3228	3228.000
CT	297	3446	3215	3215.000
CT	296	3607	3400	3400.000
CT	295	3616	3407	3407.000
CT	294	3622	3436	3436.000
CT	293	3774	3566	3566.000
CT	292	3898	3709	3709.000
CT	291	4128	3894	3894.000
CT	290	4143	3927	3927.000
CT	289	4215	4018	4018.000
CT	288	4422	4229	4229.000
CT	287	4511	4284	4284.000
CT	286	4797	4566	4566.000
CT	285	4788	4568	4568.000
CT	284	4937	4725	4725.000
CT	283	5059	4848	4848.000
CT	282	5063	4856	4856.000
CT	281	5371	5171	5171.000
CT	280	5248	5027	5027.000
CT	279	5599	5378	5378.000
CT	278	5631	5422	5422.000
CT	277	5798	5564	5564.000
CT	276	5962	5736	5736.000
CT	275	5999	5782	5782.000
CT	274	6264	6065	6065.000
CT	273	6295	6100	6100.000
CT	272	6486	6258	6258.000
CT	271	6547	6285	6285.000
CT	270	6867	6619	6619.000
CT	269	6928	6727	6727.000
CT	268	7061	6869	6869.000
CT	267	7285	7086	7086.000
CT	266	7503	7305	7305.000
CT	265	7582	7411	7411.000
CT	264	8020	7827	7827.000
CT	263	8122	7924	7924.000
CT	262	8404	8209	8209.000
CT	261	8325	8170	8170.000
CT	260	8547	8369	8369.000
CT	259	8807	8612	8612.000
CT	258	8909	8724	8724.000
CT	257	9066	8915	8915.000
CT	256	9514	9312	9312.000
CT	255	9546	9372	9372.000
CT	254	9585	9422	9422.000
CT	253	9821	9670	9670.000
CT	252	10269	10082	10082.000
CT	251	10297	10130	10130.000
CT	250	10477	10261	10261.000
CT	249	10749	10576	10576.000
CT	248	10823	10662	10662.000
CT	247	11095	10942	10942.000
CT	246	11497	11311	11311.000
CT	245	11786	11577	11577.000
CT	244	11965	11779	11779.000
CT	243	12377	12213	12213.000
CT	242	12468	12311	12311.000
CT	241	12714	12560	12560.000
CT	240	12874	12686	12686.000
CT	239	13145	12970	12970.000
CT	238	13352	13176	13176.000
CT	237	13450	13281	13281.000
CT	236	13717	13548	13548.000
CT	235	13970	13799	13799.000
CT	234	14330	14162	14162.000
CT	233	14408	14233	14233.000
CT	232	14711	14542	14542.000
CT	231	14915	14763	14763.000
CT	230	15354	15188	15188.000
CT	229	15433	15262	15262.000
CT	228	15857	15692	15692.000
CT	227	16263	16086	16086.000
CT	226	16433	16292	16292.000
CT	225	16975	16819	16819.000
CT	224	17158	17023	17023.000
CT	223	17269	17165	17165.000
CT	222	17385	17237	17237.000
CT	221	18276	18121	18121.000
CT	220	18462	18330	18330.000
CT	219	18998	18879	18879.000
CT	218	18975	18854	18854.000
CT	217	19335	19196	19196.000
CT	216	19562	19453	19453.000
CT	215	19869	19760	19760.000
CT	214	20460	20346	20346.000
CT	213	20900	20777	20777.000
CT	212	20863	20763	20763.000
CT	211	21421	21322	21322.000
CT	210	21781	21689	21689.000
CT	209	21553	21406	21406.000
CT	208	22371	22213	22213.000
CT	207	22629	22469	22469.000
CT	206	23143	23005	23005.000
CT	205	23510	23377	23377.000
CT	204	23554	23414	23414.000
CT	203	24284	24155	24155.000
CT	202	24452	24336	24336.000
CT	201	24586	24434	24434.000
CT	200	25112	25026	25026.000
CT	199	25459	25330	25330.000
CT	198	25445	25326	25326.000
CT	197	25759	25626	25626.000
CT	196	26146	26040	26040.000
CT	195	26438	26334	26334.000
CT	194	26725	26628	26628.000
CT	193	27033	26912	26912.000
CT	192	27263	27172	27172.000
CT	191	27960	27868	27868.000
CT	190	28376	28282	28282.000
CT	189	28531	28461	28461.000
CT	188	28875	28795	28795.000
CT	187	29687	29592	29592.000
CT	186	29673	29563	29563.000
CT	185	30088	29976	29976.000
CT	184	30156	30055	30055.000
CT	183	30433	30313	30313.000
CT	182	30786	30670	30670.000
CT	181	31132	31034	31034.000
CT	180	31097	30984	30984.000
CT	179	31726	31648	31648.000
CT	178	31917	31856	31856.000
CT	177	32189	32125	32125.000
CT	176	32693	32605	32605.000
CT	175	33300	33238	33238.000
CT	174	33230	33153	33153.000
CT	173	33494	33445	33445.000
CT	172	33826	33773	33773.000
CT	171	33936	33833	33833.000
CT	170	34341	34273	34273.000
CT	169	34508	34446	34446.000
CT	168	34565	34510	34510.000
CT	167	35091	35006	35006.000
CT	166	35086	35041	35041.000
CT	165	35170	35104	35104.000
CT	164	35722	35696	35696.000
CT	163	35800	35735	35735.000
CT	162	36029	35988	35988.000
CT	161	35790	35771	35771.000
CT	160	36157	36122	36122.000
CT	159	36729	36689	36689.000
CT	158	36983	36956	36956.000
CT	157	36953	36926	36926.000
CT	156	36777	36737	36737.000
CT	155	36623	36571	36571.000
CT	154	36482	36441	36441.000
CT	153	36684	36626	36626.000
CT	152	36841	36801	36801.000
CT	151	36373	36345	36345.000
CT	150	36709	36661	36661.000
CT	149	36709	36669	36669.000
CT	148	37116	37074	37074.000
CT	147	36917	36874	36874.000
CT	146	36005	35955	35955.000
CT	145	36924	36862	36862.000
CT	144	36640	36603	36603.000
CT	143	36178	36104	36104.000
CT	142	36446	36381	36381.000
CT	141	36762	36699	36699.000
CT	140	36505	36473	36473.000
CT	139	36881	36824	36824.000
CT	138	36144	36090	36090.000
CT	137	35933	35887	35887.000
CT	136	35349	35279	35279.000
CT	135	35173	35109	35109.000
CT	134	35179	35126	35126.000
CT	133	34743	34706	34706.000
CT	132	34871	34797	34797.000
CT	131	34856	34795	34795.000
CT	130	34134	34069	34069.000
CT	129	34369	34314	34314.000
CT	128	34224	34171	34171.000
CT	127	33463	33414	33414.000
CT	126	33448	33403	33403.000
CT	125	33177	33145	33145.000
CT	124	32754	32712	32712.000
CT	123	32433	32416	32416.000
CT	122	31884	31884	31884.000
CT	121	31850	31857	31857.000
CT	120	31325	31311	31311.000
CT	119	31200	31177	31177.000
CT	118	30821	30787	30787.000
CT	117	30218	30192	30192.000
CT	116	30482	30461	30461.000
CT	115	29107	29075	29075.000
CT	114	28730	28691	28691.000
CT	113	28403	28377	28377.000
CT	112	27958	27918	27918.000
CT	111	27488	27428	27428.000
CT	110	27063	27026	27026.000
CT	109	26645	26612	26612.000
CT	108	26046	26007	26007.000
CT	107	25566	25518	25518.000
CT	106	25173	25115	25115.000
CT	105	24596	24549	24549.000
CT	104	24298	24261	24261.000
CT	103	23486	23454	23454.000
CT	102	23474	23433	23433.000
CT	101	22518	22475	22475.000
CT	100	22226	22194	22194.000
CT	99	21038	20990	20990.000
CT	98	21100	21070	21070.000
CT	97	20483	20447	20447.000
CT	96	19781	19747	19747.000
CT	95	19125	19086	19086.000
CT	94	18523	18492	18492.000
CT	93	18559	18527	18527.000
CT	92	17799	17766	17766.000
CT	91	17009	16957	16957.000
CT	90	16401	16339	16339.000
CT	89	16150	16092	16092.000
CT	88	15604	15528	15528.000
CT	87	15122	15050	15050.000
CT	86	14631	14560	14560.000
CT	85	13953	13881	13881.000
CT	84	13533	13450	13450.000
CT	83	13230	13130	13130.000
CT	82	12607	12508	12508.000
CT	81	12117	12015	12015.000
CT	80	11613	11504	11504.000
CT	79	11271	11170	11170.000
CT	78	10709	10610	10610.000
CT	77	10306	10189	10189.000
CT	76	9734	9610	9610.000
CT	75	9230	9127	9127.000
CT	74	8842	8727	8727.000
CT	73	8221	8118	8118.000
CT	72	7766	7656	7656.000
CT	71	7327	7215	7215.000
CT	70	7104	6969	6969.000
CT	69	6810	6692	6692.000
CT	68	6332	6189	6189.000
CT	67	5924	5792	5792.000
CT	66	5712	5583	5583.000
CT	65	5447	5287	5287.000
CT	64	5245	5081	5081.000
CT	63	4888	4735	4735.000
CT	62	4596	4427	4427.000
CT	61	4341	4162	4162.000
CT	60	4157	4009	4009.000
CT	59	3851	3663	3663.000
CT	58	3854	3641	3641.000
CT	57	3468	3300	3300.000
CT	56	3337	3133	3133.000
CT	55	3169	2925	2925.000
CT	54	3014	2779	2779.000
CT	53	2752	2486	2486.000
CT	52	2451	2195	2195.000
CT	51	2472	2173	2173.000
CT	50	2386	2069	2069.000
CT	49	2240	1942	1942.000
CT	48	2113	1737	1737.000
CT	47	2008	1655	1655.000
CT	46	1845	1480	1480.000
CT	45	1797	1399	1399.000
CT	44	1893	1439	1439.000
CT	43	1748	1292	1292.000
CT	42	1671	1135	1135.000
CT	41	1616	1098	1098.000
CT	40	1583	1020	1020.000
CT	39	1581	978	978.000
CT	38	1570	838	838.000
CT	37	1634	793	793.000
CT	36	1585	654	654.000
CT	35	1550	488	487.999
CT	34	1567	449	448.999
CT	33	1816	431	430.999
CT	32	2001	430	429.999
CT	31	2148	486	485.999
CT	30	2137	406	405.999
CT	29	2543	394	393.999
CT	28	2891	350	349.999
CT	27	3333	376	375.999
CT	26	3387	280	279.999
CT	25	4159	217	216.998
CT	24	4807	260	259.998
CT	23	5326	236	235.998
CT	22	6224	200	199.997
CT	21	7415	157	156.997
CT	20	8416	178	177.996
CT	19	10102	169	168.995
CT	18	11915	137	136.994
CT	17	13870	139	138.993
CT	16	17674	90	89.992
CT	15	21951	85	84.990
CT	14	27536	79	78.987
CT	13	33670	56	55.984
CT	12	41944	55	54.980
CT	11	54935	27	26.974
CT	10	71283	17	16.966
CT	9	94598	35	34.955
CT	8	129999	12	11.938
CT	7	186475	18	17.912
CT	6	282087	24	23.866
CT	5	472238	3	2.776
CT	4	917279	0	0.000
CT	3	2278573	0	0.000
CT	2	8610250	3	-nan
CT	1	0	0	-nan
CT	0	0	1560	-nan
FR	4.74e-07	0
ER	5130759	0.000
CV	0.999
QV	50.084	50.084
