HS	1023	0	20324	20324
HS	1022	0	12	20336
HS	1021	0	10	20346
HS	1020	0	10	20356
HS	1019	0	13	20369
HS	1018	0	15	20384
HS	1017	0	14	20398
HS	1016	0	17	20415
HS	1015	0	25	20440
HS	1014	0	17	20457
HS	1013	0	25	20482
HS	1012	0	18	20500
HS	1011	0	18	20518
HS	1010	0	13	20531
HS	1009	0	13	20544
HS	1008	0	10	20554
HS	1007	0	14	20568
HS	1006	0	19	20587
HS	1005	0	15	20602
HS	1004	0	13	20615
HS	1003	0	11	20626
HS	1002	0	15	20641
HS	1001	0	10	20651
HS	1000	0	17	20668
HS	999	0	16	20684
HS	998	0	21	20705
HS	997	0	16	20721
HS	996	0	20	20741
HS	995	0	9	20750
HS	994	0	15	20765
HS	993	0	12	20777
HS	992	0	16	20793
HS	991	0	13	20806
HS	990	0	12	20818
HS	989	0	10	20828
HS	988	0	14	20842
HS	987	0	12	20854
HS	986	0	16	20870
HS	985	0	14	20884
HS	984	0	18	20902
HS	983	0	12	20914
HS	982	0	16	20930
HS	981	0	13	20943
HS	980	0	11	20954
HS	979	0	23	20977
HS	978	0	14	20991
HS	977	0	21	21012
HS	976	0	15	21027
HS	975	0	16	21043
HS	974	0	11	21054
HS	973	0	18	21072
HS	972	0	19	21091
HS	971	0	26	21117
HS	970	0	27	21144
HS	969	0	22	21166
HS	968	0	14	21180
HS	967	0	18	21198
HS	966	0	15	21213
HS	965	0	12	21225
HS	964	0	15	21240
HS	963	0	17	21257
HS	962	0	22	21279
HS	961	0	17	21296
HS	960	0	21	21317
HS	959	0	23	21340
HS	958	0	18	21358
HS	957	0	19	21377
HS	956	0	18	21395
HS	955	0	11	21406
HS	954	0	13	21419
HS	953	0	17	21436
HS	952	0	22	21458
HS	951	0	21	21479
HS	950	0	13	21492
HS	949	0	18	21510
HS	948	0	17	21527
HS	947	0	21	21548
HS	946	0	17	21565
HS	945	0	18	21583
HS	944	0	12	21595
HS	943	0	14	21609
HS	942	0	24	21633
HS	941	0	20	21653
HS	940	0	13	21666
HS	939	0	25	21691
HS	938	0	19	21710
HS	937	0	23	21733
HS	936	0	23	21756
HS	935	0	17	21773
HS	934	0	20	21793
HS	933	0	16	21809
HS	932	0	20	21829
HS	931	0	25	21854
HS	930	0	23	21877
HS	929	0	22	21899
HS	928	0	16	21915
HS	927	0	23	21938
HS	926	0	11	21949
HS	925	0	26	21975
HS	924	0	14	21989
HS	923	0	19	22008
HS	922	0	20	22028
HS	921	0	17	22045
HS	920	0	23	22068
HS	919	0	27	22095
HS	918	0	20	22115
HS	917	0	23	22138
HS	916	0	31	22169
HS	915	0	28	22197
HS	914	0	20	22217
HS	913	0	32	22249
HS	912	0	24	22273
HS	911	0	28	22301
HS	910	0	27	22328
HS	909	0	37	22365
HS	908	0	33	22398
HS	907	0	22	22420
HS	906	0	26	22446
HS	905	0	28	22474
HS	904	0	24	22498
HS	903	0	23	22521
HS	902	0	26	22547
HS	901	0	32	22579
HS	900	0	25	22604
HS	899	0	17	22621
HS	898	0	24	22645
HS	897	0	26	22671
HS	896	0	26	22697
HS	895	0	23	22720
HS	894	0	26	22746
HS	893	0	26	22772
HS	892	0	22	22794
HS	891	0	28	22822
HS	890	0	28	22850
HS	889	0	23	22873
HS	888	0	22	22895
HS	887	0	31	22926
HS	886	0	23	22949
HS	885	0	18	22967
HS	884	0	24	22991
HS	883	0	18	23009
HS	882	0	28	23037
HS	881	0	20	23057
HS	880	0	15	23072
HS	879	0	19	23091
HS	878	0	25	23116
HS	877	0	17	23133
HS	876	0	30	23163
HS	875	0	22	23185
HS	874	0	22	23207
HS	873	0	25	23232
HS	872	0	23	23255
HS	871	0	20	23275
HS	870	0	16	23291
HS	869	0	18	23309
HS	868	0	24	23333
HS	867	0	21	23354
HS	866	0	25	23379
HS	865	0	19	23398
HS	864	0	19	23417
HS	863	0	17	23434
HS	862	0	21	23455
HS	861	0	19	23474
HS	860	0	16	23490
HS	859	0	27	23517
HS	858	0	21	23538
HS	857	0	18	23556
HS	856	0	17	23573
HS	855	0	14	23587
HS	854	0	19	23606
HS	853	0	17	23623
HS	852	0	22	23645
HS	851	0	19	23664
HS	850	0	18	23682
HS	849	0	12	23694
HS	848	0	18	23712
HS	847	0	21	23733
HS	846	0	16	23749
HS	845	0	15	23764
HS	844	0	17	23781
HS	843	0	23	23804
HS	842	0	19	23823
HS	841	0	21	23844
HS	840	0	22	23866
HS	839	0	17	23883
HS	838	0	15	23898
HS	837	0	24	23922
HS	836	0	29	23951
HS	835	0	21	23972
HS	834	0	27	23999
HS	833	0	24	24023
HS	832	0	34	24057
HS	831	0	21	24078
HS	830	0	32	24110
HS	829	0	18	24128
HS	828	0	24	24152
HS	827	0	28	24180
HS	826	0	24	24204
HS	825	0	17	24221
HS	824	0	27	24248
HS	823	0	25	24273
HS	822	0	31	24304
HS	821	0	31	24335
HS	820	0	32	24367
HS	819	0	28	24395
HS	818	0	26	24421
HS	817	0	20	24441
HS	816	0	21	24462
HS	815	0	28	24490
HS	814	0	24	24514
HS	813	0	17	24531
HS	812	0	26	24557
HS	811	0	24	24581
HS	810	0	29	24610
HS	809	0	34	24644
HS	808	0	26	24670
HS	807	0	18	24688
HS	806	0	18	24706
HS	805	0	26	24732
HS	804	0	15	24747
HS	803	0	18	24765
HS	802	0	24	24789
HS	801	0	22	24811
HS	800	0	19	24830
HS	799	0	16	24846
HS	798	0	25	24871
HS	797	0	25	24896
HS	796	0	17	24913
HS	795	0	19	24932
HS	794	0	24	24956
HS	793	0	17	24973
HS	792	0	22	24995
HS	791	0	30	25025
HS	790	0	22	25047
HS	789	0	10	25057
HS	788	0	11	25068
HS	787	0	20	25088
HS	786	0	29	25117
HS	785	0	13	25130
HS	784	0	22	25152
HS	783	0	14	25166
HS	782	0	22	25188
HS	781	0	19	25207
HS	780	0	21	25228
HS	779	0	24	25252
HS	778	0	26	25278
HS	777	0	17	25295
HS	776	0	15	25310
HS	775	0	18	25328
HS	774	0	17	25345
HS	773	0	19	25364
HS	772	0	24	25388
HS	771	0	17	25405
HS	770	0	25	25430
HS	769	0	28	25458
HS	768	0	31	25489
HS	767	0	21	25510
HS	766	0	22	25532
HS	765	0	22	25554
HS	764	0	21	25575
HS	763	0	24	25599
HS	762	0	28	25627
HS	761	0	17	25644
HS	760	0	19	25663
HS	759	0	17	25680
HS	758	0	25	25705
HS	757	0	20	25725
HS	756	0	18	25743
HS	755	0	16	25759
HS	754	0	14	25773
HS	753	0	21	25794
HS	752	0	21	25815
HS	751	0	19	25834
HS	750	0	12	25846
HS	749	0	25	25871
HS	748	0	19	25890
HS	747	0	15	25905
HS	746	0	31	25936
HS	745	0	27	25963
HS	744	0	16	25979
HS	743	0	19	25998
HS	742	0	18	26016
HS	741	0	22	26038
HS	740	0	20	26058
HS	739	0	27	26085
HS	738	0	15	26100
HS	737	0	24	26124
HS	736	0	33	26157
HS	735	0	34	26191
HS	734	0	20	26211
HS	733	0	23	26234
HS	732	0	30	26264
HS	731	0	36	26300
HS	730	0	16	26316
HS	729	0	27	26343
HS	728	0	32	26375
HS	727	0	26	26401
HS	726	0	26	26427
HS	725	0	32	26459
HS	724	0	23	26482
HS	723	0	36	26518
HS	722	0	33	26551
HS	721	0	33	26584
HS	720	0	27	26611
HS	719	0	27	26638
HS	718	0	32	26670
HS	717	0	24	26694
HS	716	0	29	26723
HS	715	0	32	26755
HS	714	0	30	26785
HS	713	0	28	26813
HS	712	0	32	26845
HS	711	0	26	26871
HS	710	0	20	26891
HS	709	0	22	26913
HS	708	0	29	26942
HS	707	0	30	26972
HS	706	0	18	26990
HS	705	0	33	27023
HS	704	0	31	27054
HS	703	0	36	27090
HS	702	0	38	27128
HS	701	0	32	27160
HS	700	0	23	27183
HS	699	0	41	27224
HS	698	0	23	27247
HS	697	0	39	27286
HS	696	0	42	27328
HS	695	0	36	27364
HS	694	0	31	27395
HS	693	0	38	27433
HS	692	0	39	27472
HS	691	0	35	27507
HS	690	0	42	27549
HS	689	0	27	27576
HS	688	0	34	27610
HS	687	0	33	27643
HS	686	0	42	27685
HS	685	0	42	27727
HS	684	0	40	27767
HS	683	0	35	27802
HS	682	0	47	27849
HS	681	0	32	27881
HS	680	0	45	27926
HS	679	0	36	27962
HS	678	0	38	28000
HS	677	0	39	28039
HS	676	0	33	28072
HS	675	0	33	28105
HS	674	0	41	28146
HS	673	0	38	28184
HS	672	0	37	28221
HS	671	0	31	28252
HS	670	0	28	28280
HS	669	0	36	28316
HS	668	0	42	28358
HS	667	0	32	28390
HS	666	0	23	28413
HS	665	0	34	28447
HS	664	0	35	28482
HS	663	0	31	28513
HS	662	0	37	28550
HS	661	0	38	28588
HS	660	0	28	28616
HS	659	0	38	28654
HS	658	0	32	28686
HS	657	0	41	28727
HS	656	0	41	28768
HS	655	0	32	28800
HS	654	0	43	28843
HS	653	0	36	28879
HS	652	0	47	28926
HS	651	0	36	28962
HS	650	0	34	28996
HS	649	0	37	29033
HS	648	0	28	29061
HS	647	0	42	29103
HS	646	0	41	29144
HS	645	0	48	29192
HS	644	0	40	29232
HS	643	0	52	29284
HS	642	0	44	29328
HS	641	0	37	29365
HS	640	0	30	29395
HS	639	0	36	29431
HS	638	0	47	29478
HS	637	0	46	29524
HS	636	0	37	29561
HS	635	0	35	29596
HS	634	0	35	29631
HS	633	0	47	29678
HS	632	0	48	29726
HS	631	0	40	29766
HS	630	0	35	29801
HS	629	0	50	29851
HS	628	0	48	29899
HS	627	0	42	29941
HS	626	0	49	29990
HS	625	0	37	30027
HS	624	0	43	30070
HS	623	0	40	30110
HS	622	0	33	30143
HS	621	0	37	30180
HS	620	0	39	30219
HS	619	0	31	30250
HS	618	0	27	30277
HS	617	0	28	30305
HS	616	0	33	30338
HS	615	0	43	30381
HS	614	0	31	30412
HS	613	0	37	30449
HS	612	0	36	30485
HS	611	0	46	30531
HS	610	0	46	30577
HS	609	0	26	30603
HS	608	0	42	30645
HS	607	0	36	30681
HS	606	0	45	30726
HS	605	0	52	30778
HS	604	0	38	30816
HS	603	0	46	30862
HS	602	0	43	30905
HS	601	0	37	30942
HS	600	0	48	30990
HS	599	0	50	31040
HS	598	0	57	31097
HS	597	0	50	31147
HS	596	0	51	31198
HS	595	0	37	31235
HS	594	0	44	31279
HS	593	0	40	31319
HS	592	0	59	31378
HS	591	0	65	31443
HS	590	0	60	31503
HS	589	0	49	31552
HS	588	0	54	31606
HS	587	0	58	31664
HS	586	0	50	31714
HS	585	0	55	31769
HS	584	0	54	31823
HS	583	0	73	31896
HS	582	0	59	31955
HS	581	0	66	32021
HS	580	0	65	32086
HS	579	0	69	32155
HS	578	0	54	32209
HS	577	0	50	32259
HS	576	0	66	32325
HS	575	0	44	32369
HS	574	0	53	32422
HS	573	0	57	32479
HS	572	0	73	32552
HS	571	0	58	32610
HS	570	0	63	32673
HS	569	0	57	32730
HS	568	0	61	32791
HS	567	0	62	32853
HS	566	0	62	32915
HS	565	0	64	32979
HS	564	0	35	33014
HS	563	0	47	33061
HS	562	0	53	33114
HS	561	0	67	33181
HS	560	0	83	33264
HS	559	0	55	33319
HS	558	0	70	33389
HS	557	0	71	33460
HS	556	0	65	33525
HS	555	0	69	33594
HS	554	0	66	33660
HS	553	0	46	33706
HS	552	0	61	33767
HS	551	0	64	33831
HS	550	0	63	33894
HS	549	0	62	33956
HS	548	0	65	34021
HS	547	0	65	34086
HS	546	0	68	34154
HS	545	0	73	34227
HS	544	0	70	34297
HS	543	0	50	34347
HS	542	0	67	34414
HS	541	0	76	34490
HS	540	0	79	34569
HS	539	0	73	34642
HS	538	0	79	34721
HS	537	0	73	34794
HS	536	0	83	34877
HS	535	0	66	34943
HS	534	0	78	35021
HS	533	0	82	35103
HS	532	0	78	35181
HS	531	0	81	35262
HS	530	0	92	35354
HS	529	0	83	35437
HS	528	0	92	35529
HS	527	0	75	35604
HS	526	0	92	35696
HS	525	0	85	35781
HS	524	0	96	35877
HS	523	0	110	35987
HS	522	0	85	36072
HS	521	0	91	36163
HS	520	0	94	36257
HS	519	0	94	36351
HS	518	0	115	36466
HS	517	0	92	36558
HS	516	0	108	36666
HS	515	0	104	36770
HS	514	0	101	36871
HS	513	0	90	36961
HS	512	0	119	37080
HS	511	0	115	37195
HS	510	0	111	37306
HS	509	0	128	37434
HS	508	0	92	37526
HS	507	0	107	37633
HS	506	0	114	37747
HS	505	0	125	37872
HS	504	0	111	37983
HS	503	0	123	38106
HS	502	0	123	38229
HS	501	0	128	38357
HS	500	0	117	38474
HS	499	0	112	38586
HS	498	0	124	38710
HS	497	0	118	38828
HS	496	0	116	38944
HS	495	0	133	39077
HS	494	0	121	39198
HS	493	0	113	39311
HS	492	0	105	39416
HS	491	0	107	39523
HS	490	0	115	39638
HS	489	0	149	39787
HS	488	0	126	39913
HS	487	0	117	40030
HS	486	0	132	40162
HS	485	0	129	40291
HS	484	0	162	40453
HS	483	0	130	40583
HS	482	0	134	40717
HS	481	0	164	40881
HS	480	0	162	41043
HS	479	0	129	41172
HS	478	0	119	41291
HS	477	0	145	41436
HS	476	0	147	41583
HS	475	0	137	41720
HS	474	0	159	41879
HS	473	0	145	42024
HS	472	0	133	42157
HS	471	0	151	42308
HS	470	0	165	42473
HS	469	0	181	42654
HS	468	0	148	42802
HS	467	0	174	42976
HS	466	0	161	43137
HS	465	0	140	43277
HS	464	0	141	43418
HS	463	0	161	43579
HS	462	0	169	43748
HS	461	0	180	43928
HS	460	0	170	44098
HS	459	0	164	44262
HS	458	0	156	44418
HS	457	0	153	44571
HS	456	0	159	44730
HS	455	0	174	44904
HS	454	0	194	45098
HS	453	0	174	45272
HS	452	0	157	45429
HS	451	0	176	45605
HS	450	0	164	45769
HS	449	0	200	45969
HS	448	0	190	46159
HS	447	0	191	46350
HS	446	0	199	46549
HS	445	0	211	46760
HS	444	0	183	46943
HS	443	0	241	47184
HS	442	0	232	47416
HS	441	0	202	47618
HS	440	0	225	47843
HS	439	0	199	48042
HS	438	0	211	48253
HS	437	0	234	48487
HS	436	0	235	48722
HS	435	0	234	48956
HS	434	0	204	49160
HS	433	0	219	49379
HS	432	0	244	49623
HS	431	0	239	49862
HS	430	0	223	50085
HS	429	0	251	50336
HS	428	0	232	50568
HS	427	0	230	50798
HS	426	0	229	51027
HS	425	0	249	51276
HS	424	0	258	51534
HS	423	0	268	51802
HS	422	0	276	52078
HS	421	0	277	52355
HS	420	0	271	52626
HS	419	0	272	52898
HS	418	0	298	53196
HS	417	0	290	53486
HS	416	0	312	53798
HS	415	0	340	54138
HS	414	0	285	54423
HS	413	0	357	54780
HS	412	0	326	55106
HS	411	0	347	55453
HS	410	0	311	55764
HS	409	0	347	56111
HS	408	0	366	56477
HS	407	0	364	56841
HS	406	0	368	57209
HS	405	0	363	57572
HS	404	0	405	57977
HS	403	0	389	58366
HS	402	0	379	58745
HS	401	0	390	59135
HS	400	0	388	59523
HS	399	0	442	59965
HS	398	0	448	60413
HS	397	0	397	60810
HS	396	0	440	61250
HS	395	0	403	61653
HS	394	0	432	62085
HS	393	0	458	62543
HS	392	0	422	62965
HS	391	0	471	63436
HS	390	0	423	63859
HS	389	0	459	64318
HS	388	0	485	64803
HS	387	0	500	65303
HS	386	0	524	65827
HS	385	0	531	66358
HS	384	0	562	66920
HS	383	0	576	67496
HS	382	0	589	68085
HS	381	0	602	68687
HS	380	0	660	69347
HS	379	0	684	70031
HS	378	0	606	70637
HS	377	0	597	71234
HS	376	0	668	71902
HS	375	0	610	72512
HS	374	0	686	73198
HS	373	0	655	73853
HS	372	0	728	74581
HS	371	0	733	75314
HS	370	0	754	76068
HS	369	0	697	76765
HS	368	0	705	77470
HS	367	0	694	78164
HS	366	0	733	78897
HS	365	0	778	79675
HS	364	0	798	80473
HS	363	0	828	81301
HS	362	0	841	82142
HS	361	0	800	82942
HS	360	0	801	83743
HS	359	0	816	84559
HS	358	0	874	85433
HS	357	0	871	86304
HS	356	0	864	87168
HS	355	0	936	88104
HS	354	0	963	89067
HS	353	0	1009	90076
HS	352	0	1000	91076
HS	351	0	1053	92129
HS	350	0	1050	93179
HS	349	0	1136	94315
HS	348	0	1108	95423
HS	347	0	1137	96560
HS	346	0	1167	97727
HS	345	0	1215	98942
HS	344	0	1201	100143
HS	343	0	1256	101399
HS	342	0	1266	102665
HS	341	0	1328	103993
HS	340	0	1349	105342
HS	339	0	1392	106734
HS	338	0	1496	108230
HS	337	0	1467	109697
HS	336	0	1515	111212
HS	335	0	1540	112752
HS	334	0	1627	114379
HS	333	0	1646	116025
HS	332	0	1634	117659
HS	331	0	1724	119383
HS	330	0	1799	121182
HS	329	0	1801	122983
HS	328	0	1795	124778
HS	327	0	1972	126750
HS	326	0	1875	128625
HS	325	0	1944	130569
HS	324	0	2041	132610
HS	323	0	2063	134673
HS	322	0	2084	136757
HS	321	0	2160	138917
HS	320	0	2229	141146
HS	319	0	2192	143338
HS	318	0	2369	145707
HS	317	0	2367	148074
HS	316	0	2439	150513
HS	315	0	2411	152924
HS	314	0	2504	155428
HS	313	0	2578	158006
HS	312	0	2472	160478
HS	311	0	2591	163069
HS	310	0	2626	165695
HS	309	0	2733	168428
HS	308	0	2796	171224
HS	307	0	2880	174104
HS	306	0	2959	177063
HS	305	0	3110	180173
HS	304	0	3114	183287
HS	303	0	3233	186520
HS	302	0	3215	189735
HS	301	0	3277	193012
HS	300	0	3370	196382
HS	299	0	3390	199772
HS	298	0	3451	203223
HS	297	0	3446	206669
HS	296	0	3607	210276
HS	295	0	3616	213892
HS	294	0	3622	217514
HS	293	0	3774	221288
HS	292	0	3898	225186
HS	291	0	4128	229314
HS	290	0	4143	233457
HS	289	0	4215	237672
HS	288	0	4422	242094
HS	287	0	4511	246605
HS	286	0	4797	251402
HS	285	0	4788	256190
HS	284	0	4937	261127
HS	283	0	5059	266186
HS	282	0	5063	271249
HS	281	0	5371	276620
HS	280	0	5248	281868
HS	279	0	5599	287467
HS	278	0	5631	293098
HS	277	0	5798	298896
HS	276	0	5962	304858
HS	275	0	5999	310857
HS	274	0	6264	317121
HS	273	0	6295	323416
HS	272	0	6486	329902
HS	271	0	6547	336449
HS	270	0	6867	343316
HS	269	0	6928	350244
HS	268	0	7061	357305
HS	267	0	7285	364590
HS	266	0	7503	372093
HS	265	0	7582	379675
HS	264	0	8020	387695
HS	263	0	8122	395817
HS	262	0	8404	404221
HS	261	0	8325	412546
HS	260	0	8547	421093
HS	259	0	8807	429900
HS	258	0	8909	438809
HS	257	0	9066	447875
HS	256	0	9514	457389
HS	255	0	9546	466935
HS	254	0	9585	476520
HS	253	0	9821	486341
HS	252	0	10269	496610
HS	251	0	10297	506907
HS	250	0	10477	517384
HS	249	0	10749	528133
HS	248	0	10823	538956
HS	247	0	11095	550051
HS	246	0	11497	561548
HS	245	0	11786	573334
HS	244	0	11965	585299
HS	243	0	12377	597676
HS	242	0	12468	610144
HS	241	0	12714	622858
HS	240	0	12874	635732
HS	239	0	13145	648877
HS	238	0	13352	662229
HS	237	0	13450	675679
HS	236	0	13717	689396
HS	235	0	13970	703366
HS	234	0	14330	717696
HS	233	0	14408	732104
HS	232	0	14711	746815
HS	231	0	14915	761730
HS	230	0	15354	777084
HS	229	0	15433	792517
HS	228	0	15857	808374
HS	227	0	16263	824637
HS	226	0	16433	841070
HS	225	0	16975	858045
HS	224	0	17158	875203
HS	223	0	17269	892472
HS	222	0	17385	909857
HS	221	0	18276	928133
HS	220	0	18462	946595
HS	219	0	18998	965593
HS	218	0	18975	984568
HS	217	0	19335	1003903
HS	216	0	19562	1023465
HS	215	0	19869	1043334
HS	214	0	20460	1063794
HS	213	0	20900	1084694
HS	212	0	20863	1105557
HS	211	0	21421	1126978
HS	210	0	21781	1148759
HS	209	0	21553	1170312
HS	208	0	22371	1192683
HS	207	0	22629	1215312
HS	206	0	23143	1238455
HS	205	0	23510	1261965
HS	204	0	23554	1285519
HS	203	0	24284	1309803
HS	202	0	24452	1334255
HS	201	0	24586	1358841
HS	200	0	25112	1383953
HS	199	0	25459	1409412
HS	198	0	25445	1434857
HS	197	0	25759	1460616
HS	196	0	26146	1486762
HS	195	0	26438	1513200
HS	194	0	26725	1539925
HS	193	0	27033	1566958
HS	192	0	27263	1594221
HS	191	0	27960	1622181
HS	190	0	28376	1650557
HS	189	0	28531	1679088
HS	188	0	28875	1707963
HS	187	0	29687	1737650
HS	186	0	29673	1767323
HS	185	0	30088	1797411
HS	184	0	30156	1827567
HS	183	0	30433	1858000
HS	182	0	30786	1888786
HS	181	0	31132	1919918
HS	180	0	31097	1951015
HS	179	0	31726	1982741
HS	178	0	31917	2014658
HS	177	0	32189	2046847
HS	176	0	32693	2079540
HS	175	0	33300	2112840
HS	174	0	33230	2146070
HS	173	0	33494	2179564
HS	172	0	33826	2213390
HS	171	0	33936	2247326
HS	170	0	34341	2281667
HS	169	0	34508	2316175
HS	168	0	34565	2350740
HS	167	0	35091	2385831
HS	166	0	35086	2420917
HS	165	0	35170	2456087
HS	164	0	35722	2491809
HS	163	0	35800	2527609
HS	162	0	36029	2563638
HS	161	0	35790	2599428
HS	160	0	36157	2635585
HS	159	0	36729	2672314
HS	158	0	36983	2709297
HS	157	0	36953	2746250
HS	156	0	36777	2783027
HS	155	0	36623	2819650
HS	154	0	36482	2856132
HS	153	0	36684	2892816
HS	152	0	36841	2929657
HS	151	0	36373	2966030
HS	150	0	36709	3002739
HS	149	0	36709	3039448
HS	148	0	37116	3076564
HS	147	0	36917	3113481
HS	146	0	36005	3149486
HS	145	0	36924	3186410
HS	144	0	36640	3223050
HS	143	0	36178	3259228
HS	142	0	36446	3295674
HS	141	0	36762	3332436
HS	140	0	36505	3368941
HS	139	0	36881	3405822
HS	138	0	36144	3441966
HS	137	0	35933	3477899
HS	136	0	35349	3513248
HS	135	0	35173	3548421
HS	134	0	35179	3583600
HS	133	0	34743	3618343
HS	132	0	34871	3653214
HS	131	0	34856	3688070
HS	130	0	34134	3722204
HS	129	0	34369	3756573
HS	128	0	34224	3790797
HS	127	0	33463	3824260
HS	126	0	33448	3857708
HS	125	0	33177	3890885
HS	124	0	32754	3923639
HS	123	0	32433	3956072
HS	122	0	31884	3987956
HS	121	0	31850	4019806
HS	120	0	31325	4051131
HS	119	0	31200	4082331
HS	118	0	30821	4113152
HS	117	0	30218	4143370
HS	116	0	30482	4173852
HS	115	0	29107	4202959
HS	114	0	28730	4231689
HS	113	0	28403	4260092
HS	112	0	27958	4288050
HS	111	0	27488	4315538
HS	110	0	27063	4342601
HS	109	0	26645	4369246
HS	108	0	26046	4395292
HS	107	0	25566	4420858
HS	106	0	25173	4446031
HS	105	0	24596	4470627
HS	104	0	24298	4494925
HS	103	0	23486	4518411
HS	102	0	23474	4541885
HS	101	0	22518	4564403
HS	100	0	22226	4586629
HS	99	0	21038	4607667
HS	98	0	21100	4628767
HS	97	0	20483	4649250
HS	96	0	19781	4669031
HS	95	0	19125	4688156
HS	94	0	18523	4706679
HS	93	0	18559	4725238
HS	92	0	17799	4743037
HS	91	0	17009	4760046
HS	90	0	16401	4776447
HS	89	0	16150	4792597
HS	88	0	15604	4808201
HS	87	0	15122	4823323
HS	86	0	14631	4837954
HS	85	0	13953	4851907
HS	84	0	13533	4865440
HS	83	0	13230	4878670
HS	82	0	12607	4891277
HS	81	0	12117	4903394
HS	80	0	11613	4915007
HS	79	0	11271	4926278
HS	78	0	10709	4936987
HS	77	0	10306	4947293
HS	76	0	9734	4957027
HS	75	0	9230	4966257
HS	74	0	8842	4975099
HS	73	0	8221	4983320
HS	72	0	7766	4991086
HS	71	0	7327	4998413
HS	70	0	7104	5005517
HS	69	0	6810	5012327
HS	68	0	6332	5018659
HS	67	0	5924	5024583
HS	66	0	5712	5030295
HS	65	0	5447	5035742
HS	64	0	5245	5040987
HS	63	0	4888	5045875
HS	62	0	4596	5050471
HS	61	0	4341	5054812
HS	60	0	4157	5058969
HS	59	0	3851	5062820
HS	58	0	3854	5066674
HS	57	0	3468	5070142
HS	56	0	3337	5073479
HS	55	0	3169	5076648
HS	54	0	3014	5079662
HS	53	0	2752	5082414
HS	52	0	2451	5084865
HS	51	0	2472	5087337
HS	50	0	2386	5089723
HS	49	0	2240	5091963
HS	48	0	2113	5094076
HS	47	0	2008	5096084
HS	46	0	1845	5097929
HS	45	0	1797	5099726
HS	44	0	1893	5101619
HS	43	0	1748	5103367
HS	42	0	1671	5105038
HS	41	0	1616	5106654
HS	40	0	1583	5108237
HS	39	0	1581	5109818
HS	38	0	1570	5111388
HS	37	0	1634	5113022
HS	36	0	1585	5114607
HS	35	0	1550	5116157
HS	34	0	1567	5117724
HS	33	0	1816	5119540
HS	32	0	2001	5121541
HS	31	0	2148	5123689
HS	30	0	2137	5125826
HS	29	0	2543	5128369
HS	28	0	2891	5131260
HS	27	0	3333	5134593
HS	26	0	3387	5137980
HS	25	0	4159	5142139
HS	24	0	4807	5146946
HS	23	0	5326	5152272
HS	22	0	6224	5158496
HS	21	0	7415	5165911
HS	20	0	8416	5174327
HS	19	0	10102	5184429
HS	18	0	11915	5196344
HS	17	0	13870	5210214
HS	16	0	17674	5227888
HS	15	0	21951	5249839
HS	14	0	27536	5277375
HS	13	0	33670	5311045
HS	12	0	41944	5352989
HS	11	0	54935	5407924
HS	10	0	71283	5479207
HS	9	0	94598	5573805
HS	8	0	129999	5703804
HS	7	0	186475	5890279
HS	6	0	282087	6172366
HS	5	0	472238	6644604
HS	4	0	917279	7561883
HS	3	0	2278573	9840456
HS	2	0	8610250	18450706
HS	1	0	0	18450706
HS	0	0	0	18450706
